1.628 26 WP_MOVED 8 360461.40625 4813640. 215. 31
1.628 26 ATTITUDE 0. 0. 0.
1.711 26 NAVIGATION 2 1 0. 0. 0. 0. 0 6 6 1 0 0
1.728 26 ESTIMATOR 185. 0.
1.728 26 DESIRED 0. 0. 0. 0. 0. 235. 0. 14.
1.729 26 ATTITUDE 0. 0. 0.
1.829 26 GPS 3 36028477 481359546 899 185000 0 20 0 100545000 31 0
1.830 26 ATTITUDE 0. 0. 0.
1.912 26 FBW_STATUS 2 0 1 12.5 -4e-06
1.928 26 DL_VALUE 10 0.
1.928 26 DESIRED 0. 0. 0. 0. 0. 235. 0. 14.
1.928 26 ATTITUDE 0. 0. 0.
1.962 26 NAVIGATION 2 1 0. 0. 0. 0. 0 6 6 1 0 0
2.028 26 ATTITUDE 0. 0. 0.
2.083 26 GPS 3 36028477 481359546 899 185000 0 32 0 100545240 31 0
2.127 26 WP_MOVED 9 360312.8125 4813652. 185. 31
2.128 26 DESIRED 0. 0. 0. 0. 0. 235. 0. 14.
2.128 26 ATTITUDE 0. 0. 0.
2.211 26 NAVIGATION 2 1 0. 0. 0. 0. 0 6 6 1 0 0
2.227 26 ESTIMATOR 185. 0.
2.228 26 ATTITUDE 0. 0. 0.
2.328 26 GPS 3 36028477 481359546 899 185000 0 33 0 100545480 31 0
2.329 26 SVINFO 3 10 1 3 48 5 159
2.330 26 DESIRED 0. 0. 0. 0. 0. 235. 0. 14.
2.330 26 ATTITUDE 0. 0. 0.
2.429 26 NAVIGATION 2 1 0. 0. 0. 0. 0 6 6 1 0 0
2.429 26 ATTITUDE 0. 0. 0.
2.461 26 NAVIGATION 2 1 0. 0. 0. 0. 0 6 6 1 0 0
2.527 26 AIRSPEED 0. 14. 0. 6.
2.528 26 DESIRED 0. 0. 0. 0. 0. 235. 0. 14.
2.528 26 ATTITUDE 0. 0. 0.
2.577 26 GPS 3 36028477 481359546 899 185000 0 34 0 100545720 31 0
2.629 26 AIR_DATA 99126.804688 0. -1000. 1013.25 0. -1. -1.
2.629 26 ENERGY 0 12.5 -4e-06 -4.8e-05 -0. -1e-06
2.629 26 WP_MOVED 10 360452.8125 4813581. 260. 31
2.630 26 ATTITUDE 0. 0. 0.
2.711 26 NAVIGATION 2 1 0. 0. 0. 0. 0 7 7 1 0 0
2.728 26 FBW_STATUS 2 0 1 12.5 -4e-06
2.729 26 ESTIMATOR 185. 0.
2.729 26 DESIRED 0. 0. 0. 0. 0. 235. 0. 14.
2.730 26 ATTITUDE 0. 0. 0.
2.829 26 GPS_SOL 625 625 625 7
2.829 26 GPS 3 36028477 481359546 899 185000 0 21 0 100546000 31 0
2.830 26 SVINFO 5 12 0 5 49 82 259
2.830 26 ATTITUDE 0. 0. 0.
2.929 26 DESIRED 0. 0. 0. 0. 0. 235. 0. 14.
2.929 26 ATTITUDE 0. 0. 0.
2.962 26 NAVIGATION 2 1 0. 0. 0. 0. 0 7 7 1 0 0
3.029 26 ATTITUDE 0. 0. 0.
3.079 26 GPS 3 36028477 481359546 899 185000 0 26 0 100546240 31 0
3.131 26 WP_MOVED 11 360169.5 4813757.5 260. 31
3.131 26 DESIRED 0. 0. 0. 0. 0. 235. 0. 14.
3.131 26 ATTITUDE 0. 0. 0.
3.212 26 NAVIGATION 2 1 0. 0. 0. 0. 0 7 7 1 0 0
3.228 26 ESTIMATOR 185. 0.
3.228 26 ATTITUDE 0. 0. 0.
3.328 26 GPS 3 36028477 481359546 899 185000 0 18 0 100546480 31 0
3.329 26 SVINFO 0 7 0 0 46 79 10
3.329 26 DESIRED 0. 0. 0. 0. 0. 235. 0. 14.
3.329 26 ATTITUDE 0. 0. 0.
3.429 26 CALIBRATION 0. 0
3.429 26 DL_VALUE 11 1.
3.429 26 NAVIGATION 2 1 0. 0. 0. 0. 0 7 7 1 0 0
3.429 26 ATTITUDE 0. 0. 0.
3.461 26 NAVIGATION 2 1 0. 0. 0. 0. 0 7 7 1 0 0
3.529 26 AIRSPEED 0. 14. 0. 6.
3.529 26 DESIRED 0. 0. 0. 0. 0. 235. 0. 14.
3.530 26 ATTITUDE 0. 0. 0.
3.579 26 GPS 3 36028477 481359546 899 185000 0 6 0 100546720 31 0
3.580 26 SVINFO 1 8 1 1 47 38 60
3.631 26 WP_MOVED 0 360326. 4813637. 260. 31
3.632 26 ATTITUDE 0. 0. 0.
3.711 26 NAVIGATION 2 1 0. 0. 0. 0. 0 8 8 1 0 0
3.728 26 ENERGY 0 12.5 -4e-06 -4.8e-05 -0. -1e-06
3.728 26 ESTIMATOR 185. 0.
3.728 26 DESIRED 0. 0. 0. 0. 0. 235. 0. 14.
3.729 26 ATTITUDE 0. 0. 0.
3.829 26 NAVIGATION_REF 360284 4813595 31 185.
3.830 26 GPS 3 36028477 481359546 899 185000 0 0 0 100546960 31 0
3.830 26 ATTITUDE 0. 0. 0.
3.913 26 FBW_STATUS 2 0 1 12.5 -4e-06
3.929 26 AIR_DATA 99126.804688 0. -1000. 1013.25 0. -1. -1.
3.929 26 DESIRED 0. 0. 0. 0. 0. 235. 0. 14.
3.930 26 ATTITUDE 0. 0. 0.
3.962 26 NAVIGATION 2 1 0. 0. 0. 0. 0 8 8 1 0 0
4.029 26 ATTITUDE 0. 0. 0.
4.080 26 GPS 3 36028477 481359546 899 185000 0 13 0 100547240 31 0
4.133 26 WP_MOVED 1 360284. 4813595. 260. 31
4.134 26 DESIRED 0. 0. 0. 0. 0. 235. 0. 14.
4.134 26 ATTITUDE 0. 0. 0.
4.211 26 NAVIGATION 2 1 0. 0. 0. 0. 0 8 8 1 0 0
4.229 26 ESTIMATOR 185. 0.
4.230 26 ATTITUDE 0. 0. 0.
4.329 26 GPS 3 36028477 481359546 899 185000 0 -2 0 100547480 31 0
4.330 26 SVINFO 4 11 1 4 49 46 210
4.330 26 DESIRED 0. 0. 0. 0. 0. 235. 0. 14.
4.330 26 ATTITUDE 0. 0. 0.
4.429 26 NAVIGATION 2 1 0. 0. 0. 0. 0 8 8 1 0 0
4.429 26 ATTITUDE 0. 0. 0.
4.462 26 NAVIGATION 2 1 0. 0. 0. 0. 0 8 8 1 0 0
4.528 26 AIRSPEED 0. 14. 0. 6.
4.529 26 DESIRED 0. 0. 0. 0. 0. 235. 0. 14.
4.529 26 ATTITUDE 0. 0. 0.
4.579 26 GPS 3 36028477 481359546 899 185000 0 -16 0 100547720 31 0
4.629 26 WP_MOVED 2 360333.5 4813695. 260. 31
4.629 26 ATTITUDE 0. 0. 0.
4.710 26 NAVIGATION 2 1 0. 0. 0. 0. 0 9 9 1 0 0
4.727 26 FBW_STATUS 2 0 1 12.5 -4e-06
4.728 26 ESTIMATOR 185. 0.
4.728 26 DESIRED 0. 0. 0. 0. 0. 235. 0. 14.
4.728 26 ATTITUDE 0. 0. 0.
4.829 26 GPS_SOL 637 637 637 7
4.829 26 ENERGY 0 12.5 -4e-06 -4.8e-05 -0. -2e-06
4.829 26 GPS 3 36028477 481359546 899 185000 0 -3 0 100548000 31 0
4.830 26 ATTITUDE 0. 0. 0.
4.929 26 DL_VALUE 12 0.
4.929 26 DESIRED 0. 0. 0. 0. 0. 235. 0. 14.
4.930 26 ATTITUDE 0. 0. 0.
4.962 26 NAVIGATION 2 1 0. 0. 0. 0. 0 9 9 1 0 0
5.029 26 ATTITUDE 0. 0. 0.
5.079 26 GPS 3 36028477 481359546 899 185000 0 2 0 100548240 31 0
5.128 26 WP_MOVED 3 360294.09375 4813785. 260. 31
5.128 26 DESIRED 0. 0. 0. 0. 0. 235. 0. 14.
5.128 26 ATTITUDE 0. 0. 0.
5.211 26 NAVIGATION 2 1 0. 0. 0. 0. 0 9 9 1 0 0
5.228 26 AIR_DATA 99126.804688 0. -1000. 1013.25 0. -1. -1.
5.228 26 ESTIMATOR 185. 0.
5.228 26 ATTITUDE 0. 0. 0.
5.329 26 GPS 3 36028477 481359546 899 185000 0 -9 0 100548480 31 0
5.330 26 DESIRED 0. 0. 0. 0. 0. 235. 0. 14.
5.330 26 ATTITUDE 0. 0. 0.
5.429 26 NAVIGATION 2 1 0. 0. 0. 0. 0 9 9 1 0 0
5.430 26 ATTITUDE 0. 0. 0.
5.463 26 NAVIGATION 2 1 0. 0. 0. 0. 0 9 9 1 0 0
5.529 26 CALIBRATION 0. 0
5.530 26 AIRSPEED 0. 14. 0. 6.
5.530 26 DESIRED 0. 0. 0. 0. 0. 235. 0. 14.
5.530 26 ATTITUDE 0. 0. 0.
5.578 26 GPS 3 36028477 481359546 899 185000 0 13 0 100548720 31 0
5.578 26 SVINFO 2 9 1 2 48 2 111
5.628 26 WP_MOVED 4 360416.3125 4813734. 260. 31
5.629 26 ATTITUDE 0. 0. 0.
5.711 26 NAVIGATION 2 1 0. 0. 0. 0. 0 10 10 1 0 0
5.728 26 ESTIMATOR 185. 0.
5.728 26 DESIRED 0. 0. 0. 0. 0. 235. 0. 14.
5.728 26 ATTITUDE 0. 0. 0.
5.812 26 COMMANDS 0,0,0,0,0
5.829 26 GPS 3 36028477 481359546 899 185000 0 10 0 100548960 31 0
5.830 26 ATTITUDE 0. 0. 0.
5.912 26 FBW_STATUS 2 0 1 12.5 -4e-06
5.929 26 PPRZ_MODE 2 1 2 0 0 6
5.929 26 ENERGY 0 12.5 -4e-06 -4.8e-05 -0. -2e-06
5.930 26 DESIRED 0. 0. 0. 0. 0. 235. 0. 14.
5.930 26 ATTITUDE 0. 0. 0.
5.961 26 NAVIGATION 2 1 0. 0. 0. 0. 0 10 10 1 0 0
6.029 26 ATTITUDE 0. 0. 0.
6.079 26 GPS 3 36028477 481359546 899 185000 0 24 0 100549240 31 0
6.128 26 COMMANDS 0,0,0,0,0
6.129 26 WP_MOVED 5 360421. 4813583.5 260. 31
6.129 26 DESIRED 0. 0. 0. 0. 0. 235. 0. 14.
6.130 26 ATTITUDE 0. 0. 0.
6.212 26 NAVIGATION 2 1 0. 0. 0. 0. 0 10 10 1 0 0
6.229 26 ESTIMATOR 185. 0.
6.229 26 ATTITUDE 0. 0. 0.
6.330 26 DATALINK_REPORT 9 1 754 803 0 0
6.330 26 GPS 3 36028477 481359546 899 185000 0 34 0 100549480 31 0
6.330 26 DESIRED 0. 0. 0. 0. 0. 235. 0. 14.
6.331 26 ATTITUDE 0. 0. 0.
6.429 26 ALIVE 128,247,33,237,150,226,125,96,211,120,85,14,103,22,52,69
6.429 26 DL_VALUE 13 0.
6.430 26 NAVIGATION 2 1 0. 0. 0. 0. 0 10 10 1 0 0
6.430 26 ATTITUDE 0. 0. 0.
6.462 26 NAVIGATION 2 1 0. 0. 0. 0. 0 10 10 1 0 0
6.528 26 AIR_DATA 99126.804688 0. -1000. 1013.25 0. -1. -1.
6.529 26 AIRSPEED 0. 14. 0. 6.
6.530 26 DESIRED 0. 0. 0. 0. 0. 235. 0. 14.
6.530 26 ATTITUDE 0. 0. 0.
6.578 26 GPS 3 36028477 481359546 899 185000 0 18 0 100549720 31 0
6.632 26 WP_MOVED 6 360164.8125 4813664.5 260. 31
6.633 26 ATTITUDE 0. 0. 0.
6.712 26 NAVIGATION 2 1 0. 0. 0. 0. 0 11 11 1 0 0
6.728 26 FBW_STATUS 2 0 1 12.5 -4e-06
6.728 26 ESTIMATOR 185. 0.
6.728 26 DESIRED 0. 0. 0. 0. 0. 235. 0. 14.
6.728 26 ATTITUDE 0. 0. 0.
6.829 26 GPS_SOL 648 648 648 7
6.829 26 GPS 3 36028477 481359546 899 185000 0 21 0 100549960 31 0
6.829 26 SVINFO 0 7 0 0 47 75 12
6.829 26 ATTITUDE 0. 0. 0.
6.847 26 SETTING 10 26 1.
6.847 26 DL_VALUE 10 1.
6.877 26 WIND_INFO 26 5 0. 0. 0. 0.
6.878 26 WIND_INFO_RET 5 0. 0. 0. 0.
6.929 26 DESIRED 0. 0. 0. 0. 0. 235. 0. 14.
6.929 26 ATTITUDE 0. 0. 0.
6.962 26 NAVIGATION 2 1 0. 0. 0. 0. 0 11 11 1 0 0
7.029 26 ENERGY 0 12.5 -4e-06 -4.8e-05 -0. -2e-06
7.029 26 ATTITUDE 0. 0. 0.
7.079 26 GPS 3 36028477 481359546 899 185000 0 17 0 100550240 31 0
7.079 26 SVINFO 1 8 0 1 48 32 62
7.129 26 WP_MOVED 7 360558.40625 4813804.5 260. 31
7.129 26 DESIRED 0. 0. 0. 0. 0. 235. 0. 14.
7.129 26 ATTITUDE 0. 0. 0.
7.212 26 NAVIGATION 2 1 0. 0. 0. 0. 0 11 11 1 0 0
7.227 26 ESTIMATOR 185. 0.
7.228 26 ATTITUDE 0. 0. 0.
7.327 26 GPS 3 36028477 481359546 899 185000 0 15 0 100550480 31 0
7.327 26 DESIRED 0. 0. 0. 0. 0. 235. 0. 14.
7.327 26 ATTITUDE 0. 0. 0.
7.427 26 NAVIGATION 2 1 0. 0. 0. 0. 0 11 11 1 0 0
7.428 26 ATTITUDE 0. 0. 0.
7.461 26 NAVIGATION 2 1 0. 0. 0. 0. 0 11 11 1 0 0
7.529 26 AIRSPEED 0. 14. 0. 6.
7.529 26 DESIRED 0. 0. 0. 0. 0. 235. 0. 14.
7.529 26 ATTITUDE 0. 0. 0.
7.579 26 GPS 3 36028477 481359546 899 185000 0 16 0 100550720 31 0
7.579 26 SVINFO 3 10 0 3 49 11 162
7.628 26 CALIBRATION 0. 0
7.628 26 WP_MOVED 8 360461.40625 4813640. 215. 31
7.628 26 ATTITUDE 0. 0. 0.
7.711 26 NAVIGATION 2 1 0. 0. 0. 0. 0 12 12 1 0 0
7.727 26 ESTIMATOR 185. 0.
7.727 26 DESIRED 0. 0. 0. 0. 0. 235. 0. 14.
7.727 26 ATTITUDE 0. 0. 0.
7.770 26 BLOCK 3 26
7.771 26 NAVIGATION 3 0 0. 0. 0. 0. 0 0 0 1 0 0
7.828 26 AIR_DATA 99126.804688 0. -1000. 1013.25 0. -1. -1.
7.828 26 GPS 3 36028477 481359546 899 185000 0 -2 0 100550960 31 0
7.829 26 ATTITUDE 0. 0. 0.
7.912 26 FBW_STATUS 2 0 1 12.5 -4e-06
7.929 26 AUTOPILOT_VERSION 51500 v5.15_devel-179-g9a29798-dirty
7.929 26 DL_VALUE 14 3.
7.930 26 DESIRED 0. 0. 0. 0. 0. 235. 0. 14.
7.930 26 ATTITUDE 0. 0. 0.
7.962 26 NAVIGATION 3 2 0. 0. 198.624115 0. 0 0 0 0 0 0
8.030 26 ATTITUDE -0.003615 -9.1e-05 0.000296
8.078 26 GPS 3 36028477 481359546 899 185000 0 4 0 100551240 31 0
8.128 26 ENERGY 88 12.5 27.672886 345.911072 0.006149 0.076867
8.128 26 WP_MOVED 9 360312.8125 4813652. 185. 31
8.129 26 DESIRED -0.508721 0.262162 5.668788 -114.5 162.300003 235. 0. 14.
8.129 26 ATTITUDE -0.020794 -0.000872 0.001756
8.213 26 NAVIGATION 3 2 0. 0. 198.624115 0. 0 0 0 0 0 0
8.230 26 ESTIMATOR 185. 0.
8.232 26 ATTITUDE -0.050794 -0.003816 0.006049
8.328 26 GPS 3 36028476 481359896 3599 185014 1458 5 0 100551480 31 0
8.330 26 DESIRED -0.324402 0.263035 5.668788 -114.5 162.300003 235. 0. 14.
8.331 26 ATTITUDE -0.070794 -0.00691 0.010247
8.429 26 NAVIGATION 3 2 0. 3.5 198.624115 0. 0 0 0 0 0 0
8.430 26 ATTITUDE -0.100794 -0.013183 0.01842
8.464 26 NAVIGATION 3 2 0. 3.5 195.774597 3.5 0 0 0 0 0 0
8.530 26 AIRSPEED 15.814307 14. 0. 6.
8.531 26 DESIRED -0.521647 0.263908 5.658483 -114.5 162.300003 235. 0. 14.
8.531 26 ATTITUDE -0.120794 -0.018427 0.025032
8.579 26 GPS 3 36028473 481360266 3594 185100 1541 45 0 100551720 31 0
8.629 26 WP_MOVED 10 360452.8125 4813581. 260. 31
8.629 26 ATTITUDE -0.150794 -0.027849 0.036531
8.711 26 TAKEOFF 22
8.711 26 NAVIGATION 3 2 -0.03125 7. 192.927933 7.00007 1 1 1 0 0 0
8.728 26 FBW_STATUS 2 0 1 12.5 27.672886
8.728 26 ESTIMATOR 185.020813 0.009411
8.728 26 DESIRED -0.551049 0.26478 5.648004 -114.5 162.300003 235. 0. 14.
8.729 26 ATTITUDE -0.170794 -0.035158 0.045145
8.828 26 GPS_SOL 659 659 659 7
8.828 26 GPS 3 36028462 481360651 3584 185300 1604 88 0 100551960 31 0
8.829 26 ATTITUDE -0.200794 -0.047653 0.0593
8.928 26 DESIRED -0.551049 0.265653 5.648004 -114.5 162.300003 235. 0. 14.
8.928 26 ATTITUDE -0.220794 -0.057003 0.06944
8.962 26 NAVIGATION 3 2 -0.125 11. 189.666367 11.00071 1 1 1 0 0 0
9.027 26 ATTITUDE -0.250794 -0.072566 0.085505
9.078 26 GPS 3 36028438 481361114 3568 185708 1656 147 0 100552240 31 0
9.078 26 SVINFO 2 9 0 2 49 1 113
9.128 26 AIR_DATA 99118.484375 0. -1000. 1013.25 0. -1. -1.
9.129 26 WP_MOVED 11 360169.5 4813757.5 260. 31
9.129 26 DESIRED -0.567823 0.266526 5.635888 -114.5 162.300003 235. 0. 14.
9.129 26 ATTITUDE -0.270794 -0.083977 0.09666
9.211 26 NAVIGATION 3 2 -0.34375 15.5 185.962067 15.503811 1 1 1 0 0 0
9.228 26 ENERGY 88 12.5 27.672886 345.911072 0.056883 0.711037
9.229 26 ESTIMATOR 185.210205 0.090841
9.229 26 ATTITUDE -0.300794 -0.102669 0.113861
9.328 26 GPS 3 36028403 481361516 3549 186219 1684 211 0 100552480 31 0
9.329 26 DESIRED -0.569424 0.267398 5.622233 -114.5 162.300003 235. 0. 14.
9.329 26 ATTITUDE -0.320794 -0.116197 0.12552
9.429 26 DL_VALUE 15 50.
9.430 26 NAVIGATION 3 2 -0.71875 19.5 185.962067 15.503811 1 1 1 0 0 0
9.430 26 ATTITUDE -0.350794 -0.138125 0.143109
9.465 26 NAVIGATION 3 2 -0.71875 19.5 182.587006 19.513241 1 1 1 0 0 0
9.531 26 AIRSPEED 17.059399 14. 0. 6.
9.531 26 DESIRED -0.557433 0.268271 5.610406 -114.5 162.300003 235. 0. 14.
9.531 26 ATTITUDE -0.370794 -0.153857 0.15479
9.579 26 GPS 3 36028351 481361921 3527 186881 1700 297 0 100552720 31 0
9.629 26 WP_MOVED 0 360326. 4813637. 260. 31
9.630 26 ATTITUDE -0.400794 -0.179172 0.172085
9.712 26 NAVIGATION 3 2 -1.21875 23.5 179.159378 23.531582 2 2 2 0 0 0
9.727 26 CALIBRATION 0. 0
9.727 26 ESTIMATOR 185.773041 0.315991
9.728 26 DESIRED -0.53315 0.269144 5.598676 -114.5 162.300003 235. 0. 14.
9.728 26 ATTITUDE -0.420794 -0.197222 0.183367
9.829 26 GPS 3 36028280 481362325 3499 187687 1706 345 0 100552960 31 0
9.829 26 ATTITUDE -0.450794 -0.226115 0.199788
9.912 26 FBW_STATUS 2 0 1 12.5 27.672886
9.929 26 DESIRED -0.53315 0.270016 5.598676 -114.5 162.300003 235. 0. 14.
9.930 26 ATTITUDE -0.470794 -0.246622 0.210323
9.962 26 NAVIGATION 3 2 -1.9375 28. 175.233582 28.066954 2 2 2 0 0 0
10.028 26 ATTITUDE -0.500485 -0.279309 0.225411
10.079 26 GPS 3 36028168 481362788 3461 188789 1704 422 0 100553240 31 0
10.128 26 WP_MOVED 1 360284. 4813595. 260. 31
10.129 26 DESIRED -0.498519 0.270856 5.585616 -114.5 162.300003 235. 0. 14.
10.129 26 ATTITUDE -0.518889 -0.302361 0.234936
10.213 26 NAVIGATION 3 2 -3.0625 32.5 171.074127 32.64397 2 2 2 0 0 0
10.227 26 ESTIMATOR 186.86731 0.722556
10.228 26 ATTITUDE -0.54278 -0.338669 0.248362
10.329 26 ENERGY 88 12.5 27.672886 345.911072 0.107617 1.345206
10.329 26 GPS 3 36028044 481363176 3423 189849 1695 449 0 100553480 31 0
10.329 26 SVINFO 0 7 0 0 48 70 14
10.329 26 DESIRED -0.439366 0.271483 5.573759 -114.5 162.300003 235. 0. 14.
10.329 26 ATTITUDE -0.554831 -0.36385 0.256701
10.428 26 AIR_DATA 99069.835938 0. -1000. 1013.25 0. -1. -1.
10.429 26 NAVIGATION 3 2 -4.3125 36. 171.074127 32.64397 2 2 2 0 0 0
10.430 26 ATTITUDE -0.563062 -0.40248 0.26826
10.462 26 NAVIGATION 3 2 -4.3125 36. 167.609589 36.257381 2 2 2 0 0 0
10.529 26 AIRSPEED 16.756214 14. 0. 6.
10.531 26 DESIRED -0.378215 0.271612 5.565814 -114.5 162.300003 235. 0. 14.
10.531 26 ATTITUDE -0.562228 -0.428406 0.275314
10.580 26 GPS 3 36027893 481363551 3380 190994 1683 500 0 100553720 31 0
10.630 26 WP_MOVED 2 360333.5 4813695. 260. 31
10.630 26 ATTITUDE -0.549002 -0.466754 0.28491
10.712 26 NAVIGATION 3 2 -5.84375 40. 163.595459 40.424614 3 3 3 0 0 0
10.729 26 FBW_STATUS 2 0 1 12.5 27.672886
10.729 26 ESTIMATOR 188.557526 1.296615
10.730 26 DESIRED -0.310018 0.2711 5.556794 -114.5 162.300003 235. 0. 14.
10.730 26 ATTITUDE -0.532859 -0.491477 0.290646
10.811 26 COMMANDS 8524,1404,-144,0,0
10.829 26 PPRZ_MODE 2 1 3 0 0 6
10.829 26 GPS_SOL 668 668 668 7
10.830 26 GPS 3 36027715 481363910 3336 192212 1668 519 0 100553960 31 0
10.830 26 ATTITUDE -0.502964 -0.526756 0.29827
10.929 26 DL_VALUE 16 50.
10.930 26 DESIRED -0.310018 0.270229 5.556794 -114.5 162.300003 235. 0. 14.
10.930 26 ATTITUDE -0.482964 -0.549055 0.302706
10.961 26 NAVIGATION 3 2 -7.59375 43.5 159.819855 44.157841 3 3 3 0 0 0
11.028 26 ATTITUDE -0.452964 -0.580703 0.30842
11.079 26 GPS 3 36027478 481364307 3288 193721 1650 535 0 100554240 31 0
11.130 26 COMMANDS 8524,1345,-268,0,0
11.131 26 WP_MOVED 3 360294.09375 4813785. 260. 31
11.131 26 DESIRED -0.238873 0.269356 5.550434 -114.5 162.300003 235. 0. 14.
11.131 26 ATTITUDE -0.432964 -0.600617 0.311621
11.212 26 NAVIGATION 3 2 -9.9375 47.5 155.28154 48.528381 3 3 3 0 0 0
11.228 26 ESTIMATOR 190.800995 1.985664
11.228 26 ATTITUDE -0.402964 -0.628738 0.315554
11.330 26 GPS 3 36027255 481364629 3253 195079 1633 567 0 100554480 31 0
11.330 26 DESIRED -0.161456 0.268483 5.544423 -114.5 162.300003 235. 0. 14.
11.330 26 ATTITUDE -0.382964 -0.646327 0.317621
11.430 26 DATALINK_REPORT 3 4 939 827 0 0
11.431 26 ENERGY 88 12.5 27.672886 345.911072 0.15835 1.979376
11.432 26 NAVIGATION 3 2 -12.1875 51. 155.28154 48.528381 3 3 3 0 0 0
11.433 26 ATTITUDE -0.352964 -0.67099 0.319946
11.461 26 NAVIGATION 3 2 -12.1875 51. 151.180481 52.436008 3 3 3 0 0 0
11.529 26 ALIVE 128,247,33,237,150,226,125,96,211,120,85,14,103,22,52,69
11.530 26 AIRSPEED 16.057339 14. 0. 6.
11.531 26 DESIRED -0.112232 0.267611 5.539836 -114.5 162.300003 235. 0. 14.
11.531 26 ATTITUDE -0.332964 -0.686292 0.321007
11.580 26 GPS 3 36027018 481364936 3222 196480 1615 569 0 100554720 31 0
11.628 26 WP_MOVED 4 360416.3125 4813734. 260. 31
11.629 26 ATTITUDE -0.302964 -0.707543 0.321928
11.711 26 NAVIGATION 3 2 -14.59375 54. 147.343643 55.937263 3 4 4 0 0 0
11.730 26 AIR_DATA 98991.984375 0. -1000. 1013.25 0. -1. -1.
11.730 26 ESTIMATOR 193.537567 2.736331
11.730 26 DESIRED -0.064289 0.266738 5.53808 -114.5 162.300003 235. 0. 14.
11.731 26 ATTITUDE -0.282964 -0.720579 0.322126
11.830 26 CALIBRATION 0. 0
11.833 26 GPS 3 36026770 481365229 3196 197904 1598 591 0 100554960 31 0
11.834 26 ATTITUDE -0.252964 -0.738441 0.321859
11.912 26 FBW_STATUS 2 0 1 12.5 27.672886
11.929 26 DESIRED -0.064289 0.265865 5.53808 -114.5 162.300003 235. 0. 14.
11.929 26 ATTITUDE -0.232964 -0.749221 0.321338
11.962 26 NAVIGATION 3 2 -17.0625 56.5 143.832214 59.020157 4 4 4 0 0 0
12.029 26 ATTITUDE -0.202964 -0.763702 0.320101
12.079 26 GPS 3 36026470 481365555 3172 199574 1581 587 0 100555240 31 0
12.128 26 WP_MOVED 5 360421. 4813583.5 260. 31
12.129 26 DESIRED -0.023021 0.264993 5.53891 -114.5 162.300003 235. 0. 14.
12.129 26 ATTITUDE -0.182964 -0.772228 0.319005
12.212 26 NAVIGATION 3 2 -20.03125 60. 139.246674 63.255444 4 4 4 0 0 0
12.230 26 ESTIMATOR 196.637711 3.482106
12.231 26 ATTITUDE -0.152964 -0.783326 0.317008
12.329 26 GPS 3 36026207 481365824 3156 200995 1568 576 0 100555480 31 0
12.330 26 SVINFO 1 8 0 1 49 23 65
12.330 26 DESIRED 0.013127 0.26412 5.537565 -114.5 162.300003 235. 0. 14.
12.331 26 ATTITUDE -0.132964 -0.789596 0.315471
12.429 26 DL_VALUE 17 0.
12.430 26 NAVIGATION 3 2 -22.65625 62.5 139.246674 63.255444 4 4 4 0 0 0
12.431 26 ATTITUDE -0.102964 -0.797303 0.312907
12.461 26 NAVIGATION 3 2 -22.65625 62.5 135.629333 66.479736 4 4 4 0 0 0
12.528 26 ENERGY 88 12.5 27.672886 345.911072 0.209084 2.613553
12.528 26 AIRSPEED 15.524021 14. 0. 6.
12.528 26 DESIRED 0.035325 0.263247 5.539279 -114.5 162.300003 235. 0. 14.
12.528 26 ATTITUDE -0.082964 -0.801308 0.311053
12.579 26 GPS 3 36025941 481366086 3145 202397 1557 579 0 100555720 31 0
12.629 26 WP_MOVED 6 360164.8125 4813664.5 260. 31
12.629 26 ATTITUDE -0.052964 -0.805613 0.308097
12.712 26 NAVIGATION 3 2 -25.34375 65.5 131.601974 70.232155 5 5 5 0 0 0
12.728 26 FBW_STATUS 2 0 1 12.5 27.672886
12.728 26 ESTIMATOR 199.965088 4.162546
12.729 26 DESIRED 0.04912 0.262375 5.538869 -114.5 162.300003 235. 0. 14.
12.729 26 ATTITUDE -0.032964 -0.807346 0.306033
12.828 26 NAVIGATION_REF 360284 4813595 31 185.
12.829 26 GPS_SOL 676 676 676 7
12.829 26 GPS 3 36025673 481366344 3138 203773 1549 576 0 100555960 31 0
12.830 26 ATTITUDE -0.002964 -0.808234 0.302836
12.928 26 DESIRED 0.04912 0.262096 5.538869 -114.5 162.300003 235. 0. 14.
12.928 26 ATTITUDE 0.017012 -0.807684 0.300658
12.961 26 NAVIGATION 3 2 -28.03125 68. 127.942703 73.55101 5 5 5 0 0 0
13.029 26 AIR_DATA 98906.421875 0. -1000. 1013.25 0. -1. -1.
13.029 26 ATTITUDE 0.04597 -0.805178 0.297355
13.079 26 GPS 3 36025360 481366643 3137 205339 1543 536 0 100556240 31 0
13.128 26 WP_MOVED 7 360558.40625 4813804.5 260. 31
13.129 26 DESIRED 0.059916 0.262916 5.541082 -114.5 162.300003 235. 0. 14.
13.129 26 ATTITUDE 0.063993 -0.802445 0.295153
13.211 26 NAVIGATION 3 2 -31.15625 71. 123.619865 77.535233 5 5 5 0 0 0
13.227 26 ESTIMATOR 203.350708 4.721953
13.228 26 ATTITUDE 0.087976 -0.79691 0.29188
13.330 26 GPS 3 36025095 481366900 3140 206646 1540 522 0 100556480 31 0
13.330 26 DESIRED 0.060889 0.263567 5.543313 -114.5 162.300003 235. 0. 14.
13.331 26 ATTITUDE 0.101284 -0.792398 0.289736
13.428 26 NAVIGATION 3 2 -33.78125 73.5 123.619865 77.535233 5 5 5 0 0 0
13.428 26 ATTITUDE 0.11664 -0.784667 0.286602
13.462 26 NAVIGATION 3 2 -33.78125 73.5 120.00399 80.891426 5 5 5 0 0 0
13.529 26 AIRSPEED 15.399208 14. 0. 6.
13.529 26 DESIRED 0.054902 0.263956 5.545423 -114.5 162.300003 235. 0. 14.
13.530 26 ATTITUDE 0.123538 -0.779049 0.284581
13.578 26 GPS 3 36024833 481367160 3148 207921 1539 497 0 100556720 31 0
13.629 26 ENERGY 88 12.5 27.672886 345.911072 0.259818 3.24773
13.629 26 WP_MOVED 8 360461.40625 4813640. 215. 31
13.629 26 ATTITUDE 0.128547 -0.770249 0.281669
13.712 26 NAVIGATION 3 2 -36.4375 76. 116.367714 84.283401 6 6 6 0 0 0
13.729 26 ESTIMATOR 206.68428 5.136606
13.729 26 DESIRED 0.043712 0.26404 5.547863 -114.5 162.300003 235. 0. 14.
13.729 26 ATTITUDE 0.128405 -0.764327 0.279816
13.829 26 GPS 3 36024575 481367425 3157 209166 1540 485 0 100556960 31 0
13.830 26 SVINFO 0 7 0 0 49 64 16
13.830 26 ATTITUDE 0.123226 -0.755672 0.277179
13.912 26 FBW_STATUS 2 0 1 12.5 27.672886
13.929 26 CALIBRATION 0. 0
13.930 26 DL_VALUE 18 1.
13.930 26 DESIRED 0.043712 0.263835 5.547863 -114.5 162.300003 235. 0. 14.
13.931 26 ATTITUDE 0.116637 -0.75023 0.275522
13.961 26 NAVIGATION 3 2 -39. 78.5 112.794907 87.654152 6 6 6 0 0 0
14.028 26 ATTITUDE 0.102921 -0.742807 0.27319
14.079 26 GPS 3 36024279 481367740 3169 210588 1543 509 0 100557240 31 0
14.130 26 WP_MOVED 9 360312.8125 4813652. 185. 31
14.130 26 DESIRED 0.029144 0.263396 5.549843 -114.5 162.300003 235. 0. 14.
14.130 26 ATTITUDE 0.091455 -0.738481 0.271742
14.212 26 NAVIGATION 3 2 -41.9375 82. 108.228493 92.101868 6 6 6 0 0 0
14.229 26 ESTIMATOR 209.866074 5.397651
14.229 26 ATTITUDE 0.071916 -0.733088 0.269727
14.329 26 AIR_DATA 98812.484375 0. -1000. 1013.25 0. -1. -1.
14.330 26 GPS 3 36024030 481368015 3177 211788 1546 501 0 100557480 31 0
14.330 26 DESIRED 0.008179 0.262811 5.548361 -114.5 162.300003 235. 0. 14.
14.330 26 ATTITUDE 0.057954 -0.730279 0.268489
14.428 26 NAVIGATION 3 2 -44.4375 84.5 108.228493 92.101868 6 6 6 0 0 0
14.429 26 ATTITUDE 0.035808 -0.727321 0.266786
14.462 26 NAVIGATION 4 0 -44.4375 84.5 0. 95.472198 6 0 0 0 0 0
14.529 26 AIRSPEED 15.516676 14. 0. 6.
14.530 26 DESIRED -0.002021 0.262167 5.548361 -114.5 162.300003 235. 0. 14.
14.530 26 ATTITUDE 0.021078 -0.726194 0.265752
14.579 26 GPS 3 36023782 481368293 3182 212975 1549 494 0 100557720 31 0
14.628 26 WP_MOVED 10 360452.8125 4813581. 260. 31
14.629 26 ATTITUDE -0.00031 -0.725736 0.264347
14.711 26 NAVIGATION 4 0 -46.90625 87.5 0. 99.27964 6 1 1 0 0 0
14.727 26 FBW_STATUS 2 0 1 12.5 27.672886
14.727 26 ENERGY 21 12.5 27.672886 345.911072 0.310551 3.881907
14.727 26 ESTIMATOR 212.874832 5.526887
14.728 26 DESIRED 0.872665 0.090842 0.24098 -28.981316 160.438065 260. 0.5 14.
14.728 26 ATTITUDE -0.013478 -0.726202 0.263504
14.829 26 GPS_SOL 683 683 683 7
14.830 26 GPS 3 36023493 481368618 3184 214350 1553 501 0 100558000 31 0
14.830 26 ATTITUDE -0.008287 -0.72724 0.261678
14.928 26 DESIRED 0.872665 0.084827 0.24098 -28.981316 160.438065 260. 0.5 14.
14.928 26 ATTITUDE 0.011713 -0.726925 0.259477
14.961 26 NAVIGATION 4 0 -49.84375 90.5 0. 103.318192 7 1 1 0 0 0
15.028 26 ATTITUDE 0.041713 -0.724636 0.255024
15.079 26 GPS 3 36023255 481368886 3183 215502 1495 497 0 100558240 31 0
15.130 26 WP_MOVED 11 360169.5 4813757.5 260. 31
15.130 26 DESIRED 0.872665 0.155516 0.306219 -26.908463 163.042404 260. 1. 14.
15.130 26 ATTITUDE 0.071713 -0.720054 0.250018
15.212 26 NAVIGATION 4 0 -52.1875 93.5 0. 107.078407 7 1 1 0 0 0
15.230 26 ESTIMATOR 215.742889 5.567815
15.230 26 ATTITUDE 0.091713 -0.715672 0.246489
15.329 26 GPS 3 36023031 481369141 3187 216556 1412 455 0 100558480 31 0
15.330 26 DESIRED 0.872665 0.225065 0.362799 -24.886803 165.419235 260. 1.5 14.
15.330 26 ATTITUDE 0.111713 -0.710194 0.242925
15.429 26 DL_VALUE 19 1013.25
15.429 26 NAVIGATION 4 0 -54.4375 96. 0. 107.078407 7 1 1 0 0 0
15.430 26 ATTITUDE 0.141713 -0.699891 0.237977
15.461 26 NAVIGATION 4 0 -54.4375 96. 0. 110.360504 7 1 1 0 0 0
15.527 26 AIRSPEED 13.382596 14. 14. 6.
15.527 26 DESIRED 0.872665 0.297719 0.412939 -23.20472 167.286484 260. 2. 14.
15.527 26 ATTITUDE 0.161713 -0.691611 0.234937
15.578 26 GPS 3 36022820 481369389 3196 217480 1358 406 0 100558720 31 0
15.628 26 AIR_DATA 98745.828125 0. -1000. 1013.25 0. -1. -1.
15.629 26 CIRCLE 49.5 100.099998 70.
15.629 26 WP_MOVED 0 360326. 4813637. 260. 31
15.629 26 ATTITUDE 0.191713 -0.677061 0.231195
15.712 26 NAVIGATION 4 0 -56.5625 98.5 0. 113.58506 8 2 2 0 0 0
15.728 26 PPRZ_MODE 2 3 3 2 0 6
15.728 26 ESTIMATOR 218.31575 5.472227
15.728 26 DESIRED 0.872665 0.371996 0.460769 -21.547882 169.036194 260. 2.5 14.
15.729 26 ATTITUDE 0.211713 -0.665946 0.22928
15.812 26 COMMANDS 5106,4757,1059,0,0
15.829 26 ENERGY 53 12.5 13.930376 174.1297 0.327628 4.095367
15.829 26 GPS 3 36022619 481369638 3210 218282 1331 364 0 100558960 31 0
15.830 26 ATTITUDE 0.241713 -0.64715 0.227423
15.912 26 FBW_STATUS 2 0 1 12.5 13.965076
15.929 26 DESIRED 0.872665 0.372658 0.460769 -21.547882 169.036194 260. 2.5 14.
15.929 26 ATTITUDE 0.271713 -0.625846 0.227068
15.961 26 NAVIGATION 4 0 -58.5625 101. 0. 116.750015 8 2 2 0 0 0
16.029 26 CALIBRATION 0. 0
16.029 26 ATTITUDE 0.291713 -0.610251 0.227656
16.083 26 GPS 3 36022397 481369936 3235 219104 1326 308 0 100559240 31 0
16.129 26 COMMANDS 5524,4184,1556,0,0
16.129 26 WP_MOVED 1 360284. 4813595. 260. 31
16.129 26 DESIRED 0.872665 0.441773 0.506402 -19.914589 170.680542 260. 3. 14.
16.129 26 ATTITUDE 0.311713 -0.593566 0.229067
16.211 26 NAVIGATION 4 0 -60.78125 103.5 0. 120.027542 8 2 2 0 0 0
16.228 26 ESTIMATOR 220.488403 5.225414
16.228 26 ATTITUDE 0.341713 -0.566499 0.232594
16.329 26 GPS 3 36022219 481370203 3262 219750 1337 272 0 100559480 31 0
16.330 26 DESIRED 0.872665 0.442645 0.553553 -18.309654 172.223846 260. 3.5 14.
16.330 26 ATTITUDE 0.361713 -0.547086 0.235801
16.428 26 NAVIGATION 4 0 -62.5625 106.5 0. 120.027542 8 2 2 0 0 0
16.429 26 ATTITUDE 0.391713 -0.515951 0.241757
16.463 26 NAVIGATION 4 0 -62.5625 106.5 0. 123.516464 8 2 2 0 0 0
16.529 26 DATALINK_REPORT 8 4 1118 807 0 0
16.530 26 AIRSPEED 13.650805 14. 14. 6.
16.530 26 DESIRED 0.872665 0.443518 0.600039 -16.394859 173.977386 260. 4. 14.
16.530 26 ATTITUDE 0.411713 -0.493842 0.246415
16.581 26 GPS 3 36022054 481370483 3295 220382 1353 266 0 100559720 31 0
16.629 26 ALIVE 128,247,33,237,150,226,125,96,211,120,85,14,103,22,52,69
16.629 26 WP_MOVED 2 360333.5 4813695. 260. 31
16.629 26 ATTITUDE 0.441713 -0.458644 0.254308
16.680 26 CIRCLE 49.5 100.099998 70.
16.711 26 NAVIGATION 4 0 -64.1875 109.5 0. 126.9263 9 3 3 0 0 0
16.728 26 FBW_STATUS 2 0 1 12.5 17.621504
16.728 26 ESTIMATOR 222.247833 4.853918
16.728 26 DESIRED 0.872665 0.444391 0.644431 -14.493824 175.630066 260. 3.960202 14.
16.729 26 ATTITUDE 0.461713 -0.433829 0.260104
16.828 26 GPS_SOL 689 689 689 7
16.829 26 GPS 3 36021907 481370778 3334 221028 1374 268 0 100559960 31 0
16.829 26 ATTITUDE 0.491713 -0.394522 0.269484
16.877 26 WIND_INFO 26 5 3.6 6.2 0. 12.9
16.877 26 WIND_INFO_RET 5 3.6 6.2 0. 13.91715
16.929 26 DL_VALUE 20 1.
16.930 26 AIR_DATA 98704.296875 0. -1000. 1013.25 0. -1. -1.
16.931 26 ENERGY 62 12.5 17.177675 214.720947 0.35756 4.469517
16.931 26 DESIRED 0.872665 0.445263 0.644431 -14.493824 175.630066 260. 3.960202 14.
16.931 26 ATTITUDE 0.511713 -0.366883 0.276126
16.961 26 NAVIGATION 4 0 -65.65625 112.5 0. 130.257401 9 3 3 0 0 0
17.028 26 ATTITUDE 0.541713 -0.323201 0.286562
17.079 26 GPS 3 36021762 481371140 3386 221828 1394 277 0 100560240 31 0
17.128 26 WP_MOVED 3 360294.09375 4813785. 260. 31
17.129 26 DESIRED 0.872665 0.446136 0.686868 -12.603397 177.19194 260. 3.867155 14.
17.129 26 ATTITUDE 0.561713 -0.292542 0.293769
17.211 26 NAVIGATION 4 0 -67.15625 116. 0. 134.037155 9 3 3 0 0 0
17.228 26 ESTIMATOR 223.701279 4.432685
17.228 26 ATTITUDE 0.591713 -0.244152 0.304852
17.328 26 GPS 3 36021668 481371463 3437 222563 1403 308 0 100560480 31 0
17.329 26 DESIRED 0.872665 0.447009 0.733956 -10.40527 178.91217 260. 3.807736 14.
17.329 26 ATTITUDE 0.611713 -0.210238 0.312362
17.429 26 NAVIGATION 4 0 -68.0625 119. 0. 134.037155 9 3 3 0 0 0
17.429 26 ATTITUDE 0.641713 -0.15678 0.323719
17.462 26 NAVIGATION 4 0 -68.0625 119. 0. 137.089401 9 3 3 0 0 0
17.530 26 AIRSPEED 14.071767 14. 14. 6.
17.530 26 DESIRED 0.872665 0.447881 0.770818 -8.501648 180.323486 260. 3.723427 14.
17.531 26 ATTITUDE 0.661713 -0.119355 0.331299
17.579 26 GPS 3 36021606 481371795 3494 223338 1406 343 0 100560720 31 0
17.629 26 WP_MOVED 4 360416.3125 4813734. 260. 31
17.630 26 ATTITUDE 0.691713 -0.060423 0.342604
17.712 26 NAVIGATION 4 0 -68.65625 122.5 0. 140.427673 10 4 4 0 0 0
17.731 26 CIRCLE 49.5 100.099998 70.
17.731 26 ESTIMATOR 225.026535 4.047379
17.732 26 DESIRED 0.872665 0.448754 0.810068 -6.236668 181.913345 260. 3.668717 14.
17.732 26 ATTITUDE 0.711713 -0.019196 0.350052
17.828 26 GPS 3 36021582 481372131 3559 224147 1405 356 0 100560960 31 0
17.829 26 ATTITUDE 0.741713 0.04567 0.361031
17.913 26 FBW_STATUS 2 0 1 12.5 16.007765
17.928 26 DESIRED 0.872665 0.449627 0.810068 -6.236668 181.913345 260. 3.668717 14.
17.929 26 ATTITUDE 0.761713 0.091012 0.368185
17.961 26 NAVIGATION 4 0 -68.90625 126. 0. 143.610825 10 4 4 0 0 0
18.030 26 ENERGY 58 12.5 15.787262 197.340775 0.387493 4.843681
18.030 26 ATTITUDE 0.791713 0.162304 0.37862
18.079 26 GPS 3 36021609 481372523 45 225115 1400 355 0 100561240 31 0
18.129 26 CALIBRATION 0. 0
18.130 26 WP_MOVED 5 360421. 4813583.5 260. 31
18.130 26 DESIRED 0.872665 0.450499 0.84691 -3.925129 183.441193 260. 3.587399 14.
18.130 26 ATTITUDE 0.811713 0.21211 0.385353
18.212 26 NAVIGATION 4 0 -68.65625 129.5 0. 146.573975 10 4 4 0 0 0
18.229 26 AIR_DATA 98656.476562 0. -1000. 1013.25 0. -1. -1.
18.230 26 ESTIMATOR 226.347809 3.744685
18.230 26 ATTITUDE 0.841693 0.290388 0.395081
18.330 26 GPS 3 36021684 481372849 129 225949 1396 354 0 100561480 31 0
18.331 26 DESIRED 0.872665 0.451369 0.880563 -1.526497 184.930984 260. 3.530115 14.
18.331 26 ATTITUDE 0.861527 0.345033 0.4013
18.430 26 DL_VALUE 21 0.
18.433 26 NAVIGATION 4 0 -67.90625 133. 0. 146.573975 10 4 4 0 0 0
18.433 26 ATTITUDE 0.872665 0.429433 0.410207
18.462 26 NAVIGATION 4 0 -67.90625 133. 0. 149.332703 10 4 4 0 0 0
18.529 26 AIRSPEED 13.914178 14. 14. 6.
18.531 26 DESIRED 0.788975 0.451563 0.911474 0.984501 186.391632 260. 3.443674 14.
18.531 26 ATTITUDE 0.872665 0.485807 0.415851
18.579 26 GPS 3 36021811 481373159 221 226771 1391 349 0 100561720 31 0
18.628 26 WP_MOVED 6 360164.8125 4813664.5 260. 31
18.629 26 ATTITUDE 0.872665 0.570451 0.423861
18.711 26 NAVIGATION 4 0 -66.625 136. 0. 151.442703 11 5 5 0 0 0
18.728 26 FBW_STATUS 2 0 1 12.5 15.614458
18.728 26 ESTIMATOR 227.726761 3.531185
18.729 26 DESIRED 0.667404 0.451563 0.934566 3.297951 187.6521 260. 3.385463 14.
18.729 26 ATTITUDE 0.872665 0.626944 0.428889
18.778 26 CIRCLE 49.5 100.099998 70.
18.830 26 GPS_SOL 693 693 693 7
18.830 26 GPS 3 36021986 481373442 318 227588 1388 351 0 100561960 31 0
18.831 26 ATTITUDE 0.872665 0.711771 0.435958
18.930 26 DESIRED 0.667404 0.451537 0.934566 3.297951 187.6521 260. 3.385463 14.
18.935 26 ATTITUDE 0.871184 0.768311 0.440351
18.962 26 NAVIGATION 4 0 -64.90625 139. 0. 153.407364 11 5 5 0 0 0
19.032 26 AUTOPILOT_VERSION 51500 v5.15_devel-179-g9a29798-dirty
19.032 26 ATTITUDE 0.859041 0.852043 0.446467
19.078 26 GPS 3 36022248 481373728 432 228549 1383 359 0 100562240 31 0
19.131 26 ENERGY 57 12.5 15.324257 191.553207 0.416126 5.201591
19.132 26 WP_MOVED 7 360558.40625 4813804.5 260. 31
19.132 26 DESIRED 0.54593 0.451032 0.955892 5.76041 188.907928 260. 3.297504 14.
19.133 26 ATTITUDE 0.842234 0.906235 0.450228
19.211 26 NAVIGATION 4 0 -62.28125 142. 0. 155.057907 11 5 5 0 0 0
19.228 26 ESTIMATOR 229.157013 3.386537
19.228 26 ATTITUDE 0.812234 0.984121 0.455401
19.328 26 GPS 3 36022511 481373929 526 229397 1379 373 0 100562480 31 0
19.329 26 DESIRED 0.390549 0.450159 0.972953 8.522915 190.215912 260. 3.23543 14.
19.330 26 ATTITUDE 0.792234 1.033831 0.458541
19.428 26 NAVIGATION 4 0 -59.625 143.5 0. 155.057907 11 5 5 0 0 0
19.430 26 ATTITUDE 0.762234 1.105237 0.4628
19.461 26 NAVIGATION 4 0 -59.625 143.5 0. 155.394302 11 5 5 0 0 0
19.531 26 AIR_DATA 98606.40625 0. -1000. 1013.25 0. -1. -1.
19.532 26 AIRSPEED 13.690474 14. 14. 6.
19.532 26 DESIRED 0.264048 0.449287 0.974128 10.324226 191.013458 260. 3.140991 14.
19.533 26 ATTITUDE 0.742234 1.150814 0.465345
19.577 26 GPS 3 36022800 481374087 612 230295 1372 383 0 100562720 31 0
19.628 26 WP_MOVED 8 360461.40625 4813640. 215. 31
19.628 26 ATTITUDE 0.712234 1.216275 0.468737
19.712 26 NAVIGATION 4 0 -56.75 145.5 0. 156.175583 12 6 6 0 0 0
19.728 26 ESTIMATOR 230.676987 3.311151
19.729 26 DESIRED 0.154557 0.448414 0.980621 12.634987 191.974762 260. 3.075984 14.
19.730 26 ATTITUDE 0.692234 1.258052 0.470722
19.829 26 CIRCLE 49.5 100.099998 70.
19.829 26 GPS 3 36023105 481374204 690 231257 1363 389 0 100562960 31 0
19.830 26 ATTITUDE 0.662234 1.318018 0.473307
19.913 26 FBW_STATUS 2 0 1 12.5 15.342121
19.929 26 DL_VALUE 22 1.
19.930 26 DESIRED 0.154557 0.447541 0.980621 12.634987 191.974762 260. 3.075984 14.
19.930 26 ATTITUDE 0.642234 1.356253 0.474779
19.963 26 NAVIGATION 4 0 -53.71875 146.5 0. 156.0383 12 6 6 0 0 0
20.029 26 ATTITUDE 0.612234 1.411064 0.47663
20.079 26 GPS 3 36023473 481374292 771 232459 1349 423 0 100563240 31 0
20.129 26 WP_MOVED 9 360312.8125 4813652. 185. 31
20.131 26 DESIRED 0.042563 0.446669 0.975065 14.3549 192.646332 260. 2.9743 14.
20.133 26 ATTITUDE 0.592234 1.445958 0.477638
20.212 26 NAVIGATION 4 0 -50.03125 147.5 0. 155.754211 12 6 6 0 0 0
20.228 26 CALIBRATION 0. 0
20.229 26 ENERGY 57 12.5 15.427956 192.849442 0.444115 5.551457
20.229 26 ESTIMATOR 232.361435 3.324211
20.229 26 ATTITUDE 0.562234 1.495886 0.478835
20.328 26 GPS 3 36023791 481374329 833 233549 1335 461 0 100563480 31 0
20.329 26 DESIRED -0.0791 0.434117 0.966198 16.398312 193.396729 260. 2.899286 14.
20.329 26 ATTITUDE 0.542234 1.527589 0.479424
20.428 26 NAVIGATION 4 0 -46.84375 148. 0. 155.754211 12 6 6 0 0 0
20.429 26 ATTITUDE 0.512234 1.572818 0.479952
20.461 26 NAVIGATION 4 0 -46.84375 148. 0. 155.236389 12 6 6 0 0 0
20.529 26 AIRSPEED 13.127111 14. 14. 6.
20.530 26 DESIRED -0.163491 0.413799 0.954243 17.982882 193.943863 260. 2.780831 14.
20.530 26 ATTITUDE 0.492234 1.601439 0.480081
20.579 26 GPS 3 36024108 481374336 888 234681 1320 500 0 100563720 31 0
20.629 26 PPRZ_MODE 2 3 3 2 0 6
20.629 26 WP_MOVED 10 360452.8125 4813581. 260. 31
20.630 26 ATTITUDE 0.462234 1.642107 0.479864
20.712 26 NAVIGATION 4 0 -43.65625 148. 0. 154.304459 13 7 7 0 0 0
20.730 26 FBW_STATUS 2 0 1 12.5 15.632429
20.730 26 ESTIMATOR 234.286606 3.437053
20.730 26 DESIRED -0.249364 0.398639 0.935718 19.257078 194.362213 260. 2.697335 14.
20.730 26 ATTITUDE 0.442234 1.66773 0.47945
20.811 26 COMMANDS 5552,-4874,-528,0,0
20.828 26 GPS_SOL 697 697 697 7
20.828 26 AIR_DATA 98531.085938 0. -1000. 1013.25 0. -1. -1.
20.829 26 GPS 3 36024421 481374316 936 235843 1306 514 0 100563960 31 0
20.829 26 ATTITUDE 0.412234 1.703946 0.478426
20.879 26 CIRCLE 49.5 100.099998 70.
20.929 26 DESIRED -0.249364 0.396042 0.935718 19.257078 194.362213 260. 2.697335 14.
20.930 26 ATTITUDE 0.392234 1.726625 0.477464
20.961 26 NAVIGATION 4 0 -40.5625 147.5 0. 152.975708 13 7 7 0 0 0
21.028 26 ATTITUDE 0.362234 1.758456 0.475631
21.079 26 GPS 3 36024779 481374264 985 237219 1290 513 0 100564240 31 0
21.128 26 COMMANDS 5572,-4896,-669,0,0
21.129 26 WP_MOVED 11 360169.5 4813757.5 260. 31
21.129 26 DESIRED -0.329385 0.373757 0.910575 20.156898 194.646194 260. 2.565972 14.
21.130 26 ATTITUDE 0.342234 1.77823 0.474108
21.211 26 NAVIGATION 4 0 -36.9375 147. 0. 151.569717 13 7 7 0 0 0
21.230 26 ESTIMATOR 236.447739 3.627962
21.230 26 ATTITUDE 0.312234 1.805732 0.471406
21.329 26 ENERGY 58 12.5 15.542641 194.283005 0.472553 5.906935
21.330 26 GPS 3 36025079 481374199 1021 238403 1278 518 0 100564480 31 0
21.330 26 DESIRED -0.414492 0.356967 0.88184 21.357014 195.010345 260. 2.470632 14.
21.330 26 ATTITUDE 0.292234 1.822627 0.469346
21.430 26 DL_VALUE 23 1.
21.430 26 NAVIGATION 4 0 -33.9375 146.5 0. 151.569717 13 7 7 0 0 0
21.430 26 ATTITUDE 0.262234 1.845823 0.465842
21.461 26 NAVIGATION 4 0 -33.9375 146.5 0. 150.379532 13 7 7 0 0 0
21.529 26 AIRSPEED 12.633346 14. 14. 6.
21.529 26 DESIRED -0.468471 0.332508 0.856501 22.343956 195.297424 260. 2.323517 14.
21.529 26 ATTITUDE 0.242234 1.859857 0.463265
21.581 26 GPS 3 36025373 481374120 1050 239582 1268 514 0 100564720 31 0
21.629 26 DATALINK_REPORT 4 5 1302 831 0 0
21.629 26 WP_MOVED 0 360326. 4813637. 260. 31
21.629 26 ATTITUDE 0.212234 1.87877 0.458971
21.712 26 NAVIGATION 4 0 -31.03125 145.5 0. 148.772263 14 8 8 0 0 0
21.730 26 ALIVE 128,247,33,237,150,226,125,96,211,120,85,14,103,22,52,69
21.730 26 ESTIMATOR 238.808487 3.861929
21.731 26 DESIRED -0.527466 0.315039 0.823655 22.898941 195.453979 260. 2.22299 14.
21.731 26 ATTITUDE 0.192234 1.88996 0.455843
21.829 26 NAVIGATION_REF 360284 4813595 31 185.
21.830 26 GPS 3 36025661 481374029 1074 240746 1259 505 0 100564960 31 0
21.830 26 ATTITUDE 0.162234 1.904613 0.450773
21.912 26 FBW_STATUS 2 0 1 12.5 15.478096
21.929 26 CIRCLE 49.5 100.099998 70.
21.929 26 DESIRED -0.527466 0.312764 0.823655 22.898941 195.453979 260. 2.22299 14.
21.930 26 ATTITUDE 0.142234 1.912964 0.447138
21.962 26 NAVIGATION 4 0 -28.15625 144.5 0. 147.217606 14 8 8 0 0 0
22.029 26 ATTITUDE 0.112234 1.923363 0.441348
22.079 26 GPS 3 36025992 481373913 1094 242077 1251 494 0 100565240 31 0
22.128 26 AIR_DATA 98458.28125 0. -1000. 1013.25 0. -1. -1.
22.128 26 WP_MOVED 1 360284. 4813595. 260. 31
22.129 26 DESIRED -0.575433 0.287661 0.79045 23.475895 195.613068 260. 2.070285 14.
22.129 26 ATTITUDE 0.092234 1.928879 0.437225
22.212 26 NAVIGATION 4 0 -24.84375 143.5 0. 145.634689 14 8 8 0 0 0
22.227 26 ESTIMATOR 241.276031 4.091966
22.228 26 ATTITUDE 0.062234 1.935029 0.430698
22.328 26 CALIBRATION 0. 0
22.329 26 GPS 3 36026272 481373808 1105 243187 1246 470 0 100565480 31 0
22.330 26 SVINFO 6 13 0 6 48 62 320
22.330 26 DESIRED -0.623153 0.269668 0.754263 24.337976 195.843781 260. 1.964144 14.
22.330 26 ATTITUDE 0.042234 1.93771 0.426143
22.429 26 ENERGY 56 12.5 15.106869 188.835861 0.50069 6.258647
22.429 26 NAVIGATION 4 0 -22.03125 142.5 0. 145.634689 14 8 8 0 0 0
22.429 26 ATTITUDE 0.012234 1.939604 0.418985
22.462 26 NAVIGATION 4 0 -22.03125 142.5 0. 144.193008 14 8 8 0 0 0
22.529 26 AIRSPEED 12.428464 14. 14. 6.
22.530 26 DESIRED -0.653642 0.244298 0.720809 24.976799 196.009399 260. 1.806188 14.
22.530 26 ATTITUDE -0.007766 1.939447 0.414037
22.579 26 GPS 3 36026551 481373701 1110 244263 1243 460 0 100565720 31 0
22.630 26 WP_MOVED 2 360333.5 4813695. 260. 31
22.630 26 ATTITUDE -0.037766 1.937079 0.406289
22.712 26 NAVIGATION 4 0 -19.21875 141.5 0. 142.799194 15 9 9 0 0 0
22.729 26 FBW_STATUS 2 0 1 12.5 14.830326
22.730 26 ESTIMATOR 243.773575 4.283684
22.731 26 DESIRED -0.679331 0.228504 0.687284 25.663464 196.182358 260. 1.702152 14.
22.731 26 ATTITUDE -0.057766 1.934075 0.400932
22.830 26 GPS_SOL 699 699 699 7
22.830 26 GPS 3 36026875 481373577 1109 245468 1242 438 0 100566000 31 0
22.831 26 ATTITUDE -0.087766 1.927428 0.392639
22.931 26 DL_VALUE 24 0.
22.931 26 DESIRED -0.679331 0.228451 0.687284 25.663464 196.182358 260. 1.702152 14.
22.932 26 ATTITUDE -0.107766 1.921566 0.386943
22.962 26 NAVIGATION 4 0 -16. 140. 0. 140.911316 15 9 9 0 0 0
22.979 26 CIRCLE 49.5 100.099998 70.
23.029 26 ATTITUDE -0.137766 1.91062 0.378196
23.079 26 GPS 3 36027155 481373474 1101 246453 1241 402 0 100566240 31 0
23.132 26 WP_MOVED 3 360294.09375 4813785. 260. 31
23.133 26 DESIRED -0.710065 0.20492 0.642493 26.135008 196.298111 260. 1.545065 14.
23.134 26 ATTITUDE -0.157766 1.901882 0.372197
23.211 26 NAVIGATION 4 0 -13.1875 139. 0. 139.624176 15 9 9 0 0 0
23.228 26 ESTIMATOR 246.238251 4.419414
23.228 26 ATTITUDE -0.187766 1.886603 0.362998
23.329 26 GPS 3 36027438 481373378 1088 247389 1243 371 0 100566480 31 0
23.330 26 DESIRED -0.715699 0.189874 0.609279 26.930073 196.487747 260. 1.443608 14.
23.330 26 ATTITUDE -0.207766 1.874967 0.35676
23.427 26 AIR_DATA 98396.296875 0. -1000. 1013.25 0. -1. -1.
23.428 26 NAVIGATION 4 0 -10.34375 138.5 0. 139.624176 15 9 9 0 0 0
23.428 26 ATTITUDE -0.237766 1.855322 0.347234
23.462 26 NAVIGATION 4 0 -10.34375 138.5 0. 138.885712 15 9 9 0 0 0
23.529 26 ENERGY 52 12.5 13.571018 169.637726 0.527109 6.588878
23.529 26 AIRSPEED 12.489536 14. 14. 6.
23.530 26 DESIRED -0.710212 0.168302 0.586273 28.389313 196.817825 260. 1.297717 14.
23.530 26 ATTITUDE -0.257766 1.84076 0.340811
23.580 26 GPS 3 36027724 481373291 1068 248272 1246 366 0 100566720 31 0
23.629 26 WP_MOVED 4 360416.3125 4813734. 260. 31
23.630 26 ATTITUDE -0.287766 1.816704 0.331014
23.712 26 NAVIGATION 4 0 -7.5 137.5 0. 137.704391 16 10 10 0 0 0
23.728 26 ESTIMATOR 248.513153 4.444022
23.728 26 DESIRED -0.70962 0.154741 0.554607 29.375162 197.027756 260. 1.20497 14.
23.728 26 ATTITUDE -0.307766 1.799178 0.324399
23.830 26 GPS 3 36028015 481373217 1043 249099 1250 352 0 100566960 31 0
23.833 26 ATTITUDE -0.337766 1.770645 0.314376
23.912 26 FBW_STATUS 2 0 1 12.5 13.306723
23.929 26 DESIRED -0.70962 0.155243 0.554607 29.375162 197.027756 260. 1.20497 14.
23.930 26 ATTITUDE -0.357766 1.750114 0.30763
23.962 26 NAVIGATION 4 0 -4.59375 136.5 0. 136.577271 16 10 10 0 0 0
24.029 26 CIRCLE 49.5 100.099998 70.
24.029 26 ATTITUDE -0.387766 1.717038 0.297461
24.078 26 GPS 3 36028360 481373151 1002 249989 1257 315 0 100567240 31 0
24.132 26 WP_MOVED 5 360421. 4813583.5 260. 31
24.134 26 DESIRED -0.697443 0.13617 0.523851 30.503773 197.255249 260. 1.073709 14.
24.135 26 ATTITUDE -0.407766 1.693451 0.290619
24.214 26 NAVIGATION 4 0 -1.15625 136. 0. 136.004913 16 10 10 0 0 0
24.230 26 ESTIMATOR 250.567734 4.369066
24.231 26 ATTITUDE -0.437766 1.655737 0.280312
24.333 26 GPS 3 36028662 481373115 966 250684 1264 294 0 100567480 31 0
24.334 26 DESIRED -0.652659 0.124302 0.503983 32.863235 197.686981 260. 0.989445 14.
24.335 26 ATTITUDE -0.457766 1.62903 0.273435
24.429 26 CALIBRATION 0. 0
24.429 26 DL_VALUE 25 70.
24.430 26 NAVIGATION 4 0 1.875 135.5 0. 136.004913 16 10 10 0 0 0
24.430 26 ATTITUDE -0.487766 1.586587 0.263101
24.462 26 NAVIGATION 4 0 1.875 135.5 0. 135.51297 16 10 10 0 0 0
24.529 26 AIRSPEED 12.786832 14. 14. 6.
24.529 26 DESIRED -0.622773 0.107736 0.488087 35.079014 198.03894 260. 0.87285 14.
24.529 26 ATTITUDE -0.507766 1.556689 0.256234
24.579 26 GPS 3 36028967 481373104 921 251313 1272 254 0 100567720 31 0
24.629 26 ENERGY 47 12.5 12.157494 151.968674 0.550879 6.88601
24.630 26 WP_MOVED 6 360164.8125 4813664.5 260. 31
24.630 26 ATTITUDE -0.537766 1.509399 0.245925
24.713 26 NAVIGATION 4 0 4.9375 135.5 0. 135.589935 17 11 11 0 0 0
24.728 26 FBW_STATUS 2 0 1 12.5 12.13747
24.729 26 AIR_DATA 98350.523438 0. -1000. 1013.25 0. -1. -1.
24.729 26 ESTIMATOR 252.356247 4.194906
24.729 26 DESIRED -0.559499 0.09808 0.486474 38.230423 198.451385 260. 0.80183 14.
24.729 26 ATTITUDE -0.557766 1.476215 0.239066
24.829 26 GPS_SOL 699 699 699 7
24.829 26 GPS 3 36029274 481373121 869 251874 1282 235 0 100567960 31 0
24.830 26 ATTITUDE -0.586759 1.42397 0.228823
24.929 26 DESIRED -0.559499 0.099182 0.486474 38.230423 198.451385 260. 0.80183 14.
24.929 26 ATTITUDE -0.604141 1.38761 0.222028
24.962 26 NAVIGATION 4 0 7.96875 135.5 0. 135.734116 17 11 11 0 0 0
25.028 26 ATTITUDE -0.626193 1.331104 0.211924
25.079 26 CIRCLE 49.5 100.099998 70.
25.080 26 GPS 3 36029631 481373180 794 252438 1296 194 0 100568240 31 0
25.128 26 WP_MOVED 7 360558.40625 4813804.5 260. 31
25.129 26 DESIRED -0.490309 0.085779 0.488924 41.635262 198.782043 260. 0.705917 14.
25.129 26 ATTITUDE -0.63637 1.292463 0.205227
25.214 26 NAVIGATION 4 0 11.5625 136.5 0. 136.988831 17 11 11 0 0 0
25.228 26 ESTIMATOR 253.82399 3.92067
25.228 26 ATTITUDE -0.644528 1.23377 0.195278
25.329 26 GPS 3 36029932 481373270 734 252845 1307 168 0 100568480 31 0
25.331 26 DESIRED -0.353613 0.077767 0.520759 47.452965 199.073792 260. 0.647864 14.
25.331 26 ATTITUDE -0.644544 1.19461 0.188731
25.432 26 NAVIGATION 4 0 14.5625 137.5 0. 136.988831 17 11 11 0 0 0
25.432 26 ATTITUDE -0.632244 1.136982 0.179028
25.462 26 NAVIGATION 4 0 14.5625 137.5 0. 138.268997 17 11 11 0 0 0
25.528 26 PPRZ_MODE 2 3 3 2 0 6
25.528 26 AIRSPEED 13.287877 14. 14. 6.
25.529 26 DESIRED -0.256193 0.06662 0.55678 52.868034 199.037628 260. 0.572555 14.
25.529 26 ATTITUDE -0.616779 1.099951 0.172665
25.580 26 GPS 3 36030223 481373394 667 253190 1320 135 0 100568720 31 0
25.582 26 SVINFO 5 12 1 5 48 87 272
25.628 26 WP_MOVED 8 360461.40625 4813640. 215. 31
25.629 26 ATTITUDE -0.586779 1.04727 0.163251
25.712 26 NAVIGATION 4 0 17.5 138.5 0. 139.601212 18 12 12 0 0 0
25.729 26 ENERGY 42 12.5 10.529057 131.613205 0.571637 7.145482
25.730 26 ESTIMATOR 254.947235 3.55694
25.730 26 DESIRED -0.132659 0.059953 0.597568 58.462585 198.688385 260. 0.530035 14.
25.730 26 ATTITUDE -0.566779 1.014049 0.157076
25.813 26 COMMANDS 4035,2879,-675,0,0
25.829 26 GPS 3 36030502 481373552 605 253494 1333 106 0 100568960 31 0
25.830 26 ATTITUDE -0.536779 0.966967 0.147981
25.913 26 FBW_STATUS 2 0 1 12.5 10.272602
25.929 26 DL_VALUE 26 0.
25.930 26 DESIRED -0.132659 0.059598 0.597568 58.462585 198.688385 260. 0.530035 14.
25.930 26 ATTITUDE -0.516779 0.937352 0.142034
25.961 26 NAVIGATION 4 0 20.28125 140. 0. 141.461395 18 12 12 0 0 0
26.028 26 AIR_DATA 98325.101562 0. -1000. 1013.25 0. -1. -1.
26.029 26 ATTITUDE -0.486779 0.895503 0.133312
26.079 26 GPS 3 36030809 481373770 537 253820 1346 120 0 100569240 31 0
26.129 26 COMMANDS 3926,3247,-571,0,0
26.129 26 CIRCLE 49.5 100.099998 70.
26.129 26 WP_MOVED 9 360312.8125 4813652. 185. 31
26.130 26 DESIRED -0.004784 0.051191 0.653231 64.618713 197.933655 260. 0.476993 14.
26.130 26 ATTITUDE -0.466779 0.86927 0.12762
26.213 26 NAVIGATION 4 0 23.34375 142. 0. 143.905975 18 12 12 0 0 0
26.229 26 ESTIMATOR 255.737701 3.129197
26.229 26 ATTITUDE -0.436779 0.832341 0.119291
26.328 26 GPS 3 36031056 481373981 494 254085 1354 118 0 100569480 31 0
26.329 26 DESIRED 0.153018 0.045903 0.726448 71.811722 196.547852 260. 0.447115 14.
26.329 26 ATTITUDE -0.406779 0.798244 0.111235
26.429 26 NAVIGATION 4 0 25.8125 144.5 0. 143.905975 18 12 12 0 0 0
26.429 26 ATTITUDE -0.386779 0.777043 0.106023
26.462 26 NAVIGATION 4 0 25.8125 144.5 0. 146.787384 18 12 12 0 0 0
26.528 26 CALIBRATION 0. 0
26.529 26 AIRSPEED 13.659102 14. 14. 6.
26.529 26 DESIRED 0.262804 0.040134 0.806686 78.311096 194.809662 260. 0.410566 14.
26.530 26 ATTITUDE -0.366779 0.757044 0.100947
26.579 26 GPS 3 36031289 481374211 454 254337 1361 97 0 100569720 31 0
26.630 26 WP_MOVED 10 360452.8125 4813581. 260. 31
26.630 26 ATTITUDE -0.336779 0.729254 0.09357
26.713 26 NAVIGATION 4 0 28.125 146.5 0. 149.175278 19 13 13 0 0 0
26.729 26 DATALINK_REPORT 10 5 1484 812 0 0
26.729 26 FBW_STATUS 2 0 1 12.5 9.581753
26.729 26 ESTIMATOR 256.2742 2.684678
26.729 26 DESIRED 0.368621 0.036553 0.875217 83.789764 192.966644 260. 0.390836 14.
26.729 26 ATTITUDE -0.316779 0.712172 0.088819
26.830 26 ALIVE 128,247,33,237,150,226,125,96,211,120,85,14,103,22,52,69
26.831 26 GPS_SOL 699 699 699 7
26.831 26 ENERGY 39 12.5 9.506413 118.830154 0.589816 7.372718
26.831 26 GPS 3 36031509 481374455 420 254574 1367 81 0 100569960 31 0
26.832 26 ATTITUDE -0.286779 0.688678 0.081951
26.879 26 WIND_INFO 26 5 0.5 1.8 0. 12.3
26.880 26 WIND_INFO_RET 5 0.5 1.8 0. 13.728855
26.930 26 DESIRED 0.368621 0.035931 0.875217 83.789764 192.966644 260. 0.390836 14.
26.930 26 ATTITUDE -0.266779 0.674414 0.077547
26.961 26 NAVIGATION 4 0 30.34375 149. 0. 152.05835 19 13 13 0 0 0
27.029 26 ATTITUDE -0.236779 0.655083 0.071212
27.079 26 GPS 3 36031751 481374753 386 254829 1374 75 0 100570240 31 0
27.080 26 SVINFO 4 11 1 4 48 81 223
27.129 26 WP_MOVED 11 360169.5 4813757.5 260. 31
27.130 26 DESIRED 0.476907 0.031758 0.952695 89.144516 190.810043 260. 0.367124 14.
27.130 26 ATTITUDE -0.216779 0.643557 0.067166
27.179 26 CIRCLE 49.5 100.099998 70.
27.212 26 NAVIGATION 4 0 32.78125 152. 0. 155.49472 19 13 13 0 0 0
27.232 26 ESTIMATOR 256.62561 2.256937
27.232 26 ATTITUDE -0.186779 0.628281 0.061367
27.329 26 AIR_DATA 98307.226562 0. -1000. 1013.25 0. -1. -1.
27.330 26 GPS 3 36031949 481375018 367 255027 1378 72 0 100570480 31 0
27.330 26 DESIRED 0.600142 0.029193 1.041606 94.665054 188.191528 260. 0.353973 14.
27.331 26 ATTITUDE -0.166779 0.619427 0.057686
27.427 26 DL_VALUE 27 2.
27.428 26 NAVIGATION 4 0 34.71875 154.5 0. 155.49472 19 13 13 0 0 0
27.429 26 ATTITUDE -0.136779 0.608118 0.052436
27.462 26 NAVIGATION 4 0 34.71875 154.5 0. 158.352905 19 13 13 0 0 0
27.530 26 AIRSPEED 13.865705 14. 14. 6.
27.531 26 DESIRED 0.672944 0.026322 1.113212 98.696312 186.00531 260. 0.338604 14.
27.531 26 ATTITUDE -0.116779 0.601884 0.049125
27.579 26 GPS 3 36032141 481375290 351 255206 1383 77 0 100570720 31 0
27.580 26 SVINFO 6 13 1 6 47 53 323
27.629 26 WP_MOVED 0 360326. 4813637. 260. 31
27.630 26 ATTITUDE -0.086779 0.594474 0.044423
27.711 26 NAVIGATION 4 0 36.65625 157.5 0. 161.709396 20 14 14 0 0 0
27.729 26 ESTIMATOR 256.845886 1.864987
27.730 26 DESIRED 0.760417 0.024534 1.192279 102.52565 183.695923 260. 0.330867 14.
27.730 26 ATTITUDE -0.066779 0.59082 0.041466
27.829 26 GPS 3 36032328 481375566 341 255364 1388 64 0 100570960 31 0
27.830 26 ATTITUDE -0.036779 0.587255 0.037294
27.913 26 FBW_STATUS 2 0 1 12.5 8.983007
27.930 26 ENERGY 37 12.5 8.983007 112.28759 0.606732 7.584181
27.931 26 DESIRED 0.760417 0.024099 1.192279 102.52565 183.695923 260. 0.330867 14.
27.931 26 ATTITUDE -0.016779 0.586151 0.034684
27.964 26 NAVIGATION 4 0 38.53125 160. 0. 164.574173 20 14 14 0 0 0
28.029 26 ATTITUDE 0.013221 0.586395 0.031027
28.078 26 GPS 3 36032544 481375891 335 255524 1394 65 0 100571240 31 0
28.129 26 WP_MOVED 1 360284. 4813595. 260. 31
28.130 26 DESIRED 0.825576 0.023517 1.260354 105.746506 181.563675 260. 0.32254 14.
28.130 26 ATTITUDE 0.033221 0.587822 0.028755
28.211 26 NAVIGATION 4 0 40.6875 163.5 0. 168.486572 20 14 14 0 0 0
28.227 26 CIRCLE 49.5 100.099998 70.
28.228 26 ESTIMATOR 256.964111 1.513858
28.228 26 ATTITUDE 0.063221 0.591854 0.025597
28.329 26 GPS 3 36032730 481376170 337 255640 1399 48 0 100571480 31 0
28.330 26 DESIRED 0.872665 0.024181 1.347313 109.196198 179.070648 260. 0.318465 14.
28.330 26 ATTITUDE 0.083221 0.595803 0.023662
28.429 26 NAVIGATION 4 0 42.53125 166. 0. 168.486572 20 14 14 0 0 0
28.430 26 ATTITUDE 0.113221 0.603618 0.021008
28.461 26 NAVIGATION 4 0 42.53125 166. 0. 171.361923 20 14 14 0 0 0
28.529 26 AIRSPEED 14.058645 14. 14. 6.
28.529 26 DESIRED 0.872665 0.024877 1.412169 111.750595 177.07312 260. 0.314985 14.
28.529 26 ATTITUDE 0.133221 0.61009 0.019406
28.579 26 GPS 3 36032920 481376448 343 255738 1403 31 0 100571720 31 0
28.631 26 CALIBRATION 0. 0
28.632 26 AIR_DATA 98298.945312 0. -1000. 1013.25 0. -1. -1.
28.632 26 WP_MOVED 2 360333.5 4813695. 260. 31
28.633 26 ATTITUDE 0.163221 0.621698 0.017244
28.712 26 NAVIGATION 4 0 44.4375 169. 0. 174.744644 21 15 15 0 0 0
28.729 26 FBW_STATUS 2 0 1 12.5 8.647167
28.729 26 ESTIMATOR 257.004974 1.205085
28.729 26 DESIRED 0.872665 0.026151 1.484392 114.182312 175.041306 260. 0.314178 14.
28.729 26 ATTITUDE 0.183221 0.630707 0.015963
28.829 26 GPS_SOL 697 697 697 7
28.829 26 GPS 3 36033117 481376723 355 255819 1408 22 0 100571960 31 0
28.830 26 ATTITUDE 0.213221 0.646135 0.014276
28.930 26 DL_VALUE 28 0.
28.931 26 DESIRED 0.872665 0.027482 1.484392 114.182312 175.041306 260. 0.314178 14.
28.931 26 ATTITUDE 0.233221 0.657704 0.013305
28.962 26 NAVIGATION 4 0 46.40625 172. 0. 178.15033 21 15 15 0 0 0
29.030 26 ENERGY 35 12.5 8.543018 106.787727 0.622771 7.784662
29.031 26 ATTITUDE 0.263221 0.676997 0.012074
29.079 26 GPS 3 36033357 481377038 376 255892 1414 21 0 100572240 31 0
29.080 26 SVINFO 5 12 1 5 47 85 274
29.128 26 WP_MOVED 3 360294.09375 4813785. 260. 31
29.128 26 DESIRED 0.872665 0.028946 1.55588 116.426086 173.044495 260. 0.314963 14.
29.132 26 ATTITUDE 0.283221 0.691161 0.011399
29.216 26 NAVIGATION 4 0 48.8125 174.5 0. 181.198532 21 15 15 0 0 0
29.230 26 ESTIMATOR 256.982727 0.935806
29.231 26 ATTITUDE 0.313221 0.714381 0.010598
29.278 26 CIRCLE 49.5 100.099998 70.
29.329 26 GPS 3 36033575 481377299 398 255938 1418 16 0 100572480 31 0
29.329 26 DESIRED 0.872665 0.030541 1.624376 118.850197 170.74382 260. 0.316512 14.
29.329 26 ATTITUDE 0.333221 0.731189 0.0102
29.429 26 NAVIGATION 4 0 51. 177.5 0. 181.198532 21 15 15 0 0 0
29.430 26 ATTITUDE 0.363221 0.758418 0.009799
29.461 26 NAVIGATION 4 0 51. 177.5 0. 184.681488 21 15 15 0 0 0
29.530 26 AIRSPEED 14.249034 14. 14. 6.
29.530 26 DESIRED 0.872665 0.03261 1.695702 120.843193 168.73053 260. 0.320456 14.
29.530 26 ATTITUDE 0.393221 0.788101 0.009621
29.578 26 GPS 3 36033807 481377550 426 255968 1422 23 0 100572720 31 0
29.629 26 WP_MOVED 4 360416.3125 4813734. 260. 31
29.629 26 ATTITUDE 0.413221 0.809272 0.009623
29.713 26 NAVIGATION 4 0 53.34375 180. 0. 187.737991 22 16 16 0 0 0
29.728 26 ESTIMATOR 256.910248 0.702935
29.729 26 DESIRED 0.872665 0.034457 1.760657 122.782738 166.655548 260. 0.324115 14.
29.729 26 ATTITUDE 0.433221 0.831565 0.009716
29.829 26 GPS 3 36034053 481377788 460 255981 1427 3 0 100572960 31 0
29.830 26 ATTITUDE 0.463221 0.867141 0.010018
29.912 26 FBW_STATUS 2 0 1 12.5 8.208048
29.929 26 AIR_DATA 98296.109375 0. -1000. 1013.25 0. -1. -1.
29.929 26 DESIRED 0.872665 0.035872 1.760657 122.782738 166.655548 260. 0.324115 14.
29.929 26 ATTITUDE 0.483221 0.892305 0.010323
29.962 26 NAVIGATION 4 0 55.78125 182.5 0. 190.834473 22 16 16 0 0 0
30.029 26 ATTITUDE 0.513221 0.932268 0.010926
30.079 26 GPS 3 36034362 481378043 511 255976 1432 12 0 100573240 31 0
30.130 26 AUTOPILOT_VERSION 51500 v5.15_devel-179-g9a29798-dirty
30.130 26 ENERGY 34 12.5 8.141422 101.767776 0.638051 7.975666
30.131 26 WP_MOVED 5 360421. 4813583.5 260. 31
30.131 26 DESIRED 0.872665 0.038344 1.825511 124.61808 164.576935 260. 0.330985 14.
30.131 26 ATTITUDE 0.533221 0.960413 0.011422
30.214 26 NAVIGATION 4 0 58.84375 185. 0. 194.132904 22 16 16 0 0 0
30.233 26 ESTIMATOR 256.791901 0.500497
30.234 26 ATTITUDE 0.563221 1.004939 0.012295
30.329 26 CIRCLE 49.5 100.099998 70.
30.330 26 GPS 3 36034646 481378238 554 255953 1436 11 0 100573480 31 0
30.332 26 SVINFO 3 10 1 3 48 48 175
30.332 26 DESIRED 0.872665 0.040646 1.897133 126.737564 162.022202 260. 0.33653 14.
30.332 26 ATTITUDE 0.583221 1.036193 0.012958
30.429 26 PPRZ_MODE 2 3 3 2 0 6
30.429 26 DL_VALUE 29 0.
30.430 26 NAVIGATION 4 0 61.71875 187. 0. 194.132904 22 16 16 0 0 0
30.430 26 ATTITUDE 0.613221 1.085488 0.014065
30.463 26 NAVIGATION 4 0 61.71875 187. 0. 196.921814 22 16 16 0 0 0
30.528 26 AIRSPEED 14.440777 14. 14. 6.
30.528 26 DESIRED 0.872665 0.043609 1.958889 128.564743 159.671509 260. 0.346233 14.
30.528 26 ATTITUDE 0.633221 1.119999 0.014872
30.579 26 GPS 3 36034948 481378407 607 255909 1440 -12 0 100573720 31 0
30.630 26 WP_MOVED 6 360164.8125 4813664.5 260. 31
30.630 26 ATTITUDE 0.663221 1.174306 0.016184
30.717 26 NAVIGATION 4 0 64.71875 188.5 0. 199.30069 23 17 17 0 0 0
30.734 26 CALIBRATION 0. 0
30.735 26 FBW_STATUS 2 0 1 12.5 7.927231
30.735 26 ESTIMATOR 256.627899 0.322
30.736 26 DESIRED 0.872665 0.046288 2.015622 130.361496 157.208817 260. 0.353733 14.
30.741 26 ATTITUDE 0.683221 1.212248 0.01712
30.812 26 COMMANDS 3240,1356,183,0,0
30.828 26 NAVIGATION_REF 360284 4813595 31 185.
30.828 26 GPS_SOL 694 694 694 7
30.828 26 GPS 3 36035267 481378544 667 255842 1445 -28 0 100573960 31 0
30.828 26 ATTITUDE 0.713221 1.271848 0.018611
30.929 26 DESIRED 0.872665 0.047898 2.015622 130.361496 157.208817 260. 0.353733 14.
30.929 26 ATTITUDE 0.733221 1.313422 0.019659
30.962 26 NAVIGATION 4 0 67.9375 190. 0. 201.780838 23 17 17 0 0 0
31.029 26 ATTITUDE 0.763221 1.378642 0.021303
31.079 26 GPS 3 36035658 481378655 752 255731 1451 -41 0 100574240 31 0
31.080 26 SVINFO 6 13 1 6 46 46 325
31.129 26 COMMANDS 3195,768,186,0,0
31.130 26 WP_MOVED 7 360558.40625 4813804.5 260. 31
31.130 26 DESIRED 0.872665 0.051509 2.074613 132.13623 154.609222 260. 0.366628 14.
31.130 26 ATTITUDE 0.783221 1.424084 0.022448
31.211 26 NAVIGATION 4 0 71.8125 191. 0. 204.054001 23 17 17 0 0 0
31.230 26 AIR_DATA 98299.03125 0. -1000. 1013.25 0. -1. -1.
31.230 26 ENERGY 33 12.5 7.708344 96.354294 0.652602 8.157551
31.231 26 ESTIMATOR 256.407196 0.157352
31.233 26 ATTITUDE 0.813221 1.495303 0.024231
31.328 26 GPS 3 36036004 481378702 822 255601 1456 -78 0 100574480 31 0
31.329 26 DESIRED 0.872665 0.054801 2.136654 134.16893 151.394958 260. 0.376885 14.
31.329 26 ATTITUDE 0.833221 1.544889 0.025459
31.378 26 CIRCLE 49.5 100.099998 70.
31.430 26 NAVIGATION 4 0 75.28125 191.5 0. 204.054001 23 17 17 0 0 0
31.430 26 ATTITUDE 0.863085 1.622548 0.027358
31.461 26 NAVIGATION 4 0 75.28125 191.5 0. 205.765686 23 17 17 0 0 0
31.529 26 AIRSPEED 14.68426 14. 14. 6.
31.529 26 DESIRED 0.872665 0.059121 2.188323 135.874542 148.467712 260. 0.394614 14.
31.529 26 ATTITUDE 0.872665 1.676059 0.028656
31.578 26 GPS 3 36036355 481378697 907 255435 1462 -89 0 100574720 31 0
31.628 26 WP_MOVED 8 360461.40625 4813640. 215. 31
31.629 26 ATTITUDE 0.872665 1.756157 0.03066
31.718 26 NAVIGATION 4 0 78.8125 191.5 0. 207.08371 24 18 18 0 0 0
31.728 26 ESTIMATOR 256.107117 -0.006017
31.728 26 DESIRED 0.816821 0.062235 2.236591 137.53299 145.379059 260. 0.408363 14.
31.729 26 ATTITUDE 0.872665 1.809442 0.032027
31.829 26 DATALINK_REPORT 5 6 1672 837 0 0
31.829 26 GPS 3 36036703 481378637 998 255234 1470 -120 0 100574960 31 0
31.830 26 SVINFO 2 9 0 2 48 10 126
31.830 26 ATTITUDE 0.872665 1.889204 0.034118
31.911 26 FBW_STATUS 2 0 1 12.5 7.330799
31.928 26 ALIVE 128,247,33,237,150,226,125,96,211,120,85,14,103,22,52,69
31.928 26 DL_VALUE 30 0.
31.928 26 DESIRED 0.816821 0.063271 2.236591 137.53299 145.379059 260. 0.408363 14.
31.929 26 ATTITUDE 0.872665 1.942273 0.035538
31.962 26 NAVIGATION 4 0 82.28125 190.5 0. 207.510132 24 18 18 0 0 0
32.028 26 ATTITUDE 0.872665 2.021736 0.037697
32.078 26 GPS 3 36037092 481378497 1112 254981 1479 -126 0 100575240 31 0
32.129 26 WP_MOVED 9 360312.8125 4813652. 185. 31
32.129 26 DESIRED 0.717494 0.06781 2.276318 139.17009 142.043701 260. 0.432147 14.
32.129 26 ATTITUDE 0.872665 2.074625 0.039162
32.213 26 NAVIGATION 4 0 86.15625 189.5 0. 208.166153 24 18 18 0 0 0
32.228 26 ESTIMATOR 255.70343 -0.178943
32.228 26 ATTITUDE 0.869067 2.153601 0.041387
32.329 26 ENERGY 31 12.5 7.192133 89.901665 0.666224 8.327824
32.330 26 GPS 3 36037402 481378321 1196 254767 1484 -128 0 100575480 31 0
32.330 26 SVINFO 4 11 1 4 47 86 226
32.331 26 DESIRED 0.585054 0.071258 2.323352 140.823181 138.310944 260. 0.45071 14.
32.331 26 ATTITUDE 0.860686 2.205467 0.042883
32.429 26 CIRCLE 49.5 100.099998 70.
32.429 26 NAVIGATION 4 0 89.25 188. 0. 208.166153 24 18 18 0 0 0
32.430 26 ATTITUDE 0.834852 2.280604 0.045152
32.461 26 NAVIGATION 4 0 89.25 188. 0. 208.109497 24 18 18 0 0 0
32.530 26 AIR_DATA 98310.265625 0. -1000. 1013.25 0. -1. -1.
32.530 26 AIRSPEED 14.906363 14. 14. 6.
32.530 26 DESIRED 0.505205 0.075682 2.357018 142.124603 135.0383 260. 0.480687 14.
32.530 26 ATTITUDE 0.814852 2.328485 0.046669
32.579 26 GPS 3 36037681 481378099 1285 254569 1488 -134 0 100575720 31 0
32.579 26 SVINFO 5 12 0 5 46 82 276
32.629 26 WP_MOVED 10 360452.8125 4813581. 260. 31
32.629 26 ATTITUDE 0.784852 2.397105 0.048965
32.725 26 NAVIGATION 4 0 92.0625 185.5 0. 207.08876 25 19 19 0 0 0
32.732 26 FBW_STATUS 2 0 1 12.5 7.118612
32.733 26 ESTIMATOR 255.218979 -0.348798
32.734 26 DESIRED 0.390402 0.078453 2.381474 143.37442 131.52597 260. 0.501529 14.
32.734 26 ATTITUDE 0.764852 2.440811 0.050502
32.828 26 CALIBRATION 0. 0
32.829 26 GPS_SOL 690 690 690 7
32.829 26 GPS 3 36037926 481377839 1366 254416 1489 -121 0 100575960 31 0
32.830 26 ATTITUDE 0.734852 2.503458 0.052809
32.928 26 DESIRED 0.390402 0.077735 2.381474 143.37442 131.52597 260. 0.501529 14.
32.928 26 ATTITUDE 0.704852 2.562771 0.055111
32.962 26 NAVIGATION 4 0 94.53125 182.5 0. 205.529572 25 19 19 0 0 0
33.029 26 ATTITUDE 0.684852 2.600541 0.056632
33.079 26 GPS 3 36038168 481377500 1457 254316 1486 -71 0 100576240 31 0
33.129 26 WP_MOVED 11 360169.5 4813757.5 260. 31
33.129 26 DESIRED 0.287076 0.081578 2.399988 144.49472 127.956848 260. 0.532337 14.
33.129 26 ATTITUDE 0.664852 2.636943 0.058153
33.217 26 NAVIGATION 4 0 96.9375 179.5 0. 204.002762 25 19 19 0 0 0
33.230 26 ESTIMATOR 254.742645 -0.477911
33.231 26 ATTITUDE 0.634852 2.689064 0.060413
33.329 26 GPS 3 36038337 481377187 1515 254302 1480 -55 0 100576480 31 0
33.330 26 DESIRED 0.165692 0.083357 2.420227 145.493958 124.290062 260. 0.551497 14.
33.330 26 ATTITUDE 0.614852 2.722208 0.061896
33.429 26 DL_VALUE 31 0.
33.429 26 ENERGY 32 12.5 7.419607 92.745087 0.679453 8.493197
33.430 26 NAVIGATION 4 0 98.625 176.5 0. 204.002762 25 19 19 0 0 0
33.430 26 ATTITUDE 0.584852 2.769592 0.064087
33.461 26 NAVIGATION 4 0 98.625 176.5 0. 202.185913 25 19 19 0 0 0
33.478 26 CIRCLE 49.5 100.099998 70.
33.530 26 AIRSPEED 14.669186 14. 14. 6.
33.530 26 DESIRED 0.100187 0.085733 2.43147 146.23761 121.119858 260. 0.575844 14.
33.530 26 ATTITUDE 0.564852 2.799667 0.065512
33.579 26 GPS 3 36038473 481376861 1573 254350 1472 -19 0 100576720 31 0
33.629 26 WP_MOVED 0 360326. 4813637. 260. 31
33.629 26 ATTITUDE 0.534852 2.842562 0.067604
33.718 26 NAVIGATION 4 0 99.96875 173. 0. 199.806778 26 20 20 0 0 0
33.736 26 ESTIMATOR 254.39241 -0.524326
33.736 26 DESIRED 0.017134 0.086205 2.436918 146.898071 117.809189 260. 0.588236 14.
33.737 26 ATTITUDE 0.514852 2.86971 0.068962
33.828 26 AIR_DATA 98313.9375 0. -1000. 1013.25 0. -1. -1.
33.828 26 GPS 3 36038579 481376526 1624 254452 1462 3 0 100576960 31 0
33.828 26 SVINFO 3 10 1 3 47 54 177
33.829 26 ATTITUDE 0.484852 2.908306 0.070933
33.912 26 FBW_STATUS 2 0 1 12.5 7.80113
33.928 26 DESIRED 0.017134 0.084727 2.436918 146.898071 117.809189 260. 0.588236 14.
33.929 26 ATTITUDE 0.464852 2.93264 0.072199
33.962 26 NAVIGATION 4 0 101.0625 169.5 0. 197.342041 26 20 20 0 0 0
34.028 26 ATTITUDE 0.434852 2.967081 0.074016
34.079 26 GPS 3 36038668 481376130 1680 254626 1448 34 0 100577240 31 0
34.129 26 WP_MOVED 1 360284. 4813595. 260. 31
34.130 26 DESIRED -0.053199 0.084997 2.440712 147.435852 114.541916 260. 0.600238 14.
34.130 26 ATTITUDE 0.414852 2.988685 0.075169
34.217 26 NAVIGATION 4 0 101.9375 166. 0. 194.800552 26 20 20 0 0 0
34.229 26 ESTIMATOR 254.25174 -0.470301
34.229 26 ATTITUDE 0.384852 3.019079 0.076804
34.328 26 GPS 3 36038719 481375789 1715 254814 1438 53 0 100577480 31 0
34.329 26 DESIRED -0.137225 0.08386 2.443292 147.860504 111.289841 260. 0.602993 14.
34.329 26 ATTITUDE 0.364852 3.038014 0.077825
34.429 26 NAVIGATION 4 0 102.4375 162.5 0. 194.800552 26 20 20 0 0 0
34.429 26 ATTITUDE 0.334852 3.064443 0.079247
34.461 26 NAVIGATION 4 0 102.4375 162.5 0. 192.092926 26 20 20 0 0 0
34.528 26 ENERGY 35 12.5 8.283911 103.548882 0.693896 8.67373
34.528 26 CIRCLE 49.5 100.099998 70.
34.528 26 AIRSPEED 14.23524 14. 14. 6.
34.529 26 DESIRED -0.17957 0.082018 2.441753 148.163452 108.194534 260. 0.599991 14.
34.529 26 ATTITUDE 0.314852 3.080757 0.080119
34.578 26 GPS 3 36038750 481375448 1748 255028 1427 55 0 100577720 31 0
34.579 26 SVINFO 6 13 1 6 45 40 327
34.629 26 WP_MOVED 2 360333.5 4813695. 260. 31
34.630 26 ATTITUDE 0.284852 3.103284 0.081304
34.716 26 NAVIGATION 4 0 102.78125 159. 0. 189.327713 27 21 21 0 0 0
34.729 26 FBW_STATUS 2 0 1 12.5 8.420858
34.729 26 ESTIMATOR 254.343918 -0.328054
34.730 26 DESIRED -0.228474 0.079309 2.439968 148.371002 105.052086 260. 0.593323 14.
34.730 26 ATTITUDE 0.264852 3.117013 0.08201
34.829 26 GPS_SOL 685 685 685 7
34.829 26 GPS 3 36038765 481375108 1775 255264 1417 68 0 100577960 31 0
34.829 26 ATTITUDE 0.234852 3.135683 0.082938
34.928 26 CALIBRATION 0. 0
34.929 26 DL_VALUE 32 0.
34.929 26 DESIRED -0.228474 0.077791 2.439968 148.371002 105.052086 260. 0.593323 14.
34.929 26 ATTITUDE 0.214852 3.14685 0.083465
34.962 26 NAVIGATION 4 0 102.875 155.5 0. 186.449768 27 21 21 0 0 0
35.028 26 ATTITUDE 0.184852 3.161691 0.084118
35.079 26 GPS 3 36038765 481374714 1802 255558 1406 108 0 100578240 31 0
35.079 26 SVINFO 1 8 1 1 48 0 78
35.129 26 AIR_DATA 98301.046875 0. -1000. 1013.25 0. -1. -1.
35.130 26 WP_MOVED 3 360294.09375 4813785. 260. 31
35.130 26 DESIRED -0.26838 0.073847 2.436243 148.477798 101.942612 260. 0.576953 14.
35.131 26 ATTITUDE 0.164852 3.170313 0.084453
35.217 26 NAVIGATION 4 0 102.875 151.5 0. 183.127045 27 21 21 0 0 0
35.229 26 ESTIMATOR 254.649384 -0.124767
35.230 26 ATTITUDE 0.134852 3.181344 0.084808
35.328 26 PPRZ_MODE 2 3 3 2 0 6
35.329 26 GPS 3 36038755 481374378 1817 255820 1399 103 0 100578480 31 0
35.330 26 DESIRED -0.307234 0.070048 2.433551 148.477356 98.234283 260. 0.56128 14.
35.330 26 ATTITUDE 0.114852 3.18743 0.084947
35.429 26 NAVIGATION 4 0 102.8125 148. 0. 183.127045 27 21 21 0 0 0
35.429 26 ATTITUDE 0.084852 3.194658 0.085001
35.463 26 NAVIGATION 4 0 102.8125 148. 0. 180.206573 27 21 21 0 0 0
35.530 26 AIRSPEED 13.899499 14. 14. 6.
35.530 26 DESIRED -0.319857 0.064383 2.433477 148.353699 94.813637 260. 0.532843 14.
35.530 26 ATTITUDE 0.064852 3.198208 0.084939
35.579 26 CIRCLE 49.5 100.099998 70.
35.580 26 GPS 3 36038738 481374044 1828 256087 1393 109 0 100578720 31 0
35.629 26 ENERGY 36 12.5 8.730082 109.126022 0.709592 8.869936
35.629 26 WP_MOVED 4 360416.3125 4813734. 260. 31
35.629 26 ATTITUDE 0.034852 3.201631 0.084683
35.719 26 NAVIGATION 4 0 102.625 145. 0. 177.642593 28 22 22 0 0 0
35.729 26 ESTIMATOR 255.128357 0.108719
35.729 26 DESIRED -0.332544 0.059745 2.433587 148.1483 91.822701 260. 0.511035 14.
35.730 26 ATTITUDE 0.014852 3.202642 0.084405
35.811 26 COMMANDS 3524,-2368,-191,0,0
35.828 26 GPS 3 36038719 481373711 1833 256354 1387 119 0 100578959 31 0
35.829 26 SVINFO 4 11 0 4 46 88 228
35.829 26 ATTITUDE -0.015148 3.202248 0.083832
35.913 26 FBW_STATUS 2 0 1 12.5 8.797773
35.930 26 DESIRED -0.332544 0.05966 2.433587 148.1483 91.822701 260. 0.511035 14.
35.930 26 ATTITUDE -0.035148 3.200708 0.083345
35.962 26 NAVIGATION 4 0 102.4375 141.5 0. 174.687408 28 22 22 0 0 0
36.029 26 ATTITUDE -0.065148 3.196476 0.082473
36.079 26 GPS 3 36038696 481373325 1833 256660 1382 117 0 100579240 31 0
36.080 26 SVINFO 5 12 1 5 45 78 278
36.129 26 COMMANDS 3528,-1789,-209,0,0
36.130 26 WP_MOVED 5 360421. 4813583.5 260. 31
36.131 26 DESIRED -0.33308 0.054746 2.437965 147.762802 88.082436 260. 0.475034 14.
36.131 26 ATTITUDE -0.085148 3.192367 0.08179
36.223 26 NAVIGATION 4 0 102.21875 137.5 0. 171.332779 28 22 22 0 0 0
36.230 26 ESTIMATOR 255.723969 0.341941
36.233 26 ATTITUDE -0.115148 3.184264 0.080632
36.328 26 GPS 3 36038679 481372994 1828 256914 1379 108 0 100579480 31 0
36.328 26 SVINFO 6 13 1 6 44 37 328
36.328 26 DESIRED -0.319371 0.051327 2.448114 147.095001 83.510406 260. 0.448556 14.
36.328 26 ATTITUDE -0.135148 3.177563 0.07978
36.429 26 DL_VALUE 33 0.
36.429 26 AIR_DATA 98285.242188 0. -1000. 1013.25 0. -1. -1.
36.430 26 NAVIGATION 4 0 102.0625 134.5 0. 171.332779 28 22 22 0 0 0
36.430 26 ATTITUDE -0.165148 3.165549 0.078381
36.461 26 NAVIGATION 4 0 102.0625 134.5 0. 168.840179 28 22 22 0 0 0
36.531 26 AIRSPEED 13.764538 14. 14. 6.
36.532 26 DESIRED -0.298706 0.045787 2.459856 146.404022 79.861168 260. 0.40748 14.
36.532 26 ATTITUDE -0.185148 3.156225 0.077382
36.579 26 GPS 3 36038669 481372664 1817 257155 1377 91 0 100579720 31 0
36.580 26 SVINFO 0 7 0 0 48 25 29
36.629 26 CIRCLE 49.5 100.099998 70.
36.629 26 WP_MOVED 6 360164.8125 4813664.5 260. 31
36.630 26 ATTITUDE -0.215148 3.140249 0.075769
36.717 26 NAVIGATION 4 0 101.9375 131. 0. 165.988724 29 23 23 0 0 0
36.728 26 FBW_STATUS 2 0 1 12.5 8.711639
36.729 26 ENERGY 36 12.5 8.708569 108.857109 0.725637 9.070492
36.729 26 ESTIMATOR 256.380524 0.550511
36.730 26 DESIRED -0.263535 0.042284 2.479326 145.345917 75.329865 260. 0.379683 14.
36.730 26 ATTITUDE -0.235148 3.128262 0.074625
36.829 26 GPS_SOL 678 678 678 7
36.830 26 GPS 3 36038669 481372333 1800 257380 1376 79 0 100579959 31 0
36.830 26 ATTITUDE -0.264307 3.108289 0.072817
36.880 26 WIND_INFO 26 5 0.7 0.4 0. 13.9
36.881 26 WIND_INFO_RET 5 0.7 0.4 0. 13.758263
36.929 26 DATALINK_REPORT 0 7 1864 839 0 0
36.930 26 DESIRED -0.263535 0.042973 2.479326 145.345917 75.329865 260. 0.379683 14.
36.930 26 ATTITUDE -0.282007 3.093729 0.071553
36.962 26 NAVIGATION 4 0 101.9375 127.5 0. 163.240631 29 23 23 0 0 0
37.029 26 ALIVE 128,247,33,237,150,226,125,96,211,120,85,14,103,22,52,69
37.029 26 CALIBRATION 0. 0
37.030 26 ATTITUDE -0.304766 3.070249 0.069585
37.082 26 GPS 3 36038685 481371949 1772 257618 1375 70 0 100580240 31 0
37.082 26 SVINFO 2 9 1 2 47 17 129
37.129 26 WP_MOVED 7 360558.40625 4813804.5 260. 31
37.130 26 DESIRED -0.213919 0.037301 2.506514 143.958923 70.477142 260. 0.338358 14.
37.130 26 ATTITUDE -0.31578 3.053736 0.068215
37.227 26 NAVIGATION 4 0 102.09375 124. 0. 160.621078 29 23 23 0 0 0
37.230 26 ESTIMATOR 257.036285 0.713698
37.230 26 ATTITUDE -0.325686 3.028162 0.066091
37.329 26 GPS 3 36038715 481371620 1747 257798 1376 54 0 100580480 31 0
37.330 26 DESIRED -0.139254 0.033393 2.542088 142.188446 65.331421 260. 0.310894 14.
37.331 26 ATTITUDE -0.327467 3.010877 0.064638
37.429 26 NAVIGATION 4 0 102.40625 120.5 0. 160.621078 29 23 23 0 0 0
37.429 26 ATTITUDE -0.32057 2.985272 0.062398
37.462 26 NAVIGATION 4 0 102.40625 120.5 0. 158.136932 29 23 23 0 0 0
37.529 26 AIRSPEED 13.800186 14. 14. 6.
37.530 26 DESIRED -0.069508 0.027278 2.585852 139.996735 59.970955 260. 0.271771 14.
37.530 26 ATTITUDE -0.310316 2.9688 0.060876
37.578 26 GPS 3 36038763 481371292 1717 257959 1378 38 0 100580720 31 0
37.629 26 WP_MOVED 8 360461.40625 4813640. 215. 31
37.629 26 ATTITUDE -0.285159 2.945659 0.058532
37.678 26 CIRCLE 49.5 100.099998 70.
37.733 26 NAVIGATION 4 0 102.875 117.5 0. 156.171432 30 24 24 0 0 0
37.734 26 AIR_DATA 98273.0625 0. -1000. 1013.25 0. -1. -1.
37.734 26 ESTIMATOR 257.642273 0.819901
37.735 26 DESIRED 0.009797 0.022868 2.630983 137.74881 55.243042 260. 0.247326 14.
37.735 26 ATTITUDE -0.265159 2.931563 0.056933
37.829 26 ENERGY 34 12.5 8.253548 103.169342 0.741185 9.264845
37.830 26 GPS 3 36038826 481370967 1690 258106 1380 42 0 100580959 31 0
37.831 26 ATTITUDE -0.235159 2.912456 0.054488
37.911 26 FBW_STATUS 2 0 1 12.5 8.241409
37.929 26 DL_VALUE 34 0.
37.930 26 DESIRED 0.009797 0.02203 2.630983 137.74881 55.243042 260. 0.247326 14.
37.930 26 ATTITUDE -0.215159 2.901059 0.052825
37.962 26 NAVIGATION 4 0 103.5 114.5 0. 154.345398 30 24 24 0 0 0
38.029 26 ATTITUDE -0.185159 2.885955 0.050294
38.079 26 GPS 3 36038916 481370590 1662 258270 1383 41 0 100581240 31 0
38.128 26 WP_MOVED 9 360312.8125 4813652. 185. 31
38.129 26 DESIRED 0.089191 0.016088 2.682043 135.172836 50.499935 260. 0.213481 14.
38.130 26 ATTITUDE -0.165159 2.877202 0.048573
38.232 26 NAVIGATION 4 0 104.40625 110.5 0. 152.022736 30 24 24 0 0 0
38.233 26 ESTIMATOR 258.166687 0.86826
38.233 26 ATTITUDE -0.135159 2.866027 0.045955
38.328 26 GPS 3 36039003 481370270 1647 258405 1384 35 0 100581480 31 0
38.329 26 DESIRED 0.192839 0.012036 2.755388 131.304413 44.350231 260. 0.192315 14.
38.329 26 ATTITUDE -0.115159 2.859874 0.044193
38.429 26 NAVIGATION 4 0 105.28125 107. 0. 152.022736 30 24 24 0 0 0
38.429 26 ATTITUDE -0.085159 2.852578 0.041519
38.461 26 NAVIGATION 4 0 105.28125 107. 0. 150.110428 30 24 24 0 0 0
38.529 26 AIRSPEED 13.858579 14. 14. 6.
38.529 26 DESIRED 0.258857 0.006814 2.823961 127.563858 39.222794 260. 0.16334 14.
38.530 26 ATTITUDE -0.065159 2.848996 0.039727
38.578 26 GPS 3 36039097 481369951 1636 258534 1385 28 0 100581720 31 0
38.629 26 WP_MOVED 10 360452.8125 4813581. 260. 31
38.630 26 ATTITUDE -0.035159 2.845542 0.037014
38.736 26 NAVIGATION 4 0 106.21875 104. 0. 148.65538 31 25 25 0 0 0
38.737 26 FBW_STATUS 2 0 1 12.5 7.993462
38.737 26 CIRCLE 49.5 100.099998 70.
38.737 26 ESTIMATOR 258.610626 0.871545
38.739 26 DESIRED 0.321272 0.003295 2.887284 124.136986 35.06678 260. 0.145745 14.
38.739 26 ATTITUDE -0.015159 2.844515 0.035194
38.827 26 GPS_SOL 670 670 670 7
38.828 26 GPS 3 36039193 481369632 1630 258654 1386 38 0 100581959 31 0
38.828 26 ATTITUDE 0.014841 2.844885 0.032455
38.929 26 ENERGY 33 12.5 7.939262 99.240784 0.755991 9.449918
38.930 26 DESIRED 0.321272 0.003812 2.887284 124.136986 35.06678 260. 0.145745 14.
38.930 26 ATTITUDE 0.044841 2.847546 0.029714
38.961 26 NAVIGATION 4 0 107.15625 101. 0. 147.253052 31 25 25 0 0 0
39.029 26 AIR_DATA 98264.96875 0. -1000. 1013.25 0. -1. -1.
39.030 26 ATTITUDE 0.064841 2.850594 0.027898
39.080 26 GPS 3 36039307 481369261 1631 258779 1387 29 0 100582240 31 0
39.080 26 SVINFO 3 10 1 3 46 63 180
39.129 26 CALIBRATION 0. 0
39.130 26 WP_MOVED 11 360169.5 4813757.5 260. 31
39.130 26 DESIRED 0.37835 0.001014 2.951537 120.584023 31.201073 260. 0.121928 14.
39.130 26 ATTITUDE 0.084841 2.854663 0.026088
39.211 26 NAVIGATION 4 0 108.34375 97. 0. 145.421341 31 25 25 0 0 0
39.234 26 ESTIMATOR 258.975708 0.840343
39.235 26 ATTITUDE 0.114841 2.862683 0.0234
39.329 26 GPS 3 36039400 481368941 1636 258869 1389 49 0 100582480 31 0
39.329 26 SVINFO 4 11 1 4 45 89 230
39.329 26 DESIRED 0.449884 -0.000187 3.037317 115.720436 26.514305 260. 0.107448 14.
39.329 26 ATTITUDE 0.134841 2.869311 0.021638
39.429 26 DL_VALUE 35 140.
39.429 26 NAVIGATION 4 0 109.25 94. 0. 145.421341 31 25 25 0 0 0
39.430 26 ATTITUDE 0.164841 2.881183 0.01904
39.462 26 NAVIGATION 4 0 109.25 94. 0. 144.123428 31 25 25 0 0 0
39.529 26 AIRSPEED 13.925512 14. 14. 6.
39.529 26 DESIRED 0.485707 -0.002001 3.102283 112.028542 23.352478 260. 0.088519 14.
39.529 26 ATTITUDE 0.184841 2.89039 0.017351
39.581 26 GPS 3 36039488 481368619 1647 258942 1391 37 0 100582720 31 0
39.583 26 SVINFO 5 12 1 5 44 74 280
39.629 26 WP_MOVED 0 360326. 4813637. 260. 31
39.629 26 ATTITUDE 0.214841 2.90615 0.014877
39.712 26 NAVIGATION 4 0 110.125 90.5 0. 142.540405 32 26 26 0 0 0
39.738 26 ESTIMATOR 259.258331 0.780302
39.739 26 DESIRED 0.529883 -0.002543 3.176118 107.69043 20.013329 260. 0.077801 14.
39.739 26 ATTITUDE 0.234841 2.917963 0.013274
39.779 26 CIRCLE 49.5 100.099998 70.
39.829 26 NAVIGATION_REF 360284 4813595 31 185.
39.829 26 GPS 3 36039567 481368294 1663 258994 1393 32 0 100582959 31 0
39.830 26 SVINFO 6 13 0 6 43 31 330
39.830 26 ATTITUDE 0.264841 2.93766 0.010948
39.911 26 FBW_STATUS 2 0 1 12.5 7.621769
39.930 26 DESIRED 0.529883 -0.001244 3.176118 107.69043 20.013329 260. 0.077801 14.
39.930 26 ATTITUDE 0.294841 2.959748 0.008722
39.963 26 NAVIGATION 4 0 110.9375 87.5 0. 141.291824 32 26 26 0 0 0
40.030 26 ENERGY 32 12.5 7.568138 94.60173 0.770211 9.627669
40.030 26 ATTITUDE 0.314841 2.975815 0.007302
40.079 26 GPS 3 36039643 481367910 1691 259027 1397 37 0 100583240 31 0
40.129 26 WP_MOVED 1 360284. 4813595. 260. 31
40.130 26 DESIRED 0.553487 -0.002206 3.240193 104.009415 17.463905 260. 0.064679 14.
40.130 26 ATTITUDE 0.334841 2.992965 0.00593
40.212 26 NAVIGATION 4 0 111.6875 83.5 0. 139.450165 32 26 26 0 0 0
40.236 26 PPRZ_MODE 2 3 3 2 0 6
40.237 26 ESTIMATOR 259.447388 0.692919
40.237 26 ATTITUDE 0.364841 3.020742 0.003969
40.329 26 AIR_DATA 98260.585938 0. -1000. 1013.25 0. -1. -1.
40.330 26 GPS 3 36039692 481367577 1717 259030 1400 7 0 100583480 31 0
40.330 26 SVINFO 1 8 1 1 47 0 81
40.330 26 DESIRED 0.581458 -0.001972 3.322118 99.078621 14.414757 260. 0.057969 14.
40.330 26 ATTITUDE 0.384841 3.040643 0.002732
40.430 26 NAVIGATION 4 0 112.15625 80.5 0. 139.450165 32 26 26 0 0 0
40.430 26 ATTITUDE 0.414841 3.072597 0.000983
40.461 26 NAVIGATION 4 0 112.15625 80.5 0. 138.055328 32 26 26 0 0 0
40.528 26 AIRSPEED 14.082779 14. 14. 6.
40.529 26 DESIRED 0.589977 -0.001677 3.382709 95.408936 12.393845 260. 0.051262 14.
40.529 26 ATTITUDE 0.434841 3.09532 -0.000107
40.579 26 GPS 3 36039720 481367241 1751 259007 1405 11 0 100583720 31 0
40.580 26 SVINFO 2 9 0 2 46 22 131
40.629 26 WP_MOVED 2 360333.5 4813695. 260. 31
40.629 26 ATTITUDE 0.464841 3.131568 -0.00163
40.712 26 NAVIGATION 4 0 112.4375 77. 0. 136.276154 33 27 27 0 0 0
40.737 26 FBW_STATUS 2 0 1 12.5 7.298294
40.737 26 ESTIMATOR 259.531342 0.579124
40.740 26 DESIRED 0.599064 -0.000634 3.451138 91.094696 10.267479 260. 0.049162 14.
40.740 26 ATTITUDE 0.484841 3.157198 -0.002568
40.811 26 COMMANDS 3028,725,-3,0,0
40.828 26 GPS_SOL 661 661 661 7
40.829 26 CIRCLE 49.5 100.099998 70.
40.829 26 GPS 3 36039725 481366903 1790 258958 1410 0 0 100583959 31 0
40.829 26 SVINFO 3 10 1 3 45 66 181
40.829 26 ATTITUDE 0.514841 3.197881 -0.003856
40.929 26 DL_VALUE 36 0.
40.929 26 DESIRED 0.599064 0.000789 3.451138 91.094696 10.267479 260. 0.049162 14.
40.930 26 ATTITUDE 0.534841 3.22652 -0.004633
40.963 26 NAVIGATION 4 0 112.5 73.5 0. 134.381912 33 27 27 0 0 0
41.029 26 ATTITUDE 0.564774 3.271799 -0.005676
41.079 26 GPS 3 36039697 481366508 1848 258864 1416 9 0 100584240 31 0
41.129 26 COMMANDS 2979,122,33,0,0
41.129 26 ENERGY 30 12.5 7.118612 88.982651 0.78369 9.79615
41.129 26 WP_MOVED 3 360294.09375 4813785. 260. 31
41.130 26 DESIRED 0.596612 0.002343 3.518046 86.75943 8.384483 260. 0.049652 14.
41.130 26 ATTITUDE 0.584384 3.303544 -0.006288
41.211 26 NAVIGATION 4 0 112.21875 69.5 0. 131.99733 33 27 27 0 0 0
41.237 26 AUTOPILOT_VERSION 51500 v5.15_devel-179-g9a29798-dirty
41.238 26 CALIBRATION 0. 0
41.238 26 ESTIMATOR 259.496307 0.438555
41.238 26 ATTITUDE 0.612101 3.353438 -0.007079
41.330 26 GPS 3 36039639 481366171 1897 258750 1422 1 0 100584480 31 0
41.331 26 DESIRED 0.571933 0.004275 3.592442 81.717514 6.49427 260. 0.052837 14.
41.331 26 ATTITUDE 0.62855 3.388108 -0.007521
41.429 26 NAVIGATION 4 0 111.65625 66.5 0. 131.99733 33 27 27 0 0 0
41.429 26 ATTITUDE 0.648326 3.441856 -0.008055
41.463 26 NAVIGATION 4 0 111.65625 66.5 0. 129.959091 33 27 27 0 0 0
41.527 26 AIRSPEED 14.332519 14. 14. 6.
41.527 26 DESIRED 0.548725 0.006854 3.64655 77.790863 5.233635 260. 0.061638 14.
41.527 26 ATTITUDE 0.65793 3.478573 -0.008326
41.577 26 GPS 3 36039547 481365841 1956 258605 1428 -13 0 100584720 31 0
41.631 26 AIR_DATA 98265.539062 0. -1000. 1013.25 0. -1. -1.
41.631 26 WP_MOVED 4 360416.3125 4813734. 260. 31
41.631 26 ATTITUDE 0.665838 3.53441 -0.008598
41.712 26 NAVIGATION 4 0 110.71875 63. 0. 127.387764 34 28 28 0 0 0
41.729 26 ESTIMATOR 259.329285 0.271531
41.729 26 DESIRED 0.51618 0.009103 3.709042 73.085327 3.955666 260. 0.070358 14.
41.729 26 ATTITUDE 0.66673 3.571769 -0.008694
41.829 26 GPS 3 36039418 481365522 2019 258434 1435 -27 0 100584959 31 0
41.829 26 SVINFO 0 7 0 0 47 17 32
41.829 26 ATTITUDE 0.661363 3.627385 -0.008709
41.879 26 CIRCLE 49.5 100.099998 70.
41.912 26 FBW_STATUS 2 0 1 12.5 6.727324
41.929 26 DESIRED 0.51618 0.009551 3.709042 73.085327 3.955666 260. 0.070358 14.
41.929 26 ATTITUDE 0.647791 3.681711 -0.008575
41.962 26 NAVIGATION 4 0 109.40625 60. 0. 124.778717 34 28 28 0 0 0
42.028 26 DATALINK_REPORT 5 7 2054 840 0 0
42.028 26 ATTITUDE 0.634773 3.716848 -0.008406
42.079 26 GPS 3 36039223 481365168 2099 258217 1443 -61 0 100585240 31 0
42.129 26 ALIVE 128,247,33,237,150,226,125,96,211,120,85,14,103,22,52,69
42.129 26 WP_MOVED 5 360421. 4813583.5 260. 31
42.130 26 DESIRED 0.467103 0.012321 3.761299 68.732407 2.991219 260. 0.087523 14.
42.130 26 ATTITUDE 0.618048 3.750855 -0.008171
42.212 26 NAVIGATION 4 0 107.5 56.5 0. 121.443405 34 28 28 0 0 0
42.228 26 ENERGY 29 12.5 6.623013 82.787659 0.796257 9.953241
42.228 26 ESTIMATOR 259.026581 0.082087
42.228 26 ATTITUDE 0.58851 3.799397 -0.007703
42.329 26 GPS 3 36039022 481364884 2153 258039 1448 -76 0 100585480 31 0
42.330 26 DESIRED 0.402281 0.014229 3.822752 63.391949 2.084625 260. 0.102112 14.
42.331 26 ATTITUDE 0.56851 3.830094 -0.007322
42.428 26 DL_VALUE 37 14.
42.428 26 NAVIGATION 4 0 105.5 53.5 0. 121.443405 34 28 28 0 0 0
42.429 26 ATTITUDE 0.53851 3.873726 -0.006647
42.461 26 NAVIGATION 4 0 105.5 53.5 0. 118.289902 34 28 28 0 0 0
42.530 26 AIRSPEED 14.526134 14. 14. 6.
42.531 26 DESIRED 0.380944 0.017461 3.876363 58.531876 1.517921 260. 0.126688 14.
42.531 26 ATTITUDE 0.51851 3.901252 -0.006138
42.580 26 GPS 3 36038795 481364620 2206 257887 1451 -62 0 100585720 31 0
42.629 26 WP_MOVED 6 360164.8125 4813664.5 260. 31
42.629 26 ATTITUDE 0.48851 3.940267 -0.005275
42.712 26 NAVIGATION 4 0 103.21875 50.5 0. 114.910225 35 29 29 0 0 0
42.739 26 FBW_STATUS 2 0 1 12.5 6.588316
42.740 26 ESTIMATOR 258.626801 -0.107624
42.740 26 DESIRED 0.352256 0.019459 3.931624 53.443253 1.183617 260. 0.144049 14.
42.741 26 ATTITUDE 0.46851 3.964797 -0.004642
42.828 26 GPS_SOL 651 651 651 7
42.829 26 GPS 3 36038547 481364375 2253 257768 1452 -40 0 100585959 31 0
42.829 26 SVINFO 4 11 1 4 44 89 232
42.829 26 ATTITUDE 0.43851 3.999432 -0.003613
42.929 26 AIR_DATA 98275.296875 0. -1000. 1013.25 0. -1. -1.
42.930 26 CIRCLE 49.5 100.099998 70.
42.930 26 DESIRED 0.352256 0.018701 3.931624 53.443253 1.183617 260. 0.144049 14.
42.930 26 ATTITUDE 0.41851 4.02111 -0.002876
42.961 26 NAVIGATION 4 0 100.71875 48.5 0. 111.787819 35 29 29 0 0 0
43.028 26 ATTITUDE 0.388518 4.051554 -0.001712
43.079 26 GPS 3 36038237 481364113 2303 257674 1449 -12 0 100586240 31 0
43.079 26 SVINFO 5 12 1 5 43 69 282
43.128 26 WP_MOVED 7 360558.40625 4813804.5 260. 31
43.129 26 DESIRED 0.313775 0.021735 3.969313 49.132923 1.105728 260. 0.170094 14.
43.129 26 ATTITUDE 0.368518 4.07049 -0.000889
43.211 26 NAVIGATION 4 0 97.625 46. 0. 107.919601 35 29 29 0 0 0
43.245 26 ESTIMATOR 258.218781 -0.259561
43.246 26 ATTITUDE 0.339007 4.096907 0.000397
43.328 26 CALIBRATION 0. 0
43.328 26 ENERGY 29 12.5 6.797054 84.963181 0.808449 10.105646
43.328 26 GPS 3 36037958 481363906 2334 257629 1446 -2 0 100586480 31 0
43.328 26 SVINFO 6 13 1 6 42 25 332
43.328 26 DESIRED 0.284922 0.02331 4.019751 43.723656 1.27372 260. 0.18685 14.
43.328 26 ATTITUDE 0.320256 4.113262 0.001281
43.428 26 NAVIGATION 4 0 94.84375 43.5 0. 107.919601 35 29 29 0 0 0
43.429 26 ATTITUDE 0.293422 4.136018 0.002645
43.461 26 NAVIGATION 4 0 94.84375 43.5 0. 104.343597 35 29 29 0 0 0
43.528 26 AIRSPEED 14.393571 14. 14. 6.
43.529 26 DESIRED 0.293473 0.0258 4.072992 38.635368 1.703049 260. 0.209554 14.
43.529 26 ATTITUDE 0.277128 4.150102 0.003569
43.580 26 GPS 3 36037670 481363714 2363 257612 1442 20 0 100586720 31 0
43.629 26 WP_MOVED 8 360461.40625 4813640. 215. 31
43.630 26 ATTITUDE 0.256327 4.169834 0.004985
43.711 26 NAVIGATION 4 0 91.96875 41.5 0. 100.898468 36 30 30 0 0 0
43.744 26 ESTIMATOR 257.877716 -0.349576
43.746 26 DESIRED 0.288116 0.027013 4.119121 33.897232 2.342369 260. 0.222628 14.
43.748 26 ATTITUDE 0.245359 4.182232 0.005941
43.828 26 GPS 3 36037375 481363535 2387 257617 1437 36 0 100586959 31 0
43.828 26 SVINFO 1 8 1 1 46 0 83
43.828 26 ATTITUDE 0.233435 4.20001 0.007383
43.912 26 FBW_STATUS 2 0 1 12.5 7.039389
43.928 26 DL_VALUE 38 0.346592
43.929 26 DESIRED 0.288116 0.026506 4.119121 33.897232 2.342369 260. 0.222628 14.
43.929 26 ATTITUDE 0.228481 4.211495 0.008349
43.962 26 NAVIGATION 4 0 89. 39.5 0. 97.371712 36 30 30 0 0 0
43.980 26 CIRCLE 49.5 100.099998 70.
44.028 26 ATTITUDE 0.225467 4.228477 0.009793
44.079 26 GPS 3 36037024 481363341 2412 257645 1430 30 0 100587240 31 0
44.080 26 SVINFO 2 9 1 2 45 28 133
44.129 26 WP_MOVED 9 360312.8125 4813652. 185. 31
44.130 26 DESIRED 0.295622 0.028754 4.168109 29.081615 3.23365 260. 0.238765 14.
44.130 26 ATTITUDE 0.226432 4.239813 0.010754
44.212 26 NAVIGATION 4 0 85.5 38. 0. 93.564148 36 30 30 0 0 0
44.240 26 AIR_DATA 98276.726562 0. -1000. 1013.25 0. -1. -1.
44.241 26 ESTIMATOR 257.645538 -0.373311
44.243 26 ATTITUDE 0.231858 4.257123 0.012186
44.328 26 GPS 3 36036719 481363186 2430 257681 1426 30 0 100587480 31 0
44.329 26 SVINFO 3 10 1 3 44 71 183
44.330 26 DESIRED 0.289518 0.029912 4.21245 24.047319 4.433067 260. 0.246983 14.
44.330 26 ATTITUDE 0.23769 4.269011 0.013129
44.429 26 ENERGY 31 12.5 7.221588 90.269852 0.821324 10.266569
44.430 26 NAVIGATION 4 0 82.4375 36.5 0. 93.564148 36 30 30 0 0 0
44.430 26 ATTITUDE 0.248757 4.287547 0.014527
44.462 26 NAVIGATION 4 0 82.4375 36.5 0. 90.156487 36 30 30 0 0 0
44.529 26 AIRSPEED 14.205308 14. 14. 6.
44.529 26 DESIRED 0.304193 0.031393 4.257716 19.532286 5.749931 260. 0.255729 14.
44.530 26 ATTITUDE 0.257219 4.300448 0.015443
44.579 26 GPS 3 36036409 481363042 2451 257724 1422 31 0 100587720 31 0
44.579 26 SVINFO 4 11 1 4 43 89 233
44.629 26 WP_MOVED 10 360452.8125 4813581. 260. 31
44.629 26 ATTITUDE 0.271425 4.320729 0.016792
44.712 26 NAVIGATION 4 0 79.34375 35. 0. 86.720413 37 31 31 0 0 0
44.745 26 FBW_STATUS 2 0 1 12.5 7.307156
44.745 26 ESTIMATOR 257.528259 -0.342631
44.745 26 DESIRED 0.312318 0.032212 4.30561 15.038647 7.296898 260. 0.259286 14.
44.746 26 ATTITUDE 0.281502 4.334918 0.017675
44.828 26 GPS_SOL 640 640 640 7
44.828 26 GPS 3 36036095 481362911 2473 257770 1419 31 0 100587959 31 0
44.828 26 SVINFO 5 12 1 5 42 66 283
44.829 26 ATTITUDE 0.296932 4.357241 0.018967
44.929 26 DESIRED 0.312318 0.032553 4.30561 15.038647 7.296898 260. 0.259286 14.
44.929 26 ATTITUDE 0.307128 4.372822 0.019807
44.962 26 NAVIGATION 4 0 76.21875 33.5 0. 83.25592 37 31 31 0 0 0
45.027 26 CIRCLE 49.5 100.099998 70.
45.028 26 ATTITUDE 0.321671 4.397207 0.021031
45.078 26 GPS 3 36035722 481362776 2505 257825 1415 27 0 100588240 31 0
45.078 26 SVINFO 6 13 1 6 41 22 333
45.129 26 PPRZ_MODE 2 3 3 2 0 6
45.130 26 WP_MOVED 11 360169.5 4813757.5 260. 31
45.130 26 DESIRED 0.319069 0.033245 4.355997 10.59671 9.069603 260. 0.261664 14.
45.130 26 ATTITUDE 0.330661 4.414102 0.021821
45.211 26 NAVIGATION 4 0 72.4375 32.5 0. 79.394218 37 31 31 0 0 0
45.248 26 ESTIMATOR 257.508575 -0.276745
45.250 26 ATTITUDE 0.34265 4.440307 0.022966
45.329 26 GPS 3 36035397 481362678 2531 257870 1413 30 0 100588480 31 0
45.329 26 SVINFO 0 7 0 0 46 12 34
45.330 26 DESIRED 0.307823 0.033476 4.405057 5.704334 11.31971 260. 0.26135 14.
45.330 26 ATTITUDE 0.349303 4.458276 0.0237
45.429 26 CALIBRATION 0. 0
45.429 26 DL_VALUE 39 -0.013077
45.430 26 NAVIGATION 4 0 69.21875 31.5 0. 79.394218 37 31 31 0 0 0
45.430 26 ATTITUDE 0.356566 4.485794 0.024755
45.461 26 NAVIGATION 4 0 69.21875 31.5 0. 76.049232 37 31 31 0 0 0
45.529 26 AIR_DATA 98274.101562 0. -1000. 1013.25 0. -1. -1.
45.529 26 ENERGY 32 12.5 7.401827 92.522835 0.834791 10.434908
45.530 26 AIRSPEED 14.119185 14. 14. 6.
45.530 26 DESIRED 0.310385 0.033241 4.45217 1.562298 13.486046 260. 0.258761 14.
45.530 26 ATTITUDE 0.359541 4.504395 0.025426
45.578 26 GPS 3 36035068 481362597 2562 257915 1412 50 0 100588720 31 0
45.629 26 WP_MOVED 0 360326. 4813637. 260. 31
45.630 26 ATTITUDE 0.361405 4.532484 0.026379
45.711 26 NAVIGATION 4 0 65.9375 30.5 0. 72.649872 38 32 32 0 0 0
45.741 26 ESTIMATOR 257.560944 -0.194315
45.743 26 DESIRED 0.30571 0.032819 4.502103 -2.536503 15.884789 260. 0.255857 14.
45.744 26 ATTITUDE 0.360391 4.560575 0.027265
45.812 26 COMMANDS 3076,-332,19,0,0
45.829 26 GPS 3 36034735 481362535 2594 257959 1411 33 0 100588959 31 0
45.830 26 ATTITUDE 0.358218 4.579193 0.027817
45.913 26 FBW_STATUS 2 0 1 12.5 7.413679
45.929 26 DESIRED 0.30571 0.032688 4.502103 -2.536503 15.884789 260. 0.255857 14.
45.930 26 ATTITUDE 0.354956 4.597647 0.028337
45.962 26 NAVIGATION 4 0 62.625 30. 0. 69.439835 38 32 32 0 0 0
46.028 26 ATTITUDE 0.34831 4.624908 0.029055
46.079 26 CIRCLE 49.5 100.099998 70.
46.080 26 GPS 3 36034343 481362486 2634 258013 1410 28 0 100589240 31 0
46.129 26 COMMANDS 3078,-296,-3,0,0
46.130 26 WP_MOVED 1 360284. 4813595. 260. 31
46.130 26 DESIRED 0.292727 0.03158 4.546128 -6.421963 18.413193 260. 0.250117 14.
46.130 26 ATTITUDE 0.342667 4.642725 0.02949
46.211 26 NAVIGATION 4 0 58.6875 29.5 0. 65.684647 38 32 32 0 0 0
46.248 26 ESTIMATOR 257.660736 -0.109336
46.248 26 ATTITUDE 0.332855 4.668807 0.030076
46.329 26 GPS 3 36034006 481362464 2662 258065 1409 16 0 100589480 31 0
46.329 26 DESIRED 0.278722 0.030522 4.600056 -10.881439 21.652046 260. 0.245389 14.
46.329 26 ATTITUDE 0.325676 4.685722 0.030423
46.429 26 NAVIGATION 4 0 55.34375 29. 0. 65.684647 38 32 32 0 0 0
46.429 26 ATTITUDE 0.313945 4.710319 0.030873
46.461 26 NAVIGATION 4 0 55.34375 29. 0. 62.481441 38 32 32 0 0 0
46.530 26 AIRSPEED 14.069998 14. 14. 6.
46.530 26 DESIRED 0.283297 0.028887 4.64952 -14.530754 24.601242 260. 0.237306 14.
46.530 26 ATTITUDE 0.305873 -1.557006 0.031128
46.578 26 GPS 3 36033668 481362459 2691 258123 1407 34 0 100589720 31 0
46.629 26 ENERGY 32 12.5 7.413679 92.67099 0.848375 10.604701
46.630 26 WP_MOVED 2 360333.5 4813695. 260. 31
46.630 26 ATTITUDE 0.294148 -1.534008 0.031436
46.712 26 NAVIGATION 4 0 51.9375 29. 0. 59.485325 39 33 33 0 0 0
46.728 26 FBW_STATUS 2 0 1 12.5 7.425537
46.728 26 ESTIMATOR 257.795319 -0.027806
46.729 26 DESIRED 0.27558 0.027547 4.694429 -18.060516 27.742714 260. 0.231271 14.
46.752 26 ATTITUDE 0.286933 -1.519169 0.031593
46.828 26 GPS_SOL 629 629 629 7
46.829 26 AIR_DATA 98270.382812 0. -1000. 1013.25 0. -1. -1.
46.829 26 GPS 3 36033331 481362470 2718 258189 1406 31 0 100589959 31 0
46.829 26 ATTITUDE 0.277229 -1.497571 0.031757
46.881 26 WIND_INFO 26 5 0.2 -0.3 0. 14.2
46.882 26 WIND_INFO_RET 5 0.2 -0.3 0. 14.046567
46.929 26 DL_VALUE 40 -0.
46.930 26 DESIRED 0.27558 0.027156 4.694429 -18.060516 27.742714 260. 0.231271 14.
46.930 26 ATTITUDE 0.271557 -1.483563 0.031818
46.962 26 NAVIGATION 4 0 48.5625 29. 0. 56.5625 39 33 33 0 0 0
47.029 26 ATTITUDE 0.264504 -1.463037 0.031841
47.079 26 GPS 3 36032939 481362502 2749 258273 1403 22 0 100590240 31 0
47.129 26 DATALINK_REPORT 0 8 2244 833 0 0
47.130 26 CIRCLE 49.5 100.099998 70.
47.130 26 WP_MOVED 3 360294.09375 4813785. 260. 31
47.130 26 DESIRED 0.277303 0.025347 4.741375 -21.416824 31.028992 260. 0.221341 14.
47.130 26 ATTITUDE 0.260934 -1.449609 0.031807
47.211 26 NAVIGATION 4 0 44.65625 29.5 0. 53.520374 39 33 33 0 0 0
47.247 26 ALIVE 128,247,33,237,150,226,125,96,211,120,85,14,103,22,52,69
47.251 26 ESTIMATOR 257.960632 0.049426
47.252 26 ATTITUDE 0.257345 -1.429726 0.031687
47.328 26 GPS 3 36032605 481362544 2771 258349 1402 32 0 100590480 31 0
47.328 26 SVINFO 1 8 0 1 45 2 85
47.328 26 DESIRED 0.271693 0.024017 4.791832 -25.127151 35.055489 260. 0.21393 14.
47.329 26 ATTITUDE 0.256091 -1.416572 0.031564
47.429 26 NAVIGATION 4 0 41.28125 30. 0. 53.520374 39 33 33 0 0 0
47.429 26 ATTITUDE 0.255593 -1.396887 0.031315
47.461 26 NAVIGATION 4 0 41.28125 30. 0. 51.030792 39 33 33 0 0 0
47.529 26 CALIBRATION 0. 0
47.529 26 AIRSPEED 13.997061 14. 14. 6.
47.529 26 DESIRED 0.281743 0.022123 4.837387 -28.174988 38.727402 260. 0.202155 14.
47.530 26 ATTITUDE 0.256189 -1.38374 0.031107
47.579 26 GPS 3 36032273 481362598 2794 258427 1400 7 0 100590720 31 0
47.580 26 SVINFO 2 9 0 2 44 34 135
47.628 26 WP_MOVED 4 360416.3125 4813734. 260. 31
47.628 26 ATTITUDE 0.258701 -1.363871 0.030732
47.712 26 NAVIGATION 4 0 37.96875 30.5 0. 48.701908 40 34 34 0 0 0
47.730 26 ENERGY 32 12.5 7.449261 93.115761 0.862007 10.775091
47.730 26 ESTIMATOR 258.151489 0.120896
47.730 26 DESIRED 0.287101 0.02086 4.884416 -31.000153 42.482948 260. 0.193909 14.
47.745 26 ATTITUDE 0.26129 -1.350466 0.030443
47.828 26 GPS 3 36031944 481362666 2816 258504 1399 0 0 100590959 31 0
47.829 26 SVINFO 3 10 0 3 43 76 185
47.829 26 ATTITUDE 0.266346 -1.330034 0.029958
47.912 26 FBW_STATUS 2 0 1 12.5 7.449261
47.930 26 DESIRED 0.287101 0.020927 4.884416 -31.000153 42.482948 260. 0.193909 14.
47.930 26 ATTITUDE 0.270396 -1.316152 0.029601
47.961 26 NAVIGATION 4 0 34.6875 31. 0. 46.521206 40 34 34 0 0 0
48.029 26 ATTITUDE 0.277178 -1.294881 0.029022
48.079 26 GPS 3 36031565 481362762 2845 258588 1397 13 0 100591240 31 0
48.079 26 SVINFO 4 11 1 4 42 89 235
48.129 26 AIR_DATA 98265.742188 0. -1000. 1013.25 0. -1. -1.
48.129 26 WP_MOVED 5 360421. 4813583.5 260. 31
48.130 26 DESIRED 0.294626 0.019163 4.933125 -33.61718 46.327015 260. 0.181235 14.
48.130 26 ATTITUDE 0.282127 -1.280374 0.028605
48.179 26 CIRCLE 49.5 100.099998 70.
48.211 26 NAVIGATION 4 0 30.875 32. 0. 44.466454 40 34 34 0 0 0
48.228 26 ESTIMATOR 258.355438 0.182567
48.229 26 ATTITUDE 0.289856 -1.258091 0.027939
48.329 26 GPS 3 36031244 481362860 2868 258654 1397 10 0 100591480 31 0
48.330 26 SVINFO 5 12 1 5 41 60 285
48.330 26 DESIRED 0.294705 0.018042 4.987941 -36.486748 51.046158 260. 0.172515 14.
48.330 26 ATTITUDE 0.294977 -1.242887 0.027474
48.429 26 DL_VALUE 41 0.1
48.430 26 NAVIGATION 4 0 27.6875 33. 0. 44.466454 40 34 34 0 0 0
48.430 26 ATTITUDE 0.302282 -1.219574 0.026743
48.462 26 NAVIGATION 4 0 27.6875 33. 0. 43.076649 40 34 34 0 0 0
48.529 26 AIRSPEED 13.971522 14. 14. 6.
48.530 26 DESIRED 0.300871 0.016316 5.034636 -38.711441 55.16959 260. 0.159687 14.
48.530 26 ATTITUDE 0.306718 -1.203721 0.026241
48.579 26 GPS 3 36030928 481362971 2894 258713 1396 1 0 100591720 31 0
48.580 26 SVINFO 6 13 1 6 40 17 335
48.629 26 WP_MOVED 6 360164.8125 4813664.5 260. 31
48.630 26 ATTITUDE 0.312751 -1.179518 0.025459
48.712 26 NAVIGATION 4 0 24.53125 34.5 0. 42.332401 41 35 35 0 0 0
48.728 26 FBW_STATUS 2 0 1 12.5 7.384056
48.729 26 ESTIMATOR 258.556152 0.229399
48.729 26 DESIRED 0.297541 0.015262 5.078809 -40.822098 59.579399 260. 0.15146 14.
48.730 26 ATTITUDE 0.31627 -1.163132 0.024922
48.828 26 NAVIGATION_REF 360284 4813595 31 185.
48.828 26 GPS_SOL 616 616 616 7
48.828 26 ENERGY 31 12.5 7.360378 92.00473 0.875603 10.945036
48.828 26 GPS 3 36030617 481363098 2921 258764 1397 -16 0 100591959 31 0
48.828 26 SVINFO 0 7 0 0 45 8 36
48.829 26 ATTITUDE 0.320571 -1.138242 0.024097
48.929 26 DESIRED 0.297541 0.015399 5.078809 -40.822098 59.579399 260. 0.15146 14.
48.929 26 ATTITUDE 0.322652 -1.12149 0.023537
48.961 26 NAVIGATION 4 0 21.40625 35.5 0. 41.454525 41 35 35 0 0 0
