6.440 26 NAVIGATION 2 1 0. 0. 0. 0. 0 11 11 1 0 0
6.460 26 FBW_STATUS 2 0 1 12.5 -4e-06
6.460 26 ESTIMATOR 185. 0.
6.461 26 DESIRED 0. 0. 0. 0. 0. 235. 0. 14.
6.461 26 ATTITUDE 0. 0. 0.
6.557 26 GPS_SOL 648 648 648 7
6.558 26 GPS 3 36028477 481359546 899 185000 0 21 0 100759960 31 0
6.558 26 SVINFO 0 7 0 0 47 75 12
6.559 26 ATTITUDE 0. 0. 0.
6.624 26 WIND_INFO 26 5 0. 0. 0. 0.
6.625 26 WIND_INFO_RET 5 0. 0. 0. 0.
6.657 26 DESIRED 0. 0. 0. 0. 0. 235. 0. 14.
6.658 26 ATTITUDE 0. 0. 0.
6.691 26 NAVIGATION 2 1 0. 0. 0. 0. 0 11 11 1 0 0
6.757 26 ENERGY 0 12.5 -4e-06 -4.8e-05 -0. -2e-06
6.757 26 ATTITUDE 0. 0. 0.
6.807 26 GPS 3 36028477 481359546 899 185000 0 17 0 100760240 31 0
6.807 26 SVINFO 1 8 0 1 48 32 62
6.857 26 WP_MOVED 7 360558.40625 4813804.5 260. 31
6.857 26 DESIRED 0. 0. 0. 0. 0. 235. 0. 14.
6.857 26 ATTITUDE 0. 0. 0.
6.940 26 NAVIGATION 2 1 0. 0. 0. 0. 0 11 11 1 0 0
6.957 26 ESTIMATOR 185. 0.
6.957 26 ATTITUDE 0. 0. 0.
7.057 26 GPS 3 36028477 481359546 899 185000 0 15 0 100760480 31 0
7.057 26 DESIRED 0. 0. 0. 0. 0. 235. 0. 14.
7.058 26 ATTITUDE 0. 0. 0.
7.158 26 NAVIGATION 2 1 0. 0. 0. 0. 0 11 11 1 0 0
7.158 26 ATTITUDE 0. 0. 0.
7.191 26 NAVIGATION 2 1 0. 0. 0. 0. 0 11 11 1 0 0
7.256 26 AIRSPEED 0. 14. 0. 6.
7.257 26 DESIRED 0. 0. 0. 0. 0. 235. 0. 14.
7.257 26 ATTITUDE 0. 0. 0.
7.308 26 GPS 3 36028477 481359546 899 185000 0 16 0 100760720 31 0
7.309 26 SVINFO 3 10 0 3 49 11 162
7.357 26 CALIBRATION 0. 0
7.358 26 WP_MOVED 8 360461.40625 4813640. 215. 31
7.358 26 ATTITUDE 0. 0. 0.
7.440 26 NAVIGATION 2 1 0. 0. 0. 0. 0 12 12 1 0 0
7.456 26 ESTIMATOR 185. 0.
7.456 26 DESIRED 0. 0. 0. 0. 0. 235. 0. 14.
7.456 26 ATTITUDE 0. 0. 0.
7.558 26 AIR_DATA 99126.804688 0. -1000. 1013.25 0. -1. -1.
7.558 26 GPS 3 36028477 481359546 899 185000 0 -2 0 100760960 31 0
7.559 26 ATTITUDE 0. 0. 0.
7.641 26 FBW_STATUS 2 0 1 12.5 -4e-06
7.657 26 AUTOPILOT_VERSION 51500 v5.15_devel-179-g9a29798-dirty
7.658 26 DL_VALUE 14 3.
7.658 26 DESIRED 0. 0. 0. 0. 0. 235. 0. 14.
7.658 26 ATTITUDE 0. 0. 0.
7.691 26 NAVIGATION 2 1 0. 0. 0. 0. 0 12 12 1 0 0
7.757 26 ATTITUDE 0. 0. 0.
7.807 26 GPS 3 36028477 481359546 899 185000 0 4 0 100761240 31 0
7.857 26 ENERGY 0 12.5 -4e-06 -4.8e-05 -0. -2e-06
7.857 26 WP_MOVED 9 360312.8125 4813652. 185. 31
7.857 26 DESIRED 0. 0. 0. 0. 0. 235. 0. 14.
7.857 26 ATTITUDE 0. 0. 0.
7.946 26 NAVIGATION 2 1 0. 0. 0. 0. 0 12 12 1 0 0
7.959 26 ESTIMATOR 185. 0.
7.960 26 ATTITUDE 0. 0. 0.
8.057 26 GPS 3 36028477 481359546 899 185000 0 0 0 100761480 31 0
8.058 26 DESIRED 0. 0. 0. 0. 0. 235. 0. 14.
8.058 26 ATTITUDE 0. 0. 0.
8.158 26 NAVIGATION 2 1 0. 0. 0. 0. 0 12 12 1 0 0
8.159 26 ATTITUDE 0. 0. 0.
8.190 26 NAVIGATION 2 1 0. 0. 0. 0. 0 12 12 1 0 0
8.258 26 AIRSPEED 0. 14. 0. 6.
8.258 26 DESIRED 0. 0. 0. 0. 0. 235. 0. 14.
8.258 26 ATTITUDE 0. 0. 0.
8.307 26 GPS 3 36028477 481359546 899 185000 0 9 0 100761720 31 0
8.357 26 WP_MOVED 10 360452.8125 4813581. 260. 31
8.357 26 ATTITUDE 0. 0. 0.
8.440 26 NAVIGATION 2 1 0. 0. 0. 0. 0 13 13 1 0 0
8.457 26 FBW_STATUS 2 0 1 12.5 -4e-06
8.457 26 ESTIMATOR 185. 0.
8.457 26 DESIRED 0. 0. 0. 0. 0. 235. 0. 14.
8.458 26 ATTITUDE 0. 0. 0.
8.557 26 GPS_SOL 659 659 659 7
8.557 26 GPS 3 36028477 481359546 899 185000 0 4 0 100761960 31 0
8.558 26 ATTITUDE 0. 0. 0.
8.658 26 DESIRED 0. 0. 0. 0. 0. 235. 0. 14.
8.658 26 ATTITUDE 0. 0. 0.
8.690 26 NAVIGATION 2 1 0. 0. 0. 0. 0 13 13 1 0 0
8.757 26 ATTITUDE 0. 0. 0.
8.807 26 GPS 3 36028477 481359546 899 185000 0 -2 0 100762240 31 0
8.807 26 SVINFO 2 9 0 2 49 1 113
8.858 26 AIR_DATA 99126.804688 0. -1000. 1013.25 0. -1. -1.
8.858 26 WP_MOVED 11 360169.5 4813757.5 260. 31
8.858 26 DESIRED 0. 0. 0. 0. 0. 235. 0. 14.
8.859 26 ATTITUDE 0. 0. 0.
8.940 26 NAVIGATION 2 1 0. 0. 0. 0. 0 13 13 1 0 0
8.957 26 ENERGY 0 12.5 -4e-06 -4.8e-05 -0. -2e-06
8.957 26 ESTIMATOR 185. 0.
8.957 26 ATTITUDE 0. 0. 0.
9.057 26 GPS 3 36028477 481359546 899 185000 0 -1 0 100762480 31 0
9.057 26 DESIRED 0. 0. 0. 0. 0. 235. 0. 14.
9.058 26 ATTITUDE 0. 0. 0.
9.158 26 DL_VALUE 15 50.
9.158 26 NAVIGATION 2 1 0. 0. 0. 0. 0 13 13 1 0 0
9.158 26 ATTITUDE 0. 0. 0.
9.190 26 NAVIGATION 2 1 0. 0. 0. 0. 0 13 13 1 0 0
9.258 26 AIRSPEED 0. 14. 0. 6.
9.258 26 DESIRED 0. 0. 0. 0. 0. 235. 0. 14.
9.258 26 ATTITUDE 0. 0. 0.
9.307 26 GPS 3 36028477 481359546 899 185000 0 21 0 100762720 31 0
9.357 26 WP_MOVED 0 360326. 4813637. 260. 31
9.358 26 ATTITUDE 0. 0. 0.
9.440 26 NAVIGATION 2 1 0. 0. 0. 0. 0 14 14 1 0 0
9.456 26 CALIBRATION 0. 0
9.456 26 ESTIMATOR 185. 0.
9.456 26 DESIRED 0. 0. 0. 0. 0. 235. 0. 14.
9.456 26 ATTITUDE 0. 0. 0.
9.557 26 GPS 3 36028477 481359546 899 185000 0 9 0 100762960 31 0
9.557 26 ATTITUDE 0. 0. 0.
9.641 26 FBW_STATUS 2 0 1 12.5 -4e-06
9.657 26 DESIRED 0. 0. 0. 0. 0. 235. 0. 14.
9.658 26 ATTITUDE 0. 0. 0.
9.691 26 NAVIGATION 2 1 0. 0. 0. 0. 0 14 14 1 0 0
9.759 26 ATTITUDE 0. 0. 0.
9.807 26 GPS 3 36028477 481359546 899 185000 0 24 0 100763240 31 0
9.857 26 WP_MOVED 1 360284. 4813595. 260. 31
9.857 26 DESIRED 0. 0. 0. 0. 0. 235. 0. 14.
9.857 26 ATTITUDE 0. 0. 0.
9.940 26 NAVIGATION 2 1 0. 0. 0. 0. 0 14 14 1 0 0
9.957 26 ESTIMATOR 185. 0.
9.957 26 ATTITUDE 0. 0. 0.
10.058 26 ENERGY 0 12.5 -4e-06 -4.8e-05 -0. -2e-06
10.059 26 GPS 3 36028477 481359546 899 185000 0 8 0 100763480 31 0
10.059 26 SVINFO 0 7 0 0 48 70 14
10.059 26 DESIRED 0. 0. 0. 0. 0. 235. 0. 14.
10.059 26 ATTITUDE 0. 0. 0.
10.157 26 AIR_DATA 99126.804688 0. -1000. 1013.25 0. -1. -1.
10.157 26 NAVIGATION 2 1 0. 0. 0. 0. 0 14 14 1 0 0
10.158 26 ATTITUDE 0. 0. 0.
10.190 26 NAVIGATION 2 1 0. 0. 0. 0. 0 14 14 1 0 0
10.257 26 AIRSPEED 0. 14. 0. 6.
10.257 26 DESIRED 0. 0. 0. 0. 0. 235. 0. 14.
10.257 26 ATTITUDE 0. 0. 0.
10.307 26 GPS 3 36028477 481359546 899 185000 0 23 0 100763720 31 0
10.358 26 WP_MOVED 2 360333.5 4813695. 260. 31
10.358 26 ATTITUDE 0. 0. 0.
10.440 26 NAVIGATION 2 1 0. 0. 0. 0. 0 15 15 1 0 0
10.457 26 FBW_STATUS 2 0 1 12.5 -4e-06
10.457 26 ESTIMATOR 185. 0.
10.457 26 DESIRED 0. 0. 0. 0. 0. 235. 0. 14.
10.457 26 ATTITUDE 0. 0. 0.
10.541 26 COMMANDS 0,0,0,0,0
10.558 26 PPRZ_MODE 2 1 2 0 0 6
10.558 26 GPS_SOL 668 668 668 7
10.558 26 GPS 3 36028477 481359546 899 185000 0 12 0 100763960 31 0
10.559 26 ATTITUDE 0. 0. 0.
10.657 26 DL_VALUE 16 50.
10.657 26 DESIRED 0. 0. 0. 0. 0. 235. 0. 14.
10.658 26 ATTITUDE 0. 0. 0.
10.691 26 NAVIGATION 2 1 0. 0. 0. 0. 0 15 15 1 0 0
10.757 26 ATTITUDE 0. 0. 0.
10.807 26 GPS 3 36028477 481359546 899 185000 0 -5 0 100764240 31 0
10.858 26 COMMANDS 0,0,0,0,0
10.858 26 WP_MOVED 3 360294.09375 4813785. 260. 31
10.858 26 DESIRED 0. 0. 0. 0. 0. 235. 0. 14.
10.858 26 ATTITUDE 0. 0. 0.
10.939 26 NAVIGATION 2 1 0. 0. 0. 0. 0 15 15 1 0 0
10.956 26 ESTIMATOR 185. 0.
10.956 26 ATTITUDE 0. 0. 0.
11.058 26 GPS 3 36028477 481359546 899 185000 0 1 0 100764480 31 0
11.059 26 DESIRED 0. 0. 0. 0. 0. 235. 0. 14.
11.059 26 ATTITUDE 0. 0. 0.
11.157 26 DATALINK_REPORT 4 2 936 818 0 0
11.157 26 ENERGY 0 12.5 -4e-06 -4.8e-05 -0. -2e-06
11.157 26 NAVIGATION 2 1 0. 0. 0. 0. 0 15 15 1 0 0
11.158 26 ATTITUDE 0. 0. 0.
11.191 26 NAVIGATION 2 1 0. 0. 0. 0. 0 15 15 1 0 0
11.257 26 ALIVE 128,247,33,237,150,226,125,96,211,120,85,14,103,22,52,69
11.258 26 AIRSPEED 0. 14. 0. 6.
11.258 26 DESIRED 0. 0. 0. 0. 0. 235. 0. 14.
11.258 26 ATTITUDE 0. 0. 0.
11.308 26 GPS 3 36028477 481359546 899 185000 0 -13 0 100764720 31 0
11.358 26 WP_MOVED 4 360416.3125 4813734. 260. 31
11.358 26 ATTITUDE 0. 0. 0.
11.440 26 NAVIGATION 2 1 0. 0. 0. 0. 0 16 16 1 0 0
11.457 26 AIR_DATA 99126.804688 0. -1000. 1013.25 0. -1. -1.
11.457 26 ESTIMATOR 185. 0.
11.457 26 DESIRED 0. 0. 0. 0. 0. 235. 0. 14.
11.457 26 ATTITUDE 0. 0. 0.
11.519 26 SETTING 10 26 1.
11.520 26 DL_VALUE 10 1.
11.557 26 CALIBRATION 0. 0
11.557 26 GPS 3 36028477 481359546 899 185000 0 -1 0 100765000 31 0
11.558 26 ATTITUDE 0. 0. 0.
11.641 26 FBW_STATUS 2 0 1 12.5 -4e-06
11.658 26 DESIRED 0. 0. 0. 0. 0. 235. 0. 14.
11.658 26 ATTITUDE 0. 0. 0.
11.690 26 NAVIGATION 2 1 0. 0. 0. 0. 0 16 16 1 0 0
11.757 26 ATTITUDE 0. 0. 0.
11.807 26 GPS 3 36028477 481359546 899 185000 0 -8 0 100765240 31 0
11.858 26 WP_MOVED 5 360421. 4813583.5 260. 31
11.858 26 DESIRED 0. 0. 0. 0. 0. 235. 0. 14.
11.859 26 ATTITUDE 0. 0. 0.
11.941 26 NAVIGATION 2 1 0. 0. 0. 0. 0 16 16 1 0 0
11.958 26 ESTIMATOR 185. 0.
11.958 26 ATTITUDE 0. 0. 0.
12.057 26 GPS 3 36028477 481359546 899 185000 0 -16 0 100765480 31 0
12.058 26 SVINFO 1 8 0 1 49 23 65
12.058 26 DESIRED 0. 0. 0. 0. 0. 235. 0. 14.
12.058 26 ATTITUDE 0. 0. 0.
12.158 26 DL_VALUE 17 0.
12.158 26 NAVIGATION 2 1 0. 0. 0. 0. 0 16 16 1 0 0
12.159 26 ATTITUDE 0. 0. 0.
12.191 26 NAVIGATION 2 1 0. 0. 0. 0. 0 16 16 1 0 0
12.256 26 ENERGY 0 12.5 -4e-06 -4.8e-05 -0. -2e-06
12.256 26 AIRSPEED 0. 14. 0. 6.
12.257 26 DESIRED 0. 0. 0. 0. 0. 235. 0. 14.
12.257 26 ATTITUDE 0. 0. 0.
12.308 26 GPS 3 36028477 481359546 899 185000 0 -4 0 100765720 31 0
12.329 26 BLOCK 3 26
12.329 26 NAVIGATION 3 0 0. 0. 0. 0. 0 0 0 1 0 0
12.357 26 WP_MOVED 6 360164.8125 4813664.5 260. 31
12.357 26 ATTITUDE 0. 0. 0.
12.441 26 NAVIGATION 3 2 0. 0. 198.624115 0. 0 1 0 0 0 0
12.456 26 FBW_STATUS 2 0 1 12.5 -4e-06
12.456 26 ESTIMATOR 185. 0.
12.457 26 DESIRED -0.508721 0.261799 5.668788 -114.5 162.300003 235. 0. 14.
12.457 26 ATTITUDE 0. 0. 0.
12.558 26 NAVIGATION_REF 360284 4813595 31 185.
12.560 26 GPS_SOL 676 676 676 7
12.560 26 GPS 3 36028477 481359546 899 185000 0 3 0 100765960 31 0
12.560 26 ATTITUDE -0.010751 -0.000359 0.000882
12.658 26 DESIRED -0.508721 0.262336 5.668788 -114.5 162.300003 235. 0. 14.
12.658 26 ATTITUDE -0.030751 -0.001619 0.002912
12.691 26 NAVIGATION 3 2 0. 0. 198.624115 0. 0 1 0 0 0 0
12.756 26 AIR_DATA 99126.804688 0. -1000. 1013.25 0. -1. -1.
12.757 26 ATTITUDE -0.060751 -0.005246 0.008018
12.807 26 GPS 3 36028476 481359896 3599 185014 1458 -15 0 100766240 31 0
12.857 26 WP_MOVED 7 360558.40625 4813804.5 260. 31
12.858 26 DESIRED -0.324402 0.263209 5.668788 -114.5 162.300003 235. 0. 14.
12.858 26 ATTITUDE -0.080751 -0.008778 0.012728
12.941 26 NAVIGATION 3 2 0. 3.5 195.774597 3.5 0 1 0 0 0 0
12.959 26 ESTIMATOR 185.002472 0.001145
12.959 26 ATTITUDE -0.110751 -0.015689 0.021615
13.057 26 GPS 3 36028473 481360266 3594 185100 1541 13 0 100766480 31 0
13.058 26 DESIRED -0.521647 0.264081 5.658483 -114.5 162.300003 235. 0. 14.
13.058 26 ATTITUDE -0.130751 -0.021348 0.028658
13.158 26 NAVIGATION 3 2 -0.03125 7. 195.774597 3.5 0 1 0 0 0 0
13.159 26 ATTITUDE -0.160751 -0.031385 0.040733
13.191 26 NAVIGATION 3 2 -0.03125 7. 192.927933 7.00007 0 1 0 0 0 0
13.257 26 AIRSPEED 16.339718 14. 0. 6.
13.257 26 DESIRED -0.551049 0.264954 5.648004 -114.5 162.300003 235. 0. 14.
13.257 26 ATTITUDE -0.180751 -0.039101 0.049685
13.308 26 GPS 3 36028462 481360651 3584 185300 1604 50 0 100766720 31 0
13.357 26 ENERGY 88 12.5 27.672886 345.911072 0.04074 0.509255
13.357 26 WP_MOVED 8 360461.40625 4813640. 215. 31
13.358 26 ATTITUDE -0.210751 -0.052204 0.064274
13.441 26 TAKEOFF 27
13.442 26 NAVIGATION 3 2 -0.125 11. 189.666367 11.00071 1 2 1 0 0 0
13.457 26 ESTIMATOR 185.077835 0.034327
13.457 26 DESIRED -0.567823 0.265827 5.635888 -114.5 162.300003 235. 0. 14.
13.457 26 ATTITUDE -0.230751 -0.061962 0.074652
13.557 26 GPS 3 36028443 481361047 3571 185637 1650 107 0 100766960 31 0
13.558 26 SVINFO 0 7 0 0 49 64 16
13.558 26 ATTITUDE -0.260751 -0.078142 0.090999
13.642 26 FBW_STATUS 2 0 1 12.5 27.672886
13.657 26 CALIBRATION 0. 0
13.657 26 DL_VALUE 18 1.
13.658 26 DESIRED -0.567823 0.266699 5.635888 -114.5 162.300003 235. 0. 14.
13.658 26 ATTITUDE -0.280751 -0.089969 0.102292
13.691 26 NAVIGATION 3 2 -0.3125 15. 186.376175 15.003255 1 2 1 0 0 0
13.758 26 ATTITUDE -0.310751 -0.109294 0.119626
13.807 26 GPS 3 36028403 481361516 3549 186219 1684 215 0 100767240 31 0
13.857 26 WP_MOVED 9 360312.8125 4813652. 185. 31
13.858 26 DESIRED -0.571094 0.267572 5.623748 -114.5 162.300003 235. 0. 14.
13.858 26 ATTITUDE -0.330751 -0.123253 0.131324
13.940 26 NAVIGATION 3 2 -0.71875 19.5 182.587006 19.513241 1 2 1 0 0 0
13.956 26 ESTIMATOR 185.421555 0.177439
13.957 26 ATTITUDE -0.360751 -0.145842 0.148906
14.057 26 AIR_DATA 99104.703125 0. -1000. 1013.25 0. -1. -1.
14.057 26 GPS 3 36028351 481361921 3527 186881 1700 276 0 100767480 31 0
14.058 26 DESIRED -0.556494 0.268445 5.610406 -114.5 162.300003 235. 0. 14.
14.058 26 ATTITUDE -0.380751 -0.162026 0.16054
14.158 26 NAVIGATION 3 2 -1.21875 23.5 182.587006 19.513241 1 2 1 0 0 0
14.158 26 ATTITUDE -0.410751 -0.188036 0.177705
14.191 26 NAVIGATION 3 2 -1.21875 23.5 179.159378 23.531582 1 2 1 0 0 0
14.258 26 AIRSPEED 17.070887 14. 0. 6.
14.258 26 DESIRED -0.53315 0.269317 5.598676 -114.5 162.300003 235. 0. 14.
14.258 26 ATTITUDE -0.430751 -0.206564 0.188847
14.307 26 GPS 3 36028280 481362325 3499 187687 1706 335 0 100767720 31 0
14.357 26 WP_MOVED 10 360452.8125 4813581. 260. 31
14.357 26 ATTITUDE -0.460751 -0.236194 0.205013
14.440 26 NAVIGATION 3 2 -1.9375 28. 175.233582 28.066954 2 3 2 0 0 0
14.457 26 FBW_STATUS 2 0 1 12.5 27.672886
14.457 26 ENERGY 88 12.5 27.672886 345.911072 0.091474 1.143425
14.457 26 ESTIMATOR 186.226257 0.488245
14.457 26 DESIRED -0.498519 0.27019 5.585616 -114.5 162.300003 235. 0. 14.
14.457 26 ATTITUDE -0.480751 -0.257209 0.215353
14.557 26 GPS_SOL 683 683 683 7
14.558 26 GPS 3 36028186 481362723 3467 188621 1704 400 0 100767960 31 0
14.558 26 ATTITUDE -0.509945 -0.290664 0.230116
14.658 26 DESIRED -0.498519 0.271006 5.585616 -114.5 162.300003 235. 0. 14.
14.658 26 ATTITUDE -0.527506 -0.314199 0.239409
14.690 26 NAVIGATION 3 2 -2.90625 31.5 171.935471 31.633783 2 3 2 0 0 0
14.758 26 ATTITUDE -0.549096 -0.351129 0.252466
14.806 26 GPS 3 36028044 481363176 3423 189848 1695 459 0 100768240 31 0
14.858 26 WP_MOVED 11 360169.5 4813757.5 260. 31
14.859 26 DESIRED -0.448452 0.271535 5.576858 -114.5 162.300003 235. 0. 14.
14.859 26 ATTITUDE -0.557834 -0.376547 0.260551
14.940 26 NAVIGATION 3 2 -4.3125 36. 167.609589 36.257381 2 3 2 0 0 0
14.956 26 ESTIMATOR 187.603424 0.979404
14.956 26 ATTITUDE -0.562061 -0.415247 0.271721
15.057 26 GPS 3 36027893 481363551 3380 190993 1683 493 0 100768480 31 0
15.057 26 DESIRED -0.376069 0.271548 5.565814 -114.5 162.300003 235. 0. 14.
15.058 26 ATTITUDE -0.558578 -0.441052 0.278513
15.156 26 DL_VALUE 19 1013.25
15.157 26 NAVIGATION 3 2 -5.84375 40. 167.609589 36.257381 2 3 2 0 0 0
15.157 26 ATTITUDE -0.541036 -0.478916 0.287714
15.190 26 NAVIGATION 3 2 -5.84375 40. 163.595459 40.424614 2 3 2 0 0 0
15.257 26 AIRSPEED 16.602686 14. 0. 6.
15.258 26 DESIRED -0.311102 0.27092 5.556794 -114.5 162.300003 235. 0. 14.
15.258 26 ATTITUDE -0.522583 -0.503153 0.29319
15.307 26 GPS 3 36027715 481363910 3336 192211 1668 528 0 100768720 31 0
15.358 26 AIR_DATA 99042.09375 0. -1000. 1013.25 0. -1. -1.
15.358 26 WP_MOVED 0 360326. 4813637. 260. 31
15.358 26 ATTITUDE -0.492583 -0.537665 0.30043
15.440 26 NAVIGATION 3 2 -7.59375 43.5 159.819855 44.157841 3 4 3 0 0 0
15.457 26 PPRZ_MODE 2 1 3 0 0 6
15.457 26 ESTIMATOR 189.569077 1.616329
15.457 26 DESIRED -0.238641 0.270048 5.550434 -114.5 162.300003 235. 0. 14.
15.458 26 ATTITUDE -0.472583 -0.559461 0.304617
15.541 26 COMMANDS 8524,1489,-241,0,0
15.558 26 ENERGY 88 12.5 27.672886 345.911072 0.142208 1.777594
15.558 26 GPS 3 36027514 481364252 3295 193499 1653 567 0 100768960 31 0
15.558 26 ATTITUDE -0.442583 -0.590366 0.309971
15.640 26 FBW_STATUS 2 0 1 12.5 27.672886
15.657 26 DESIRED -0.238641 0.269175 5.550434 -114.5 162.300003 235. 0. 14.
15.657 26 ATTITUDE -0.422583 -0.609792 0.312942
15.691 26 NAVIGATION 3 2 -9.625 47. 155.861649 47.975418 3 4 3 0 0 0
15.758 26 CALIBRATION 0. 0
15.758 26 ATTITUDE -0.392583 -0.637187 0.316547
15.808 26 GPS 3 36027256 481364630 3253 195078 1633 583 0 100769240 31 0
15.857 26 COMMANDS 8524,1377,-325,0,0
15.857 26 WP_MOVED 1 360284. 4813595. 260. 31
15.857 26 DESIRED -0.174659 0.268302 5.545101 -114.5 162.300003 235. 0. 14.
15.858 26 ATTITUDE -0.372583 -0.654298 0.31841
15.940 26 NAVIGATION 3 2 -12.1875 51. 151.180481 52.436008 3 4 3 0 0 0
15.957 26 ESTIMATOR 192.056732 2.341259
15.958 26 ATTITUDE -0.342583 -0.678247 0.320447
16.057 26 GPS 3 36027019 481364936 3222 196478 1615 586 0 100769480 31 0
16.057 26 DESIRED -0.109133 0.26743 5.539836 -114.5 162.300003 235. 0. 14.
16.058 26 ATTITUDE -0.322583 -0.693076 0.321331
16.158 26 NAVIGATION 3 2 -14.5625 54. 151.180481 52.436008 3 4 3 0 0 0
16.159 26 ATTITUDE -0.292583 -0.71362 0.322007
16.191 26 NAVIGATION 3 2 -14.5625 54. 147.364838 55.929119 3 4 3 0 0 0
16.257 26 DATALINK_REPORT 4 4 1117 813 0 0
16.257 26 AIRSPEED 15.896437 14. 0. 6.
16.257 26 DESIRED -0.065048 0.266557 5.537924 -114.5 162.300003 235. 0. 14.
16.257 26 ATTITUDE -0.272583 -0.726186 0.322057
16.307 26 GPS 3 36026771 481365229 3197 197902 1598 596 0 100769720 31 0
16.358 26 ALIVE 128,247,33,237,150,226,125,96,211,120,85,14,103,22,52,69
16.358 26 WP_MOVED 2 360333.5 4813695. 260. 31
16.358 26 ATTITUDE -0.242583 -0.743344 0.32159
16.440 26 NAVIGATION 3 2 -17.03125 56.5 143.853394 59.011131 4 5 4 0 0 0
16.457 26 FBW_STATUS 2 0 1 12.5 27.672886
16.457 26 ESTIMATOR 194.98851 3.098835
16.457 26 DESIRED -0.023585 0.265684 5.538751 -114.5 162.300003 235. 0. 14.
16.457 26 ATTITUDE -0.222583 -0.753656 0.320952
16.557 26 GPS_SOL 689 689 689 7
16.557 26 GPS 3 36026514 481365510 3175 199334 1583 595 0 100769960 31 0
16.557 26 ATTITUDE -0.192583 -0.767434 0.319558
16.625 26 WIND_INFO 26 5 0.2 3. 0. 14.
16.626 26 WIND_INFO_RET 5 0.2 3. 0. 15.710521
16.658 26 DL_VALUE 20 1.
16.659 26 AIR_DATA 98958.484375 0. -1000. 1013.25 0. -1. -1.
16.659 26 ENERGY 88 12.5 27.672886 345.911072 0.192941 2.411769
16.659 26 DESIRED -0.023585 0.264812 5.538751 -114.5 162.300003 235. 0. 14.
16.660 26 ATTITUDE -0.172583 -0.775491 0.318371
16.691 26 NAVIGATION 3 2 -19.625 59.5 139.889618 62.652939 4 5 4 0 0 0
16.758 26 ATTITUDE -0.142583 -0.785886 0.316256
16.807 26 GPS 3 36026208 481365825 3156 200993 1568 582 0 100770240 31 0
16.858 26 WP_MOVED 3 360294.09375 4813785. 260. 31
16.858 26 DESIRED 0.006183 0.263939 5.537857 -114.5 162.300003 235. 0. 14.
16.858 26 ATTITUDE -0.122583 -0.791685 0.314654
16.942 26 NAVIGATION 3 2 -22.65625 62.5 135.629333 66.479736 4 5 4 0 0 0
16.958 26 ESTIMATOR 198.213409 3.819655
16.958 26 ATTITUDE -0.092583 -0.798687 0.312009
17.057 26 GPS 3 36025942 481366087 3145 202396 1557 586 0 100770480 31 0
17.057 26 DESIRED 0.036582 0.263066 5.539279 -114.5 162.300003 235. 0. 14.
17.058 26 ATTITUDE -0.072583 -0.802221 0.310111
17.157 26 NAVIGATION 3 2 -25.3125 65.5 135.629333 66.479736 4 5 4 0 0 0
17.157 26 ATTITUDE -0.042583 -0.805818 0.307104
17.191 26 NAVIGATION 3 2 -25.3125 65.5 131.623138 70.220886 4 5 4 0 0 0
17.258 26 AIRSPEED 15.458682 14. 0. 6.
17.258 26 DESIRED 0.04849 0.262194 5.538694 -114.5 162.300003 235. 0. 14.
17.258 26 ATTITUDE -0.022583 -0.807077 0.305016
17.308 26 GPS 3 36025674 481366345 3139 203771 1549 593 0 100770720 31 0
17.358 26 WP_MOVED 4 360416.3125 4813734. 260. 31
17.358 26 ATTITUDE 0.007383 -0.807255 0.301794
17.441 26 NAVIGATION 3 2 -28.03125 68. 127.942703 73.55101 5 6 5 0 0 0
17.460 26 ESTIMATOR 201.590683 4.448411
17.460 26 DESIRED 0.059021 0.262273 5.541082 -114.5 162.300003 235. 0. 14.
17.460 26 ATTITUDE 0.027135 -0.806237 0.299608
17.558 26 GPS 3 36025407 481366601 3137 205117 1543 580 0 100770960 31 0
17.559 26 ATTITUDE 0.055287 -0.803069 0.296307
17.641 26 FBW_STATUS 2 0 1 12.5 27.672886
17.658 26 DESIRED 0.059021 0.263064 5.541082 -114.5 162.300003 235. 0. 14.
17.658 26 ATTITUDE 0.072446 -0.799936 0.294113
17.692 26 NAVIGATION 3 2 -30.65625 70.5 124.326241 76.876884 5 6 5 0 0 0
17.758 26 ENERGY 88 12.5 27.672886 345.911072 0.243675 3.045946
17.758 26 ATTITUDE 0.094685 -0.793894 0.290865
17.807 26 GPS 3 36025097 481366902 3141 206645 1540 553 0 100771240 31 0
17.857 26 CALIBRATION 0. 0
17.857 26 WP_MOVED 5 360421. 4813583.5 260. 31
17.858 26 DESIRED 0.06033 0.26366 5.543054 -114.5 162.300003 235. 0. 14.
17.858 26 ATTITUDE 0.1066 -0.789119 0.288746
17.941 26 NAVIGATION 3 2 -33.78125 73.5 120.00399 80.891426 5 6 5 0 0 0
17.958 26 AIR_DATA 98872.75 0. -1000. 1013.25 0. -1. -1.
17.958 26 ESTIMATOR 204.961365 4.939496
17.958 26 ATTITUDE 0.119631 -0.781125 0.28566
18.058 26 GPS 3 36024835 481367162 3148 207919 1539 538 0 100771480 31 0
18.058 26 DESIRED 0.054036 0.263979 5.545423 -114.5 162.300003 235. 0. 14.
18.059 26 ATTITUDE 0.124911 -0.775424 0.283675
18.156 26 DL_VALUE 21 0.
18.157 26 NAVIGATION 3 2 -36.375 76. 120.00399 80.891426 5 6 5 0 0 0
18.157 26 ATTITUDE 0.127509 -0.766643 0.28082
18.191 26 NAVIGATION 3 2 -36.375 76. 116.409645 84.256401 5 6 5 0 0 0
18.258 26 AIRSPEED 15.416065 14. 0. 6.
18.258 26 DESIRED 0.042434 0.263997 5.547465 -114.5 162.300003 235. 0. 14.
18.259 26 ATTITUDE 0.125902 -0.760822 0.279008
18.307 26 GPS 3 36024577 481367428 3158 209165 1540 525 0 100771720 31 0
18.358 26 WP_MOVED 6 360164.8125 4813664.5 260. 31
18.358 26 ATTITUDE 0.118541 -0.752447 0.276433
18.440 26 NAVIGATION 3 2 -39. 78.5 112.794907 87.654152 6 7 6 0 0 0
18.457 26 FBW_STATUS 2 0 1 12.5 27.672886
18.457 26 ESTIMATOR 208.232986 5.280496
18.457 26 DESIRED 0.029021 0.263733 5.549843 -114.5 162.300003 235. 0. 14.
18.457 26 ATTITUDE 0.110766 -0.747264 0.274818
18.557 26 GPS_SOL 693 693 693 7
18.558 26 GPS 3 36024324 481367697 3168 210386 1542 520 0 100771960 31 0
18.558 26 ATTITUDE 0.095505 -0.740322 0.272549
18.657 26 DESIRED 0.029021 0.263254 5.549843 -114.5 162.300003 235. 0. 14.
18.657 26 ATTITUDE 0.083324 -0.736364 0.271142
18.692 26 NAVIGATION 4 0 -41.5 81.5 0. 91.457642 6 0 0 0 0 0
18.757 26 AUTOPILOT_VERSION 51500 v5.15_devel-179-g9a29798-dirty
18.757 26 ATTITUDE 0.06317 -0.731561 0.269188
18.807 26 GPS 3 36024032 481368017 3177 211788 1546 515 0 100772240 31 0
18.857 26 ENERGY 88 12.5 27.672886 345.911072 0.294409 3.680123
18.858 26 WP_MOVED 7 360558.40625 4813804.5 260. 31
18.858 26 DESIRED 0.012746 0.262651 5.549843 -114.5 162.300003 235. 0. 14.
18.858 26 ATTITUDE 0.048776 -0.729169 0.26799
18.940 26 NAVIGATION 4 0 -44.4375 85. 0. 95.915024 6 0 0 0 0 0
18.957 26 ESTIMATOR 211.330338 5.474222
18.957 26 ATTITUDE 0.026902 -0.726833 0.266345
19.058 26 GPS 3 36023785 481368295 3182 212976 1549 514 0 100772480 31 0
19.058 26 DESIRED 0.872665 0.089354 0.185458 -30.722336 158.103241 260. 0.5 14.
19.059 26 ATTITUDE 0.020415 -0.725917 0.26511
19.157 26 NAVIGATION 4 0 -46.90625 87.5 0. 95.915024 6 0 0 0 0 0
19.158 26 ATTITUDE 0.048289 -0.723236 0.26176
19.191 26 NAVIGATION 4 0 -46.90625 87.5 0. 99.27964 6 0 0 0 0 0
19.258 26 AIR_DATA 98798.570312 0. -1000. 1013.25 0. -1. -1.
19.258 26 AIRSPEED 14.523501 14. 14. 6.
19.259 26 DESIRED 0.872665 0.157633 0.24098 -28.981316 160.438065 260. 1. 14.
19.259 26 ATTITUDE 0.068289 -0.720202 0.25868
19.308 26 GPS 3 36023545 481368566 3184 214143 1508 495 0 100772720 31 0
19.358 26 WP_MOVED 8 360461.40625 4813640. 215. 31
19.358 26 ATTITUDE 0.098289 -0.713684 0.253523
19.441 26 NAVIGATION 4 0 -49.3125 90.5 0. 103.062958 7 1 1 0 0 0
19.457 26 ESTIMATOR 214.251175 5.549205
19.457 26 DESIRED 0.872665 0.227719 0.299293 -26.940849 163.003067 260. 1.5 14.
19.458 26 ATTITUDE 0.118289 -0.707984 0.24988
19.557 26 CIRCLE 49.5 100.099998 70.
19.557 26 GPS 3 36023321 481368824 3190 215220 1421 437 0 100772960 31 0
19.557 26 ATTITUDE 0.148289 -0.697334 0.244428
19.641 26 FBW_STATUS 2 0 1 12.5 10.218311
19.659 26 DL_VALUE 22 1.
19.660 26 DESIRED 0.872665 0.224567 0.299293 -26.940849 163.003067 260. 1.5 14.
19.660 26 ATTITUDE 0.168289 -0.688815 0.241061
19.691 26 NAVIGATION 4 0 -51.5625 93. 0. 106.337631 7 1 1 0 0 0
19.757 26 ATTITUDE 0.198289 -0.673871 0.236468
19.808 26 GPS 3 36023078 481369117 3204 216312 1357 377 0 100773240 31 0
19.858 26 WP_MOVED 9 360312.8125 4813652. 185. 31
19.859 26 DESIRED 0.872665 0.298043 0.350475 -25.233543 165.022247 260. 2. 14.
19.859 26 ATTITUDE 0.218289 -0.662467 0.233978
19.940 26 NAVIGATION 4 0 -53.9375 95.5 0. 109.679092 7 1 1 0 0 0
19.957 26 CALIBRATION 0. 0
19.958 26 ENERGY 52 12.5 12.311293 153.891159 0.313789 3.922382
19.958 26 ESTIMATOR 216.910248 5.495522
19.958 26 ATTITUDE 0.248289 -0.643201 0.231093
20.057 26 GPS 3 36022882 481369370 3222 217115 1332 341 0 100773480 31 0
20.058 26 DESIRED 0.872665 0.372751 0.402378 -23.540802 166.920959 260. 2.5 14.
20.058 26 ATTITUDE 0.268289 -0.628911 0.229773
20.158 26 NAVIGATION 4 0 -55.9375 98.5 0. 109.679092 7 1 1 0 0 0
20.159 26 ATTITUDE 0.298289 -0.605348 0.229053
20.191 26 NAVIGATION 4 0 -55.9375 98.5 0. 113.275124 7 1 1 0 0 0
20.257 26 AIRSPEED 13.292158 14. 14. 6.
20.258 26 DESIRED 0.872665 0.441887 0.453599 -21.554047 169.029846 260. 3. 14.
20.258 26 ATTITUDE 0.318289 -0.588227 0.229344
20.307 26 GPS 3 36022698 481369630 3246 217824 1326 324 0 100773720 31 0
20.357 26 PPRZ_MODE 2 3 3 2 0 6
20.358 26 WP_MOVED 10 360452.8125 4813581. 260. 31
20.358 26 ATTITUDE 0.348289 -0.560448 0.231235
20.440 26 NAVIGATION 4 0 -57.78125 101. 0. 116.3601 8 2 2 0 0 0
20.458 26 FBW_STATUS 2 0 1 12.5 15.299263
20.458 26 ESTIMATOR 219.169464 5.280052
20.459 26 DESIRED 0.872665 0.44276 0.497809 -19.910316 170.684753 260. 3.5 14.
20.459 26 ATTITUDE 0.368289 -0.540553 0.233449
20.541 26 COMMANDS 5898,3622,1517,0,0
20.557 26 GPS_SOL 697 697 697 7
20.558 26 AIR_DATA 98734.164062 0. -1000. 1013.25 0. -1. -1.
20.558 26 GPS 3 36022526 481369900 3276 218476 1335 301 0 100773960 31 0
20.558 26 ATTITUDE 0.398289 -0.508637 0.238057
20.606 26 CIRCLE 49.5 100.099998 70.
20.657 26 DESIRED 0.872665 0.443633 0.497809 -19.910316 170.684753 260. 3.5 14.
20.657 26 ATTITUDE 0.418289 -0.486003 0.241906
20.691 26 NAVIGATION 4 0 -59.46875 103.5 0. 119.368263 8 2 2 0 0 0
20.757 26 ATTITUDE 0.448289 -0.449991 0.248716
20.807 26 GPS 3 36022345 481370233 3318 219210 1355 283 0 100774240 31 0
20.857 26 COMMANDS 6179,3044,1408,0,0
20.857 26 WP_MOVED 11 360169.5 4813757.5 260. 31
20.857 26 DESIRED 0.872665 0.444506 0.53974 -18.28289 172.249008 260. 4. 14.
20.858 26 ATTITUDE 0.468289 -0.424619 0.253874
20.940 26 NAVIGATION 4 0 -61.3125 107. 0. 123.321625 8 2 2 0 0 0
20.958 26 ESTIMATOR 220.985306 4.921514
20.959 26 ATTITUDE 0.498289 -0.384498 0.262421
21.058 26 ENERGY 63 12.5 17.715273 221.440918 0.343157 4.289478
21.058 26 GPS 3 36022211 481370536 3360 219852 1377 292 0 100774480 31 0
21.059 26 DESIRED 0.872665 0.445378 0.592324 -16.014397 174.314987 260. 4.092641 14.
21.059 26 ATTITUDE 0.518289 -0.356336 0.268589
21.157 26 DL_VALUE 23 1.
21.157 26 NAVIGATION 4 0 -62.625 110. 0. 123.321625 8 2 2 0 0 0
21.158 26 ATTITUDE 0.548289 -0.311915 0.278433
21.191 26 NAVIGATION 4 0 -62.625 110. 0. 126.577606 8 2 2 0 0 0
21.257 26 AIRSPEED 14.041156 14. 14. 6.
21.258 26 DESIRED 0.872665 0.446251 0.63436 -14.072067 175.985382 260. 3.995484 14.
21.258 26 ATTITUDE 0.568289 -0.280803 0.285325
21.307 26 GPS 3 36022102 481370852 3408 220528 1395 304 0 100774720 31 0
21.358 26 DATALINK_REPORT 4 5 1298 822 0 0
21.358 26 WP_MOVED 0 360326. 4813637. 260. 31
21.359 26 ATTITUDE 0.598289 -0.231792 0.296051
21.440 26 NAVIGATION 4 0 -63.71875 113. 0. 129.726944 9 3 3 0 0 0
21.457 26 ALIVE 128,247,33,237,150,226,125,96,211,120,85,14,103,22,52,69
21.457 26 ESTIMATOR 222.477524 4.501543
21.458 26 DESIRED 0.872665 0.447123 0.674114 -12.125561 177.574448 260. 3.936108 14.
21.458 26 ATTITUDE 0.618289 -0.197492 0.303397
21.557 26 NAVIGATION_REF 360284 4813595 31 185.
21.558 26 GPS 3 36022021 481371180 3462 221247 1407 319 0 100774960 31 0
21.558 26 ATTITUDE 0.648289 -0.143502 0.314611
21.641 26 FBW_STATUS 2 0 1 12.5 16.635021
21.658 26 CIRCLE 49.5 100.099998 70.
21.658 26 DESIRED 0.872665 0.447996 0.674114 -12.125561 177.574448 260. 3.936108 14.
21.658 26 ATTITUDE 0.668289 -0.105745 0.322161
21.691 26 NAVIGATION 4 0 -64.5625 116. 0. 132.756607 9 3 3 0 0 0
21.758 26 ATTITUDE 0.698289 -0.046355 0.33351
21.808 26 GPS 3 36021973 481371572 3534 222136 1412 338 0 100775240 31 0
21.858 26 AIR_DATA 98691.335938 0. -1000. 1013.25 0. -1. -1.
21.859 26 WP_MOVED 1 360284. 4813595. 260. 31
21.859 26 DESIRED 0.872665 0.449043 0.711512 -10.165283 179.094009 260. 3.852493 14.
21.859 26 ATTITUDE 0.728289 0.016501 0.34479
21.940 26 NAVIGATION 4 0 -65.03125 120.5 0. 136.928131 9 3 3 0 0 0
21.957 26 ESTIMATOR 223.810745 4.105453
21.957 26 ATTITUDE 0.748289 0.060419 0.352215
22.056 26 CALIBRATION 0. 0
22.057 26 GPS 3 36021975 481371911 3 222933 1412 339 0 100775480 31 0
22.057 26 SVINFO 6 13 0 6 48 62 320
22.058 26 DESIRED 0.872665 0.449741 0.760973 -7.14032 181.290359 260. 3.796253 14.
22.058 26 ATTITUDE 0.768289 0.106007 0.359539
22.157 26 ENERGY 59 12.5 16.203814 202.547668 0.373824 4.672823
22.157 26 NAVIGATION 4 0 -65. 123.5 0. 136.928131 9 3 3 0 0 0
22.158 26 ATTITUDE 0.798289 0.177654 0.370288
22.190 26 NAVIGATION 4 0 -65. 123.5 0. 139.560913 9 3 3 0 0 0
22.258 26 AIRSPEED 14.086955 14. 14. 6.
22.258 26 DESIRED 0.872665 0.450614 0.791569 -5.066463 182.698425 260. 3.713383 14.
22.258 26 ATTITUDE 0.818289 0.227682 0.377263
22.308 26 GPS 3 36022023 481372246 81 223747 1409 351 0 100775720 31 0
22.358 26 WP_MOVED 2 360333.5 4813695. 260. 31
22.358 26 ATTITUDE 0.848217 0.306276 0.387397
22.441 26 NAVIGATION 4 0 -64.5 127. 0. 142.440338 10 4 4 0 0 0
22.457 26 FBW_STATUS 2 0 1 12.5 16.040386
22.457 26 ESTIMATOR 225.127243 3.787279
22.457 26 DESIRED 0.799372 0.451478 0.824304 -2.552948 184.305054 260. 3.658152 14.
22.458 26 ATTITUDE 0.867796 0.361116 0.39391
22.556 26 GPS_SOL 699 699 699 7
22.557 26 GPS 3 36022120 481372569 168 224563 1405 348 0 100775960 31 0
22.557 26 ATTITUDE 0.872665 0.444913 0.403284
22.658 26 DL_VALUE 24 0.
22.658 26 DESIRED 0.799372 0.451563 0.824304 -2.552948 184.305054 260. 3.658152 14.
22.659 26 ATTITUDE 0.872665 0.500838 0.409252
22.690 26 NAVIGATION 4 0 -63.5625 130.5 0. 145.156616 10 4 4 0 0 0
22.707 26 CIRCLE 49.5 100.099998 70.
22.758 26 ATTITUDE 0.872665 0.584805 0.417763
22.808 26 GPS 3 36022299 481372918 278 225508 1401 329 0 100776240 31 0
22.858 26 WP_MOVED 3 360294.09375 4813785. 260. 31
22.858 26 DESIRED 0.693664 0.451563 0.854727 0.07682 185.874985 260. 3.575077 14.
22.858 26 ATTITUDE 0.872665 0.640847 0.423129
22.940 26 NAVIGATION 4 0 -61.75 134. 0. 147.543427 10 4 4 0 0 0
22.958 26 ESTIMATOR 226.476212 3.552459
22.958 26 ATTITUDE 0.869186 0.724777 0.430709
23.057 26 GPS 3 36022503 481373184 375 226325 1397 321 0 100776480 31 0
23.058 26 DESIRED 0.542952 0.451352 0.880152 2.943829 187.46431 260. 3.516645 14.
23.059 26 ATTITUDE 0.860537 0.78001 0.435442
23.157 26 AIR_DATA 98642.328125 0. -1000. 1013.25 0. -1. -1.
23.157 26 NAVIGATION 4 0 -59.71875 136.5 0. 147.543427 10 4 4 0 0 0
23.157 26 ATTITUDE 0.834181 0.860148 0.442059
23.191 26 NAVIGATION 4 0 -59.71875 136.5 0. 148.991867 10 4 4 0 0 0
23.258 26 ENERGY 57 12.5 15.449438 193.117981 0.402864 5.03581
23.259 26 AIRSPEED 13.911905 14. 14. 6.
23.259 26 DESIRED 0.422178 0.450542 0.894296 5.22356 188.641495 260. 3.42849 14.
23.260 26 ATTITUDE 0.814181 0.911323 0.446146
23.308 26 GPS 3 36022747 481373412 469 227165 1392 348 0 100776720 31 0
23.358 26 WP_MOVED 4 360416.3125 4813734. 260. 31
23.358 26 ATTITUDE 0.784181 0.984833 0.451792
23.441 26 NAVIGATION 4 0 -57.28125 138.5 0. 149.877914 11 5 5 0 0 0
23.458 26 ESTIMATOR 227.887924 3.394582
23.459 26 DESIRED 0.291486 0.44967 0.900993 7.317619 189.658051 260. 3.368557 14.
23.459 26 ATTITUDE 0.764181 1.031765 0.455235
23.557 26 GPS 3 36023022 481373600 557 228055 1386 378 0 100776960 31 0
23.558 26 ATTITUDE 0.734181 1.099186 0.459928
23.640 26 FBW_STATUS 2 0 1 12.5 15.539055
23.657 26 DESIRED 0.291486 0.448797 0.900993 7.317619 189.658051 260. 3.368557 14.
23.657 26 ATTITUDE 0.714181 1.142226 0.462747
23.690 26 NAVIGATION 4 0 -54.5 140.5 0. 150.700027 11 5 5 0 0 0
23.757 26 CIRCLE 49.5 100.099998 70.
23.757 26 ATTITUDE 0.684181 1.204035 0.466527
23.808 26 GPS 3 36023369 481373768 648 229177 1375 404 0 100777240 31 0
23.858 26 WP_MOVED 5 360421. 4813583.5 260. 31
23.858 26 DESIRED 0.176921 0.447924 0.906424 9.597279 190.696762 260. 3.275868 14.
23.859 26 ATTITUDE 0.664181 1.24347 0.468756
23.943 26 NAVIGATION 4 0 -51.0625 142. 0. 150.901886 11 5 5 0 0 0
23.958 26 ESTIMATOR 229.42067 3.324236
23.960 26 ATTITUDE 0.634181 1.300056 0.471683
24.057 26 GPS 3 36023680 481373870 717 230213 1362 436 0 100777480 31 0
24.058 26 DESIRED 0.03993 0.447052 0.902464 11.806885 191.638123 260. 3.207772 14.
24.058 26 ATTITUDE 0.614181 1.336109 0.473366
24.158 26 CALIBRATION 0. 0
24.158 26 DL_VALUE 25 70.
24.158 26 NAVIGATION 4 0 -47.9375 143. 0. 150.901886 11 5 5 0 0 0
24.159 26 ATTITUDE 0.584181 1.387753 0.475511
24.191 26 NAVIGATION 4 0 -47.9375 143. 0. 150.821106 11 5 5 0 0 0
24.257 26 AIRSPEED 13.402575 14. 14. 6.
24.257 26 DESIRED -0.053077 0.446179 0.894976 13.641476 192.372238 260. 3.100003 14.
24.257 26 ATTITUDE 0.564181 1.420591 0.4767
24.307 26 GPS 3 36023996 481373937 780 231308 1348 449 0 100777720 31 0
24.358 26 ENERGY 58 12.5 15.664795 195.809937 0.431387 5.392358
24.358 26 WP_MOVED 6 360164.8125 4813664.5 260. 31
24.358 26 ATTITUDE 0.534181 1.467511 0.478144
24.441 26 NAVIGATION 4 0 -44.78125 144. 0. 150.802383 12 6 6 0 0 0
24.458 26 FBW_STATUS 2 0 1 12.5 15.859446
24.458 26 AIR_DATA 98584.070312 0. -1000. 1013.25 0. -1. -1.
24.458 26 ESTIMATOR 231.177963 3.36501
24.458 26 DESIRED -0.141612 0.445306 0.887937 15.589809 193.105896 260. 3.023432 14.
24.459 26 ATTITUDE 0.514181 1.497263 0.478894
24.558 26 GPS_SOL 699 699 699 7
24.558 26 GPS 3 36024314 481373973 836 232452 1333 478 0 100777960 31 0
24.559 26 ATTITUDE 0.484181 1.539625 0.479722
24.658 26 DESIRED -0.141612 0.444434 0.887937 15.589809 193.105896 260. 3.023432 14.
24.658 26 ATTITUDE 0.464181 1.566376 0.48009
24.691 26 NAVIGATION 4 0 -41.625 144.5 0. 150.375824 12 6 6 0 0 0
24.758 26 ATTITUDE 0.434181 1.604287 0.480377
24.808 26 CIRCLE 49.5 100.099998 70.
24.808 26 GPS 3 36024683 481373979 893 233829 1315 490 0 100778240 31 0
24.858 26 WP_MOVED 7 360558.40625 4813804.5 260. 31
24.858 26 DESIRED -0.225357 0.429761 0.874654 17.233356 193.688812 260. 2.901574 14.
24.858 26 ATTITUDE 0.414181 1.6281 0.480361
24.942 26 NAVIGATION 4 0 -37.90625 144.5 0. 149.389206 12 6 6 0 0 0
24.957 26 ESTIMATOR 233.196976 3.510649
24.958 26 ATTITUDE 0.384181 1.661646 0.480038
25.058 26 GPS 3 36024995 481373960 935 235031 1300 500 0 100778480 31 0
25.059 26 DESIRED -0.322578 0.413694 0.850965 18.792778 194.21199 260. 2.811637 14.
25.059 26 ATTITUDE 0.364181 1.682564 0.479625
25.157 26 NAVIGATION 4 0 -34.78125 144. 0. 149.389206 12 6 6 0 0 0
25.158 26 ATTITUDE 0.334181 1.711789 0.478662
25.191 26 NAVIGATION 4 0 -34.78125 144. 0. 148.14093 12 6 6 0 0 0
25.258 26 PPRZ_MODE 2 3 3 2 0 6
25.258 26 AIRSPEED 12.817144 14. 14. 6.
25.259 26 DESIRED -0.390283 0.390063 0.823601 19.754528 194.520386 260. 2.670841 14.
25.259 26 ATTITUDE 0.314181 1.729842 0.47781
25.308 26 GPS 3 36025301 481373921 972 236242 1288 495 0 100778720 31 0
25.309 26 SVINFO 5 12 1 5 48 87 272
25.358 26 WP_MOVED 8 360461.40625 4813640. 215. 31
25.358 26 ATTITUDE 0.284181 1.754783 0.476135
25.444 26 NAVIGATION 4 0 -31.75 143.5 0. 146.970444 13 7 7 0 0 0
25.457 26 ENERGY 58 12.5 16.033133 200.414154 0.460512 5.756414
25.457 26 ESTIMATOR 235.470032 3.73259
25.458 26 DESIRED -0.452672 0.372874 0.796598 20.736967 194.82428 260. 2.573194 14.
25.458 26 ATTITUDE 0.254181 1.777175 0.474002
25.541 26 COMMANDS 5638,-5121,-676,0,0
25.558 26 GPS 3 36025603 481373866 1002 237454 1276 484 0 100778960 31 0
25.558 26 ATTITUDE 0.234181 1.790686 0.472317
25.641 26 FBW_STATUS 2 0 1 12.5 15.986031
25.657 26 DL_VALUE 26 0.
25.657 26 DESIRED -0.452672 0.370444 0.796598 20.736967 194.82428 260. 2.573194 14.
25.657 26 ATTITUDE 0.214181 1.803069 0.470423
25.691 26 NAVIGATION 4 0 -28.71875 143. 0. 145.855286 13 7 7 0 0 0
25.758 26 AIR_DATA 98512.265625 0. -1000. 1013.25 0. -1. -1.
25.758 26 ATTITUDE 0.184181 1.819522 0.467214
25.808 26 GPS 3 36025948 481373787 1031 238858 1265 506 0 100779240 31 0
25.858 26 COMMANDS 5627,-4943,-810,0,0
25.858 26 CIRCLE 49.5 100.099998 70.
25.859 26 WP_MOVED 9 360312.8125 4813652. 185. 31
25.859 26 DESIRED -0.505655 0.345471 0.769508 21.786879 195.136749 260. 2.422589 14.
25.860 26 ATTITUDE 0.164181 1.829082 0.464785
25.941 26 NAVIGATION 4 0 -25.28125 142.5 0. 144.72522 13 7 7 0 0 0
25.957 26 ESTIMATOR 237.921097 3.983932
25.957 26 ATTITUDE 0.134181 1.841307 0.460746
26.058 26 GPS 3 36026240 481373709 1049 240045 1257 502 0 100779480 31 0
26.059 26 DESIRED -0.559907 0.327222 0.740029 23.132481 195.518829 260. 2.316077 14.
26.059 26 ATTITUDE 0.114181 1.848046 0.457811
26.158 26 NAVIGATION 4 0 -22.34375 141.5 0. 144.72522 13 7 7 0 0 0
26.158 26 ATTITUDE 0.084181 1.856039 0.453016
26.191 26 NAVIGATION 4 0 -22.34375 141.5 0. 143.25325 13 7 7 0 0 0
26.258 26 CALIBRATION 0. 0
26.258 26 AIRSPEED 12.484147 14. 14. 6.
26.258 26 DESIRED -0.602012 0.300918 0.705271 23.799337 195.700607 260. 2.155167 14.
26.259 26 ATTITUDE 0.064181 1.859955 0.449594
26.307 26 GPS 3 36026528 481373626 1061 241209 1251 478 0 100779720 31 0
26.358 26 WP_MOVED 10 360452.8125 4813581. 260. 31
26.358 26 ATTITUDE 0.034181 1.863709 0.444055
26.440 26 NAVIGATION 4 0 -19.46875 141. 0. 142.337738 14 8 8 0 0 0
26.458 26 DATALINK_REPORT 10 5 1480 812 0 0
26.459 26 FBW_STATUS 2 0 1 12.5 15.524704
26.460 26 ESTIMATOR 240.480881 4.226132
26.461 26 DESIRED -0.627617 0.282605 0.679747 24.99626 196.014374 260. 2.047556 14.
26.461 26 ATTITUDE 0.014181 1.864797 0.440112
26.557 26 ALIVE 128,247,33,237,150,226,125,96,211,120,85,14,103,22,52,69
26.557 26 GPS_SOL 699 699 699 7
26.558 26 ENERGY 57 12.5 15.263573 190.794662 0.489235 6.115456
26.558 26 GPS 3 36026815 481373540 1067 242345 1246 456 0 100779960 31 0
26.558 26 ATTITUDE -0.015819 1.864301 0.433841
26.626 26 WIND_INFO 26 5 1.1 2.8 0. 11.8
26.627 26 WIND_INFO_RET 5 1.1 2.8 0. 12.430039
26.658 26 DESIRED -0.627617 0.281805 0.679747 24.99626 196.014374 260. 2.047556 14.
26.658 26 ATTITUDE -0.035819 1.862549 0.429423
26.690 26 NAVIGATION 4 0 -16.59375 140. 0. 140.979965 14 8 8 0 0 0
26.758 26 ATTITUDE -0.065819 1.857783 0.422489
26.808 26 GPS 3 36027148 481373440 1067 243627 1242 442 0 100780240 31 0
26.809 26 SVINFO 4 11 1 4 48 81 223
26.857 26 WP_MOVED 11 360169.5 4813757.5 260. 31
26.858 26 DESIRED -0.656973 0.25755 0.645674 25.750294 196.203857 260. 1.887379 14.
26.858 26 ATTITUDE -0.085819 1.853176 0.417627
26.908 26 CIRCLE 49.5 100.099998 70.
26.940 26 NAVIGATION 4 0 -13.28125 139. 0. 139.633057 14 8 8 0 0 0
26.957 26 ESTIMATOR 243.045654 4.418868
26.958 26 ATTITUDE -0.115819 1.84411 0.410032
27.058 26 AIR_DATA 98427.859375 0. -1000. 1013.25 0. -1. -1.
27.058 26 GPS 3 36027434 481373357 1060 244684 1240 430 0 100780480 31 0
27.058 26 DESIRED -0.678651 0.241122 0.609744 26.86557 196.472626 260. 1.778511 14.
27.059 26 ATTITUDE -0.135819 1.836628 0.404796
27.157 26 DL_VALUE 27 2.
27.157 26 NAVIGATION 4 0 -10.4375 138. 0. 139.633057 14 8 8 0 0 0
27.158 26 ATTITUDE -0.165819 1.823232 0.396666
27.190 26 NAVIGATION 4 0 -10.4375 138. 0. 138.39415 14 8 8 0 0 0
27.257 26 AIRSPEED 12.417167 14. 14. 6.
27.257 26 DESIRED -0.688791 0.217295 0.576918 27.746798 196.675354 260. 1.619448 14.
27.257 26 ATTITUDE -0.185819 1.81285 0.391107
27.308 26 GPS 3 36027722 481373281 1048 245695 1240 424 0 100780720 31 0
27.308 26 SVINFO 6 13 1 6 47 53 323
27.358 26 WP_MOVED 0 360326. 4813637. 260. 31
27.358 26 ATTITUDE -0.215819 1.795085 0.382499
27.440 26 NAVIGATION 4 0 -7.5625 137.5 0. 137.707809 15 9 9 0 0 0
27.457 26 ESTIMATOR 245.54216 4.539177
27.457 26 DESIRED -0.682604 0.201924 0.554851 29.326473 197.017639 260. 1.516627 14.
27.457 26 ATTITUDE -0.235819 1.78177 0.376606
27.558 26 GPS 3 36028012 481373214 1030 246657 1242 399 0 100780960 31 0
27.559 26 ATTITUDE -0.265819 1.759579 0.367562
27.641 26 FBW_STATUS 2 0 1 12.5 14.194733
27.657 26 ENERGY 53 12.5 14.194733 177.434158 0.516246 6.453094
27.657 26 DESIRED -0.682604 0.202122 0.554851 29.326473 197.017639 260. 1.516627 14.
27.658 26 ATTITUDE -0.285819 1.743295 0.361399
27.691 26 NAVIGATION 4 0 -4.625 136.5 0. 136.578339 15 9 9 0 0 0
27.758 26 ATTITUDE -0.315819 1.716622 0.352003
27.807 26 GPS 3 36028355 481373151 1000 247712 1245 384 0 100781240 31 0
27.857 26 WP_MOVED 1 360284. 4813595. 260. 31
27.857 26 DESIRED -0.682295 0.180217 0.523952 30.477785 197.250168 260. 1.368587 14.
27.858 26 ATTITUDE -0.335819 1.697326 0.345607
27.941 26 NAVIGATION 4 0 -1.1875 136. 0. 136.005188 15 9 9 0 0 0
27.957 26 CIRCLE 49.5 100.099998 70.
27.958 26 ESTIMATOR 247.877487 4.564795
27.958 26 ATTITUDE -0.365819 1.666089 0.33586
28.057 26 GPS 3 36028653 481373115 969 248555 1249 350 0 100781480 31 0
28.058 26 DESIRED -0.652663 0.166128 0.504052 32.834831 197.682129 260. 1.271652 14.
28.058 26 ATTITUDE -0.385819 1.643728 0.329284
28.158 26 NAVIGATION 4 0 1.78125 135.5 0. 136.005188 15 9 9 0 0 0
28.159 26 ATTITUDE -0.415819 1.607853 0.319301
28.190 26 NAVIGATION 4 0 1.78125 135.5 0. 135.511703 15 9 9 0 0 0
28.258 26 AIRSPEED 12.597635 14. 14. 6.
28.258 26 DESIRED -0.622924 0.146199 0.488197 34.986835 198.025314 260. 1.134771 14.
28.258 26 ATTITUDE -0.435819 1.582369 0.312608
28.307 26 GPS 3 36028954 481373099 931 249335 1255 315 0 100781720 31 0
28.358 26 CALIBRATION 0. 0
28.358 26 AIR_DATA 98373.601562 0. -1000. 1013.25 0. -1. -1.
28.358 26 WP_MOVED 2 360333.5 4813695. 260. 31
28.359 26 ATTITUDE -0.465819 1.541761 0.302457
28.441 26 NAVIGATION 4 0 4.78125 135.5 0. 135.58432 16 10 10 0 0 0
28.457 26 FBW_STATUS 2 0 1 12.5 13.043924
28.457 26 ESTIMATOR 249.995148 4.490112
28.457 26 DESIRED -0.571549 0.134072 0.48646 38.062851 198.432037 260. 1.049509 14.
28.458 26 ATTITUDE -0.485819 1.513076 0.295639
28.558 26 GPS_SOL 697 697 697 7
28.558 26 GPS 3 36029257 481373105 887 250051 1262 287 0 100781960 31 0
28.559 26 ATTITUDE -0.515819 1.467605 0.285363
28.657 26 DL_VALUE 28 0.
28.657 26 DESIRED -0.571549 0.134898 0.48646 38.062851 198.432037 260. 1.049509 14.
28.657 26 ATTITUDE -0.535819 1.435635 0.278482
28.691 26 NAVIGATION 4 0 7.8125 135.5 0. 135.725037 16 10 10 0 0 0
28.758 26 ENERGY 48 12.5 12.361561 154.519516 0.540632 6.75792
28.758 26 ATTITUDE -0.564936 1.38521 0.268158
28.807 26 GPS 3 36029610 481373148 826 250801 1272 262 0 100782240 31 0
28.808 26 SVINFO 5 12 1 5 47 85 274
28.857 26 WP_MOVED 3 360294.09375 4813785. 260. 31
28.857 26 DESIRED -0.512581 0.118073 0.488693 41.452393 198.767303 260. 0.931394 14.
28.857 26 ATTITUDE -0.581895 1.350081 0.26125
28.943 26 NAVIGATION 4 0 11.34375 136. 0. 136.47226 16 10 10 0 0 0
28.959 26 ESTIMATOR 251.825607 4.308472
28.959 26 ATTITUDE -0.602773 1.295521 0.250893
29.006 26 CIRCLE 49.5 100.099998 70.
29.058 26 GPS 3 36029910 481373218 768 251366 1282 233 0 100782480 31 0
29.058 26 DESIRED -0.410845 0.107777 0.508484 46.485359 199.049042 260. 0.857494 14.
29.059 26 ATTITUDE -0.612788 1.258209 0.244016
29.158 26 NAVIGATION 4 0 14.375 136.5 0. 136.47226 16 10 10 0 0 0
29.158 26 ATTITUDE -0.618425 1.201682 0.233733
29.190 26 NAVIGATION 4 0 14.375 136.5 0. 137.254837 16 10 10 0 0 0
29.257 26 AIRSPEED 13.012087 14. 14. 6.
29.257 26 DESIRED -0.318994 0.093304 0.532651 51.264416 199.079224 260. 0.758042 14.
29.257 26 ATTITUDE -0.616291 1.164163 0.226931
29.308 26 GPS 3 36030202 481373322 704 251863 1293 217 0 100782720 31 0
29.358 26 WP_MOVED 4 360416.3125 4813734. 260. 31
29.358 26 ATTITUDE -0.601916 1.109154 0.216771
29.441 26 NAVIGATION 4 0 17.25 137.5 0. 138.57782 17 11 11 0 0 0
29.457 26 ESTIMATOR 253.332886 4.026251
29.457 26 DESIRED -0.201286 0.08436 0.572794 56.799873 198.825439 260. 0.69938 14.
29.458 26 ATTITUDE -0.585282 1.073932 0.210044
29.558 26 GPS 3 36030484 481373459 640 252301 1305 180 0 100782960 31 0
29.558 26 ATTITUDE -0.555282 1.023916 0.200042
29.641 26 FBW_STATUS 2 0 1 12.5 11.173796
29.658 26 AIR_DATA 98339.007812 0. -1000. 1013.25 0. -1. -1.
29.658 26 DESIRED -0.201286 0.083892 0.572794 56.799873 198.825439 260. 0.69938 14.
29.659 26 ATTITUDE -0.535282 0.992426 0.193436
29.691 26 NAVIGATION 4 0 20.09375 139. 0. 140.444855 17 11 11 0 0 0
29.757 26 ATTITUDE -0.505282 0.947884 0.183652
29.808 26 GPS 3 36030796 481373656 573 252766 1318 180 0 100783240 31 0
29.858 26 AUTOPILOT_VERSION 51500 v5.15_devel-179-g9a29798-dirty
29.858 26 ENERGY 43 12.5 10.803259 135.040741 0.561915 7.02396
29.859 26 WP_MOVED 5 360421. 4813583.5 260. 31
29.859 26 DESIRED -0.071612 0.071864 0.628956 63.128113 198.152405 260. 0.622749 14.
29.859 26 ATTITUDE -0.485282 0.919927 0.177198
29.941 26 NAVIGATION 4 0 23.21875 141. 0. 142.898941 17 11 11 0 0 0
29.957 26 ESTIMATOR 254.495346 3.657212
29.957 26 ATTITUDE -0.455282 0.880515 0.167651
30.058 26 CIRCLE 49.5 100.099998 70.
30.058 26 GPS 3 36031049 481373850 523 253139 1328 177 0 100783480 31 0
30.059 26 SVINFO 3 10 1 3 48 48 175
30.059 26 DESIRED 0.081271 0.064468 0.703178 70.548897 196.831299 260. 0.577438 14.
30.060 26 ATTITUDE -0.435282 0.855884 0.161394
30.157 26 PPRZ_MODE 2 3 3 2 0 6
30.157 26 DL_VALUE 29 0.
30.157 26 NAVIGATION 4 0 25.71875 143. 0. 142.898941 17 11 11 0 0 0
30.158 26 ATTITUDE -0.405282 0.821329 0.152168
30.191 26 NAVIGATION 4 0 25.71875 143. 0. 145.294373 17 11 11 0 0 0
30.257 26 AIRSPEED 13.409715 14. 14. 6.
30.258 26 DESIRED 0.192626 0.055073 0.773832 76.78434 195.260727 260. 0.519146 14.
30.258 26 ATTITUDE -0.385282 0.799854 0.146146
30.308 26 GPS 3 36031287 481374065 480 253495 1336 154 0 100783720 31 0
30.357 26 WP_MOVED 6 360164.8125 4813664.5 260. 31
30.358 26 ATTITUDE -0.355282 0.769927 0.137287
30.440 26 NAVIGATION 4 0 28.125 145.5 0. 148.193344 18 12 12 0 0 0
30.458 26 CALIBRATION 0. 0
30.458 26 FBW_STATUS 2 0 1 12.5 10.272602
30.458 26 ESTIMATOR 255.368484 3.24338
30.458 26 DESIRED 0.31365 0.049363 0.85485 83.014236 193.249329 260. 0.485846 14.
30.458 26 ATTITUDE -0.335282 0.751469 0.131509
30.542 26 COMMANDS 3972,4508,-573,0,0
30.558 26 NAVIGATION_REF 360284 4813595 31 185.
30.559 26 GPS_SOL 694 694 694 7
30.559 26 GPS 3 36031513 481374295 444 253833 1343 140 0 100783960 31 0
30.559 26 ATTITUDE -0.305282 0.72598 0.123051
30.658 26 DESIRED 0.31365 0.048649 0.85485 83.014236 193.249329 260. 0.485846 14.
30.658 26 ATTITUDE -0.285282 0.710429 0.117555
30.691 26 NAVIGATION 4 0 30.375 147.5 0. 150.595123 18 12 12 0 0 0
30.758 26 ATTITUDE -0.255282 0.689229 0.109544
30.807 26 GPS 3 36031762 481374579 407 254200 1350 129 0 100784240 31 0
30.808 26 SVINFO 6 13 1 6 46 46 325
30.857 26 COMMANDS 3905,4653,-475,0,0
30.857 26 WP_MOVED 7 360558.40625 4813804.5 260. 31
30.857 26 DESIRED 0.410563 0.041543 0.923752 88.223129 191.207184 260. 0.44317 14.
30.858 26 ATTITUDE -0.235282 0.676495 0.104351
30.941 26 NAVIGATION 4 0 32.84375 150.5 0. 154.042068 18 12 12 0 0 0
30.958 26 AIR_DATA 98316.867188 0. -1000. 1013.25 0. -1. -1.
30.958 26 ENERGY 40 12.5 9.922548 124.031853 0.580793 7.259936
30.958 26 ESTIMATOR 256.015747 2.822299
30.959 26 ATTITUDE -0.205282 0.659461 0.096801
31.058 26 GPS 3 36031965 481374834 386 254488 1355 95 0 100784480 31 0
31.059 26 DESIRED 0.540326 0.037091 1.014463 93.999237 188.529724 260. 0.417948 14.
31.059 26 ATTITUDE -0.185282 0.649469 0.091937
31.107 26 CIRCLE 49.5 100.099998 70.
31.158 26 NAVIGATION 4 0 34.875 153. 0. 154.042068 18 12 12 0 0 0
31.158 26 ATTITUDE -0.155282 0.636504 0.084889
31.191 26 NAVIGATION 4 0 34.875 153. 0. 156.924393 18 12 12 0 0 0
31.258 26 AIRSPEED 13.646093 14. 14. 6.
31.258 26 DESIRED 0.614803 0.03167 1.088397 98.316208 186.221878 260. 0.38599 14.
31.258 26 ATTITUDE -0.135282 0.629196 0.080367
31.307 26 GPS 3 36032161 481375095 368 254750 1361 89 0 100784720 31 0
31.357 26 WP_MOVED 8 360461.40625 4813640. 215. 31
31.358 26 ATTITUDE -0.105282 0.620218 0.073834
31.442 26 NAVIGATION 4 0 36.84375 155.5 0. 159.805222 19 13 13 0 0 0
31.457 26 ESTIMATOR 256.490509 2.417681
31.458 26 DESIRED 0.696423 0.028393 1.160192 102.151871 183.931854 260. 0.368146 14.
31.458 26 ATTITUDE -0.085282 0.615546 0.069651
31.557 26 DATALINK_REPORT 5 6 1668 837 0 0
31.557 26 GPS 3 36032352 481375362 356 254985 1366 61 0 100784960 31 0
31.558 26 SVINFO 2 9 0 2 48 10 126
31.558 26 ATTITUDE -0.055282 0.610492 0.063637
31.641 26 FBW_STATUS 2 0 1 12.5 9.471928
31.658 26 ALIVE 128,247,33,237,150,226,125,96,211,120,85,14,103,22,52,69
31.658 26 DL_VALUE 30 0.
31.659 26 DESIRED 0.696423 0.027844 1.160192 102.151871 183.931854 260. 0.368146 14.
31.659 26 ATTITUDE -0.035282 0.608419 0.059801
31.691 26 NAVIGATION 4 0 38.78125 158. 0. 162.689835 19 13 13 0 0 0
31.757 26 ATTITUDE -0.005282 0.607241 0.054312
31.808 26 GPS 3 36032572 481375677 348 255224 1374 47 0 100785240 31 0
31.857 26 WP_MOVED 9 360312.8125 4813652. 185. 31
31.857 26 DESIRED 0.767579 0.02454 1.230256 105.588226 181.672729 260. 0.346076 14.
31.857 26 ATTITUDE 0.014718 0.607739 0.050822
31.940 26 NAVIGATION 4 0 40.96875 161.5 0. 166.615387 19 13 13 0 0 0
31.957 26 ESTIMATOR 256.819427 2.037861
31.957 26 ATTITUDE 0.044718 0.610404 0.045847
32.058 26 ENERGY 38 12.5 9.215805 115.197563 0.598286 7.478599
32.058 26 GPS 3 36032761 481375949 348 255399 1379 34 0 100785480 31 0
32.058 26 SVINFO 4 11 1 4 47 86 226
32.059 26 DESIRED 0.856232 0.023957 1.3188 109.200294 179.067551 260. 0.333642 14.
32.059 26 ATTITUDE 0.064718 0.613457 0.04271
32.157 26 CIRCLE 49.5 100.099998 70.
32.157 26 NAVIGATION 4 0 42.84375 164. 0. 166.615387 19 13 13 0 0 0
32.157 26 ATTITUDE 0.094718 0.619947 0.038273
32.191 26 NAVIGATION 4 0 42.84375 164. 0. 169.503937 19 13 13 0 0 0
32.258 26 AIR_DATA 98302.890625 0. -1000. 1013.25 0. -1. -1.
32.258 26 AIRSPEED 13.898939 14. 14. 6.
32.259 26 DESIRED 0.872665 0.023105 1.384985 111.870865 176.975708 260. 0.319147 14.
32.259 26 ATTITUDE 0.114718 0.625548 0.035499
32.307 26 GPS 3 36032954 481376220 353 255547 1386 9 0 100785720 31 0
32.307 26 SVINFO 5 12 0 5 46 82 276
32.357 26 WP_MOVED 10 360452.8125 4813581. 260. 31
32.358 26 ATTITUDE 0.144718 0.63586 0.031607
32.445 26 NAVIGATION 4 0 44.78125 166.5 0. 172.416962 20 14 14 0 0 0
32.458 26 FBW_STATUS 2 0 1 12.5 8.998484
32.460 26 ESTIMATOR 257.025269 1.686882
32.461 26 DESIRED 0.872665 0.023389 1.450853 114.361832 174.885986 260. 0.312049 14.
32.462 26 ATTITUDE 0.164718 0.644012 0.029193
32.558 26 CALIBRATION 0. 0
32.558 26 GPS_SOL 690 690 690 7
32.558 26 GPS 3 36033152 481376489 363 255670 1392 -6 0 100785960 31 0
32.558 26 ATTITUDE 0.194718 0.65816 0.025844
32.657 26 DESIRED 0.872665 0.024772 1.450853 114.361832 174.885986 260. 0.312049 14.
32.657 26 ATTITUDE 0.214718 0.668877 0.023789
32.691 26 NAVIGATION 4 0 46.78125 169.5 0. 175.837234 20 14 14 0 0 0
32.757 26 ATTITUDE 0.244718 0.68689 0.020976
32.807 26 GPS 3 36033393 481376798 381 255782 1399 0 0 100786240 31 0
32.858 26 WP_MOVED 11 360169.5 4813757.5 260. 31
32.858 26 DESIRED 0.872665 0.025114 1.523831 116.7062 172.786499 260. 0.304923 14.
32.858 26 ATTITUDE 0.264718 0.700199 0.019276
32.945 26 NAVIGATION 4 0 49.15625 172.5 0. 179.367188 20 14 14 0 0 0
32.959 26 ESTIMATOR 257.120361 1.364054
32.960 26 ATTITUDE 0.294718 0.722126 0.016982
33.058 26 GPS 3 36033612 481377055 403 255853 1406 -20 0 100786480 31 0
33.060 26 DESIRED 0.872665 0.026125 1.600332 119.166862 170.431564 260. 0.302074 14.
33.060 26 ATTITUDE 0.314718 0.738063 0.015623
33.157 26 DL_VALUE 31 0.
33.157 26 ENERGY 36 12.5 8.625702 107.821274 0.614617 7.682724
33.158 26 NAVIGATION 4 0 51.375 175. 0. 179.367188 20 14 14 0 0 0
33.158 26 ATTITUDE 0.344718 0.76397 0.013832
33.191 26 NAVIGATION 4 0 51.375 175. 0. 182.385284 20 14 14 0 0 0
33.208 26 CIRCLE 49.5 100.099998 70.
33.257 26 AIRSPEED 14.159759 14. 14. 6.
33.257 26 DESIRED 0.872665 0.027416 1.666044 121.229866 168.326294 260. 0.300938 14.
33.257 26 ATTITUDE 0.364718 0.782589 0.012801
33.307 26 GPS 3 36033843 481377303 430 255900 1412 -19 0 100786720 31 0
33.357 26 WP_MOVED 0 360326. 4813637. 260. 31
33.357 26 ATTITUDE 0.394718 0.812563 0.011489
33.440 26 NAVIGATION 4 0 53.6875 177.5 0. 185.441635 21 15 15 0 0 0
33.458 26 ESTIMATOR 257.119568 1.069481
33.459 26 DESIRED 0.872665 0.02916 1.731768 123.17939 166.216156 260. 0.302157 14.
33.459 26 ATTITUDE 0.424718 0.845028 0.010453
33.558 26 AIR_DATA 98296.742188 0. -1000. 1013.25 0. -1. -1.
33.558 26 GPS 3 36034132 481377576 465 255927 1418 -29 0 100787000 31 0
33.559 26 SVINFO 3 10 1 3 47 54 177
33.559 26 ATTITUDE 0.444718 0.868078 0.009911
33.641 26 FBW_STATUS 2 0 1 12.5 8.366018
33.657 26 DESIRED 0.872665 0.030599 1.731768 123.17939 166.216156 260. 0.302157 14.
33.658 26 ATTITUDE 0.464718 0.892267 0.009484
33.690 26 NAVIGATION 4 0 56.5625 180. 0. 188.677811 21 15 15 0 0 0
33.758 26 ATTITUDE 0.494718 0.930726 0.00905
33.807 26 GPS 3 36034397 481377792 507 255926 1425 -31 0 100787240 31 0
33.858 26 WP_MOVED 1 360284. 4813595. 260. 31
33.858 26 DESIRED 0.872665 0.032813 1.803816 125.391525 163.664734 260. 0.306655 14.
33.859 26 ATTITUDE 0.514718 0.95784 0.008897
33.951 26 NAVIGATION 4 0 59.21875 182.5 0. 191.867432 21 15 15 0 0 0
33.957 26 ESTIMATOR 257.030884 0.800627
33.958 26 ATTITUDE 0.544718 1.000769 0.008859
34.057 26 GPS 3 36034679 481377988 553 255902 1431 -34 0 100787480 31 0
34.058 26 DESIRED 0.872665 0.035101 1.871424 127.217514 161.418732 260. 0.31146 14.
34.058 26 ATTITUDE 0.564718 1.030923 0.008957
34.157 26 NAVIGATION 4 0 62.0625 184.5 0. 191.867432 21 15 15 0 0 0
34.157 26 ATTITUDE 0.594718 1.078511 0.009282
34.191 26 NAVIGATION 4 0 62.0625 184.5 0. 194.658691 21 15 15 0 0 0
34.258 26 ENERGY 34 12.5 8.096062 101.200775 0.629914 7.873938
34.258 26 CIRCLE 49.5 100.099998 70.
34.259 26 AIRSPEED 14.410515 14. 14. 6.
34.259 26 DESIRED 0.872665 0.038165 1.93415 129.042847 159.031631 260. 0.321215 14.
34.259 26 ATTITUDE 0.614718 1.111842 0.00961
34.308 26 GPS 3 36034979 481378158 604 255855 1437 -53 0 100787720 31 0
34.308 26 SVINFO 6 13 1 6 45 40 327
34.357 26 WP_MOVED 2 360333.5 4813695. 260. 31
34.357 26 ATTITUDE 0.644718 1.164313 0.010267
34.451 26 NAVIGATION 4 0 65.0625 186. 0. 197.051086 22 16 16 0 0 0
34.459 26 FBW_STATUS 2 0 1 12.5 7.984425
34.460 26 ESTIMATOR 256.859863 0.554314
34.462 26 DESIRED 0.872665 0.041039 1.992288 130.857498 156.499969 260. 0.3294 14.
34.462 26 ATTITUDE 0.664718 1.200983 0.01081
34.558 26 GPS_SOL 685 685 685 7
34.558 26 GPS 3 36035296 481378297 662 255782 1442 -60 0 100787960 31 0
34.558 26 ATTITUDE 0.694718 1.258597 0.011772
34.657 26 CALIBRATION 0. 0
34.657 26 DL_VALUE 32 0.
34.657 26 DESIRED 0.872665 0.042733 1.992288 130.857498 156.499969 260. 0.3294 14.
34.657 26 ATTITUDE 0.714718 1.298793 0.012508
34.691 26 NAVIGATION 4 0 68.21875 187.5 0. 199.524551 22 16 16 0 0 0
34.757 26 ATTITUDE 0.744718 1.361856 0.013745
34.808 26 GPS 3 36035685 481378414 744 255661 1450 -42 0 100788240 31 0
34.808 26 SVINFO 1 8 1 1 48 0 78
34.856 26 AIR_DATA 98299.84375 0. -1000. 1013.25 0. -1. -1.
34.856 26 WP_MOVED 3 360294.09375 4813785. 260. 31
34.857 26 DESIRED 0.872665 0.0467 2.051901 132.607422 153.888062 260. 0.344162 14.
34.857 26 ATTITUDE 0.764718 1.405798 0.014657
34.944 26 NAVIGATION 4 0 72.09375 188.5 0. 201.816147 22 16 16 0 0 0
34.956 26 ESTIMATOR 256.604767 0.324755
34.957 26 ATTITUDE 0.794718 1.474665 0.016148
35.057 26 PPRZ_MODE 2 3 3 2 0 6
35.057 26 GPS 3 36036030 481378467 812 255524 1456 -62 0 100788480 31 0
35.058 26 DESIRED 0.872665 0.050319 2.115646 134.653687 150.586121 260. 0.35616 14.
35.058 26 ATTITUDE 0.814718 1.522611 0.017218
35.158 26 NAVIGATION 4 0 75.5625 189. 0. 201.816147 22 16 16 0 0 0
35.158 26 ATTITUDE 0.844711 1.597702 0.018933
35.190 26 NAVIGATION 4 0 75.5625 189. 0. 203.545303 22 16 16 0 0 0
35.258 26 AIRSPEED 14.693444 14. 14. 6.
35.258 26 DESIRED 0.872665 0.055336 2.168803 136.365692 147.580017 260. 0.376965 14.
35.258 26 ATTITUDE 0.864599 1.649947 0.020143
35.308 26 CIRCLE 49.5 100.099998 70.
35.308 26 GPS 3 36036381 481378471 894 255350 1463 -74 0 100788720 31 0
35.357 26 ENERGY 32 12.5 7.553257 94.41571 0.644249 8.053133
35.357 26 WP_MOVED 4 360416.3125 4813734. 260. 31
35.357 26 ATTITUDE 0.872665 1.729989 0.022066
35.442 26 NAVIGATION 4 0 79.0625 189. 0. 204.870392 23 17 17 0 0 0
35.459 26 ESTIMATOR 256.253448 0.10325
35.459 26 DESIRED 0.82321 0.059002 2.218113 138.011993 144.435379 260. 0.393013 14.
35.460 26 ATTITUDE 0.872665 1.783226 0.023413
35.541 26 COMMANDS 3087,-262,226,0,0
35.557 26 GPS 3 36036731 481378420 983 255137 1471 -80 0 100788959 31 0
35.558 26 SVINFO 4 11 0 4 46 88 228
35.558 26 ATTITUDE 0.872665 1.862896 0.025523
35.642 26 FBW_STATUS 2 0 1 12.5 7.348541
35.657 26 DESIRED 0.82321 0.06013 2.218113 138.011993 144.435379 260. 0.393013 14.
35.657 26 ATTITUDE 0.872665 1.915889 0.026985
35.691 26 NAVIGATION 4 0 82.5625 189. 0. 206.246368 23 17 17 0 0 0
35.758 26 ATTITUDE 0.872665 1.995217 0.029252
35.808 26 GPS 3 36037124 481378290 1097 254864 1481 -89 0 100789240 31 0
35.808 26 SVINFO 5 12 1 5 45 78 278
35.858 26 COMMANDS 3029,-872,226,0,0
35.858 26 WP_MOVED 5 360421. 4813583.5 260. 31
35.859 26 DESIRED 0.73713 0.065329 2.267962 139.510147 141.308899 260. 0.420535 14.
35.859 26 ATTITUDE 0.872665 2.048 0.030818
35.951 26 NAVIGATION 4 0 86.5 187.5 0. 206.490921 23 17 17 0 0 0
35.957 26 ESTIMATOR 255.787491 -0.120048
35.957 26 ATTITUDE 0.871273 2.126964 0.033235
36.057 26 GPS 3 36037439 481378122 1180 254628 1487 -94 0 100789480 31 0
36.058 26 SVINFO 6 13 1 6 44 37 328
36.058 26 DESIRED 0.598517 0.069373 2.313134 141.250824 137.272354 260. 0.441892 14.
36.058 26 ATTITUDE 0.865209 2.179068 0.034883
36.157 26 DL_VALUE 33 0.
36.157 26 AIR_DATA 98311.882812 0. -1000. 1013.25 0. -1. -1.
36.157 26 NAVIGATION 4 0 89.65625 185.5 0. 206.490921 23 17 17 0 0 0
36.158 26 ATTITUDE 0.842518 2.254911 0.037414
36.191 26 NAVIGATION 4 0 89.65625 185.5 0. 206.030319 23 17 17 0 0 0
36.256 26 AIRSPEED 14.953809 14. 14. 6.
36.257 26 DESIRED 0.518711 0.074634 2.345351 142.632812 133.660065 260. 0.476393 14.
36.257 26 ATTITUDE 0.822518 2.303313 0.039126
36.307 26 GPS 3 36037725 481377906 1270 254406 1492 -101 0 100789720 31 0
36.308 26 SVINFO 0 7 0 0 48 25 29
36.358 26 CIRCLE 49.5 100.099998 70.
36.358 26 WP_MOVED 6 360164.8125 4813664.5 260. 31
36.359 26 ATTITUDE 0.792518 2.372667 0.041747
36.470 26 NAVIGATION 4 0 92.5 183.5 0. 205.495743 24 18 18 0 0 0
36.474 26 FBW_STATUS 2 0 1 12.5 7.098053
36.479 26 ENERGY 31 12.5 7.10099 88.762375 0.657581 8.219782
36.480 26 ESTIMATOR 255.229538 -0.334205
36.480 26 DESIRED 0.410447 0.07799 2.374992 143.795563 130.23877 260. 0.500421 14.
36.480 26 ATTITUDE 0.772518 2.416833 0.043519
36.556 26 GPS_SOL 678 678 678 7
36.556 26 GPS 3 36037977 481377651 1352 254227 1494 -89 0 100789959 31 0
36.556 26 ATTITUDE 0.742518 2.480134 0.046202
36.628 26 WIND_INFO 26 5 0.8 0.3 0. 13.8
36.628 26 WIND_INFO_RET 5 0.8 0.3 0. 14.948695
36.658 26 DATALINK_REPORT 0 7 1860 839 0 0
36.658 26 DESIRED 0.410447 0.077465 2.374992 143.795563 130.23877 260. 0.500421 14.
36.659 26 ATTITUDE 0.722518 2.520449 0.048006
36.690 26 NAVIGATION 4 0 95. 181. 0. 204.416245 24 18 18 0 0 0
36.758 26 ALIVE 128,247,33,237,150,226,125,96,211,120,85,14,103,22,52,69
36.758 26 CALIBRATION 0. 0
36.758 26 ATTITUDE 0.692518 2.578224 0.050713
36.807 26 GPS 3 36038228 481377316 1443 254098 1492 -54 0 100790240 31 0
36.807 26 SVINFO 2 9 1 2 47 17 129
36.857 26 WP_MOVED 7 360558.40625 4813804.5 260. 31
36.857 26 DESIRED 0.309737 0.082043 2.398229 144.827011 126.797592 260. 0.536206 14.
36.857 26 ATTITUDE 0.672518 2.615005 0.052528
36.958 26 NAVIGATION 4 0 97.53125 177.5 0. 202.530472 24 18 18 0 0 0
36.959 26 ESTIMATOR 254.672455 -0.501219
36.959 26 ATTITUDE 0.642518 2.667676 0.055244
37.057 26 GPS 3 36038404 481377006 1503 254062 1487 -35 0 100790480 31 0
37.058 26 DESIRED 0.18531 0.08441 2.418858 145.888092 122.668518 260. 0.55886 14.
37.058 26 ATTITUDE 0.622518 2.701176 0.057038
37.157 26 NAVIGATION 4 0 99.28125 174.5 0. 202.530472 24 18 18 0 0 0
37.158 26 ATTITUDE 0.592518 2.749083 0.059704
37.190 26 NAVIGATION 4 0 99.28125 174.5 0. 200.766068 24 18 18 0 0 0
37.258 26 AIRSPEED 14.738874 14. 14. 6.
37.258 26 DESIRED 0.122101 0.087611 2.43241 146.605103 119.350945 260. 0.588387 14.
37.259 26 ATTITUDE 0.572518 2.7795 0.061451
37.307 26 GPS 3 36038548 481376682 1561 254092 1479 -16 0 100790720 31 0
37.358 26 WP_MOVED 8 360461.40625 4813640. 215. 31
37.358 26 ATTITUDE 0.542518 2.822904 0.064033
37.407 26 CIRCLE 49.5 100.099998 70.
37.459 26 NAVIGATION 4 0 100.71875 171. 0. 198.457214 25 19 19 0 0 0
37.460 26 AIR_DATA 98318.132812 0. -1000. 1013.25 0. -1. -1.
37.460 26 ESTIMATOR 254.241241 -0.577378
37.461 26 DESIRED 0.040167 0.088609 2.440915 147.23381 115.85125 260. 0.604094 14.
37.461 26 ATTITUDE 0.522518 2.85039 0.065718
37.557 26 ENERGY 33 12.5 7.732265 96.65332 0.671081 8.388528
37.558 26 GPS 3 36038661 481376348 1613 254180 1468 17 0 100790959 31 0
37.558 26 ATTITUDE 0.492518 2.889488 0.068179
37.640 26 FBW_STATUS 2 0 1 12.5 7.819117
37.658 26 DL_VALUE 34 0.
37.658 26 DESIRED 0.040167 0.087146 2.440915 147.23381 115.85125 260. 0.604094 14.
37.658 26 ATTITUDE 0.472518 2.914158 0.069773
37.691 26 NAVIGATION 4 0 101.84375 168. 0. 196.45903 25 19 19 0 0 0
37.758 26 ATTITUDE 0.442518 2.949102 0.072076
37.808 26 GPS 3 36038758 481375952 1669 254344 1455 45 0 100791240 31 0
37.858 26 WP_MOVED 9 360312.8125 4813652. 185. 31
37.858 26 DESIRED -0.028494 0.088119 2.44863 147.676758 112.801384 260. 0.62075 14.
37.858 26 ATTITUDE 0.422518 2.971044 0.073554
37.953 26 NAVIGATION 4 0 102.84375 164. 0. 193.57901 25 19 19 0 0 0
37.958 26 ESTIMATOR 254.02951 -0.542363
37.959 26 ATTITUDE 0.392518 3.001947 0.075672
38.058 26 GPS 3 36038815 481375610 1705 254527 1444 55 0 100791480 31 0
38.058 26 DESIRED -0.112199 0.087392 2.453323 148.096115 108.97728 260. 0.626304 14.
38.058 26 ATTITUDE 0.372518 3.021225 0.07701
38.157 26 NAVIGATION 4 0 103.40625 160.5 0. 193.57901 25 19 19 0 0 0
38.157 26 ATTITUDE 0.342518 3.048175 0.0789
38.191 26 NAVIGATION 4 0 103.40625 160.5 0. 190.926956 25 19 19 0 0 0
38.257 26 AIRSPEED 14.272594 14. 14. 6.
38.258 26 DESIRED -0.153377 0.08591 2.454715 148.335587 105.714859 260. 0.626905 14.
38.258 26 ATTITUDE 0.322518 3.064839 0.080076
38.308 26 GPS 3 36038852 481375268 1738 254740 1433 64 0 100791720 31 0
38.358 26 WP_MOVED 10 360452.8125 4813581. 260. 31
38.359 26 ATTITUDE 0.292518 3.087895 0.081708
38.461 26 NAVIGATION 4 0 103.78125 157. 0. 188.200821 26 20 20 0 0 0
38.461 26 FBW_STATUS 2 0 1 12.5 8.451363
38.461 26 CIRCLE 49.5 100.099998 70.
38.461 26 ESTIMATOR 254.068314 -0.407421
38.461 26 DESIRED -0.200931 0.083643 2.455436 148.467499 102.431061 260. 0.622234 14.
38.461 26 ATTITUDE 0.272518 3.101981 0.082703
38.557 26 GPS_SOL 670 670 670 7
38.557 26 GPS 3 36038872 481374927 1766 254978 1422 87 0 100791959 31 0
38.558 26 ATTITUDE 0.242518 3.12119 0.084052
38.658 26 ENERGY 36 12.5 8.57362 107.17025 0.686099 8.576258
38.658 26 DESIRED -0.200931 0.082096 2.455436 148.467499 102.431061 260. 0.622234 14.
38.658 26 ATTITUDE 0.222518 3.132721 0.084852
38.691 26 NAVIGATION 4 0 103.96875 153.5 0. 185.396194 26 20 20 0 0 0
38.757 26 AIR_DATA 98307.804688 0. -1000. 1013.25 0. -1. -1.
38.757 26 ATTITUDE 0.192518 3.148112 0.085898
38.807 26 GPS 3 36038878 481374531 1794 255278 1411 94 0 100792240 31 0
38.807 26 SVINFO 3 10 1 3 46 63 180
38.857 26 CALIBRATION 0. 0
38.857 26 WP_MOVED 11 360169.5 4813757.5 260. 31
38.857 26 DESIRED -0.238841 0.07847 2.455555 148.490082 99.119217 260. 0.608212 14.
38.858 26 ATTITUDE 0.172518 3.157106 0.086486
38.961 26 NAVIGATION 4 0 104.0625 150. 0. 182.562332 26 20 20 0 0 0
38.962 26 ESTIMATOR 254.340897 -0.201041
38.962 26 ATTITUDE 0.142518 3.168697 0.087205
39.057 26 GPS 3 36038872 481374194 1809 255548 1403 124 0 100792480 31 0
39.057 26 SVINFO 4 11 1 4 45 89 230
39.058 26 DESIRED -0.277119 0.074801 2.45702 148.396484 95.685928 260. 0.59364 14.
39.058 26 ATTITUDE 0.122518 3.17516 0.087576
39.158 26 DL_VALUE 35 140.
39.158 26 NAVIGATION 4 0 103.96875 146.5 0. 182.562332 26 20 20 0 0 0
39.159 26 ATTITUDE 0.092518 3.182958 0.087963
39.191 26 NAVIGATION 4 0 103.96875 146.5 0. 179.643402 26 20 20 0 0 0
39.258 26 AIRSPEED 13.925652 14. 14. 6.
39.258 26 DESIRED -0.289658 0.069247 2.458197 148.179733 92.206352 260. 0.566198 14.
39.258 26 ATTITUDE 0.072518 3.186892 0.088112
39.308 26 GPS 3 36038859 481373859 1821 255825 1396 123 0 100792720 31 0
39.308 26 SVINFO 5 12 1 5 44 74 280
39.356 26 WP_MOVED 0 360326. 4813637. 260. 31
39.356 26 ATTITUDE 0.042518 3.190893 0.088154
39.466 26 NAVIGATION 4 0 103.84375 143. 0. 176.727264 27 21 21 0 0 0
39.467 26 ESTIMATOR 254.808197 0.043966
39.468 26 DESIRED -0.299645 0.064605 2.462426 147.816498 88.530006 260. 0.54462 14.
39.469 26 ATTITUDE 0.022518 3.192293 0.088064
39.508 26 CIRCLE 49.5 100.099998 70.
39.557 26 NAVIGATION_REF 360284 4813595 31 185.
39.557 26 GPS 3 36038843 481373526 1827 256104 1390 127 0 100792959 31 0
39.558 26 SVINFO 6 13 0 6 43 31 330
39.558 26 ATTITUDE -0.007482 3.192485 0.087755
39.640 26 FBW_STATUS 2 0 1 12.5 8.899542
39.657 26 DESIRED -0.299645 0.064214 2.462426 147.816498 88.530006 260. 0.54462 14.
39.657 26 ATTITUDE -0.027482 3.191338 0.087431
39.691 26 NAVIGATION 4 0 103.6875 140. 0. 174.215668 27 21 21 0 0 0
39.758 26 ENERGY 37 12.5 8.834749 110.434364 0.702184 8.777322
39.758 26 ATTITUDE -0.057482 3.187699 0.086783
39.808 26 GPS 3 36038824 481373139 1828 256427 1383 142 0 100793240 31 0
39.858 26 WP_MOVED 1 360284. 4813595. 260. 31
39.858 26 DESIRED -0.300305 0.059229 2.468239 147.372925 85.237671 260. 0.508409 14.
39.858 26 ATTITUDE -0.077482 3.183988 0.086236
39.940 26 NAVIGATION 4 0 103.5 136. 0. 170.904205 27 21 21 0 0 0
39.960 26 PPRZ_MODE 2 3 3 2 0 6
39.961 26 ESTIMATOR 255.411392 0.294514
39.962 26 ATTITUDE -0.107482 3.176484 0.085262
40.058 26 AIR_DATA 98287.78125 0. -1000. 1013.25 0. -1. -1.
40.059 26 GPS 3 36038810 481372808 1823 256696 1380 118 0 100793480 31 0
40.059 26 SVINFO 1 8 1 1 47 0 81
40.059 26 DESIRED -0.285249 0.055683 2.481356 146.547546 80.560944 260. 0.481345 14.
40.060 26 ATTITUDE -0.127482 3.170185 0.08452
40.158 26 NAVIGATION 4 0 103.34375 132.5 0. 170.904205 27 21 21 0 0 0
40.158 26 ATTITUDE -0.157482 3.158777 0.083269
40.191 26 NAVIGATION 4 0 103.34375 132.5 0. 168.03624 27 21 21 0 0 0
40.258 26 AIRSPEED 13.76707 14. 14. 6.
40.259 26 DESIRED -0.261366 0.049907 2.497968 145.569839 76.213074 260. 0.438952 14.
40.259 26 ATTITUDE -0.177482 3.149858 0.082356
40.308 26 GPS 3 36038803 481372477 1813 256953 1377 128 0 100793720 31 0
40.308 26 SVINFO 2 9 0 2 46 22 131
40.358 26 WP_MOVED 2 360333.5 4813695. 260. 31
40.358 26 ATTITUDE -0.207482 3.134494 0.080853
40.441 26 NAVIGATION 4 0 103.28125 129.5 0. 165.641983 28 22 22 0 0 0
40.465 26 FBW_STATUS 2 0 1 12.5 8.834749
40.467 26 ESTIMATOR 256.091583 0.523534
40.470 26 DESIRED -0.227929 0.046192 2.517562 144.498215 72.255081 260. 0.409993 14.
40.471 26 ATTITUDE -0.227423 3.122919 0.07977
40.541 26 COMMANDS 3529,165,-249,0,0
40.557 26 GPS_SOL 661 661 661 7
40.557 26 CIRCLE 49.5 100.099998 70.
40.557 26 GPS 3 36038804 481372147 1797 257196 1376 120 0 100793959 31 0
40.557 26 SVINFO 3 10 1 3 45 66 181
40.558 26 ATTITUDE -0.255509 3.103618 0.078037
40.658 26 DL_VALUE 36 0.
40.658 26 DESIRED -0.227929 0.046799 2.517562 144.498215 72.255081 260. 0.409993 14.
40.659 26 ATTITUDE -0.271687 3.089595 0.07681
40.690 26 NAVIGATION 4 0 103.28125 126. 0. 162.920273 28 22 22 0 0 0
40.758 26 ATTITUDE -0.29117 3.067132 0.074882
40.807 26 GPS 3 36038822 481371762 1770 257454 1375 136 0 100794240 31 0
40.857 26 COMMANDS 3498,896,-255,0,0
40.857 26 ENERGY 36 12.5 8.671715 108.396439 0.718345 8.97934
40.857 26 WP_MOVED 3 360294.09375 4813785. 260. 31
40.858 26 DESIRED -0.178525 0.040662 2.546594 142.93985 67.40448 260. 0.366516 14.
40.858 26 ATTITUDE -0.299492 3.051474 0.073527
40.941 26 NAVIGATION 4 0 103.5 122.5 0. 160.369888 28 22 22 0 0 0
40.966 26 AUTOPILOT_VERSION 51500 v5.15_devel-179-g9a29798-dirty
40.966 26 CALIBRATION 0. 0
40.966 26 ESTIMATOR 256.783936 0.708319
40.966 26 ATTITUDE -0.304849 3.027493 0.071407
41.057 26 GPS 3 36038853 481371434 1746 257653 1375 131 0 100794480 31 0
41.058 26 DESIRED -0.102245 0.036324 2.585015 140.978836 62.263206 260. 0.337365 14.
41.058 26 ATTITUDE -0.303401 3.011489 0.069947
41.157 26 NAVIGATION 4 0 103.78125 118.5 0. 160.369888 28 22 22 0 0 0
41.158 26 ATTITUDE -0.291538 2.988141 0.067677
41.190 26 NAVIGATION 4 0 103.78125 118.5 0. 157.520782 28 22 22 0 0 0
41.257 26 AIRSPEED 13.78482 14. 14. 6.
41.258 26 DESIRED -0.027273 0.029601 2.635505 138.267059 56.277515 260. 0.295438 14.
41.258 26 ATTITUDE -0.278041 2.973386 0.066126
41.306 26 GPS 3 36038900 481371106 1718 257834 1377 122 0 100794720 31 0
41.357 26 AIR_DATA 98274.523438 0. -1000. 1013.25 0. -1. -1.
41.357 26 WP_MOVED 4 360416.3125 4813734. 260. 31
41.357 26 ATTITUDE -0.249336 2.953086 0.063719
41.441 26 NAVIGATION 4 0 104.25 115.5 0. 155.59021 29 23 23 0 0 0
41.463 26 ESTIMATOR 257.435577 0.835317
41.463 26 DESIRED 0.047285 0.024782 2.682046 135.839035 51.668907 260. 0.269008 14.
41.464 26 ATTITUDE -0.229336 2.940904 0.062068
41.558 26 GPS 3 36038960 481370781 1694 258004 1378 114 0 100794959 31 0
41.559 26 SVINFO 0 7 0 0 47 17 32
41.559 26 ATTITUDE -0.199336 2.924638 0.059528
41.607 26 CIRCLE 49.5 100.099998 70.
41.641 26 FBW_STATUS 2 0 1 12.5 8.381243
41.658 26 DESIRED 0.047285 0.023899 2.682046 135.839035 51.668907 260. 0.269008 14.
41.658 26 ATTITUDE -0.179336 2.915119 0.057792
41.690 26 NAVIGATION 4 0 104.84375 112.5 0. 153.780563 29 23 23 0 0 0
41.758 26 DATALINK_REPORT 5 7 2050 840 0 0
41.758 26 ATTITUDE -0.149336 2.90281 0.055138
41.807 26 GPS 3 36039045 481370404 1670 258192 1380 83 0 100795240 31 0
41.857 26 ALIVE 128,247,33,237,150,226,125,96,211,120,85,14,103,22,52,69
41.858 26 WP_MOVED 5 360421. 4813583.5 260. 31
41.858 26 DESIRED 0.122446 0.017434 2.733636 133.11084 47.09787 260. 0.231921 14.
41.858 26 ATTITUDE -0.129336 2.895907 0.053325
41.941 26 NAVIGATION 4 0 105.6875 108.5 0. 151.466492 29 23 23 0 0 0
41.965 26 ENERGY 34 12.5 8.280872 103.510902 0.733854 9.173199
41.965 26 ESTIMATOR 258.012878 0.903129
41.966 26 ATTITUDE -0.099336 2.887496 0.050556
42.058 26 GPS 3 36039126 481370082 1658 258347 1381 61 0 100795480 31 0
42.058 26 DESIRED 0.219054 0.013012 2.806974 129.080566 41.219315 260. 0.208449 14.
42.058 26 ATTITUDE -0.079336 2.883178 0.048685
42.157 26 DL_VALUE 37 14.
42.158 26 NAVIGATION 4 0 106.53125 105.5 0. 151.466492 29 23 23 0 0 0
42.158 26 ATTITUDE -0.049336 2.878627 0.045837
42.191 26 NAVIGATION 4 0 106.53125 105.5 0. 149.930511 29 23 23 0 0 0
42.258 26 AIRSPEED 13.832951 14. 14. 6.
42.258 26 DESIRED 0.273548 0.007251 2.867524 125.786743 37.01012 260. 0.175975 14.
42.259 26 ATTITUDE -0.029336 2.876873 0.043922
42.307 26 GPS 3 36039212 481369762 1650 258493 1382 61 0 100795720 31 0
42.358 26 WP_MOVED 6 360164.8125 4813664.5 260. 31
42.359 26 ATTITUDE 0.000664 2.876158 0.041015
42.441 26 NAVIGATION 4 0 107.375 102. 0. 148.099258 30 24 24 0 0 0
42.477 26 FBW_STATUS 2 0 1 12.5 8.117224
42.478 26 ESTIMATOR 258.511993 0.922631
42.479 26 DESIRED 0.341283 0.004106 2.937695 121.759125 32.434509 260. 0.156092 14.
42.479 26 ATTITUDE 0.020664 2.876957 0.039059
42.557 26 GPS_SOL 651 651 651 7
42.557 26 GPS 3 36039299 481369441 1648 258628 1383 64 0 100795959 31 0
42.558 26 SVINFO 4 11 1 4 44 89 232
42.558 26 ATTITUDE 0.050664 2.880071 0.036112
42.658 26 AIR_DATA 98265.273438 0. -1000. 1013.25 0. -1. -1.
42.658 26 CIRCLE 49.5 100.099998 70.
42.659 26 DESIRED 0.341283 0.005006 2.937695 121.759125 32.434509 260. 0.156092 14.
42.659 26 ATTITUDE 0.070664 2.883423 0.034145
42.690 26 NAVIGATION 4 0 108.25 99. 0. 146.693771 30 24 24 0 0 0
42.757 26 ATTITUDE 0.100664 2.890371 0.03121
42.807 26 GPS 3 36039398 481369066 1652 258766 1385 67 0 100796240 31 0
42.808 26 SVINFO 5 12 1 5 43 69 282
42.857 26 WP_MOVED 7 360558.40625 4813804.5 260. 31
42.858 26 DESIRED 0.390142 0.001884 3.001106 118.17733 28.801857 260. 0.129009 14.
42.858 26 ATTITUDE 0.120664 2.896285 0.029262
42.940 26 NAVIGATION 4 0 109.25 95. 0. 144.777634 30 24 24 0 0 0
42.971 26 ESTIMATOR 258.927887 0.902241
42.971 26 ATTITUDE 0.150664 2.907087 0.026369
43.061 26 CALIBRATION 0. 0
43.062 26 ENERGY 33 12.5 7.900173 98.752167 0.748666 9.35834
43.063 26 GPS 3 36039479 481368743 1660 258865 1387 57 0 100796480 31 0
43.064 26 SVINFO 6 13 1 6 42 25 332
43.065 26 DESIRED 0.453926 0.000396 3.084387 113.293137 24.40036 260. 0.112465 14.
43.065 26 ATTITUDE 0.170664 2.915579 0.02447
43.157 26 NAVIGATION 4 0 110.0625 92. 0. 144.777634 30 24 24 0 0 0
43.157 26 ATTITUDE 0.200664 2.930264 0.021671
43.191 26 NAVIGATION 4 0 110.0625 92. 0. 143.449478 30 24 24 0 0 0
43.257 26 AIRSPEED 13.912389 14. 14. 6.
43.257 26 DESIRED 0.485857 -0.001811 3.14811 109.6026 21.438202 260. 0.090741 14.
43.257 26 ATTITUDE 0.220664 2.941359 0.019849
43.306 26 GPS 3 36039551 481368418 1674 258942 1389 60 0 100796720 31 0
43.358 26 WP_MOVED 8 360461.40625 4813640. 215. 31
43.358 26 ATTITUDE 0.250664 2.959973 0.017175
43.440 26 NAVIGATION 4 0 110.78125 88.5 0. 141.791168 31 25 25 0 0 0
43.462 26 ESTIMATOR 259.252258 0.846712
43.462 26 DESIRED 0.523479 -0.002617 3.220092 105.259445 18.302177 260. 0.078438 14.
43.462 26 ATTITUDE 0.270664 2.973706 0.01544
43.559 26 GPS 3 36039612 481368089 1694 258998 1392 56 0 100796959 31 0
43.560 26 SVINFO 1 8 1 1 46 0 83
43.560 26 ATTITUDE 0.300664 2.996307 0.012918
43.649 26 FBW_STATUS 2 0 1 12.5 7.687428
43.661 26 DL_VALUE 38 0.361583
43.663 26 DESIRED 0.523479 -0.001395 3.220092 105.259445 18.302177 260. 0.078438 14.
43.664 26 ATTITUDE 0.320664 3.01272 0.011292
43.690 26 NAVIGATION 4 0 111.375 85.5 0. 140.408829 31 25 25 0 0 0
43.707 26 CIRCLE 49.5 100.099998 70.
43.757 26 ATTITUDE 0.350664 3.039382 0.008948
43.807 26 GPS 3 36039665 481367702 1726 259031 1397 30 0 100797240 31 0
43.807 26 SVINFO 2 9 1 2 45 28 133
43.857 26 WP_MOVED 9 360312.8125 4813652. 185. 31
43.858 26 DESIRED 0.541187 -0.002441 3.281773 101.553375 15.89521 260. 0.063325 14.
43.858 26 ATTITUDE 0.370664 3.058531 0.007447
43.940 26 NAVIGATION 4 0 111.875 81.5 0. 138.413391 31 25 25 0 0 0
43.981 26 AIR_DATA 98260.578125 0. -1000. 1013.25 0. -1. -1.
43.981 26 ESTIMATOR 259.470123 0.757365
43.982 26 ATTITUDE 0.400664 3.089346 0.005298
44.057 26 GPS 3 36039691 481367367 1755 259031 1400 15 0 100797480 31 0
44.057 26 SVINFO 3 10 1 3 44 71 183
44.057 26 DESIRED 0.561913 -0.002316 3.361354 96.577713 13.015625 260. 0.055584 14.
44.058 26 ATTITUDE 0.420664 3.111298 0.003937
44.157 26 ENERGY 32 12.5 7.473003 93.412544 0.76277 9.534623
44.157 26 NAVIGATION 4 0 112.15625 78. 0. 138.413391 31 25 25 0 0 0
44.158 26 ATTITUDE 0.450664 3.146374 0.002007
44.190 26 NAVIGATION 4 0 112.15625 78. 0. 136.612671 31 25 25 0 0 0
44.258 26 AIRSPEED 14.091531 14. 14. 6.
44.259 26 DESIRED 0.575261 -0.002133 3.429868 92.229614 10.801735 260. 0.047792 14.
44.259 26 ATTITUDE 0.470664 3.171209 0.000799
44.308 26 GPS 3 36039696 481367029 1792 259003 1405 1 0 100797720 31 0
44.309 26 SVINFO 4 11 1 4 43 89 233
44.357 26 WP_MOVED 10 360452.8125 4813581. 260. 31
44.357 26 ATTITUDE 0.500664 3.210678 -0.000895
44.440 26 NAVIGATION 4 0 112.21875 75. 0. 134.974243 32 26 26 0 0 0
44.491 26 FBW_STATUS 2 0 1 12.5 7.32193
44.492 26 ESTIMATOR 259.56839 0.635731
44.492 26 DESIRED 0.56452 -0.001096 3.487354 88.480392 9.102585 260. 0.045276 14.
44.492 26 ATTITUDE 0.520664 3.238491 -0.001943
44.556 26 GPS_SOL 640 640 640 7
44.556 26 GPS 3 36039674 481366691 1835 258945 1411 -11 0 100797959 31 0
44.556 26 SVINFO 5 12 1 5 42 66 283
44.557 26 ATTITUDE 0.55032 3.282495 -0.003389
44.658 26 DESIRED 0.56452 0.000361 3.487354 88.480392 9.102585 260. 0.045276 14.
44.658 26 ATTITUDE 0.569107 3.313321 -0.004269
44.691 26 NAVIGATION 4 0 111.96875 71.5 0. 132.850479 32 26 26 0 0 0
44.759 26 CIRCLE 49.5 100.099998 70.
44.763 26 ATTITUDE 0.594681 3.361647 -0.005457
44.807 26 GPS 3 36039613 481366299 1898 258838 1418 -32 0 100798240 31 0
44.807 26 SVINFO 6 13 1 6 41 22 333
44.857 26 PPRZ_MODE 2 3 3 2 0 6
44.857 26 WP_MOVED 11 360169.5 4813757.5 260. 31
44.857 26 DESIRED 0.560244 0.001795 3.552433 84.007401 7.314011 260. 0.045625 14.
44.857 26 ATTITUDE 0.609283 3.395099 -0.006161
44.940 26 NAVIGATION 4 0 111.375 67.5 0. 130.233017 32 26 26 0 0 0
44.965 26 ESTIMATOR 259.532135 0.482357
44.965 26 ATTITUDE 0.626869 3.446782 -0.007084
45.058 26 GPS 3 36039524 481365969 1950 258712 1424 -41 0 100798480 31 0
45.058 26 SVINFO 0 7 0 0 46 12 34
45.058 26 DESIRED 0.52728 0.003493 3.625613 78.801094 5.540779 260. 0.049079 14.
45.058 26 ATTITUDE 0.634644 3.481964 -0.007608
45.158 26 CALIBRATION 0. 0
45.158 26 DL_VALUE 39 -0.017891
45.158 26 NAVIGATION 4 0 110.5 64.5 0. 130.233017 32 26 26 0 0 0
45.158 26 ATTITUDE 0.639847 3.535233 -0.008259
45.190 26 NAVIGATION 4 0 110.5 64.5 0. 127.947258 32 26 26 0 0 0
45.258 26 AIR_DATA 98264.289062 0. -1000. 1013.25 0. -1. -1.
45.258 26 ENERGY 30 12.5 6.945744 86.821793 0.775953 9.699413
45.258 26 AIRSPEED 14.36107 14. 14. 6.
45.258 26 DESIRED 0.499655 0.005786 3.678847 74.674034 4.359367 260. 0.058734 14.
45.258 26 ATTITUDE 0.639202 3.570736 -0.008605
45.307 26 GPS 3 36039401 481365649 2010 258558 1431 -32 0 100798720 31 0
45.358 26 WP_MOVED 0 360326. 4813637. 260. 31
45.358 26 ATTITUDE 0.631525 3.623376 -0.008988
45.440 26 NAVIGATION 4 0 109.25 61. 0. 125.126183 33 27 27 0 0 0
45.458 26 ESTIMATOR 259.349731 0.299251
45.458 26 DESIRED 0.467034 0.007669 3.741138 69.743294 3.196907 260. 0.068213 14.
45.458 26 ATTITUDE 0.622329 3.657724 -0.009156
45.541 26 COMMANDS 2868,-969,94,0,0
45.558 26 GPS 3 36039243 481365341 2070 258390 1438 -54 0 100798959 31 0
45.558 26 ATTITUDE 0.602927 3.707646 -0.009279
45.645 26 FBW_STATUS 2 0 1 12.5 6.736031
45.672 26 DESIRED 0.467034 0.007728 3.741138 69.743294 3.196907 260. 0.068213 14.
45.681 26 ATTITUDE 0.586432 3.739599 -0.009276
45.691 26 NAVIGATION 4 0 107.6875 58. 0. 122.313522 33 27 27 0 0 0
45.771 26 ATTITUDE 0.557822 3.785226 -0.009154
45.808 26 CIRCLE 49.5 100.099998 70.
45.808 26 GPS 3 36039021 481365003 2142 258197 1445 -59 0 100799240 31 0
45.858 26 COMMANDS 2835,-736,111,0,0
45.858 26 WP_MOVED 1 360284. 4813595. 260. 31
45.858 26 DESIRED 0.424398 0.010194 3.793934 65.179695 2.354683 260. 0.086541 14.
45.858 26 ATTITUDE 0.537822 3.814038 -0.00899
45.940 26 NAVIGATION 4 0 105.4375 54.5 0. 118.690002 33 27 27 0 0 0
45.959 26 ESTIMATOR 259.035156 0.099016
45.959 26 ATTITUDE 0.507822 3.854909 -0.008631
46.057 26 GPS 3 36038803 481364733 2189 258053 1448 -65 0 100799480 31 0
46.057 26 DESIRED 0.372922 0.011934 3.856506 59.52681 1.614143 260. 0.101212 14.
46.058 26 ATTITUDE 0.487822 3.880634 -0.008324
46.157 26 NAVIGATION 4 0 103.28125 52. 0. 118.690002 33 27 27 0 0 0
46.157 26 ATTITUDE 0.457822 3.917 -0.007761
46.191 26 NAVIGATION 4 0 103.28125 52. 0. 115.63311 33 27 27 0 0 0
46.258 26 AIRSPEED 14.493114 14. 14. 6.
46.258 26 DESIRED 0.352566 0.014922 3.90203 55.011734 1.258606 260. 0.125215 14.
46.258 26 ATTITUDE 0.437822 3.939797 -0.007328
46.307 26 GPS 3 36038564 481364480 2233 257939 1449 -37 0 100799720 31 0
46.356 26 ENERGY 29 12.5 6.704113 83.801414 0.788316 9.853952
46.357 26 WP_MOVED 2 360333.5 4813695. 260. 31
46.357 26 ATTITUDE 0.407827 3.971874 -0.006582
46.441 26 NAVIGATION 4 0 100.875 49.5 0. 112.365547 34 28 28 0 0 0
46.480 26 FBW_STATUS 2 0 1 12.5 6.704113
46.480 26 ESTIMATOR 258.650391 -0.087732
46.480 26 DESIRED 0.329692 0.016645 3.949515 50.252323 1.107903 260. 0.141574 14.
46.481 26 ATTITUDE 0.387928 3.991875 -0.006028
46.556 26 GPS_SOL 629 629 629 7
46.557 26 AIR_DATA 98274.28125 0. -1000. 1013.25 0. -1. -1.
46.557 26 GPS 3 36038309 481364244 2272 257855 1448 -30 0 100799959 31 0
46.557 26 ATTITUDE 0.358948 4.019888 -0.005121
46.628 26 WIND_INFO 26 5 0.3 -0.3 0. 14.2
46.629 26 WIND_INFO_RET 5 0.3 -0.3 0. 14.463746
46.658 26 DL_VALUE 40 -0.
46.658 26 DESIRED 0.329692 0.015847 3.949515 50.252323 1.107903 260. 0.141574 14.
46.658 26 ATTITUDE 0.340536 4.037307 -0.004467
46.691 26 NAVIGATION 4 0 98.34375 47. 0. 108.997673 34 28 28 0 0 0
46.757 26 ATTITUDE 0.31533 4.061725 -0.003428
46.808 26 GPS 3 36037995 481363988 2313 257795 1445 -28 0 100800240 31 0
46.857 26 DATALINK_REPORT 0 8 2240 833 0 0
46.857 26 CIRCLE 49.5 100.099998 70.
46.857 26 WP_MOVED 3 360294.09375 4813785. 260. 31
46.858 26 DESIRED 0.317861 0.018673 3.999392 45.370461 1.191216 260. 0.165379 14.
46.858 26 ATTITUDE 0.300434 4.076989 -0.002691
46.941 26 NAVIGATION 4 0 95.21875 44.5 0. 105.104042 34 28 28 0 0 0
46.975 26 ALIVE 128,247,33,237,150,226,125,96,211,120,85,14,103,22,52,69
46.976 26 ESTIMATOR 258.28186 -0.226883
46.976 26 ATTITUDE 0.281603 4.098608 -0.001535
47.056 26 GPS 3 36037716 481363784 2337 257769 1441 -10 0 100800480 31 0
47.057 26 SVINFO 1 8 0 1 45 2 85
47.057 26 DESIRED 0.302721 0.020298 4.052532 39.890972 1.57251 260. 0.180233 14.
47.057 26 ATTITUDE 0.271643 4.11233 -0.000737
47.176 26 NAVIGATION 4 0 92.40625 42.5 0. 105.104042 34 28 28 0 0 0
47.177 26 ATTITUDE 0.26022 4.132132 0.0005
47.190 26 NAVIGATION 4 0 92.40625 42.5 0. 101.711182 34 28 28 0 0 0
47.257 26 CALIBRATION 0. 0
47.257 26 AIRSPEED 14.351851 14. 14. 6.
47.257 26 DESIRED 0.308938 0.022845 4.098213 35.179432 2.146324 260. 0.199998 14.
47.257 26 ATTITUDE 0.255086 4.144961 0.001341
47.307 26 GPS 3 36037429 481363592 2361 257762 1437 -27 0 100800720 31 0
47.308 26 SVINFO 2 9 0 2 44 34 135
47.357 26 WP_MOVED 4 360416.3125 4813734. 260. 31
47.358 26 ATTITUDE 0.251339 4.163917 0.002635
47.440 26 NAVIGATION 4 0 89.53125 40.5 0. 98.265427 35 29 29 0 0 0
47.456 26 ENERGY 30 12.5 7.051113 88.138916 0.800908 10.011351
47.456 26 ESTIMATOR 257.986389 -0.304399
47.457 26 DESIRED 0.313648 0.02434 4.146585 30.420761 2.961014 260. 0.211228 14.
47.464 26 ATTITUDE 0.251402 4.176518 0.003513
47.557 26 GPS 3 36037136 481363412 2383 257769 1433 -29 0 100800959 31 0
47.558 26 SVINFO 3 10 0 3 43 76 185
47.558 26 ATTITUDE 0.255039 4.195618 0.004848
47.641 26 FBW_STATUS 2 0 1 12.5 7.118612
47.657 26 DESIRED 0.313648 0.024362 4.146585 30.420761 2.961014 260. 0.211228 14.
47.657 26 ATTITUDE 0.259582 4.208616 0.005747
47.691 26 NAVIGATION 4 0 86.625 38.5 0. 94.795258 35 29 29 0 0 0
47.757 26 ATTITUDE 0.269057 4.228708 0.007101
47.807 26 GPS 3 36036787 481363216 2411 257788 1428 -8 0 100801240 31 0
47.808 26 SVINFO 4 11 1 4 42 89 235
47.857 26 AIR_DATA 98275.054688 0. -1000. 1013.25 0. -1. -1.
47.857 26 WP_MOVED 5 360421. 4813583.5 260. 31
47.857 26 DESIRED 0.324477 0.026633 4.197458 25.679178 4.013741 260. 0.225009 14.
47.857 26 ATTITUDE 0.276997 4.242602 0.00801
47.907 26 CIRCLE 49.5 100.099998 70.
47.940 26 NAVIGATION 4 0 83.125 36.5 0. 90.785545 35 29 29 0 0 0
47.956 26 ESTIMATOR 257.787384 -0.323732
47.957 26 ATTITUDE 0.290626 4.264336 0.009376
48.058 26 GPS 3 36036481 481363062 2432 257810 1425 -8 0 100801480 31 0
48.058 26 SVINFO 5 12 1 5 41 60 285
48.059 26 DESIRED 0.327826 0.028027 4.253781 20.333992 5.499023 260. 0.232103 14.
48.059 26 ATTITUDE 0.300378 4.279472 0.010284
48.158 26 DL_VALUE 41 0.1
48.159 26 NAVIGATION 4 0 80.0625 35. 0. 90.785545 35 29 29 0 0 0
48.160 26 ATTITUDE 0.315383 4.303195 0.01164
48.191 26 NAVIGATION 4 0 80.0625 35. 0. 87.37851 35 29 29 0 0 0
48.258 26 AIRSPEED 14.219703 14. 14. 6.
48.258 26 DESIRED 0.334511 0.029577 4.300843 15.88319 6.987648 260. 0.239899 14.
48.259 26 ATTITUDE 0.325175 4.319686 0.012536
48.308 26 GPS 3 36036170 481362923 2458 257833 1423 -13 0 100801720 31 0
48.308 26 SVINFO 6 13 1 6 40 17 335
48.357 26 WP_MOVED 6 360164.8125 4813664.5 260. 31
48.358 26 ATTITUDE 0.339204 4.345406 0.013868
48.441 26 NAVIGATION 4 0 76.9375 33.5 0. 83.914413 36 30 30 0 0 0
48.458 26 FBW_STATUS 2 0 1 12.5 7.29534
48.458 26 ESTIMATOR 257.679932 -0.299678
48.458 26 DESIRED 0.335959 0.030473 4.3506 11.44141 8.713219 260. 0.243375 14.
48.458 26 ATTITUDE 0.347793 4.363167 0.014745
48.556 26 NAVIGATION_REF 360284 4813595 31 185.
48.556 26 GPS_SOL 616 616 616 7
48.556 26 ENERGY 31 12.5 7.307156 91.339447 0.814128 10.176617
48.556 26 GPS 3 36035852 481362799 2487 257857 1421 -27 0 100801959 31 0
48.557 26 SVINFO 0 7 0 0 45 8 36
48.557 26 ATTITUDE 0.359105 4.39063 0.01604
48.658 26 DESIRED 0.335959 0.030783 4.3506 11.44141 8.713219 260. 0.243375 14.
48.659 26 ATTITUDE 0.365389 4.409411 0.016887
48.691 26 NAVIGATION 4 0 73.78125 32.5 0. 80.622101 36 30 30 0 0 0
48.757 26 ATTITUDE 0.372632 4.43814 0.018131
48.808 26 GPS 3 36035474 481362677 2526 257883 1419 -15 0 100802240 31 0
48.809 26 SVINFO 1 8 1 1 44 3 86
48.857 26 WP_MOVED 7 360558.40625 4813804.5 260. 31
48.857 26 DESIRED 0.326319 0.031431 4.393667 7.284012 10.557777 260. 0.246368 14.
48.858 26 ATTITUDE 0.375665 4.457553 0.018939
48.941 26 NAVIGATION 4 0 69.96875 31.5 0. 76.732498 36 30 30 0 0 0
48.959 26 CIRCLE 49.5 100.099998 70.
48.960 26 ESTIMATOR 257.64505 -0.249738
48.960 26 ATTITUDE 0.377529 4.486862 0.020116
49.058 26 GPS 3 36035144 481362593 2556 257906 1418 -11 0 100802480 31 0
49.058 26 SVINFO 2 9 1 2 43 37 136
49.058 26 DESIRED 0.30894 0.031579 4.445111 2.436817 13.007767 260. 0.247034 14.
49.058 26 ATTITUDE 0.376952 4.506411 0.020875
49.158 26 AIR_DATA 98273.679688 0. -1000. 1013.25 0. -1. -1.
49.158 26 NAVIGATION 4 0 66.6875 30.5 0. 76.732498 36 30 30 0 0 0
49.159 26 ATTITUDE 0.372952 4.535519 0.02197
49.190 26 NAVIGATION 4 0 66.6875 30.5 0. 73.331253 36 30 30 0 0 0
49.257 26 AIRSPEED 14.166962 14. 14. 6.
49.257 26 DESIRED 0.309002 0.031364 4.494435 -1.676373 15.359344 260. 0.246461 14.
49.257 26 ATTITUDE 0.36849 4.554658 0.022669
49.307 26 GPS 3 36034810 481362528 2590 257932 1417 -3 0 100802720 31 0
49.307 26 SVINFO 3 10 1 3 42 78 186
49.360 26 CALIBRATION 0. 0
49.361 26 WP_MOVED 8 360461.40625 4813640. 215. 31
49.361 26 ATTITUDE 0.359681 4.582799 0.023667
49.444 26 NAVIGATION 4 0 63.34375 30. 0. 70.088737 37 31 31 0 0 0
49.461 26 ESTIMATOR 257.663086 -0.187968
49.461 26 DESIRED 0.293657 0.03089 4.538179 -5.611584 17.864281 260. 0.245142 14.
49.462 26 ATTITUDE 0.352775 4.60111 0.024296
49.556 26 GPS 3 36034473 481362483 2623 257964 1416 1 0 100802959 31 0
49.556 26 SVINFO 4 11 0 4 41 88 236
49.556 26 ATTITUDE 0.341157 4.62781 0.025183
49.641 26 FBW_STATUS 2 0 1 12.5 7.360378
49.658 26 DL_VALUE 42 0.15
49.658 26 ENERGY 31 12.5 7.360378 92.00473 0.827584 10.344811
49.659 26 DESIRED 0.293657 0.030507 4.538179 -5.611584 17.864281 260. 0.245142 14.
49.659 26 ATTITUDE 0.332661 4.645049 0.025734
49.690 26 NAVIGATION 4 0 59.96875 29.5 0. 66.831886 37 31 31 0 0 0
49.757 26 PPRZ_MODE 2 3 3 2 0 6
49.757 26 ATTITUDE 0.319415 4.670023 0.026498
49.808 26 GPS 3 36034078 481362453 2661 258012 1414 2 0 100803240 31 0
49.809 26 SVINFO 5 12 1 5 40 57 286
49.858 26 WP_MOVED 9 360312.8125 4813652. 185. 31
49.858 26 DESIRED 0.286005 0.029566 4.584776 -9.475376 20.589592 260. 0.24189 14.
49.858 26 ATTITUDE 0.310466 4.686075 0.026962
49.941 26 NAVIGATION 4 0 56.0625 29. 0. 63.118965 37 31 31 0 0 0
49.958 26 ESTIMATOR 257.724304 -0.120923
49.959 26 ATTITUDE 0.297424 4.709276 0.027593
50.007 26 CIRCLE 49.5 100.099998 70.
50.057 26 GPS 3 36033739 481362445 2687 258064 1412 6 0 100803480 31 0
50.058 26 SVINFO 6 13 1 6 39 15 336
50.058 26 DESIRED 0.275999 0.028623 4.640379 -13.770092 23.962654 260. 0.23872 14.
50.058 26 ATTITUDE 0.289267 -1.558993 0.027968
50.158 26 NAVIGATION 4 0 52.65625 29. 0. 63.118965 37 31 31 0 0 0
50.158 26 ATTITUDE 0.277879 -1.537384 0.028462
50.190 26 NAVIGATION 4 0 52.65625 29. 0. 60.113899 37 31 31 0 0 0
50.257 26 AIRSPEED 14.09393 14. 14. 6.
50.257 26 DESIRED 0.27756 0.027275 4.68474 -17.326775 27.064507 260. 0.232664 14.
50.258 26 ATTITUDE 0.271126 -1.523438 0.028745
50.307 26 GPS 3 36033401 481362453 2712 258126 1410 -8 0 100803720 31 0
50.357 26 WP_MOVED 10 360452.8125 4813581. 260. 31
50.357 26 ATTITUDE 0.26264 -1.503101 0.029097
50.440 26 NAVIGATION 4 0 49.25 29. 0. 57.153851 38 32 32 0 0 0
50.457 26 FBW_STATUS 2 0 1 12.5 7.416643
50.458 26 AIR_DATA 98271.117188 0. -1000. 1013.25 0. -1. -1.
50.458 26 ESTIMATOR 257.829071 -0.049611
50.458 26 DESIRED 0.280321 0.026168 4.731625 -20.745697 30.346565 260. 0.22773 14.
50.458 26 ATTITUDE 0.258238 -1.489853 0.029284
50.541 26 COMMANDS 3083,241,-43,0,0
50.559 26 GPS_SOL 603 603 603 7
50.559 26 GPS 3 36033063 481362474 2736 258195 1408 -16 0 100803959 31 0
50.559 26 ATTITUDE 0.253674 -1.470308 0.029495
50.658 26 DESIRED 0.280321 0.025912 4.731625 -20.745697 30.346565 260. 0.22773 14.
50.659 26 ATTITUDE 0.252057 -1.457407 0.029588
50.690 26 NAVIGATION 4 0 45.875 29. 0. 54.272606 38 32 32 0 0 0
50.757 26 ENERGY 32 12.5 7.428501 92.856262 0.841147 10.514346
50.757 26 ATTITUDE 0.251705 -1.438103 0.029661
50.807 26 GPS 3 36032672 481362516 2764 258282 1405 -31 0 100804240 31 0
50.856 26 COMMANDS 3092,291,-56,0,0
50.857 26 WP_MOVED 11 360169.5 4813757.5 260. 31
50.857 26 DESIRED 0.286365 0.02449 4.780361 -23.973495 33.755096 260. 0.219122 14.
50.858 26 ATTITUDE 0.252896 -1.425179 0.029663
50.941 26 NAVIGATION 4 0 41.96875 30. 0. 51.588524 38 32 32 0 0 0
50.957 26 ESTIMATOR 257.975372 0.024238
50.957 26 ATTITUDE 0.25656 -1.405569 0.029603
51.057 26 CIRCLE 49.5 100.099998 70.
51.057 26 GPS 3 36032339 481362566 2785 258358 1403 -23 0 100804480 31 0
51.057 26 DESIRED 0.28 0.023475 4.826606 -27.576958 37.978008 260. 0.212383 14.
51.057 26 ATTITUDE 0.259996 -1.392281 0.029522
51.157 26 DL_VALUE 43 0.069
51.158 26 NAVIGATION 4 0 38.65625 30. 0. 51.588524 38 32 32 0 0 0
51.158 26 ATTITUDE 0.265998 -1.371952 0.029341
51.191 26 NAVIGATION 4 0 38.65625 30. 0. 48.931644 38 32 32 0 0 0
51.258 26 AIRSPEED 14.011654 14. 14. 6.
51.258 26 DESIRED 0.298433 0.021901 4.879201 -30.378235 41.623787 260. 0.201393 14.
51.258 26 ATTITUDE 0.270344 -1.358111 0.029184
51.307 26 GPS 3 36032009 481362629 2808 258433 1401 -9 0 100804720 31 0
51.358 26 WP_MOVED 0 360326. 4813637. 260. 31
51.358 26 ATTITUDE 0.277807 -1.336859 0.028893
51.441 26 NAVIGATION 4 0 35.34375 30.5 0. 46.684372 39 33 33 0 0 0
51.458 26 CALIBRATION 0. 0
51.458 26 ESTIMATOR 258.154175 0.095965
51.458 26 DESIRED 0.302894 0.020876 4.927689 -33.04744 45.456421 260. 0.193627 14.
51.459 26 ATTITUDE 0.283271 -1.32233 0.028664
51.557 26 GPS 3 36031681 481362706 2832 258504 1400 -12 0 100804959 31 0
51.557 26 ATTITUDE 0.29186 -1.299956 0.028273
51.642 26 FBW_STATUS 2 0 1 12.5 7.461132
51.658 26 DESIRED 0.302894 0.021071 4.927689 -33.04744 45.456421 260. 0.193627 14.
51.658 26 ATTITUDE 0.297673 -1.284645 0.027982
51.691 26 NAVIGATION 4 0 32.0625 31.5 0. 44.947235 39 33 33 0 0 0
51.758 26 AIR_DATA 98266.71875 0. -1000. 1013.25 0. -1. -1.
51.758 26 ATTITUDE 0.306126 -1.261094 0.027506
51.808 26 GPS 3 36031304 481362814 2863 258580 1399 -11 0 100805240 31 0
51.809 26 SVINFO 6 13 1 6 38 12 337
51.857 26 ENERGY 32 12.5 7.437397 92.967461 0.854813 10.685179
51.857 26 WP_MOVED 1 360284. 4813595. 260. 31
51.857 26 DESIRED 0.302563 0.019489 4.972473 -35.587517 49.502419 260. 0.181673 14.
51.858 26 ATTITUDE 0.311352 -1.245026 0.02716
51.941 26 NAVIGATION 4 0 28.28125 32.5 0. 43.082237 39 33 33 0 0 0
51.957 26 DATALINK_REPORT 5 8 2436 852 0 0
51.958 26 ESTIMATOR 258.346466 0.158
51.958 26 ATTITUDE 0.3183 -1.220429 0.026604
52.057 26 AUTOPILOT_VERSION 51500 v5.15_devel-179-g9a29798-dirty
52.058 26 ALIVE 128,247,33,237,150,226,125,96,211,120,85,14,103,22,52,69
52.058 26 GPS 3 36030987 481362923 2889 258637 1399 -3 0 100805480 31 0
52.058 26 SVINFO 0 7 0 0 44 5 38
52.058 26 DESIRED 0.302423 0.018448 5.028707 -38.250786 54.276428 260. 0.173456 14.
52.058 26 ATTITUDE 0.322192 -1.203748 0.026213
52.107 26 CIRCLE 49.5 100.099998 70.
52.157 26 NAVIGATION 4 0 25.125 33.5 0. 43.082237 39 33 33 0 0 0
52.157 26 ATTITUDE 0.326774 -1.178388 0.025597
52.190 26 NAVIGATION 4 0 25.125 33.5 0. 41.875 39 33 33 0 0 0
52.257 26 AIRSPEED 13.997666 14. 14. 6.
52.258 26 DESIRED 0.305796 0.016793 5.076385 -40.294365 58.422989 260. 0.161476 14.
52.258 26 ATTITUDE 0.32895 -1.161313 0.025168
52.308 26 GPS 3 36030675 481363047 2917 258687 1399 7 0 100805720 31 0
52.308 26 SVINFO 1 8 0 1 43 6 88
52.357 26 WP_MOVED 2 360333.5 4813695. 260. 31
52.358 26 ATTITUDE 0.331027 -1.135539 0.024495
52.440 26 NAVIGATION 4 0 22. 35. 0. 41.340054 40 34 34 0 0 0
