5.816 26 NAVIGATION 2 1 0. 0. 0. 0. 0 11 11 1 0 0
5.833 26 FBW_STATUS 2 0 1 12.5 -4e-06
5.835 26 ESTIMATOR 185. 0.
5.835 26 DESIRED 0. 0. 0. 0. 0. 235. 0. 14.
5.836 26 ATTITUDE 0. 0. 0.
5.932 26 GPS_SOL 648 648 648 7
5.933 26 GPS 3 36028477 481359546 899 185000 0 21 0 100684960 31 0
5.933 26 SVINFO 0 7 0 0 47 75 12
5.933 26 ATTITUDE 0. 0. 0.
6.032 26 DESIRED 0. 0. 0. 0. 0. 235. 0. 14.
6.033 26 ATTITUDE 0. 0. 0.
6.066 26 NAVIGATION 2 1 0. 0. 0. 0. 0 11 11 1 0 0
6.132 26 ENERGY 0 12.5 -4e-06 -4.8e-05 -0. -2e-06
6.132 26 ATTITUDE 0. 0. 0.
6.183 26 GPS 3 36028477 481359546 899 185000 0 17 0 100685240 31 0
6.184 26 SVINFO 1 8 0 1 48 32 62
6.233 26 WP_MOVED 7 360558.40625 4813804.5 260. 31
6.233 26 DESIRED 0. 0. 0. 0. 0. 235. 0. 14.
6.233 26 ATTITUDE 0. 0. 0.
6.316 26 NAVIGATION 2 1 0. 0. 0. 0. 0 11 11 1 0 0
6.333 26 ESTIMATOR 185. 0.
6.333 26 ATTITUDE 0. 0. 0.
6.433 26 GPS 3 36028477 481359546 899 185000 0 15 0 100685480 31 0
6.433 26 DESIRED 0. 0. 0. 0. 0. 235. 0. 14.
6.433 26 ATTITUDE 0. 0. 0.
6.458 26 WIND_INFO 26 5 0. 0. 0. 0.
6.459 26 WIND_INFO_RET 5 0. 0. 0. 0.
6.532 26 NAVIGATION 2 1 0. 0. 0. 0. 0 11 11 1 0 0
6.533 26 ATTITUDE 0. 0. 0.
6.566 26 NAVIGATION 2 1 0. 0. 0. 0. 0 11 11 1 0 0
6.632 26 AIRSPEED 0. 14. 0. 6.
6.633 26 DESIRED 0. 0. 0. 0. 0. 235. 0. 14.
6.633 26 ATTITUDE 0. 0. 0.
6.681 26 GPS 3 36028477 481359546 899 185000 0 16 0 100685720 31 0
6.682 26 SVINFO 3 10 0 3 49 11 162
6.733 26 CALIBRATION 0. 0
6.733 26 WP_MOVED 8 360461.40625 4813640. 215. 31
6.733 26 ATTITUDE 0. 0. 0.
6.816 26 NAVIGATION 2 1 0. 0. 0. 0. 0 12 12 1 0 0
6.833 26 ESTIMATOR 185. 0.
6.833 26 DESIRED 0. 0. 0. 0. 0. 235. 0. 14.
6.833 26 ATTITUDE 0. 0. 0.
6.932 26 AIR_DATA 99126.804688 0. -1000. 1013.25 0. -1. -1.
6.933 26 GPS 3 36028477 481359546 899 185000 0 -2 0 100685960 31 0
6.933 26 ATTITUDE 0. 0. 0.
7.015 26 FBW_STATUS 2 0 1 12.5 -4e-06
7.033 26 AUTOPILOT_VERSION 51500 v5.15_devel-179-g9a29798-dirty
7.033 26 DL_VALUE 14 3.
7.034 26 DESIRED 0. 0. 0. 0. 0. 235. 0. 14.
7.034 26 ATTITUDE 0. 0. 0.
7.066 26 NAVIGATION 2 1 0. 0. 0. 0. 0 12 12 1 0 0
7.132 26 ATTITUDE 0. 0. 0.
7.182 26 GPS 3 36028477 481359546 899 185000 0 4 0 100686240 31 0
7.233 26 ENERGY 0 12.5 -4e-06 -4.8e-05 -0. -2e-06
7.233 26 WP_MOVED 9 360312.8125 4813652. 185. 31
7.233 26 DESIRED 0. 0. 0. 0. 0. 235. 0. 14.
7.233 26 ATTITUDE 0. 0. 0.
7.315 26 NAVIGATION 2 1 0. 0. 0. 0. 0 12 12 1 0 0
7.332 26 ESTIMATOR 185. 0.
7.332 26 ATTITUDE 0. 0. 0.
7.433 26 GPS 3 36028477 481359546 899 185000 0 0 0 100686480 31 0
7.434 26 DESIRED 0. 0. 0. 0. 0. 235. 0. 14.
7.434 26 ATTITUDE 0. 0. 0.
7.532 26 NAVIGATION 2 1 0. 0. 0. 0. 0 12 12 1 0 0
7.533 26 ATTITUDE 0. 0. 0.
7.565 26 NAVIGATION 2 1 0. 0. 0. 0. 0 12 12 1 0 0
7.632 26 AIRSPEED 0. 14. 0. 6.
7.632 26 DESIRED 0. 0. 0. 0. 0. 235. 0. 14.
7.632 26 ATTITUDE 0. 0. 0.
7.682 26 GPS 3 36028477 481359546 899 185000 0 9 0 100686720 31 0
7.732 26 WP_MOVED 10 360452.8125 4813581. 260. 31
7.733 26 ATTITUDE 0. 0. 0.
7.816 26 NAVIGATION 2 1 0. 0. 0. 0. 0 13 13 1 0 0
7.832 26 FBW_STATUS 2 0 1 12.5 -4e-06
7.832 26 ESTIMATOR 185. 0.
7.832 26 DESIRED 0. 0. 0. 0. 0. 235. 0. 14.
7.832 26 ATTITUDE 0. 0. 0.
7.932 26 GPS_SOL 659 659 659 7
7.933 26 GPS 3 36028477 481359546 899 185000 0 4 0 100686960 31 0
7.933 26 ATTITUDE 0. 0. 0.
8.032 26 DESIRED 0. 0. 0. 0. 0. 235. 0. 14.
8.033 26 ATTITUDE 0. 0. 0.
8.066 26 NAVIGATION 2 1 0. 0. 0. 0. 0 13 13 1 0 0
8.132 26 ATTITUDE 0. 0. 0.
8.183 26 GPS 3 36028477 481359546 899 185000 0 -2 0 100687240 31 0
8.185 26 SVINFO 2 9 0 2 49 1 113
8.233 26 AIR_DATA 99126.804688 0. -1000. 1013.25 0. -1. -1.
8.233 26 WP_MOVED 11 360169.5 4813757.5 260. 31
8.233 26 DESIRED 0. 0. 0. 0. 0. 235. 0. 14.
8.233 26 ATTITUDE 0. 0. 0.
8.315 26 NAVIGATION 2 1 0. 0. 0. 0. 0 13 13 1 0 0
8.332 26 ENERGY 0 12.5 -4e-06 -4.8e-05 -0. -2e-06
8.333 26 ESTIMATOR 185. 0.
8.333 26 ATTITUDE 0. 0. 0.
8.432 26 GPS 3 36028477 481359546 899 185000 0 -1 0 100687480 31 0
8.433 26 DESIRED 0. 0. 0. 0. 0. 235. 0. 14.
8.434 26 ATTITUDE 0. 0. 0.
8.532 26 DL_VALUE 15 50.
8.532 26 NAVIGATION 2 1 0. 0. 0. 0. 0 13 13 1 0 0
8.533 26 ATTITUDE 0. 0. 0.
8.568 26 NAVIGATION 2 1 0. 0. 0. 0. 0 13 13 1 0 0
8.632 26 AIRSPEED 0. 14. 0. 6.
8.632 26 DESIRED 0. 0. 0. 0. 0. 235. 0. 14.
8.632 26 ATTITUDE 0. 0. 0.
8.682 26 GPS 3 36028477 481359546 899 185000 0 21 0 100687720 31 0
8.733 26 WP_MOVED 0 360326. 4813637. 260. 31
8.733 26 ATTITUDE 0. 0. 0.
8.815 26 NAVIGATION 2 1 0. 0. 0. 0. 0 14 14 1 0 0
8.833 26 CALIBRATION 0. 0
8.833 26 ESTIMATOR 185. 0.
8.833 26 DESIRED 0. 0. 0. 0. 0. 235. 0. 14.
8.833 26 ATTITUDE 0. 0. 0.
8.932 26 GPS 3 36028477 481359546 899 185000 0 9 0 100687960 31 0
8.933 26 ATTITUDE 0. 0. 0.
9.016 26 FBW_STATUS 2 0 1 12.5 -4e-06
9.032 26 DESIRED 0. 0. 0. 0. 0. 235. 0. 14.
9.033 26 ATTITUDE 0. 0. 0.
9.066 26 NAVIGATION 2 1 0. 0. 0. 0. 0 14 14 1 0 0
9.132 26 ATTITUDE 0. 0. 0.
9.182 26 GPS 3 36028477 481359546 899 185000 0 24 0 100688240 31 0
9.233 26 WP_MOVED 1 360284. 4813595. 260. 31
9.233 26 DESIRED 0. 0. 0. 0. 0. 235. 0. 14.
9.233 26 ATTITUDE 0. 0. 0.
9.317 26 NAVIGATION 2 1 0. 0. 0. 0. 0 14 14 1 0 0
9.334 26 ESTIMATOR 185. 0.
9.334 26 ATTITUDE 0. 0. 0.
9.432 26 ENERGY 0 12.5 -4e-06 -4.8e-05 -0. -2e-06
9.432 26 GPS 3 36028477 481359546 899 185000 0 8 0 100688480 31 0
9.433 26 SVINFO 0 7 0 0 48 70 14
9.433 26 DESIRED 0. 0. 0. 0. 0. 235. 0. 14.
9.433 26 ATTITUDE 0. 0. 0.
9.532 26 AIR_DATA 99126.804688 0. -1000. 1013.25 0. -1. -1.
9.532 26 NAVIGATION 2 1 0. 0. 0. 0. 0 14 14 1 0 0
9.532 26 ATTITUDE 0. 0. 0.
9.566 26 NAVIGATION 2 1 0. 0. 0. 0. 0 14 14 1 0 0
9.632 26 AIRSPEED 0. 14. 0. 6.
9.633 26 DESIRED 0. 0. 0. 0. 0. 235. 0. 14.
9.633 26 ATTITUDE 0. 0. 0.
9.682 26 GPS 3 36028477 481359546 899 185000 0 23 0 100688720 31 0
9.732 26 WP_MOVED 2 360333.5 4813695. 260. 31
9.733 26 ATTITUDE 0. 0. 0.
9.816 26 NAVIGATION 2 1 0. 0. 0. 0. 0 15 15 1 0 0
9.832 26 FBW_STATUS 2 0 1 12.5 -4e-06
9.832 26 ESTIMATOR 185. 0.
9.833 26 DESIRED 0. 0. 0. 0. 0. 235. 0. 14.
9.833 26 ATTITUDE 0. 0. 0.
9.916 26 COMMANDS 0,0,0,0,0
9.932 26 PPRZ_MODE 2 1 2 0 0 6
9.933 26 GPS_SOL 668 668 668 7
9.933 26 GPS 3 36028477 481359546 899 185000 0 12 0 100688960 31 0
9.934 26 ATTITUDE 0. 0. 0.
10.033 26 DL_VALUE 16 50.
10.033 26 DESIRED 0. 0. 0. 0. 0. 235. 0. 14.
10.033 26 ATTITUDE 0. 0. 0.
10.066 26 NAVIGATION 2 1 0. 0. 0. 0. 0 15 15 1 0 0
10.133 26 ATTITUDE 0. 0. 0.
10.183 26 GPS 3 36028477 481359546 899 185000 0 -5 0 100689240 31 0
10.233 26 COMMANDS 0,0,0,0,0
10.233 26 WP_MOVED 3 360294.09375 4813785. 260. 31
10.233 26 DESIRED 0. 0. 0. 0. 0. 235. 0. 14.
10.233 26 ATTITUDE 0. 0. 0.
10.316 26 NAVIGATION 2 1 0. 0. 0. 0. 0 15 15 1 0 0
10.333 26 ESTIMATOR 185. 0.
10.333 26 ATTITUDE 0. 0. 0.
10.433 26 GPS 3 36028477 481359546 899 185000 0 1 0 100689480 31 0
10.434 26 DESIRED 0. 0. 0. 0. 0. 235. 0. 14.
10.434 26 ATTITUDE 0. 0. 0.
10.532 26 DATALINK_REPORT 4 2 936 818 0 0
10.533 26 ENERGY 0 12.5 -4e-06 -4.8e-05 -0. -2e-06
10.533 26 NAVIGATION 2 1 0. 0. 0. 0. 0 15 15 1 0 0
10.534 26 ATTITUDE 0. 0. 0.
10.566 26 NAVIGATION 2 1 0. 0. 0. 0. 0 15 15 1 0 0
10.632 26 ALIVE 128,247,33,237,150,226,125,96,211,120,85,14,103,22,52,69
10.633 26 AIRSPEED 0. 14. 0. 6.
10.633 26 DESIRED 0. 0. 0. 0. 0. 235. 0. 14.
10.633 26 ATTITUDE 0. 0. 0.
10.683 26 GPS 3 36028477 481359546 899 185000 0 -13 0 100689720 31 0
10.733 26 WP_MOVED 4 360416.3125 4813734. 260. 31
10.733 26 ATTITUDE 0. 0. 0.
10.816 26 NAVIGATION 2 1 0. 0. 0. 0. 0 16 16 1 0 0
10.832 26 AIR_DATA 99126.804688 0. -1000. 1013.25 0. -1. -1.
10.832 26 ESTIMATOR 185. 0.
10.832 26 DESIRED 0. 0. 0. 0. 0. 235. 0. 14.
10.833 26 ATTITUDE 0. 0. 0.
10.933 26 CALIBRATION 0. 0
10.933 26 GPS 3 36028477 481359546 899 185000 0 -1 0 100689960 31 0
10.934 26 ATTITUDE 0. 0. 0.
11.016 26 FBW_STATUS 2 0 1 12.5 -4e-06
11.033 26 DESIRED 0. 0. 0. 0. 0. 235. 0. 14.
11.035 26 ATTITUDE 0. 0. 0.
11.072 26 NAVIGATION 2 1 0. 0. 0. 0. 0 16 16 1 0 0
11.106 26 SETTING 10 26 1.
11.106 26 DL_VALUE 10 1.
11.134 26 ATTITUDE 0. 0. 0.
11.184 26 GPS 3 36028477 481359546 899 185000 0 -8 0 100690240 31 0
11.233 26 WP_MOVED 5 360421. 4813583.5 260. 31
11.234 26 DESIRED 0. 0. 0. 0. 0. 235. 0. 14.
11.234 26 ATTITUDE 0. 0. 0.
11.316 26 NAVIGATION 2 1 0. 0. 0. 0. 0 16 16 1 0 0
11.332 26 ESTIMATOR 185. 0.
11.332 26 ATTITUDE 0. 0. 0.
11.433 26 GPS 3 36028477 481359546 899 185000 0 -16 0 100690480 31 0
11.434 26 SVINFO 1 8 0 1 49 23 65
11.434 26 DESIRED 0. 0. 0. 0. 0. 235. 0. 14.
11.434 26 ATTITUDE 0. 0. 0.
11.533 26 DL_VALUE 17 0.
11.534 26 NAVIGATION 2 1 0. 0. 0. 0. 0 16 16 1 0 0
11.535 26 ATTITUDE 0. 0. 0.
11.566 26 NAVIGATION 2 1 0. 0. 0. 0. 0 16 16 1 0 0
11.632 26 ENERGY 0 12.5 -4e-06 -4.8e-05 -0. -2e-06
11.632 26 AIRSPEED 0. 14. 0. 6.
11.632 26 DESIRED 0. 0. 0. 0. 0. 235. 0. 14.
11.632 26 ATTITUDE 0. 0. 0.
11.683 26 GPS 3 36028477 481359546 899 185000 0 -4 0 100690720 31 0
11.732 26 WP_MOVED 6 360164.8125 4813664.5 260. 31
11.732 26 ATTITUDE 0. 0. 0.
11.816 26 NAVIGATION 2 1 0. 0. 0. 0. 0 17 17 1 0 0
11.832 26 FBW_STATUS 2 0 1 12.5 -4e-06
11.832 26 ESTIMATOR 185. 0.
11.832 26 DESIRED 0. 0. 0. 0. 0. 235. 0. 14.
11.832 26 ATTITUDE 0. 0. 0.
11.933 26 NAVIGATION_REF 360284 4813595 31 185.
11.933 26 GPS_SOL 676 676 676 7
11.934 26 GPS 3 36028477 481359546 899 185000 0 3 0 100690960 31 0
11.934 26 ATTITUDE 0. 0. 0.
11.949 26 BLOCK 3 26
11.949 26 NAVIGATION 3 0 0. 0. 0. 0. 0 0 0 1 0 0
12.033 26 DESIRED 0. 0. 0. 0. 0. 235. 0. 14.
12.033 26 ATTITUDE 0. 0. 0.
12.065 26 NAVIGATION 3 2 0. 0. 198.624115 0. 0 0 0 0 0 0
12.132 26 AIR_DATA 99126.804688 0. -1000. 1013.25 0. -1. -1.
12.133 26 ATTITUDE -0.003615 -9.1e-05 0.000296
12.183 26 GPS 3 36028477 481359546 899 185000 0 -21 0 100691240 31 0
12.232 26 WP_MOVED 7 360558.40625 4813804.5 260. 31
12.233 26 DESIRED -0.508721 0.262162 5.668788 -114.5 162.300003 235. 0. 14.
12.233 26 ATTITUDE -0.020794 -0.000872 0.001756
12.315 26 NAVIGATION 3 2 0. 0. 198.624115 0. 0 0 0 0 0 0
12.332 26 ESTIMATOR 185. 0.
12.332 26 ATTITUDE -0.050794 -0.003816 0.006049
12.433 26 GPS 3 36028476 481359896 3599 185014 1458 -16 0 100691480 31 0
12.434 26 DESIRED -0.324402 0.263035 5.668788 -114.5 162.300003 235. 0. 14.
12.434 26 ATTITUDE -0.070794 -0.00691 0.010247
12.533 26 NAVIGATION 3 2 0. 3.5 198.624115 0. 0 0 0 0 0 0
12.534 26 ATTITUDE -0.100794 -0.013183 0.01842
12.566 26 NAVIGATION 3 2 0. 3.5 195.774597 3.5 0 0 0 0 0 0
12.632 26 AIRSPEED 15.709298 14. 0. 6.
12.633 26 DESIRED -0.521647 0.263908 5.658483 -114.5 162.300003 235. 0. 14.
12.633 26 ATTITUDE -0.120794 -0.018427 0.025032
12.683 26 GPS 3 36028473 481360266 3594 185100 1541 2 0 100691720 31 0
12.732 26 ENERGY 88 12.5 27.672886 345.911072 0.02921 0.365126
12.732 26 WP_MOVED 8 360461.40625 4813640. 215. 31
12.733 26 ATTITUDE -0.150794 -0.027849 0.036531
12.815 26 TAKEOFF 27
12.815 26 NAVIGATION 3 2 -0.03125 7. 192.927933 7.00007 1 1 1 0 0 0
12.833 26 ESTIMATOR 185.020813 0.009411
12.834 26 DESIRED -0.551049 0.26478 5.648004 -114.5 162.300003 235. 0. 14.
12.834 26 ATTITUDE -0.170794 -0.035158 0.045145
12.932 26 GPS 3 36028462 481360651 3584 185300 1604 50 0 100691960 31 0
12.933 26 SVINFO 0 7 0 0 49 64 16
12.933 26 ATTITUDE -0.200794 -0.047653 0.059301
13.017 26 FBW_STATUS 2 0 1 12.5 27.672886
13.032 26 CALIBRATION 0. 0
13.033 26 DL_VALUE 18 1.
13.033 26 DESIRED -0.551049 0.265653 5.648004 -114.5 162.300003 235. 0. 14.
13.033 26 ATTITUDE -0.220794 -0.057003 0.069441
13.065 26 NAVIGATION 3 2 -0.125 11. 189.666367 11.00071 1 1 1 0 0 0
13.132 26 ATTITUDE -0.250794 -0.072566 0.085506
13.182 26 GPS 3 36028438 481361114 3568 185708 1656 153 0 100692240 31 0
13.232 26 WP_MOVED 9 360312.8125 4813652. 185. 31
13.234 26 DESIRED -0.567823 0.266526 5.635888 -114.5 162.300003 235. 0. 14.
13.234 26 ATTITUDE -0.270794 -0.083977 0.096661
13.316 26 NAVIGATION 3 2 -0.34375 15.5 185.962067 15.503811 1 1 1 0 0 0
13.333 26 ESTIMATOR 185.210205 0.090841
13.333 26 ATTITUDE -0.300794 -0.102669 0.113864
13.432 26 AIR_DATA 99112.484375 0. -1000. 1013.25 0. -1. -1.
13.433 26 GPS 3 36028403 481361516 3549 186219 1684 214 0 100692480 31 0
13.434 26 DESIRED -0.569424 0.267398 5.622233 -114.5 162.300003 235. 0. 14.
13.434 26 ATTITUDE -0.320794 -0.116197 0.125523
13.533 26 NAVIGATION 3 2 -0.71875 19.5 185.962067 15.503811 1 1 1 0 0 0
13.533 26 ATTITUDE -0.350794 -0.138125 0.143114
13.565 26 NAVIGATION 3 2 -0.71875 19.5 182.587006 19.513241 1 1 1 0 0 0
13.632 26 AIRSPEED 17.049553 14. 0. 6.
13.632 26 DESIRED -0.557433 0.268271 5.610406 -114.5 162.300003 235. 0. 14.
13.632 26 ATTITUDE -0.370794 -0.153857 0.154796
13.682 26 GPS 3 36028351 481361921 3527 186881 1700 275 0 100692720 31 0
13.732 26 WP_MOVED 10 360452.8125 4813581. 260. 31
13.732 26 ATTITUDE -0.400794 -0.179172 0.172093
13.816 26 NAVIGATION 3 2 -1.21875 23.5 179.159378 23.531582 2 2 2 0 0 0
13.832 26 FBW_STATUS 2 0 1 12.5 27.672886
13.832 26 ENERGY 88 12.5 27.672886 345.911072 0.079944 0.999295
13.832 26 ESTIMATOR 185.773041 0.315991
13.832 26 DESIRED -0.53315 0.269144 5.598676 -114.5 162.300003 235. 0. 14.
13.832 26 ATTITUDE -0.420794 -0.197222 0.183376
13.932 26 GPS_SOL 683 683 683 7
13.933 26 GPS 3 36028280 481362325 3499 187687 1706 346 0 100692960 31 0
13.933 26 ATTITUDE -0.450794 -0.226115 0.199799
14.032 26 DESIRED -0.53315 0.270016 5.598676 -114.5 162.300003 235. 0. 14.
14.033 26 ATTITUDE -0.470794 -0.246622 0.210336
14.065 26 NAVIGATION 3 2 -1.9375 28. 175.233582 28.066954 2 2 2 0 0 0
14.132 26 ATTITUDE -0.500486 -0.279309 0.225427
14.182 26 GPS 3 36028168 481362788 3461 188789 1704 415 0 100693240 31 0
14.233 26 WP_MOVED 11 360169.5 4813757.5 260. 31
14.233 26 DESIRED -0.498519 0.270856 5.585616 -114.5 162.300003 235. 0. 14.
14.233 26 ATTITUDE -0.518896 -0.302361 0.234955
14.316 26 NAVIGATION 3 2 -3.0625 32.5 171.074127 32.64397 2 2 2 0 0 0
14.332 26 ESTIMATOR 186.86731 0.722555
14.332 26 ATTITUDE -0.542798 -0.338671 0.248383
14.432 26 GPS 3 36028044 481363176 3423 189849 1695 457 0 100693480 31 0
14.433 26 DESIRED -0.439366 0.271484 5.573759 -114.5 162.300003 235. 0. 14.
14.433 26 ATTITUDE -0.554863 -0.363853 0.256724
14.532 26 DL_VALUE 19 1013.25
14.532 26 NAVIGATION 3 2 -4.3125 36. 171.074127 32.64397 2 2 2 0 0 0
14.533 26 ATTITUDE -0.563119 -0.402488 0.268287
14.565 26 NAVIGATION 3 2 -4.3125 36. 167.609589 36.257381 2 2 2 0 0 0
14.632 26 AIRSPEED 16.780233 14. 0. 6.
14.633 26 DESIRED -0.378215 0.271613 5.565814 -114.5 162.300003 235. 0. 14.
14.633 26 ATTITUDE -0.5623 -0.428417 0.275342
14.682 26 GPS 3 36027893 481363551 3380 190994 1683 498 0 100693720 31 0
14.733 26 AIR_DATA 99056.390625 0. -1000. 1013.25 0. -1. -1.
14.733 26 WP_MOVED 0 360326. 4813637. 260. 31
14.734 26 ATTITUDE -0.549098 -0.466773 0.284941
14.816 26 NAVIGATION 3 2 -5.84375 40. 163.595459 40.424614 3 3 3 0 0 0
14.834 26 PPRZ_MODE 2 1 3 0 0 6
14.835 26 ESTIMATOR 188.557526 1.296613
14.836 26 DESIRED -0.310018 0.271102 5.556794 -114.5 162.300003 235. 0. 14.
14.836 26 ATTITUDE -0.532973 -0.491501 0.290678
14.915 26 COMMANDS 8524,1404,-144,0,0
14.932 26 ENERGY 88 12.5 27.672886 345.911072 0.130677 1.633465
14.932 26 GPS 3 36027715 481363910 3336 192212 1668 538 0 100693960 31 0
14.933 26 ATTITUDE -0.503084 -0.526791 0.298305
15.016 26 FBW_STATUS 2 0 1 12.5 27.672886
15.032 26 DESIRED -0.310018 0.270231 5.556794 -114.5 162.300003 235. 0. 14.
15.032 26 ATTITUDE -0.483084 -0.549096 0.302743
15.068 26 NAVIGATION 3 2 -7.59375 43.5 159.819855 44.157841 3 3 3 0 0 0
15.132 26 CALIBRATION 0. 0
15.132 26 ATTITUDE -0.453084 -0.580753 0.308461
15.182 26 GPS 3 36027478 481364307 3288 193721 1650 558 0 100694240 31 0
15.232 26 COMMANDS 8524,1419,-256,0,0
15.233 26 WP_MOVED 1 360284. 4813595. 260. 31
15.233 26 DESIRED -0.238873 0.269358 5.550434 -114.5 162.300003 235. 0. 14.
15.234 26 ATTITUDE -0.433084 -0.600674 0.311664
15.316 26 NAVIGATION 3 2 -9.9375 47.5 155.28154 48.528381 3 3 3 0 0 0
15.332 26 ESTIMATOR 190.80098 1.985661
15.332 26 ATTITUDE -0.403084 -0.628803 0.315599
15.433 26 GPS 3 36027255 481364629 3253 195080 1633 569 0 100694480 31 0
15.433 26 DESIRED -0.161456 0.268485 5.544423 -114.5 162.300003 235. 0. 14.
15.434 26 ATTITUDE -0.383084 -0.646399 0.317668
15.533 26 NAVIGATION 3 2 -12.1875 51. 155.28154 48.528381 3 3 3 0 0 0
15.533 26 ATTITUDE -0.353084 -0.671071 0.319995
15.565 26 NAVIGATION 3 2 -12.1875 51. 151.180481 52.436008 3 3 3 0 0 0
15.633 26 DATALINK_REPORT 3 4 1117 813 0 0
15.633 26 AIRSPEED 16.085409 14. 0. 6.
15.633 26 DESIRED -0.112232 0.267613 5.539836 -114.5 162.300003 235. 0. 14.
15.633 26 ATTITUDE -0.333084 -0.686379 0.321059
15.683 26 GPS 3 36027018 481364936 3222 196480 1615 586 0 100694720 31 0
15.732 26 ALIVE 128,247,33,237,150,226,125,96,211,120,85,14,103,22,52,69
15.733 26 WP_MOVED 2 360333.5 4813695. 260. 31
15.734 26 ATTITUDE -0.303084 -0.707639 0.321982
15.816 26 NAVIGATION 3 2 -14.59375 54. 147.343643 55.937263 4 4 4 0 0 0
15.831 26 FBW_STATUS 2 0 1 12.5 27.672886
15.831 26 ESTIMATOR 193.537796 2.736424
15.831 26 DESIRED -0.064289 0.26674 5.53808 -114.5 162.300003 235. 0. 14.
15.832 26 ATTITUDE -0.283084 -0.720681 0.322181
15.932 26 GPS_SOL 689 689 689 7
15.932 26 GPS 3 36026770 481365228 3196 197905 1598 593 0 100694960 31 0
15.932 26 ATTITUDE -0.253084 -0.738551 0.321916
16.032 26 DL_VALUE 20 1.
16.032 26 AIR_DATA 98975.257812 0. -1000. 1013.25 0. -1. -1.
16.033 26 ENERGY 88 12.5 27.672886 345.911072 0.181411 2.267637
16.033 26 DESIRED -0.064289 0.265867 5.53808 -114.5 162.300003 235. 0. 14.
16.033 26 ATTITUDE -0.233084 -0.749337 0.321397
16.066 26 NAVIGATION 3 2 -17.0625 56.5 143.832214 59.020157 4 4 4 0 0 0
16.132 26 ATTITUDE -0.203084 -0.763826 0.320163
16.182 26 GPS 3 36026470 481365555 3172 199574 1580 586 0 100695240 31 0
16.232 26 WP_MOVED 3 360294.09375 4813785. 260. 31
16.233 26 DESIRED -0.023021 0.264995 5.53891 -114.5 162.300003 235. 0. 14.
16.233 26 ATTITUDE -0.183084 -0.772359 0.319068
16.317 26 NAVIGATION 3 2 -20.03125 60. 139.246674 63.255444 4 4 4 0 0 0
16.333 26 ESTIMATOR 196.638107 3.482249
16.333 26 ATTITUDE -0.153084 -0.783465 0.317074
16.433 26 GPS 3 36026207 481365824 3156 200996 1568 595 0 100695480 31 0
16.434 26 DESIRED 0.013084 0.264122 5.537565 -114.5 162.300003 235. 0. 14.
16.435 26 ATTITUDE -0.133084 -0.78974 0.315539
16.460 26 WIND_INFO 26 5 0.7 1.9 0. 15.3
16.461 26 WIND_INFO_RET 5 0.7 1.9 0. 15.614693
16.533 26 NAVIGATION 3 2 -22.65625 62.5 139.246674 63.255444 4 4 4 0 0 0
16.533 26 ATTITUDE -0.103084 -0.797456 0.312977
16.566 26 NAVIGATION 3 2 -22.65625 62.5 135.629333 66.479736 4 4 4 0 0 0
16.632 26 AIRSPEED 15.53708 14. 0. 6.
16.632 26 DESIRED 0.035893 0.263249 5.539279 -114.5 162.300003 235. 0. 14.
16.632 26 ATTITUDE -0.083084 -0.801466 0.311123
16.682 26 GPS 3 36025940 481366086 3145 202399 1557 604 0 100695720 31 0
16.732 26 WP_MOVED 4 360416.3125 4813734. 260. 31
16.733 26 ATTITUDE -0.053084 -0.80578 0.308169
16.815 26 NAVIGATION 3 2 -25.34375 65.5 131.601974 70.232155 5 5 5 0 0 0
16.834 26 ESTIMATOR 199.966187 4.162963
16.834 26 DESIRED 0.049508 0.262377 5.538869 -114.5 162.300003 235. 0. 14.
16.834 26 ATTITUDE -0.033084 -0.807518 0.306106
16.933 26 GPS 3 36025672 481366344 3138 203774 1549 592 0 100695960 31 0
16.934 26 ATTITUDE -0.003084 -0.808414 0.302911
17.016 26 FBW_STATUS 2 0 1 12.5 27.672886
17.032 26 DESIRED 0.049508 0.262094 5.538869 -114.5 162.300003 235. 0. 14.
17.032 26 ATTITUDE 0.016896 -0.80787 0.300734
17.065 26 NAVIGATION 3 2 -28.03125 68. 127.942703 73.55101 5 5 5 0 0 0
17.132 26 ENERGY 88 12.5 27.672886 345.911072 0.232145 2.901815
17.133 26 ATTITUDE 0.045888 -0.80537 0.297432
17.183 26 GPS 3 36025360 481366642 3137 205341 1543 567 0 100696240 31 0
17.233 26 CALIBRATION 0. 0
17.233 26 WP_MOVED 5 360421. 4813583.5 260. 31
17.233 26 DESIRED 0.059779 0.262915 5.541082 -114.5 162.300003 235. 0. 14.
17.233 26 ATTITUDE 0.063933 -0.80264 0.29523
17.317 26 NAVIGATION 3 2 -31.15625 71. 123.619865 77.535233 5 5 5 0 0 0
17.332 26 AIR_DATA 98888.039062 0. -1000. 1013.25 0. -1. -1.
17.333 26 ESTIMATOR 203.352325 4.72251
17.333 26 ATTITUDE 0.08794 -0.797108 0.291957
17.432 26 GPS 3 36025094 481366899 3140 206648 1540 551 0 100696480 31 0
17.435 26 DESIRED 0.061446 0.263567 5.543313 -114.5 162.300003 235. 0. 14.
17.435 26 ATTITUDE 0.101267 -0.792597 0.289814
17.533 26 DL_VALUE 21 0.
17.535 26 NAVIGATION 3 2 -33.78125 73.5 123.619865 77.535233 5 5 5 0 0 0
17.535 26 ATTITUDE 0.116689 -0.784864 0.286681
17.565 26 NAVIGATION 3 2 -33.78125 73.5 120.00399 80.891426 5 5 5 0 0 0
17.632 26 AIRSPEED 15.397137 14. 0. 6.
17.633 26 DESIRED 0.054768 0.263957 5.545423 -114.5 162.300003 235. 0. 14.
17.633 26 ATTITUDE 0.123649 -0.779241 0.28466
17.684 26 GPS 3 36024832 481367160 3148 207922 1539 537 0 100696720 31 0
17.732 26 WP_MOVED 6 360164.8125 4813664.5 260. 31
17.732 26 ATTITUDE 0.128736 -0.77043 0.281747
17.816 26 NAVIGATION 3 2 -36.4375 76. 116.367714 84.283401 6 6 6 0 0 0
17.832 26 FBW_STATUS 2 0 1 12.5 27.672886
17.832 26 ESTIMATOR 206.685883 5.137043
17.832 26 DESIRED 0.043712 0.264044 5.547863 -114.5 162.300003 235. 0. 14.
17.832 26 ATTITUDE 0.12863 -0.764498 0.279894
17.933 26 GPS_SOL 693 693 693 7
17.934 26 GPS 3 36024574 481367425 3157 209168 1540 530 0 100696960 31 0
17.934 26 ATTITUDE 0.123484 -0.755825 0.277256
18.033 26 DESIRED 0.043712 0.26384 5.547863 -114.5 162.300003 235. 0. 14.
18.033 26 ATTITUDE 0.116907 -0.75037 0.275598
18.066 26 NAVIGATION 3 2 -39. 78.5 112.794907 87.654152 6 6 6 0 0 0
18.132 26 AUTOPILOT_VERSION 51500 v5.15_devel-179-g9a29798-dirty
18.132 26 ATTITUDE 0.103197 -0.742928 0.273266
18.182 26 GPS 3 36024279 481367740 3169 210590 1543 523 0 100697240 31 0
18.232 26 ENERGY 88 12.5 27.672886 345.911072 0.282878 3.535992
18.233 26 WP_MOVED 7 360558.40625 4813804.5 260. 31
18.233 26 DESIRED 0.029709 0.263401 5.549843 -114.5 162.300003 235. 0. 14.
18.233 26 ATTITUDE 0.091747 -0.738588 0.271817
18.316 26 NAVIGATION 3 2 -41.9375 82. 108.228493 92.101868 6 6 6 0 0 0
18.331 26 ESTIMATOR 209.868011 5.39813
18.332 26 ATTITUDE 0.07225 -0.733174 0.269801
18.432 26 GPS 3 36024029 481368014 3177 211790 1546 520 0 100697480 31 0
18.433 26 DESIRED 0.00804 0.262817 5.548361 -114.5 162.300003 235. 0. 14.
18.433 26 ATTITUDE 0.058319 -0.730348 0.268563
18.533 26 NAVIGATION 3 2 -44.46875 84.5 108.228493 92.101868 6 6 6 0 0 0
18.533 26 ATTITUDE 0.036188 -0.727364 0.266859
18.566 26 NAVIGATION 4 0 -44.46875 84.5 0. 95.486755 6 0 0 0 0 0
18.632 26 AIR_DATA 98812.460938 0. -1000. 1013.25 0. -1. -1.
18.632 26 AIRSPEED 15.510289 14. 0. 6.
18.632 26 DESIRED -0.001507 0.262174 5.548361 -114.5 162.300003 235. 0. 14.
18.632 26 ATTITUDE 0.021449 -0.72622 0.265825
18.682 26 GPS 3 36023782 481368292 3182 212978 1549 504 0 100697720 31 0
18.733 26 WP_MOVED 8 360461.40625 4813640. 215. 31
18.733 26 ATTITUDE 4.7e-05 -0.725737 0.264419
18.819 26 NAVIGATION 4 0 -46.90625 87.5 0. 99.27964 7 1 1 0 0 0
18.833 26 ESTIMATOR 212.877136 5.527434
18.834 26 DESIRED 0.872665 0.090773 0.24098 -28.981316 160.438065 260. 0.5 14.
18.834 26 ATTITUDE -0.013123 -0.726187 0.263576
18.932 26 CIRCLE 49.5 100.099998 70.
18.932 26 GPS 3 36023534 481368571 3184 214157 1553 480 0 100697960 31 0
18.932 26 ATTITUDE -0.007942 -0.727201 0.261748
19.016 26 FBW_STATUS 2 0 1 12.5 4.776756
19.033 26 DL_VALUE 22 1.
19.034 26 DESIRED 0.872665 0.086511 0.24098 -28.981316 160.438065 260. 0.5 14.
19.034 26 ATTITUDE 0.012058 -0.72687 0.259549
19.066 26 NAVIGATION 4 0 -49.375 90.5 0. 103.092873 7 1 1 0 0 0
19.133 26 ATTITUDE 0.042058 -0.724555 0.255115
19.183 26 GPS 3 36023254 481368885 3183 215505 1495 472 0 100698240 31 0
19.233 26 WP_MOVED 9 360312.8125 4813652. 185. 31
19.233 26 DESIRED 0.872665 0.155335 0.30011 -26.937012 163.007736 260. 1. 14.
19.233 26 ATTITUDE 0.062058 -0.721742 0.251844
19.315 26 NAVIGATION 4 0 -52.1875 93.5 0. 107.078407 7 1 1 0 0 0
19.333 26 CALIBRATION 0. 0
19.333 26 ENERGY 39 12.5 7.777161 97.214508 0.316104 3.951323
19.333 26 ESTIMATOR 215.700394 5.550237
19.334 26 ATTITUDE 0.092058 -0.715538 0.246634
19.432 26 GPS 3 36023031 481369140 3187 216558 1411 446 0 100698480 31 0
19.433 26 DESIRED 0.872665 0.225932 0.362799 -24.886803 165.419235 260. 1.5 14.
19.434 26 ATTITUDE 0.112058 -0.710037 0.243253
19.532 26 NAVIGATION 4 0 -54.4375 96. 0. 107.078407 7 1 1 0 0 0
19.533 26 ATTITUDE 0.142058 -0.699702 0.238556
19.567 26 NAVIGATION 4 0 -54.4375 96. 0. 110.360504 7 1 1 0 0 0
19.632 26 AIRSPEED 13.421782 14. 14. 6.
19.632 26 DESIRED 0.872665 0.298294 0.412939 -23.20472 167.286484 260. 2. 14.
19.632 26 ATTITUDE 0.162058 -0.691398 0.235669
19.682 26 GPS 3 36022820 481369388 3196 217481 1357 412 0 100698720 31 0
19.732 26 PPRZ_MODE 2 3 3 2 0 6
19.732 26 WP_MOVED 10 360452.8125 4813581. 260. 31
19.733 26 ATTITUDE 0.192058 -0.676808 0.232132
19.817 26 NAVIGATION 4 0 -56.5625 98.5 0. 113.58506 8 2 2 0 0 0
19.833 26 FBW_STATUS 2 0 1 12.5 12.334743
19.834 26 ESTIMATOR 218.284698 5.463341
19.834 26 DESIRED 0.872665 0.372241 0.460769 -21.547882 169.036194 260. 2.5 14.
19.834 26 ATTITUDE 0.212058 -0.665664 0.230337
19.916 26 COMMANDS 5098,4755,1052,0,0
19.933 26 GPS_SOL 697 697 697 7
19.934 26 AIR_DATA 98736.414062 0. -1000. 1013.25 0. -1. -1.
19.934 26 GPS 3 36022619 481369637 3210 218284 1330 364 0 100698960 31 0
19.934 26 ATTITUDE 0.242058 -0.646822 0.228637
19.983 26 CIRCLE 49.5 100.099998 70.
20.032 26 DESIRED 0.872665 0.372479 0.460769 -21.547882 169.036194 260. 2.5 14.
20.033 26 ATTITUDE 0.262058 -0.632865 0.228332
20.065 26 NAVIGATION 4 0 -58.5625 101. 0. 116.750015 8 2 2 0 0 0
20.133 26 ATTITUDE 0.292058 -0.609842 0.229067
20.182 26 GPS 3 36022398 481369934 3235 219106 1325 312 0 100699240 31 0
20.232 26 COMMANDS 5540,4256,1551,0,0
20.233 26 WP_MOVED 11 360169.5 4813757.5 260. 31
20.233 26 DESIRED 0.872665 0.441779 0.506402 -19.914589 170.680542 260. 3. 14.
20.234 26 ATTITUDE 0.312058 -0.593124 0.230535
20.315 26 NAVIGATION 4 0 -60.75 103.5 0. 120.011719 8 2 2 0 0 0
20.334 26 ESTIMATOR 220.46756 5.222808
20.334 26 ATTITUDE 0.342058 -0.566009 0.234127
20.432 26 ENERGY 61 12.5 16.774714 209.683914 0.340021 4.250281
20.433 26 GPS 3 36022220 481370201 3262 219754 1336 294 0 100699480 31 0
20.433 26 DESIRED 0.872665 0.442651 0.553226 -18.309021 172.224457 260. 3.5 14.
20.433 26 ATTITUDE 0.362058 -0.546565 0.237364
20.533 26 DL_VALUE 23 1.
20.533 26 NAVIGATION 4 0 -62.5625 106.5 0. 120.011719 8 2 2 0 0 0
20.533 26 ATTITUDE 0.392058 -0.515384 0.243348
20.565 26 NAVIGATION 4 0 -62.5625 106.5 0. 123.516464 8 2 2 0 0 0
20.633 26 AIRSPEED 13.617732 14. 14. 6.
20.633 26 DESIRED 0.872665 0.443524 0.600039 -16.394859 173.977386 260. 4. 14.
20.634 26 ATTITUDE 0.412058 -0.493247 0.248014
20.682 26 GPS 3 36022055 481370481 3295 220388 1353 287 0 100699720 31 0
20.733 26 DATALINK_REPORT 4 5 1298 822 0 0
20.733 26 WP_MOVED 0 360326. 4813637. 260. 31
20.734 26 ATTITUDE 0.442058 -0.458007 0.255905
20.815 26 NAVIGATION 4 0 -64.1875 109.5 0. 126.9263 9 3 3 0 0 0
20.833 26 ALIVE 128,247,33,237,150,226,125,96,211,120,85,14,103,22,52,69
20.833 26 ESTIMATOR 222.236511 4.85597
20.833 26 DESIRED 0.872665 0.444397 0.644431 -14.493824 175.630066 260. 3.96139 14.
20.834 26 ATTITUDE 0.462058 -0.433166 0.26169
20.933 26 NAVIGATION_REF 360284 4813595 31 185.
20.933 26 GPS 3 36021908 481370776 3334 221037 1374 290 0 100699960 31 0
20.934 26 ATTITUDE 0.492058 -0.39382 0.271044
21.016 26 FBW_STATUS 2 0 1 12.5 17.229677
21.032 26 CIRCLE 49.5 100.099998 70.
21.033 26 DESIRED 0.872665 0.445269 0.644431 -14.493824 175.630066 260. 3.96139 14.
21.033 26 ATTITUDE 0.512058 -0.366157 0.277661
21.065 26 NAVIGATION 4 0 -65.65625 112.5 0. 130.257401 9 3 3 0 0 0
21.133 26 ATTITUDE 0.542058 -0.322437 0.288052
21.182 26 GPS 3 36021764 481371138 3386 221841 1394 308 0 100700240 31 0
21.233 26 AIR_DATA 98694.78125 0. -1000. 1013.25 0. -1. -1.
21.233 26 WP_MOVED 1 360284. 4813595. 260. 31
21.234 26 DESIRED 0.872665 0.446142 0.686868 -12.603397 177.19194 260. 3.867736 14.
21.234 26 ATTITUDE 0.562058 -0.291753 0.295222
21.317 26 NAVIGATION 4 0 -67.125 116. 0. 134.021515 9 3 3 0 0 0
21.333 26 ESTIMATOR 223.699768 4.438499
21.333 26 ATTITUDE 0.592058 -0.243322 0.306245
21.433 26 CALIBRATION 0. 0
21.434 26 GPS 3 36021669 481371462 3437 222579 1403 315 0 100700480 31 0
21.434 26 SVINFO 6 13 0 6 48 62 320
21.434 26 DESIRED 0.872665 0.447015 0.73369 -10.402431 178.914337 260. 3.807894 14.
21.435 26 ATTITUDE 0.612058 -0.20938 0.31371
21.533 26 ENERGY 60 12.5 16.371454 204.643173 0.371295 4.641201
21.533 26 NAVIGATION 4 0 -68.0625 119. 0. 134.021515 9 3 3 0 0 0
21.533 26 ATTITUDE 0.642058 -0.155875 0.324995
21.566 26 NAVIGATION 4 0 -68.0625 119. 0. 137.089401 9 3 3 0 0 0
21.632 26 AIRSPEED 14.06898 14. 14. 6.
21.633 26 DESIRED 0.872665 0.447887 0.770818 -8.501648 180.323486 260. 3.722961 14.
21.633 26 ATTITUDE 0.662058 -0.118415 0.332523
21.683 26 GPS 3 36021608 481371794 3495 223359 1406 337 0 100700720 31 0
21.733 26 WP_MOVED 2 360333.5 4813695. 260. 31
21.733 26 ATTITUDE 0.692058 -0.059427 0.343749
21.816 26 NAVIGATION 4 0 -68.65625 122.5 0. 140.427673 10 4 4 0 0 0
21.832 26 FBW_STATUS 2 0 1 12.5 16.109324
21.832 26 ESTIMATOR 225.035217 4.056341
21.832 26 DESIRED 0.872665 0.44876 0.810068 -6.236668 181.913345 260. 3.667806 14.
21.833 26 ATTITUDE 0.712058 -0.018159 0.351142
21.932 26 GPS_SOL 699 699 699 7
21.933 26 GPS 3 36021585 481372130 3560 224170 1404 346 0 100700960 31 0
21.933 26 ATTITUDE 0.742058 0.046774 0.362038
22.032 26 DL_VALUE 24 0.
22.032 26 DESIRED 0.872665 0.449633 0.810068 -6.236668 181.913345 260. 3.667806 14.
22.033 26 ATTITUDE 0.762058 0.092165 0.369136
22.066 26 NAVIGATION 4 0 -68.90625 126. 0. 143.610825 10 4 4 0 0 0
22.084 26 CIRCLE 49.5 100.099998 70.
22.132 26 ATTITUDE 0.792058 0.163536 0.379486
22.181 26 GPS 3 36021612 481372521 46 225141 1400 339 0 100701240 31 0
22.233 26 WP_MOVED 3 360294.09375 4813785. 260. 31
22.233 26 DESIRED 0.872665 0.450505 0.84691 -3.925129 183.441193 260. 3.585869 14.
22.233 26 ATTITUDE 0.812058 0.213398 0.386162
22.316 26 NAVIGATION 4 0 -68.625 129.5 0. 146.559341 10 4 4 0 0 0
22.333 26 ESTIMATOR 226.366226 3.755898
22.333 26 ATTITUDE 0.842036 0.291768 0.395808
22.432 26 GPS 3 36021688 481372847 129 225977 1395 329 0 100701480 31 0
22.433 26 DESIRED 0.872665 0.451375 0.880345 -1.52124 184.934143 260. 3.528183 14.
22.433 26 ATTITUDE 0.861862 0.346475 0.401972
22.532 26 AIR_DATA 98646.398438 0. -1000. 1013.25 0. -1. -1.
22.533 26 NAVIGATION 4 0 -67.875 133. 0. 146.559341 10 4 4 0 0 0
22.533 26 ATTITUDE 0.872665 0.430941 0.4108
22.566 26 NAVIGATION 4 0 -67.875 133. 0. 149.318497 10 4 4 0 0 0
22.632 26 ENERGY 58 12.5 15.539055 194.23819 0.400503 5.006307
22.632 26 AIRSPEED 13.910777 14. 14. 6.
22.632 26 DESIRED 0.787507 0.451563 0.911266 0.99049 186.394989 260. 3.441189 14.
22.632 26 ATTITUDE 0.872665 0.487347 0.416392
22.683 26 GPS 3 36021814 481373156 222 226801 1390 341 0 100701720 31 0
22.733 26 WP_MOVED 4 360416.3125 4813734. 260. 31
22.734 26 ATTITUDE 0.872665 0.572039 0.424328
22.816 26 NAVIGATION 4 0 -66.59375 136. 0. 151.428955 11 5 5 0 0 0
22.832 26 ESTIMATOR 227.753662 3.543606
22.832 26 DESIRED 0.666102 0.451563 0.934366 3.304611 187.655609 260. 3.382641 14.
22.833 26 ATTITUDE 0.872665 0.628564 0.429308
22.932 26 GPS 3 36021991 481373439 319 227618 1387 347 0 100701960 31 0
22.933 26 ATTITUDE 0.872665 0.713438 0.436309
23.016 26 FBW_STATUS 2 0 1 12.5 15.496016
23.033 26 DESIRED 0.666102 0.451535 0.934366 3.304611 187.655609 260. 3.382641 14.
23.033 26 ATTITUDE 0.871063 0.769998 0.44066
23.067 26 NAVIGATION 4 0 -64.84375 139. 0. 153.380936 11 5 5 0 0 0
23.132 26 CIRCLE 49.5 100.099998 70.
23.132 26 ATTITUDE 0.858707 0.853735 0.446714
23.182 26 GPS 3 36022252 481373724 432 228579 1383 345 0 100702240 31 0
23.233 26 WP_MOVED 5 360421. 4813583.5 260. 31
23.233 26 DESIRED 0.543292 0.451023 0.955505 5.775211 188.915222 260. 3.294277 14.
23.233 26 ATTITUDE 0.841714 0.907909 0.450437
23.316 26 NAVIGATION 4 0 -62.21875 142. 0. 155.032806 11 5 5 0 0 0
23.333 26 ESTIMATOR 229.189819 3.398807
23.333 26 ATTITUDE 0.811714 0.985761 0.455557
23.434 26 GPS 3 36022515 481373925 527 229427 1378 358 0 100702480 31 0
23.435 26 DESIRED 0.388581 0.45015 0.972578 8.539482 190.22345 260. 3.231988 14.
23.435 26 ATTITUDE 0.791714 1.035449 0.458665
23.533 26 CALIBRATION 0. 0
23.533 26 DL_VALUE 25 70.
23.534 26 NAVIGATION 4 0 -59.59375 143.5 0. 155.032806 11 5 5 0 0 0
23.534 26 ATTITUDE 0.761714 1.106822 0.462878
23.568 26 NAVIGATION 4 0 -59.59375 143.5 0. 155.382309 11 5 5 0 0 0
23.634 26 AIRSPEED 13.698709 14. 14. 6.
23.635 26 DESIRED 0.262826 0.449278 0.973942 10.333157 191.017303 260. 3.137306 14.
23.635 26 ATTITUDE 0.741714 1.152377 0.465396
23.683 26 GPS 3 36022804 481374083 613 230324 1372 366 0 100702720 31 0
23.734 26 ENERGY 57 12.5 15.138878 189.235977 0.428666 5.358346
23.736 26 WP_MOVED 6 360164.8125 4813664.5 260. 31
23.737 26 ATTITUDE 0.711714 1.217805 0.468749
23.817 26 NAVIGATION 4 0 -56.71875 145.5 0. 156.16423 12 6 6 0 0 0
23.833 26 FBW_STATUS 2 0 1 12.5 15.26001
23.833 26 AIR_DATA 98595.570312 0. -1000. 1013.25 0. -1. -1.
23.833 26 ESTIMATOR 230.713058 3.322156
23.834 26 DESIRED 0.15297 0.448405 0.980439 12.644756 191.978668 260. 3.0722 14.
23.834 26 ATTITUDE 0.691714 1.259562 0.470712
23.932 26 GPS_SOL 699 699 699 7
23.933 26 GPS 3 36023110 481374199 691 231285 1362 402 0 100702960 31 0
23.933 26 ATTITUDE 0.661714 1.319498 0.473267
24.033 26 DESIRED 0.15297 0.447532 0.980439 12.644756 191.978668 260. 3.0722 14.
24.033 26 ATTITUDE 0.641714 1.357715 0.47472
24.065 26 NAVIGATION 4 0 -53.625 146.5 0. 156.006058 12 6 6 0 0 0
24.132 26 ATTITUDE 0.611714 1.4125 0.476547
24.184 26 CIRCLE 49.5 100.099998 70.
24.184 26 GPS 3 36023478 481374286 777 232486 1347 431 0 100703240 31 0
24.233 26 WP_MOVED 7 360558.40625 4813804.5 260. 31
24.233 26 DESIRED 0.040869 0.44666 0.97452 14.386368 192.658264 260. 2.97045 14.
24.233 26 ATTITUDE 0.591714 1.447377 0.477542
24.316 26 NAVIGATION 4 0 -49.9375 147. 0. 155.25061 12 6 6 0 0 0
24.332 26 ESTIMATOR 232.398117 3.333106
24.332 26 ATTITUDE 0.561714 1.497283 0.478722
24.433 26 GPS 3 36023796 481374323 833 233575 1334 453 0 100703480 31 0
24.434 26 DESIRED -0.098095 0.433788 0.959244 16.049675 193.272278 260. 2.895437 14.
24.434 26 ATTITUDE 0.541714 1.528972 0.479301
24.532 26 NAVIGATION 4 0 -46.78125 148. 0. 155.25061 12 6 6 0 0 0
24.533 26 ATTITUDE 0.511714 1.57418 0.479814
24.566 26 NAVIGATION 4 0 -46.78125 148. 0. 155.217545 12 6 6 0 0 0
24.633 26 PPRZ_MODE 2 3 3 2 0 6
24.634 26 AIRSPEED 13.140124 14. 14. 6.
24.634 26 DESIRED -0.160082 0.413456 0.953881 18.00716 193.952011 260. 2.777043 14.
24.634 26 ATTITUDE 0.491714 1.602787 0.479935
24.683 26 GPS 3 36024112 481374329 888 234706 1319 462 0 100703720 31 0
24.683 26 SVINFO 5 12 1 5 48 87 272
24.732 26 WP_MOVED 8 360461.40625 4813640. 215. 31
24.732 26 ATTITUDE 0.461714 1.643433 0.479704
24.816 26 NAVIGATION 4 0 -43.625 148. 0. 154.295624 13 7 7 0 0 0
24.832 26 ENERGY 57 12.5 15.574947 194.686844 0.456733 5.709177
24.832 26 ESTIMATOR 234.322235 3.443579
24.833 26 DESIRED -0.250592 0.39831 0.935536 19.269932 194.366333 260. 2.693598 14.
24.833 26 ATTITUDE 0.441714 1.669042 0.479282
24.915 26 COMMANDS 5539,-4879,-529,0,0
24.932 26 GPS 3 36024425 481374309 937 235865 1305 462 0 100703960 31 0
24.933 26 ATTITUDE 0.411714 1.705236 0.478246
25.015 26 FBW_STATUS 2 0 1 12.5 15.62524
25.033 26 DL_VALUE 26 0.
25.033 26 DESIRED -0.250592 0.395699 0.935536 19.269932 194.366333 260. 2.693598 14.
25.034 26 ATTITUDE 0.391714 1.7279 0.477278
25.066 26 NAVIGATION 4 0 -40.5 147.5 0. 152.959152 13 7 7 0 0 0
25.133 26 AIR_DATA 98530.820312 0. -1000. 1013.25 0. -1. -1.
25.133 26 ATTITUDE 0.361714 1.759705 0.475433
25.182 26 GPS 3 36024783 481374256 989 237238 1288 496 0 100704240 31 0
25.233 26 COMMANDS 5557,-4977,-674,0,0
25.233 26 CIRCLE 49.5 100.099998 70.
25.234 26 WP_MOVED 9 360312.8125 4813652. 185. 31
25.234 26 DESIRED -0.330868 0.373448 0.910206 20.183973 194.654587 260. 2.562434 14.
25.234 26 ATTITUDE 0.341714 1.779461 0.473903
25.316 26 NAVIGATION 4 0 -36.90625 147. 0. 151.562103 13 7 7 0 0 0
25.332 26 ESTIMATOR 236.479706 3.631491
25.332 26 ATTITUDE 0.311714 1.806934 0.471193
25.433 26 GPS 3 36025082 481374192 1022 238420 1277 500 0 100704480 31 0
25.434 26 DESIRED -0.42142 0.356672 0.881655 21.371405 195.014603 260. 2.467279 14.
25.434 26 ATTITUDE 0.291714 1.823809 0.469128
25.532 26 NAVIGATION 4 0 -33.9375 146.5 0. 151.562103 13 7 7 0 0 0
25.532 26 ATTITUDE 0.261714 1.846974 0.465618
25.565 26 NAVIGATION 4 0 -33.9375 146.5 0. 150.379532 13 7 7 0 0 0
25.631 26 CALIBRATION 0. 0
25.632 26 AIRSPEED 12.637544 14. 14. 6.
25.632 26 DESIRED -0.46706 0.332216 0.856501 22.343956 195.297424 260. 2.320476 14.
25.632 26 ATTITUDE 0.241714 1.860986 0.463037
25.684 26 GPS 3 36025376 481374112 1051 239596 1267 482 0 100704720 31 0
25.733 26 WP_MOVED 10 360452.8125 4813581. 260. 31
25.733 26 ATTITUDE 0.211714 1.879866 0.458739
25.815 26 NAVIGATION 4 0 -31. 145.5 0. 148.765762 14 8 8 0 0 0
25.832 26 DATALINK_REPORT 10 5 1480 812 0 0
25.832 26 FBW_STATUS 2 0 1 12.5 15.54623
25.832 26 ESTIMATOR 238.835129 3.862392
25.832 26 DESIRED -0.528199 0.314785 0.823468 22.914787 195.458405 260. 2.220195 14.
25.832 26 ATTITUDE 0.191714 1.891032 0.455609
25.933 26 ALIVE 128,247,33,237,150,226,125,96,211,120,85,14,103,22,52,69
25.934 26 GPS_SOL 699 699 699 7
25.935 26 ENERGY 57 12.5 15.331402 191.642517 0.485142 6.064291
25.935 26 GPS 3 36025664 481374021 1075 240757 1258 466 0 100704960 31 0
25.936 26 ATTITUDE 0.161714 1.90565 0.450497
26.033 26 DESIRED -0.528199 0.312469 0.823468 22.914787 195.458405 260. 2.220195 14.
26.033 26 ATTITUDE 0.141714 1.913977 0.446838
26.066 26 NAVIGATION 4 0 -28.125 144.5 0. 147.211639 14 8 8 0 0 0
26.133 26 ATTITUDE 0.111714 1.924338 0.441017
26.184 26 GPS 3 36025994 481373905 1096 242085 1250 458 0 100705240 31 0
26.186 26 SVINFO 4 11 1 4 48 81 223
26.233 26 WP_MOVED 11 360169.5 4813757.5 260. 31
26.233 26 DESIRED -0.576036 0.287431 0.790264 23.492449 195.617584 260. 2.067874 14.
26.233 26 ATTITUDE 0.091714 1.929828 0.436877
26.283 26 CIRCLE 49.5 100.099998 70.
26.316 26 NAVIGATION 4 0 -24.84375 143.5 0. 145.634689 14 8 8 0 0 0
26.333 26 ESTIMATOR 241.296158 4.089513
26.334 26 ATTITUDE 0.061714 1.935936 0.430328
26.432 26 AIR_DATA 98445.265625 0. -1000. 1013.25 0. -1. -1.
26.432 26 GPS 3 36026274 481373800 1106 243192 1246 451 0 100705480 31 0
26.433 26 DESIRED -0.626156 0.269475 0.754263 24.337976 195.843781 260. 1.962033 14.
26.433 26 ATTITUDE 0.041714 1.938589 0.425761
26.461 26 WIND_INFO 26 5 2.7 4. 0. 10.7
26.462 26 WIND_INFO_RET 5 2.7 4. 0. 12.442299
26.534 26 DL_VALUE 27 2.
26.534 26 NAVIGATION 4 0 -22.03125 142.5 0. 145.634689 14 8 8 0 0 0
26.534 26 ATTITUDE 0.011714 1.940439 0.418589
26.567 26 NAVIGATION 4 0 -22.03125 142.5 0. 144.193008 14 8 8 0 0 0
26.633 26 AIRSPEED 12.424775 14. 14. 6.
26.633 26 DESIRED -0.653459 0.24415 0.720809 24.976799 196.009399 260. 1.804523 14.
26.633 26 ATTITUDE -0.008286 1.940253 0.413633
26.683 26 GPS 3 36026553 481373692 1111 244265 1243 450 0 100705720 31 0
26.685 26 SVINFO 6 13 1 6 47 53 323
26.733 26 WP_MOVED 0 360326. 4813637. 260. 31
26.733 26 ATTITUDE -0.038286 1.937839 0.405877
26.815 26 NAVIGATION 4 0 -19.21875 141.5 0. 142.799194 15 9 9 0 0 0
26.832 26 ESTIMATOR 243.786301 4.278572
26.833 26 DESIRED -0.679998 0.228413 0.687284 25.663464 196.182358 260. 1.700817 14.
26.833 26 ATTITUDE -0.058286 1.934805 0.400517
26.933 26 GPS 3 36026877 481373567 1109 245467 1241 427 0 100706000 31 0
26.933 26 ATTITUDE -0.088286 1.928113 0.392223
27.016 26 FBW_STATUS 2 0 1 12.5 14.594059
27.032 26 ENERGY 55 12.5 14.594059 182.425735 0.512618 6.407746
27.032 26 DESIRED -0.679998 0.228348 0.687284 25.663464 196.182358 260. 1.700817 14.
27.033 26 ATTITUDE -0.108286 1.92222 0.386527
27.067 26 NAVIGATION 4 0 -16. 140. 0. 140.911316 15 9 9 0 0 0
27.132 26 ATTITUDE -0.138286 1.911228 0.377783
27.183 26 GPS 3 36027157 481373465 1101 246450 1241 417 0 100706240 31 0
27.232 26 WP_MOVED 1 360284. 4813595. 260. 31
27.233 26 DESIRED -0.709761 0.204899 0.642493 26.135008 196.298111 260. 1.544232 14.
27.233 26 ATTITUDE -0.158286 1.902459 0.371787
27.317 26 NAVIGATION 4 0 -13.1875 139. 0. 139.624176 15 9 9 0 0 0
27.333 26 CIRCLE 49.5 100.099998 70.
27.334 26 ESTIMATOR 246.243118 4.412024
27.334 26 ATTITUDE -0.188286 1.887134 0.362595
27.433 26 GPS 3 36027439 481373368 1088 247384 1243 389 0 100706480 31 0
27.434 26 DESIRED -0.71481 0.189887 0.609279 26.930073 196.487747 260. 1.443097 14.
27.434 26 ATTITUDE -0.208286 1.875467 0.356364
27.533 26 NAVIGATION 4 0 -10.34375 138.5 0. 139.624176 15 9 9 0 0 0
27.533 26 ATTITUDE -0.238286 1.855777 0.346848
27.566 26 NAVIGATION 4 0 -10.34375 138.5 0. 138.885712 15 9 9 0 0 0
27.632 26 AIRSPEED 12.481437 14. 14. 6.
27.633 26 DESIRED -0.711422 0.168341 0.586273 28.389313 196.817825 260. 1.297664 14.
27.633 26 ATTITUDE -0.258286 1.841184 0.340434
27.682 26 GPS 3 36027726 481373281 1068 248265 1246 357 0 100706720 31 0
27.733 26 CALIBRATION 0. 0
27.733 26 AIR_DATA 98386.078125 0. -1000. 1013.25 0. -1. -1.
27.733 26 WP_MOVED 2 360333.5 4813695. 260. 31
27.733 26 ATTITUDE -0.288286 1.817084 0.33065
27.816 26 NAVIGATION 4 0 -7.46875 137.5 0. 137.702698 16 10 10 0 0 0
27.832 26 FBW_STATUS 2 0 1 12.5 13.595119
27.832 26 ESTIMATOR 248.510895 4.435162
27.832 26 DESIRED -0.709514 0.154824 0.554485 29.399567 197.032837 260. 1.205207 14.
27.833 26 ATTITUDE -0.308286 1.799529 0.324045
27.932 26 GPS_SOL 697 697 697 7
27.932 26 GPS 3 36028016 481373207 1043 249091 1250 333 0 100706960 31 0
27.933 26 ATTITUDE -0.338286 1.770953 0.314037
28.032 26 DL_VALUE 28 0.
28.033 26 DESIRED -0.709514 0.155311 0.554485 29.399567 197.032837 260. 1.205207 14.
28.033 26 ATTITUDE -0.358286 1.750394 0.307302
28.067 26 NAVIGATION 4 0 -4.59375 136.5 0. 136.577271 16 10 10 0 0 0
28.133 26 ENERGY 49 12.5 12.931751 161.646896 0.537908 6.72388
28.133 26 ATTITUDE -0.388286 1.717276 0.297149
28.182 26 GPS 3 36028362 481373141 1002 249980 1257 310 0 100707240 31 0
28.183 26 SVINFO 5 12 1 5 47 85 274
28.233 26 WP_MOVED 3 360294.09375 4813785. 260. 31
28.233 26 DESIRED -0.69829 0.136293 0.523851 30.503773 197.255249 260. 1.074332 14.
28.233 26 ATTITUDE -0.408286 1.693661 0.29032
28.317 26 NAVIGATION 4 0 -1.15625 136. 0. 136.004913 16 10 10 0 0 0
28.334 26 ESTIMATOR 250.559647 4.359622
28.336 26 ATTITUDE -0.438286 1.655907 0.28003
28.382 26 CIRCLE 49.5 100.099998 70.
28.433 26 GPS 3 36028663 481373106 966 250674 1264 286 0 100707480 31 0
28.436 26 DESIRED -0.653289 0.12444 0.503983 32.863235 197.686981 260. 0.990293 14.
28.437 26 ATTITUDE -0.458286 1.629174 0.273165
28.537 26 NAVIGATION 4 0 1.875 135.5 0. 136.004913 16 10 10 0 0 0
28.539 26 ATTITUDE -0.488286 1.586692 0.262849
28.570 26 NAVIGATION 4 0 1.875 135.5 0. 135.51297 16 10 10 0 0 0
28.632 26 AIRSPEED 12.773617 14. 14. 6.
28.632 26 DESIRED -0.622538 0.107873 0.488087 35.079014 198.03894 260. 0.873969 14.
28.632 26 ATTITUDE -0.508286 1.556768 0.255995
28.683 26 GPS 3 36028969 481373094 921 251302 1272 272 0 100707720 31 0
28.732 26 WP_MOVED 4 360416.3125 4813734. 260. 31
28.732 26 ATTITUDE -0.538286 1.509441 0.245704
28.816 26 NAVIGATION 4 0 4.9375 135.5 0. 135.589935 17 11 11 0 0 0
28.833 26 ESTIMATOR 252.343918 4.185676
28.833 26 DESIRED -0.560316 0.098239 0.486474 38.230423 198.451385 260. 0.803123 14.
28.833 26 ATTITUDE -0.558286 1.476233 0.238858
28.933 26 GPS 3 36029276 481373111 869 251863 1282 231 0 100707960 31 0
28.933 26 ATTITUDE -0.587288 1.423949 0.228633
29.016 26 FBW_STATUS 2 0 1 12.5 11.80508
29.032 26 AIR_DATA 98344.117188 0. -1000. 1013.25 0. -1. -1.
29.033 26 DESIRED -0.560316 0.09932 0.486474 38.230423 198.451385 260. 0.803123 14.
29.033 26 ATTITUDE -0.604688 1.387563 0.221851
29.068 26 NAVIGATION 4 0 8. 135.5 0. 135.735962 17 11 11 0 0 0
29.132 26 ATTITUDE -0.626778 1.331015 0.211765
29.182 26 GPS 3 36029634 481373171 794 252426 1296 211 0 100708240 31 0
29.233 26 AUTOPILOT_VERSION 51500 v5.15_devel-179-g9a29798-dirty
29.234 26 ENERGY 45 12.5 11.39962 142.495255 0.560358 7.004492
29.235 26 WP_MOVED 5 360421. 4813583.5 260. 31
29.235 26 DESIRED -0.490816 0.085946 0.488972 41.67194 198.784973 260. 0.707443 14.
29.235 26 ATTITUDE -0.636982 1.292344 0.20508
29.328 26 NAVIGATION 4 0 11.5625 136.5 0. 136.988831 17 11 11 0 0 0
29.332 26 ESTIMATOR 253.808182 3.911942
29.332 26 ATTITUDE -0.645175 1.233604 0.195149
29.432 26 CIRCLE 49.5 100.099998 70.
29.433 26 GPS 3 36029934 481373260 734 252833 1307 190 0 100708480 31 0
29.434 26 SVINFO 3 10 1 3 48 48 175
29.434 26 DESIRED -0.353393 0.077946 0.520759 47.452965 199.073792 260. 0.649522 14.
29.434 26 ATTITUDE -0.645205 1.194412 0.188613
29.532 26 PPRZ_MODE 2 3 3 2 0 6
29.533 26 DL_VALUE 29 0.
29.533 26 NAVIGATION 4 0 14.625 137. 0. 136.988831 17 11 11 0 0 0
29.533 26 ATTITUDE -0.632886 1.136735 0.178928
29.565 26 NAVIGATION 4 0 14.625 137. 0. 137.778412 17 11 11 0 0 0
29.632 26 AIRSPEED 13.271623 14. 14. 6.
29.632 26 DESIRED -0.267959 0.066799 0.54554 52.291851 199.055573 260. 0.574309 14.
29.633 26 ATTITUDE -0.617382 1.099675 0.172578
29.683 26 GPS 3 36030226 481373385 667 253179 1320 150 0 100708720 31 0
29.732 26 WP_MOVED 6 360164.8125 4813664.5 260. 31
29.733 26 ATTITUDE -0.587382 1.046951 0.163181
29.825 26 NAVIGATION 4 0 17.5 138.5 0. 139.601212 18 12 12 0 0 0
29.834 26 CALIBRATION 0. 0
29.835 26 FBW_STATUS 2 0 1 12.5 10.558006
29.835 26 ESTIMATOR 254.930328 3.549632
29.837 26 DESIRED -0.129287 0.060158 0.597568 58.462585 198.688385 260. 0.531809 14.
29.838 26 ATTITUDE -0.567382 1.013703 0.157017
29.916 26 COMMANDS 4043,2906,-673,0,0
29.934 26 NAVIGATION_REF 360284 4813595 31 185.
29.934 26 GPS_SOL 694 694 694 7
29.934 26 GPS 3 36030504 481373542 605 253483 1333 126 0 100708960 31 0
29.935 26 ATTITUDE -0.537382 0.96658 0.147939
30.033 26 DESIRED -0.129287 0.059828 0.597568 58.462585 198.688385 260. 0.531809 14.
30.033 26 ATTITUDE -0.517382 0.93694 0.142002
30.066 26 NAVIGATION 4 0 20.28125 140. 0. 141.461395 18 12 12 0 0 0
30.133 26 ATTITUDE -0.487382 0.895052 0.133295
30.183 26 GPS 3 36030811 481373761 537 253810 1347 115 0 100709240 31 0
30.183 26 SVINFO 6 13 1 6 46 46 325
30.232 26 COMMANDS 3932,3329,-588,0,0
30.232 26 WP_MOVED 7 360558.40625 4813804.5 260. 31
30.232 26 DESIRED -0.004025 0.051448 0.653231 64.618713 197.933655 260. 0.47877 14.
30.233 26 ATTITUDE -0.467382 0.868793 0.127613
30.324 26 NAVIGATION 4 0 23.375 142. 0. 143.911057 18 12 12 0 0 0
30.334 26 AIR_DATA 98321.414062 0. -1000. 1013.25 0. -1. -1.
30.335 26 ENERGY 40 12.5 9.9828 124.784996 0.579808 7.247622
30.336 26 ESTIMATOR 255.720886 3.123517
30.336 26 ATTITUDE -0.437382 0.831826 0.119298
30.433 26 GPS 3 36031058 481373972 494 254075 1355 85 0 100709480 31 0
30.433 26 DESIRED 0.153949 0.046459 0.726767 71.863503 196.535858 260. 0.448879 14.
30.433 26 ATTITUDE -0.417382 0.808758 0.113908
30.484 26 CIRCLE 49.5 100.099998 70.
30.532 26 NAVIGATION 4 0 25.8125 144.5 0. 143.911057 18 12 12 0 0 0
30.533 26 ATTITUDE -0.387382 0.77646 0.106051
30.566 26 NAVIGATION 4 0 25.8125 144.5 0. 146.787384 18 12 12 0 0 0
30.633 26 AIRSPEED 13.653522 14. 14. 6.
30.633 26 DESIRED 0.26417 0.040394 0.806686 78.311096 194.809662 260. 0.412291 14.
30.633 26 ATTITUDE -0.367382 0.756433 0.10098
30.682 26 GPS 3 36031291 481374202 454 254327 1362 85 0 100709720 31 0
30.732 26 WP_MOVED 8 360461.40625 4813640. 215. 31
30.733 26 ATTITUDE -0.337382 0.728599 0.093612
30.828 26 NAVIGATION 4 0 28.15625 146.5 0. 149.181183 19 13 13 0 0 0
30.833 26 ESTIMATOR 256.258057 2.680513
30.834 26 DESIRED 0.37015 0.036815 0.875599 83.841354 192.947571 260. 0.39253 14.
30.835 26 ATTITUDE -0.317382 0.711489 0.088867
30.933 26 DATALINK_REPORT 5 6 1668 837 0 0
30.934 26 GPS 3 36031511 481374446 420 254565 1368 62 0 100709960 31 0
30.934 26 SVINFO 2 9 0 2 48 10 126
30.934 26 ATTITUDE -0.287382 0.687951 0.082008
31.016 26 FBW_STATUS 2 0 1 12.5 9.475061
31.034 26 ALIVE 128,247,33,237,150,226,125,96,211,120,85,14,103,22,52,69
31.034 26 DL_VALUE 30 0.
31.034 26 DESIRED 0.37015 0.036191 0.875599 83.841354 192.947571 260. 0.39253 14.
31.034 26 ATTITUDE -0.267382 0.673658 0.07761
31.065 26 NAVIGATION 4 0 30.375 149. 0. 152.06459 19 13 13 0 0 0
31.132 26 ATTITUDE -0.237382 0.654284 0.071285
31.183 26 GPS 3 36031754 481374745 386 254820 1374 54 0 100710240 31 0
31.232 26 WP_MOVED 9 360312.8125 4813652. 185. 31
31.233 26 DESIRED 0.478863 0.032005 0.953096 89.194778 190.788055 260. 0.368735 14.
31.233 26 ATTITUDE -0.217382 0.642728 0.067245
31.317 26 NAVIGATION 4 0 32.78125 152. 0. 155.49472 19 13 13 0 0 0
31.332 26 ESTIMATOR 256.610992 2.254346
31.333 26 ATTITUDE -0.187382 0.627408 0.061456
31.432 26 ENERGY 38 12.5 9.253183 115.664795 0.597323 7.466551
31.433 26 GPS 3 36031951 481375010 366 255019 1379 43 0 100710480 31 0
31.433 26 SVINFO 4 11 1 4 47 86 226
31.434 26 DESIRED 0.600929 0.029423 1.041606 94.665054 188.191528 260. 0.355507 14.
31.434 26 ATTITUDE -0.167382 0.618524 0.057781
31.534 26 CIRCLE 49.5 100.099998 70.
31.534 26 NAVIGATION 4 0 34.78125 154.5 0. 155.49472 19 13 13 0 0 0
31.535 26 ATTITUDE -0.137382 0.607171 0.052541
31.565 26 NAVIGATION 4 0 34.78125 154.5 0. 158.366608 19 13 13 0 0 0
31.632 26 AIR_DATA 98307.328125 0. -1000. 1013.25 0. -1. -1.
31.633 26 AIRSPEED 13.860602 14. 14. 6.
31.633 26 DESIRED 0.674792 0.02653 1.114058 98.788223 185.952606 260. 0.340048 14.
31.633 26 ATTITUDE -0.117382 0.600907 0.049233
31.685 26 GPS 3 36032142 481375282 351 255198 1384 22 0 100710720 31 0
31.687 26 SVINFO 5 12 0 5 46 82 276
31.733 26 WP_MOVED 10 360452.8125 4813581. 260. 31
31.733 26 ATTITUDE -0.087382 0.593452 0.044536
31.818 26 NAVIGATION 4 0 36.6875 157.5 0. 161.716492 19 14 14 0 0 0
31.833 26 FBW_STATUS 2 0 1 12.5 9.085266
31.833 26 ESTIMATOR 256.832825 1.863602
31.833 26 DESIRED 0.762381 0.024634 1.192702 102.569 183.668427 260. 0.332237 14.
31.834 26 ATTITUDE -0.057382 0.588309 0.040158
31.932 26 CALIBRATION 0. 0
31.932 26 GPS_SOL 690 690 690 7
31.933 26 GPS 3 36032360 481375604 340 255382 1389 8 0 100711000 31 0
31.933 26 ATTITUDE -0.037382 0.586158 0.037417
32.032 26 DESIRED 0.762381 0.024286 1.192702 102.569 183.668427 260. 0.332237 14.
32.033 26 ATTITUDE -0.017382 0.585023 0.034814
32.066 26 NAVIGATION 4 0 38.84375 160.5 0. 165.133545 20 14 14 0 0 0
32.132 26 ATTITUDE 0.012618 0.585222 0.031164
32.183 26 GPS 3 36032545 481375883 335 255518 1394 15 0 100711240 31 0
32.232 26 WP_MOVED 11 360169.5 4813757.5 260. 31
32.233 26 DESIRED 0.84266 0.023555 1.272976 106.273239 181.197464 260. 0.323084 14.
32.233 26 ATTITUDE 0.032618 0.586618 0.028896
32.318 26 NAVIGATION 4 0 40.6875 163. 0. 168.001404 20 14 14 0 0 0
32.333 26 ESTIMATOR 256.959167 1.516131
32.333 26 ATTITUDE 0.062618 0.590603 0.025743
32.432 26 GPS 3 36032731 481376163 336 255635 1399 -1 0 100711480 31 0
32.433 26 DESIRED 0.872665 0.024211 1.33921 109.110565 179.135315 260. 0.318983 14.
32.433 26 ATTITUDE 0.082618 0.594521 0.023809
32.533 26 DL_VALUE 31 0.
32.533 26 ENERGY 36 12.5 8.788538 109.856728 0.61384 7.673021
32.533 26 NAVIGATION 4 0 42.5625 166. 0. 168.001404 20 14 14 0 0 0
32.534 26 ATTITUDE 0.112618 0.602289 0.021155
32.566 26 NAVIGATION 4 0 42.5625 166. 0. 171.369675 20 14 14 0 0 0
32.584 26 CIRCLE 49.5 100.099998 70.
32.633 26 AIRSPEED 14.060542 14. 14. 6.
32.634 26 DESIRED 0.872665 0.024972 1.412591 111.78669 177.04393 260. 0.315443 14.
32.634 26 ATTITUDE 0.132618 0.60873 0.019552
32.683 26 GPS 3 36032921 481376441 342 255734 1404 1 0 100711720 31 0
32.732 26 WP_MOVED 0 360326. 4813637. 260. 31
32.733 26 ATTITUDE 0.162618 0.62029 0.017389
32.824 26 NAVIGATION 4 0 44.4375 169. 0. 174.744644 21 15 15 0 0 0
32.833 26 ESTIMATOR 257.001068 1.207299
32.833 26 DESIRED 0.872665 0.026154 1.484392 114.182312 175.041306 260. 0.314588 14.
32.834 26 ATTITUDE 0.182618 0.629267 0.016106
32.933 26 AIR_DATA 98298.046875 0. -1000. 1013.25 0. -1. -1.
32.933 26 GPS 3 36033117 481376717 354 255815 1408 -4 0 100711960 31 0
32.933 26 SVINFO 3 10 1 3 47 54 177
32.933 26 ATTITUDE 0.212618 0.644647 0.014416
33.017 26 FBW_STATUS 2 0 1 12.5 8.582806
33.034 26 DESIRED 0.872665 0.027482 1.484392 114.182312 175.041306 260. 0.314588 14.
33.034 26 ATTITUDE 0.232618 0.656183 0.013442
33.066 26 NAVIGATION 4 0 46.40625 171.5 0. 177.667633 21 15 15 0 0 0
33.132 26 ATTITUDE 0.262618 0.675427 0.012206
33.182 26 GPS 3 36033357 481377031 376 255890 1414 -5 0 100712240 31 0
33.233 26 WP_MOVED 1 360284. 4813595. 260. 31
33.233 26 DESIRED 0.872665 0.028936 1.548448 116.404144 173.064621 260. 0.315321 14.
33.234 26 ATTITUDE 0.282618 0.689558 0.011526
33.323 26 NAVIGATION 4 0 48.8125 174.5 0. 181.198532 21 15 15 0 0 0
33.332 26 ESTIMATOR 256.97995 0.938051
33.334 26 ATTITUDE 0.312618 0.712727 0.010717
33.432 26 GPS 3 36033575 481377293 397 255936 1418 -5 0 100712480 31 0
33.432 26 DESIRED 0.872665 0.030517 1.624376 118.850197 170.74382 260. 0.316803 14.
33.433 26 ATTITUDE 0.332618 0.729501 0.010313
33.533 26 NAVIGATION 4 0 51. 177.5 0. 181.198532 21 15 15 0 0 0
33.533 26 ATTITUDE 0.362618 0.756678 0.009903
33.566 26 NAVIGATION 4 0 51. 177.5 0. 184.681488 21 15 15 0 0 0
33.632 26 ENERGY 35 12.5 8.366018 104.575226 0.629538 7.869242
33.633 26 CIRCLE 49.5 100.099998 70.
33.633 26 AIRSPEED 14.250163 14. 14. 6.
33.633 26 DESIRED 0.872665 0.032475 1.695702 120.843193 168.73053 260. 0.32069 14.
33.634 26 ATTITUDE 0.382618 0.776156 0.009754
33.682 26 GPS 3 36033806 481377545 425 255966 1423 -21 0 100712720 31 0
33.683 26 SVINFO 6 13 1 6 45 40 327
33.732 26 WP_MOVED 2 360333.5 4813695. 260. 31
33.733 26 ATTITUDE 0.412618 0.807443 0.009711
33.841 26 NAVIGATION 4 0 53.34375 180. 0. 187.737991 22 16 16 0 0 0
33.842 26 FBW_STATUS 2 0 1 12.5 8.286949
33.842 26 ESTIMATOR 256.908447 0.705088
33.843 26 DESIRED 0.872665 0.03441 1.760657 122.782738 166.655548 260. 0.324304 14.
33.843 26 ATTITUDE 0.432618 0.829701 0.009797
33.932 26 GPS_SOL 685 685 685 7
33.932 26 GPS 3 36034052 481377783 459 255981 1427 -23 0 100712960 31 0
33.932 26 ATTITUDE 0.462618 0.865222 0.010088
34.033 26 CALIBRATION 0. 0
34.034 26 DL_VALUE 32 0.
34.034 26 DESIRED 0.872665 0.035823 1.760657 122.782738 166.655548 260. 0.324304 14.
34.034 26 ATTITUDE 0.482618 0.89035 0.010386
34.066 26 NAVIGATION 4 0 55.78125 182.5 0. 190.834473 22 16 16 0 0 0
34.132 26 ATTITUDE 0.512618 0.930256 0.010978
34.182 26 GPS 3 36034361 481378039 510 255976 1432 0 0 100713240 31 0
34.183 26 SVINFO 1 8 1 1 48 0 78
34.232 26 AIR_DATA 98296.171875 0. -1000. 1013.25 0. -1. -1.
34.233 26 WP_MOVED 3 360294.09375 4813785. 260. 31
34.233 26 DESIRED 0.872665 0.038275 1.825511 124.61808 164.576935 260. 0.331065 14.
34.233 26 ATTITUDE 0.532618 0.958362 0.011466
34.327 26 NAVIGATION 4 0 58.84375 185. 0. 194.132904 22 16 16 0 0 0
34.336 26 ESTIMATOR 256.791656 0.502842
34.339 26 ATTITUDE 0.562618 1.002827 0.012328
34.432 26 PPRZ_MODE 2 3 3 2 0 6
34.432 26 GPS 3 36034644 481378235 553 255953 1436 -14 0 100713480 31 0
34.432 26 DESIRED 0.872665 0.040564 1.897133 126.737564 162.022202 260. 0.336555 14.
34.432 26 ATTITUDE 0.582618 1.03404 0.012982
34.533 26 NAVIGATION 4 0 61.6875 187. 0. 194.132904 22 16 16 0 0 0
34.533 26 ATTITUDE 0.612618 1.083272 0.014078
34.566 26 NAVIGATION 4 0 61.6875 187. 0. 196.912033 22 16 16 0 0 0
34.634 26 AIRSPEED 14.43391 14. 14. 6.
34.634 26 DESIRED 0.872665 0.043512 1.958478 128.543732 159.699402 260. 0.346194 14.
34.634 26 ATTITUDE 0.632618 1.11774 0.014877
34.683 26 CIRCLE 49.5 100.099998 70.
34.684 26 GPS 3 36034946 481378404 606 255910 1440 -19 0 100713720 31 0
34.732 26 ENERGY 33 12.5 7.984425 99.805305 0.644513 8.056429
34.733 26 WP_MOVED 4 360416.3125 4813734. 260. 31
34.733 26 ATTITUDE 0.662618 1.17198 0.016178
34.823 26 NAVIGATION 4 0 64.6875 188.5 0. 199.290543 23 17 17 0 0 0
34.833 26 ESTIMATOR 256.628784 0.32434
34.834 26 DESIRED 0.872665 0.046176 2.015208 130.341888 157.236588 260. 0.353641 14.
34.834 26 ATTITUDE 0.682618 1.209876 0.017108
34.916 26 COMMANDS 3245,1361,182,0,0
34.932 26 GPS 3 36035264 481378542 666 255844 1445 -19 0 100713959 31 0
34.933 26 SVINFO 4 11 0 4 46 88 228
34.933 26 ATTITUDE 0.712618 1.269404 0.018588
35.016 26 FBW_STATUS 2 0 1 12.5 7.849113
35.033 26 DESIRED 0.872665 0.047777 2.015208 130.341888 157.236588 260. 0.353641 14.
35.034 26 ATTITUDE 0.732618 1.310929 0.019629
35.066 26 NAVIGATION 4 0 67.875 190. 0. 201.759796 23 17 17 0 0 0
35.133 26 ATTITUDE 0.762618 1.376071 0.021262
35.182 26 GPS 3 36035654 481378654 751 255733 1452 -32 0 100714240 31 0
35.183 26 SVINFO 5 12 1 5 45 78 278
35.232 26 COMMANDS 3200,847,188,0,0
35.232 26 WP_MOVED 5 360421. 4813583.5 260. 31
35.232 26 DESIRED 0.872665 0.051361 2.073783 132.099838 154.664337 260. 0.366443 14.
35.233 26 ATTITUDE 0.782618 1.42146 0.0224
35.336 26 NAVIGATION 4 0 71.8125 191. 0. 204.054001 23 17 17 0 0 0
35.336 26 ESTIMATOR 256.409393 0.159754
35.337 26 ATTITUDE 0.812618 1.492595 0.024172
35.434 26 GPS 3 36036001 481378702 821 255605 1456 -50 0 100714480 31 0
35.434 26 SVINFO 6 13 1 6 44 37 328
35.434 26 DESIRED 0.872665 0.054634 2.136654 134.16893 151.394958 260. 0.376655 14.
35.434 26 ATTITUDE 0.832618 1.542121 0.025391
35.534 26 DL_VALUE 33 0.
35.534 26 AIR_DATA 98300.5 0. -1000. 1013.25 0. -1. -1.
35.534 26 NAVIGATION 4 0 75.25 191.5 0. 204.054001 23 17 17 0 0 0
35.534 26 ATTITUDE 0.862488 1.619688 0.027278
35.567 26 NAVIGATION 4 0 75.25 191.5 0. 205.754257 23 17 17 0 0 0
35.632 26 AIRSPEED 14.674233 14. 14. 6.
35.633 26 DESIRED 0.872665 0.058935 2.187899 135.859222 148.495087 260. 0.394275 14.
35.633 26 ATTITUDE 0.872665 1.673171 0.028568
35.685 26 GPS 3 36036352 481378698 905 255439 1463 -78 0 100714720 31 0
35.686 26 SVINFO 0 7 0 0 48 25 29
35.732 26 CIRCLE 49.5 100.099998 70.
35.733 26 WP_MOVED 6 360164.8125 4813664.5 260. 31
35.733 26 ATTITUDE 0.872665 1.753258 0.030559
35.819 26 NAVIGATION 4 0 78.78125 191.5 0. 207.071808 24 18 18 0 0 0
35.832 26 FBW_STATUS 2 0 1 12.5 7.455196
35.832 26 ENERGY 32 12.5 7.458164 93.227051 0.6587 8.233767
35.833 26 ESTIMATOR 256.110931 -0.003433
35.833 26 DESIRED 0.81969 0.062037 2.236161 137.518951 145.406342 260. 0.407963 14.
35.833 26 ATTITUDE 0.872665 1.806534 0.031918
35.933 26 GPS_SOL 678 678 678 7
35.933 26 GPS 3 36036757 481378623 1004 255202 1470 -98 0 100715000 31 0
35.934 26 ATTITUDE 0.872665 1.886283 0.033997
36.032 26 DATALINK_REPORT 10 6 1859 835 0 0
36.032 26 DESIRED 0.81969 0.063087 2.236161 137.518951 145.406342 260. 0.407963 14.
36.033 26 ATTITUDE 0.872665 1.939343 0.035409
36.065 26 NAVIGATION 4 0 82.8125 190.5 0. 207.721359 24 18 18 0 0 0
36.132 26 ALIVE 128,247,33,237,150,226,125,96,211,120,85,14,103,22,52,69
36.132 26 CALIBRATION 0. 0
36.132 26 ATTITUDE 0.872665 2.01879 0.037557
36.183 26 GPS 3 36037089 481378500 1111 254986 1479 -103 0 100715240 31 0
36.184 26 SVINFO 2 9 1 2 47 17 129
36.232 26 WP_MOVED 7 360558.40625 4813804.5 260. 31
36.233 26 DESIRED 0.713232 0.06778 2.283786 139.386322 141.578308 260. 0.432642 14.
36.233 26 ATTITUDE 0.872665 2.071668 0.039016
36.339 26 NAVIGATION 4 0 86.125 189.5 0. 208.153229 24 18 18 0 0 0
36.340 26 ESTIMATOR 255.699982 -0.179848
36.341 26 ATTITUDE 0.871253 2.124408 0.040493
36.432 26 GPS 3 36037400 481378325 1194 254771 1484 -109 0 100715480 31 0
36.433 26 DESIRED 0.588279 0.071227 2.322904 140.811752 138.338257 260. 0.451072 14.
36.433 26 ATTITUDE 0.860403 2.20245 0.042728
36.462 26 WIND_INFO 26 5 0.9 1.2 0. 12.9
36.463 26 WIND_INFO_RET 5 0.9 1.2 0. 14.884707
36.533 26 NAVIGATION 4 0 89.25 188. 0. 208.153229 24 18 18 0 0 0
36.534 26 ATTITUDE 0.834524 2.277525 0.044994
36.565 26 NAVIGATION 4 0 89.25 188. 0. 208.109497 24 18 18 0 0 0
36.633 26 AIRSPEED 14.907871 14. 14. 6.
36.634 26 DESIRED 0.507838 0.07539 2.357018 142.124603 135.0383 260. 0.479035 14.
36.634 26 ATTITUDE 0.814524 2.325366 0.04651
36.682 26 GPS 3 36037680 481378103 1283 254574 1488 -110 0 100715720 31 0
36.732 26 WP_MOVED 8 360461.40625 4813640. 215. 31
36.733 26 ATTITUDE 0.784524 2.393931 0.048805
36.783 26 CIRCLE 49.5 100.099998 70.
36.841 26 NAVIGATION 4 0 92.0625 185.5 0. 207.08876 25 19 19 0 0 0
36.842 26 AIR_DATA 98312.515625 0. -1000. 1013.25 0. -1. -1.
36.842 26 ESTIMATOR 255.233994 -0.342257
36.843 26 DESIRED 0.3933 0.078216 2.381474 143.37442 131.52597 260. 0.499954 14.
36.843 26 ATTITUDE 0.764524 2.437602 0.05034
36.933 26 ENERGY 31 12.5 7.147999 89.349983 0.67198 8.399769
36.933 26 GPS 3 36037964 481377798 1371 254401 1489 -80 0 100716000 31 0
36.933 26 ATTITUDE 0.734524 2.500201 0.052643
37.016 26 FBW_STATUS 2 0 1 12.5 7.14506
37.032 26 DL_VALUE 34 0.
37.032 26 DESIRED 0.3933 0.077639 2.381474 143.37442 131.52597 260. 0.499954 14.
37.033 26 ATTITUDE 0.714524 2.540073 0.054178
37.066 26 NAVIGATION 4 0 94.875 182.5 0. 205.687912 25 19 19 0 0 0
37.132 26 ATTITUDE 0.684524 2.597212 0.056463
37.182 26 GPS 3 36038169 481377505 1455 254321 1487 -47 0 100716240 31 0
37.233 26 WP_MOVED 9 360312.8125 4813652. 185. 31
37.233 26 DESIRED 0.2836 0.081517 2.405309 144.583557 127.652092 260. 0.531392 14.
37.233 26 ATTITUDE 0.664524 2.633588 0.057983
37.335 26 NAVIGATION 4 0 96.9375 179.5 0. 204.002762 25 19 19 0 0 0
37.336 26 ESTIMATOR 254.751541 -0.475398
37.337 26 ATTITUDE 0.634524 2.685673 0.060243
37.432 26 GPS 3 36038339 481377193 1513 254308 1481 -26 0 100716480 31 0
37.433 26 DESIRED 0.169997 0.083324 2.420227 145.493958 124.290062 260. 0.550563 14.
37.433 26 ATTITUDE 0.614524 2.718794 0.061727
37.533 26 NAVIGATION 4 0 98.65625 176.5 0. 204.002762 25 19 19 0 0 0
37.533 26 ATTITUDE 0.584524 2.766147 0.063919
37.566 26 NAVIGATION 4 0 98.65625 176.5 0. 202.201157 25 19 19 0 0 0
37.632 26 AIRSPEED 14.685859 14. 14. 6.
37.632 26 DESIRED 0.104189 0.085723 2.431982 146.243683 121.091873 260. 0.574903 14.
37.632 26 ATTITUDE 0.564524 2.796201 0.065345
37.682 26 GPS 3 36038476 481376868 1571 254356 1472 -4 0 100716720 31 0
37.732 26 WP_MOVED 10 360452.8125 4813581. 260. 31
37.732 26 ATTITUDE 0.534524 2.83907 0.06744
37.817 26 NAVIGATION 4 0 100. 173. 0. 199.822418 26 20 20 0 0 0
37.838 26 FBW_STATUS 2 0 1 12.5 7.636679
37.838 26 CIRCLE 49.5 100.099998 70.
37.838 26 ESTIMATOR 254.401398 -0.522362
37.839 26 DESIRED 0.020691 0.086025 2.437445 146.903198 117.780968 260. 0.587293 14.
37.839 26 ATTITUDE 0.504524 2.87934 0.069467
37.933 26 GPS_SOL 670 670 670 7
37.933 26 GPS 3 36038583 481376534 1622 254457 1461 30 0 100716959 31 0
37.934 26 ATTITUDE 0.484524 2.904773 0.070772
38.033 26 ENERGY 33 12.5 7.804127 97.551582 0.685586 8.569851
38.033 26 DESIRED 0.020691 0.084723 2.437445 146.903198 117.780968 260. 0.587293 14.
38.033 26 ATTITUDE 0.464524 2.929092 0.072039
38.066 26 NAVIGATION 4 0 101.09375 170. 0. 197.787628 26 20 20 0 0 0
38.133 26 AIR_DATA 98313.875 0. -1000. 1013.25 0. -1. -1.
38.133 26 ATTITUDE 0.434524 2.96351 0.073856
38.182 26 GPS 3 36038674 481376138 1678 254631 1448 50 0 100717240 31 0
38.183 26 SVINFO 3 10 1 3 46 63 180
38.232 26 CALIBRATION 0. 0
38.233 26 WP_MOVED 11 360169.5 4813757.5 260. 31
38.233 26 DESIRED -0.048254 0.085 2.443252 147.389969 114.849716 260. 0.599348 14.
38.233 26 ATTITUDE 0.414524 2.985099 0.075012
38.316 26 NAVIGATION 4 0 101.96875 166. 0. 194.816895 26 20 20 0 0 0
38.345 26 ESTIMATOR 254.259903 -0.469087
38.346 26 ATTITUDE 0.384524 3.015472 0.076652
38.433 26 GPS 3 36038726 481375797 1713 254818 1437 90 0 100717480 31 0
38.434 26 SVINFO 4 11 1 4 45 89 230
38.434 26 DESIRED -0.134289 0.083861 2.44385 147.863739 111.261284 260. 0.602136 14.
38.434 26 ATTITUDE 0.364524 3.034393 0.077676
38.532 26 DL_VALUE 35 140.
38.533 26 NAVIGATION 4 0 102.53125 162.5 0. 194.816895 26 20 20 0 0 0
38.533 26 ATTITUDE 0.334524 3.060803 0.079105
38.566 26 NAVIGATION 4 0 102.53125 162.5 0. 192.142929 26 20 20 0 0 0
38.632 26 AIRSPEED 14.231197 14. 14. 6.
38.633 26 DESIRED -0.174866 0.081859 2.443469 148.170486 108.108391 260. 0.599204 14.
38.633 26 ATTITUDE 0.314524 3.077104 0.079981
38.684 26 GPS 3 36038758 481375456 1746 255032 1427 97 0 100717720 31 0
38.684 26 SVINFO 5 12 1 5 44 74 280
38.733 26 WP_MOVED 0 360326. 4813637. 260. 31
38.734 26 ATTITUDE 0.284524 3.099611 0.081172
38.816 26 NAVIGATION 4 0 102.84375 159. 0. 189.361649 27 21 21 0 0 0
38.840 26 ESTIMATOR 254.350845 -0.32761
38.841 26 DESIRED -0.224049 0.079316 2.44114 148.373871 104.994415 260. 0.592596 14.
38.842 26 ATTITUDE 0.264524 3.113326 0.081882
38.883 26 CIRCLE 49.5 100.099998 70.
38.932 26 NAVIGATION_REF 360284 4813595 31 185.
38.932 26 GPS 3 36038774 481375116 1773 255267 1417 108 0 100717959 31 0
38.932 26 SVINFO 6 13 0 6 43 31 330
38.932 26 ATTITUDE 0.234524 3.131974 0.082816
39.016 26 FBW_STATUS 2 0 1 12.5 8.506329
39.034 26 DESIRED -0.224049 0.077614 2.44114 148.373871 104.994415 260. 0.592596 14.
39.035 26 ATTITUDE 0.204524 3.148322 0.083587
39.065 26 NAVIGATION 4 0 103. 155.5 0. 186.518768 27 21 21 0 0 0
39.133 26 ENERGY 36 12.5 8.515495 106.443695 0.700653 8.758182
39.133 26 ATTITUDE 0.184524 3.157947 0.084007
39.182 26 GPS 3 36038776 481374722 1800 255559 1406 132 0 100718240 31 0
39.232 26 WP_MOVED 1 360284. 4813595. 260. 31
39.233 26 DESIRED -0.262653 0.073848 2.438639 148.479889 101.82692 260. 0.57631 14.
39.233 26 ATTITUDE 0.164524 3.166555 0.084345
39.316 26 NAVIGATION 4 0 103. 151.5 0. 183.197296 27 21 21 0 0 0
39.332 26 PPRZ_MODE 2 3 3 2 0 6
39.332 26 ESTIMATOR 254.654709 -0.125101
39.333 26 ATTITUDE 0.134524 3.177563 0.084706
39.433 26 AIR_DATA 98297.976562 0. -1000. 1013.25 0. -1. -1.
39.434 26 GPS 3 36038767 481374386 1815 255821 1399 114 0 100718480 31 0
39.434 26 SVINFO 1 8 1 1 47 0 81
39.435 26 DESIRED -0.30181 0.070052 2.436002 148.475128 98.118614 260. 0.560721 14.
39.435 26 ATTITUDE 0.114524 3.183634 0.084849
39.533 26 NAVIGATION 4 0 102.9375 148.5 0. 183.197296 27 21 21 0 0 0
39.533 26 ATTITUDE 0.084524 3.190839 0.084909
39.566 26 NAVIGATION 4 0 102.9375 148.5 0. 180.688629 27 21 21 0 0 0
39.632 26 AIRSPEED 13.90445 14. 14. 6.
39.632 26 DESIRED -0.315625 0.064389 2.435583 148.374054 95.209091 260. 0.532399 14.
39.632 26 ATTITUDE 0.064524 3.194374 0.084851
39.682 26 GPS 3 36038752 481374052 1826 256086 1392 131 0 100718720 31 0
39.683 26 SVINFO 2 9 0 2 46 22 131
39.733 26 WP_MOVED 2 360333.5 4813695. 260. 31
39.733 26 ATTITUDE 0.034524 3.197773 0.084601
39.816 26 NAVIGATION 4 0 102.78125 145. 0. 177.732895 28 22 22 0 0 0
39.845 26 FBW_STATUS 2 0 1 12.5 8.766991
39.846 26 ESTIMATOR 255.13176 0.107624
39.846 26 DESIRED -0.326832 0.059757 2.436741 148.136215 91.679909 260. 0.510678 14.
39.846 26 ATTITUDE 0.014524 3.198767 0.084328
39.916 26 COMMANDS 3520,-2322,-190,0,0
39.933 26 GPS_SOL 661 661 661 7
39.933 26 CIRCLE 49.5 100.099998 70.
39.933 26 GPS 3 36038733 481373720 1831 256353 1387 130 0 100718959 31 0
39.933 26 SVINFO 3 10 1 3 45 66 181
39.933 26 ATTITUDE -0.015476 3.198348 0.083762
40.033 26 DL_VALUE 36 0.
40.033 26 DESIRED -0.326832 0.059674 2.436741 148.136215 91.679909 260. 0.510678 14.
40.033 26 ATTITUDE -0.035476 3.196791 0.083279
40.066 26 NAVIGATION 4 0 102.5625 142. 0. 175.165833 28 22 22 0 0 0
40.132 26 ATTITUDE -0.065476 3.192532 0.082414
40.185 26 GPS 3 36038712 481373333 1831 256658 1381 154 0 100719240 31 0
40.233 26 COMMANDS 3526,-1830,-213,0,0
40.234 26 ENERGY 36 12.5 8.757761 109.472015 0.716601 8.957543
40.234 26 WP_MOVED 3 360294.09375 4813785. 260. 31
40.234 26 DESIRED -0.329126 0.054779 2.439088 147.818054 88.543068 260. 0.474846 14.
40.234 26 ATTITUDE -0.085476 3.188406 0.081734
40.316 26 NAVIGATION 4 0 102.375 138. 0. 171.827362 28 22 22 0 0 0
40.349 26 AUTOPILOT_VERSION 51500 v5.15_devel-179-g9a29798-dirty
40.349 26 CALIBRATION 0. 0
40.349 26 ESTIMATOR 255.724823 0.339989
40.349 26 ATTITUDE -0.115476 3.180276 0.080581
40.431 26 GPS 3 36038697 481373003 1825 256911 1379 154 0 100719480 31 0
40.432 26 DESIRED -0.315104 0.051365 2.449167 147.174774 83.986755 260. 0.448466 14.
40.432 26 ATTITUDE -0.135476 3.173557 0.079733
40.533 26 NAVIGATION 4 0 102.21875 134.5 0. 171.827362 28 22 22 0 0 0
40.533 26 ATTITUDE -0.165476 3.161515 0.07834
40.565 26 NAVIGATION 4 0 102.21875 134.5 0. 168.934662 28 22 22 0 0 0
40.633 26 AIRSPEED 13.763868 14. 14. 6.
40.633 26 DESIRED -0.29287 0.045831 2.463064 146.376434 79.729469 260. 0.407541 14.
40.634 26 ATTITUDE -0.185476 3.152172 0.077345
40.683 26 GPS 3 36038688 481372672 1814 257152 1376 147 0 100719720 31 0
40.733 26 AIR_DATA 98282.46875 0. -1000. 1013.25 0. -1. -1.
40.733 26 WP_MOVED 4 360416.3125 4813734. 260. 31
40.733 26 ATTITUDE -0.215476 3.136168 0.075736
40.816 26 NAVIGATION 4 0 102.125 131. 0. 166.103928 29 23 23 0 0 0
40.842 26 ESTIMATOR 256.37912 0.548005
40.842 26 DESIRED -0.256686 0.042336 2.483157 145.307159 75.180389 260. 0.37983 14.
40.844 26 ATTITUDE -0.235476 3.124162 0.074595
40.932 26 GPS 3 36038689 481372342 1798 257377 1375 137 0 100719959 31 0
40.933 26 SVINFO 0 7 0 0 47 17 32
40.933 26 ATTITUDE -0.264486 3.104166 0.072791
40.983 26 CIRCLE 49.5 100.099998 70.
41.016 26 FBW_STATUS 2 0 1 12.5 8.650234
41.034 26 DESIRED -0.256686 0.043006 2.483157 145.307159 75.180389 260. 0.37983 14.
41.034 26 ATTITUDE -0.281856 3.089608 0.07153
41.073 26 NAVIGATION 4 0 102.125 128. 0. 163.748337 29 23 23 0 0 0
41.132 26 DATALINK_REPORT 5 7 2050 844 0 0
41.132 26 ATTITUDE -0.303912 3.066178 0.069564
41.184 26 GPS 3 36038703 481372012 1772 257582 1375 100 0 100720200 31 0
41.232 26 ALIVE 128,247,33,237,150,226,125,96,211,120,85,14,103,22,52,69
41.233 26 WP_MOVED 5 360421. 4813583.5 260. 31
41.233 26 DESIRED -0.212879 0.037321 2.5061 144.13443 71.042732 260. 0.338585 14.
41.234 26 ATTITUDE -0.31462 3.049724 0.068193
41.317 26 NAVIGATION 4 0 102.28125 124.5 0. 161.126358 29 23 23 0 0 0
41.352 26 ENERGY 35 12.5 8.546078 106.825974 0.732504 9.156344
41.353 26 ESTIMATOR 257.027924 0.708557
41.354 26 ATTITUDE -0.324106 3.024271 0.066066
41.433 26 GPS 3 36038738 481371628 1747 257794 1376 73 0 100720480 31 0
41.433 26 DESIRED -0.141566 0.033491 2.540849 142.412277 65.934097 260. 0.311771 14.
41.434 26 ATTITUDE -0.32567 3.007083 0.064612
41.533 26 DL_VALUE 37 14.
41.534 26 NAVIGATION 4 0 102.625 120.5 0. 161.126358 29 23 23 0 0 0
41.534 26 ATTITUDE -0.318671 2.981636 0.062371
41.565 26 NAVIGATION 4 0 102.625 120.5 0. 158.278687 29 23 23 0 0 0
41.632 26 AIRSPEED 13.796144 14. 14. 6.
41.632 26 DESIRED -0.064575 0.027365 2.590051 139.941162 59.845844 260. 0.272638 14.
41.633 26 ATTITUDE -0.308492 2.965266 0.060849
41.683 26 GPS 3 36038787 481371301 1715 257954 1378 67 0 100720720 31 0
41.732 26 WP_MOVED 6 360164.8125 4813664.5 260. 31
41.732 26 ATTITUDE -0.283339 2.942273 0.058506
41.816 26 NAVIGATION 4 0 103.125 117.5 0. 156.336227 30 24 24 0 0 0
41.834 26 FBW_STATUS 2 0 1 12.5 8.329504
41.834 26 ESTIMATOR 257.633667 0.815749
41.835 26 DESIRED 0.017611 0.022967 2.635628 137.687073 55.121796 260. 0.248228 14.
41.835 26 ATTITUDE -0.263339 2.928277 0.056908
41.933 26 GPS_SOL 651 651 651 7
41.933 26 GPS 3 36038851 481370976 1688 258102 1380 70 0 100720959 31 0
41.934 26 SVINFO 4 11 1 4 44 89 232
41.934 26 ATTITUDE -0.233339 2.909316 0.054465
42.032 26 AIR_DATA 98271.398438 0. -1000. 1013.25 0. -1. -1.
42.033 26 CIRCLE 49.5 100.099998 70.
42.033 26 DESIRED 0.017611 0.022134 2.635628 137.687073 55.121796 260. 0.248228 14.
42.034 26 ATTITUDE -0.213339 2.898016 0.052804
42.067 26 NAVIGATION 4 0 103.78125 114.5 0. 154.534134 30 24 24 0 0 0
42.133 26 ATTITUDE -0.183339 2.883056 0.050276
42.182 26 GPS 3 36038942 481370600 1660 258266 1383 77 0 100721240 31 0
42.183 26 SVINFO 5 12 1 5 43 69 282
42.232 26 WP_MOVED 7 360558.40625 4813804.5 260. 31
42.233 26 DESIRED 0.095388 0.016198 2.687068 135.108765 50.389431 260. 0.214365 14.
42.233 26 ATTITUDE -0.163339 2.874398 0.048558
42.316 26 NAVIGATION 4 0 104.6875 110.5 0. 152.216034 30 24 24 0 0 0
42.341 26 ESTIMATOR 258.158417 0.865152
42.341 26 ATTITUDE -0.133339 2.863366 0.045944
42.440 26 CALIBRATION 0. 0
42.440 26 ENERGY 34 12.5 8.080956 101.011948 0.747701 9.346301
42.441 26 GPS 3 36039030 481370279 1645 258402 1384 73 0 100721480 31 0
42.441 26 SVINFO 6 13 1 6 42 25 332
42.441 26 DESIRED 0.198837 0.01216 2.760116 131.252441 44.274014 260. 0.193182 14.
42.441 26 ATTITUDE -0.113339 2.857306 0.044184
42.532 26 NAVIGATION 4 0 105.5625 107. 0. 152.216034 30 24 24 0 0 0
42.533 26 ATTITUDE -0.083339 2.85015 0.041516
42.565 26 NAVIGATION 4 0 105.5625 107. 0. 150.307816 30 24 24 0 0 0
42.632 26 AIRSPEED 13.856818 14. 14. 6.
42.632 26 DESIRED 0.264681 0.006905 2.828414 127.526634 39.175095 260. 0.164118 14.
42.633 26 ATTITUDE -0.063339 2.846662 0.039728
42.686 26 GPS 3 36039125 481369961 1635 258531 1385 81 0 100721720 31 0
42.733 26 WP_MOVED 8 360461.40625 4813640. 215. 31
42.734 26 ATTITUDE -0.033339 2.843347 0.03702
42.815 26 NAVIGATION 4 0 106.5 104. 0. 148.856476 31 25 25 0 0 0
42.835 26 ESTIMATOR 258.603607 0.869628
42.835 26 DESIRED 0.326953 0.003379 2.891497 124.115028 35.041573 260. 0.146482 14.
42.835 26 ATTITUDE -0.013339 2.842413 0.035205
42.934 26 GPS 3 36039222 481369643 1629 258651 1386 83 0 100721959 31 0
42.935 26 SVINFO 1 8 1 1 46 0 83
42.935 26 ATTITUDE 0.016661 2.842921 0.032472
43.015 26 FBW_STATUS 2 0 1 12.5 7.939262
43.032 26 DL_VALUE 38 0.358501
43.032 26 DESIRED 0.326953 0.003802 2.891497 124.115028 35.041573 260. 0.146482 14.
43.032 26 ATTITUDE 0.036661 2.844534 0.030647
43.065 26 NAVIGATION 4 0 107.5 101. 0. 147.503387 31 25 25 0 0 0
43.082 26 CIRCLE 49.5 100.099998 70.
43.132 26 ATTITUDE 0.066661 2.848863 0.027923
43.183 26 GPS 3 36039336 481369271 1629 258776 1387 63 0 100722240 31 0
43.183 26 SVINFO 2 9 1 2 45 28 133
43.233 26 WP_MOVED 9 360312.8125 4813652. 185. 31
43.234 26 DESIRED 0.383954 0.001143 2.956395 120.577652 31.194504 260. 0.122606 14.
43.234 26 ATTITUDE 0.086661 2.853025 0.026115
43.324 26 NAVIGATION 4 0 108.625 97.5 0. 145.964523 31 25 25 0 0 0
43.338 26 AIR_DATA 98263.546875 0. -1000. 1013.25 0. -1. -1.
43.343 26 ESTIMATOR 258.969574 0.839247
43.343 26 ATTITUDE 0.116661 2.861185 0.023431
43.434 26 GPS 3 36039430 481368951 1635 258866 1389 53 0 100722480 31 0
43.435 26 SVINFO 3 10 1 3 44 71 183
43.435 26 DESIRED 0.44372 -6.9e-05 3.032211 116.35717 27.092331 260. 0.108092 14.
43.437 26 ATTITUDE 0.136661 2.867907 0.021671
43.533 26 ENERGY 33 12.5 7.80113 97.51413 0.762248 9.52813
43.534 26 NAVIGATION 4 0 109.5625 94. 0. 145.964523 31 25 25 0 0 0
43.534 26 ATTITUDE 0.166661 2.87992 0.019078
43.566 26 NAVIGATION 4 0 109.5625 94. 0. 144.360458 31 25 25 0 0 0
43.633 26 AIRSPEED 13.921447 14. 14. 6.
43.633 26 DESIRED 0.492753 -0.001893 3.106114 112.068878 23.385361 260. 0.089175 14.
43.634 26 ATTITUDE 0.186661 2.889222 0.017391
43.682 26 GPS 3 36039519 481368629 1646 258939 1391 43 0 100722720 31 0
43.682 26 SVINFO 4 11 1 4 43 89 233
43.734 26 WP_MOVED 10 360452.8125 4813581. 260. 31
43.734 26 ATTITUDE 0.216661 2.905124 0.01492
43.816 26 NAVIGATION 4 0 110.4375 91. 0. 143.099411 32 26 26 0 0 0
43.834 26 FBW_STATUS 2 0 1 12.5 7.699379
43.834 26 ESTIMATOR 259.252533 0.779549
43.834 26 DESIRED 0.52317 -0.002448 3.170588 108.393608 20.529007 260. 0.078409 14.
43.835 26 ATTITUDE 0.236661 2.917034 0.01332
43.933 26 GPS_SOL 640 640 640 7
43.934 26 GPS 3 36039598 481368304 1663 258991 1393 33 0 100722959 31 0
43.934 26 SVINFO 5 12 1 5 42 66 283
43.934 26 ATTITUDE 0.266661 2.936875 0.010997
44.033 26 DESIRED 0.52317 -0.001329 3.170588 108.393608 20.529007 260. 0.078409 14.
44.033 26 ATTITUDE 0.286661 2.95143 0.009503
44.066 26 NAVIGATION 4 0 111.25 87.5 0. 141.537323 32 26 26 0 0 0
44.133 26 CIRCLE 49.5 100.099998 70.
44.133 26 ATTITUDE 0.316661 2.975274 0.007354
44.183 26 GPS 3 36039674 481367921 1691 259024 1397 18 0 100723240 31 0
44.183 26 SVINFO 6 13 1 6 41 22 333
44.233 26 PPRZ_MODE 2 3 3 2 0 6
44.233 26 WP_MOVED 11 360169.5 4813757.5 260. 31
44.233 26 DESIRED 0.559488 -0.002131 3.243526 104.091705 17.518242 260. 0.06523 14.
44.233 26 ATTITUDE 0.336661 2.992522 0.005981
44.317 26 NAVIGATION 4 0 111.96875 84. 0. 139.974991 32 26 26 0 0 0
44.332 26 ESTIMATOR 259.442291 0.69263
44.332 26 ATTITUDE 0.366661 3.020449 0.004021
44.431 26 GPS 3 36039723 481367588 1717 259026 1401 12 0 100723480 31 0
44.431 26 SVINFO 0 7 0 0 46 12 34
44.432 26 DESIRED 0.57351 -0.001908 3.315565 99.814789 14.844955 260. 0.058504 14.
44.432 26 ATTITUDE 0.386661 3.040451 0.002784
44.533 26 CALIBRATION 0. 0
44.533 26 DL_VALUE 39 -0.017799
44.533 26 NAVIGATION 4 0 112.5 80.5 0. 139.974991 32 26 26 0 0 0
44.533 26 ATTITUDE 0.416661 3.072558 0.001034
44.566 26 NAVIGATION 4 0 112.5 80.5 0. 138.334732 32 26 26 0 0 0
44.632 26 AIR_DATA 98260.632812 0. -1000. 1013.25 0. -1. -1.
44.632 26 ENERGY 31 12.5 7.384056 92.300705 0.776172 9.702183
44.633 26 AIRSPEED 14.076812 14. 14. 6.
44.633 26 DESIRED 0.596461 -0.001626 3.385824 95.545319 12.465363 260. 0.051768 14.
44.633 26 ATTITUDE 0.436661 3.095384 -5.6e-05
44.683 26 GPS 3 36039751 481367252 1751 259004 1405 22 0 100723720 31 0
44.732 26 WP_MOVED 0 360326. 4813637. 260. 31
44.732 26 ATTITUDE 0.466661 3.13179 -0.001579
44.816 26 NAVIGATION 4 0 112.78125 77. 0. 136.559906 33 27 27 0 0 0
44.833 26 ESTIMATOR 259.526855 0.57911
44.833 26 DESIRED 0.601085 -0.000594 3.453984 91.252563 10.340744 260. 0.049633 14.
44.833 26 ATTITUDE 0.486661 3.157526 -0.002517
44.916 26 COMMANDS 3032,730,-4,0,0
44.933 26 GPS 3 36039757 481366914 1791 258954 1410 -5 0 100723959 31 0
44.933 26 ATTITUDE 0.516661 3.19837 -0.003805
45.016 26 FBW_STATUS 2 0 1 12.5 7.221588
45.032 26 DESIRED 0.601085 0.000822 3.453984 91.252563 10.340744 260. 0.049633 14.
45.032 26 ATTITUDE 0.536661 3.227118 -0.004583
45.068 26 NAVIGATION 4 0 112.8125 73.5 0. 134.643646 33 27 27 0 0 0
45.131 26 ATTITUDE 0.566598 3.272564 -0.005628
45.183 26 CIRCLE 49.5 100.099998 70.
45.183 26 GPS 3 36039728 481366518 1849 258860 1417 -26 0 100724240 31 0
45.258 26 COMMANDS 2983,124,33,0,0
45.258 26 WP_MOVED 1 360284. 4813595. 260. 31
45.258 26 DESIRED 0.598348 0.002471 3.520389 86.921707 8.450577 260. 0.050107 14.
45.259 26 ATTITUDE 0.58622 3.304423 -0.006241
45.315 26 NAVIGATION 4 0 112.53125 70. 0. 132.526535 33 27 27 0 0 0
45.333 26 ESTIMATOR 259.492035 0.438607
45.333 26 ATTITUDE 0.613968 3.354493 -0.007035
45.445 26 GPS 3 36039670 481366182 1898 258746 1422 -52 0 100724480 31 0
45.445 26 DESIRED 0.562856 0.004295 3.584962 82.50222 6.768044 260. 0.053286 14.
45.446 26 ATTITUDE 0.630366 3.389281 -0.007479
45.538 26 NAVIGATION 4 0 111.96875 66.5 0. 132.526535 33 27 27 0 0 0
45.539 26 ATTITUDE 0.64951 3.443166 -0.008016
45.565 26 NAVIGATION 4 0 111.96875 66.5 0. 130.227692 33 27 27 0 0 0
45.632 26 AIRSPEED 14.325593 14. 14. 6.
45.632 26 DESIRED 0.552529 0.006843 3.648383 77.989563 5.293121 260. 0.062076 14.
45.632 26 ATTITUDE 0.658293 3.479915 -0.008288
45.682 26 GPS 3 36039577 481365852 1957 258600 1429 -50 0 100724720 31 0
45.735 26 ENERGY 30 12.5 6.901941 86.274269 0.789268 9.865893
45.736 26 WP_MOVED 2 360333.5 4813695. 260. 31
45.736 26 ATTITUDE 0.665046 3.535685 -0.00856
45.816 26 NAVIGATION 4 0 111. 63. 0. 127.632286 34 28 28 0 0 0
45.833 26 FBW_STATUS 2 0 1 12.5 6.831982
45.833 26 ESTIMATOR 259.324951 0.271533
45.833 26 DESIRED 0.516942 0.009068 3.710448 73.280426 4.003731 260. 0.070813 14.
45.833 26 ATTITUDE 0.665418 3.572946 -0.008656
45.936 26 GPS_SOL 629 629 629 7
45.937 26 AIR_DATA 98267.585938 0. -1000. 1013.25 0. -1. -1.
45.937 26 GPS 3 36039448 481365532 2020 258429 1435 -67 0 100724959 31 0
45.938 26 ATTITUDE 0.659575 3.628367 -0.008673
46.048 26 DL_VALUE 40 -0.
46.049 26 DESIRED 0.516942 0.009704 3.710448 73.280426 4.003731 260. 0.070813 14.
46.049 26 ATTITUDE 0.65116 3.664628 -0.008601
46.066 26 NAVIGATION 4 0 109.71875 60. 0. 125.052803 34 28 28 0 0 0
46.132 26 ATTITUDE 0.632636 3.717447 -0.008374
46.188 26 GPS 3 36039252 481365179 2099 258213 1444 -85 0 100725240 31 0
46.233 26 DATALINK_REPORT 10 7 2239 829 0 0
46.233 26 CIRCLE 49.5 100.099998 70.
46.233 26 WP_MOVED 3 360294.09375 4813785. 260. 31
46.234 26 DESIRED 0.467962 0.012294 3.762606 68.965668 3.037712 260. 0.087997 14.
46.234 26 ATTITUDE 0.615904 3.7513 -0.00814
46.316 26 NAVIGATION 4 0 107.78125 56.5 0. 121.692429 34 28 28 0 0 0
46.332 26 ALIVE 128,247,33,237,150,226,125,96,211,120,85,14,103,22,52,69
46.332 26 ESTIMATOR 259.021973 0.081959
46.332 26 ATTITUDE 0.586401 3.799622 -0.007675
46.432 26 GPS 3 36039051 481364895 2153 258037 1448 -73 0 100725480 31 0
46.432 26 SVINFO 1 8 0 1 45 2 85
46.432 26 DESIRED 0.403007 0.014227 3.82364 63.619476 2.117142 260. 0.102595 14.
46.433 26 ATTITUDE 0.566401 3.830176 -0.007297
46.479 26 WIND_INFO 26 5 0.5 -0.2 0. 14.1
46.480 26 WIND_INFO_RET 5 0.5 -0.2 0. 14.514013
46.533 26 NAVIGATION 4 0 105.78125 53.5 0. 121.692429 34 28 28 0 0 0
46.533 26 ATTITUDE 0.536401 3.873603 -0.006625
46.566 26 NAVIGATION 4 0 105.78125 53.5 0. 118.54081 34 28 28 0 0 0
46.633 26 CALIBRATION 0. 0
46.633 26 AIRSPEED 14.527508 14. 14. 6.
46.633 26 DESIRED 0.381265 0.017477 3.876987 58.774574 1.540466 260. 0.127101 14.
46.633 26 ATTITUDE 0.516401 3.900996 -0.006118
46.681 26 GPS 3 36038824 481364631 2206 257886 1451 -87 0 100725720 31 0
46.682 26 SVINFO 2 9 0 2 44 34 135
46.732 26 WP_MOVED 4 360416.3125 4813734. 260. 31
46.733 26 ATTITUDE 0.486401 3.939817 -0.005259
46.815 26 NAVIGATION 4 0 103.5 51. 0. 115.383057 35 29 29 0 0 0
46.831 26 ENERGY 29 12.5 6.591208 82.390091 0.801523 10.019071
46.832 26 ESTIMATOR 258.623413 -0.107216
46.832 26 DESIRED 0.341504 0.019486 3.922117 54.199593 1.216667 260. 0.144404 14.
46.832 26 ATTITUDE 0.466401 3.964223 -0.004628
46.933 26 GPS 3 36038576 481364386 2253 257769 1452 -80 0 100725959 31 0
46.933 26 SVINFO 3 10 0 3 43 76 185
46.933 26 ATTITUDE 0.436401 3.998674 -0.003602
47.016 26 FBW_STATUS 2 0 1 12.5 6.628798
47.032 26 DESIRED 0.341504 0.018746 3.922117 54.199593 1.216667 260. 0.144404 14.
47.032 26 ATTITUDE 0.416401 4.020233 -0.002867
47.065 26 NAVIGATION 4 0 101. 48.5 0. 112.04129 35 29 29 0 0 0
47.132 26 ATTITUDE 0.386401 4.050503 -0.001706
47.183 26 GPS 3 36038266 481364123 2303 257676 1449 -46 0 100726240 31 0
47.184 26 SVINFO 4 11 1 4 42 89 235
47.245 26 AIR_DATA 98276.359375 0. -1000. 1013.25 0. -1. -1.
47.245 26 WP_MOVED 5 360421. 4813583.5 260. 31
47.245 26 DESIRED 0.317828 0.021765 3.969405 49.40398 1.105095 260. 0.170296 14.
47.246 26 ATTITUDE 0.366401 4.069324 -0.000885
47.283 26 CIRCLE 49.5 100.099998 70.
47.316 26 NAVIGATION 4 0 97.875 46. 0. 108.145805 35 29 29 0 0 0
47.332 26 ESTIMATOR 258.217926 -0.258155
47.332 26 ATTITUDE 0.337034 4.09558 0.0004
47.432 26 GPS 3 36037987 481363916 2333 257632 1446 -35 0 100726480 31 0
47.433 26 SVINFO 5 12 1 5 41 60 285
47.433 26 DESIRED 0.285422 0.023335 4.019552 43.978039 1.259178 260. 0.18694 14.
47.433 26 ATTITUDE 0.318534 4.111842 0.001284
47.533 26 DL_VALUE 41 0.1
47.533 26 NAVIGATION 4 0 95.125 43.5 0. 108.145805 35 29 29 0 0 0
47.534 26 ATTITUDE 0.292179 4.13449 0.002648
47.568 26 NAVIGATION 4 0 95.125 43.5 0. 104.599312 35 29 29 0 0 0
47.635 26 AIRSPEED 14.399605 14. 14. 6.
47.636 26 DESIRED 0.294537 0.025827 4.072486 38.932514 1.670692 260. 0.209505 14.
47.636 26 ATTITUDE 0.276322 4.148527 0.003575
47.682 26 GPS 3 36037700 481363724 2362 257615 1441 -30 0 100726720 31 0
47.683 26 SVINFO 6 13 1 6 40 17 335
47.733 26 WP_MOVED 6 360164.8125 4813664.5 260. 31
47.733 26 ATTITUDE 0.256319 4.16824 0.005
47.816 26 NAVIGATION 4 0 92.25 41.5 0. 101.154892 36 30 30 0 0 0
47.832 26 FBW_STATUS 2 0 1 12.5 6.936981
47.832 26 ESTIMATOR 257.878937 -0.347572
47.832 26 DESIRED 0.288026 0.027056 4.118341 34.204216 2.293869 260. 0.2225 14.
47.832 26 ATTITUDE 0.245887 4.180661 0.005961
47.932 26 NAVIGATION_REF 360284 4813595 31 185.
47.932 26 GPS_SOL 616 616 616 7
47.932 26 ENERGY 30 12.5 6.992535 87.406685 0.813949 10.174396
47.933 26 GPS 3 36037405 481363544 2386 257621 1436 -35 0 100726959 31 0
47.933 26 SVINFO 0 7 0 0 45 8 36
47.933 26 ATTITUDE 0.234658 4.198521 0.007411
48.032 26 DESIRED 0.288026 0.026563 4.118341 34.204216 2.293869 260. 0.2225 14.
48.033 26 ATTITUDE 0.23002 4.210083 0.008383
48.065 26 NAVIGATION 4 0 89.28125 40. 0. 97.832214 36 30 30 0 0 0
48.133 26 ATTITUDE 0.22728 4.227205 0.009835
48.182 26 GPS 3 36037055 481363349 2412 257649 1430 -13 0 100727240 31 0
48.182 26 SVINFO 1 8 1 1 44 3 86
48.233 26 WP_MOVED 7 360558.40625 4813804.5 260. 31
48.233 26 DESIRED 0.284351 0.02871 4.157291 29.765747 3.091965 260. 0.238487 14.
48.233 26 ATTITUDE 0.228 4.238628 0.010802
48.316 26 NAVIGATION 4 0 85.8125 38. 0. 93.8498 36 30 30 0 0 0
48.332 26 CIRCLE 49.5 100.099998 70.
48.332 26 ESTIMATOR 257.648834 -0.370834
48.332 26 ATTITUDE 0.23243 4.256016 0.012241
48.433 26 GPS 3 36036750 481363194 2430 257685 1426 -6 0 100727480 31 0
48.433 26 SVINFO 2 9 1 2 43 37 136
48.433 26 DESIRED 0.292456 0.029894 4.210936 24.407036 4.338089 260. 0.246637 14.
48.433 26 ATTITUDE 0.237346 4.267899 0.013189
48.532 26 AIR_DATA 98276.257812 0. -1000. 1013.25 0. -1. -1.
48.533 26 NAVIGATION 4 0 82.78125 36.5 0. 93.8498 36 30 30 0 0 0
48.533 26 ATTITUDE 0.247366 4.286353 0.014591
48.566 26 NAVIGATION 4 0 82.78125 36.5 0. 90.470909 36 30 30 0 0 0
48.633 26 AIRSPEED 14.208622 14. 14. 6.
48.633 26 DESIRED 0.302845 0.03133 4.25573 19.933775 5.623344 260. 0.2553 14.
48.633 26 ATTITUDE 0.255361 4.299166 0.015508
48.682 26 GPS 3 36036441 481363050 2450 257728 1422 3 0 100727720 31 0
48.683 26 SVINFO 3 10 1 3 42 78 186
48.733 26 CALIBRATION 0. 0
48.733 26 WP_MOVED 8 360461.40625 4813640. 215. 31
48.733 26 ATTITUDE 0.269023 4.319273 0.016859
48.817 26 NAVIGATION 4 0 79.65625 35. 0. 87.006424 37 31 31 0 0 0
48.834 26 ESTIMATOR 257.532806 -0.340173
48.834 26 DESIRED 0.311151 0.032119 4.303518 15.406361 7.161179 260. 0.258809 14.
48.835 26 ATTITUDE 0.27882 4.333325 0.017741
48.932 26 GPS 3 36036126 481362919 2472 257774 1418 7 0 100727959 31 0
48.933 26 SVINFO 4 11 0 4 41 88 236
48.933 26 ATTITUDE 0.294034 4.355424 0.019033
49.016 26 FBW_STATUS 2 0 1 12.5 7.333755
49.032 26 DL_VALUE 42 0.15
49.032 26 ENERGY 31 12.5 7.333755 91.671944 0.827144 10.339336
49.032 26 DESIRED 0.311151 0.03245 4.303518 15.406361 7.161179 260. 0.258809 14.
49.033 26 ATTITUDE 0.304342 4.370856 0.019873
49.067 26 NAVIGATION 4 0 76.53125 33.5 0. 83.542099 37 31 31 0 0 0
49.132 26 PPRZ_MODE 2 3 3 2 0 6
49.132 26 ATTITUDE 0.319144 4.395033 0.021095
49.182 26 GPS 3 36035754 481362783 2502 257829 1415 3 0 100728240 31 0
49.183 26 SVINFO 5 12 1 5 40 57 286
49.233 26 WP_MOVED 9 360312.8125 4813652. 185. 31
49.234 26 DESIRED 0.318475 0.033128 4.353631 10.964352 8.913353 260. 0.261114 14.
49.234 26 ATTITUDE 0.328367 4.411802 0.021883
49.315 26 NAVIGATION 4 0 72.78125 32.5 0. 79.70797 37 31 31 0 0 0
49.333 26 ESTIMATOR 257.514221 -0.274346
49.334 26 ATTITUDE 0.340773 4.437846 0.023022
49.382 26 CIRCLE 49.5 100.099998 70.
49.432 26 GPS 3 36035429 481362684 2530 257875 1413 3 0 100728480 31 0
49.432 26 SVINFO 6 13 1 6 39 15 336
49.432 26 DESIRED 0.310539 0.033359 4.402092 6.109009 11.121223 260. 0.260758 14.
49.432 26 ATTITUDE 0.347759 4.455729 0.023752
49.533 26 NAVIGATION 4 0 69.53125 31.5 0. 79.70797 37 31 31 0 0 0
49.534 26 ATTITUDE 0.355717 4.483161 0.024799
49.566 26 NAVIGATION 4 0 69.53125 31.5 0. 76.333771 37 31 31 0 0 0
49.633 26 AIRSPEED 14.1181 14. 14. 6.
49.633 26 DESIRED 0.308828 0.033134 4.449209 1.926723 13.285347 260. 0.258124 14.
49.634 26 ATTITUDE 0.359254 4.501743 0.025465
49.683 26 GPS 3 36035100 481362603 2560 257919 1412 -15 0 100728720 31 0
49.733 26 WP_MOVED 10 360452.8125 4813581. 260. 31
49.733 26 ATTITUDE 0.361874 4.529856 0.026409
49.815 26 NAVIGATION 4 0 66.25 30.5 0. 72.933617 38 32 32 0 0 0
49.831 26 FBW_STATUS 2 0 1 12.5 7.410715
49.831 26 AIR_DATA 98273.53125 0. -1000. 1013.25 0. -1. -1.
49.832 26 ESTIMATOR 257.567047 -0.19225
49.832 26 DESIRED 0.304741 0.032727 4.498889 -2.178257 15.664474 260. 0.255217 14.
49.832 26 ATTITUDE 0.361895 4.548645 0.027002
49.916 26 COMMANDS 3077,-346,18,0,0
49.932 26 GPS_SOL 603 603 603 7
49.932 26 GPS 3 36034768 481362540 2592 257964 1411 -27 0 100728959 31 0
49.932 26 ATTITUDE 0.359517 4.576715 0.027833
50.034 26 DESIRED 0.304741 0.032616 4.498889 -2.178257 15.664474 260. 0.255217 14.
50.053 26 ATTITUDE 0.356447 4.595253 0.028347
50.085 26 NAVIGATION 4 0 62.9375 30. 0. 69.721794 38 32 32 0 0 0
50.135 26 ENERGY 32 12.5 7.401827 92.522835 0.840699 10.508775
50.136 26 ATTITUDE 0.349939 4.622651 0.029056
50.183 26 GPS 3 36034432 481362495 2630 258010 1409 -43 0 100729200 31 0
50.231 26 COMMANDS 3076,-331,-2,0,0
50.232 26 WP_MOVED 11 360169.5 4813757.5 260. 31
50.232 26 DESIRED 0.292311 0.031502 4.542655 -6.069912 18.173294 260. 0.249378 14.
50.232 26 ATTITUDE 0.344264 4.64056 0.029486
50.316 26 NAVIGATION 4 0 59.5625 29.5 0. 66.467598 38 32 32 0 0 0
50.332 26 ESTIMATOR 257.665375 -0.108456
50.332 26 ATTITUDE 0.334326 4.666769 0.030065
50.446 26 CIRCLE 49.5 100.099998 70.
50.446 26 GPS 3 36034039 481362467 2658 258069 1408 -33 0 100729480 31 0
50.446 26 DESIRED 0.274977 0.030484 4.589576 -9.922485 20.92318 260. 0.244902 14.
50.446 26 ATTITUDE 0.326992 4.683762 0.030406
50.533 26 DL_VALUE 43 0.069
50.533 26 NAVIGATION 4 0 55.65625 29. 0. 66.467598 38 32 32 0 0 0
50.533 26 ATTITUDE 0.31475 4.708443 0.03085
50.566 26 NAVIGATION 4 0 55.65625 29. 0. 62.758411 38 32 32 0 0 0
50.633 26 AIRSPEED 14.071242 14. 14. 6.
50.633 26 DESIRED 0.286823 0.028831 4.645531 -14.200649 24.322517 260. 0.236781 14.
50.633 26 ATTITUDE 0.306201 -1.558856 0.031101
50.682 26 GPS 3 36033701 481362461 2690 258127 1407 -16 0 100729720 31 0
50.732 26 WP_MOVED 0 360326. 4813637. 260. 31
50.733 26 ATTITUDE 0.293942 -1.535861 0.031405
50.816 26 NAVIGATION 4 0 52.25 29. 0. 59.758369 39 33 33 0 0 0
50.832 26 CALIBRATION 0. 0
50.833 26 ESTIMATOR 257.800323 -0.026948
50.833 26 DESIRED 0.271765 0.027485 4.690203 -17.742271 27.446869 260. 0.230746 14.
50.833 26 ATTITUDE 0.286547 -1.52104 0.031558
50.933 26 GPS 3 36033364 481362472 2717 258192 1406 -15 0 100729959 31 0
50.933 26 ATTITUDE 0.276663 -1.49948 0.031717
51.017 26 FBW_STATUS 2 0 1 12.5 7.425537
51.033 26 DESIRED 0.271765 0.027091 4.690203 -17.742271 27.446869 260. 0.230746 14.
51.034 26 ATTITUDE 0.27078 -1.485509 0.031775
51.066 26 NAVIGATION 4 0 48.875 29. 0. 56.831028 39 33 33 0 0 0
51.132 26 AIR_DATA 98270.351562 0. -1000. 1013.25 0. -1. -1.
51.133 26 ATTITUDE 0.263318 -1.465065 0.031792
51.183 26 GPS 3 36032972 481362503 2748 258276 1403 -7 0 100730240 31 0
51.183 26 SVINFO 6 13 1 6 38 12 337
51.232 26 ENERGY 32 12.5 7.425537 92.819214 0.854292 10.678668
51.233 26 WP_MOVED 1 360284. 4813595. 260. 31
51.233 26 DESIRED 0.275559 0.025276 4.736931 -21.11261 30.71801 260. 0.220848 14.
51.233 26 ATTITUDE 0.259484 -1.45171 0.031754
51.316 26 NAVIGATION 4 0 44.96875 29.5 0. 53.781395 39 33 33 0 0 0
51.333 26 DATALINK_REPORT 5 8 2436 856 0 0
51.335 26 ESTIMATOR 257.965149 0.049925
51.336 26 ATTITUDE 0.255537 -1.43196 0.031628
51.431 26 AUTOPILOT_VERSION 51500 v5.15_devel-179-g9a29798-dirty
51.431 26 ALIVE 128,247,33,237,150,226,125,96,211,120,85,14,103,22,52,69
51.432 26 GPS 3 36032638 481362544 2770 258352 1402 4 0 100730480 31 0
51.432 26 SVINFO 0 7 0 0 44 5 38
51.432 26 DESIRED 0.269458 0.023936 4.787129 -24.839783 34.727249 260. 0.213456 14.
51.432 26 ATTITUDE 0.254076 -1.418909 0.031502
51.482 26 CIRCLE 49.5 100.099998 70.
51.532 26 NAVIGATION 4 0 41.65625 30. 0. 53.781395 39 33 33 0 0 0
51.533 26 ATTITUDE 0.253302 -1.399399 0.031247
51.566 26 NAVIGATION 4 0 41.65625 30. 0. 51.334621 39 33 33 0 0 0
51.633 26 AIRSPEED 13.998498 14. 14. 6.
51.634 26 DESIRED 0.278229 0.022031 4.831497 -27.849846 38.318115 260. 0.201675 14.
51.634 26 ATTITUDE 0.253671 -1.386381 0.031039
51.682 26 GPS 3 36032306 481362598 2792 258430 1400 19 0 100730720 31 0
51.682 26 SVINFO 1 8 0 1 43 6 88
51.732 26 WP_MOVED 2 360333.5 4813695. 260. 31
51.733 26 ATTITUDE 0.255754 -1.366734 0.030664
51.816 26 NAVIGATION 4 0 38.28125 30.5 0. 48.94593 40 34 34 0 0 0
51.833 26 FBW_STATUS 2 0 1 12.5 7.449261
51.833 26 ESTIMATOR 258.155853 0.121213
51.833 26 DESIRED 0.28477 0.020754 4.879323 -30.747421 42.131462 260. 0.193451 14.
51.833 26 ATTITUDE 0.258074 -1.353496 0.030376
51.933 26 GPS_SOL 589 589 589 7
51.933 26 GPS 3 36031977 481362665 2815 258506 1398 24 0 100730960 31 0
51.933 26 SVINFO 2 9 1 2 42 43 138
51.933 26 ATTITUDE 0.262794 -1.33334 0.02989
52.032 26 DL_VALUE 44 0.01
52.033 26 DESIRED 0.28477 0.020804 4.879323 -30.747421 42.131462 260. 0.193451 14.
52.033 26 ATTITUDE 0.266693 -1.319654 0.029532
52.065 26 NAVIGATION 4 0 35. 31. 0. 46.754681 40 34 34 0 0 0
52.133 26 ATTITUDE 0.273355 -1.298686 0.028951
52.183 26 GPS 3 36031597 481362759 2845 258591 1397 8 0 100731240 31 0
52.183 26 SVINFO 3 10 1 3 41 82 188
52.232 26 WP_MOVED 3 360294.09375 4813785. 260. 31
52.233 26 DESIRED 0.291983 0.019041 4.927871 -33.383705 45.967831 260. 0.180831 14.
52.233 26 ATTITUDE 0.278285 -1.284384 0.028531
52.316 26 NAVIGATION 4 0 31.21875 32. 0. 44.705822 40 34 34 0 0 0
52.332 26 ENERGY 32 12.5 7.434431 92.930389 0.867929 10.84913
52.333 26 ESTIMATOR 258.359131 0.182548
52.333 26 ATTITUDE 0.286065 -1.262409 0.027863
52.432 26 AIR_DATA 98264.921875 0. -1000. 1013.25 0. -1. -1.
52.432 26 GPS 3 36031276 481362855 2866 258658 1396 9 0 100731480 31 0
52.432 26 SVINFO 4 11 1 4 40 86 238
52.432 26 DESIRED 0.288912 0.017916 4.981954 -36.255119 50.642345 260. 0.172127 14.
52.432 26 ATTITUDE 0.291246 -1.247406 0.027395
52.532 26 CIRCLE 49.5 100.099998 70.
52.533 26 NAVIGATION 4 0 28. 33. 0. 44.705822 40 34 34 0 0 0
52.533 26 ATTITUDE 0.298545 -1.224395 0.026661
52.566 26 NAVIGATION 4 0 28. 33. 0. 43.278172 40 34 34 0 0 0
52.632 26 AIRSPEED 13.96948 14. 14. 6.
52.633 26 DESIRED 0.300977 0.016178 5.029047 -38.521149 54.797924 260. 0.15929 14.
52.633 26 ATTITUDE 0.30292 -1.208745 0.026155
52.682 26 GPS 3 36030959 481362965 2891 258717 1396 -10 0 100731720 31 0
52.683 26 SVINFO 5 12 1 5 39 51 288
52.732 26 WP_MOVED 4 360416.3125 4813734. 260. 31
52.733 26 ATTITUDE 0.309033 -1.184849 0.025367
