2.779 26 NAVIGATION 2 1 0. 0. 0. 0. 0 11 11 1 0 0
2.795 26 FBW_STATUS 2 0 1 12.5 -4e-06
2.796 26 ESTIMATOR 185. 0.
2.796 26 DESIRED 0. 0. 0. 0. 0. 235. 0. 14.
2.796 26 ATTITUDE 0. 0. 0.
2.895 26 GPS_SOL 648 648 648 7
2.895 26 GPS 3 36028477 481359546 899 185000 0 21 0 100616960 31 0
2.896 26 SVINFO 0 7 0 0 47 75 12
2.896 26 ATTITUDE 0. 0. 0.
2.911 26 WIND_INFO 26 5 0. 0. 0. 0.
2.911 26 WIND_INFO_RET 5 0. 0. 0. 0.
2.996 26 DESIRED 0. 0. 0. 0. 0. 235. 0. 14.
2.997 26 ATTITUDE 0. 0. 0.
3.029 26 NAVIGATION 2 1 0. 0. 0. 0. 0 11 11 1 0 0
3.096 26 ENERGY 0 12.5 -4e-06 -4.8e-05 -0. -2e-06
3.096 26 ATTITUDE 0. 0. 0.
3.146 26 GPS 3 36028477 481359546 899 185000 0 17 0 100617240 31 0
3.147 26 SVINFO 1 8 0 1 48 32 62
3.196 26 WP_MOVED 7 360558.40625 4813804.5 260. 31
3.197 26 DESIRED 0. 0. 0. 0. 0. 235. 0. 14.
3.197 26 ATTITUDE 0. 0. 0.
3.280 26 NAVIGATION 2 1 0. 0. 0. 0. 0 11 11 1 0 0
3.296 26 ESTIMATOR 185. 0.
3.296 26 ATTITUDE 0. 0. 0.
3.396 26 GPS 3 36028477 481359546 899 185000 0 15 0 100617480 31 0
3.396 26 DESIRED 0. 0. 0. 0. 0. 235. 0. 14.
3.396 26 ATTITUDE 0. 0. 0.
3.497 26 NAVIGATION 2 1 0. 0. 0. 0. 0 11 11 1 0 0
3.497 26 ATTITUDE 0. 0. 0.
3.530 26 NAVIGATION 2 1 0. 0. 0. 0. 0 11 11 1 0 0
3.596 26 AIRSPEED 0. 14. 0. 6.
3.597 26 DESIRED 0. 0. 0. 0. 0. 235. 0. 14.
3.597 26 ATTITUDE 0. 0. 0.
3.646 26 GPS 3 36028477 481359546 899 185000 0 16 0 100617720 31 0
3.647 26 SVINFO 3 10 0 3 49 11 162
3.697 26 CALIBRATION 0. 0
3.697 26 WP_MOVED 8 360461.40625 4813640. 215. 31
3.697 26 ATTITUDE 0. 0. 0.
3.778 26 NAVIGATION 2 1 0. 0. 0. 0. 0 12 12 1 0 0
3.795 26 ESTIMATOR 185. 0.
3.796 26 DESIRED 0. 0. 0. 0. 0. 235. 0. 14.
3.796 26 ATTITUDE 0. 0. 0.
3.896 26 AIR_DATA 99126.804688 0. -1000. 1013.25 0. -1. -1.
3.896 26 GPS 3 36028477 481359546 899 185000 0 -2 0 100617960 31 0
3.897 26 ATTITUDE 0. 0. 0.
3.979 26 FBW_STATUS 2 0 1 12.5 -4e-06
3.996 26 AUTOPILOT_VERSION 51500 v5.15_devel-179-g9a29798-dirty
3.996 26 DL_VALUE 14 3.
3.997 26 DESIRED 0. 0. 0. 0. 0. 235. 0. 14.
3.997 26 ATTITUDE 0. 0. 0.
4.029 26 NAVIGATION 2 1 0. 0. 0. 0. 0 12 12 1 0 0
4.096 26 ATTITUDE 0. 0. 0.
4.146 26 GPS 3 36028477 481359546 899 185000 0 4 0 100618240 31 0
4.196 26 ENERGY 0 12.5 -4e-06 -4.8e-05 -0. -2e-06
4.196 26 WP_MOVED 9 360312.8125 4813652. 185. 31
4.196 26 DESIRED 0. 0. 0. 0. 0. 235. 0. 14.
4.197 26 ATTITUDE 0. 0. 0.
4.278 26 NAVIGATION 2 1 0. 0. 0. 0. 0 12 12 1 0 0
4.297 26 ESTIMATOR 185. 0.
4.298 26 ATTITUDE 0. 0. 0.
4.396 26 GPS 3 36028477 481359546 899 185000 0 0 0 100618480 31 0
4.397 26 DESIRED 0. 0. 0. 0. 0. 235. 0. 14.
4.397 26 ATTITUDE 0. 0. 0.
4.496 26 NAVIGATION 2 1 0. 0. 0. 0. 0 12 12 1 0 0
4.496 26 ATTITUDE 0. 0. 0.
4.529 26 NAVIGATION 2 1 0. 0. 0. 0. 0 12 12 1 0 0
4.596 26 AIRSPEED 0. 14. 0. 6.
4.597 26 DESIRED 0. 0. 0. 0. 0. 235. 0. 14.
4.597 26 ATTITUDE 0. 0. 0.
4.647 26 GPS 3 36028477 481359546 899 185000 0 9 0 100618720 31 0
4.696 26 WP_MOVED 10 360452.8125 4813581. 260. 31
4.697 26 ATTITUDE 0. 0. 0.
4.778 26 NAVIGATION 2 1 0. 0. 0. 0. 0 13 13 1 0 0
4.796 26 FBW_STATUS 2 0 1 12.5 -4e-06
4.796 26 ESTIMATOR 185. 0.
4.796 26 DESIRED 0. 0. 0. 0. 0. 235. 0. 14.
4.796 26 ATTITUDE 0. 0. 0.
4.897 26 GPS_SOL 659 659 659 7
4.897 26 GPS 3 36028477 481359546 899 185000 0 4 0 100618960 31 0
4.897 26 ATTITUDE 0. 0. 0.
4.996 26 DESIRED 0. 0. 0. 0. 0. 235. 0. 14.
4.996 26 ATTITUDE 0. 0. 0.
5.029 26 NAVIGATION 2 1 0. 0. 0. 0. 0 13 13 1 0 0
5.095 26 ATTITUDE 0. 0. 0.
5.147 26 GPS 3 36028477 481359546 899 185000 0 -2 0 100619240 31 0
5.147 26 SVINFO 2 9 0 2 49 1 113
5.196 26 AIR_DATA 99126.804688 0. -1000. 1013.25 0. -1. -1.
5.196 26 WP_MOVED 11 360169.5 4813757.5 260. 31
5.197 26 DESIRED 0. 0. 0. 0. 0. 235. 0. 14.
5.197 26 ATTITUDE 0. 0. 0.
5.280 26 NAVIGATION 2 1 0. 0. 0. 0. 0 13 13 1 0 0
5.296 26 ENERGY 0 12.5 -4e-06 -4.8e-05 -0. -2e-06
5.296 26 ESTIMATOR 185. 0.
5.296 26 ATTITUDE 0. 0. 0.
5.396 26 GPS 3 36028477 481359546 899 185000 0 -1 0 100619480 31 0
5.396 26 DESIRED 0. 0. 0. 0. 0. 235. 0. 14.
5.396 26 ATTITUDE 0. 0. 0.
5.497 26 DL_VALUE 15 50.
5.497 26 NAVIGATION 2 1 0. 0. 0. 0. 0 13 13 1 0 0
5.497 26 ATTITUDE 0. 0. 0.
5.530 26 NAVIGATION 2 1 0. 0. 0. 0. 0 13 13 1 0 0
5.596 26 AIRSPEED 0. 14. 0. 6.
5.597 26 DESIRED 0. 0. 0. 0. 0. 235. 0. 14.
5.597 26 ATTITUDE 0. 0. 0.
5.646 26 GPS 3 36028477 481359546 899 185000 0 21 0 100619720 31 0
5.696 26 WP_MOVED 0 360326. 4813637. 260. 31
5.697 26 ATTITUDE 0. 0. 0.
5.780 26 NAVIGATION 2 1 0. 0. 0. 0. 0 14 14 1 0 0
5.796 26 CALIBRATION 0. 0
5.796 26 ESTIMATOR 185. 0.
5.796 26 DESIRED 0. 0. 0. 0. 0. 235. 0. 14.
5.796 26 ATTITUDE 0. 0. 0.
5.897 26 GPS 3 36028477 481359546 899 185000 0 9 0 100619960 31 0
5.897 26 ATTITUDE 0. 0. 0.
5.980 26 FBW_STATUS 2 0 1 12.5 -4e-06
5.996 26 DESIRED 0. 0. 0. 0. 0. 235. 0. 14.
5.997 26 ATTITUDE 0. 0. 0.
6.030 26 NAVIGATION 2 1 0. 0. 0. 0. 0 14 14 1 0 0
6.096 26 ATTITUDE 0. 0. 0.
6.146 26 GPS 3 36028477 481359546 899 185000 0 24 0 100620240 31 0
6.196 26 WP_MOVED 1 360284. 4813595. 260. 31
6.197 26 DESIRED 0. 0. 0. 0. 0. 235. 0. 14.
6.197 26 ATTITUDE 0. 0. 0.
6.279 26 NAVIGATION 2 1 0. 0. 0. 0. 0 14 14 1 0 0
6.295 26 ESTIMATOR 185. 0.
6.296 26 ATTITUDE 0. 0. 0.
6.396 26 ENERGY 0 12.5 -4e-06 -4.8e-05 -0. -2e-06
6.396 26 GPS 3 36028477 481359546 899 185000 0 8 0 100620480 31 0
6.397 26 SVINFO 0 7 0 0 48 70 14
6.397 26 DESIRED 0. 0. 0. 0. 0. 235. 0. 14.
6.397 26 ATTITUDE 0. 0. 0.
6.496 26 AIR_DATA 99126.804688 0. -1000. 1013.25 0. -1. -1.
6.496 26 NAVIGATION 2 1 0. 0. 0. 0. 0 14 14 1 0 0
6.497 26 ATTITUDE 0. 0. 0.
6.530 26 NAVIGATION 2 1 0. 0. 0. 0. 0 14 14 1 0 0
6.596 26 AIRSPEED 0. 14. 0. 6.
6.596 26 DESIRED 0. 0. 0. 0. 0. 235. 0. 14.
6.596 26 ATTITUDE 0. 0. 0.
6.646 26 GPS 3 36028477 481359546 899 185000 0 23 0 100620720 31 0
6.696 26 WP_MOVED 2 360333.5 4813695. 260. 31
6.697 26 ATTITUDE 0. 0. 0.
6.779 26 NAVIGATION 2 1 0. 0. 0. 0. 0 15 15 1 0 0
6.796 26 FBW_STATUS 2 0 1 12.5 -4e-06
6.796 26 ESTIMATOR 185. 0.
6.796 26 DESIRED 0. 0. 0. 0. 0. 235. 0. 14.
6.796 26 ATTITUDE 0. 0. 0.
6.879 26 COMMANDS 0,0,0,0,0
6.895 26 PPRZ_MODE 2 1 2 0 0 6
6.896 26 GPS_SOL 668 668 668 7
6.896 26 GPS 3 36028477 481359546 899 185000 0 12 0 100620960 31 0
6.896 26 ATTITUDE 0. 0. 0.
6.996 26 DL_VALUE 16 50.
6.996 26 DESIRED 0. 0. 0. 0. 0. 235. 0. 14.
6.996 26 ATTITUDE 0. 0. 0.
7.030 26 NAVIGATION 2 1 0. 0. 0. 0. 0 15 15 1 0 0
7.096 26 ATTITUDE 0. 0. 0.
7.146 26 GPS 3 36028477 481359546 899 185000 0 -5 0 100621240 31 0
7.196 26 COMMANDS 0,0,0,0,0
7.196 26 WP_MOVED 3 360294.09375 4813785. 260. 31
7.197 26 DESIRED 0. 0. 0. 0. 0. 235. 0. 14.
7.197 26 ATTITUDE 0. 0. 0.
7.280 26 NAVIGATION 2 1 0. 0. 0. 0. 0 15 15 1 0 0
7.298 26 ESTIMATOR 185. 0.
7.299 26 ATTITUDE 0. 0. 0.
7.396 26 GPS 3 36028477 481359546 899 185000 0 1 0 100621480 31 0
7.396 26 DESIRED 0. 0. 0. 0. 0. 235. 0. 14.
7.397 26 ATTITUDE 0. 0. 0.
7.496 26 DATALINK_REPORT 4 2 936 818 0 0
7.496 26 ENERGY 0 12.5 -4e-06 -4.8e-05 -0. -2e-06
7.497 26 NAVIGATION 2 1 0. 0. 0. 0. 0 15 15 1 0 0
7.497 26 ATTITUDE 0. 0. 0.
7.529 26 NAVIGATION 2 1 0. 0. 0. 0. 0 15 15 1 0 0
7.596 26 ALIVE 128,247,33,237,150,226,125,96,211,120,85,14,103,22,52,69
7.597 26 AIRSPEED 0. 14. 0. 6.
7.597 26 DESIRED 0. 0. 0. 0. 0. 235. 0. 14.
7.597 26 ATTITUDE 0. 0. 0.
7.646 26 GPS 3 36028477 481359546 899 185000 0 -13 0 100621720 31 0
7.695 26 WP_MOVED 4 360416.3125 4813734. 260. 31
7.695 26 ATTITUDE 0. 0. 0.
7.780 26 NAVIGATION 2 1 0. 0. 0. 0. 0 16 16 1 0 0
7.795 26 AIR_DATA 99126.804688 0. -1000. 1013.25 0. -1. -1.
7.795 26 ESTIMATOR 185. 0.
7.796 26 DESIRED 0. 0. 0. 0. 0. 235. 0. 14.
7.796 26 ATTITUDE 0. 0. 0.
7.896 26 CALIBRATION 0. 0
7.896 26 GPS 3 36028477 481359546 899 185000 0 -1 0 100621960 31 0
7.897 26 ATTITUDE 0. 0. 0.
7.980 26 FBW_STATUS 2 0 1 12.5 -4e-06
7.996 26 DESIRED 0. 0. 0. 0. 0. 235. 0. 14.
7.996 26 ATTITUDE 0. 0. 0.
8.014 26 SETTING 10 26 1.
8.014 26 DL_VALUE 10 1.
8.028 26 NAVIGATION 2 1 0. 0. 0. 0. 0 16 16 1 0 0
8.096 26 ATTITUDE 0. 0. 0.
8.146 26 GPS 3 36028477 481359546 899 185000 0 -8 0 100622240 31 0
8.196 26 WP_MOVED 5 360421. 4813583.5 260. 31
8.196 26 DESIRED 0. 0. 0. 0. 0. 235. 0. 14.
8.196 26 ATTITUDE 0. 0. 0.
8.281 26 NAVIGATION 2 1 0. 0. 0. 0. 0 16 16 1 0 0
8.296 26 ESTIMATOR 185. 0.
8.296 26 ATTITUDE 0. 0. 0.
8.397 26 GPS 3 36028477 481359546 899 185000 0 -16 0 100622480 31 0
8.398 26 SVINFO 1 8 0 1 49 23 65
8.398 26 DESIRED 0. 0. 0. 0. 0. 235. 0. 14.
8.399 26 ATTITUDE 0. 0. 0.
8.497 26 DL_VALUE 17 0.
8.498 26 NAVIGATION 2 1 0. 0. 0. 0. 0 16 16 1 0 0
8.498 26 ATTITUDE 0. 0. 0.
8.530 26 NAVIGATION 2 1 0. 0. 0. 0. 0 16 16 1 0 0
8.596 26 ENERGY 0 12.5 -4e-06 -4.8e-05 -0. -2e-06
8.597 26 AIRSPEED 0. 14. 0. 6.
8.597 26 DESIRED 0. 0. 0. 0. 0. 235. 0. 14.
8.597 26 ATTITUDE 0. 0. 0.
8.646 26 GPS 3 36028477 481359546 899 185000 0 -4 0 100622720 31 0
8.696 26 WP_MOVED 6 360164.8125 4813664.5 260. 31
8.697 26 ATTITUDE 0. 0. 0.
8.779 26 NAVIGATION 2 1 0. 0. 0. 0. 0 17 17 1 0 0
8.796 26 FBW_STATUS 2 0 1 12.5 -4e-06
8.796 26 ESTIMATOR 185. 0.
8.797 26 DESIRED 0. 0. 0. 0. 0. 235. 0. 14.
8.797 26 ATTITUDE 0. 0. 0.
8.896 26 NAVIGATION_REF 360284 4813595 31 185.
8.896 26 GPS_SOL 676 676 676 7
8.896 26 GPS 3 36028477 481359546 899 185000 0 3 0 100622960 31 0
8.897 26 ATTITUDE 0. 0. 0.
8.948 26 BLOCK 3 26
8.948 26 NAVIGATION 3 0 0. 0. 0. 0. 0 0 0 1 0 0
8.996 26 DESIRED 0. 0. 0. 0. 0. 235. 0. 14.
8.996 26 ATTITUDE 0. 0. 0.
9.029 26 NAVIGATION 3 2 0. 0. 198.624115 0. 0 0 0 0 0 0
9.095 26 AIR_DATA 99126.804688 0. -1000. 1013.25 0. -1. -1.
9.095 26 ATTITUDE -0.003615 -9.1e-05 0.000296
9.146 26 GPS 3 36028477 481359546 899 185000 0 -21 0 100623240 31 0
9.195 26 WP_MOVED 7 360558.40625 4813804.5 260. 31
9.196 26 DESIRED -0.508721 0.262162 5.668788 -114.5 162.300003 235. 0. 14.
9.196 26 ATTITUDE -0.020794 -0.000872 0.001756
9.280 26 NAVIGATION 3 2 0. 0. 198.624115 0. 0 0 0 0 0 0
9.295 26 ESTIMATOR 185. 0.
9.296 26 ATTITUDE -0.050794 -0.003816 0.006049
9.396 26 GPS 3 36028476 481359896 3599 185014 1458 -16 0 100623480 31 0
9.396 26 DESIRED -0.324402 0.263035 5.668788 -114.5 162.300003 235. 0. 14.
9.397 26 ATTITUDE -0.070794 -0.00691 0.010247
9.495 26 NAVIGATION 3 2 0. 3.5 198.624115 0. 0 0 0 0 0 0
9.496 26 ATTITUDE -0.100794 -0.013183 0.01842
9.529 26 NAVIGATION 3 2 0. 3.5 195.774597 3.5 0 0 0 0 0 0
9.596 26 AIRSPEED 15.814307 14. 0. 6.
9.597 26 DESIRED -0.521647 0.263908 5.658483 -114.5 162.300003 235. 0. 14.
9.597 26 ATTITUDE -0.120794 -0.018427 0.025032
9.646 26 GPS 3 36028473 481360266 3594 185100 1541 2 0 100623720 31 0
9.696 26 ENERGY 88 12.5 27.672886 345.911072 0.02921 0.365126
9.697 26 WP_MOVED 8 360461.40625 4813640. 215. 31
9.697 26 ATTITUDE -0.150794 -0.027849 0.036531
9.779 26 TAKEOFF 27
9.779 26 NAVIGATION 3 2 -0.03125 7. 192.927933 7.00007 1 1 1 0 0 0
9.795 26 ESTIMATOR 185.020813 0.009411
9.795 26 DESIRED -0.551049 0.26478 5.648004 -114.5 162.300003 235. 0. 14.
9.795 26 ATTITUDE -0.170794 -0.035158 0.045145
9.895 26 GPS 3 36028462 481360651 3584 185300 1604 50 0 100623960 31 0
9.896 26 SVINFO 0 7 0 0 49 64 16
9.896 26 ATTITUDE -0.200794 -0.047653 0.0593
9.979 26 FBW_STATUS 2 0 1 12.5 27.672886
9.996 26 CALIBRATION 0. 0
9.996 26 DL_VALUE 18 1.
9.996 26 DESIRED -0.551049 0.265653 5.648004 -114.5 162.300003 235. 0. 14.
9.996 26 ATTITUDE -0.220794 -0.057003 0.06944
10.029 26 NAVIGATION 3 2 -0.125 11. 189.666367 11.00071 1 1 1 0 0 0
10.096 26 ATTITUDE -0.250794 -0.072566 0.085505
10.146 26 GPS 3 36028438 481361114 3568 185708 1656 153 0 100624240 31 0
10.195 26 WP_MOVED 9 360312.8125 4813652. 185. 31
10.195 26 DESIRED -0.567823 0.266526 5.635888 -114.5 162.300003 235. 0. 14.
10.196 26 ATTITUDE -0.270794 -0.083977 0.096651
10.286 26 NAVIGATION 3 2 -0.34375 15.5 185.962067 15.503811 1 1 1 0 0 0
10.295 26 ESTIMATOR 185.210205 0.090841
10.295 26 ATTITUDE -0.300794 -0.102669 0.113829
10.396 26 AIR_DATA 99112.484375 0. -1000. 1013.25 0. -1. -1.
10.396 26 GPS 3 36028403 481361516 3549 186219 1684 214 0 100624480 31 0
10.396 26 DESIRED -0.569424 0.267398 5.622233 -114.5 162.300003 235. 0. 14.
10.396 26 ATTITUDE -0.320794 -0.116197 0.125473
10.495 26 NAVIGATION 3 2 -0.71875 19.5 185.962067 15.503811 1 1 1 0 0 0
10.496 26 ATTITUDE -0.350794 -0.138125 0.143044
10.530 26 NAVIGATION 3 2 -0.71875 19.5 182.587006 19.513241 1 1 1 0 0 0
10.596 26 AIRSPEED 17.059456 14. 0. 6.
10.597 26 DESIRED -0.557433 0.268271 5.610406 -114.5 162.300003 235. 0. 14.
10.597 26 ATTITUDE -0.370794 -0.153857 0.154715
10.645 26 GPS 3 36028351 481361921 3527 186881 1700 275 0 100624720 31 0
10.696 26 WP_MOVED 10 360452.8125 4813581. 260. 31
10.696 26 ATTITUDE -0.400794 -0.179172 0.171998
10.779 26 NAVIGATION 3 2 -1.21875 23.5 179.159378 23.531582 2 2 2 0 0 0
10.796 26 FBW_STATUS 2 0 1 12.5 27.672886
10.796 26 ENERGY 88 12.5 27.672886 345.911072 0.079944 0.999295
10.796 26 ESTIMATOR 185.773041 0.315991
10.797 26 DESIRED -0.53315 0.269144 5.598676 -114.5 162.300003 235. 0. 14.
10.797 26 ATTITUDE -0.420794 -0.197222 0.183273
10.895 26 GPS_SOL 683 683 683 7
10.895 26 GPS 3 36028280 481362325 3499 187687 1706 346 0 100624960 31 0
10.896 26 ATTITUDE -0.450794 -0.226114 0.199685
10.996 26 DESIRED -0.53315 0.270016 5.598676 -114.5 162.300003 235. 0. 14.
10.996 26 ATTITUDE -0.470794 -0.246621 0.210216
11.030 26 NAVIGATION 3 2 -1.9375 28. 175.233582 28.066954 2 2 2 0 0 0
11.095 26 ATTITUDE -0.500485 -0.279308 0.225299
11.149 26 GPS 3 36028168 481362788 3461 188788 1704 415 0 100625240 31 0
11.195 26 WP_MOVED 11 360169.5 4813757.5 260. 31
11.195 26 DESIRED -0.498519 0.270856 5.585616 -114.5 162.300003 235. 0. 14.
11.195 26 ATTITUDE -0.51889 -0.302359 0.234823
11.279 26 NAVIGATION 3 2 -3.0625 32.5 171.074127 32.64397 2 2 2 0 0 0
11.297 26 ESTIMATOR 186.867126 0.722474
11.297 26 ATTITUDE -0.54278 -0.338666 0.248248
11.395 26 GPS 3 36028044 481363176 3423 189848 1695 457 0 100625480 31 0
11.396 26 DESIRED -0.439366 0.271483 5.573759 -114.5 162.300003 235. 0. 14.
11.396 26 ATTITUDE -0.55483 -0.363847 0.256588
11.496 26 DL_VALUE 19 1013.25
11.497 26 NAVIGATION 3 2 -4.3125 36. 171.074127 32.64397 2 2 2 0 0 0
11.497 26 ATTITUDE -0.563061 -0.402476 0.26815
11.530 26 NAVIGATION 3 2 -4.3125 36. 167.609589 36.257381 2 2 2 0 0 0
11.596 26 AIRSPEED 16.756779 14. 0. 6.
11.596 26 DESIRED -0.378215 0.271612 5.565814 -114.5 162.300003 235. 0. 14.
11.596 26 ATTITUDE -0.562227 -0.428401 0.275207
11.646 26 GPS 3 36027893 481363551 3380 190992 1683 498 0 100625720 31 0
11.699 26 AIR_DATA 99056.414062 0. -1000. 1013.25 0. -1. -1.
11.700 26 WP_MOVED 0 360326. 4813637. 260. 31
11.700 26 ATTITUDE -0.548999 -0.466748 0.284806
11.780 26 NAVIGATION 3 2 -5.84375 40. 163.595459 40.424614 3 3 3 0 0 0
11.796 26 PPRZ_MODE 2 1 3 0 0 6
11.796 26 ESTIMATOR 188.556549 1.296218
11.796 26 DESIRED -0.310018 0.271099 5.556794 -114.5 162.300003 235. 0. 14.
11.796 26 ATTITUDE -0.532854 -0.491469 0.290544
11.880 26 COMMANDS 8524,1404,-143,0,0
11.896 26 ENERGY 88 12.5 27.672886 345.911072 0.130677 1.633465
11.896 26 GPS 3 36027715 481363910 3336 192210 1669 537 0 100625960 31 0
11.897 26 ATTITUDE -0.502956 -0.526746 0.298173
11.979 26 FBW_STATUS 2 0 1 12.5 27.672886
11.997 26 DESIRED -0.310018 0.270229 5.556794 -114.5 162.300003 235. 0. 14.
11.997 26 ATTITUDE -0.482956 -0.549043 0.302612
12.028 26 NAVIGATION 3 2 -7.59375 43.5 159.819855 44.157841 3 3 3 0 0 0
12.096 26 CALIBRATION 0. 0
12.096 26 ATTITUDE -0.452956 -0.580689 0.308332
12.146 26 GPS 3 36027478 481364307 3288 193719 1650 558 0 100626240 31 0
12.196 26 COMMANDS 8524,1346,-268,0,0
12.196 26 WP_MOVED 1 360284. 4813595. 260. 31
12.196 26 DESIRED -0.238742 0.269356 5.550434 -114.5 162.300003 235. 0. 14.
12.197 26 ATTITUDE -0.432956 -0.600603 0.311537
12.280 26 NAVIGATION 3 2 -9.9375 47.5 155.28154 48.528381 3 3 3 0 0 0
12.296 26 ESTIMATOR 190.799683 1.985198
12.297 26 ATTITUDE -0.402956 -0.628721 0.315475
12.396 26 GPS 3 36027255 481364629 3253 195077 1633 569 0 100626480 31 0
12.397 26 DESIRED -0.161537 0.268483 5.544423 -114.5 162.300003 235. 0. 14.
12.397 26 ATTITUDE -0.382956 -0.646309 0.317547
12.496 26 NAVIGATION 3 2 -12.1875 51. 155.28154 48.528381 3 3 3 0 0 0
12.497 26 ATTITUDE -0.352956 -0.670971 0.319877
12.528 26 NAVIGATION 3 2 -12.1875 51. 151.180481 52.436008 3 3 3 0 0 0
12.597 26 DATALINK_REPORT 3 4 1117 813 0 0
12.598 26 AIRSPEED 16.086311 14. 0. 6.
12.598 26 DESIRED -0.112232 0.267436 5.539836 -114.5 162.300003 235. 0. 14.
12.598 26 ATTITUDE -0.322956 -0.693582 0.321339
12.646 26 GPS 3 36027018 481364936 3222 196477 1615 586 0 100626720 31 0
12.696 26 ALIVE 128,247,33,237,150,226,125,96,211,120,85,14,103,22,52,69
12.697 26 WP_MOVED 2 360333.5 4813695. 260. 31
12.697 26 ATTITUDE -0.302956 -0.707521 0.321868
12.779 26 NAVIGATION 3 2 -14.59375 54. 147.343643 55.937263 4 4 4 0 0 0
12.795 26 FBW_STATUS 2 0 1 12.5 27.672886
12.796 26 ESTIMATOR 193.535629 2.735686
12.796 26 DESIRED -0.064289 0.266738 5.53808 -114.5 162.300003 235. 0. 14.
12.796 26 ATTITUDE -0.282956 -0.720557 0.322068
12.896 26 GPS_SOL 689 689 689 7
12.897 26 GPS 3 36026770 481365229 3196 197902 1598 592 0 100626960 31 0
12.897 26 ATTITUDE -0.252956 -0.738417 0.321805
12.913 26 WIND_INFO 26 5 0.7 1.9 0. 15.3
12.914 26 WIND_INFO_RET 5 0.7 1.9 0. 15.84673
12.996 26 DL_VALUE 20 1.
12.997 26 AIR_DATA 98975.296875 0. -1000. 1013.25 0. -1. -1.
12.997 26 ENERGY 88 12.5 27.672886 345.911072 0.181411 2.267637
12.997 26 DESIRED -0.064289 0.265865 5.53808 -114.5 162.300003 235. 0. 14.
12.997 26 ATTITUDE -0.232956 -0.749196 0.321287
13.029 26 NAVIGATION 3 2 -17.0625 56.5 143.832214 59.020157 4 4 4 0 0 0
13.096 26 ATTITUDE -0.202956 -0.763676 0.320055
13.146 26 GPS 3 36026470 481365555 3172 199571 1581 586 0 100627240 31 0
13.198 26 WP_MOVED 3 360294.09375 4813785. 260. 31
13.198 26 DESIRED -0.023021 0.264993 5.53891 -114.5 162.300003 235. 0. 14.
13.199 26 ATTITUDE -0.182956 -0.772202 0.318963
13.282 26 NAVIGATION 3 2 -20.03125 60. 139.246674 63.255444 4 4 4 0 0 0
13.297 26 ESTIMATOR 196.635345 3.481402
13.297 26 ATTITUDE -0.152956 -0.783299 0.316971
13.397 26 GPS 3 36026207 481365824 3156 200992 1568 595 0 100627480 31 0
13.397 26 DESIRED 0.013127 0.26412 5.537565 -114.5 162.300003 235. 0. 14.
13.398 26 ATTITUDE -0.132956 -0.789567 0.315438
13.496 26 NAVIGATION 3 2 -22.65625 62.5 139.246674 63.255444 4 4 4 0 0 0
13.496 26 ATTITUDE -0.102956 -0.797274 0.312878
13.530 26 NAVIGATION 3 2 -22.65625 62.5 135.629333 66.479736 4 4 4 0 0 0
13.597 26 AIRSPEED 15.52458 14. 0. 6.
13.597 26 DESIRED 0.035325 0.263247 5.539279 -114.5 162.300003 235. 0. 14.
13.597 26 ATTITUDE -0.082956 -0.801279 0.311027
13.646 26 GPS 3 36025941 481366086 3145 202394 1557 604 0 100627720 31 0
13.697 26 WP_MOVED 4 360416.3125 4813734. 260. 31
13.697 26 ATTITUDE -0.052956 -0.805583 0.308075
13.790 26 NAVIGATION 3 2 -25.34375 65.5 131.601974 70.232155 5 5 5 0 0 0
13.803 26 ESTIMATOR 199.962433 4.161862
13.804 26 DESIRED 0.04912 0.262375 5.538869 -114.5 162.300003 235. 0. 14.
13.804 26 ATTITUDE -0.032956 -0.807315 0.306015
13.896 26 GPS 3 36025673 481366344 3138 203770 1549 592 0 100627960 31 0
13.897 26 ATTITUDE -0.002956 -0.808203 0.302822
13.979 26 FBW_STATUS 2 0 1 12.5 27.672886
13.997 26 DESIRED 0.04912 0.262096 5.538869 -114.5 162.300003 235. 0. 14.
13.997 26 ATTITUDE 0.01702 -0.807652 0.300646
14.030 26 NAVIGATION 3 2 -28.03125 68. 127.942703 73.55101 5 5 5 0 0 0
14.097 26 ENERGY 88 12.5 27.672886 345.911072 0.232145 2.901815
14.097 26 ATTITUDE 0.045978 -0.805146 0.297346
14.147 26 GPS 3 36025360 481366643 3137 205336 1543 567 0 100628240 31 0
14.196 26 CALIBRATION 0. 0
14.196 26 WP_MOVED 5 360421. 4813583.5 260. 31
14.196 26 DESIRED 0.059916 0.262916 5.541082 -114.5 162.300003 235. 0. 14.
14.197 26 ATTITUDE 0.064001 -0.802413 0.295146
14.281 26 NAVIGATION 3 2 -31.15625 71. 123.619865 77.535233 5 5 5 0 0 0
14.297 26 AIR_DATA 98888.101562 0. -1000. 1013.25 0. -1. -1.
14.297 26 ESTIMATOR 203.347641 4.721249
14.297 26 ATTITUDE 0.087984 -0.796878 0.291875
14.396 26 GPS 3 36025095 481366900 3140 206643 1540 551 0 100628480 31 0
14.397 26 DESIRED 0.060889 0.263567 5.543313 -114.5 162.300003 235. 0. 14.
14.398 26 ATTITUDE 0.101292 -0.792365 0.289733
14.496 26 DL_VALUE 21 0.
14.496 26 NAVIGATION 3 2 -33.78125 73.5 123.619865 77.535233 5 5 5 0 0 0
14.497 26 ATTITUDE 0.116647 -0.784634 0.286602
14.530 26 NAVIGATION 3 2 -33.78125 73.5 120.00399 80.891426 5 5 5 0 0 0
14.595 26 AIRSPEED 15.399476 14. 0. 6.
14.596 26 DESIRED 0.054902 0.263956 5.545423 -114.5 162.300003 235. 0. 14.
14.596 26 ATTITUDE 0.123546 -0.779015 0.284582
14.646 26 GPS 3 36024833 481367161 3148 207918 1539 537 0 100628720 31 0
14.696 26 WP_MOVED 6 360164.8125 4813664.5 260. 31
14.696 26 ATTITUDE 0.128554 -0.770216 0.281672
14.780 26 NAVIGATION 3 2 -36.4375 76. 116.367714 84.283401 6 6 6 0 0 0
14.804 26 FBW_STATUS 2 0 1 12.5 27.672886
14.804 26 ESTIMATOR 206.681183 5.136049
14.805 26 DESIRED 0.043712 0.264041 5.547863 -114.5 162.300003 235. 0. 14.
14.805 26 ATTITUDE 0.128412 -0.764293 0.27982
14.896 26 GPS_SOL 693 693 693 7
14.896 26 GPS 3 36024575 481367426 3157 209163 1540 530 0 100628960 31 0
14.896 26 ATTITUDE 0.123232 -0.755638 0.277184
14.996 26 DESIRED 0.043712 0.263835 5.547863 -114.5 162.300003 235. 0. 14.
14.996 26 ATTITUDE 0.116643 -0.750195 0.275528
15.029 26 NAVIGATION 3 2 -39. 78.5 112.794907 87.654152 6 6 6 0 0 0
15.097 26 AUTOPILOT_VERSION 51500 v5.15_devel-179-g9a29798-dirty
15.097 26 ATTITUDE 0.102926 -0.742772 0.273197
15.145 26 GPS 3 36024279 481367741 3169 210585 1543 523 0 100629240 31 0
15.196 26 ENERGY 88 12.5 27.672886 345.911072 0.282878 3.535992
15.196 26 WP_MOVED 7 360558.40625 4813804.5 260. 31
15.196 26 DESIRED 0.029144 0.263396 5.549843 -114.5 162.300003 235. 0. 14.
15.196 26 ATTITUDE 0.09146 -0.738445 0.271749
15.286 26 NAVIGATION 3 2 -41.9375 82. 108.228493 92.101868 6 6 6 0 0 0
15.297 26 ESTIMATOR 209.862579 5.397046
15.298 26 ATTITUDE 0.071921 -0.733053 0.269734
15.395 26 GPS 3 36024030 481368015 3177 211785 1546 519 0 100629480 31 0
15.396 26 DESIRED 0.008179 0.262811 5.548361 -114.5 162.300003 235. 0. 14.
15.396 26 ATTITUDE 0.057958 -0.730243 0.268497
15.496 26 NAVIGATION 3 2 -44.4375 84.5 108.228493 92.101868 6 6 6 0 0 0
15.497 26 ATTITUDE 0.035811 -0.727285 0.266794
15.529 26 NAVIGATION 4 0 -44.4375 84.5 0. 95.472198 6 0 0 0 0 0
15.597 26 AIR_DATA 98812.523438 0. -1000. 1013.25 0. -1. -1.
15.597 26 AIRSPEED 15.51673 14. 0. 6.
15.598 26 DESIRED -0.002021 0.262167 5.548361 -114.5 162.300003 235. 0. 14.
15.600 26 ATTITUDE 0.021081 -0.726158 0.265761
15.646 26 GPS 3 36023782 481368293 3182 212973 1549 504 0 100629720 31 0
15.696 26 WP_MOVED 8 360461.40625 4813640. 215. 31
15.696 26 ATTITUDE -0.000308 -0.7257 0.264356
15.784 26 NAVIGATION 4 0 -46.90625 87.5 0. 99.27964 7 1 1 0 0 0
15.795 26 ESTIMATOR 212.87146 5.526486
15.796 26 DESIRED 0.872665 0.090843 0.24098 -28.981316 160.438065 260. 0.5 14.
15.796 26 ATTITUDE -0.013476 -0.726166 0.263513
15.896 26 CIRCLE 49.5 100.099998 70.
15.896 26 GPS 3 36023535 481368572 3184 214152 1553 480 0 100629960 31 0
15.897 26 ATTITUDE -0.008285 -0.727204 0.261687
15.981 26 FBW_STATUS 2 0 1 12.5 5.057129
15.995 26 DL_VALUE 22 1.
15.996 26 DESIRED 0.872665 0.084828 0.24098 -28.981316 160.438065 260. 0.5 14.
15.996 26 ATTITUDE 0.011715 -0.726889 0.259486
16.029 26 NAVIGATION 4 0 -49.375 90.5 0. 103.092873 7 1 1 0 0 0
16.096 26 ATTITUDE 0.041715 -0.724599 0.255033
16.146 26 GPS 3 36023255 481368886 3183 215500 1495 472 0 100630240 31 0
16.196 26 WP_MOVED 9 360312.8125 4813652. 185. 31
16.196 26 DESIRED 0.872665 0.154157 0.30011 -26.937012 163.007736 260. 1. 14.
16.197 26 ATTITUDE 0.061715 -0.721806 0.251741
16.283 26 NAVIGATION 4 0 -52.1875 93.5 0. 107.078407 7 1 1 0 0 0
16.297 26 CALIBRATION 0. 0
16.297 26 ENERGY 40 12.5 7.969364 99.61705 0.316255 3.953202
16.297 26 ESTIMATOR 215.694489 5.549376
16.298 26 ATTITUDE 0.091715 -0.715636 0.246491
16.396 26 GPS 3 36023031 481369141 3187 216553 1413 446 0 100630480 31 0
16.396 26 DESIRED 0.872665 0.225094 0.362799 -24.886803 165.419235 260. 1.5 14.
16.396 26 ATTITUDE 0.111715 -0.710159 0.242918
16.496 26 NAVIGATION 4 0 -54.4375 96. 0. 107.078407 7 1 1 0 0 0
16.496 26 ATTITUDE 0.141715 -0.699861 0.237959
16.530 26 NAVIGATION 4 0 -54.4375 96. 0. 110.360504 7 1 1 0 0 0
16.596 26 AIRSPEED 13.388771 14. 14. 6.
16.596 26 DESIRED 0.872665 0.297733 0.412939 -23.20472 167.286484 260. 2. 14.
16.597 26 ATTITUDE 0.161715 -0.691585 0.234913
16.646 26 GPS 3 36022820 481369390 3196 217477 1359 413 0 100630720 31 0
16.695 26 PPRZ_MODE 2 3 3 2 0 6
16.695 26 WP_MOVED 10 360452.8125 4813581. 260. 31
16.696 26 ATTITUDE 0.191715 -0.677041 0.231161
16.781 26 NAVIGATION 4 0 -56.5625 98.5 0. 113.58506 8 2 2 0 0 0
16.796 26 FBW_STATUS 2 0 1 12.5 12.37162
16.796 26 ESTIMATOR 218.278778 5.462672
16.796 26 DESIRED 0.872665 0.372011 0.460769 -21.547882 169.036194 260. 2.5 14.
16.796 26 ATTITUDE 0.211715 -0.665932 0.22924
16.880 26 COMMANDS 5104,4757,1059,0,0
16.896 26 GPS_SOL 697 697 697 7
16.896 26 AIR_DATA 98736.445312 0. -1000. 1013.25 0. -1. -1.
16.897 26 GPS 3 36022619 481369638 3210 218281 1332 364 0 100630960 31 0
16.897 26 ATTITUDE 0.241715 -0.647143 0.227376
16.945 26 CIRCLE 49.5 100.099998 70.
16.997 26 DESIRED 0.872665 0.372662 0.460769 -21.547882 169.036194 260. 2.5 14.
16.998 26 ATTITUDE 0.271715 -0.625846 0.227016
17.029 26 NAVIGATION 4 0 -58.5625 101. 0. 116.750015 8 2 2 0 0 0
17.096 26 ATTITUDE 0.291715 -0.610257 0.227602
17.146 26 GPS 3 36022397 481369936 3235 219103 1327 312 0 100631240 31 0
17.195 26 COMMANDS 5523,4184,1557,0,0
17.195 26 WP_MOVED 11 360169.5 4813757.5 260. 31
17.195 26 DESIRED 0.872665 0.441773 0.506402 -19.914589 170.680542 260. 3. 14.
17.195 26 ATTITUDE 0.311715 -0.593576 0.229012
17.285 26 NAVIGATION 4 0 -60.78125 103.5 0. 120.027542 8 2 2 0 0 0
17.296 26 ESTIMATOR 220.462814 5.222782
17.296 26 ATTITUDE 0.341715 -0.566515 0.232538
17.397 26 ENERGY 60 12.5 16.719522 208.994034 0.340282 4.253547
17.397 26 GPS 3 36022219 481370203 3262 219750 1337 294 0 100631480 31 0
17.398 26 DESIRED 0.872665 0.442645 0.553553 -18.309654 172.223846 260. 3.5 14.
17.398 26 ATTITUDE 0.361715 -0.547106 0.235745
17.496 26 DL_VALUE 23 1.
17.496 26 NAVIGATION 4 0 -62.5625 106.5 0. 120.027542 8 2 2 0 0 0
17.497 26 ATTITUDE 0.391715 -0.515975 0.241702
17.529 26 NAVIGATION 4 0 -62.5625 106.5 0. 123.516464 8 2 2 0 0 0
17.596 26 AIRSPEED 13.66623 14. 14. 6.
17.596 26 DESIRED 0.872665 0.443518 0.600039 -16.394859 173.977386 260. 4. 14.
17.597 26 ATTITUDE 0.411715 -0.493869 0.246361
17.645 26 GPS 3 36022054 481370483 3295 220383 1354 286 0 100631720 31 0
17.696 26 DATALINK_REPORT 4 5 1298 822 0 0
17.696 26 WP_MOVED 0 360326. 4813637. 260. 31
17.696 26 ATTITUDE 0.441715 -0.458709 0.25426
17.782 26 NAVIGATION 4 0 -65.71875 112.5 0. 130.288925 9 3 3 0 0 0
17.797 26 ALIVE 128,247,33,237,150,226,125,96,211,120,85,14,103,22,52,69
17.797 26 ESTIMATOR 222.231903 4.855989
17.798 26 DESIRED 0.872665 0.444391 0.687431 -12.607861 177.188354 260. 3.961874 14.
17.798 26 ATTITUDE 0.461715 -0.433918 0.260061
17.896 26 NAVIGATION_REF 360284 4813595 31 185.
17.896 26 GPS 3 36021906 481370779 3334 221030 1375 289 0 100631960 31 0
17.897 26 ATTITUDE 0.491715 -0.394642 0.269451
17.980 26 FBW_STATUS 2 0 1 12.5 17.162827
17.996 26 CIRCLE 49.5 100.099998 70.
17.997 26 DESIRED 0.872665 0.445263 0.687431 -12.607861 177.188354 260. 3.961874 14.
17.997 26 ATTITUDE 0.511715 -0.367024 0.2761
18.030 26 NAVIGATION 4 0 -67.15625 116. 0. 134.037155 9 3 3 0 0 0
18.097 26 ATTITUDE 0.541715 -0.323368 0.286549
18.146 26 GPS 3 36021761 481371141 3385 221832 1395 307 0 100632240 31 0
18.196 26 AIR_DATA 98694.890625 0. -1000. 1013.25 0. -1. -1.
18.197 26 WP_MOVED 1 360284. 4813595. 260. 31
18.197 26 DESIRED 0.872665 0.446136 0.733956 -10.40527 178.91217 260. 3.868287 14.
18.197 26 ATTITUDE 0.561715 -0.292724 0.293764
18.281 26 NAVIGATION 4 0 -68.0625 119. 0. 137.089401 9 3 3 0 0 0
18.296 26 ESTIMATOR 223.693802 4.437937
18.296 26 ATTITUDE 0.591715 -0.244355 0.30486
18.397 26 CALIBRATION 0. 0
18.397 26 GPS 3 36021667 481371465 3437 222567 1403 314 0 100632480 31 0
18.398 26 SVINFO 6 13 0 6 48 62 320
18.398 26 DESIRED 0.872665 0.447009 0.770818 -8.501648 180.323486 260. 3.80852 14.
18.398 26 ATTITUDE 0.611715 -0.210454 0.312379
18.496 26 ENERGY 60 12.5 16.360502 204.506271 0.371445 4.643076
18.496 26 NAVIGATION 4 0 -68.0625 119. 0. 137.089401 9 3 3 0 0 0
18.496 26 ATTITUDE 0.641715 -0.157012 0.323748
18.529 26 NAVIGATION 4 0 -68.71875 122.5 0. 140.458237 9 3 3 0 0 0
18.601 26 AIRSPEED 14.074842 14. 14. 6.
18.602 26 DESIRED 0.872665 0.447881 0.81055 -6.244587 181.907959 260. 3.723764 14.
18.602 26 ATTITUDE 0.661715 -0.119597 0.331334
18.647 26 GPS 3 36021605 481371797 3494 223345 1406 336 0 100632720 31 0
18.696 26 WP_MOVED 2 360333.5 4813695. 260. 31
18.696 26 ATTITUDE 0.691715 -0.060676 0.34265
18.785 26 NAVIGATION 4 0 -68.90625 126. 0. 143.610825 10 4 4 0 0 0
18.797 26 FBW_STATUS 2 0 1 12.5 16.116583
18.798 26 ESTIMATOR 225.026215 4.054591
18.798 26 DESIRED 0.872665 0.448754 0.84691 -3.925129 183.441193 260. 3.66875 14.
18.798 26 ATTITUDE 0.711715 -0.019456 0.350105
18.896 26 GPS_SOL 699 699 699 7
18.896 26 GPS 3 36021582 481372133 3559 224154 1405 345 0 100632960 31 0
18.896 26 ATTITUDE 0.741715 0.045403 0.361092
18.996 26 DL_VALUE 24 0.
18.996 26 DESIRED 0.872665 0.449627 0.84691 -3.925129 183.441193 260. 3.66875 14.
18.996 26 ATTITUDE 0.761715 0.090741 0.36825
19.030 26 NAVIGATION 4 0 -68.65625 129.5 0. 146.573975 10 4 4 0 0 0
19.046 26 CIRCLE 49.5 100.099998 70.
19.096 26 ATTITUDE 0.791715 0.162029 0.378691
19.145 26 GPS 3 36021608 481372524 45 225124 1401 338 0 100633240 31 0
19.197 26 WP_MOVED 3 360294.09375 4813785. 260. 31
19.197 26 DESIRED 0.872665 0.450499 0.880563 -1.526497 184.930984 260. 3.587048 14.
19.198 26 ATTITUDE 0.811715 0.211832 0.385427
19.287 26 NAVIGATION 4 0 -67.90625 133. 0. 149.332703 10 4 4 0 0 0
19.297 26 ESTIMATOR 226.353531 3.75294
19.298 26 ATTITUDE 0.841696 0.29011 0.395158
19.395 26 GPS 3 36021683 481372851 129 225958 1396 329 0 100633480 31 0
19.396 26 DESIRED 0.789339 0.451359 0.911474 0.984501 186.391632 260. 3.529515 14.
19.396 26 ATTITUDE 0.860945 0.344725 0.401379
19.498 26 AIR_DATA 98646.625 0. -1000. 1013.25 0. -1. -1.
19.499 26 NAVIGATION 4 0 -67.90625 133. 0. 149.332703 10 4 4 0 0 0
19.500 26 ATTITUDE 0.872665 0.42904 0.410288
19.530 26 NAVIGATION 4 0 -66.65625 136. 0. 151.456451 10 4 4 0 0 0
19.598 26 ENERGY 58 12.5 15.54623 194.327881 0.40066 5.008262
19.598 26 AIRSPEED 13.913589 14. 14. 6.
19.599 26 DESIRED 0.668818 0.451563 0.934767 3.291313 187.64859 260. 3.442766 14.
19.601 26 ATTITUDE 0.872665 0.485415 0.415932
19.646 26 GPS 3 36021809 481373160 221 226782 1391 341 0 100633720 31 0
19.696 26 WP_MOVED 4 360416.3125 4813734. 260. 31
19.696 26 ATTITUDE 0.872665 0.570064 0.423942
19.795 26 NAVIGATION 4 0 -64.90625 139. 0. 153.407364 11 5 5 0 0 0
19.804 26 ESTIMATOR 227.737274 3.53971
19.805 26 DESIRED 0.545588 0.451532 0.955892 5.76041 188.907928 260. 3.38436 14.
19.805 26 ATTITUDE 0.870869 0.626456 0.42897
19.896 26 GPS 3 36021985 481373443 318 227599 1388 348 0 100633960 31 0
19.896 26 ATTITUDE 0.856649 0.709782 0.436038
19.979 26 FBW_STATUS 2 0 1 12.5 15.510359
19.995 26 DESIRED 0.545588 0.450962 0.955892 5.76041 188.907928 260. 3.38436 14.
19.996 26 ATTITUDE 0.838191 0.763482 0.440429
20.029 26 NAVIGATION 4 0 -62.3125 142. 0. 155.070465 11 5 5 0 0 0
20.096 26 CIRCLE 49.5 100.099998 70.
20.097 26 ATTITUDE 0.808191 0.840584 0.446538
20.145 26 GPS 3 36022245 481373731 429 228569 1383 349 0 100634240 31 0
20.196 26 WP_MOVED 5 360421. 4813583.5 260. 31
20.196 26 DESIRED 0.395306 0.450089 0.97314 8.514622 190.212143 260. 3.296168 14.
20.197 26 ATTITUDE 0.788191 0.889788 0.450289
20.293 26 NAVIGATION 4 0 -59.71875 144. 0. 155.892044 11 5 5 0 0 0
20.297 26 ESTIMATOR 229.172485 3.395401
20.297 26 ATTITUDE 0.758191 0.960459 0.455442
20.395 26 GPS 3 36022505 481373936 516 229449 1378 371 0 100634480 31 0
20.396 26 DESIRED 0.28882 0.449216 0.980446 10.656555 191.155945 260. 3.233806 14.
20.396 26 ATTITUDE 0.738191 1.005558 0.458565
20.496 26 CALIBRATION 0. 0
20.497 26 DL_VALUE 25 70.
20.497 26 NAVIGATION 4 0 -59.71875 144. 0. 155.892044 11 5 5 0 0 0
20.498 26 ATTITUDE 0.708191 1.070322 0.462792
20.530 26 NAVIGATION 4 0 -56.875 145.5 0. 156.221054 11 5 5 0 0 0
20.596 26 AIRSPEED 13.644205 14. 14. 6.
20.596 26 DESIRED 0.181145 0.448344 0.981349 12.595978 191.959106 260. 3.138149 14.
20.596 26 ATTITUDE 0.688191 1.11164 0.465313
20.646 26 GPS 3 36022788 481374103 594 230394 1369 386 0 100634720 31 0
20.696 26 ENERGY 57 12.5 15.267143 190.839294 0.428899 5.361246
20.696 26 WP_MOVED 6 360164.8125 4813664.5 260. 31
20.696 26 ATTITUDE 0.658191 1.170938 0.468666
20.791 26 NAVIGATION 4 0 -53.875 147. 0. 156.561539 12 6 6 0 0 0
20.799 26 FBW_STATUS 2 0 1 12.5 15.420795
20.800 26 AIR_DATA 98594.757812 0. -1000. 1013.25 0. -1. -1.
20.800 26 ESTIMATOR 230.718826 3.329645
20.800 26 DESIRED 0.087016 0.447471 0.982114 14.674675 192.76712 260. 3.071595 14.
20.801 26 ATTITUDE 0.638191 1.208743 0.470625
20.894 26 GPS_SOL 699 699 699 7
20.894 26 GPS 3 36023087 481374233 665 231407 1358 423 0 100634960 31 0
20.895 26 ATTITUDE 0.608191 1.262933 0.473167
20.996 26 DESIRED 0.087016 0.446598 0.982114 14.674675 192.76712 260. 3.071595 14.
20.996 26 ATTITUDE 0.588191 1.297425 0.47461
21.031 26 NAVIGATION 4 0 -50.28125 148. 0. 156.308044 12 6 6 0 0 0
21.096 26 ATTITUDE 0.558191 1.346764 0.476418
21.145 26 CIRCLE 49.5 100.099998 70.
21.146 26 GPS 3 36023447 481374341 738 232665 1342 449 0 100635240 31 0
21.195 26 WP_MOVED 7 360558.40625 4813804.5 260. 31
21.196 26 DESIRED -0.025102 0.444771 0.974031 16.688374 193.499115 260. 2.966503 14.
21.196 26 ATTITUDE 0.538191 1.378092 0.477398
21.291 26 NAVIGATION 4 0 -47.15625 148.5 0. 155.807449 12 6 6 0 0 0
21.296 26 ESTIMATOR 232.464249 3.365138
21.296 26 ATTITUDE 0.508191 1.42278 0.478548
21.395 26 GPS 3 36023760 481374400 793 233795 1327 470 0 100635480 31 0
21.396 26 DESIRED -0.102499 0.430495 0.962656 18.250917 194.033463 260. 2.8885 14.
21.396 26 ATTITUDE 0.488191 1.451053 0.4791
21.496 26 NAVIGATION 4 0 -47.15625 148.5 0. 155.807449 12 6 6 0 0 0
21.496 26 ATTITUDE 0.458191 1.491217 0.479558
21.530 26 NAVIGATION 4 0 -44.03125 149. 0. 155.36972 12 6 6 0 0 0
21.596 26 PPRZ_MODE 2 3 3 2 0 6
21.597 26 AIRSPEED 13.043962 14. 14. 6.
21.597 26 DESIRED -0.173167 0.409401 0.951569 19.898886 194.565735 260. 2.765113 14.
21.597 26 ATTITUDE 0.438191 1.51651 0.479632
21.647 26 GPS 3 36024073 481374431 842 234959 1312 476 0 100635720 31 0
21.647 26 SVINFO 5 12 1 5 48 87 272
21.696 26 WP_MOVED 8 360461.40625 4813640. 215. 31
21.697 26 ATTITUDE 0.408191 1.552246 0.479317
21.800 26 NAVIGATION 4 0 -40.90625 149. 0. 154.513168 13 7 7 0 0 0
21.801 26 ENERGY 58 12.5 15.780048 197.25061 0.457333 5.716675
21.801 26 ESTIMATOR 234.468994 3.503396
21.802 26 DESIRED -0.24118 0.393721 0.933823 21.232534 194.973328 260. 2.678203 14.
21.802 26 ATTITUDE 0.388191 1.574617 0.478829
21.880 26 COMMANDS 5592,-4424,-559,0,0
21.895 26 GPS 3 36024385 481374439 885 236145 1298 473 0 100635960 31 0
21.895 26 ATTITUDE 0.358191 1.606002 0.477682
21.980 26 FBW_STATUS 2 0 1 12.5 15.812513
21.996 26 DL_VALUE 26 0.
21.996 26 DESIRED -0.24118 0.391135 0.933823 21.232534 194.973328 260. 2.678203 14.
21.996 26 ATTITUDE 0.338191 1.625486 0.476631
22.030 26 NAVIGATION 4 0 -37.3125 149. 0. 153.600861 13 7 7 0 0 0
22.097 26 AIR_DATA 98527.546875 0. -1000. 1013.25 0. -1. -1.
22.097 26 ATTITUDE 0.308191 1.652559 0.474651
22.146 26 GPS 3 36024744 481374423 928 237541 1283 503 0 100636240 31 0
22.196 26 COMMANDS 5602,-4366,-702,0,0
22.196 26 CIRCLE 49.5 100.099998 70.
22.197 26 WP_MOVED 9 360312.8125 4813652. 185. 31
22.197 26 DESIRED -0.310781 0.368138 0.913492 22.864683 195.444427 260. 2.541856 14.
22.197 26 ATTITUDE 0.288191 1.669181 0.473023
22.280 26 NAVIGATION 4 0 -34.28125 148.5 0. 152.405548 13 7 7 0 0 0
22.295 26 ESTIMATOR 236.707474 3.713183
22.295 26 ATTITUDE 0.258191 1.69198 0.470156
22.396 26 GPS 3 36025048 481374392 958 238735 1271 505 0 100636480 31 0
22.397 26 DESIRED -0.361026 0.350919 0.888959 23.902948 195.728394 260. 2.443386 14.
22.397 26 ATTITUDE 0.238191 1.705756 0.467979
22.496 26 NAVIGATION 4 0 -34.28125 148.5 0. 152.405548 13 7 7 0 0 0
22.496 26 ATTITUDE 0.208191 1.724293 0.464291
22.529 26 NAVIGATION 4 0 -34.28125 148.5 0. 152.405548 13 7 7 0 0 0
22.597 26 CALIBRATION 0. 0
22.597 26 AIRSPEED 12.579614 14. 14. 6.
22.597 26 DESIRED -0.337896 0.325837 0.888959 23.902948 195.728394 260. 2.292106 14.
22.598 26 ATTITUDE 0.188191 1.735233 0.461566
22.646 26 GPS 3 36025347 481374348 982 239919 1262 486 0 100636720 31 0
22.697 26 WP_MOVED 10 360452.8125 4813581. 260. 31
22.697 26 ATTITUDE 0.158191 1.749523 0.457019
22.780 26 NAVIGATION 4 0 -31.28125 148. 0. 151.269684 14 8 8 0 0 0
22.805 26 DATALINK_REPORT 10 5 1480 812 0 0
22.805 26 FBW_STATUS 2 0 1 12.5 15.63962
22.805 26 ESTIMATOR 239.130341 3.955344
22.806 26 DESIRED -0.405188 0.308069 0.864436 24.9918 196.013245 260. 2.189227 14.
22.806 26 ATTITUDE 0.138191 1.757637 0.453721
22.895 26 ALIVE 128,247,33,237,150,226,125,96,211,120,85,14,103,22,52,69
22.895 26 GPS_SOL 699 699 699 7
22.895 26 ENERGY 57 12.5 15.406481 192.581009 0.485997 6.074968
22.895 26 GPS 3 36025644 481374295 1000 241085 1254 468 0 100636960 31 0
22.895 26 ATTITUDE 0.108191 1.767684 0.448394
22.914 26 WIND_INFO 26 5 1.6 2.1 0. 11.9
22.914 26 WIND_INFO_RET 5 1.6 2.1 0. 12.491416
22.996 26 DESIRED -0.405188 0.305854 0.864436 24.9918 196.013245 260. 2.189227 14.
22.997 26 ATTITUDE 0.088191 1.772967 0.444591
23.030 26 NAVIGATION 4 0 -28.3125 147.5 0. 150.192703 14 8 8 0 0 0
23.097 26 ATTITUDE 0.058191 1.778769 0.438547
23.146 26 GPS 3 36025987 481374226 1014 242413 1248 459 0 100637240 31 0
23.146 26 SVINFO 4 11 1 4 48 81 223
23.196 26 WP_MOVED 11 360169.5 4813757.5 260. 31
23.197 26 DESIRED -0.440957 0.280374 0.84006 26.134733 196.29805 260. 2.033614 14.
23.197 26 ATTITUDE 0.038191 1.78122 0.434255
23.246 26 CIRCLE 49.5 100.099998 70.
23.280 26 NAVIGATION 4 0 -24.875 147. 0. 149.089798 14 8 8 0 0 0
23.308 26 ESTIMATOR 241.639297 4.182907
23.309 26 ATTITUDE 0.008191 1.78277 0.427474
23.396 26 AIR_DATA 98441.484375 0. -1000. 1013.25 0. -1. -1.
23.396 26 GPS 3 36026279 481374164 1020 243516 1243 449 0 100637480 31 0
23.396 26 DESIRED -0.475026 0.26268 0.813326 27.626877 196.648254 260. 1.926038 14.
23.396 26 ATTITUDE -0.011809 1.782383 0.422749
23.496 26 DL_VALUE 27 2.
23.496 26 NAVIGATION 4 0 -21.9375 146.5 0. 149.089798 14 8 8 0 0 0
23.496 26 ATTITUDE -0.041809 1.779668 0.41534
23.530 26 NAVIGATION 4 0 -21.9375 146.5 0. 148.133392 14 8 8 0 0 0
23.596 26 AIRSPEED 12.414175 14. 14. 6.
23.596 26 DESIRED -0.492515 0.238581 0.789639 28.925373 196.933289 260. 1.766633 14.
23.596 26 ATTITUDE -0.061809 1.776433 0.41023
23.647 26 GPS 3 36026570 481374102 1020 244582 1241 447 0 100637720 31 0
23.649 26 SVINFO 6 13 1 6 47 53 323
23.697 26 WP_MOVED 0 360326. 4813637. 260. 31
23.697 26 ATTITUDE -0.091809 1.769436 0.40225
23.780 26 NAVIGATION 4 0 -19.0625 145.5 0. 146.743408 15 9 9 0 0 0
23.804 26 ESTIMATOR 244.155029 4.362712
23.804 26 DESIRED -0.513577 0.222779 0.757869 29.782757 197.111496 260. 1.662138 14.
23.804 26 ATTITUDE -0.111809 1.763337 0.396747
23.895 26 GPS 3 36026862 481374043 1014 245606 1240 424 0 100637960 31 0
23.896 26 ATTITUDE -0.141809 1.752031 0.388246
23.980 26 FBW_STATUS 2 0 1 12.5 14.55538
23.997 26 ENERGY 55 12.5 14.55538 181.942245 0.513484 6.418559
23.997 26 DESIRED -0.513577 0.222789 0.757869 29.782757 197.111496 260. 1.662138 14.
23.997 26 ATTITUDE -0.161809 1.74305 0.382418
24.029 26 NAVIGATION 4 0 -16.125 145. 0. 145.893845 15 9 9 0 0 0
24.096 26 ATTITUDE -0.191809 1.727404 0.373484
24.145 26 GPS 3 36027204 481373982 999 246741 1241 413 0 100638240 31 0
24.199 26 WP_MOVED 1 360284. 4813595. 260. 31
24.201 26 DESIRED -0.516254 0.199973 0.735138 31.255043 197.399139 260. 1.509589 14.
24.201 26 ATTITUDE -0.211809 1.715515 0.36737
24.279 26 NAVIGATION 4 0 -12.71875 144.5 0. 145.05867 15 9 9 0 0 0
24.297 26 CIRCLE 49.5 100.099998 70.
24.297 26 ESTIMATOR 246.575958 4.463534
24.297 26 ATTITUDE -0.241809 1.695482 0.358011
24.395 26 GPS 3 36027500 481373940 980 247658 1243 382 0 100638480 31 0
24.395 26 DESIRED -0.511753 0.185047 0.711494 33.181705 197.740738 260. 1.408182 14.
24.396 26 ATTITUDE -0.261809 1.680656 0.351677
24.497 26 NAVIGATION 4 0 -9.75 144. 0. 145.05867 15 9 9 0 0 0
24.497 26 ATTITUDE -0.291809 1.656193 0.342016
24.529 26 NAVIGATION 4 0 -9.75 144. 0. 144.329697 15 9 9 0 0 0
24.596 26 AIRSPEED 12.509395 14. 14. 6.
24.597 26 DESIRED -0.49914 0.163656 0.691066 34.928795 198.016693 260. 1.26299 14.
24.597 26 ATTITUDE -0.311809 1.638394 0.335511
24.646 26 GPS 3 36027798 481373911 955 248520 1247 349 0 100638720 31 0
24.695 26 CALIBRATION 0. 0
24.695 26 AIR_DATA 98383.101562 0. -1000. 1013.25 0. -1. -1.
24.695 26 WP_MOVED 2 360333.5 4813695. 260. 31
24.696 26 ATTITUDE -0.341809 1.60944 0.325603
24.778 26 NAVIGATION 4 0 -6.75 143.5 0. 143.658661 16 10 10 0 0 0
24.806 26 FBW_STATUS 2 0 1 12.5 13.498789
24.811 26 ESTIMATOR 248.835739 4.472019
24.814 26 DESIRED -0.479523 0.150306 0.672105 36.839302 198.282013 260. 1.171131 14.
24.814 26 ATTITUDE -0.361809 1.588618 0.31892
24.895 26 GPS_SOL 697 697 697 7
24.895 26 GPS 3 36028098 481373898 924 249324 1252 324 0 100638960 31 0
24.895 26 ATTITUDE -0.391809 1.555092 0.308806
24.995 26 DL_VALUE 28 0.
24.996 26 DESIRED -0.479523 0.15089 0.672105 36.839302 198.282013 260. 1.171131 14.
24.996 26 ATTITUDE -0.411809 1.531194 0.302007
25.029 26 NAVIGATION 4 0 -3.78125 143.5 0. 143.549805 16 10 10 0 0 0
25.096 26 ENERGY 49 12.5 12.816467 160.205841 0.538636 6.732959
25.096 26 ATTITUDE -0.441489 1.493021 0.291766
25.146 26 GPS 3 36028451 481373907 880 250183 1260 301 0 100639240 31 0
25.147 26 SVINFO 5 12 1 5 47 85 274
25.196 26 WP_MOVED 3 360294.09375 4813785. 260. 31
25.196 26 DESIRED -0.439903 0.132158 0.665265 39.434723 198.581924 260. 1.041797 14.
25.197 26 ATTITUDE -0.459888 1.466081 0.284884
25.280 26 NAVIGATION 4 0 -0.21875 143.5 0. 143.500168 16 10 10 0 0 0
25.311 26 ESTIMATOR 250.855225 4.375817
25.311 26 ATTITUDE -0.484451 1.423656 0.274525
25.347 26 CIRCLE 49.5 100.099998 70.
25.396 26 GPS 3 36028753 481373942 835 250849 1267 275 0 100639480 31 0
25.397 26 DESIRED -0.382528 0.120434 0.660512 42.797924 198.867828 260. 0.959287 14.
25.397 26 ATTITUDE -0.498062 1.394223 0.26762
25.496 26 NAVIGATION 4 0 2.78125 144. 0. 143.500168 16 10 10 0 0 0
25.497 26 ATTITUDE -0.512062 1.348866 0.257252
25.530 26 NAVIGATION 4 0 2.78125 144. 0. 144.026855 16 10 10 0 0 0
25.596 26 AIRSPEED 12.837146 14. 14. 6.
25.596 26 DESIRED -0.315041 0.10387 0.670331 46.422207 199.047089 260. 0.845814 14.
25.596 26 ATTITUDE -0.517136 1.31817 0.250367
25.645 26 GPS 3 36029054 481374002 785 251450 1277 260 0 100639720 31 0
25.700 26 WP_MOVED 4 360416.3125 4813734. 260. 31
25.701 26 ATTITUDE -0.516346 1.272146 0.240039
25.779 26 NAVIGATION 4 0 5.8125 144.5 0. 144.616852 17 11 11 0 0 0
25.796 26 ESTIMATOR 252.591354 4.177602
25.796 26 DESIRED -0.238729 0.093612 0.683776 50.300705 199.091705 260. 0.777167 14.
25.796 26 ATTITUDE -0.5103 1.241926 0.23317
25.895 26 GPS 3 36029350 481374091 733 251990 1287 222 0 100639960 31 0
25.895 26 ATTITUDE -0.492708 1.198029 0.222915
25.979 26 FBW_STATUS 2 0 1 12.5 11.662909
25.997 26 AIR_DATA 98342.632812 0. -1000. 1013.25 0. -1. -1.
25.997 26 DESIRED -0.238729 0.093222 0.683776 50.300705 199.091705 260. 0.777167 14.
25.998 26 ATTITUDE -0.474831 1.170182 0.216112
26.030 26 NAVIGATION 4 0 8.78125 145.5 0. 145.76474 17 11 11 0 0 0
26.096 26 ATTITUDE -0.444831 1.130963 0.205993
26.146 26 GPS 3 36029686 481374228 674 252559 1299 216 0 100640240 31 0
26.196 26 AUTOPILOT_VERSION 51500 v5.15_devel-179-g9a29798-dirty
26.198 26 ENERGY 45 12.5 11.298019 141.22525 0.560839 7.010497
26.199 26 WP_MOVED 5 360421. 4813583.5 260. 31
26.199 26 DESIRED -0.145069 0.07841 0.711623 54.873245 198.949005 260. 0.684936 14.
26.200 26 ATTITUDE -0.414831 1.094743 0.195942
26.280 26 NAVIGATION 4 0 12.125 147. 0. 147.499207 17 11 11 0 0 0
26.311 26 ESTIMATOR 254.0047 3.883857
26.312 26 ATTITUDE -0.394831 1.072218 0.189312
26.396 26 CIRCLE 49.5 100.099998 70.
26.396 26 GPS 3 36029967 481374370 630 253009 1309 209 0 100640480 31 0
26.396 26 SVINFO 3 10 1 3 48 48 175
26.396 26 DESIRED -0.028686 0.069659 0.755638 60.617912 198.468658 260. 0.628907 14.
26.396 26 ATTITUDE -0.374831 1.050964 0.182744
26.497 26 PPRZ_MODE 2 3 3 2 0 6
26.497 26 DL_VALUE 29 0.
26.497 26 NAVIGATION 4 0 14.9375 148. 0. 147.499207 17 11 11 0 0 0
26.497 26 ATTITUDE -0.344831 1.021412 0.173003
26.531 26 NAVIGATION 4 0 14.9375 148. 0. 148.751907 17 11 11 0 0 0
26.596 26 AIRSPEED 13.226278 14. 14. 6.
26.597 26 DESIRED 0.045789 0.057874 0.790824 65.306061 197.824966 260. 0.554991 14.
26.597 26 ATTITUDE -0.324831 1.003235 0.166609
26.647 26 GPS 3 36030239 481374531 593 253434 1317 182 0 100640720 31 0
26.696 26 WP_MOVED 6 360164.8125 4813664.5 260. 31
26.696 26 ATTITUDE -0.294831 0.978204 0.15714
26.779 26 NAVIGATION 4 0 17.65625 150. 0. 151.035568 18 12 12 0 0 0
26.814 26 CALIBRATION 0. 0
26.814 26 FBW_STATUS 2 0 1 12.5 10.690136
26.814 26 ESTIMATOR 255.121689 3.52586
26.814 26 DESIRED 0.143525 0.050629 0.849646 70.852158 196.764801 260. 0.511735 14.
26.814 26 ATTITUDE -0.274831 0.962981 0.150924
26.879 26 COMMANDS 4094,2847,-699,0,0
26.895 26 NAVIGATION_REF 360284 4813595 31 185.
26.896 26 GPS_SOL 694 694 694 7
26.896 26 GPS 3 36030503 481374708 562 253832 1325 165 0 100640960 31 0
26.897 26 ATTITUDE -0.244831 0.942307 0.141761
26.996 26 DESIRED 0.143525 0.049888 0.849646 70.852158 196.764801 260. 0.511735 14.
26.997 26 ATTITUDE -0.224831 0.929944 0.135765
27.028 26 NAVIGATION 4 0 20.28125 151.5 0. 152.851486 18 12 12 0 0 0
27.096 26 ATTITUDE -0.194831 0.913499 0.126963
27.147 26 GPS 3 36030804 481374929 532 254262 1333 151 0 100641240 31 0
27.148 26 SVINFO 6 13 1 6 46 46 325
27.196 26 COMMANDS 4011,2825,-601,0,0
27.196 26 WP_MOVED 7 360558.40625 4813804.5 260. 31
27.196 26 DESIRED 0.218856 0.040666 0.899759 75.761368 195.548096 260. 0.455072 14.
27.196 26 ATTITUDE -0.174831 0.903919 0.121213
27.280 26 NAVIGATION 4 0 23.28125 154. 0. 155.749847 18 12 12 0 0 0
27.311 26 AIR_DATA 98316.148438 0. -1000. 1013.25 0. -1. -1.
27.312 26 ENERGY 41 12.5 10.256626 128.207825 0.580478 7.255996
27.313 26 ESTIMATOR 255.985718 3.136924
27.314 26 ATTITUDE -0.144831 0.891598 0.112786
27.395 26 GPS 3 36031056 481375128 516 254599 1339 115 0 100641480 31 0
27.396 26 DESIRED 0.325547 0.034893 0.975304 81.827896 193.667664 260. 0.421098 14.
27.396 26 ATTITUDE -0.124831 0.884739 0.107314
27.445 26 CIRCLE 49.5 100.099998 70.
27.495 26 NAVIGATION 4 0 25.8125 156. 0. 155.749847 18 12 12 0 0 0
27.495 26 ATTITUDE -0.094831 0.87646 0.09932
27.529 26 NAVIGATION 4 0 25.8125 156. 0. 158.121109 18 12 12 0 0 0
27.596 26 AIRSPEED 13.50317 14. 14. 6.
27.597 26 DESIRED 0.386786 0.027675 1.038067 86.640732 191.863647 260. 0.377135 14.
27.597 26 ATTITUDE -0.074831 0.872271 0.09415
27.646 26 GPS 3 36031305 481375334 504 254902 1346 106 0 100641720 31 0
27.696 26 WP_MOVED 8 360461.40625 4813640. 215. 31
27.697 26 ATTITUDE -0.044831 0.867969 0.086613
27.778 26 NAVIGATION 4 0 28.28125 158. 0. 160.511139 19 13 13 0 0 0
27.797 26 ESTIMATOR 256.642853 2.742656
27.797 26 DESIRED 0.452064 0.023339 1.101018 91.138916 189.912033 260. 0.352165 14.
27.797 26 ATTITUDE -0.024831 0.866412 0.081743
27.895 26 DATALINK_REPORT 5 6 1668 837 0 0
27.895 26 GPS 3 36031553 481375543 497 255172 1353 76 0 100641960 31 0
27.896 26 SVINFO 2 9 0 2 48 10 126
27.896 26 ATTITUDE 0.005169 0.866035 0.074676
27.979 26 FBW_STATUS 2 0 1 12.5 9.691881
27.997 26 ALIVE 128,247,33,237,150,226,125,96,211,120,85,14,103,22,52,69
27.997 26 DL_VALUE 30 0.
27.997 26 DESIRED 0.452064 0.023692 1.101018 91.138916 189.912033 260. 0.352165 14.
27.997 26 ATTITUDE 0.025169 0.867082 0.07013
28.029 26 NAVIGATION 4 0 30.78125 160. 0. 162.93399 19 13 13 0 0 0
28.096 26 ATTITUDE 0.055169 0.870594 0.063569
28.146 26 GPS 3 36031844 481375790 496 255443 1361 58 0 100642240 31 0
28.197 26 WP_MOVED 9 360312.8125 4813652. 185. 31
28.197 26 DESIRED 0.511539 0.020304 1.164802 95.434341 187.792847 260. 0.320734 14.
28.198 26 ATTITUDE 0.085169 0.876429 0.05731
28.279 26 NAVIGATION 4 0 33.6875 162.5 0. 165.955109 19 13 13 0 0 0
28.307 26 ESTIMATOR 257.11261 2.353131
28.307 26 ATTITUDE 0.105169 0.881608 0.053321
28.396 26 ENERGY 38 12.5 9.368656 117.1082 0.598411 7.480157
28.396 26 GPS 3 36032096 481376000 501 255638 1368 42 0 100642480 31 0
28.397 26 SVINFO 4 11 1 4 47 86 226
28.397 26 DESIRED 0.578772 0.018912 1.242392 100.16037 185.150146 260. 0.302887 14.
28.397 26 ATTITUDE 0.125169 0.887815 0.049481
28.495 26 CIRCLE 49.5 100.099998 70.
28.496 26 NAVIGATION 4 0 36.21875 164.5 0. 165.955109 19 13 13 0 0 0
28.496 26 ATTITUDE 0.155169 0.899058 0.043998
28.530 26 NAVIGATION 4 0 36.21875 164.5 0. 168.440033 19 13 13 0 0 0
28.596 26 AIR_DATA 98300.109375 0. -1000. 1013.25 0. -1. -1.
28.596 26 AIRSPEED 13.810964 14. 14. 6.
28.597 26 DESIRED 0.619838 0.017119 1.306852 103.918678 182.795868 260. 0.281685 14.
28.597 26 ATTITUDE 0.175169 0.907843 0.040537
28.647 26 GPS 3 36032354 481376207 511 255799 1376 14 0 100642720 31 0
28.649 26 SVINFO 5 12 0 5 46 82 276
28.695 26 WP_MOVED 10 360452.8125 4813581. 260. 31
28.696 26 ATTITUDE 0.205169 0.922957 0.035627
28.779 26 NAVIGATION 4 0 38.78125 166.5 0. 170.956818 20 14 14 0 0 0
28.805 26 FBW_STATUS 2 0 1 12.5 9.097679
28.805 26 ESTIMATOR 257.416138 1.975961
28.805 26 DESIRED 0.658778 0.016949 1.371621 107.449921 180.36087 260. 0.271047 14.
28.805 26 ATTITUDE 0.225169 0.934329 0.032549
28.896 26 CALIBRATION 0. 0
28.896 26 GPS_SOL 690 690 690 7
28.896 26 GPS 3 36032618 481376409 527 255927 1384 -4 0 100642960 31 0
28.897 26 ATTITUDE 0.255169 0.953341 0.028221
28.996 26 DESIRED 0.658778 0.018424 1.371621 107.449921 180.36087 260. 0.271047 14.
28.996 26 ATTITUDE 0.275169 0.967324 0.025529
29.030 26 NAVIGATION 4 0 41.40625 168.5 0. 173.512894 20 14 14 0 0 0
29.097 26 ATTITUDE 0.305169 0.990276 0.021781
29.145 26 GPS 3 36032938 481376632 554 256035 1394 -3 0 100643240 31 0
29.196 26 WP_MOVED 11 360169.5 4813757.5 260. 31
29.196 26 DESIRED 0.691147 0.018285 1.436976 110.789337 177.840698 260. 0.260022 14.
29.196 26 ATTITUDE 0.325169 1.006905 0.019474
29.280 26 NAVIGATION 4 0 44.625 171. 0. 176.726883 20 14 14 0 0 0
29.313 26 ESTIMATOR 257.563629 1.61309
29.314 26 ATTITUDE 0.355169 1.03386 0.016299
29.395 26 GPS 3 36033223 481376810 579 256094 1401 -25 0 100643480 31 0
29.395 26 DESIRED 0.722972 0.019173 1.517393 114.533333 174.736877 260. 0.255575 14.
29.395 26 ATTITUDE 0.375169 1.053183 0.014373
29.496 26 DL_VALUE 31 0.
29.496 26 ENERGY 36 12.5 8.625702 107.821274 0.614876 7.685963
29.496 26 NAVIGATION 4 0 47.5 172.5 0. 176.726883 20 14 14 0 0 0
29.497 26 ATTITUDE 0.405169 1.084223 0.011764
29.530 26 NAVIGATION 4 0 47.5 172.5 0. 178.92038 20 14 14 0 0 0
29.546 26 CIRCLE 49.5 100.099998 70.
29.596 26 AIRSPEED 14.14054 14. 14. 6.
29.596 26 DESIRED 0.736435 0.020444 1.577846 117.540344 172.006256 260. 0.253434 14.
29.597 26 ATTITUDE 0.425169 1.106303 0.01021
29.647 26 GPS 3 36033519 481376973 612 256122 1409 -27 0 100643720 31 0
29.696 26 WP_MOVED 0 360326. 4813637. 260. 31
29.697 26 ATTITUDE 0.455169 1.141534 0.008152
29.780 26 NAVIGATION 4 0 50.4375 174. 0. 181.16275 21 15 15 0 0 0
29.797 26 ESTIMATOR 257.569855 1.267638
29.822 26 DESIRED 0.740997 0.022294 1.639223 120.382324 169.206421 260. 0.254922 14.
29.823 26 ATTITUDE 0.475169 1.166448 0.006959
29.896 26 AIR_DATA 98294.484375 0. -1000. 1013.25 0. -1. -1.
29.896 26 GPS 3 36033828 481377116 650 256121 1417 -39 0 100643960 31 0
29.897 26 SVINFO 3 10 1 3 47 54 177
29.897 26 ATTITUDE 0.505169 1.206 0.005432
29.980 26 FBW_STATUS 2 0 1 12.5 8.296062
29.996 26 DESIRED 0.740997 0.023956 1.639223 120.382324 169.206421 260. 0.254922 14.
29.997 26 ATTITUDE 0.525169 1.233845 0.004586
30.029 26 NAVIGATION 4 0 53.53125 175.5 0. 183.482544 21 15 15 0 0 0
30.097 26 ATTITUDE 0.555169 1.277875 0.003568
30.146 26 GPS 3 36034202 481377253 707 256083 1426 -46 0 100644240 31 0
30.197 26 WP_MOVED 1 360284. 4813595. 260. 31
30.197 26 DESIRED 0.741593 0.026595 1.70273 123.137367 166.26297 260. 0.261194 14.
30.198 26 ATTITUDE 0.575169 1.308766 0.003056
30.280 26 NAVIGATION 4 0 57.25 177. 0. 186.028397 21 15 15 0 0 0
30.296 26 ESTIMATOR 257.443878 0.939801
30.296 26 ATTITUDE 0.605169 1.357461 0.002526
30.397 26 GPS 3 36034536 481377340 754 256019 1433 -51 0 100644480 31 0
30.398 26 DESIRED 0.720696 0.029377 1.774999 126.16626 162.728149 260. 0.268137 14.
30.399 26 ATTITUDE 0.625169 1.391533 0.002327
30.497 26 NAVIGATION 4 0 60.625 178. 0. 186.028397 21 15 15 0 0 0
30.502 26 ATTITUDE 0.655169 1.445119 0.002256
30.530 26 NAVIGATION 4 0 60.625 178. 0. 188.040924 21 15 15 0 0 0
30.596 26 ENERGY 33 12.5 7.966354 99.57943 0.63004 7.875511
30.597 26 CIRCLE 49.5 100.099998 70.
30.597 26 AIRSPEED 14.453842 14. 14. 6.
30.597 26 DESIRED 0.70846 0.033152 1.836165 128.693298 159.500534 260. 0.282293 14.
30.597 26 ATTITUDE 0.675169 1.482535 0.002352
30.646 26 GPS 3 36034877 481377392 812 255923 1441 -73 0 100644720 31 0
30.647 26 SVINFO 6 13 1 6 45 40 327
30.696 26 WP_MOVED 2 360333.5 4813695. 260. 31
30.697 26 ATTITUDE 0.704557 1.541244 0.002714
30.779 26 NAVIGATION 4 0 64. 178.5 0. 189.626602 22 16 16 0 0 0
30.796 26 FBW_STATUS 2 0 1 12.5 7.822115
30.796 26 ESTIMATOR 257.195038 0.629849
30.796 26 DESIRED 0.669168 0.036873 1.891788 131.063171 156.202118 260. 0.294241 14.
30.797 26 ATTITUDE 0.722919 1.582058 0.003093
30.896 26 GPS_SOL 685 685 685 7
30.896 26 GPS 3 36035225 481377406 877 255796 1449 -82 0 100644960 31 0
30.897 26 ATTITUDE 0.746637 1.645556 0.003862
30.995 26 CALIBRATION 0. 0
30.996 26 DL_VALUE 32 0.
30.996 26 DESIRED 0.669168 0.038507 1.891788 131.063171 156.202118 260. 0.294241 14.
30.996 26 ATTITUDE 0.758506 1.689094 0.004504
31.028 26 NAVIGATION 4 0 67.5 178.5 0. 190.836319 22 16 16 0 0 0
31.095 26 ATTITUDE 0.769758 1.755576 0.005647
31.146 26 GPS 3 36035631 481377366 967 255608 1459 -67 0 100645240 31 0
31.147 26 SVINFO 1 8 1 1 48 0 78
31.197 26 AIR_DATA 98300.460938 0. -1000. 1013.25 0. -1. -1.
31.197 26 WP_MOVED 3 360294.09375 4813785. 260. 31
31.198 26 DESIRED 0.619599 0.043006 1.944526 133.388824 152.661041 260. 0.315728 14.
31.198 26 ATTITUDE 0.771517 1.800174 0.006533
31.279 26 NAVIGATION 4 0 71.5625 178.5 0. 192.310791 22 16 16 0 0 0
31.297 26 ESTIMATOR 256.825043 0.334415
31.318 26 ATTITUDE 0.765904 1.86657 0.008029
31.396 26 PPRZ_MODE 2 3 3 2 0 6
31.397 26 GPS 3 36035973 481377282 1037 255422 1466 -82 0 100645480 31 0
31.397 26 DESIRED 0.537213 0.046368 2.00718 135.84491 148.520615 260. 0.333053 14.
31.398 26 ATTITUDE 0.756634 1.910007 0.009128
31.495 26 NAVIGATION 4 0 74.96875 177.5 0. 192.310791 22 16 16 0 0 0
31.495 26 ATTITUDE 0.732191 1.972902 0.010926
31.531 26 NAVIGATION 4 0 74.96875 177.5 0. 192.682541 22 16 16 0 0 0
31.595 26 AIRSPEED 14.776368 14. 14. 6.
31.595 26 DESIRED 0.480569 0.050898 2.05128 137.872375 144.713043 260. 0.362319 14.
31.595 26 ATTITUDE 0.712191 2.012933 0.012207
31.646 26 CIRCLE 49.5 100.099998 70.
31.646 26 GPS 3 36036303 481377154 1112 255235 1473 -79 0 100645720 31 0
31.696 26 ENERGY 31 12.5 7.404791 92.559883 0.644059 8.050745
31.697 26 WP_MOVED 4 360416.3125 4813734. 260. 31
31.697 26 ATTITUDE 0.682191 2.070144 0.01426
31.779 26 NAVIGATION 4 0 78.28125 176. 0. 192.623871 23 17 17 0 0 0
31.797 26 ESTIMATOR 256.343384 0.054985
31.798 26 DESIRED 0.405843 0.053949 2.091533 139.771698 140.732773 260. 0.383579 14.
31.799 26 ATTITUDE 0.662191 2.106466 0.015704
31.878 26 COMMANDS 3065,-1637,241,0,0
31.895 26 GPS 3 36036616 481376988 1180 255077 1478 -57 0 100645959 31 0
31.896 26 SVINFO 4 11 0 4 46 88 228
31.896 26 ATTITUDE 0.632191 2.158337 0.017968
31.980 26 FBW_STATUS 2 0 1 12.5 7.348541
31.996 26 DESIRED 0.405843 0.053571 2.091533 139.771698 140.732773 260. 0.383579 14.
31.996 26 ATTITUDE 0.612191 2.191236 0.019536
32.030 26 NAVIGATION 4 0 81.40625 174.5 0. 192.554474 23 17 17 0 0 0
32.097 26 ATTITUDE 0.582191 2.23816 0.021953
32.147 26 GPS 3 36036957 481376752 1255 254954 1479 -31 0 100646240 31 0
32.148 26 SVINFO 5 12 1 5 45 78 278
32.195 26 COMMANDS 3077,-1508,226,0,0
32.195 26 WP_MOVED 5 360421. 4813583.5 260. 31
32.195 26 DESIRED 0.344177 0.057885 2.131133 141.423065 136.84436 260. 0.416402 14.
32.196 26 ATTITUDE 0.562191 2.267874 0.023614
32.280 26 NAVIGATION 4 0 84.8125 172. 0. 191.773727 23 17 17 0 0 0
32.297 26 ESTIMATOR 255.824768 -0.179563
32.297 26 ATTITUDE 0.532191 2.310166 0.026154
32.396 26 GPS 3 36037227 481376523 1303 254907 1477 -16 0 100646480 31 0
32.397 26 SVINFO 6 13 1 6 44 37 328
32.397 26 DESIRED 0.263671 0.060301 2.170672 143.189636 132.072678 260. 0.437982 14.
32.398 26 ATTITUDE 0.512191 2.336882 0.027866
32.497 26 DL_VALUE 33 0.
32.497 26 AIR_DATA 98308.632812 0. -1000. 1013.25 0. -1. -1.
32.498 26 NAVIGATION 4 0 87.53125 169.5 0. 191.773727 23 17 17 0 0 0
32.498 26 ATTITUDE 0.482191 2.374795 0.03046
32.529 26 NAVIGATION 4 0 87.53125 169.5 0. 190.766785 23 17 17 0 0 0
32.596 26 AIRSPEED 14.685915 14. 14. 6.
32.596 26 DESIRED 0.230108 0.063731 2.201904 144.526917 127.846817 260. 0.467482 14.
32.596 26 ATTITUDE 0.462191 2.398661 0.032189
32.646 26 GPS 3 36037477 481376273 1349 254913 1472 -6 0 100646720 31 0
32.647 26 SVINFO 0 7 0 0 48 25 29
32.696 26 CIRCLE 49.5 100.099998 70.
32.697 26 WP_MOVED 6 360164.8125 4813664.5 260. 31
32.697 26 ATTITUDE 0.432191 2.432389 0.034787
32.778 26 NAVIGATION 4 0 90. 167.5 0. 190.147964 24 18 18 0 0 0
32.795 26 FBW_STATUS 2 0 1 12.5 7.681454
32.796 26 ENERGY 33 12.5 7.684439 96.055481 0.657745 8.22181
32.796 26 ESTIMATOR 255.38356 -0.329571
32.796 26 DESIRED 0.189177 0.065136 2.234567 145.554901 124.046959 260. 0.484265 14.
32.796 26 ATTITUDE 0.412191 2.453516 0.036512
32.895 26 GPS_SOL 678 678 678 7
32.895 26 GPS 3 36037708 481376008 1390 254966 1465 7 0 100646959 31 0
32.896 26 ATTITUDE 0.382191 2.483205 0.039073
32.914 26 WIND_INFO 26 5 1. 0.4 0. 13.6
32.915 26 WIND_INFO_RET 5 1. 0.4 0. 14.58098
32.996 26 DATALINK_REPORT 0 7 1860 839 0 0
33.000 26 DESIRED 0.189177 0.063924 2.234567 145.554901 124.046959 260. 0.484265 14.
33.000 26 ATTITUDE 0.362191 2.501678 0.040757
33.030 26 NAVIGATION 4 0 92.34375 164.5 0. 188.646805 24 18 18 0 0 0
33.097 26 ALIVE 128,247,33,237,150,226,125,96,211,120,85,14,103,22,52,69
33.097 26 CALIBRATION 0. 0
33.097 26 ATTITUDE 0.332191 2.527436 0.04323
33.145 26 GPS 3 36037954 481375683 1433 255078 1455 30 0 100647240 31 0
33.145 26 SVINFO 2 9 1 2 47 17 129
33.196 26 WP_MOVED 7 360558.40625 4813804.5 260. 31
33.196 26 DESIRED 0.152411 0.065625 2.262445 146.553787 119.60804 260. 0.504129 14.
33.196 26 ATTITUDE 0.312191 2.543319 0.044843
33.280 26 NAVIGATION 4 0 94.78125 161.5 0. 187.258469 24 18 18 0 0 0
33.297 26 ESTIMATOR 255.109436 -0.375076
33.297 26 ATTITUDE 0.282191 2.565227 0.047194
33.395 26 GPS 3 36038149 481375395 1459 255211 1447 35 0 100647480 31 0
33.395 26 DESIRED 0.116013 0.065638 2.29587 147.383957 114.889542 260. 0.51302 14.
33.395 26 ATTITUDE 0.262191 2.578564 0.048706
33.496 26 NAVIGATION 4 0 96.71875 158.5 0. 187.258469 24 18 18 0 0 0
33.496 26 ATTITUDE 0.232191 2.596678 0.050885
33.530 26 NAVIGATION 4 0 96.71875 158.5 0. 185.679199 24 18 18 0 0 0
33.596 26 AIRSPEED 14.338626 14. 14. 6.
33.596 26 DESIRED 0.105451 0.065345 2.323467 147.944839 110.521782 260. 0.520013 14.
33.596 26 ATTITUDE 0.212191 2.6075 0.052269
33.647 26 GPS 3 36038331 481375102 1482 255371 1438 38 0 100647720 31 0
33.696 26 WP_MOVED 8 360461.40625 4813640. 215. 31
33.697 26 ATTITUDE 0.182191 2.621858 0.054238
33.746 26 CIRCLE 49.5 100.099998 70.
33.779 26 NAVIGATION 4 0 98.5625 155.5 0. 184.105453 25 19 19 0 0 0
33.798 26 AIR_DATA 98303.226562 0. -1000. 1013.25 0. -1. -1.
33.802 26 ESTIMATOR 255.039108 -0.323261
33.803 26 DESIRED 0.095979 0.064057 2.35271 148.313263 106.094772 260. 0.520398 14.
33.803 26 ATTITUDE 0.162191 2.630184 0.055475
33.895 26 ENERGY 35 12.5 8.356888 104.461098 0.672507 8.406343
33.895 26 GPS 3 36038502 481374804 1500 255553 1430 56 0 100647959 31 0
33.896 26 ATTITUDE 0.132326 2.64081 0.057207
33.979 26 FBW_STATUS 2 0 1 12.5 8.420858
33.996 26 DL_VALUE 34 0.
33.996 26 DESIRED 0.095979 0.062732 2.35271 148.313263 106.094772 260. 0.520398 14.
33.996 26 ATTITUDE 0.113057 2.646681 0.058276
34.028 26 NAVIGATION 4 0 100.28125 152.5 0. 182.517334 25 19 19 0 0 0
34.097 26 ATTITUDE 0.086302 2.653784 0.059745
34.147 26 GPS 3 36038692 481374454 1516 255785 1421 67 0 100648240 31 0
34.195 26 WP_MOVED 9 360312.8125 4813652. 185. 31
34.196 26 DESIRED 0.095654 0.060711 2.382898 148.482773 101.652878 260. 0.514886 14.
34.196 26 ATTITUDE 0.070546 2.657496 0.060629
34.280 26 NAVIGATION 4 0 102.15625 149. 0. 180.65686 25 19 19 0 0 0
34.297 26 ESTIMATOR 255.16951 -0.196306
34.297 26 ATTITUDE 0.050756 2.661768 0.061812
34.395 26 GPS 3 36038850 481374154 1522 255997 1414 67 0 100648480 31 0
34.395 26 DESIRED 0.104834 0.058539 2.419733 148.427307 96.440987 260. 0.506718 14.
34.396 26 ATTITUDE 0.04054 2.663917 0.062505
34.498 26 NAVIGATION 4 0 103.71875 146. 0. 180.65686 25 19 19 0 0 0
34.498 26 ATTITUDE 0.030273 2.666416 0.063394
34.529 26 NAVIGATION 4 0 103.71875 146. 0. 179.090973 25 19 19 0 0 0
34.596 26 AIRSPEED 14.059847 14. 14. 6.
34.596 26 DESIRED 0.125083 0.055318 2.453929 148.154999 91.90287 260. 0.489436 14.
34.596 26 ATTITUDE 0.026798 2.667796 0.063891
34.645 26 GPS 3 36039005 481373853 1527 256214 1409 65 0 100648720 31 0
34.696 26 WP_MOVED 10 360452.8125 4813581. 260. 31
34.696 26 ATTITUDE 0.027182 2.669799 0.06448
34.779 26 NAVIGATION 4 0 105.28125 143. 0. 177.575729 26 20 20 0 0 0
34.796 26 FBW_STATUS 2 0 1 12.5 8.668648
34.797 26 CIRCLE 49.5 100.099998 70.
34.797 26 ESTIMATOR 255.472702 -0.022889
34.797 26 DESIRED 0.150461 0.052851 2.491282 147.662186 87.286499 260. 0.474914 14.
34.798 26 ATTITUDE 0.030969 2.671303 0.064773
34.896 26 GPS_SOL 670 670 670 7
34.897 26 GPS 3 36039158 481373553 1529 256433 1403 79 0 100648959 31 0
34.897 26 ATTITUDE 0.041675 2.674149 0.065064
35.000 26 ENERGY 36 12.5 8.693207 108.665085 0.688208 8.602609
35.001 26 DESIRED 0.150461 0.052899 2.491282 147.662186 87.286499 260. 0.474914 14.
35.002 26 ATTITUDE 0.052086 2.67664 0.06516
35.029 26 NAVIGATION 4 0 106.84375 140. 0. 176.112427 26 20 20 0 0 0
35.098 26 AIR_DATA 98290.84375 0. -1000. 1013.25 0. -1. -1.
35.098 26 ATTITUDE 0.071628 2.681554 0.065167
35.146 26 GPS 3 36039335 481373203 1533 256689 1398 77 0 100649240 31 0
35.146 26 SVINFO 3 10 1 3 46 63 180
35.196 26 CALIBRATION 0. 0
35.197 26 WP_MOVED 11 360169.5 4813757.5 260. 31
35.198 26 DESIRED 0.179655 0.049416 2.531678 146.939667 82.621109 260. 0.449515 14.
35.202 26 ATTITUDE 0.087229 2.685769 0.065074
35.279 26 NAVIGATION 4 0 108.625 136.5 0. 174.446671 26 20 20 0 0 0
35.296 26 ESTIMATOR 255.902039 0.167296
35.296 26 ATTITUDE 0.113265 2.69372 0.064801
35.396 26 GPS 3 36039482 481372902 1539 256904 1395 101 0 100649480 31 0
35.396 26 SVINFO 4 11 1 4 45 89 230
35.396 26 DESIRED 0.213605 0.047005 2.581627 145.80722 77.188911 260. 0.429876 14.
35.396 26 ATTITUDE 0.131728 2.700182 0.064537
35.495 26 DL_VALUE 35 140.
35.496 26 NAVIGATION 4 0 110.0625 133.5 0. 174.446671 26 20 20 0 0 0
35.496 26 ATTITUDE 0.161093 2.711752 0.064016
35.529 26 NAVIGATION 4 0 110.0625 133.5 0. 173.020248 26 20 20 0 0 0
35.596 26 AIRSPEED 13.924335 14. 14. 6.
35.597 26 DESIRED 0.237081 0.04295 2.62563 144.601044 72.608368 260. 0.398423 14.
35.597 26 ATTITUDE 0.180859 2.720749 0.063598
35.645 26 GPS 3 36039623 481372599 1550 257112 1393 94 0 100649720 31 0
35.647 26 SVINFO 5 12 1 5 44 74 280
35.696 26 WP_MOVED 0 360326. 4813637. 260. 31
35.697 26 ATTITUDE 0.210443 2.736187 0.06285
35.779 26 NAVIGATION 4 0 111.5 130.5 0. 171.646439 27 21 21 0 0 0
35.797 26 ESTIMATOR 256.410553 0.350034
35.798 26 DESIRED 0.256253 0.040353 2.672173 143.168732 68.066101 260. 0.376533 14.
35.798 26 ATTITUDE 0.229453 2.747754 0.062278
35.845 26 CIRCLE 49.5 100.099998 70.
35.897 26 NAVIGATION_REF 360284 4813595 31 185.
35.897 26 GPS 3 36039755 481372292 1566 257309 1391 93 0 100649959 31 0
35.897 26 SVINFO 6 13 0 6 43 31 330
35.897 26 ATTITUDE 0.256181 2.766916 0.061319
35.980 26 FBW_STATUS 2 0 1 12.5 8.619572
35.996 26 DESIRED 0.256253 0.041004 2.672173 143.168732 68.066101 260. 0.376533 14.
35.996 26 ATTITUDE 0.272553 2.780826 0.060614
36.028 26 NAVIGATION 4 0 112.8125 127.5 0. 170.243683 27 21 21 0 0 0
36.096 26 ENERGY 35 12.5 8.533844 106.67305 0.704075 8.800942
36.097 26 ATTITUDE 0.294194 2.80321 0.059472
36.146 26 GPS 3 36039895 481371929 1593 257522 1390 102 0 100650240 31 0
36.196 26 WP_MOVED 1 360284. 4813595. 260. 31
36.196 26 DESIRED 0.267836 0.036539 2.718688 141.544266 63.660267 260. 0.343143 14.
36.197 26 ATTITUDE 0.306528 2.819021 0.058646
36.281 26 NAVIGATION 4 0 114.21875 124. 0. 168.588028 27 21 21 0 0 0
36.298 26 PPRZ_MODE 2 3 3 2 0 6
36.298 26 ESTIMATOR 256.945892 0.504828
36.298 26 ATTITUDE 0.321491 2.84383 0.057324
36.395 26 AIR_DATA 98276.25 0. -1000. 1013.25 0. -1. -1.
36.395 26 GPS 3 36039999 481371612 1617 257686 1390 74 0 100650480 31 0
36.395 26 SVINFO 1 8 1 1 47 0 81
36.396 26 DESIRED 0.270247 0.033524 2.773421 139.4151 58.684132 260. 0.320376 14.
36.396 26 ATTITUDE 0.328907 2.860938 0.056395
36.496 26 NAVIGATION 4 0 115.25 120.5 0. 168.588028 27 21 21 0 0 0
36.496 26 ATTITUDE 0.336203 2.887169 0.054928
36.530 26 NAVIGATION 4 0 115.25 120.5 0. 166.74176 27 21 21 0 0 0
36.597 26 AIRSPEED 13.92551 14. 14. 6.
36.597 26 DESIRED 0.277664 0.028779 2.824203 137.099121 53.987171 260. 0.287252 14.
36.598 26 ATTITUDE 0.33853 2.904871 0.053912
36.646 26 GPS 3 36040088 481371290 1646 257834 1391 82 0 100650720 31 0
36.647 26 SVINFO 2 9 0 2 46 22 131
36.696 26 WP_MOVED 2 360333.5 4813695. 260. 31
36.696 26 ATTITUDE 0.338753 2.931486 0.052314
36.780 26 NAVIGATION 4 0 116.125 117.5 0. 165.200684 28 22 22 0 0 0
36.797 26 FBW_STATUS 2 0 1 12.5 8.362974
36.797 26 ESTIMATOR 257.46283 0.617919
36.797 26 DESIRED 0.269162 0.025653 2.869846 134.916504 50.059803 260. 0.266149 14.
36.798 26 ATTITUDE 0.336953 2.949142 0.051206
36.878 26 COMMANDS 3376,-434,-197,0,0
36.896 26 GPS_SOL 661 661 661 7
36.896 26 CIRCLE 49.5 100.099998 70.
36.896 26 GPS 3 36040159 481370963 1677 257968 1392 75 0 100650959 31 0
36.896 26 SVINFO 3 10 1 3 45 66 181
36.896 26 ATTITUDE 0.331563 2.975289 0.049486
36.996 26 DL_VALUE 36 0.
36.996 26 DESIRED 0.269162 0.025553 2.869846 134.916504 50.059803 260. 0.266149 14.
36.997 26 ATTITUDE 0.326307 2.992386 0.048302
37.029 26 NAVIGATION 4 0 116.84375 114.5 0. 163.593124 28 22 22 0 0 0
37.096 26 ATTITUDE 0.316474 3.017374 0.046481
37.145 26 GPS 3 36040220 481370577 1714 258110 1394 95 0 100651240 31 0
37.195 26 COMMANDS 3340,-289,-197,0,0
37.196 26 ENERGY 34 12.5 8.192894 102.411179 0.719455 8.993185
37.196 26 WP_MOVED 3 360294.09375 4813785. 260. 31
37.196 26 DESIRED 0.262705 0.020877 2.91474 132.589676 46.284519 260. 0.236444 14.
37.197 26 ATTITUDE 0.308844 3.033526 0.04523
37.279 26 NAVIGATION 4 0 117.4375 110.5 0. 161.250793 28 22 22 0 0 0
37.296 26 AUTOPILOT_VERSION 51500 v5.15_devel-179-g9a29798-dirty
37.296 26 CALIBRATION 0. 0
37.297 26 ESTIMATOR 257.924866 0.683084
37.297 26 ATTITUDE 0.2964 3.056911 0.04331
37.395 26 GPS 3 36040255 481370244 1740 258223 1395 96 0 100651480 31 0
37.396 26 DESIRED 0.256467 0.017777 2.971534 129.286285 41.498394 260. 0.217682 14.
37.396 26 ATTITUDE 0.287799 3.071916 0.042008
37.496 26 NAVIGATION 4 0 117.8125 107. 0. 161.250793 28 22 22 0 0 0
37.496 26 ATTITUDE 0.274793 3.093538 0.040018
37.528 26 NAVIGATION 4 0 117.8125 107. 0. 159.150192 28 22 22 0 0 0
37.597 26 AIRSPEED 13.979478 14. 14. 6.
37.597 26 DESIRED 0.265219 0.013611 3.021788 126.18029 37.489029 260. 0.191882 14.
37.598 26 ATTITUDE 0.266426 3.107377 0.038677
37.646 26 GPS 3 36040275 481369909 1766 258330 1397 91 0 100651720 31 0
37.696 26 AIR_DATA 98268.742188 0. -1000. 1013.25 0. -1. -1.
37.696 26 WP_MOVED 4 360416.3125 4813734. 260. 31
37.696 26 ATTITUDE 0.255183 3.12735 0.036634
37.780 26 NAVIGATION 4 0 118. 103.5 0. 156.959396 29 23 23 0 0 0
37.798 26 ESTIMATOR 258.320496 0.705567
37.799 26 DESIRED 0.269334 0.011007 3.071777 122.884109 33.65625 260. 0.17618 14.
37.800 26 ATTITUDE 0.248859 3.140215 0.035257
37.896 26 GPS 3 36040281 481369574 1789 258431 1398 86 0 100651959 31 0
37.896 26 SVINFO 0 7 0 0 47 17 32
37.896 26 ATTITUDE 0.24145 3.158976 0.033175
37.946 26 CIRCLE 49.5 100.099998 70.
37.980 26 FBW_STATUS 2 0 1 12.5 7.981411
37.997 26 DESIRED 0.269334 0.010883 3.071777 122.884109 33.65625 260. 0.17618 14.
37.997 26 ATTITUDE 0.238071 3.171223 0.031779
38.029 26 NAVIGATION 4 0 118.0625 100. 0. 154.721542 29 23 23 0 0 0
38.095 26 DATALINK_REPORT 5 7 2050 840 0 0
38.095 26 ATTITUDE 0.235391 3.189367 0.029683
38.146 26 GPS 3 36040272 481369182 1816 258540 1399 54 0 100652240 31 0
38.195 26 ALIVE 128,247,33,237,150,226,125,96,211,120,85,14,103,22,52,69
38.196 26 WP_MOVED 5 360421. 4813583.5 260. 31
38.196 26 DESIRED 0.278321 0.007709 3.122519 119.397827 29.997971 260. 0.154859 14.
38.196 26 ATTITUDE 0.235367 3.20142 0.02828
38.278 26 NAVIGATION 4 0 117.96875 96.5 0. 152.410217 29 23 23 0 0 0
38.296 26 ENERGY 33 12.5 7.909189 98.864868 0.734189 9.177357
38.296 26 ESTIMATOR 258.648193 0.694091
38.297 26 ATTITUDE 0.237764 3.21961 0.026182
38.395 26 GPS 3 36040251 481368847 1836 258623 1400 32 0 100652480 31 0
38.395 26 DESIRED 0.281136 0.005939 3.173602 115.728004 26.521118 260. 0.141805 14.
38.396 26 ATTITUDE 0.240797 3.231903 0.024793
38.496 26 DL_VALUE 37 14.
38.496 26 NAVIGATION 4 0 117.78125 93. 0. 152.410217 29 23 23 0 0 0
38.497 26 ATTITUDE 0.247198 3.250728 0.022726
38.530 26 NAVIGATION 4 0 117.78125 93. 0. 150.071396 29 23 23 0 0 0
38.597 26 AIRSPEED 14.021254 14. 14. 6.
38.597 26 DESIRED 0.30155 0.00366 3.22591 111.884933 23.235695 260. 0.124447 14.
38.597 26 ATTITUDE 0.252414 3.263598 0.021368
38.645 26 GPS 3 36040217 481368512 1857 258695 1401 30 0 100652720 31 0
38.695 26 WP_MOVED 6 360164.8125 4813664.5 260. 31
38.696 26 ATTITUDE 0.262022 3.283502 0.019354
38.779 26 NAVIGATION 4 0 117.40625 89.5 0. 147.629532 30 24 24 0 0 0
38.795 26 FBW_STATUS 2 0 1 12.5 7.780155
38.795 26 ESTIMATOR 258.909729 0.656594
38.795 26 DESIRED 0.312898 0.00259 3.27828 107.866356 20.141464 260. 0.114369 14.
38.796 26 ATTITUDE 0.269383 3.297235 0.018033
38.896 26 GPS_SOL 651 651 651 7
38.896 26 GPS 3 36040171 481368179 1879 258754 1402 33 0 100652959 31 0
38.897 26 SVINFO 4 11 1 4 44 89 232
38.897 26 ATTITUDE 0.281469 3.318615 0.016092
38.997 26 AIR_DATA 98263.804688 0. -1000. 1013.25 0. -1. -1.
38.998 26 CIRCLE 49.5 100.099998 70.
38.998 26 DESIRED 0.312898 0.003134 3.27828 107.866356 20.141464 260. 0.114369 14.
38.998 26 ATTITUDE 0.290056 3.333426 0.014828
39.029 26 NAVIGATION 4 0 116.96875 86.5 0. 145.478302 30 24 24 0 0 0
39.097 26 ATTITUDE 0.303106 3.356508 0.012983
39.146 26 GPS 3 36040098 481367792 1909 258804 1404 35 0 100653240 31 0
39.146 26 SVINFO 5 12 1 5 43 69 282
39.196 26 WP_MOVED 7 360558.40625 4813804.5 260. 31
39.196 26 DESIRED 0.315863 0.001803 3.323729 104.287766 17.648193 260. 0.101529 14.
39.197 26 ATTITUDE 0.311614 3.372468 0.011787
39.280 26 NAVIGATION 4 0 116.21875 82.5 0. 142.523849 30 24 24 0 0 0
39.297 26 ESTIMATOR 259.099884 0.596511
39.298 26 ATTITUDE 0.323578 3.397223 0.010052
39.397 26 CALIBRATION 0. 0
39.397 26 ENERGY 32 12.5 7.60388 95.0485 0.748403 9.355031
39.397 26 GPS 3 36040020 481367464 1934 258830 1406 27 0 100653480 31 0
39.397 26 SVINFO 6 13 1 6 42 25 332
39.398 26 DESIRED 0.323912 0.001328 3.385242 99.329819 14.5606 260. 0.094422 14.
39.398 26 ATTITUDE 0.330786 3.414225 0.008939
39.496 26 NAVIGATION 4 0 115.4375 79. 0. 142.523849 30 24 24 0 0 0
39.497 26 ATTITUDE 0.34042 3.440392 0.007334
39.530 26 NAVIGATION 4 0 115.4375 79. 0. 139.881439 30 24 24 0 0 0
39.595 26 AIRSPEED 14.112597 14. 14. 6.
39.595 26 DESIRED 0.335081 0.000652 3.440314 94.835388 12.096008 260. 0.08624 14.
39.595 26 ATTITUDE 0.345847 3.458219 0.006313
39.646 26 GPS 3 36039924 481367139 1963 258840 1409 32 0 100653720 31 0
39.696 26 WP_MOVED 8 360461.40625 4813640. 215. 31
39.696 26 ATTITUDE 0.352756 3.485438 0.004851
39.779 26 NAVIGATION 4 0 114.5 76. 0. 137.427246 31 25 25 0 0 0
39.797 26 ESTIMATOR 259.213837 0.516553
39.798 26 DESIRED 0.327854 0.000579 3.486991 90.798859 10.131096 260. 0.082469 14.
39.798 26 ATTITUDE 0.356488 3.503848 0.003925
39.896 26 GPS 3 36039812 481366820 1994 258836 1412 32 0 100653959 31 0
39.896 26 SVINFO 1 8 1 1 46 0 83
39.896 26 ATTITUDE 0.360505 3.53175 0.002614
39.980 26 FBW_STATUS 2 0 1 12.5 7.434431
39.996 26 DL_VALUE 38 0.364288
39.996 26 DESIRED 0.327854 0.001 3.486991 90.798859 10.131096 260. 0.082469 14.
39.996 26 ATTITUDE 0.36195 3.550464 0.001791
40.029 26 NAVIGATION 4 0 113.375 72.5 0. 134.573929 31 25 25 0 0 0
40.046 26 CIRCLE 49.5 100.099998 70.
40.096 26 ATTITUDE 0.362402 3.578574 0.000636
40.146 26 GPS 3 36039657 481366455 2034 258817 1415 12 0 100654240 31 0
40.147 26 SVINFO 2 9 1 2 45 28 133
40.197 26 WP_MOVED 9 360312.8125 4813652. 185. 31
40.197 26 DESIRED 0.333741 0.000835 3.543498 85.992455 8.07663 260. 0.079251 14.
40.197 26 ATTITUDE 0.361254 3.606603 -0.000424
40.279 26 NAVIGATION 4 0 111.8125 69. 0. 131.38887 31 25 25 0 0 0
40.297 26 AIR_DATA 98263.070312 0. -1000. 1013.25 0. -1. -1.
40.298 26 ESTIMATOR 259.248993 0.419933
40.298 26 ATTITUDE 0.359754 3.625187 -0.001077
40.396 26 GPS 3 36039506 481366150 2063 258791 1418 4 0 100654480 31 0
40.396 26 SVINFO 3 10 1 3 44 71 183
40.396 26 DESIRED 0.319406 0.001024 3.599408 80.872795 6.207779 260. 0.078781 14.
40.396 26 ATTITUDE 0.357459 3.643644 -0.001687
40.498 26 ENERGY 31 12.5 7.307156 91.339447 0.762057 9.525711
40.500 26 NAVIGATION 4 0 110.28125 66. 0. 131.38887 31 25 25 0 0 0
40.501 26 ATTITUDE 0.352586 3.671 -0.002521
40.530 26 NAVIGATION 4 0 110.28125 66. 0. 128.522186 31 25 25 0 0 0
40.595 26 AIRSPEED 14.222454 14. 14. 6.
40.597 26 DESIRED 0.322097 0.001405 3.648484 76.298622 4.801346 260. 0.080266 14.
40.598 26 ATTITUDE 0.348606 3.688967 -0.003025
40.646 26 GPS 3 36039338 481365853 2095 258759 1420 0 0 100654720 31 0
40.647 26 SVINFO 4 11 1 4 43 89 233
40.695 26 WP_MOVED 10 360452.8125 4813581. 260. 31
40.695 26 ATTITUDE 0.342032 3.715459 -0.003704
40.779 26 NAVIGATION 4 0 108.625 63. 0. 125.57225 32 26 26 0 0 0
40.796 26 FBW_STATUS 2 0 1 12.5 7.245171
40.797 26 ESTIMATOR 259.21283 0.313606
40.797 26 DESIRED 0.317999 0.001851 3.699133 71.587807 3.600624 260. 0.082574 14.
40.797 26 ATTITUDE 0.337492 3.732803 -0.004106
40.895 26 GPS_SOL 640 640 640 7
40.895 26 GPS 3 36039154 481365565 2126 258724 1422 -2 0 100654959 31 0
40.896 26 SVINFO 5 12 1 5 42 66 283
40.896 26 ATTITUDE 0.330685 3.758343 -0.004634
40.997 26 DESIRED 0.317999 0.001925 3.699133 71.587807 3.600624 260. 0.082574 14.
40.998 26 ATTITUDE 0.326261 3.775059 -0.004938
41.030 26 NAVIGATION 4 0 106.78125 60. 0. 122.483612 32 26 26 0 0 0
41.096 26 CIRCLE 49.5 100.099998 70.
41.096 26 ATTITUDE 0.320078 3.799695 -0.005322
41.146 26 GPS 3 36038920 481365242 2162 258684 1424 -5 0 100655240 31 0
41.146 26 SVINFO 6 13 1 6 41 22 333
41.196 26 PPRZ_MODE 2 3 3 2 0 6
41.196 26 WP_MOVED 11 360169.5 4813757.5 260. 31
41.196 26 DESIRED 0.318492 0.002761 3.751248 66.700287 2.610764 260. 0.087648 14.
41.196 26 ATTITUDE 0.316424 3.815856 -0.00553
41.279 26 NAVIGATION 4 0 104.4375 57. 0. 118.979797 32 26 26 0 0 0
41.296 26 ESTIMATOR 259.123077 0.207251
41.297 26 ATTITUDE 0.311824 3.839766 -0.005774
41.395 26 GPS 3 36038706 481364975 2188 258651 1425 -2 0 100655480 31 0
41.396 26 SVINFO 0 7 0 0 46 12 34
41.396 26 DESIRED 0.307552 0.003513 3.804349 61.366917 1.818893 260. 0.091989 14.
41.396 26 ATTITUDE 0.309349 3.855524 -0.005892
41.496 26 CALIBRATION 0. 0
41.496 26 DL_VALUE 39 -0.018271
41.496 26 NAVIGATION 4 0 102.28125 54. 0. 118.979797 32 26 26 0 0 0
41.496 26 ATTITUDE 0.306136 3.878932 -0.006004
41.530 26 NAVIGATION 4 0 102.28125 54. 0. 115.660942 32 26 26 0 0 0
41.596 26 AIR_DATA 98265. 0. -1000. 1013.25 0. -1. -1.
41.596 26 ENERGY 31 12.5 7.180359 89.754486 0.775297 9.691206
41.596 26 AIRSPEED 14.270945 14. 14. 6.
41.597 26 DESIRED 0.323788 0.004737 3.860654 56.173714 1.330254 260. 0.099368 14.
41.597 26 ATTITUDE 0.304394 3.894409 -0.006039
41.652 26 GPS 3 36038479 481364719 2215 258619 1426 18 0 100655720 31 0
41.696 26 WP_MOVED 0 360326. 4813637. 260. 31
41.697 26 ATTITUDE 0.303131 3.917511 -0.006026
41.781 26 NAVIGATION 4 0 100.0625 51.5 0. 112.537788 33 27 27 0 0 0
41.797 26 ESTIMATOR 259.001984 0.110503
41.798 26 DESIRED 0.321974 0.005709 3.909091 51.458794 1.124435 260. 0.104692 14.
41.800 26 ATTITUDE 0.303266 3.932898 -0.005977
41.879 26 COMMANDS 2996,162,58,0,0
41.896 26 GPS 3 36038240 481364474 2242 258589 1427 2 0 100655959 31 0
41.896 26 ATTITUDE 0.304738 3.956054 -0.005847
41.981 26 FBW_STATUS 2 0 1 12.5 7.156824
41.995 26 DESIRED 0.321974 0.005944 3.909091 51.458794 1.124435 260. 0.104692 14.
41.996 26 ATTITUDE 0.30641 3.971588 -0.005722
42.029 26 NAVIGATION 4 0 97.65625 49.5 0. 109.48513 33 27 27 0 0 0
42.097 26 ATTITUDE 0.309686 3.995094 -0.005483
42.145 26 CIRCLE 49.5 100.099998 70.
42.146 26 GPS 3 36037947 481364202 2275 258556 1427 -2 0 100656240 31 0
42.195 26 COMMANDS 2994,54,66,0,0
42.195 26 WP_MOVED 1 360284. 4813595. 260. 31
42.195 26 DESIRED 0.315808 0.007465 3.949625 47.051102 1.135345 260. 0.113006 14.
42.196 26 ATTITUDE 0.312081 4.010921 -0.005287
42.278 26 NAVIGATION 4 0 94.71875 46.5 0. 105.517258 33 27 27 0 0 0
42.296 26 ESTIMATOR 258.868439 0.029307
42.296 26 ATTITUDE 0.315751 4.034907 -0.004943
42.395 26 GPS 3 36037684 481363982 2300 258528 1427 -16 0 100656480 31 0
42.395 26 DESIRED 0.32419 0.008599 4.013407 41.13385 1.459198 260. 0.118701 14.
42.395 26 ATTITUDE 0.318302 4.051066 -0.004681
42.495 26 NAVIGATION 4 0 92.09375 44. 0. 105.517258 33 27 27 0 0 0
42.495 26 ATTITUDE 0.322298 4.07557 -0.004243
42.529 26 NAVIGATION 4 0 92.09375 44. 0. 102.064972 33 27 27 0 0 0
42.597 26 AIRSPEED 14.276767 14. 14. 6.
42.597 26 DESIRED 0.336123 0.010148 4.069246 36.077629 2.019218 260. 0.127155 14.
42.597 26 ATTITUDE 0.324948 4.092084 -0.003924
42.646 26 GPS 3 36037411 481363775 2328 258501 1427 -1 0 100656720 31 0
42.696 26 ENERGY 31 12.5 7.162706 89.533829 0.788427 9.85535
42.697 26 WP_MOVED 2 360333.5 4813695. 260. 31
42.697 26 ATTITUDE 0.329235 4.11714 -0.003403
42.779 26 NAVIGATION 4 0 89.375 42.5 0. 98.965347 34 28 28 0 0 0
42.798 26 FBW_STATUS 2 0 1 12.5 7.150942
42.800 26 ESTIMATOR 258.735382 -0.034108
42.800 26 DESIRED 0.321182 0.011267 4.10766 31.789053 2.702248 260. 0.132658 14.
42.801 26 ATTITUDE 0.332241 4.134044 -0.00303
42.897 26 GPS_SOL 629 629 629 7
42.898 26 AIR_DATA 98267.070312 0. -1000. 1013.25 0. -1. -1.
42.898 26 GPS 3 36037128 481363582 2356 258474 1427 -6 0 100656959 31 0
42.899 26 ATTITUDE 0.33642 4.159695 -0.002436
42.916 26 WIND_INFO 26 5 0.2 -0.2 0. 14.1
42.916 26 WIND_INFO_RET 5 0.2 -0.2 0. 14.276546
42.996 26 DL_VALUE 40 -0.
42.997 26 DESIRED 0.321182 0.011538 4.10766 31.789053 2.702248 260. 0.132658 14.
42.998 26 ATTITUDE 0.338565 4.176957 -0.002019
43.029 26 NAVIGATION 4 0 86.53125 40.5 0. 95.540085 34 28 28 0 0 0
43.095 26 ATTITUDE 0.340814 4.20302 -0.001365
43.146 26 GPS 3 36036786 481363375 2393 258444 1427 -18 0 100657240 31 0
43.196 26 DATALINK_REPORT 0 8 2240 833 0 0
43.197 26 CIRCLE 49.5 100.099998 70.
43.197 26 WP_MOVED 3 360294.09375 4813785. 260. 31
43.197 26 DESIRED 0.326194 0.012943 4.158826 26.985113 3.699379 260. 0.140617 14.
43.197 26 ATTITUDE 0.341779 4.220472 -0.000909
43.279 26 NAVIGATION 4 0 83.09375 38. 0. 91.370514 34 28 28 0 0 0
43.298 26 ALIVE 128,247,33,237,150,226,125,96,211,120,85,14,103,22,52,69
43.298 26 ESTIMATOR 258.610535 -0.080342
43.298 26 ATTITUDE 0.34249 4.246715 -0.000202
43.396 26 GPS 3 36036484 481363214 2420 258421 1427 -9 0 100657480 31 0
43.396 26 SVINFO 1 8 0 1 45 2 85
43.396 26 DESIRED 0.328312 0.013872 4.225142 21.237692 5.225121 260. 0.145755 14.
43.397 26 ATTITUDE 0.342507 4.264222 0.000282
43.496 26 NAVIGATION 4 0 80.09375 36.5 0. 91.370514 34 28 28 0 0 0
43.497 26 ATTITUDE 0.342008 4.29046 0.001027
43.530 26 NAVIGATION 4 0 80.09375 36.5 0. 88.018517 34 28 28 0 0 0
43.597 26 CALIBRATION 0. 0
43.597 26 AIRSPEED 14.270208 14. 14. 6.
43.597 26 DESIRED 0.32637 0.01507 4.272254 16.763004 6.67469 260. 0.15299 14.
43.597 26 ATTITUDE 0.341372 4.307917 0.001532
43.646 26 GPS 3 36036173 481363070 2450 258400 1427 -33 0 100657720 31 0
43.647 26 SVINFO 2 9 0 2 44 34 135
43.696 26 WP_MOVED 4 360416.3125 4813734. 260. 31
43.697 26 ATTITUDE 0.339965 4.334018 0.002302
43.779 26 NAVIGATION 4 0 76.96875 35. 0. 84.552872 35 29 29 0 0 0
43.797 26 ENERGY 31 12.5 7.165649 89.570618 0.801557 10.019487
43.797 26 ESTIMATOR 258.499237 -0.110746
43.798 26 DESIRED 0.324194 0.015811 4.322505 12.219158 8.393188 260. 0.15743 14.
43.798 26 ATTITUDE 0.338778 4.351346 0.002822
43.896 26 GPS 3 36035855 481362942 2480 258383 1426 -38 0 100657959 31 0
43.896 26 SVINFO 3 10 0 3 43 76 185
43.896 26 ATTITUDE 0.336697 4.377206 0.003607
43.979 26 FBW_STATUS 2 0 1 12.5 7.168589
43.996 26 DESIRED 0.324194 0.015848 4.322505 12.219158 8.393188 260. 0.15743 14.
43.996 26 ATTITUDE 0.335142 4.394348 0.004132
44.029 26 NAVIGATION 4 0 73.8125 34. 0. 81.266754 35 29 29 0 0 0
44.102 26 ATTITUDE 0.332617 4.419899 0.004918
44.145 26 GPS 3 36035477 481362814 2517 258370 1425 -20 0 100658240 31 0
44.146 26 SVINFO 4 11 1 4 42 89 235
44.196 26 AIR_DATA 98268.273438 0. -1000. 1013.25 0. -1. -1.
44.196 26 WP_MOVED 5 360421. 4813583.5 260. 31
44.196 26 DESIRED 0.314576 0.016756 4.366068 7.967293 10.2388 260. 0.163442 14.
44.197 26 ATTITUDE 0.330638 4.43681 0.005441
44.246 26 CIRCLE 49.5 100.099998 70.
44.280 26 NAVIGATION 4 0 70. 32.5 0. 77.176743 35 29 29 0 0 0
44.295 26 ESTIMATOR 258.408234 -0.12585
44.295 26 ATTITUDE 0.327336 4.461964 0.006221
44.395 26 GPS 3 36035148 481362722 2544 258364 1425 -19 0 100658480 31 0
44.395 26 SVINFO 5 12 1 5 41 60 285
44.396 26 DESIRED 0.312631 0.017254 4.427092 2.826725 12.798195 260. 0.166976 14.
44.396 26 ATTITUDE 0.325014 4.478584 0.006734
44.496 26 DL_VALUE 41 0.1
44.496 26 NAVIGATION 4 0 66.71875 31.5 0. 77.176743 35 29 29 0 0 0
44.497 26 ATTITUDE 0.321444 4.503282 0.007493
44.529 26 NAVIGATION 4 0 66.71875 31.5 0. 73.781036 35 29 29 0 0 0
44.597 26 AIRSPEED 14.235359 14. 14. 6.
44.597 26 DESIRED 0.317704 0.017873 4.476867 -1.352413 15.164543 260. 0.171455 14.
44.598 26 ATTITUDE 0.31916 4.519594 0.00799
44.646 26 GPS 3 36034814 481362647 2573 258364 1424 -23 0 100658720 31 0
44.646 26 SVINFO 6 13 1 6 40 17 335
44.696 26 WP_MOVED 6 360164.8125 4813664.5 260. 31
44.696 26 ATTITUDE 0.316224 4.543865 0.008721
44.779 26 NAVIGATION 4 0 63.40625 31. 0. 70.578697 36 30 30 0 0 0
44.795 26 FBW_STATUS 2 0 1 12.5 7.212751
44.795 26 ESTIMATOR 258.342957 -0.126622
44.795 26 DESIRED 0.308905 0.018184 4.520728 -5.313641 17.66539 260. 0.173824 14.
44.795 26 ATTITUDE 0.314645 4.559936 0.009197
44.896 26 NAVIGATION_REF 360284 4813595 31 185.
44.897 26 GPS_SOL 616 616 616 7
44.897 26 ENERGY 31 12.5 7.221588 90.269852 0.814745 10.184331
44.897 26 GPS 3 36034478 481362588 2601 258370 1422 -35 0 100658959 31 0
44.897 26 SVINFO 0 7 0 0 45 8 36
44.897 26 ATTITUDE 0.312701 4.583916 0.009891
44.996 26 DESIRED 0.308905 0.018151 4.520728 -5.313641 17.66539 260. 0.173824 14.
44.997 26 ATTITUDE 0.311536 4.599828 0.010339
45.030 26 NAVIGATION 4 0 60.0625 30.5 0. 67.362854 36 30 30 0 0 0
45.095 26 ATTITUDE 0.310031 4.623599 0.010989
45.146 26 GPS 3 36034083 481362541 2635 258384 1421 -19 0 100659240 31 0
45.147 26 SVINFO 1 8 1 1 44 3 86
45.196 26 WP_MOVED 7 360558.40625 4813804.5 260. 31
45.196 26 DESIRED 0.308057 0.018497 4.567448 -9.204617 20.389473 260. 0.176369 14.
45.197 26 ATTITUDE 0.308839 4.647276 0.01161
45.280 26 NAVIGATION 4 0 56.09375 30. 0. 63.612175 36 30 30 0 0 0
45.297 26 CIRCLE 49.5 100.099998 70.
45.297 26 ESTIMATOR 258.309387 -0.113574
45.298 26 ATTITUDE 0.308238 4.663023 0.012006
45.396 26 GPS 3 36033743 481362517 2660 258400 1419 -14 0 100659480 31 0
45.397 26 SVINFO 2 9 1 2 43 37 136
45.397 26 DESIRED 0.304693 0.01863 4.624452 -13.636971 23.852226 260. 0.177345 14.
45.397 26 ATTITUDE 0.307769 4.678747 0.012389
45.496 26 AIR_DATA 98267.921875 0. -1000. 1013.25 0. -1. -1.
45.496 26 NAVIGATION 4 0 52.6875 30. 0. 63.612175 36 30 30 0 0 0
45.497 26 ATTITUDE 0.307186 4.702303 0.012935
45.530 26 NAVIGATION 4 0 52.6875 30. 0. 60.629799 36 30 30 0 0 0
45.596 26 AIRSPEED 14.179833 14. 14. 6.
45.597 26 DESIRED 0.306101 0.018688 4.669413 -17.248077 26.992584 260. 0.177835 14.
45.597 26 ATTITUDE 0.306888 -1.565195 0.01328
45.646 26 GPS 3 36033403 481362510 2687 258421 1418 -6 0 100659720 31 0
45.646 26 SVINFO 3 10 1 3 42 78 186
45.695 26 CALIBRATION 0. 0
45.696 26 WP_MOVED 8 360461.40625 4813640. 215. 31
45.696 26 ATTITUDE 0.306642 -1.541675 0.013768
45.780 26 NAVIGATION 4 0 49.28125 29.5 0. 57.435978 37 31 31 0 0 0
45.797 26 ESTIMATOR 258.307678 -0.089669
45.797 26 DESIRED 0.314301 0.018636 4.724063 -20.71656 30.31723 260. 0.177525 14.
45.798 26 ATTITUDE 0.306618 -1.525994 0.014074
45.897 26 GPS 3 36033062 481362518 2714 258444 1417 -2 0 100659959 31 0
45.897 26 SVINFO 4 11 0 4 41 88 236
45.897 26 ATTITUDE 0.306947 -1.50245 0.014502
45.979 26 FBW_STATUS 2 0 1 12.5 7.28648
45.996 26 DL_VALUE 42 0.15
45.996 26 ENERGY 31 12.5 7.28648 91.081001 0.828051 10.350668
45.996 26 DESIRED 0.314301 0.01865 4.724063 -20.71656 30.31723 260. 0.177525 14.
45.997 26 ATTITUDE 0.307551 -1.486716 0.014768
46.029 26 NAVIGATION 4 0 45.875 30. 0. 54.813461 37 31 31 0 0 0
46.096 26 PPRZ_MODE 2 3 3 2 0 6
46.097 26 ATTITUDE 0.308884 -1.463023 0.015136
46.145 26 GPS 3 36032667 481362548 2748 258474 1415 -4 0 100660240 31 0
46.146 26 SVINFO 5 12 1 5 40 57 286
46.195 26 WP_MOVED 9 360312.8125 4813652. 185. 31
46.196 26 DESIRED 0.307268 0.018483 4.766821 -24.021591 33.808403 260. 0.176161 14.
46.196 26 ATTITUDE 0.309811 -1.44716 0.01536
46.280 26 NAVIGATION 4 0 41.9375 30. 0. 51.563107 37 31 31 0 0 0
46.296 26 ESTIMATOR 258.335297 -0.058329
46.297 26 ATTITUDE 0.311141 -1.423266 0.015667
46.363 26 CIRCLE 49.5 100.099998 70.
46.395 26 GPS 3 36032330 481362592 2773 258501 1414 -4 0 100660480 31 0
46.396 26 SVINFO 6 13 1 6 39 15 336
46.396 26 DESIRED 0.309472 0.018294 4.827094 -27.604324 38.011971 260. 0.174627 14.
46.397 26 ATTITUDE 0.311969 -1.407275 0.015851
46.496 26 NAVIGATION 4 0 38.53125 30.5 0. 51.563107 37 31 31 0 0 0
46.497 26 ATTITUDE 0.313173 -1.383199 0.016098
46.529 26 NAVIGATION 4 0 38.53125 30.5 0. 49.141705 37 31 31 0 0 0
46.596 26 AIRSPEED 14.133465 14. 14. 6.
46.596 26 DESIRED 0.313581 0.01789 4.875257 -30.543861 41.850708 260. 0.171663 14.
46.597 26 ATTITUDE 0.313918 -1.367092 0.016243
46.646 26 GPS 3 36031996 481362651 2800 258529 1413 -22 0 100660720 31 0
46.696 26 WP_MOVED 10 360452.8125 4813581. 260. 31
46.696 26 ATTITUDE 0.315076 -1.342848 0.016432
46.779 26 NAVIGATION 4 0 35.21875 31. 0. 46.918655 38 32 32 0 0 0
46.796 26 FBW_STATUS 2 0 1 12.5 7.301247
46.797 26 AIR_DATA 98266.421875 0. -1000. 1013.25 0. -1. -1.
46.797 26 ESTIMATOR 258.386139 -0.023797
46.798 26 DESIRED 0.312846 0.017578 4.9242 -33.219078 45.716602 260. 0.169294 14.
46.798 26 ATTITUDE 0.315869 -1.326628 0.016539
46.880 26 COMMANDS 3040,0,-13,0,0
46.896 26 GPS_SOL 603 603 603 7
46.896 26 GPS 3 36031666 481362726 2828 258557 1412 -33 0 100660959 31 0
46.896 26 ATTITUDE 0.317018 -1.302214 0.01667
46.997 26 DESIRED 0.312846 0.017624 4.9242 -33.219078 45.716602 260. 0.169294 14.
46.997 26 ATTITUDE 0.317711 -1.285885 0.016739
47.028 26 NAVIGATION 4 0 31.875 31.5 0. 44.813675 38 32 32 0 0 0
47.095 26 ENERGY 31 12.5 7.289434 91.117928 0.841428 10.517863
47.096 26 ATTITUDE 0.318628 -1.261322 0.016816
47.146 26 GPS 3 36031285 481362834 2863 258589 1411 -50 0 100661240 31 0
47.196 26 COMMANDS 3039,0,-18,0,0
47.196 26 WP_MOVED 11 360169.5 4813757.5 260. 31
47.197 26 DESIRED 0.315189 0.017065 4.975701 -35.717049 49.720886 260. 0.16527 14.
47.197 26 ATTITUDE 0.319194 -1.244905 0.016849
47.280 26 NAVIGATION 4 0 28.09375 33. 0. 43.338882 38 32 32 0 0 0
47.297 26 ESTIMATOR 258.45282 0.010081
47.297 26 ATTITUDE 0.319964 -1.220221 0.016872
47.397 26 CIRCLE 49.5 100.099998 70.
47.398 26 GPS 3 36030965 481362944 2889 258616 1411 -43 0 100661480 31 0
47.398 26 DESIRED 0.30398 0.016661 5.027371 -38.463646 54.686378 260. 0.162299 14.
47.398 26 ATTITUDE 0.320328 -1.203732 0.01687
