2.880 14 NAVIGATION 2 2 0. 0. 0. 0. 0 6 6 1 0 0
2.898 14 GPS 3 36028477 481359546 899 185000 0 20 0 17164960 31 0
3.080 14 FBW_STATUS 2 0 1 12.5 0.
3.097 14 DL_VALUE 10 1.
3.097 14 WP_MOVED 10 360452.8125 4813581. 260. 31
3.130 14 NAVIGATION 2 2 0. 0. 0. 0. 0 6 6 1 0 0
3.147 14 DESIRED 0. 0.00024 0. 0. 0. 235. 0. 13.
3.147 14 GPS 3 36028477 481359546 899 185000 0 32 0 17165240 31 0
3.197 14 ESTIMATOR 185.066971 0.32
3.297 14 ATTITUDE 0.0023 0. -0.000365
3.386 14 NAVIGATION 2 2 0. 0. 0. 0. 0 6 6 1 0 0
3.398 14 GPS 3 36028477 481359546 899 185000 0 33 0 17165480 31 0
3.597 14 WP_MOVED 11 360169.5 4813757.5 260. 31
3.631 14 NAVIGATION 2 2 0. 0. 0. 0. 0 6 6 1 0 0
3.648 14 GPS 3 36028477 481359546 899 185000 0 34 0 17165720 31 0
3.649 14 SVINFO 3 10 1 3 48 6 159
3.698 14 NAVIGATION 2 2 0. 0. 0. 0. 0 6 6 1 0 0
3.698 14 ESTIMATOR 185.142426 0.34
3.798 14 IR_SENSORS 0 0 23 -16 264
3.798 14 ENERGY 0 12.5 0. 0. 0. 0.
3.799 14 AIRSPEED 0. 0. 0. 0.
3.799 14 ATTITUDE 0.0023 0. -0.000365
3.881 14 NAVIGATION 2 2 0. 0. 0. 0. 0 7 7 1 0 0
3.897 14 FBW_STATUS 2 0 1 12.5 0.
3.897 14 GPS 3 36028477 481359546 899 185000 0 21 0 17165960 31 0
3.998 14 GPS_SOL 625 625 625 7
4.098 14 WP_MOVED 12 360287.59375 4813581. 260. 31
4.131 14 NAVIGATION 2 2 0. 0. 0. 0. 0 7 7 1 0 0
4.148 14 GPS 3 36028477 481359546 899 185000 0 26 0 17166240 31 0
4.197 14 DESIRED 0. 0.00024 0. 0. 0. 235. 0. 13.
4.197 14 ESTIMATOR 185.164536 0.26
4.298 14 ATTITUDE 0.0023 0. -0.000365
4.381 14 NAVIGATION 2 2 0. 0. 0. 0. 0 7 7 1 0 0
4.397 14 GPS 3 36028477 481359546 899 185000 0 18 0 17166480 31 0
4.598 14 CALIBRATION 0. 0
4.599 14 DL_VALUE 11 5.
4.599 14 WP_MOVED 13 360311.5 4813547. 260. 31
4.631 14 NAVIGATION 2 2 0. 0. 0. 0. 0 7 7 1 0 0
4.648 14 GPS 3 36028477 481359546 899 185000 0 6 0 17166720 31 0
4.648 14 SVINFO 0 7 0 0 46 79 10
4.697 14 NAVIGATION 2 2 0. 0. 0. 0. 0 7 7 1 0 0
4.698 14 ESTIMATOR 185.160126 0.06
4.797 14 AIRSPEED 0. 0. 0. 0.
4.798 14 ATTITUDE 0.0023 0. -0.000365
4.881 14 NAVIGATION 2 2 0. 0. 0. 0. 0 8 8 1 0 0
4.898 14 ENERGY 0 12.5 0. 0. 0. 0.
4.898 14 GPS 3 36028477 481359546 899 185000 0 0 0 17166960 31 0
4.899 14 SVINFO 1 8 1 1 47 38 60
4.997 14 NAVIGATION_REF 360284 4813595 31 185.
4.997 14 IR_SENSORS 0 0 23 -16 264
5.081 14 FBW_STATUS 2 0 1 12.5 0.
5.098 14 WP_MOVED 14 360300.6875 4813575.5 260. 31
5.131 14 NAVIGATION 2 2 0. 0. 0. 0. 0 8 8 1 0 0
5.147 14 GPS 3 36028477 481359546 899 185000 0 13 0 17167240 31 0
5.148 14 SVINFO 2 9 1 2 48 3 110
5.198 14 ESTIMATOR 185.096664 0.13
5.247 14 DESIRED 0. 0.00024 0. 0. 0. 235. 0. 13.
5.297 14 ATTITUDE 0.0023 0. -0.000365
5.381 14 NAVIGATION 2 2 0. 0. 0. 0. 0 8 8 1 0 0
5.397 14 GPS 3 36028477 481359546 899 185000 0 -2 0 17167480 31 0
5.598 14 WP_MOVED 15 360297.6875 4813554.5 260. 31
5.630 14 NAVIGATION 2 2 0. 0. 0. 0. 0 8 8 1 0 0
5.648 14 GPS 3 36028477 481359546 899 185000 0 -16 0 17167720 31 0
5.649 14 SVINFO 4 11 1 4 49 46 210
5.698 14 NAVIGATION 2 2 0. 0. 0. 0. 0 8 8 1 0 0
5.698 14 ESTIMATOR 185.067581 -0.16
5.798 14 AIRSPEED 0. 0. 0. 0.
5.798 14 ATTITUDE 0.0023 0. -0.000365
5.881 14 NAVIGATION 2 2 0. 0. 0. 0. 0 9 9 1 0 0
5.897 14 FBW_STATUS 2 0 1 12.5 0.
5.898 14 GPS 3 36028477 481359546 899 185000 0 -3 0 17167960 31 0
5.997 14 GPS_SOL 637 637 637 7
5.997 14 ENERGY 0 12.5 0. 0. 0. 0.
6.097 14 DL_VALUE 12 100.
6.098 14 WP_MOVED 16 361184. 4813643. 260. 31
6.131 14 NAVIGATION 2 2 0. 0. 0. 0. 0 9 9 1 0 0
6.148 14 GPS 3 36028477 481359546 899 185000 0 2 0 17168239 31 0
6.198 14 IR_SENSORS 0 0 23 -16 264
6.198 14 ESTIMATOR 185.009644 0.02
6.297 14 DESIRED 0. 0.00024 0. 0. 0. 235. 0. 13.
6.298 14 ATTITUDE 0.0023 0. -0.000365
6.380 14 NAVIGATION 2 2 0. 0. 0. 0. 0 9 9 1 0 0
6.399 14 GPS 3 36028477 481359546 899 185000 0 -9 0 17168480 31 0
6.399 14 SVINFO 0 7 0 0 47 76 11
6.598 14 WP_MOVED 17 361184. 4813643. 260. 31
6.631 14 NAVIGATION 2 2 0. 0. 0. 0. 0 9 9 1 0 0
6.648 14 GPS 3 36028477 481359546 899 185000 0 13 0 17168720 31 0
6.698 14 CALIBRATION 0. 0
6.698 14 NAVIGATION 2 2 0. 0. 0. 0. 0 9 9 1 0 0
6.699 14 ESTIMATOR 184.991364 0.13
6.798 14 AIRSPEED 0. 0. 0. 0.
6.798 14 ATTITUDE 0.0023 0. -0.000365
6.881 14 NAVIGATION 2 2 0. 0. 0. 0. 0 10 10 1 0 0
6.896 14 GPS 3 36028477 481359546 899 185000 0 10 0 17168960 31 0
6.981 14 COMMANDS 0,-17,7,0
7.082 14 FBW_STATUS 2 0 1 12.5 0.
7.098 14 ENERGY 0 12.5 0. 0. 0. 0.
7.099 14 WP_MOVED 18 360289. 4813605. 220. 31
7.131 14 NAVIGATION 2 2 0. 0. 0. 0. 0 10 10 1 0 0
7.148 14 GPS 3 36028477 481359546 899 185000 0 24 0 17169239 31 0
7.197 14 COMMANDS 0,-17,7,0
7.198 14 ESTIMATOR 185.031738 0.24
7.297 14 STATE_FILTER_STATUS 2 3 303
7.298 14 ATTITUDE 0.0023 0. -0.000365
7.348 14 DESIRED 0. 0.00024 0. 0. 0. 235. 0. 13.
7.382 14 NAVIGATION 2 2 0. 0. 0. 0. 0 10 10 1 0 0
7.397 14 IR_SENSORS 0 0 23 -16 264
7.397 14 GPS 3 36028477 481359546 899 185000 0 34 0 17169480 31 0
7.497 14 DATALINK_REPORT 9 1 514 529 0 0
7.497 14 PPRZ_MODE 2 1 2 0 0 6
7.598 14 ALIVE 179,209,69,119,115,11,176,21,181,244,80,210,55,176,198,136
7.598 14 DL_VALUE 13 1.
7.598 14 WP_MOVED 19 360289. 4813610. 500. 31
7.631 14 NAVIGATION 2 2 0. 0. 0. 0. 0 10 10 1 0 0
7.647 14 GPS 3 36028477 481359546 899 185000 0 18 0 17169720 31 0
7.698 14 NAVIGATION 2 2 0. 0. 0. 0. 0 10 10 1 0 0
7.698 14 ESTIMATOR 185.1138 0.18
7.796 14 AIRSPEED 0. 0. 0. 0.
7.797 14 ATTITUDE 0.0023 0. -0.000365
7.883 14 NAVIGATION 2 2 0. 0. 0. 0. 0 11 11 1 0 0
7.898 14 FBW_STATUS 2 0 1 12.5 0.
7.898 14 GPS 3 36028477 481359546 899 185000 0 21 0 17169960 31 0
7.997 14 GPS_SOL 648 648 648 7
8.097 14 WP_MOVED 20 360289. 4813620. 300. 31
8.131 14 NAVIGATION 2 2 0. 0. 0. 0. 0 11 11 1 0 0
8.147 14 GPS 3 36028477 481359546 899 185000 0 17 0 17170239 31 0
8.198 14 ENERGY 0 12.5 0. 0. 0. 0.
8.198 14 ESTIMATOR 185.126694 0.17
8.298 14 ATTITUDE 0.0023 0. -0.000365
8.310 14 WIND_INFO 14 5 0. 0. 0. 0.
8.381 14 NAVIGATION 2 2 0. 0. 0. 0. 0 11 11 1 0 0
8.398 14 DESIRED 0. 0.00024 0. 0. 0. 235. 0. 13.
8.399 14 GPS 3 36028477 481359546 899 185000 0 15 0 17170480 31 0
8.402 14 SVINFO 1 8 0 1 48 32 62
8.598 14 IR_SENSORS 0 0 23 -16 264
8.598 14 WP_MOVED 21 360289. 4813625. 400. 31
8.631 14 NAVIGATION 2 2 0. 0. 0. 0. 0 11 11 1 0 0
8.647 14 GPS 3 36028477 481359546 899 185000 0 16 0 17170720 31 0
8.699 14 NAVIGATION 2 2 0. 0. 0. 0. 0 11 11 1 0 0
8.699 14 ESTIMATOR 185.121277 0.16
8.708 14 SETTING 9 14 1.
8.709 14 DL_VALUE 9 1.
8.797 14 CALIBRATION 0. 0
8.797 14 AIRSPEED 0. 0. 0. 0.
8.797 14 ATTITUDE 0.0023 0. -0.000365
8.889 14 NAVIGATION 2 2 0. 0. 0. 0. 0 12 12 1 0 0
8.897 14 GPS 3 36028477 481359546 899 185000 0 -2 0 17170960 31 0
8.898 14 SVINFO 3 10 0 3 49 11 162
9.080 14 FBW_STATUS 2 0 1 12.5 0.
9.098 14 AUTOPILOT_VERSION 51500 v5.15_devel-179-g9a29798-dirty
9.098 14 DL_VALUE 14 0.
9.098 14 WP_MOVED 22 360289. 4813645. 250. 31
9.131 14 NAVIGATION 2 2 0. 0. 0. 0. 0 12 12 1 0 0
9.149 14 GPS 3 36028477 481359546 899 185000 0 4 0 17171239 31 0
9.198 14 ESTIMATOR 185.085312 0.04
9.297 14 ENERGY 0 12.5 0. 0. 0. 0.
9.298 14 ATTITUDE 0.0023 0. -0.000365
9.383 14 NAVIGATION 2 2 0. 0. 0. 0. 0 12 12 1 0 0
9.397 14 GPS 3 36028477 481359546 899 185000 0 0 0 17171480 31 0
9.450 14 DESIRED 0. 0.00024 0. 0. 0. 235. 0. 13.
9.597 14 WP_MOVED 0 360326. 4813637. 260. 31
9.631 14 NAVIGATION 2 2 0. 0. 0. 0. 0 12 12 1 0 0
9.648 14 GPS 3 36028477 481359546 899 185000 0 9 0 17171720 31 0
9.672 14 BLOCK 3 14
9.673 14 NAVIGATION 3 0 0. 0. 0. 0. 0 0 0 1 0 0
9.696 14 NAVIGATION 3 0 0. 0. 0. 0. 0 0 0 1 0 0
9.696 14 ESTIMATOR 185.052612 0.09
9.798 14 IR_SENSORS 0 0 23 -16 264
9.798 14 AIRSPEED 0. 0. 0. 0.
9.798 14 ATTITUDE 0.0023 0. -0.000365
9.904 14 NAVIGATION 3 2 0. 0. 198.624115 0. 0 1 0 0 0 0
9.905 14 FBW_STATUS 2 0 1 12.5 0.
9.905 14 GPS 3 36028477 481359546 899 185000 0 4 0 17171960 31 0
9.998 14 GPS_SOL 659 659 659 7
10.098 14 WP_MOVED 1 360284. 4813595. 260. 31
10.132 14 NAVIGATION 3 2 0. 0. 198.624115 0. 0 1 0 0 0 0
10.151 14 GPS 3 36028477 481359852 3599 184996 1272 -4 0 17172239 31 0
10.198 14 ESTIMATOR 185.047867 -0.04
10.298 14 ATTITUDE 0.0023 6.283175 0.014652
10.381 14 NAVIGATION 3 2 0. 3. 196.180374 3. 0 1 0 0 0 0
10.398 14 ENERGY 26 12.5 0.308143 3.851789 0.000116 0.001456
10.398 14 GPS 3 36028477 481360151 3599 184983 1245 -7 0 17172480 31 0
10.398 14 SVINFO 2 9 0 2 49 0 113
10.497 14 DESIRED -0.287531 0.261978 0. -114.5 162.300003 235. 0. 13.
10.598 14 DL_VALUE 15 0.
10.598 14 WP_MOVED 2 360333.5 4813695. 260. 31
10.631 14 NAVIGATION 3 2 0. 6. 193.752274 6. 0 1 0 0 0 0
10.649 14 GPS 3 36028477 481360449 3599 184982 1242 21 0 17172720 31 0
10.697 14 NAVIGATION 3 2 0. 9. 193.752274 6. 0 1 0 0 0 0
10.698 14 ESTIMATOR 185.000031 0.21
10.798 14 AIRSPEED 0. 0. 0. 0.
10.799 14 ATTITUDE -0.0672 6.282214 0.072889
10.896 14 TAKEOFF 23
10.897 14 NAVIGATION 3 2 0. 9. 191.340378 9. 1 2 1 0 0 0
10.898 14 CALIBRATION 0. 0
10.898 14 GPS 3 36028474 481360751 3595 185031 1259 30 0 17172960 31 0
10.998 14 IR_SENSORS 0 0 49 -46 257
11.081 14 FBW_STATUS 2 0 1 12.5 0.939077
11.097 14 WP_MOVED 3 360294.09375 4813785. 260. 31
11.131 14 NAVIGATION 3 2 -0.03125 12. 188.926407 12.000041 1 2 1 0 0 0
11.148 14 GPS 3 36028464 481361113 3582 185200 1295 88 0 17173239 31 0
11.197 14 ESTIMATOR 185.142044 0.88
11.298 14 ATTITUDE -0.183084 6.253405 0.143602
11.394 14 NAVIGATION 3 2 -0.125 15.5 186.096436 15.500504 1 2 1 0 0 0
11.397 14 GPS 3 36028445 481361433 3566 185477 1334 123 0 17173480 31 0
11.496 14 ENERGY 81 12.5 1.38167 17.270874 0.001612 0.020152
11.547 14 DESIRED -0.301289 0.287361 0. -114.5 162.300003 235. 0. 13.
11.597 14 WP_MOVED 4 360416.3125 4813734. 260. 31
11.631 14 NAVIGATION 3 2 -0.3125 19. 183.231201 19.002569 1 2 1 0 0 0
11.647 14 GPS 3 36028413 481361762 3544 185901 1378 199 0 17173720 31 0
11.648 14 SVINFO 0 7 0 0 48 69 14
11.697 14 NAVIGATION 3 2 -0.625 22. 183.231201 19.002569 1 2 1 0 0 0
11.698 14 ESTIMATOR 185.754456 1.99
11.797 14 AIRSPEED 0. 0. 0. 0.
11.797 14 ATTITUDE -0.281247 6.186676 0.226965
11.884 14 NAVIGATION 3 2 -0.625 22. 180.697556 22.008877 2 3 2 0 0 0
11.897 14 FBW_STATUS 2 0 1 12.5 1.627817
11.897 14 GPS 3 36028366 481362100 3519 186488 1420 256 0 17173960 31 0
11.980 14 COMMANDS 8524,-160,516,0
11.997 14 GPS_SOL 668 668 668 7
12.098 14 DL_VALUE 16 80.
12.098 14 WP_MOVED 5 360421. 4813583.5 260. 31
12.131 14 NAVIGATION 3 2 -1.0625 25.5 177.714111 25.522125 2 3 2 0 0 0
12.147 14 GPS 3 36028289 481362499 3488 187380 1453 318 0 17174239 31 0
12.198 14 COMMANDS 8524,-66,217,0
12.198 14 IR_SENSORS 0 0 90 -93 234
12.198 14 ESTIMATOR 187.062592 3.18
12.298 14 STATE_FILTER_STATUS 2 3 419
12.298 14 ATTITUDE -0.320631 6.088739 0.288792
12.397 14 NAVIGATION 3 2 -1.875 29.5 174.12706 29.559526 2 3 2 0 0 0
12.397 14 GPS 3 36028204 481362840 3460 188303 1466 386 0 17174480 31 0
12.497 14 PPRZ_MODE 2 1 2 0 0 6
12.597 14 DATALINK_REPORT 3 4 635 520 0 0
12.598 14 ALIVE 179,209,69,119,115,11,176,21,181,244,80,210,55,176,198,136
12.598 14 ENERGY 88 12.5 1.627817 20.347708 0.00456 0.056995
12.599 14 DESIRED -0.312022 0.295669 0. -114.5 162.300003 235. 0. 13.
12.599 14 WP_MOVED 6 360164.8125 4813664.5 260. 31
12.631 14 NAVIGATION 3 2 -2.71875 33. 170.919693 33.111805 2 3 2 0 0 0
12.648 14 GPS 3 36028102 481363178 3431 189346 1470 420 0 17174720 31 0
12.697 14 NAVIGATION 3 2 -3.71875 36. 170.919693 33.111805 2 3 2 0 0 0
12.698 14 ESTIMATOR 189.042236 4.2
12.798 14 AIRSPEED 0. 0. 0. 0.
12.798 14 ATTITUDE -0.321417 5.989905 0.322861
12.894 14 NAVIGATION 3 2 -3.71875 36. 168.000519 36.191563 3 4 3 0 0 0
12.898 14 GPS 3 36027984 481363510 3403 190478 1467 470 0 17174960 31 0
12.997 14 CALIBRATION 0. 0
13.080 14 FBW_STATUS 2 0 1 12.5 1.627817
13.098 14 WP_MOVED 7 360558.40625 4813804.5 260. 31
13.130 14 NAVIGATION 3 2 -4.90625 39.5 164.592316 39.803535 3 4 3 0 0 0
13.147 14 GPS 3 36027826 481363887 3371 191878 1459 493 0 17175239 31 0
13.198 14 ESTIMATOR 191.497864 4.93
13.298 14 ATTITUDE -0.293565 5.884201 0.335767
13.385 14 NAVIGATION 3 2 -6.5 43. 160.923874 43.488503 3 4 3 0 0 0
13.397 14 IR_SENSORS 0 0 104 -83 232
13.398 14 GPS 3 36027676 481364202 3345 193116 1451 500 0 17175480 31 0
13.598 14 DL_VALUE 17 0.
13.599 14 WP_MOVED 8 360461.40625 4813640. 215. 31
13.631 14 NAVIGATION 3 2 -8. 46.5 157.327332 47.183155 3 4 3 0 0 0
13.648 14 DESIRED -0.192424 0.288904 0. -114.5 162.300003 235. 0. 13.
13.648 14 GPS 3 36027515 481364508 3321 194371 1442 517 0 17175720 31 0
13.649 14 SVINFO 1 8 0 1 49 23 65
13.698 14 ENERGY 88 12.5 1.627817 20.347708 0.007544 0.094299
13.698 14 NAVIGATION 3 2 -9.59375 49.5 157.327332 47.183155 3 4 3 0 0 0
13.699 14 ESTIMATOR 194.154358 5.17
13.798 14 AIRSPEED 0. 0. 0. 0.
13.798 14 ATTITUDE -0.242232 5.796578 0.325813
13.898 14 NAVIGATION 3 2 -9.59375 49.5 154.042725 50.421127 4 5 4 0 0 0
13.899 14 FBW_STATUS 2 0 1 12.5 1.627817
13.899 14 GPS 3 36027342 481364806 3298 195625 1434 525 0 17175960 31 0
13.998 14 NAVIGATION_REF 360284 4813595 31 185.
13.998 14 GPS_SOL 676 676 676 7
14.097 14 WP_MOVED 9 360312.8125 4813652. 185. 31
14.130 14 NAVIGATION 3 2 -11.3125 52.5 150.677475 53.70496 4 5 4 0 0 0
14.147 14 GPS 3 36027128 481365143 3275 197073 1426 494 0 17176239 31 0
14.197 14 ESTIMATOR 196.873917 4.94
14.298 14 ATTITUDE -0.190987 5.716978 0.312565
14.402 14 NAVIGATION 3 2 -13.46875 56. 146.652664 57.596939 4 5 4 0 0 0
14.403 14 GPS 3 36026937 481365426 3258 198293 1422 486 0 17176480 31 0
14.598 14 IR_SENSORS 0 0 98 -55 241
14.598 14 WP_MOVED 10 360452.8125 4813581. 260. 31
14.630 14 NAVIGATION 3 2 -15.375 59. 143.166534 60.970409 4 5 4 0 0 0
14.647 14 GPS 3 36026738 481365702 3242 199491 1419 465 0 17176720 31 0
14.698 14 DESIRED -0.105615 0.277713 0. -114.5 162.300003 235. 0. 13.
14.698 14 NAVIGATION 3 2 -17.375 61.5 143.166534 60.970409 4 5 4 0 0 0
14.698 14 ESTIMATOR 199.401947 4.65
14.798 14 ENERGY 88 12.5 1.627817 20.347708 0.010528 0.131603
14.799 14 AIRSPEED 0. 0. 0. 0.
14.799 14 ATTITUDE -0.140913 5.659437 0.293952
14.905 14 NAVIGATION 3 2 -17.375 61.5 139.978241 63.90728 5 6 5 0 0 0
14.906 14 GPS 3 36026532 481365974 3229 200666 1418 455 0 17176960 31 0
15.081 14 FBW_STATUS 2 0 1 12.5 1.627817
15.098 14 CALIBRATION 0. 0
15.098 14 DL_VALUE 18 1.
15.099 14 WP_MOVED 11 360169.5 4813757.5 260. 31
15.131 14 NAVIGATION 3 2 -19.4375 64.5 136.388123 67.365173 5 6 5 0 0 0
15.148 14 GPS 3 36026286 481366286 3215 202008 1419 481 0 17177239 31 0
15.148 14 SVINFO 0 7 0 0 49 64 16
15.197 14 ESTIMATOR 201.799927 4.81
15.298 14 ATTITUDE -0.106946 5.612805 0.279087
15.400 14 NAVIGATION 3 2 -21.875 67. 132.8965 70.480606 5 6 5 0 0 0
15.401 14 GPS 3 36026070 481366549 3206 203138 1420 471 0 17177480 31 0
15.598 14 WP_MOVED 12 360287.59375 4813581. 260. 31
15.631 14 NAVIGATION 3 2 -24.03125 70. 129.243515 74.010139 5 6 5 0 0 0
15.648 14 GPS 3 36025849 481366810 3197 204252 1422 463 0 17177720 31 0
15.698 14 NAVIGATION 3 2 -26.28125 72.5 129.243515 74.010139 5 6 5 0 0 0
15.699 14 ESTIMATOR 204.224274 4.63
15.748 14 DESIRED -0.055347 0.269917 0. -114.5 162.300003 235. 0. 13.
15.798 14 IR_SENSORS 0 0 92 -35 247
15.798 14 AIRSPEED 0. 0. 0. 0.
15.798 14 ATTITUDE -0.077931 5.581213 0.269284
15.914 14 NAVIGATION 3 2 -26.28125 72.5 125.883232 77.116493 6 7 6 0 0 0
15.914 14 FBW_STATUS 2 0 1 12.5 1.627817
15.915 14 ENERGY 88 12.5 1.627817 20.347708 0.013513 0.168907
15.915 14 GPS 3 36025625 481367068 3190 205353 1425 469 0 17177960 31 0
15.998 14 GPS_SOL 683 683 683 7
16.098 14 WP_MOVED 13 360311.5 4813547. 260. 31
16.131 14 NAVIGATION 3 2 -28.5 75. 122.545059 80.232475 6 7 6 0 0 0
16.148 14 GPS 3 36025359 481367368 3183 206628 1429 472 0 17178239 31 0
16.198 14 ESTIMATOR 206.567673 4.72
16.298 14 ATTITUDE -0.057551 5.556472 0.264415
16.419 14 NAVIGATION 3 2 -31.15625 78. 118.543968 83.992332 6 7 6 0 0 0
16.420 14 GPS 3 36025129 481367623 3178 207714 1432 468 0 17178480 31 0
16.598 14 DL_VALUE 19 0.
16.598 14 WP_MOVED 14 360300.6875 4813575.5 260. 31
16.631 14 NAVIGATION 3 2 -33.46875 80.5 115.140373 87.180313 6 7 6 0 0 0
16.648 14 GPS 3 36024896 481367876 3173 208799 1434 473 0 17178720 31 0
16.697 14 NAVIGATION 3 2 -35.78125 83. 115.140373 87.180313 6 7 6 0 0 0
16.697 14 ESTIMATOR 208.880692 4.73
16.798 14 DESIRED -0.02871 0.266135 0. -114.5 162.300003 235. 0. 13.
16.798 14 AIRSPEED 0. 0. 0. 0.
16.798 14 ATTITUDE -0.041625 5.539606 0.260857
16.881 14 NAVIGATION 3 2 -35.78125 83. 111.736893 90.384171 7 8 7 0 0 0
16.907 14 GPS 3 36024660 481368128 3170 209883 1437 482 0 17178960 31 0
16.980 14 COMMANDS 8524,97,58,0
16.998 14 IR_SENSORS 0 0 90 -25 248
16.998 14 ENERGY 88 12.5 1.627817 20.347708 0.016497 0.206212
17.082 14 FBW_STATUS 2 0 1 12.5 1.627817
17.098 14 WP_MOVED 15 360297.6875 4813554.5 260. 31
17.130 14 NAVIGATION 4 0 -38.15625 86. 0. 94.084534 7 0 0 0 0 0
17.147 14 GPS 3 36024384 481368422 3166 211150 1439 470 0 17179239 31 0
17.198 14 COMMANDS 8524,64,68,0
17.198 14 CALIBRATION 0. 0
17.198 14 ESTIMATOR 211.203354 4.7
17.298 14 STATE_FILTER_STATUS 2 3 362
17.298 14 ATTITUDE -0.029276 5.526439 0.259568
17.380 14 NAVIGATION 4 0 -40.90625 88.5 0. 97.496521 7 0 0 0 0 0
17.407 14 GPS 3 36024145 481368672 3163 212239 1441 457 0 17179480 31 0
17.498 14 PPRZ_MODE 2 3 2 2 0 6
17.598 14 ALIVE 179,209,69,119,115,11,176,21,181,244,80,210,55,176,198,136
17.598 14 WP_MOVED 16 361184. 4813643. 260. 31
17.631 14 NAVIGATION 4 0 -43.3125 91. 0. 100.781807 7 0 0 0 0 0
17.647 14 GPS 3 36023906 481368922 3162 213333 1442 458 0 17179720 31 0
17.698 14 DATALINK_REPORT 8 4 755 528 0 0
17.698 14 NAVIGATION 4 0 -45.71875 94. 0. 100.781807 7 0 0 0 0 0
17.698 14 ESTIMATOR 213.445923 4.58
17.798 14 AIRSPEED 0. 0. 0. 0.
17.798 14 ATTITUDE 0.062832 5.519532 0.263116
17.848 14 DESIRED 0.551299 0.306545 0. -12.318501 150.878662 260. 1.429725 13.
17.883 14 NAVIGATION 4 0 -45.71875 94. 0. 104.528488 8 1 1 0 0 0
17.899 14 FBW_STATUS 2 0 1 12.5 1.627817
17.899 14 GPS 3 36023668 481369173 3165 214432 1442 457 0 17179960 31 0
17.946 14 CIRCLE 49.5 100.099998 80.
17.997 14 GPS_SOL 689 689 689 7
18.097 14 DL_VALUE 20 0.
18.098 14 ENERGY 88 12.5 1.627817 20.347708 0.019481 0.243516
18.098 14 WP_MOVED 17 361184. 4813643. 260. 31
18.131 14 NAVIGATION 4 0 -48.0625 96.5 0. 107.806557 8 1 1 0 0 0
18.148 14 GPS 3 36023395 481369471 3176 215727 1442 453 0 17180239 31 0
18.198 14 IR_SENSORS 0 0 94 26 247
18.198 14 ESTIMATOR 215.70137 4.53
18.297 14 ATTITUDE 0.179706 5.543606 0.276376
18.312 14 WIND_INFO 14 5 -1. 2.1 0. 12.1
18.382 14 NAVIGATION 4 0 -50.78125 99. 0. 111.264259 8 1 1 0 0 0
18.409 14 GPS 3 36023168 481369733 3191 216851 1442 470 0 17180480 31 0
18.598 14 WP_MOVED 18 360289. 4813605. 220. 31
18.631 14 NAVIGATION 4 0 -53.0625 102. 0. 114.976646 8 1 1 0 0 0
18.648 14 GPS 3 36022952 481370003 3212 217987 1441 493 0 17180720 31 0
18.698 14 NAVIGATION 4 0 -55.21875 104.5 0. 114.976646 8 1 1 0 0 0
18.699 14 ESTIMATOR 218.00647 4.93
18.797 14 AIRSPEED 12.1 0. 0. 0.
18.797 14 ATTITUDE 0.328376 5.563592 0.305443
18.881 14 NAVIGATION 4 0 -55.21875 104.5 0. 118.192047 9 2 2 0 0 0
18.912 14 DESIRED 0.572052 0.336461 0. -4.643909 158.993439 260. 1.259806 13.
18.913 14 GPS 3 36022749 481370283 3240 219135 1439 498 0 17180960 31 0
18.997 14 CIRCLE 49.5 100.099998 80.
19.082 14 FBW_STATUS 2 0 1 12.5 1.627817
19.098 14 WP_MOVED 19 360289. 4813610. 500. 31
19.131 14 NAVIGATION 4 0 -57.28125 107. 0. 121.367798 9 2 2 0 0 0
19.147 14 GPS 3 36022534 481370623 3279 220488 1436 492 0 17181239 31 0
19.199 14 ENERGY 88 12.5 1.627817 20.347708 0.022466 0.280819
19.199 14 ESTIMATOR 220.465088 4.92
19.297 14 CALIBRATION 0. 1
19.297 14 ATTITUDE 0.457623 5.702033 0.337045
19.381 14 NAVIGATION 4 0 -59.375 110.5 0. 125.44178 9 2 2 0 0 0
19.411 14 IR_SENSORS 0 0 104 101 226
19.412 14 GPS 3 36022373 481370927 3320 221652 1434 492 0 17181480 31 0
19.598 14 DL_VALUE 21 0.
19.598 14 WP_MOVED 20 360289. 4813620. 300. 31
19.631 14 NAVIGATION 4 0 -61.03125 113.5 0. 128.868393 9 2 2 0 0 0
19.647 14 GPS 3 36022237 481371243 3367 222817 1432 492 0 17181720 31 0
19.698 14 NAVIGATION 4 0 -62.375 117. 0. 128.868393 9 2 2 0 0 0
19.698 14 ESTIMATOR 222.889023 4.92
19.797 14 AIRSPEED 12.1 0. 0. 0.
19.797 14 ATTITUDE 0.549941 5.884756 0.363514
19.881 14 NAVIGATION 4 0 -62.375 117. 0. 132.588242 10 3 3 0 0 0
19.921 14 FBW_STATUS 2 0 1 12.5 1.627817
19.921 14 GPS 3 36022130 481371569 3419 223979 1430 495 0 17181960 31 0
19.948 14 DESIRED 0.559059 0.358795 0. 2.015511 164.483398 260. 1.113329 13.
19.997 14 GPS_SOL 693 693 693 7
20.047 14 CIRCLE 49.5 100.099998 80.
20.099 14 WP_MOVED 21 360289. 4813625. 400. 31
20.130 14 NAVIGATION 4 0 -63.46875 120.5 0. 136.192993 10 3 3 0 0 0
20.147 14 GPS 3 36022046 481371960 3483 225332 1429 498 0 17182239 31 0
20.199 14 AUTOPILOT_VERSION 51500 v5.15_devel-179-g9a29798-dirty
20.199 14 ESTIMATOR 225.323425 4.98
20.298 14 ENERGY 88 12.5 1.627817 20.347708 0.02545 0.318123
20.298 14 ATTITUDE 0.573461 6.125279 0.372671
20.380 14 NAVIGATION 4 0 -64.28125 124. 0. 139.671326 10 3 3 0 0 0
20.417 14 GPS 3 36022010 481372301 3539 226490 1428 502 0 17182480 31 0
20.598 14 IR_SENSORS 0 0 108 120 216
20.598 14 WP_MOVED 22 360289. 4813645. 250. 31
20.632 14 NAVIGATION 4 0 -64.65625 127.5 0. 142.956909 10 3 3 0 0 0
20.647 14 GPS 3 36022007 481372644 3595 227648 1427 492 0 17182720 31 0
20.698 14 NAVIGATION 4 0 -64.65625 131. 0. 142.956909 10 3 3 0 0 0
20.699 14 ESTIMATOR 227.763306 4.92
20.797 14 AIRSPEED 12.1 0. 0. 0.
20.798 14 ATTITUDE 0.560886 0.071994 0.370836
20.880 14 NAVIGATION 4 0 -64.65625 131. 0. 146.087067 11 4 4 0 0 0
20.919 14 GPS 3 36022037 481372985 50 228807 1426 471 0 17182960 31 0
20.998 14 DESIRED 0.517226 0.357483 0. 9.676636 169.483704 260. 0.967101 13.
21.081 14 FBW_STATUS 2 0 1 12.5 1.627817
21.098 14 DL_VALUE 22 0.
21.098 14 CIRCLE 49.5 100.099998 80.
21.098 14 WP_MOVED 0 360326. 4813637. 260. 31
21.131 14 NAVIGATION 4 0 -64.375 134.5 0. 149.112 11 4 4 0 0 0
21.148 14 GPS 3 36022112 481373377 112 230161 1425 475 0 17183239 31 0
21.198 14 ESTIMATOR 230.132645 4.75
21.297 14 ATTITUDE 0.533726 0.309044 0.365413
21.381 14 NAVIGATION 4 0 -63.625 138.5 0. 152.415192 11 4 4 0 0 0
21.409 14 CALIBRATION 0. 1
21.410 14 ENERGY 88 12.5 1.627817 20.347708 0.028434 0.355426
21.411 14 GPS 3 36022209 481373705 165 231322 1425 491 0 17183480 31 0
21.597 14 WP_MOVED 1 360284. 4813595. 260. 31
21.631 14 NAVIGATION 4 0 -62.65625 141.5 0. 154.751587 11 4 4 0 0 0
21.647 14 GPS 3 36022335 481374023 215 232483 1424 512 0 17183720 31 0
21.699 14 NAVIGATION 4 0 -61.375 144.5 0. 154.751587 11 4 4 0 0 0
21.700 14 ESTIMATOR 232.531326 5.12
21.797 14 IR_SENSORS 0 0 106 105 223
21.798 14 AIRSPEED 12.1 0. 0. 0.
21.798 14 ATTITUDE 0.50289 0.510074 0.356456
21.880 14 NAVIGATION 4 0 -61.375 144.5 0. 156.99408 12 5 5 0 0 0
21.915 14 FBW_STATUS 2 0 1 12.5 1.627817
21.915 14 GPS 3 36022487 481374329 264 233646 1424 514 0 17183960 31 0
21.981 14 COMMANDS 8524,-340,18,0
21.998 14 GPS_SOL 697 697 697 7
22.047 14 DESIRED 0.443025 0.350496 0. 18.015043 173.643845 260. 0.82406 13.
22.098 14 WP_MOVED 2 360333.5 4813695. 260. 31
22.131 14 NAVIGATION 4 0 -59.875 148. 0. 159.652802 12 5 5 0 0 0
22.147 14 CIRCLE 49.5 100.099998 80.
22.148 14 GPS 3 36022696 481374669 319 235003 1423 505 0 17184239 31 0
22.197 14 COMMANDS 8524,-420,27,0
22.197 14 ESTIMATOR 235.04071 5.05
22.297 14 STATE_FILTER_STATUS 2 3 429
22.298 14 ATTITUDE 0.46666 0.707351 0.345979
22.381 14 NAVIGATION 4 0 -57.78125 151. 0. 161.677673 12 5 5 0 0 0
22.420 14 GPS 3 36022899 481374943 364 236167 1423 509 0 17184480 31 0
22.498 14 PPRZ_MODE 2 3 2 2 0 6
22.498 14 ENERGY 88 12.5 1.627817 20.347708 0.031419 0.392729
22.598 14 ALIVE 179,209,69,119,115,11,176,21,181,244,80,210,55,176,198,136
22.598 14 DL_VALUE 23 0.
22.598 14 WP_MOVED 3 360294.09375 4813785. 260. 31
22.631 14 NAVIGATION 4 0 -55.75 154. 0. 163.780533 12 5 5 0 0 0
22.648 14 GPS 3 36023122 481375202 407 237335 1423 509 0 17184720 31 0
22.698 14 NAVIGATION 4 0 -53.5625 156.5 0. 163.780533 12 5 5 0 0 0
22.698 14 ESTIMATOR 237.487778 5.09
22.798 14 DATALINK_REPORT 4 5 877 535 0 0
22.798 14 AIRSPEED 12.1 0. 0. 0.
22.798 14 ATTITUDE 0.424458 0.870625 0.340998
22.880 14 NAVIGATION 4 0 -53.5625 156.5 0. 165.412186 13 6 6 0 0 0
22.921 14 GPS 3 36023404 481375482 452 238703 1422 508 0 17185000 31 0
22.997 14 NAVIGATION_REF 360284 4813595 31 185.
22.997 14 IR_SENSORS 0 0 105 82 232
23.081 14 FBW_STATUS 2 0 1 12.5 1.627817
23.098 14 DESIRED 0.349266 0.340733 0. 27.032299 176.880219 260. 0.675367 13.
23.098 14 WP_MOVED 4 360416.3125 4813734. 260. 31
23.131 14 NAVIGATION 4 0 -50.71875 159.5 0. 167.369766 13 6 6 0 0 0
23.148 14 GPS 3 36023663 481375705 493 239883 1421 511 0 17185239 31 0
23.197 14 CIRCLE 49.5 100.099998 80.
23.197 14 ESTIMATOR 239.981415 5.11
23.297 14 ATTITUDE 0.373 1.024562 0.334521
23.381 14 NAVIGATION 4 0 -48.125 161.5 0. 168.517853 13 6 6 0 0 0
23.421 14 GPS 3 36023935 481375911 528 241069 1420 502 0 17185480 31 0
23.497 14 CALIBRATION 0. 1
23.598 14 ENERGY 88 12.5 1.627817 20.347708 0.034403 0.430032
23.599 14 WP_MOVED 5 360421. 4813583.5 260. 31
23.631 14 NAVIGATION 4 0 -45.375 163.5 0. 169.67952 13 6 6 0 0 0
23.647 14 GPS 3 36024218 481376100 561 242263 1419 509 0 17185720 31 0
23.648 14 SVINFO 6 13 0 6 48 61 321
23.698 14 NAVIGATION 4 0 -42.59375 165.5 0. 169.67952 13 6 6 0 0 0
23.698 14 ESTIMATOR 242.413116 5.09
23.798 14 AIRSPEED 12.1 0. 0. 0.
23.798 14 ATTITUDE 0.322646 1.145072 0.329783
23.881 14 NAVIGATION 4 0 -42.59375 165.5 0. 170.893173 14 7 7 0 0 0
23.919 14 FBW_STATUS 2 0 1 12.5 1.446704
23.919 14 GPS 3 36024510 481376274 592 243462 1414 507 0 17185960 31 0
23.997 14 GPS_SOL 699 699 699 7
24.098 14 DL_VALUE 24 0.
24.099 14 WP_MOVED 6 360164.8125 4813664.5 260. 31
24.130 14 NAVIGATION 4 0 -39.625 167.5 0. 172.123184 14 7 7 0 0 0
24.148 14 DESIRED 0.231512 0.229758 0. 38.501778 179.340393 260. 0.491157 13.
24.148 14 GPS 3 36024857 481376456 625 244854 1397 489 0 17186239 31 0
24.198 14 IR_SENSORS 0 0 104 53 239
24.198 14 ESTIMATOR 244.884888 4.89
24.248 14 CIRCLE 49.5 100.099998 80.
24.298 14 ATTITUDE 0.272217 1.258031 0.318128
24.381 14 NAVIGATION 4 0 -36.1875 169. 0. 172.830948 14 7 7 0 0 0
24.398 14 GPS 3 36025156 481376594 652 246020 1373 466 0 17186480 31 0
24.597 14 WP_MOVED 7 360558.40625 4813804.5 260. 31
24.631 14 NAVIGATION 4 0 -33.1875 170.5 0. 173.699921 14 7 7 0 0 0
24.648 14 GPS 3 36025454 481376716 677 247133 1342 461 0 17186720 31 0
24.698 14 ENERGY 52 12.5 0.86303 10.787874 0.036679 0.458479
24.698 14 NAVIGATION 4 0 -30.1875 171.5 0. 173.699921 14 7 7 0 0 0
24.698 14 ESTIMATOR 247.219818 4.61
24.798 14 AIRSPEED 12.1 0. 0. 0.
24.799 14 ATTITUDE 0.225321 1.351728 0.291118
24.882 14 NAVIGATION 4 0 -30.1875 171.5 0. 174.136536 15 8 8 0 0 0
24.898 14 GPS 3 36025749 481376823 700 248168 1305 438 0 17186960 31 0
25.081 14 FBW_STATUS 2 0 1 12.5 0.533698
25.097 14 WP_MOVED 8 360461.40625 4813640. 215. 31
25.130 14 NAVIGATION 4 0 -27.28125 173. 0. 175.137848 15 8 8 0 0 0
25.147 14 GPS 3 36026084 481376929 725 249243 1253 381 0 17187239 31 0
25.149 14 SVINFO 5 12 1 5 48 88 271
25.197 14 DESIRED 0.133166 0.084482 0. 47.4263 180.07312 260. 0.350407 13.
25.198 14 ESTIMATOR 249.370605 3.81
25.298 14 CIRCLE 49.5 100.099998 80.
25.298 14 ATTITUDE 0.178775 1.444063 0.245288
25.381 14 NAVIGATION 4 0 -23.90625 174. 0. 175.634583 15 8 8 0 0 0
25.397 14 IR_SENSORS 0 0 83 27 251
25.399 14 GPS 3 36026363 481377006 745 250024 1203 330 0 17187480 31 0
25.600 14 CALIBRATION 150. 2
25.601 14 DL_VALUE 25 0.
25.602 14 WP_MOVED 9 360312.8125 4813652. 185. 31
25.634 14 NAVIGATION 4 0 -21.125 174.5 0. 175.774048 15 8 8 0 0 0
25.647 14 GPS 3 36026632 481377071 764 250660 1154 257 0 17187720 31 0
25.699 14 NAVIGATION 4 0 -18.4375 175. 0. 175.774048 15 8 8 0 0 0
25.699 14 ESTIMATOR 250.965515 2.57
25.798 14 ENERGY 16 12.5 0.200264 2.503294 0.037541 0.469258
25.798 14 AIRSPEED 12.1 0. 0. 0.
25.799 14 ATTITUDE 0.137204 1.52144 0.187923
25.881 14 NAVIGATION 4 0 -18.4375 175. 0. 175.968582 16 9 9 0 0 0
25.897 14 FBW_STATUS 2 0 1 12.5 0.200264
25.898 14 GPS 3 36026893 481377125 781 251144 1108 203 0 17187960 31 0
25.998 14 GPS_SOL 699 699 699 7
26.098 14 WP_MOVED 10 360452.8125 4813581. 260. 31
26.131 14 NAVIGATION 4 0 -15.84375 175.5 0. 176.213715 16 9 9 0 0 0
26.147 14 GPS 3 36027188 481377178 801 251518 1067 121 0 17188239 31 0
26.197 14 ESTIMATOR 251.873337 1.21
26.248 14 DESIRED 0.055033 0.023347 0. 55.201538 179.896576 260. 0.255337 13.
26.297 14 ATTITUDE 0.097567 1.594102 0.136711
26.348 14 CIRCLE 49.5 100.099998 80.
26.381 14 NAVIGATION 4 0 -12.875 176.5 0. 176.968964 16 9 9 0 0 0
26.397 14 GPS 3 36027438 481377216 813 251694 1054 72 0 17188480 31 0
26.598 14 IR_SENSORS 0 0 51 3 261
26.599 14 WP_MOVED 11 360169.5 4813757.5 260. 31
26.630 14 NAVIGATION 4 0 -10.34375 176.5 0. 176.802841 16 9 9 0 0 0
26.647 14 GPS 3 36027689 481377249 824 251761 1052 18 0 17188719 31 0
26.698 14 NAVIGATION 4 0 -7.875 177. 0. 176.802841 16 9 9 0 0 0
26.698 14 ESTIMATOR 252.110977 0.18
26.798 14 AIRSPEED 12.1 0. 0. 0.
26.798 14 ATTITUDE 0.062832 1.633664 0.087187
26.881 14 NAVIGATION 4 0 -7.875 177. 0. 177.175095 17 10 10 0 0 0
26.898 14 ENERGY 18 12.5 0.220897 2.761218 0.037927 0.474081
26.899 14 GPS 3 36027941 481377279 833 251743 1060 -27 0 17188960 31 0
26.981 14 COMMANDS 1823,-157,-649,0
27.081 14 FBW_STATUS 2 0 1 12.5 0.233119
27.097 14 DL_VALUE 26 160.
27.098 14 WP_MOVED 12 360287.59375 4813581. 260. 31
27.131 14 NAVIGATION 4 0 -5.34375 177.5 0. 177.580414 17 10 10 0 0 0
27.148 14 GPS 3 36028241 481377309 842 251645 1078 -33 0 17189239 31 0
27.198 14 COMMANDS 1888,-109,-516,0
27.198 14 ESTIMATOR 251.89566 -0.33
27.296 14 STATE_FILTER_STATUS 2 3 304
27.297 14 DESIRED 0.033029 0.01649 0. 62.950996 178.96109 260. 0.238504 13.
27.297 14 ATTITUDE 0.043823 1.657613 0.04877
27.381 14 NAVIGATION 4 0 -2.34375 177.5 0. 177.515472 17 10 10 0 0 0
27.397 14 CIRCLE 49.5 100.099998 80.
27.398 14 GPS 3 36028503 481377334 847 251516 1095 -45 0 17189480 31 0
27.497 14 PPRZ_MODE 2 3 2 2 0 6
27.598 14 ALIVE 179,209,69,119,115,11,176,21,181,244,80,210,55,176,198,136
27.599 14 WP_MOVED 13 360311.5 4813547. 260. 31
27.631 14 NAVIGATION 4 0 0.28125 178. 0. 178.000214 17 10 10 0 0 0
27.648 14 GPS 3 36028769 481377356 851 251362 1115 -71 0 17189719 31 0
27.698 14 CALIBRATION 117.809258 0
27.698 14 NAVIGATION 4 0 2.9375 178. 0. 178.000214 17 10 10 0 0 0
27.698 14 ESTIMATOR 251.5569 -0.71
27.798 14 IR_SENSORS 0 0 29 -9 264
27.798 14 AIRSPEED 12.1 0. 0. 0.
27.799 14 ATTITUDE 0.028754 1.666561 0.022143
27.885 14 NAVIGATION 4 0 2.9375 178. 0. 178.024231 18 11 11 0 0 0
27.903 14 DATALINK_REPORT 10 5 1001 535 0 0
27.904 14 FBW_STATUS 2 0 1 12.5 0.288008
27.904 14 GPS 3 36029041 481377377 855 251195 1135 -87 0 17189960 31 0
27.997 14 GPS_SOL 699 699 699 7
27.997 14 ENERGY 23 12.5 0.298767 3.734587 0.038395 0.479935
28.098 14 WP_MOVED 14 360300.6875 4813575.5 260. 31
28.131 14 NAVIGATION 4 0 5.65625 178.5 0. 178.589584 18 11 11 0 0 0
28.147 14 GPS 3 36029365 481377401 859 250993 1162 -86 0 17190239 31 0
28.197 14 ESTIMATOR 251.077698 -0.86
28.298 14 ATTITUDE 0.028754 1.671483 0.007149
28.314 14 WIND_INFO 14 5 0.1 2.9 0. 11.8
28.348 14 DESIRED 0.039971 0.015997 0. 71.261871 177.083252 260. 0.260039 13.
28.381 14 NAVIGATION 4 0 8.875 178.5 0. 178.72049 18 11 11 0 0 0
28.397 14 GPS 3 36029648 481377420 861 250824 1181 -80 0 17190480 31 0
28.397 14 SVINFO 4 11 1 4 48 81 223
28.447 14 CIRCLE 49.5 100.099998 80.
28.597 14 DL_VALUE 27 0.
28.598 14 WP_MOVED 15 360297.6875 4813554.5 260. 31
28.633 14 NAVIGATION 4 0 11.71875 178.5 0. 178.884262 18 11 11 0 0 0
28.648 14 GPS 3 36029935 481377437 864 250663 1200 -63 0 17190719 31 0
28.697 14 NAVIGATION 4 0 14.625 179. 0. 178.884262 18 11 11 0 0 0
28.697 14 ESTIMATOR 250.659363 -0.63
28.797 14 AIRSPEED 11.8 0. 0. 0.
28.797 14 ATTITUDE 0.032538 1.751079 -0.004125
28.881 14 NAVIGATION 4 0 14.625 179. 0. 179.596466 19 12 12 0 0 0
28.897 14 GPS 3 36030227 481377453 868 250515 1219 -63 0 17190960 31 0
28.898 14 SVINFO 6 13 1 6 47 52 324
28.997 14 IR_SENSORS 0 0 22 -7 264
29.081 14 FBW_STATUS 2 0 1 12.5 0.397604
29.098 14 ENERGY 30 12.5 0.397604 4.97005 0.039039 0.487981
29.098 14 WP_MOVED 16 361184. 4813643. 260. 31
29.131 14 NAVIGATION 4 0 17.53125 179. 0. 179.856461 19 12 12 0 0 0
29.148 14 GPS 3 36030573 481377470 873 250364 1239 -43 0 17191239 31 0
29.198 14 ESTIMATOR 250.351913 -0.43
29.297 14 ATTITUDE 0.043895 1.75741 -0.004125
29.381 14 NAVIGATION 4 0 20.96875 179. 0. 180.223999 19 12 12 0 0 0
29.397 14 DESIRED 0.071735 0.019445 0. 83.460434 172.534027 260. 0.289443 13.
29.398 14 GPS 3 36030874 481377482 877 250255 1252 -45 0 17191480 31 0
29.497 14 CIRCLE 49.5 100.099998 80.
29.597 14 WP_MOVED 17 361184. 4813643. 260. 31
29.631 14 NAVIGATION 4 0 23.96875 179. 0. 180.597626 19 12 12 0 0 0
29.647 14 GPS 3 36031177 481377491 882 250167 1265 -46 0 17191719 31 0
29.698 14 NAVIGATION 4 0 27. 179.5 0. 180.597626 19 12 12 0 0 0
29.698 14 ESTIMATOR 250.142944 -0.46
29.798 14 CALIBRATION 1.245452 0
29.798 14 AIRSPEED 11.8 0. 0. 0.
29.799 14 ATTITUDE 0.059044 1.768266 -0.000365
29.881 14 NAVIGATION 4 0 27. 179.5 0. 181.519287 20 13 13 0 0 0
29.898 14 FBW_STATUS 2 0 1 12.5 0.452553
29.898 14 GPS 3 36031484 481377498 888 250100 1275 -38 0 17191960 31 0
29.997 14 GPS_SOL 697 697 697 7
30.098 14 DL_VALUE 28 0.32
30.098 14 WP_MOVED 18 360289. 4813605. 220. 31
30.131 14 NAVIGATION 4 0 30.09375 179.5 0. 182.005173 20 13 13 0 0 0
30.147 14 GPS 3 36031844 481377501 896 250049 1287 -19 0 17192239 31 0
30.198 14 IR_SENSORS 0 0 24 2 264
30.198 14 ENERGY 34 12.5 0.467016 5.837694 0.039835 0.497934
30.198 14 ESTIMATOR 249.976517 -0.19
30.298 14 ATTITUDE 0.074195 1.788109 0.007149
30.381 14 NAVIGATION 4 0 33.6875 179.5 0. 182.633774 20 13 13 0 0 0
30.398 14 GPS 3 36032154 481377499 903 250028 1294 -10 0 17192480 31 0
30.398 14 SVINFO 5 12 1 5 47 85 274
30.449 14 DESIRED 0.111087 0.024222 0. 93.930428 166.627716 260. 0.300704 13.
30.548 14 CIRCLE 49.5 100.099998 80.
30.597 14 WP_MOVED 19 360289. 4813610. 500. 31
30.632 14 NAVIGATION 4 0 36.78125 179.5 0. 183.22966 20 13 13 0 0 0
30.648 14 GPS 3 36032466 481377492 911 250028 1300 10 0 17192719 31 0
30.697 14 NAVIGATION 4 0 39.875 179.5 0. 183.22966 20 13 13 0 0 0
30.698 14 ESTIMATOR 249.954773 0.1
30.797 14 AIRSPEED 11.8 0. 0. 0.
30.797 14 ATTITUDE 0.093126 1.811852 0.010902
30.880 14 NAVIGATION 4 0 39.875 179.5 0. 183.875687 21 14 14 0 0 0
30.897 14 GPS 3 36032779 481377481 921 250047 1304 5 0 17192960 31 0
30.984 14 BLOCK 15 14
30.985 14 NAVIGATION 15 0 43.0625 179. 0. 183.875687 21 0 0 0 0 0
31.081 14 FBW_STATUS 2 0 1 12.5 0.496062
31.098 14 WP_MOVED 20 360289. 4813620. 300. 31
31.131 14 NAVIGATION 15 1 43.0625 179. 2280.369141 184.106979 21 0 0 0 0 0
31.147 14 GPS 3 36033145 481377460 934 250091 1308 32 0 17193239 31 0
31.198 14 ESTIMATOR 250.030472 0.32
31.299 14 AUTOPILOT_VERSION 51500 v5.15_devel-179-g9a29798-dirty
31.299 14 ENERGY 26 12.5 0.385679 4.820992 0.040713 0.508912
31.300 14 ATTITUDE 0.131166 1.848313 0.018798
31.381 14 NAVIGATION 15 1 46.6875 179. 2282.823486 184.988434 21 0 0 0 0 0
31.398 14 IR_SENSORS 0 0 26 26 263
31.398 14 GPS 3 36033457 481377434 946 250141 1305 42 0 17193480 31 0
31.497 14 DESIRED 0.49212 -0.231187 0. -1500. -1500. 200. -1.500914 13.
31.597 14 DL_VALUE 29 0.
31.598 14 WP_MOVED 21 360289. 4813625. 400. 31
31.630 14 NAVIGATION 15 1 49.8125 179. 2284.941895 185.801743 21 0 0 0 0 0
31.647 14 GPS 3 36033764 481377400 964 250175 1285 19 0 17193719 31 0
31.648 14 SVINFO 3 10 1 3 48 48 175
31.697 14 NAVIGATION 15 1 52.875 178.5 2284.941895 185.801743 21 0 0 0 0 0
31.698 14 ESTIMATOR 250.210892 0.19
31.797 14 AIRSPEED 11.8 0. 0. 0.
31.797 14 ATTITUDE 0.260227 1.900836 -0.018146
31.881 14 NAVIGATION 15 1 52.875 178.5 2286.65332 186.166641 22 1 1 0 0 0
31.897 14 CALIBRATION -31.986128 1
31.897 14 FBW_STATUS 2 0 1 12.5 0.091552
31.898 14 GPS 3 36034060 481377353 989 250149 1251 -11 0 17193960 31 0
31.982 14 COMMANDS 852,-389,-2012,0
31.997 14 NAVIGATION_REF 360284 4813595 31 185.
31.997 14 GPS_SOL 694 694 694 7
32.098 14 WP_MOVED 22 360289. 4813645. 250. 31
32.132 14 NAVIGATION 15 1 55.84375 178. 2288.303711 186.554352 22 1 1 0 0 0
32.147 14 GPS 3 36034394 481377279 1031 249999 1216 -60 0 17194239 31 0
32.198 14 COMMANDS 852,793,-1798,0
32.198 14 ESTIMATOR 250.150421 -0.6
32.298 14 STATE_FILTER_STATUS 2 3 337
32.298 14 ATTITUDE 0.372678 2.020386 -0.075409
32.382 14 NAVIGATION 15 1 59.15625 177.5 2290.190918 187.098129 22 1 1 0 0 0
32.398 14 ENERGY 8 12.5 0.091552 1.144399 0.040972 0.51214
32.398 14 GPS 3 36034670 481377195 1069 249751 1202 -128 0 17194480 31 0
32.399 14 SVINFO 6 13 1 6 46 46 326
32.498 14 PPRZ_MODE 2 3 2 0 0 6
32.547 14 DESIRED 0.434095 -0.206588 0. -1500. -1500. 200. -1.504513 13.
32.598 14 ALIVE 179,209,69,119,115,11,176,21,181,244,80,210,55,176,198,136
32.598 14 IR_SENSORS 0 0 -7 93 248
32.598 14 WP_MOVED 0 360326. 4813637. 260. 31
32.631 14 NAVIGATION 15 1 61.96875 176.5 2291.375 187.062485 22 1 1 0 0 0
32.647 14 GPS 3 36034937 481377088 1117 249389 1197 -170 0 17194719 31 0
32.697 14 NAVIGATION 15 1 64.625 175.5 2291.375 187.062485 22 1 1 0 0 0
32.697 14 ESTIMATOR 249.557922 -1.7
32.798 14 AIRSPEED 11.8 0. 0. 0.
32.799 14 ATTITUDE 0.441936 2.158297 -0.140063
32.880 14 NAVIGATION 15 1 64.625 175.5 2292.455566 187.020432 23 2 2 0 0 0
32.897 14 GPS 3 36035194 481376958 1169 248921 1200 -231 0 17194960 31 0
32.996 14 DATALINK_REPORT 2 7 1126 546 0 0
33.081 14 FBW_STATUS 2 0 1 12.5 0.091552
33.098 14 DL_VALUE 30 0.01
33.098 14 WP_MOVED 1 360284. 4813595. 260. 31
33.131 14 NAVIGATION 15 1 67.15625 174. 2293.088623 186.509949 23 2 2 0 0 0
33.148 14 GPS 3 36035479 481376774 1236 248256 1215 -278 0 17195239 31 0
33.149 14 SVINFO 2 9 0 2 48 10 126
33.197 14 ESTIMATOR 248.438034 -2.78
33.298 14 ATTITUDE 0.450356 2.33673 -0.184914
33.381 14 NAVIGATION 15 1 70.0625 172. 2293.617188 185.722244 23 2 2 0 0 0
33.398 14 GPS 3 36035710 481376590 1285 247603 1229 -311 0 17195480 31 0
33.497 14 ENERGY 8 12.5 0.091552 1.144399 0.04114 0.514237
33.597 14 DESIRED 0.433325 -0.203453 0. -1500. -1500. 200. -1.453141 13.
33.598 14 WP_MOVED 2 360333.5 4813695. 260. 31
33.631 14 NAVIGATION 15 1 72.375 170.5 2294.108398 185.22525 23 2 2 0 0 0
33.648 14 GPS 3 36035926 481376383 1337 246889 1248 -350 0 17195719 31 0
33.648 14 SVINFO 4 11 1 4 47 86 226
33.698 14 NAVIGATION 15 1 74.53125 168.5 2294.108398 185.22525 23 2 2 0 0 0
33.699 14 ESTIMATOR 246.919159 -3.5
33.798 14 IR_SENSORS 0 0 -33 97 245
33.798 14 AIRSPEED 11.8 0. 0. 0.
33.799 14 ATTITUDE 0.439815 2.484144 -0.221155
33.881 14 NAVIGATION 15 1 74.53125 168.5 2294.131836 184.247543 24 3 3 0 0 0
33.898 14 FBW_STATUS 2 0 1 12.5 0.091552
33.898 14 GPS 3 36036126 481376153 1388 246129 1267 -374 0 17195960 31 0
33.899 14 SVINFO 5 12 0 5 46 82 276
33.996 14 CALIBRATION -31.986128 1
33.996 14 GPS_SOL 690 690 690 7
34.098 14 WP_MOVED 3 360294.09375 4813785. 260. 31
34.131 14 NAVIGATION 15 1 76.53125 166. 2293.688477 182.792313 24 3 3 0 0 0
34.147 14 GPS 3 36036337 481375861 1450 245201 1291 -373 0 17196239 31 0
34.198 14 ESTIMATOR 245.149002 -3.73
34.297 14 ATTITUDE 0.439815 2.645823 -0.237154
34.381 14 NAVIGATION 15 1 78.625 163. 2292.951416 180.972076 24 3 3 0 0 0
34.398 14 GPS 3 36036496 481375590 1495 244384 1307 -390 0 17196480 31 0
34.597 14 DL_VALUE 31 0.1
34.597 14 ENERGY 8 12.5 0.091552 1.144399 0.041308 0.516334
34.597 14 WP_MOVED 4 360416.3125 4813734. 260. 31
34.631 14 NAVIGATION 15 1 80.21875 160.5 2292.237305 179.430481 24 3 3 0 0 0
34.649 14 DESIRED 0.475166 -0.202788 0. -1500. -1500. 200. -1.327787 13.
34.650 14 GPS 3 36036633 481375304 1543 243556 1323 -384 0 17196719 31 0
34.697 14 NAVIGATION 15 1 81.5625 157.5 2292.237305 179.430481 24 3 3 0 0 0
34.697 14 ESTIMATOR 243.35434 -3.84
34.797 14 AIRSPEED 11.8 0. 0. 0.
34.798 14 ATTITUDE 0.456746 2.779377 -0.238369
34.880 14 NAVIGATION 15 1 81.5625 157.5 2290.992432 177.365982 25 4 4 0 0 0
34.897 14 GPS 3 36036747 481375004 1592 242724 1337 -385 0 17196960 31 0
34.999 14 IR_SENSORS 0 0 -37 102 242
35.080 14 FBW_STATUS 2 0 1 12.5 0.091552
35.097 14 WP_MOVED 5 360421. 4813583.5 260. 31
35.131 14 NAVIGATION 15 1 82.71875 154.5 2289.62207 175.250229 25 4 4 0 0 0
35.147 14 GPS 3 36036847 481374639 1654 241760 1352 -374 0 17197239 31 0
35.148 14 SVINFO 3 10 1 3 47 54 177
35.197 14 ESTIMATOR 241.579163 -3.74
35.297 14 ATTITUDE 0.468721 2.938564 -0.234944
35.382 14 NAVIGATION 15 1 83.71875 150.5 2287.425293 172.218109 25 4 4 0 0 0
35.400 14 GPS 3 36036903 481374317 1700 240945 1360 -364 0 17197480 31 0
35.597 14 WP_MOVED 6 360164.8125 4813664.5 260. 31
35.645 14 NAVIGATION 15 1 84.28125 147.5 2285.651611 169.881073 25 4 4 0 0 0
35.664 14 GPS 3 36036932 481373990 1750 240146 1368 -366 0 17197719 31 0
35.697 14 ENERGY 8 12.5 0.091552 1.144399 0.041476 0.518431
35.697 14 DESIRED 0.4374 -0.201175 0. -1500. -1500. 200. -1.221645 13.
35.697 14 NAVIGATION 15 1 84.5625 144.5 2285.651611 169.881073 25 4 4 0 0 0
35.697 14 ESTIMATOR 239.897476 -3.66
35.798 14 AIRSPEED 11.8 0. 0. 0.
35.799 14 ATTITUDE 0.463744 3.076557 -0.222243
35.881 14 NAVIGATION 15 1 84.5625 144.5 2283.685303 167.424805 26 5 5 0 0 0
35.898 14 FBW_STATUS 2 0 1 12.5 0.091552
35.899 14 GPS 3 36036932 481373661 1800 239368 1373 -354 0 17197960 31 0
35.899 14 SVINFO 6 13 1 6 45 40 328
35.997 14 GPS_SOL 685 685 685 7
36.098 14 CALIBRATION -31.986128 1
36.098 14 DL_VALUE 32 0.
36.098 14 WP_MOVED 7 360558.40625 4813804.5 260. 31
36.131 14 NAVIGATION 15 1 84.5625 141. 2281.16626 164.413559 26 5 5 0 0 0
36.147 14 GPS 3 36036897 481373277 1860 238492 1376 -308 0 17198239 31 0
36.197 14 IR_SENSORS 0 0 -31 98 245
36.198 14 ESTIMATOR 238.272522 -3.08
36.298 14 ATTITUDE 0.439815 3.234382 -0.209109
36.381 14 NAVIGATION 15 1 84.21875 137.5 2278.410645 161.242203 26 5 5 0 0 0
36.398 14 GPS 3 36036838 481372952 1902 237768 1377 -306 0 17198480 31 0
36.399 14 SVINFO 1 8 1 1 48 0 78
36.597 14 WP_MOVED 8 358784. 4812095. 200. 31
36.631 14 NAVIGATION 15 1 83.65625 134. 2275.504883 157.969513 26 5 5 0 0 0
36.648 14 GPS 3 36036754 481372632 1946 237070 1376 -292 0 17198719 31 0
36.698 14 NAVIGATION 15 1 82.78125 131. 2275.504883 157.969513 26 5 5 0 0 0
36.698 14 ESTIMATOR 236.873688 -2.92
36.748 14 DESIRED 0.319435 -0.208814 0. -1500. -1500. 200. -1.127123 13.
36.798 14 ENERGY 8 12.5 0.091552 1.144399 0.041644 0.520527
36.798 14 AIRSPEED 11.8 0. 0. 0.
36.799 14 ATTITUDE 0.39057 3.359555 -0.198802
36.882 14 NAVIGATION 15 1 82.78125 131. 2272.742188 154.963654 27 6 6 0 0 0
36.897 14 GPS 3 36036647 481372320 1988 236395 1374 -273 0 17198960 31 0
36.981 14 COMMANDS 852,-685,-150,0
37.082 14 FBW_STATUS 2 0 1 12.5 0.091552
37.099 14 WP_MOVED 9 360312.8125 4813652. 185. 31
37.131 14 NAVIGATION 15 1 81.71875 127.5 2269.491211 151.44043 27 6 6 0 0 0
37.148 14 GPS 3 36036497 481371967 2037 235632 1369 -262 0 17199239 31 0
37.148 14 SVINFO 4 11 0 4 46 88 228
37.197 14 COMMANDS 852,-710,-206,0
37.197 14 ESTIMATOR 235.553101 -2.62
37.299 14 STATE_FILTER_STATUS 2 3 352
37.299 14 ATTITUDE 0.327092 3.489787 -0.196632
37.381 14 NAVIGATION 15 1 80.21875 124. 2265.936279 147.685638 27 6 6 0 0 0
37.397 14 IR_SENSORS 0 0 -28 65 256
37.397 14 GPS 3 36036349 481371675 2068 234996 1365 -261 0 17199480 31 0
37.398 14 SVINFO 5 12 1 5 45 78 278
37.498 14 PPRZ_MODE 2 3 2 0 0 6
37.598 14 ALIVE 179,209,69,119,115,11,176,21,181,244,80,210,55,176,198,136
37.599 14 DL_VALUE 33 0.15
37.599 14 WP_MOVED 10 360452.8125 4813581. 260. 31
37.631 14 NAVIGATION 15 1 78.71875 121.5 2263.098633 144.771851 27 6 6 0 0 0
37.649 14 GPS 3 36036185 481371392 2099 234370 1361 -269 0 17199719 31 0
37.649 14 SVINFO 6 13 1 6 44 37 329
37.697 14 NAVIGATION 15 1 77.09375 118.5 2263.098633 144.771851 27 6 6 0 0 0
37.698 14 ESTIMATOR 234.296295 -2.69
37.798 14 DESIRED 0.172649 -0.22359 0. -1500. -1500. 200. -1.047698 13.
37.799 14 AIRSPEED 11.8 0. 0. 0.
37.799 14 ATTITUDE 0.253536 3.580847 -0.198771
37.881 14 NAVIGATION 15 1 77.09375 118.5 2259.815674 141.370773 28 7 7 0 0 0
37.897 14 FBW_STATUS 2 0 1 12.5 0.091552
37.898 14 ENERGY 8 12.5 0.091552 1.144399 0.041812 0.522624
37.898 14 GPS 3 36036009 481371118 2127 233750 1356 -272 0 17199960 31 0
37.899 14 SVINFO 0 7 0 0 48 24 29
37.997 14 GPS_SOL 678 678 678 7
38.097 14 DATALINK_REPORT 7 7 1251 530 0 0
38.098 14 WP_MOVED 11 360169.5 4813757.5 260. 31
38.131 14 NAVIGATION 15 1 75.34375 115.5 2256.445801 137.901886 28 7 7 0 0 0
38.147 14 GPS 3 36035790 481370809 2156 233026 1352 -271 0 17200239 31 0
38.197 14 CALIBRATION -31.986128 1
38.197 14 ESTIMATOR 232.989044 -2.71
38.298 14 ATTITUDE 0.184367 3.663751 -0.20504
38.315 14 WIND_INFO 14 5 -0.6 0.5 0. 13.7
38.381 14 NAVIGATION 15 1 73.15625 112.5 2252.770996 134.194214 28 7 7 0 0 0
38.397 14 GPS 3 36035593 481370552 2175 232400 1349 -280 0 17200480 31 0
38.398 14 SVINFO 2 9 1 2 47 17 129
38.597 14 IR_SENSORS 0 0 -32 21 263
38.598 14 WP_MOVED 12 360287.59375 4813581. 260. 31
38.631 14 NAVIGATION 15 1 71.15625 110. 2249.584961 131.008438 28 7 7 0 0 0
38.648 14 GPS 3 36035389 481370301 2191 231765 1346 -293 0 17200719 31 0
38.648 14 SVINFO 3 10 0 3 46 60 179
38.698 14 NAVIGATION 15 1 69.125 107.5 2249.584961 131.008438 28 7 7 0 0 0
38.699 14 ESTIMATOR 231.667908 -2.93
38.797 14 AIRSPEED 13.7 0. 0. 0.
38.797 14 ATTITUDE 0.119804 3.767465 -0.212089
38.848 14 DESIRED 0.067466 -0.23831 0. -1500. -1500. 200. -0.970029 13.
38.881 14 NAVIGATION 15 1 69.125 107.5 2246.376953 127.806557 29 8 8 0 0 0
38.897 14 GPS 3 36035179 481370056 2205 231118 1345 -288 0 17200960 31 0
38.997 14 ENERGY 8 12.5 0.091552 1.144399 0.041979 0.524721
39.081 14 FBW_STATUS 2 0 1 12.5 0.091552
39.098 14 DL_VALUE 34 0.05
39.098 14 WP_MOVED 13 360311.5 4813547. 260. 31
39.130 14 NAVIGATION 15 1 67.0625 105. 2243.147461 124.588837 29 8 8 0 0 0
39.147 14 GPS 3 36034928 481369775 2218 230345 1345 -293 0 17201239 31 0
39.198 14 ESTIMATOR 230.2836 -2.93
39.298 14 ATTITUDE 0.070436 3.813737 -0.223303
39.381 14 NAVIGATION 15 1 64.53125 102. 2239.232422 120.699142 29 8 8 0 0 0
39.397 14 GPS 3 36034710 481369537 2225 229664 1346 -303 0 17201480 31 0
39.597 14 WP_MOVED 14 360300.6875 4813575.5 260. 31
39.630 14 NAVIGATION 15 1 62.375 100. 2236.295166 117.858559 29 8 8 0 0 0
39.647 14 GPS 3 36034489 481369300 2231 228968 1348 -315 0 17201719 31 0
39.698 14 NAVIGATION 15 1 60.125 97.5 2236.295166 117.858559 29 8 8 0 0 0
39.698 14 ESTIMATOR 228.860016 -3.15
39.798 14 IR_SENSORS 0 0 -39 -6 262
39.798 14 AIRSPEED 13.7 0. 0. 0.
39.799 14 ATTITUDE 0.039935 3.836693 -0.235036
39.881 14 NAVIGATION 15 1 60.125 97.5 2232.934326 114.548096 30 9 9 0 0 0
39.898 14 FBW_STATUS 2 0 1 12.5 0.091552
39.898 14 DESIRED 0.011788 -0.246237 0. -1500. -1500. 200. -0.8658 13.
39.898 14 GPS 3 36034265 481369066 2235 228255 1350 -308 0 17201960 31 0
39.899 14 SVINFO 1 8 1 1 47 0 80
39.998 14 GPS_SOL 670 670 670 7
40.097 14 ENERGY 8 12.5 0.091552 1.144399 0.042147 0.526818
40.098 14 WP_MOVED 15 360297.6875 4813554.5 260. 31
40.130 14 NAVIGATION 15 1 57.875 95. 2229.57373 111.240799 30 9 9 0 0 0
40.147 14 GPS 3 36034002 481368793 2239 227405 1354 -318 0 17202239 31 0
40.197 14 ESTIMATOR 227.363724 -3.18
40.297 14 CALIBRATION -31.986128 1
40.298 14 ATTITUDE 0.017062 3.851425 -0.242496
40.381 14 NAVIGATION 15 1 55.25 92.5 2225.951172 107.744202 30 9 9 0 0 0
40.398 14 GPS 3 36033775 481368559 2241 226662 1358 -297 0 17202480 31 0
40.598 14 DL_VALUE 35 0.
40.598 14 WP_MOVED 16 361184. 4813643. 260. 31
40.631 14 NAVIGATION 15 1 53. 90. 2222.590576 104.446159 30 9 9 0 0 0
40.647 14 GPS 3 36033547 481368325 2242 225908 1362 -306 0 17202719 31 0
40.648 14 SVINFO 4 11 1 4 45 89 230
40.698 14 NAVIGATION 15 1 50.71875 87.5 2222.590576 104.446159 30 9 9 0 0 0
40.698 14 ESTIMATOR 225.865082 -3.06
40.797 14 AIRSPEED 13.7 0. 0. 0.
40.798 14 ATTITUDE 0.009448 3.857231 -0.249938
40.881 14 NAVIGATION 15 1 50.71875 87.5 2219.208252 101.136749 31 10 10 0 0 0
40.897 14 GPS 3 36033317 481368090 2243 225144 1366 -307 0 17202960 31 0
40.898 14 SVINFO 5 12 1 5 44 73 280
40.959 14 DESIRED 0.000132 -0.249435 0. -1500. -1500. 200. -0.775952 13.
40.998 14 NAVIGATION_REF 360284 4813595 31 185.
40.998 14 IR_SENSORS 0 0 -43 -15 261
41.081 14 FBW_STATUS 2 0 1 12.5 0.091552
41.098 14 WP_MOVED 17 361184. 4813643. 260. 31
41.130 14 NAVIGATION 15 1 48.40625 85.5 2216.161621 98.251793 31 10 10 0 0 0
41.148 14 GPS 3 36033049 481367816 2244 224245 1371 -294 0 17203239 31 0
41.149 14 SVINFO 6 13 0 6 43 31 331
41.197 14 ENERGY 8 12.5 0.091552 1.144399 0.042315 0.528915
41.198 14 ESTIMATOR 224.318497 -2.94
41.298 14 ATTITUDE 0.001606 3.860091 -0.254278
41.381 14 NAVIGATION 15 1 45.71875 82.5 2212.137695 94.321014 31 10 10 0 0 0
41.399 14 GPS 3 36032818 481367581 2244 223468 1374 -317 0 17203480 31 0
41.597 14 WP_MOVED 18 360289. 4813605. 220. 31
41.632 14 NAVIGATION 15 1 43.40625 80.5 2209.091064 91.456833 31 10 10 0 0 0
41.648 14 GPS 3 36032586 481367345 2244 222689 1378 -303 0 17203719 31 0
41.698 14 NAVIGATION 15 1 41.09375 78. 2209.091064 91.456833 31 10 10 0 0 0
41.699 14 ESTIMATOR 222.742767 -3.03
41.797 14 AIRSPEED 13.7 0. 0. 0.
41.797 14 ATTITUDE -0.00221 3.860898 -0.254278
41.881 14 NAVIGATION 15 1 41.09375 78. 2205.686768 88.162895 32 11 11 0 0 0
41.897 14 FBW_STATUS 2 0 1 12.5 0.091552
41.898 14 GPS 3 36032354 481367108 2244 221909 1381 -305 0 17203960 31 0
41.899 14 SVINFO 2 9 1 2 46 22 131
41.981 14 COMMANDS 852,5,54,0
41.999 14 GPS_SOL 661 661 661 7
41.999 14 DESIRED -0.001542 -0.24977 0. -1500. -1500. 200. -0.682283 13.
42.098 14 DL_VALUE 36 0.
42.099 14 WP_MOVED 19 360289. 4813610. 500. 31
42.131 14 NAVIGATION 15 1 38.78125 75.5 2202.282471 84.877769 32 11 11 0 0 0
42.149 14 GPS 3 36032083 481366831 2244 221000 1384 -279 0 17204239 31 0
42.149 14 SVINFO 3 10 1 3 45 66 181
42.197 14 COMMANDS 852,5,54,0
42.198 14 IR_SENSORS 0 0 -44 -17 261
42.198 14 ESTIMATOR 221.151001 -2.79
42.298 14 STATE_FILTER_STATUS 2 3 322
42.298 14 ENERGY 8 12.5 0.091552 1.144399 0.042483 0.531011
42.299 14 ATTITUDE -0.00221 3.860606 -0.254278
42.381 14 NAVIGATION 15 1 36.09375 72.5 2198.258301 80.987709 32 11 11 0 0 0
42.399 14 AUTOPILOT_VERSION 51500 v5.15_devel-179-g9a29798-dirty
42.399 14 CALIBRATION -31.986128 1
42.399 14 GPS 3 36031850 481366594 2243 220222 1386 -275 0 17204480 31 0
42.400 14 SVINFO 4 11 1 4 44 89 231
42.497 14 PPRZ_MODE 2 3 2 0 0 6
42.597 14 ALIVE 179,209,69,119,115,11,176,21,181,244,80,210,55,176,198,136
42.598 14 WP_MOVED 20 360289. 4813620. 300. 31
42.631 14 NAVIGATION 15 1 33.71875 70.5 2195.168213 78.148605 32 11 11 0 0 0
42.647 14 GPS 3 36031617 481366355 2243 219447 1388 -275 0 17204719 31 0
42.698 14 NAVIGATION 15 1 31.40625 68. 2195.168213 78.148605 32 11 11 0 0 0
42.699 14 ESTIMATOR 219.639862 -2.75
42.797 14 AIRSPEED 13.7 0. 0. 0.
42.798 14 ATTITUDE -0.00221 3.859456 -0.254278
42.882 14 NAVIGATION 15 1 31.40625 68. 2191.763916 74.90229 33 12 12 0 0 0
42.898 14 GPS 3 36031384 481366117 2243 218674 1389 -277 0 17204960 31 0
42.899 14 SVINFO 6 13 1 6 42 28 332
43.048 14 DESIRED -0.000358 -0.241827 0. -1500. -1500. 200. -0.589196 13.
43.081 14 FBW_STATUS 2 0 1 12.5 0.098988
43.097 14 WP_MOVED 21 360289. 4813625. 400. 31
43.130 14 NAVIGATION 15 1 29.09375 65.5 2188.359619 71.670746 33 12 12 0 0 0
43.147 14 GPS 3 36031112 481365838 2242 217778 1391 -303 0 17205239 31 0
43.148 14 SVINFO 0 7 0 0 47 16 32
43.197 14 DATALINK_REPORT 5 8 1379 548 0 0
43.198 14 ESTIMATOR 218.082932 -3.03
43.297 14 ATTITUDE -0.00221 3.857787 -0.250551
43.381 14 NAVIGATION 15 1 26.375 62.5 2184.313965 67.837234 33 12 12 0 0 0
43.397 14 IR_SENSORS 0 0 -43 -17 261
43.397 14 ENERGY 12 12.5 0.116315 1.453936 0.042664 0.533265
43.398 14 GPS 3 36030879 481365598 2242 217014 1393 -320 0 17205480 31 0
43.598 14 DL_VALUE 37 0.
43.598 14 WP_MOVED 22 360289. 4813645. 250. 31
43.632 14 NAVIGATION 15 1 24.0625 60.5 2181.267334 65.10955 33 12 12 0 0 0
43.648 14 GPS 3 36030645 481365357 2241 216258 1397 -314 0 17205719 31 0
43.698 14 NAVIGATION 15 1 21.6875 58. 2181.267334 65.10955 33 12 12 0 0 0
43.698 14 ESTIMATOR 216.397278 -3.14
43.798 14 AIRSPEED 13.7 0. 0. 0.
43.798 14 ATTITUDE 0.001839 3.856886 -0.242496
43.881 14 NAVIGATION 15 1 21.6875 58. 2177.819336 61.922108 34 13 13 0 0 0
43.897 14 FBW_STATUS 2 0 1 12.5 0.163489
43.897 14 GPS 3 36030410 481365116 2241 215515 1403 -300 0 17205960 31 0
43.996 14 GPS_SOL 651 651 651 7
44.098 14 DESIRED 0.001463 -0.168602 0. -1500. -1500. 200. -0.491918 13.
44.099 14 WP_MOVED 0 360326. 4813637. 260. 31
44.131 14 NAVIGATION 15 1 19.34375 55.5 2174.393311 58.774406 34 13 13 0 0 0
44.147 14 GPS 3 36030135 481364833 2241 214674 1411 -279 0 17206239 31 0
44.198 14 ESTIMATOR 214.795349 -2.79
44.298 14 ATTITUDE 0.001839 3.856973 -0.223816
44.381 14 NAVIGATION 15 1 16.625 53. 2170.705078 55.546291 34 13 13 0 0 0
44.398 14 GPS 3 36029898 481364588 2241 213986 1418 -270 0 17206480 31 0
44.399 14 SVINFO 5 12 1 5 43 68 282
44.498 14 CALIBRATION -94.097961 2
44.499 14 ENERGY 21 12.5 0.261695 3.271186 0.042999 0.537453
44.597 14 IR_SENSORS 0 0 -32 -16 263
44.598 14 WP_MOVED 1 360284. 4813595. 260. 31
44.631 14 NAVIGATION 15 1 14.21875 50.5 2167.235352 52.463539 34 13 13 0 0 0
44.648 14 GPS 3 36029659 481364343 2241 213339 1426 -241 0 17206719 31 0
44.698 14 NAVIGATION 15 1 11.84375 48. 2167.235352 52.463539 34 13 13 0 0 0
44.699 14 ESTIMATOR 213.379974 -2.41
44.798 14 AIRSPEED 13.7 0. 0. 0.
44.798 14 ATTITUDE 0.00207 3.857347 -0.197089
44.881 14 NAVIGATION 15 1 11.84375 48. 2163.787354 49.439602 35 14 14 0 0 0
44.898 14 GPS 3 36029420 481364096 2241 212741 1434 -215 0 17206960 31 0
45.080 14 FBW_STATUS 2 0 1 12.5 0.353204
45.097 14 DL_VALUE 38 0.
45.097 14 WP_MOVED 2 360333.5 4813695. 260. 31
45.131 14 NAVIGATION 15 1 9.4375 45.5 2160.317627 46.468445 35 14 14 0 0 0
45.148 14 DESIRED 0.001612 -0.082814 0. -1500. -1500. 200. -0.383043 13.
45.148 14 GPS 3 36029138 481363806 2241 212119 1443 -197 0 17207239 31 0
45.149 14 SVINFO 1 8 1 1 46 0 83
45.197 14 ESTIMATOR 212.20195 -1.97
45.297 14 ATTITUDE 0.0023 3.858719 -0.159112
45.381 14 NAVIGATION 15 1 6.625 42.5 2156.206055 43.01326 35 14 14 0 0 0
45.398 14 GPS 3 36028895 481363556 2241 211658 1450 -176 0 17207480 31 0
45.399 14 SVINFO 2 9 1 2 45 28 133
45.597 14 ENERGY 31 12.5 0.428964 5.36205 0.043639 0.545463
45.598 14 WP_MOVED 3 360294.09375 4813785. 260. 31
45.631 14 NAVIGATION 15 1 4.21875 40. 2152.736328 40.221859 35 14 14 0 0 0
45.648 14 GPS 3 36028652 481363306 2241 211270 1455 -148 0 17207719 31 0
45.649 14 SVINFO 3 10 1 3 44 71 183
45.697 14 NAVIGATION 15 1 1.78125 37.5 2152.736328 40.221859 35 14 14 0 0 0
45.697 14 ESTIMATOR 211.259796 -1.48
45.797 14 IR_SENSORS 0 0 -8 -17 265
45.798 14 AIRSPEED 13.7 0. 0. 0.
45.798 14 ATTITUDE -0.001231 3.859218 -0.117446
45.880 14 NAVIGATION 15 1 1.78125 37.5 2149.244873 37.542282 36 15 15 0 0 0
45.897 14 FBW_STATUS 2 0 1 12.5 0.453256
45.897 14 GPS 3 36028408 481363055 2241 210957 1457 -118 0 17207960 31 0
45.898 14 SVINFO 4 11 1 4 43 89 233
45.997 14 GPS_SOL 640 640 640 7
46.097 14 WP_MOVED 4 360416.3125 4813734. 260. 31
46.131 14 NAVIGATION 15 1 -0.65625 35. 2145.753174 35.006153 36 15 15 0 0 0
46.148 14 GPS 3 36028124 481362763 2241 210683 1455 -84 0 17208239 31 0
46.148 14 SVINFO 5 12 1 5 42 65 283
46.197 14 DESIRED 0.001552 -0.037425 0. -1500. -1500. 200. -0.327212 13.
46.198 14 ESTIMATOR 210.63031 -0.84
46.298 14 ATTITUDE -0.001231 3.858669 -0.083493
46.381 14 NAVIGATION 15 1 -3.5 32. 2141.619873 32.190838 36 15 15 0 0 0
46.398 14 GPS 3 36027882 481362513 2241 210523 1451 -55 0 17208480 31 0
46.399 14 SVINFO 6 13 1 6 41 22 334
46.597 14 CALIBRATION -150. 2
46.598 14 DL_VALUE 39 0.
46.598 14 WP_MOVED 5 360421. 4813583.5 260. 31
46.631 14 NAVIGATION 15 1 -5.9375 30. 2138.486084 30.581921 36 15 15 0 0 0
46.648 14 GPS 3 36027640 481362264 2241 210426 1445 -8 0 17208719 31 0
46.648 14 SVINFO 0 7 0 0 46 12 34
46.697 14 ENERGY 36 12.5 0.50361 6.295131 0.044513 0.556383
46.698 14 NAVIGATION 15 1 -8.34375 27. 2138.486084 30.581921 36 15 15 0 0 0
46.698 14 ESTIMATOR 210.339218 -0.08
46.798 14 AIRSPEED 13.7 0. 0. 0.
46.798 14 ATTITUDE 0.002528 3.85777 -0.045781
46.880 14 NAVIGATION 15 1 -8.34375 27. 2134.658447 28.259832 37 16 16 0 0 0
46.898 14 GPS 3 36027400 481362016 2241 210383 1436 -2 0 17208960 31 0
46.899 14 SVINFO 1 8 0 1 45 1 84
46.984 14 COMMANDS 3453,-1,180,0
46.998 14 IR_SENSORS 0 0 14 -16 265
47.081 14 FBW_STATUS 2 0 1 12.5 0.500013
47.098 14 WP_MOVED 6 360164.8125 4813664.5 260. 31
47.130 14 NAVIGATION 15 1 -10.75 24.5 2131.188965 26.754673 37 16 16 0 0 0
47.147 14 GPS 3 36027122 481361730 2241 210390 1422 14 0 17209239 31 0
47.198 14 COMMANDS 3407,28,42,0
47.198 14 ESTIMATOR 210.345856 0.14
47.248 14 DESIRED 0.002313 -0.023134 0. -1500. -1500. 200. -0.310068 13.
47.297 14 STATE_FILTER_STATUS 2 3 297
47.298 14 ATTITUDE 0.0023 3.856505 -0.022961
47.382 14 NAVIGATION 15 1 -13.5625 22. 2127.435303 25.844563 37 16 16 0 0 0
47.397 14 GPS 3 36026887 481361487 2241 210434 1410 12 0 17209480 31 0
47.497 14 PPRZ_MODE 2 3 2 0 0 6
47.598 14 ALIVE 179,209,69,119,115,11,176,21,181,244,80,210,55,176,198,136
47.599 14 WP_MOVED 7 360558.40625 4813804.5 260. 31
47.630 14 NAVIGATION 15 1 -15.875 19. 2123.67334 24.759151 37 16 16 0 0 0
47.647 14 GPS 3 36026654 481361246 2240 210502 1396 38 0 17209719 31 0
47.698 14 NAVIGATION 15 1 -18.1875 17. 2123.67334 24.759151 37 16 16 0 0 0
47.699 14 ESTIMATOR 210.444427 0.38
47.798 14 ENERGY 33 12.5 0.463656 5.795695 0.045412 0.567622
47.799 14 AIRSPEED 13.7 0. 0. 0.
47.799 14 ATTITUDE 0.0023 3.855232 -0.007888
47.881 14 NAVIGATION 15 1 -18.1875 17. 2120.626465 24.895485 38 17 17 0 0 0
47.899 14 FBW_STATUS 2 0 1 12.5 0.456952
47.899 14 GPS 3 36026423 481361008 2240 210584 1381 38 0 17209960 31 0
47.998 14 GPS_SOL 629 629 629 7
48.097 14 DL_VALUE 40 0.
48.097 14 WP_MOVED 8 358784. 4812095. 200. 31
48.131 14 NAVIGATION 15 1 -20.5 14.5 2117.222412 25.109758 38 17 17 0 0 0
48.147 14 GPS 3 36026157 481360733 2240 210684 1363 27 0 17210239 31 0
48.148 14 SVINFO 6 13 1 6 40 19 335
48.198 14 IR_SENSORS 0 0 22 -16 264
48.198 14 ESTIMATOR 210.655685 0.27
48.298 14 DATALINK_REPORT 10 8 1504 525 0 0
48.298 14 DESIRED 0.002507 -0.028487 0. -1500. -1500. 200. -0.316527 13.
48.298 14 ATTITUDE 0.0023 3.853594 -0.000365
48.315 14 WIND_INFO 14 5 -0.9 0.5 0. 13.8
48.381 14 NAVIGATION 15 1 -23.1875 12. 2113.555908 26.108622 38 17 17 0 0 0
48.399 14 GPS 3 36025931 481360501 2240 210765 1350 34 0 17210480 31 0
48.597 14 WP_MOVED 9 360312.8125 4813652. 185. 31
48.631 14 NAVIGATION 15 1 -25.4375 9.5 2110.195557 27.15357 38 17 17 0 0 0
48.647 14 GPS 3 36025708 481360270 2240 210834 1336 4 0 17210719 31 0
48.697 14 CALIBRATION -90.550705 2
48.698 14 NAVIGATION 15 1 -27.65625 7. 2110.195557 27.15357 38 17 17 0 0 0
48.698 14 ESTIMATOR 210.8228 0.04
48.798 14 AIRSPEED 13.8 0. 0. 0.
48.798 14 ATTITUDE 0.0023 3.834847 -0.004125
48.881 14 NAVIGATION 15 1 -27.65625 7. 2106.856689 28.528376 39 18 18 0 0 0
48.897 14 ENERGY 29 12.5 0.40034 5.004254 0.046196 0.577417
48.898 14 GPS 3 36025487 481360042 2240 210886 1324 -10 0 17210960 31 0
48.899 14 SVINFO 2 9 0 2 44 34 135
49.081 14 FBW_STATUS 2 0 1 12.5 0.394701
49.098 14 WP_MOVED 10 360452.8125 4813581. 260. 31
49.131 14 NAVIGATION 15 1 -29.875 5. 2103.875488 30.29052 39 18 18 0 0 0
49.147 14 GPS 3 36025232 481359777 2240 210921 1312 -5 0 17211239 31 0
49.148 14 SVINFO 3 10 0 3 43 76 185
49.198 14 ESTIMATOR 210.847046 -0.05
49.298 14 ATTITUDE 0.0023 3.833133 -0.011653
49.348 14 DESIRED 0.002661 -0.035815 0. -1500. -1500. 200. -0.325394 13.
49.381 14 NAVIGATION 15 1 -32.4375 2.5 2100.296631 32.533695 39 18 18 0 0 0
49.398 14 IR_SENSORS 0 0 19 -16 264
49.398 14 GPS 3 36025014 481359552 2240 210928 1305 -14 0 17211480 31 0
49.399 14 SVINFO 4 11 0 4 42 88 235
49.598 14 DL_VALUE 41 0.
49.599 14 WP_MOVED 11 360169.5 4813757.5 260. 31
49.631 14 NAVIGATION 15 1 -34.59375 0. 2097.001465 34.59375 39 18 18 0 0 0
49.647 14 GPS 3 36024797 481359328 2240 210912 1300 -29 0 17211719 31 0
49.648 14 SVINFO 5 12 1 5 41 60 285
49.697 14 NAVIGATION 15 1 -36.78125 -2. 2097.001465 34.59375 39 18 18 0 0 0
49.698 14 ESTIMATOR 210.846283 -0.29
49.797 14 AIRSPEED 13.8 0. 0. 0.
49.798 14 ATTITUDE 0.0023 3.832203 -0.022961
49.881 14 NAVIGATION 15 1 -36.78125 -2. 2094.042236 36.835587 40 19 19 0 0 0
49.897 14 FBW_STATUS 2 0 1 12.5 0.38534
49.897 14 GPS 3 36024581 481359104 2240 210876 1296 -52 0 17211960 31 0
49.997 14 NAVIGATION_REF 360284 4813595 31 185.
49.998 14 GPS_SOL 616 616 616 7
49.998 14 ENERGY 29 12.5 0.389759 4.871988 0.04691 0.58634
50.097 14 WP_MOVED 12 360287.59375 4813581. 260. 31
50.131 14 NAVIGATION 15 1 -38.9375 -4.5 2090.747314 39.196671 40 19 19 0 0 0
50.147 14 GPS 3 36024328 481358843 2240 210810 1295 -49 0 17212239 31 0
50.148 14 SVINFO 0 7 0 0 45 8 36
50.197 14 ESTIMATOR 210.706024 -0.49
50.298 14 ATTITUDE 0.002528 3.831798 -0.030723
50.381 14 NAVIGATION 15 1 -41.46875 -7. 2087.190186 42.055408 40 19 19 0 0 0
50.397 14 DESIRED 0.002762 -0.032313 0. -1500. -1500. 200. -0.321181 13.
50.398 14 GPS 3 36024112 481358619 2240 210736 1296 -52 0 17212480 31 0
50.399 14 SVINFO 1 8 1 1 44 3 86
50.597 14 IR_SENSORS 0 0 14 -16 265
50.598 14 WP_MOVED 13 360311.5 4813547. 260. 31
50.631 14 NAVIGATION 15 1 -43.625 -9.5 2083.89502 44.647404 40 19 19 0 0 0
50.648 14 GPS 3 36023895 481358395 2240 210650 1299 -50 0 17212719 31 0
50.648 14 SVINFO 2 9 1 2 43 37 136
50.697 14 NAVIGATION 15 1 -45.78125 -11.5 2083.89502 44.647404 40 19 19 0 0 0
50.698 14 ESTIMATOR 210.533142 -0.5
50.797 14 CALIBRATION -86.891006 2
50.797 14 AIRSPEED 13.8 0. 0. 0.
50.798 14 ATTITUDE 0.002528 3.832131 -0.034485
50.881 14 NAVIGATION 15 1 -45.78125 -11.5 2080.95752 47.203526 41 20 20 0 0 0
50.899 14 GPS 3 36023678 481358170 2240 210556 1302 -51 0 17212960 31 0
50.899 14 SVINFO 3 10 1 3 42 78 186
51.081 14 FBW_STATUS 2 0 1 12.5 0.418915
51.097 14 DL_VALUE 42 0.6
51.098 14 ENERGY 31 12.5 0.418915 5.236435 0.04765 0.59559
51.098 14 WP_MOVED 14 360300.6875 4813575.5 260. 31
51.132 14 NAVIGATION 15 1 -47.9375 -13.5 2078.020264 49.802147 41 20 20 0 0 0
51.148 14 GPS 3 36023424 481357907 2240 210440 1308 -57 0 17213239 31 0
51.148 14 SVINFO 4 11 0 4 41 88 236
51.198 14 ESTIMATOR 210.349823 -0.57
51.299 14 ATTITUDE 0.002528 3.832935 -0.038249
51.381 14 NAVIGATION 15 1 -50.5 -16.5 2074.083496 53.127205 41 20 20 0 0 0
51.398 14 GPS 3 36023204 481357681 2240 210340 1312 -57 0 17213480 31 0
51.399 14 SVINFO 5 12 1 5 40 57 286
51.447 14 DESIRED 0.002774 -0.023464 0. -1500. -1500. 200. -0.310495 13.
51.597 14 WP_MOVED 15 360297.6875 4813554.5 260. 31
51.631 14 NAVIGATION 15 1 -52.71875 -18.5 2071.102295 55.870533 41 20 20 0 0 0
51.647 14 GPS 3 36022985 481357454 2240 210242 1317 -74 0 17213719 31 0
51.647 14 SVINFO 6 13 1 6 39 14 337
51.697 14 NAVIGATION 15 1 -54.90625 -21. 2071.102295 55.870533 41 20 20 0 0 0
51.697 14 ESTIMATOR 210.135681 -0.74
51.798 14 IR_SENSORS 0 0 13 -16 265
51.798 14 AIRSPEED 13.8 0. 0. 0.
51.798 14 ATTITUDE 0.002528 3.833819 -0.038249
51.881 14 NAVIGATION 15 1 -54.90625 -21. 2067.785645 58.785172 42 21 21 0 0 0
51.897 14 FBW_STATUS 2 0 1 12.5 0.456599
51.897 14 GPS 3 36022764 481357226 2240 210151 1322 -83 0 17213960 31 0
52.000 14 COMMANDS 3259,1,196,0
52.000 14 GPS_SOL 603 603 603 7
52.097 14 WP_MOVED 16 361184. 4813643. 260. 31
52.131 14 NAVIGATION 15 1 -57.125 -23.5 2064.446777 61.769859 42 21 21 0 0 0
52.148 14 GPS 3 36022505 481356958 2240 210054 1329 -96 0 17214239 31 0
52.197 14 COMMANDS 3369,0,236,0
52.197 14 ENERGY 35 12.5 0.485324 6.066555 0.048468 0.605814
52.198 14 ESTIMATOR 209.861298 -0.96
52.298 14 STATE_FILTER_STATUS 2 3 295
52.298 14 ATTITUDE 0.002528 3.835043 -0.034485
52.381 14 NAVIGATION 15 1 -59.71875 -26. 2060.845947 65.133163 42 21 21 0 0 0
52.398 14 GPS 3 36022282 481356728 2241 209984 1334 -84 0 17214480 31 0
52.499 14 PPRZ_MODE 2 3 2 0 0 6
52.499 14 DESIRED 0.002436 -0.014529 0. -1500. -1500. 200. -0.295839 13.
52.598 14 ALIVE 179,209,69,119,115,11,176,21,181,244,80,210,55,176,198,136
52.599 14 DL_VALUE 43 12000.
52.599 14 WP_MOVED 17 361184. 4813643. 260. 31
52.631 14 NAVIGATION 15 1 -61.9375 -28. 2057.86499 67.97245 42 21 21 0 0 0
52.647 14 GPS 3 36022058 481356498 2241 209928 1340 -64 0 17214719 31 0
52.698 14 NAVIGATION 15 1 -64.1875 -30.5 2057.86499 67.97245 42 21 21 0 0 0
52.699 14 ESTIMATOR 209.613342 -0.64
52.798 14 AIRSPEED 13.8 0. 0. 0.
52.798 14 ATTITUDE 0.0023 3.836195 -0.026734
52.882 14 NAVIGATION 15 1 -64.1875 -30.5 2054.504395 71.065361 43 22 22 0 0 0
52.899 14 CALIBRATION -135.767563 0
52.899 14 GPS 3 36021833 481356266 2241 209886 1345 -59 0 17214960 31 0
52.997 14 IR_SENSORS 0 0 17 -16 264
53.081 14 FBW_STATUS 2 0 1 12.5 0.521868
53.098 14 WP_MOVED 18 360289. 4813605. 220. 31
53.130 14 NAVIGATION 15 1 -66.4375 -33. 2051.143799 74.181816 43 22 22 0 0 0
53.148 14 GPS 3 36021570 481355995 2241 209857 1350 -47 0 17215239 31 0
53.149 14 SVINFO 5 12 1 5 39 54 287
53.198 14 ESTIMATOR 209.53009 -0.47
53.298 14 ENERGY 37 12.5 0.524593 6.557408 0.049403 0.6175
53.298 14 ATTITUDE 0.0023 3.837437 -0.01919
53.381 14 NAVIGATION 15 1 -69.0625 -35.5 2047.521118 77.652298 43 22 22 0 0 0
53.397 14 DATALINK_REPORT 5 9 1632 541 0 0
53.397 14 GPS 3 36021343 481355762 2241 209849 1352 -31 0 17215480 31 0
53.398 14 SVINFO 6 13 1 6 38 12 338
53.499 14 AUTOPILOT_VERSION 51500 v5.15_devel-179-g9a29798-dirty
53.548 14 DESIRED 0.001761 -0.014056 0. -1500. -1500. 200. -0.285903 13.
53.597 14 WP_MOVED 19 360289. 4813610. 500. 31
53.631 14 NAVIGATION 15 1 -71.3125 -37.5 2044.518066 80.571228 43 22 22 0 0 0
53.648 14 GPS 3 36021117 481355529 2241 209853 1354 -11 0 17215719 31 0
53.648 14 SVINFO 0 7 0 0 44 4 38
53.698 14 NAVIGATION 15 1 -73.59375 -40.5 2044.518066 80.571228 43 22 22 0 0 0
53.698 14 ESTIMATOR 209.551498 -0.11
53.797 14 AIRSPEED 13.8 0. 0. 0.
53.797 14 ATTITUDE 0.0023 3.838272 -0.015421
53.880 14 NAVIGATION 15 1 -73.59375 -40.5 2040.778076 84.001724 43 23 23 0 0 0
53.898 14 FBW_STATUS 2 0 1 12.5 0.518422
53.899 14 GPS 3 36020852 481355257 2242 209871 1354 0 0 17216000 31 0
53.899 14 SVINFO 1 8 0 1 43 6 88
53.999 14 GPS_SOL 589 589 589 7
54.097 14 DL_VALUE 44 1.5
54.098 14 WP_MOVED 20 360289. 4813620. 300. 31
54.131 14 NAVIGATION 15 1 -76.21875 -43. 2037.155396 87.511703 44 23 23 0 0 0
54.147 14 GPS 3 36020626 481355024 2242 209896 1353 -10 0 17216239 31 0
54.148 14 SVINFO 2 9 1 2 42 43 138
54.198 14 IR_SENSORS 0 0 20 -16 264
54.198 14 ESTIMATOR 209.685852 -0.1
54.297 14 ATTITUDE 0.0023 3.838836 -0.011653
54.380 14 NAVIGATION 15 1 -78.5 -45.5 2033.772949 90.733124 44 23 23 0 0 0
54.397 14 ENERGY 36 12.5 0.507034 6.337921 0.050352 0.629371
54.398 14 GPS 3 36020400 481354792 2242 209926 1351 -5 0 17216480 31 0
54.398 14 SVINFO 3 10 1 3 41 82 188
54.598 14 DESIRED 0.001218 -0.014289 0. -1500. -1500. 200. -0.290576 13.
54.599 14 WP_MOVED 21 360289. 4813625. 400. 31
54.630 14 NAVIGATION 15 1 -80.75 -47.5 2030.77002 93.684647 44 23 23 0 0 0
54.647 14 GPS 3 36020174 481354560 2242 209959 1348 -21 0 17216720 31 0
54.648 14 SVINFO 4 11 1 4 40 85 238
54.698 14 NAVIGATION 15 1 -83. -50. 2030.77002 93.684647 44 23 23 0 0 0
54.698 14 ESTIMATOR 209.778809 -0.21
54.798 14 AIRSPEED 13.8 0. 0. 0.
54.798 14 ATTITUDE 0.0023 3.8388 -0.011653
54.881 14 NAVIGATION 15 1 -83. -50. 2027.409424 96.896851 45 24 24 0 0 0
54.898 14 GPS 3 36019948 481354329 2242 209993 1346 0 0 17216960 31 0
54.999 14 CALIBRATION -125.962097 0
55.081 14 FBW_STATUS 2 0 1 12.5 0.491761
55.097 14 WP_MOVED 22 360289. 4813645. 250. 31
55.131 14 NAVIGATION 15 1 -85.28125 -52. 2024.384644 99.884392 45 24 24 0 0 0
55.148 14 GPS 3 36019686 481354059 2242 210032 1342 4 0 17217239 31 0
55.197 14 ESTIMATOR 209.855774 0.04
55.297 14 ATTITUDE 0.0023 3.838164 -0.011653
55.381 14 NAVIGATION 15 1 -87.875 -55. 2020.426147 103.667816 45 24 24 0 0 0
55.397 14 IR_SENSORS 0 0 20 -16 264
55.397 14 GPS 3 36019462 481353829 2242 210063 1339 5 0 17217480 31 0
55.398 14 SVINFO 0 7 0 0 43 3 39
55.509 14 ENERGY 34 12.5 0.478729 5.984116 0.051259 0.640703
55.597 14 DL_VALUE 45 1250.
55.597 14 WP_MOVED 0 360326. 4813637. 260. 31
55.631 14 NAVIGATION 15 1 -90.125 -57.5 2017.065674 106.905403 45 24 24 0 0 0
55.648 14 DESIRED 0.001294 -0.014635 0. -1500. -1500. 200. -0.297494 13.
55.648 14 GPS 3 36019238 481353599 2242 210090 1336 -4 0 17217720 31 0
55.649 14 SVINFO 1 8 1 1 42 8 89
55.697 14 NAVIGATION 15 1 -92.34375 -59.5 2017.065674 106.905403 45 24 24 0 0 0
55.698 14 ESTIMATOR 209.970337 -0.04
55.797 14 AIRSPEED 13.8 0. 0. 0.
55.798 14 ATTITUDE 0.0023 3.83769 -0.011653
55.881 14 NAVIGATION 15 1 -92.34375 -59.5 2014.084473 109.852715 46 25 25 0 0 0
55.898 14 FBW_STATUS 2 0 1 12.5 0.468255
55.898 14 GPS 3 36019015 481353370 2242 210114 1333 -15 0 17217960 31 0
55.899 14 SVINFO 2 9 0 2 41 47 139
55.998 14 GPS_SOL 574 574 574 7
56.098 14 WP_MOVED 1 360284. 4813595. 260. 31
56.131 14 NAVIGATION 15 1 -94.59375 -61.5 2011.081543 112.828308 46 25 25 0 0 0
56.147 14 GPS 3 36018755 481353103 2242 210135 1330 -17 0 17218239 31 0
56.147 14 SVINFO 3 10 1 3 40 84 189
56.198 14 ESTIMATOR 210.006699 -0.17
56.298 14 ATTITUDE 0.0023 3.837575 -0.011653
56.381 14 NAVIGATION 15 1 -97.1875 -64.5 2007.123047 116.643303 46 25 25 0 0 0
56.398 14 GPS 3 36018532 481352874 2242 210149 1328 -21 0 17218480 31 0
56.399 14 SVINFO 4 11 1 4 39 84 239
56.598 14 IR_SENSORS 0 0 20 -16 264
56.598 14 ENERGY 33 12.5 0.461889 5.773616 0.052117 0.65143
56.599 14 WP_MOVED 2 360333.5 4813695. 260. 31
56.631 14 NAVIGATION 15 1 -99.4375 -67. 2003.762573 119.903366 46 25 25 0 0 0
56.648 14 GPS 3 36018310 481352646 2242 210158 1326 -29 0 17218720 31 0
56.649 14 SVINFO 5 12 1 5 38 47 289
56.697 14 DESIRED 0.001034 -0.015053 0. -1500. -1500. 200. -0.300351 13.
56.698 14 NAVIGATION 15 1 -101.625 -69. 2003.762573 119.903366 46 25 25 0 0 0
56.698 14 ESTIMATOR 210.010269 -0.29
56.797 14 AIRSPEED 13.8 0. 0. 0.
56.798 14 ATTITUDE 0.0023 3.837423 -0.011653
56.881 14 NAVIGATION 15 1 -101.625 -69. 2000.803223 122.835831 47 26 26 0 0 0
56.897 14 GPS 3 36018088 481352418 2242 210162 1324 -25 0 17218960 31 0
56.898 14 SVINFO 6 13 0 6 37 8 340
56.998 14 COMMANDS 3222,-11,-40,0
57.080 14 FBW_STATUS 2 0 1 12.5 0.460654
57.098 14 CALIBRATION -103.456017 2
57.098 14 DL_VALUE 46 0.
57.099 14 WP_MOVED 3 360294.09375 4813785. 260. 31
57.131 14 NAVIGATION 15 1 -103.875 -71.5 1997.442627 126.104187 47 26 26 0 0 0
57.147 14 GPS 3 36017830 481352153 2242 210162 1323 -13 0 17219239 31 0
57.197 14 COMMANDS 3206,18,6,0
57.197 14 ESTIMATOR 209.99176 -0.13
57.298 14 STATE_FILTER_STATUS 2 3 300
57.299 14 ATTITUDE -0.001473 3.836887 -0.015421
57.380 14 NAVIGATION 15 1 -106.4375 -74. 1993.86377 129.633881 47 26 26 0 0 0
57.398 14 GPS 3 36017609 481351925 2242 210159 1322 -17 0 17219480 31 0
57.501 14 PPRZ_MODE 2 3 2 0 0 6
57.597 14 ALIVE 179,209,69,119,115,11,176,21,181,244,80,210,55,176,198,136
57.598 14 WP_MOVED 4 360416.3125 4813734. 260. 31
57.631 14 NAVIGATION 15 1 -108.65625 -76. 1990.882568 132.597809 47 26 26 0 0 0
57.647 14 GPS 3 36017387 481351698 2241 210152 1322 -15 0 17219720 31 0
57.697 14 ENERGY 32 12.5 0.45185 5.648127 0.052958 0.66194
57.698 14 NAVIGATION 15 1 -110.875 -78.5 1990.882568 132.597809 47 26 26 0 0 0
57.700 14 ESTIMATOR 210.01535 -0.15
57.748 14 DESIRED 0.001269 -0.015025 0. -1500. -1500. 200. -0.300318 13.
57.798 14 IR_SENSORS 0 0 19 -16 264
57.798 14 AIRSPEED 13.8 0. 0. 0.
57.799 14 ATTITUDE 0.0023 3.836279 -0.015421
57.882 14 NAVIGATION 15 1 -110.875 -78.5 1987.543823 135.851074 48 27 27 0 0 0
57.900 14 FBW_STATUS 2 0 1 12.5 0.448866
57.901 14 GPS 3 36017166 481351470 2241 210143 1321 0 0 17219960 31 0
58.003 14 GPS_SOL 559 559 559 7
58.098 14 WP_MOVED 5 360421. 4813583.5 260. 31
58.131 14 NAVIGATION 15 1 -113.0625 -81. 1984.226929 139.083176 48 27 27 0 0 0
58.148 14 GPS 3 36016909 481351205 2241 210129 1319 0 0 17220240 31 0
58.149 14 SVINFO 4 11 1 4 38 82 240
58.197 14 ESTIMATOR 210.048218 0.
58.298 14 ATTITUDE 0.0023 3.835904 -0.015421
58.317 14 WIND_INFO 14 5 -0.8 0.6 0. 13.7
58.381 14 NAVIGATION 15 1 -115.65625 -83.5 1980.626221 142.648575 48 27 27 0 0 0
58.397 14 GPS 3 36016688 481350978 2241 210115 1318 -1 0 17220480 31 0
58.397 14 SVINFO 5 12 1 5 37 44 290
58.505 14 DATALINK_REPORT 0 10 1761 546 0 0
58.597 14 DL_VALUE 47 7500.
58.597 14 WP_MOVED 6 360164.8125 4813664.5 260. 31
58.630 14 NAVIGATION 15 1 -117.875 -85.5 1977.64502 145.618561 48 27 27 0 0 0
58.647 14 GPS 3 36016468 481350752 2241 210098 1316 11 0 17220720 31 0
58.648 14 SVINFO 6 13 0 6 36 6 341
58.698 14 NAVIGATION 15 1 -120.0625 -88. 1977.64502 145.618561 48 27 27 0 0 0
58.698 14 ESTIMATOR 210.071915 0.11
58.798 14 ENERGY 30 12.5 0.418569 5.232114 0.053759 0.671952
58.799 14 DESIRED 0.001587 -0.016394 0. -1500. -1500. 200. -0.301962 13.
58.799 14 AIRSPEED 13.7 0. 0. 0.
58.799 14 ATTITUDE 0.0023 3.836727 -0.015421
58.880 14 NAVIGATION 15 1 -120.0625 -88. 1974.328125 148.859009 49 28 28 0 0 0
58.897 14 GPS 3 36016248 481350525 2241 210079 1314 4 0 17220960 31 0
58.898 14 SVINFO 0 7 0 0 42 1 41
59.004 14 NAVIGATION_REF 360284 4813595 31 185.
59.005 14 IR_SENSORS 0 0 19 -16 264
59.082 14 FBW_STATUS 2 0 1 12.5 0.409433
59.098 14 WP_MOVED 7 360558.40625 4813804.5 260. 31
59.131 14 NAVIGATION 15 1 -122.28125 -90. 1971.347046 151.831161 49 28 28 0 0 0
59.148 14 GPS 3 36015992 481350262 2241 210053 1311 -11 0 17221240 31 0
59.148 14 SVINFO 1 8 0 1 41 12 91
59.197 14 CALIBRATION -71.238182 2
59.198 14 ESTIMATOR 210.091003 -0.11
59.298 14 ATTITUDE 0.0023 3.836336 -0.015421
59.381 14 NAVIGATION 15 1 -124.84375 -93. 1967.4104 155.675827 49 28 28 0 0 0
59.398 14 GPS 3 36015773 481350037 2241 210027 1308 -15 0 17221480 31 0
59.399 14 SVINFO 2 9 1 2 40 53 141
59.598 14 WP_MOVED 8 358784. 4812095. 200. 31
59.631 14 NAVIGATION 15 1 -127.03125 -95. 1964.451172 158.625153 49 28 28 0 0 0
59.647 14 GPS 3 36015555 481349812 2241 209996 1306 -21 0 17221720 31 0
59.648 14 SVINFO 3 10 1 3 39 86 191
59.698 14 NAVIGATION 15 1 -129.1875 -97.5 1964.451172 158.625153 49 28 28 0 0 0
59.698 14 ESTIMATOR 210.011322 -0.21
59.797 14 AIRSPEED 13.7 0. 0. 0.
59.798 14 ATTITUDE -0.001473 3.8357 -0.015421
59.847 14 DESIRED 0.001647 -0.016199 0. -1500. -1500. 200. -0.301624 13.
59.881 14 NAVIGATION 15 1 -129.1875 -97.5 1961.156006 161.850739 50 29 29 0 0 0
59.898 14 FBW_STATUS 2 0 1 12.5 0.402053
59.898 14 ENERGY 30 12.5 0.402224 5.027798 0.054505 0.681279
59.899 14 GPS 3 36015337 481349587 2241 209962 1304 -14 0 17221960 31 0
60.004 14 GPS_SOL 543 543 543 7
60.097 14 DL_VALUE 48 1500.
60.097 14 WP_MOVED 9 360312.8125 4813652. 185. 31
60.132 14 NAVIGATION 15 1 -131.375 -99.5 1958.196777 164.801819 50 29 29 0 0 0
60.147 14 GPS 3 36015083 481349325 2241 209918 1302 -17 0 17222240 31 0
60.198 14 IR_SENSORS 0 0 19 -17 264
60.198 14 ESTIMATOR 209.922928 -0.17
60.298 14 ATTITUDE -0.001473 3.834796 -0.015421
60.381 14 NAVIGATION 15 1 -133.90625 -102.5 1954.282104 168.633133 50 29 29 0 0 0
60.397 14 GPS 3 36014865 481349101 2240 209877 1301 -22 0 17222480 31 0
60.598 14 WP_MOVED 10 360452.8125 4813581. 260. 31
60.631 14 NAVIGATION 15 1 -136.125 -104.5 1951.300903 171.610794 50 29 29 0 0 0
60.647 14 GPS 3 36014648 481348876 2240 209834 1300 -20 0 17222720 31 0
60.648 14 SVINFO 0 7 0 0 41 0 42
60.698 14 NAVIGATION 15 1 -138.28125 -107. 1951.300903 171.610794 50 29 29 0 0 0
60.698 14 ESTIMATOR 209.826981 -0.2
60.797 14 AIRSPEED 13.7 0. 0. 0.
60.798 14 ATTITUDE 0.0023 3.833956 -0.015421
60.881 14 NAVIGATION 15 1 -138.28125 -107. 1948.005859 174.844803 51 30 30 0 0 0
60.897 14 DESIRED 0.002345 -0.014587 0. -1500. -1500. 200. -0.294809 13.
60.898 14 GPS 3 36014431 481348652 2240 209789 1299 -16 0 17222960 31 0
60.899 14 SVINFO 1 8 1 1 40 14 92
61.007 14 ENERGY 29 12.5 0.393848 4.9231 0.055235 0.690404
61.081 14 FBW_STATUS 2 0 1 12.5 0.392654
61.098 14 WP_MOVED 11 360169.5 4813757.5 260. 31
61.131 14 NAVIGATION 15 1 -140.4375 -109. 1945.068481 177.774277 51 30 30 0 0 0
61.147 14 GPS 3 36014178 481348391 2240 209734 1298 -33 0 17223240 31 0
61.148 14 SVINFO 2 9 1 2 39 56 142
61.198 14 ESTIMATOR 209.73851 -0.33
61.298 14 CALIBRATION -57.126373 0
61.298 14 ATTITUDE 0.0023 3.83344 -0.015421
61.381 14 NAVIGATION 15 1 -143. -111.5 1941.489502 181.331879 51 30 30 0 0 0
61.397 14 IR_SENSORS 0 0 19 -16 264
61.398 14 GPS 3 36013962 481348167 2240 209686 1298 -40 0 17223480 31 0
61.398 14 SVINFO 3 10 1 3 38 87 192
61.598 14 DL_VALUE 49 1.
61.598 14 WP_MOVED 12 360287.59375 4813581. 260. 31
61.630 14 NAVIGATION 15 1 -145.15625 -114. 1938.194336 184.570679 51 30 30 0 0 0
61.646 14 GPS 3 36013745 481347943 2240 209637 1298 -42 0 17223720 31 0
61.647 14 SVINFO 4 11 1 4 37 79 242
61.697 14 NAVIGATION 15 1 -147.3125 -116. 1938.194336 184.570679 51 30 30 0 0 0
61.697 14 ESTIMATOR 209.58255 -0.42
61.797 14 AIRSPEED 13.7 0. 0. 0.
61.797 14 ATTITUDE 0.0023 3.833093 -0.015421
61.881 14 NAVIGATION 15 1 -147.3125 -116. 1935.256958 187.501923 52 31 31 0 0 0
61.898 14 FBW_STATUS 2 0 1 12.5 0.402395
61.899 14 GPS 3 36013529 481347719 2240 209588 1298 -43 0 17223960 31 0
61.899 14 SVINFO 5 12 0 5 36 38 292
61.948 14 DESIRED 0.002879 -0.014134 0. -1500. -1500. 200. -0.287477 13.
61.981 14 COMMANDS 2896,4,15,0
62.013 14 GPS_SOL 528 528 528 7
62.098 14 ENERGY 30 12.5 0.40531 5.066377 0.055965 0.699527
62.098 14 WP_MOVED 13 360311.5 4813547. 260. 31
62.130 14 NAVIGATION 15 1 -149.46875 -118.5 1931.961914 190.743698 52 31 31 0 0 0
62.147 14 GPS 3 36013276 481347457 2240 209531 1298 -54 0 17224240 31 0
62.148 14 SVINFO 6 13 1 6 35 3 343
62.198 14 COMMANDS 2927,4,16,0
62.198 14 ESTIMATOR 209.43251 -0.54
62.297 14 STATE_FILTER_STATUS 2 3 299
62.298 14 ATTITUDE 0.0023 3.832798 -0.015421
62.382 14 NAVIGATION 15 1 -152. -121. 1928.404785 194.280731 52 31 31 0 0 0
62.399 14 GPS 3 36013059 481347233 2240 209483 1299 -37 0 17224480 31 0
62.505 14 PPRZ_MODE 2 3 2 0 0 6
62.597 14 ALIVE 179,209,69,119,115,11,176,21,181,244,80,210,55,176,198,136
62.598 14 IR_SENSORS 0 0 19 -16 264
62.598 14 WP_MOVED 14 360300.6875 4813575.5 260. 31
62.631 14 NAVIGATION 15 1 -154.15625 -123. 1925.467285 197.213455 52 31 31 0 0 0
62.647 14 GPS 3 36012842 481347008 2240 209436 1300 -41 0 17224720 31 0
62.698 14 NAVIGATION 15 1 -156.34375 -125.5 1925.467285 197.213455 52 31 31 0 0 0
62.699 14 ESTIMATOR 209.299789 -0.41
62.798 14 AIRSPEED 13.7 0. 0. 0.
62.798 14 ATTITUDE 0.0023 3.832828 -0.015421
62.881 14 NAVIGATION 15 1 -156.34375 -125.5 1922.150513 200.483459 53 32 32 0 0 0
62.899 14 GPS 3 36012625 481346784 2240 209391 1301 -56 0 17224960 31 0
63.012 14 DESIRED 0.002926 -0.01371 0. -1500. -1500. 200. -0.278994 13.
63.081 14 FBW_STATUS 2 0 1 12.5 0.424799
63.097 14 DL_VALUE 50 0.3
63.098 14 WP_MOVED 15 360297.6875 4813554.5 260. 31
63.131 14 NAVIGATION 15 1 -158.5 -127.5 1919.213013 203.417053 53 32 32 0 0 0
63.147 14 GPS 3 36012371 481346521 2240 209342 1303 -44 0 17225240 31 0
63.148 14 SVINFO 3 10 1 3 37 88 193
63.197 14 ENERGY 31 12.5 0.425666 5.320829 0.056727 0.709055
63.198 14 ESTIMATOR 209.167435 -0.44
63.298 14 ATTITUDE 0.0023 3.833263 -0.015421
63.382 14 NAVIGATION 15 1 -161.03125 -130. 1915.655884 206.956665 53 32 32 0 0 0
63.399 14 CALIBRATION -76.835892 0
63.399 14 GPS 3 36012154 481346296 2240 209303 1304 -34 0 17225480 31 0
63.400 14 SVINFO 4 11 0 4 36 77 243
63.597 14 DATALINK_REPORT 5 10 1890 539 0 0
63.597 14 WP_MOVED 16 361184. 4813643. 260. 31
63.631 14 NAVIGATION 15 1 -163.21875 -132.5 1912.338989 210.229889 53 32 32 0 0 0
63.648 14 GPS 3 36011936 481346071 2240 209266 1306 -30 0 17225720 31 0
63.648 14 SVINFO 5 12 0 5 35 35 293
63.698 14 NAVIGATION 15 1 -165.375 -134.5 1912.338989 210.229889 53 32 32 0 0 0
63.698 14 ESTIMATOR 209.094757 -0.3
63.797 14 IR_SENSORS 0 0 19 -16 264
63.797 14 AIRSPEED 13.7 0. 0. 0.
63.798 14 ATTITUDE 0.0023 3.834026 -0.015421
63.881 14 NAVIGATION 15 1 -165.375 -134.5 1909.401489 213.164581 54 33 33 0 0 0
63.898 14 FBW_STATUS 2 0 1 12.5 0.429833
63.898 14 GPS 3 36011717 481345845 2240 209232 1307 -15 0 17225960 31 0
63.899 14 SVINFO 6 13 1 6 34 2 344
64.012 14 GPS_SOL 512 512 512 7
64.048 14 DESIRED 0.002574 -0.013403 0. -1500. -1500. 200. -0.272843 13.
64.098 14 WP_MOVED 17 361184. 4813643. 260. 31
64.131 14 NAVIGATION 15 1 -167.59375 -137. 1906.062866 216.464005 54 33 33 0 0 0
64.147 14 GPS 3 36011463 481345582 2241 209195 1308 -13 0 17226240 31 0
64.148 14 SVINFO 0 7 0 0 40 0 44
64.198 14 ESTIMATOR 209.077454 -0.13
64.299 14 ENERGY 31 12.5 0.423586 5.294831 0.057511 0.718858
64.299 14 ATTITUDE 0.0023 3.834998 -0.011653
64.382 14 NAVIGATION 15 1 -170.125 -140. 1902.148071 220.323654 54 33 33 0 0 0
64.397 14 GPS 3 36011244 481345357 2241 209167 1308 -9 0 17226480 31 0
64.398 14 SVINFO 1 8 1 1 39 19 94
64.599 14 AUTOPILOT_VERSION 51500 v5.15_devel-179-g9a29798-dirty
64.599 14 DL_VALUE 51 1.
64.599 14 WP_MOVED 18 360289. 4813605. 220. 31
64.631 14 NAVIGATION 15 1 -172.3125 -142. 1899.188721 223.283676 54 33 33 0 0 0
64.647 14 GPS 3 36011026 481345132 2241 209139 1307 -3 0 17226720 31 0
64.648 14 SVINFO 2 9 1 2 38 62 144
64.698 14 NAVIGATION 15 1 -174.5 -144.5 1899.188721 223.283676 54 33 33 0 0 0
64.699 14 ESTIMATOR 209.075699 -0.03
64.798 14 AIRSPEED 13.7 0. 0. 0.
64.798 14 ATTITUDE 0.0023 3.834917 -0.011653
64.881 14 NAVIGATION 15 1 -174.5 -144.5 1895.871948 226.562347 55 34 34 0 0 0
64.899 14 GPS 3 36010807 481344907 2240 209112 1306 -3 0 17226960 31 0
65.014 14 IR_SENSORS 0 0 20 -16 264
65.080 14 FBW_STATUS 2 0 1 12.5 0.407542
65.097 14 DESIRED 0.002414 -0.013374 0. -1500. -1500. 200. -0.272271 13.
65.097 14 WP_MOVED 19 360289. 4813610. 500. 31
65.131 14 NAVIGATION 15 1 -176.65625 -146.5 1892.934448 229.498764 55 34 34 0 0 0
65.148 14 GPS 3 36010553 481344644 2240 209080 1304 -7 0 17227240 31 0
65.197 14 ESTIMATOR 209.07402 -0.07
65.297 14 ATTITUDE 0.0023 3.834549 -0.011653
65.380 14 NAVIGATION 15 1 -179.21875 -149. 1889.355469 233.067291 55 34 34 0 0 0
65.398 14 ENERGY 30 12.5 0.402567 5.032082 0.058268 0.72832
65.398 14 GPS 3 36010335 481344419 2241 209051 1303 -7 0 17227480 31 0
65.518 14 CALIBRATION -59.44352 0
65.597 14 WP_MOVED 20 360289. 4813620. 300. 31
65.631 14 NAVIGATION 15 1 -181.375 -151.5 1886.060425 236.324234 55 34 34 0 0 0
65.648 14 GPS 3 36010118 481344195 2241 209020 1301 -11 0 17227720 31 0
65.698 14 NAVIGATION 15 1 -183.5625 -153.5 1886.060425 236.324234 55 34 34 0 0 0
65.699 14 ESTIMATOR 209.033081 -0.11
65.797 14 AIRSPEED 13.7 0. 0. 0.
65.798 14 ATTITUDE 0.0023 3.835 -0.015421
65.881 14 NAVIGATION 15 1 -183.5625 -153.5 1883.101196 239.285278 56 35 35 0 0 0
65.897 14 FBW_STATUS 2 0 1 12.5 0.394872
65.898 14 GPS 3 36009900 481343971 2241 208987 1299 -10 0 17227960 31 0
65.898 14 SVINFO 0 7 0 0 39 0 45
66.017 14 GPS_SOL 496 496 496 7
66.097 14 DL_VALUE 52 0.1
66.097 14 WP_MOVED 21 360289. 4813625. 400. 31
66.131 14 NAVIGATION 15 1 -185.75 -156. 1879.784302 242.567642 56 35 35 0 0 0
66.148 14 DESIRED 0.002146 -0.013262 0. -1500. -1500. 200. -0.270024 13.
66.148 14 GPS 3 36009647 481343711 2241 208945 1297 -16 0 17228240 31 0
66.149 14 SVINFO 1 8 1 1 38 21 95
66.198 14 IR_SENSORS 0 0 19 -16 264
66.198 14 ESTIMATOR 208.967896 -0.16
66.298 14 ATTITUDE 0.0023 3.835309 -0.015421
66.381 14 NAVIGATION 15 1 -188.28125 -158.5 1876.227173 246.113953 56 35 35 0 0 0
66.398 14 GPS 3 36009430 481343487 2241 208906 1296 -29 0 17228480 31 0
66.398 14 SVINFO 2 9 1 2 37 65 145
66.521 14 ENERGY 29 12.5 0.391802 4.897529 0.058992 0.737369
66.596 14 WP_MOVED 22 360289. 4813645. 250. 31
66.630 14 NAVIGATION 15 1 -190.4375 -160.5 1873.289673 249.05159 56 35 35 0 0 0
66.647 14 GPS 3 36009214 481343264 2241 208865 1295 -40 0 17228720 31 0
66.647 14 SVINFO 3 10 1 3 36 89 195
66.698 14 NAVIGATION 15 1 -192.59375 -163. 1873.289673 249.05159 56 35 35 0 0 0
66.698 14 ESTIMATOR 208.853683 -0.4
66.798 14 AIRSPEED 13.7 0. 0. 0.
66.798 14 ATTITUDE 0.0023 3.834967 -0.011653
66.881 14 NAVIGATION 15 1 -192.59375 -163. 1869.994629 252.312012 57 36 36 0 0 0
66.897 14 GPS 3 36008997 481343041 2241 208823 1294 -39 0 17228960 31 0
66.898 14 SVINFO 4 11 1 4 35 72 245
66.981 14 COMMANDS 2861,-3,-16,0
67.081 14 FBW_STATUS 2 0 1 12.5 0.399143
67.098 14 WP_MOVED 0 360326. 4813637. 260. 31
67.131 14 NAVIGATION 15 1 -194.78125 -165. 1867.0354 255.273849 57 36 36 0 0 0
67.148 14 GPS 3 36008745 481342781 2241 208772 1294 -44 0 17229240 31 0
67.149 14 SVINFO 5 12 1 5 34 29 295
67.198 14 COMMANDS 2884,-3,-15,0
67.198 14 DESIRED 0.001827 -0.012918 0. -1500. -1500. 200. -0.263145 13.
67.199 14 ESTIMATOR 208.699188 -0.44
67.297 14 STATE_FILTER_STATUS 2 3 299
67.298 14 ATTITUDE 0.0023 3.834972 -0.015421
67.381 14 NAVIGATION 15 1 -197.3125 -167.5 1863.478149 258.82132 57 36 36 0 0 0
67.398 14 IR_SENSORS 0 0 20 -16 264
67.398 14 GPS 3 36008528 481342558 2241 208728 1295 -50 0 17229480 31 0
67.399 14 SVINFO 6 13 1 6 33 0 346
67.525 14 PPRZ_MODE 2 3 2 0 0 6
67.597 14 ALIVE 179,209,69,119,115,11,176,21,181,244,80,210,55,176,198,136
67.597 14 CALIBRATION -61.552338 0
67.597 14 DL_VALUE 53 -0.062832
67.597 14 ENERGY 30 12.5 0.410121 5.126512 0.059725 0.746525
67.597 14 WP_MOVED 1 360284. 4813595. 260. 31
67.631 14 NAVIGATION 15 1 -199.46875 -170. 1860.183228 262.083527 57 36 36 0 0 0
67.647 14 GPS 3 36008311 481342335 2241 208684 1296 -54 0 17229720 31 0
67.697 14 NAVIGATION 15 1 -201.625 -172. 1860.183228 262.083527 57 36 36 0 0 0
67.698 14 ESTIMATOR 208.54718 -0.54
67.797 14 AIRSPEED 13.7 0. 0. 0.
67.798 14 ATTITUDE 0.0023 3.835714 -0.011653
67.881 14 NAVIGATION 15 1 -201.625 -172. 1857.245728 265.021973 58 37 37 0 0 0
67.901 14 FBW_STATUS 2 0 1 12.5 0.418915
67.902 14 GPS 3 36008094 481342112 2242 208641 1297 -51 0 17229960 31 0
68.020 14 NAVIGATION_REF 360284 4813595 31 185.
68.021 14 GPS_SOL 480 480 480 7
68.097 14 WP_MOVED 2 360333.5 4813695. 260. 31
68.131 14 NAVIGATION 15 1 -203.78125 -174.5 1853.950684 268.28537 58 37 37 0 0 0
68.147 14 GPS 3 36007840 481341851 2242 208593 1299 -54 0 17230240 31 0
68.148 14 SVINFO 2 9 1 2 36 68 146
68.197 14 ESTIMATOR 208.407593 -0.54
68.248 14 DESIRED 0.001302 -0.012467 0. -1500. -1500. 200. -0.254129 13.
68.297 14 ATTITUDE 0.0023 3.836937 -0.011653
68.318 14 WIND_INFO 14 5 -0.8 0.6 0. 13.7
68.381 14 NAVIGATION 15 1 -206.34375 -177. 1850.371704 271.857941 58 37 37 0 0 0
68.397 14 GPS 3 36007622 481341628 2242 208554 1301 -55 0 17230480 31 0
68.398 14 SVINFO 3 10 0 3 35 89 196
68.597 14 IR_SENSORS 0 0 19 -16 264
68.597 14 WP_MOVED 3 360294.09375 4813785. 260. 31
68.630 14 NAVIGATION 15 1 -208.5 -179. 1847.434204 274.796753 58 37 37 0 0 0
68.647 14 GPS 3 36007404 481341404 2242 208517 1303 -30 0 17230720 31 0
68.648 14 SVINFO 4 11 1 4 34 69 246
68.698 14 DATALINK_REPORT 0 11 2023 561 0 0
68.699 14 ENERGY 32 12.5 0.436448 5.455594 0.060504 0.756268
68.700 14 NAVIGATION 15 1 -210.71875 -181.5 1847.434204 274.796753 58 37 37 0 0 0
68.700 14 ESTIMATOR 208.286972 -0.3
68.797 14 AIRSPEED 13.7 0. 0. 0.
68.798 14 ATTITUDE 0.0023 3.837928 -0.011653
68.881 14 NAVIGATION 15 1 -210.71875 -181.5 1844.095581 278.109039 59 38 38 0 0 0
68.898 14 GPS 3 36007185 481341179 2243 208483 1305 -31 0 17230960 31 0
69.080 14 FBW_STATUS 2 0 1 12.5 0.43889
69.098 14 DL_VALUE 54 0.087266
69.099 14 WP_MOVED 4 360416.3125 4813734. 260. 31
69.131 14 NAVIGATION 15 1 -212.90625 -183.5 1841.13623 281.071747 59 38 38 0 0 0
69.148 14 GPS 3 36006929 481340917 2243 208447 1308 -18 0 17231240 31 0
69.197 14 ESTIMATOR 208.266525 -0.18
69.298 14 DESIRED 0.000339 -0.012183 0. -1500. -1500. 200. -0.248448 13.
69.298 14 ATTITUDE 0.0023 3.838726 -0.011653
69.381 14 NAVIGATION 15 1 -215.46875 -186. 1837.557251 284.64502 59 38 38 0 0 0
69.397 14 GPS 3 36006710 481340693 2243 208419 1309 -24 0 17231480 31 0
69.398 14 SVINFO 0 7 0 0 38 0 47
69.597 14 WP_MOVED 5 360421. 4813583.5 260. 31
69.631 14 NAVIGATION 15 1 -217.625 -188.5 1834.262207 287.911255 59 38 38 0 0 0
69.647 14 GPS 3 36006490 481340468 2243 208393 1310 -36 0 17231720 31 0
69.647 14 SVINFO 1 8 1 1 37 27 97
69.697 14 CALIBRATION -79.646866 0
69.698 14 NAVIGATION 15 1 -219.875 -190.5 1834.262207 287.911255 59 38 38 0 0 0
69.699 14 ESTIMATOR 208.258728 -0.36
69.797 14 IR_SENSORS 0 0 20 -16 264
69.798 14 ENERGY 32 12.5 0.439589 5.494857 0.061306 0.766294
69.798 14 AIRSPEED 13.7 0. 0. 0.
69.798 14 ATTITUDE 0.0023 3.838599 -0.011653
69.882 14 NAVIGATION 15 1 -219.875 -190.5 1831.259155 290.921417 60 39 39 0 0 0
69.898 14 FBW_STATUS 2 0 1 12.5 0.440811
69.898 14 GPS 3 36006270 481340242 2242 208368 1310 -30 0 17231960 31 0
69.998 14 GPS_SOL 464 464 464 7
70.097 14 WP_MOVED 6 360164.8125 4813664.5 260. 31
70.131 14 NAVIGATION 15 1 -222.03125 -193. 1827.964111 294.188507 60 39 39 0 0 0
70.148 14 GPS 3 36006014 481339980 2242 208340 1311 -43 0 17232240 31 0
70.197 14 ESTIMATOR 208.195068 -0.43
70.298 14 ATTITUDE 0.0023 3.8384 -0.011653
70.347 14 DESIRED 0.000642 -0.01209 0. -1500. -1500. 200. -0.246598 13.
70.381 14 NAVIGATION 15 1 -224.59375 -196. 1824.02771 298.091187 60 39 39 0 0 0
70.399 14 GPS 3 36005794 481339754 2242 208318 1312 -23 0 17232480 31 0
70.598 14 DL_VALUE 55 1.
70.599 14 WP_MOVED 7 360558.40625 4813804.5 260. 31
70.632 14 NAVIGATION 15 1 -226.84375 -198. 1821.024658 301.10144 60 39 39 0 0 0
70.647 14 GPS 3 36005574 481339528 2242 208297 1313 -33 0 17232720 31 0
70.647 14 SVINFO 5 12 1 5 33 23 297
70.698 14 NAVIGATION 15 1 -229. -200.5 1821.024658 301.10144 60 39 39 0 0 0
70.698 14 ESTIMATOR 208.142654 -0.33
70.798 14 AIRSPEED 13.7 0. 0. 0.
70.798 14 ATTITUDE -0.001473 3.838245 -0.011653
70.882 14 NAVIGATION 15 1 -229. -200.5 1817.729736 304.370239 61 40 40 0 0 0
70.896 14 ENERGY 32 12.5 0.447813 5.597664 0.06212 0.776469
70.896 14 GPS 3 36005354 481339303 2242 208278 1313 -30 0 17232960 31 0
70.897 14 SVINFO 6 13 1 6 32 0 348
70.998 14 IR_SENSORS 0 0 20 -17 264
71.082 14 FBW_STATUS 2 0 1 12.5 0.44869
71.097 14 WP_MOVED 8 358784. 4812095. 200. 31
71.131 14 NAVIGATION 15 1 -231.21875 -202.5 1814.748413 307.357056 61 40 40 0 0 0
71.147 14 GPS 3 36005097 481339039 2242 208256 1314 -5 0 17233240 31 0
71.147 14 SVINFO 0 7 0 0 37 1 48
71.197 14 ESTIMATOR 208.096344 -0.05
71.297 14 ATTITUDE -0.001473 3.837734 -0.011653
71.381 14 NAVIGATION 15 1 -233.78125 -205. 1811.169556 310.931946 61 40 40 0 0 0
71.397 14 DESIRED 0.001203 -0.011991 0. -1500. -1500. 200. -0.24289 13.
71.397 14 GPS 3 36004877 481338813 2242 208238 1315 -14 0 17233480 31 0
71.397 14 SVINFO 1 8 1 1 36 30 98
71.597 14 WP_MOVED 9 360312.8125 4813652. 185. 31
71.631 14 NAVIGATION 15 1 -236. -207.5 1807.830811 314.248718 61 40 40 0 0 0
71.647 14 GPS 3 36004657 481338587 2242 208221 1314 -8 0 17233720 31 0
71.647 14 SVINFO 2 9 0 2 35 73 148
71.699 14 NAVIGATION 15 1 -238.1875 -209.5 1807.830811 314.248718 61 40 40 0 0 0
71.700 14 ESTIMATOR 208.122513 -0.08
71.797 14 CALIBRATION -79.935356 0
71.797 14 AIRSPEED 13.7 0. 0. 0.
71.797 14 ATTITUDE -0.001473 3.837272 -0.011653
71.881 14 NAVIGATION 15 1 -238.1875 -209.5 1804.87146 317.212128 62 41 41 0 0 0
71.897 14 FBW_STATUS 2 0 1 12.5 0.435925
71.898 14 GPS 3 36004437 481338360 2242 208204 1314 -4 0 17233960 31 0
71.899 14 SVINFO 3 10 1 3 34 89 198
