2.936 14 NAVIGATION 2 2 0. 0. 0. 0. 0 6 6 1 0 0
2.956 14 GPS 3 36028477 481359546 899 185000 0 20 0 17252960 31 0
3.138 14 FBW_STATUS 2 0 1 12.5 0.
3.155 14 DL_VALUE 10 1.
3.155 14 WP_MOVED 10 360452.8125 4813581. 260. 31
3.188 14 NAVIGATION 2 2 0. 0. 0. 0. 0 6 6 1 0 0
3.204 14 DESIRED 0. 0.00024 0. 0. 0. 235. 0. 13.
3.204 14 GPS 3 36028477 481359546 899 185000 0 32 0 17253240 31 0
3.255 14 ESTIMATOR 185.067337 0.32
3.355 14 ATTITUDE 0.0023 0. -0.000365
3.437 14 NAVIGATION 2 2 0. 0. 0. 0. 0 6 6 1 0 0
3.454 14 GPS 3 36028477 481359546 899 185000 0 33 0 17253480 31 0
3.654 14 WP_MOVED 11 360169.5 4813757.5 260. 31
3.688 14 NAVIGATION 2 2 0. 0. 0. 0. 0 6 6 1 0 0
3.704 14 GPS 3 36028477 481359546 899 185000 0 34 0 17253720 31 0
3.705 14 SVINFO 3 10 1 3 48 6 159
3.755 14 NAVIGATION 2 2 0. 0. 0. 0. 0 6 6 1 0 0
3.756 14 ESTIMATOR 185.142624 0.34
3.855 14 IR_SENSORS 0 0 23 -16 264
3.855 14 ENERGY 0 12.5 0. 0. 0. 0.
3.856 14 AIRSPEED 0. 0. 0. 0.
3.856 14 ATTITUDE 0.0023 0. -0.000365
3.937 14 NAVIGATION 2 2 0. 0. 0. 0. 0 7 7 1 0 0
3.956 14 FBW_STATUS 2 0 1 12.5 0.
3.957 14 GPS 3 36028477 481359546 899 185000 0 21 0 17254000 31 0
4.054 14 GPS_SOL 625 625 625 7
4.155 14 WP_MOVED 12 360287.59375 4813581. 260. 31
4.188 14 NAVIGATION 2 2 0. 0. 0. 0. 0 7 7 1 0 0
4.204 14 GPS 3 36028477 481359546 899 185000 0 26 0 17254240 31 0
4.254 14 DESIRED 0. 0.00024 0. 0. 0. 235. 0. 13.
4.254 14 ESTIMATOR 185.164658 0.26
4.353 14 ATTITUDE 0.0023 0. -0.000365
4.437 14 NAVIGATION 2 2 0. 0. 0. 0. 0 7 7 1 0 0
4.454 14 GPS 3 36028477 481359546 899 185000 0 18 0 17254480 31 0
4.655 14 CALIBRATION 0. 0
4.656 14 DL_VALUE 11 5.
4.657 14 WP_MOVED 13 360311.5 4813547. 260. 31
4.688 14 NAVIGATION 2 2 0. 0. 0. 0. 0 7 7 1 0 0
4.705 14 GPS 3 36028477 481359546 899 185000 0 6 0 17254720 31 0
4.705 14 SVINFO 0 7 0 0 46 79 10
4.754 14 NAVIGATION 2 2 0. 0. 0. 0. 0 7 7 1 0 0
4.754 14 ESTIMATOR 185.160202 0.06
4.854 14 AIRSPEED 0. 0. 0. 0.
4.855 14 ATTITUDE 0.0023 0. -0.000365
4.937 14 NAVIGATION 2 2 0. 0. 0. 0. 0 8 8 1 0 0
4.955 14 ENERGY 0 12.5 0. 0. 0. 0.
4.956 14 GPS 3 36028477 481359546 899 185000 0 0 0 17254960 31 0
4.956 14 SVINFO 1 8 1 1 47 38 60
5.055 14 NAVIGATION_REF 360284 4813595 31 185.
5.056 14 IR_SENSORS 0 0 23 -16 264
5.138 14 FBW_STATUS 2 0 1 12.5 0.
5.154 14 WP_MOVED 14 360300.6875 4813575.5 260. 31
5.187 14 NAVIGATION 2 2 0. 0. 0. 0. 0 8 8 1 0 0
5.204 14 GPS 3 36028477 481359546 899 185000 0 13 0 17255240 31 0
5.205 14 SVINFO 2 9 1 2 48 3 110
5.254 14 ESTIMATOR 185.09671 0.13
5.305 14 DESIRED 0. 0.00024 0. 0. 0. 235. 0. 13.
5.355 14 ATTITUDE 0.0023 0. -0.000365
5.438 14 NAVIGATION 2 2 0. 0. 0. 0. 0 8 8 1 0 0
5.455 14 GPS 3 36028477 481359546 899 185000 0 -2 0 17255480 31 0
5.654 14 WP_MOVED 15 360297.6875 4813554.5 260. 31
5.688 14 NAVIGATION 2 2 0. 0. 0. 0. 0 8 8 1 0 0
5.705 14 GPS 3 36028477 481359546 899 185000 0 -16 0 17255720 31 0
5.705 14 SVINFO 4 11 1 4 49 46 210
5.755 14 NAVIGATION 2 2 0. 0. 0. 0. 0 8 8 1 0 0
5.755 14 ESTIMATOR 185.067612 -0.16
5.855 14 AIRSPEED 0. 0. 0. 0.
5.856 14 ATTITUDE 0.0023 0. -0.000365
5.938 14 NAVIGATION 2 2 0. 0. 0. 0. 0 9 9 1 0 0
5.955 14 FBW_STATUS 2 0 1 12.5 0.
5.955 14 GPS 3 36028477 481359546 899 185000 0 -3 0 17255960 31 0
6.055 14 GPS_SOL 637 637 637 7
6.056 14 ENERGY 0 12.5 0. 0. 0. 0.
6.154 14 DL_VALUE 12 100.
6.155 14 WP_MOVED 16 361184. 4813643. 260. 31
6.188 14 NAVIGATION 2 2 0. 0. 0. 0. 0 9 9 1 0 0
6.205 14 GPS 3 36028477 481359546 899 185000 0 2 0 17256239 31 0
6.254 14 IR_SENSORS 0 0 23 -16 264
6.255 14 ESTIMATOR 185.009674 0.02
6.355 14 DESIRED 0. 0.00024 0. 0. 0. 235. 0. 13.
6.355 14 ATTITUDE 0.0023 0. -0.000365
6.437 14 NAVIGATION 2 2 0. 0. 0. 0. 0 9 9 1 0 0
6.455 14 GPS 3 36028477 481359546 899 185000 0 -9 0 17256480 31 0
6.456 14 SVINFO 0 7 0 0 47 76 11
6.654 14 WP_MOVED 17 361184. 4813643. 260. 31
6.688 14 NAVIGATION 2 2 0. 0. 0. 0. 0 9 9 1 0 0
6.704 14 GPS 3 36028477 481359546 899 185000 0 13 0 17256720 31 0
6.755 14 CALIBRATION 0. 0
6.756 14 NAVIGATION 2 2 0. 0. 0. 0. 0 9 9 1 0 0
6.756 14 ESTIMATOR 184.991379 0.13
6.855 14 AIRSPEED 0. 0. 0. 0.
6.856 14 ATTITUDE 0.0023 0. -0.000365
6.938 14 NAVIGATION 2 2 0. 0. 0. 0. 0 10 10 1 0 0
6.954 14 GPS 3 36028477 481359546 899 185000 0 10 0 17256960 31 0
7.038 14 COMMANDS 0,-17,7,0
7.138 14 FBW_STATUS 2 0 1 12.5 0.
7.154 14 ENERGY 0 12.5 0. 0. 0. 0.
7.155 14 WP_MOVED 18 360289. 4813605. 220. 31
7.187 14 NAVIGATION 2 2 0. 0. 0. 0. 0 10 10 1 0 0
7.204 14 GPS 3 36028477 481359546 899 185000 0 24 0 17257239 31 0
7.256 14 COMMANDS 0,-17,7,0
7.256 14 ESTIMATOR 185.031754 0.24
7.354 14 STATE_FILTER_STATUS 2 3 303
7.355 14 ATTITUDE 0.0023 0. -0.000365
7.410 14 DESIRED 0. 0.00024 0. 0. 0. 235. 0. 13.
7.439 14 NAVIGATION 2 2 0. 0. 0. 0. 0 10 10 1 0 0
7.454 14 IR_SENSORS 0 0 23 -16 264
7.455 14 GPS 3 36028477 481359546 899 185000 0 34 0 17257480 31 0
7.554 14 DATALINK_REPORT 9 1 514 529 0 0
7.555 14 PPRZ_MODE 2 1 2 0 0 6
7.655 14 ALIVE 179,209,69,119,115,11,176,21,181,244,80,210,55,176,198,136
7.655 14 DL_VALUE 13 1.
7.656 14 WP_MOVED 19 360289. 4813610. 500. 31
7.688 14 NAVIGATION 2 2 0. 0. 0. 0. 0 10 10 1 0 0
7.704 14 GPS 3 36028477 481359546 899 185000 0 18 0 17257720 31 0
7.754 14 NAVIGATION 2 2 0. 0. 0. 0. 0 10 10 1 0 0
7.755 14 ESTIMATOR 185.113815 0.18
7.854 14 AIRSPEED 0. 0. 0. 0.
7.854 14 ATTITUDE 0.0023 0. -0.000365
7.939 14 NAVIGATION 2 2 0. 0. 0. 0. 0 11 11 1 0 0
7.954 14 FBW_STATUS 2 0 1 12.5 0.
7.954 14 GPS 3 36028477 481359546 899 185000 0 21 0 17257960 31 0
8.055 14 GPS_SOL 648 648 648 7
8.154 14 WP_MOVED 20 360289. 4813620. 300. 31
8.188 14 NAVIGATION 2 2 0. 0. 0. 0. 0 11 11 1 0 0
8.204 14 GPS 3 36028477 481359546 899 185000 0 17 0 17258239 31 0
8.254 14 ENERGY 0 12.5 0. 0. 0. 0.
8.254 14 ESTIMATOR 185.126694 0.17
8.354 14 ATTITUDE 0.0023 0. -0.000365
8.438 14 NAVIGATION 2 2 0. 0. 0. 0. 0 11 11 1 0 0
8.454 14 DESIRED 0. 0.00024 0. 0. 0. 235. 0. 13.
8.454 14 GPS 3 36028477 481359546 899 185000 0 15 0 17258480 31 0
8.455 14 SVINFO 1 8 0 1 48 32 62
8.516 14 WIND_INFO 14 5 0. 0. 0. 0.
8.655 14 IR_SENSORS 0 0 23 -16 264
8.656 14 WP_MOVED 21 360289. 4813625. 400. 31
8.688 14 NAVIGATION 2 2 0. 0. 0. 0. 0 11 11 1 0 0
8.704 14 GPS 3 36028477 481359546 899 185000 0 16 0 17258720 31 0
8.755 14 NAVIGATION 2 2 0. 0. 0. 0. 0 11 11 1 0 0
8.756 14 ESTIMATOR 185.121277 0.16
8.855 14 CALIBRATION 0. 0
8.855 14 AIRSPEED 0. 0. 0. 0.
8.855 14 ATTITUDE 0.0023 0. -0.000365
8.940 14 NAVIGATION 2 2 0. 0. 0. 0. 0 12 12 1 0 0
8.953 14 GPS 3 36028477 481359546 899 185000 0 -2 0 17258960 31 0
8.954 14 SVINFO 3 10 0 3 49 11 162
9.138 14 FBW_STATUS 2 0 1 12.5 0.
9.154 14 AUTOPILOT_VERSION 51500 v5.15_devel-179-g9a29798-dirty
9.154 14 DL_VALUE 14 0.
9.155 14 WP_MOVED 22 360289. 4813645. 250. 31
9.188 14 NAVIGATION 2 2 0. 0. 0. 0. 0 12 12 1 0 0
9.204 14 GPS 3 36028477 481359546 899 185000 0 4 0 17259239 31 0
9.254 14 ESTIMATOR 185.085312 0.04
9.355 14 ENERGY 0 12.5 0. 0. 0. 0.
9.355 14 ATTITUDE 0.0023 0. -0.000365
9.439 14 NAVIGATION 2 2 0. 0. 0. 0. 0 12 12 1 0 0
9.454 14 GPS 3 36028477 481359546 899 185000 0 0 0 17259480 31 0
9.505 14 DESIRED 0. 0.00024 0. 0. 0. 235. 0. 13.
9.655 14 WP_MOVED 0 360326. 4813637. 260. 31
9.688 14 NAVIGATION 2 2 0. 0. 0. 0. 0 12 12 1 0 0
9.704 14 GPS 3 36028477 481359546 899 185000 0 9 0 17259720 31 0
9.755 14 NAVIGATION 2 2 0. 0. 0. 0. 0 12 12 1 0 0
9.756 14 ESTIMATOR 185.052612 0.09
9.854 14 IR_SENSORS 0 0 23 -16 264
9.855 14 AIRSPEED 0. 0. 0. 0.
9.855 14 ATTITUDE 0.0023 0. -0.000365
9.938 14 NAVIGATION 2 2 0. 0. 0. 0. 0 13 13 1 0 0
9.954 14 FBW_STATUS 2 0 1 12.5 0.
9.955 14 GPS 3 36028477 481359546 899 185000 0 4 0 17259960 31 0
10.026 14 SETTING 9 14 1.
10.026 14 DL_VALUE 9 1.
10.054 14 GPS_SOL 659 659 659 7
10.156 14 WP_MOVED 1 360284. 4813595. 260. 31
10.188 14 NAVIGATION 2 2 0. 0. 0. 0. 0 13 13 1 0 0
10.205 14 GPS 3 36028477 481359546 899 185000 0 -2 0 17260239 31 0
10.254 14 ESTIMATOR 185.048904 -0.02
10.354 14 ATTITUDE 0.0023 0. -0.000365
10.447 14 NAVIGATION 2 2 0. 0. 0. 0. 0 13 13 1 0 0
10.455 14 ENERGY 0 12.5 0. 0. 0. 0.
10.455 14 GPS 3 36028477 481359546 899 185000 0 -1 0 17260480 31 0
10.457 14 SVINFO 2 9 0 2 49 0 113
10.555 14 DESIRED 0. 0.00024 0. 0. 0. 235. 0. 13.
10.654 14 DL_VALUE 15 0.
10.655 14 WP_MOVED 2 360333.5 4813695. 260. 31
10.688 14 NAVIGATION 2 2 0. 0. 0. 0. 0 13 13 1 0 0
10.704 14 GPS 3 36028477 481359546 899 185000 0 21 0 17260720 31 0
10.754 14 NAVIGATION 2 2 0. 0. 0. 0. 0 13 13 1 0 0
10.755 14 ESTIMATOR 185.022385 0.21
10.854 14 AIRSPEED 0. 0. 0. 0.
10.855 14 ATTITUDE 0.0023 0. -0.000365
10.938 14 NAVIGATION 2 2 0. 0. 0. 0. 0 14 14 1 0 0
10.954 14 CALIBRATION 0. 0
10.954 14 GPS 3 36028477 481359546 899 185000 0 9 0 17260960 31 0
11.020 14 BLOCK 3 14
11.020 14 NAVIGATION 3 0 0. 0. 0. 0. 0 0 0 1 0 0
11.054 14 IR_SENSORS 0 0 23 -16 264
11.138 14 FBW_STATUS 2 0 1 12.5 0.
11.154 14 WP_MOVED 3 360294.09375 4813785. 260. 31
11.188 14 NAVIGATION 3 2 0. 0. 198.624115 0. 0 0 0 0 0 0
11.205 14 GPS 3 36028477 481359546 899 185000 0 24 0 17261239 31 0
11.255 14 ESTIMATOR 185.058075 0.24
11.354 14 ATTITUDE 0.0023 0. -0.000365
11.439 14 NAVIGATION 3 2 0. 0. 198.624115 0. 0 0 0 0 0 0
11.454 14 GPS 3 36028477 481359852 3599 184995 1272 6 0 17261480 31 0
11.557 14 ENERGY 19 12.5 0.196094 2.451172 5.2e-05 0.000651
11.606 14 DESIRED -0. 0.262039 0. -114.5 162.300003 235. 0. 13.
11.655 14 WP_MOVED 4 360416.3125 4813734. 260. 31
11.688 14 NAVIGATION 3 2 0. 3. 196.180374 3. 0 0 0 0 0 0
11.704 14 GPS 3 36028477 481360150 3599 184982 1243 17 0 17261720 31 0
11.705 14 SVINFO 0 7 0 0 48 69 14
11.755 14 NAVIGATION 3 2 0. 6. 196.180374 3. 0 0 0 0 0 0
11.755 14 ESTIMATOR 185.07074 0.17
11.855 14 AIRSPEED 0. 0. 0. 0.
11.855 14 ATTITUDE -0.009561 6.283092 0.041783
11.937 14 TAKEOFF 24
11.938 14 NAVIGATION 3 2 0. 6. 193.752274 6. 1 1 1 0 0 0
11.954 14 FBW_STATUS 2 0 1 12.5 0.528776
11.955 14 GPS 3 36028477 481360448 3599 184980 1240 11 0 17261960 31 0
12.038 14 COMMANDS 4080,-1758,2463,0
12.054 14 GPS_SOL 668 668 668 7
12.154 14 DL_VALUE 16 80.
12.155 14 WP_MOVED 5 360421. 4813583.5 260. 31
12.188 14 NAVIGATION 3 2 0. 9. 191.340378 9. 1 1 1 0 0 0
12.204 14 GPS 3 36028473 481360801 3594 185042 1261 18 0 17262239 31 0
12.255 14 COMMANDS 5120,-1391,2189,0
12.255 14 IR_SENSORS 0 0 48 -44 257
12.255 14 ESTIMATOR 185.08992 0.18
12.355 14 STATE_FILTER_STATUS 2 3 356
12.355 14 ATTITUDE -0.126287 6.273046 0.109378
12.438 14 NAVIGATION 3 2 -0.03125 12.5 188.52887 12.500039 1 1 1 0 0 0
12.456 14 GPS 3 36028464 481361111 3583 185192 1292 64 0 17262480 31 0
12.554 14 PPRZ_MODE 2 1 2 0 0 6
12.654 14 DATALINK_REPORT 1 4 635 520 0 0
12.655 14 ALIVE 179,209,69,119,115,11,176,21,181,244,80,210,55,176,198,136
12.656 14 ENERGY 74 12.5 1.206999 15.087488 0.001286 0.01608
12.656 14 DESIRED -0.29016 0.283024 0. -114.5 162.300003 235. 0. 13.
12.656 14 WP_MOVED 6 360164.8125 4813664.5 260. 31
12.688 14 NAVIGATION 3 2 -0.125 15.5 186.096436 15.500504 1 1 1 0 0 0
12.704 14 GPS 3 36028446 481361430 3566 185464 1332 99 0 17262720 31 0
12.755 14 NAVIGATION 3 2 -0.28125 19. 186.096436 15.500504 1 1 1 0 0 0
12.756 14 ESTIMATOR 185.349258 0.99
12.855 14 AIRSPEED 0. 0. 0. 0.
12.855 14 ATTITUDE -0.241679 6.224554 0.191033
12.944 14 NAVIGATION 3 2 -0.28125 19. 183.250687 19.002081 2 2 2 0 0 0
12.954 14 GPS 3 36028414 481361758 3544 185882 1375 172 0 17262960 31 0
13.055 14 CALIBRATION 0. 0
13.138 14 FBW_STATUS 2 0 1 12.5 1.627817
13.155 14 WP_MOVED 7 360558.40625 4813804.5 260. 31
13.187 14 NAVIGATION 3 2 -0.59375 22. 180.717255 22.008011 2 2 2 0 0 0
13.204 14 GPS 3 36028357 481362152 3515 186576 1424 245 0 17263239 31 0
13.256 14 ESTIMATOR 186.222351 2.45
13.355 14 ATTITUDE -0.301499 6.136242 0.258439
13.438 14 NAVIGATION 3 2 -1.1875 26. 177.249588 26.027103 2 2 2 0 0 0
13.454 14 IR_SENSORS 0 0 89 -92 235
13.454 14 GPS 3 36028290 481362494 3488 187349 1451 305 0 17263480 31 0
13.654 14 DL_VALUE 17 0.
13.655 14 WP_MOVED 8 360461.40625 4813640. 215. 31
13.688 14 NAVIGATION 3 2 -1.875 29.5 174.12706 29.559526 2 2 2 0 0 0
13.704 14 DESIRED -0.31137 0.294968 0. -114.5 162.300003 235. 0. 13.
13.704 14 GPS 3 36028205 481362836 3460 188268 1465 378 0 17263720 31 0
13.705 14 SVINFO 1 8 0 1 49 23 65
13.755 14 ENERGY 88 12.5 1.627817 20.347708 0.004153 0.051908
13.756 14 NAVIGATION 3 2 -2.71875 33. 174.12706 29.559526 2 2 2 0 0 0
13.756 14 ESTIMATOR 187.867813 3.78
13.854 14 AIRSPEED 0. 0. 0. 0.
13.854 14 ATTITUDE -0.323631 6.040472 0.310288
13.944 14 NAVIGATION 3 2 -2.71875 33. 170.919693 33.111805 3 3 3 0 0 0
13.956 14 FBW_STATUS 2 0 1 12.5 1.627817
13.956 14 GPS 3 36028104 481363173 3432 189307 1469 436 0 17263960 31 0
14.055 14 NAVIGATION_REF 360284 4813595 31 185.
14.056 14 GPS_SOL 676 676 676 7
14.155 14 WP_MOVED 9 360312.8125 4813652. 185. 31
14.188 14 NAVIGATION 3 2 -3.71875 36. 168.000519 36.191563 3 3 3 0 0 0
14.204 14 GPS 3 36027965 481363560 3399 190634 1466 454 0 17264239 31 0
14.254 14 ESTIMATOR 190.184998 4.54
14.354 14 ATTITUDE -0.313921 5.934081 0.333778
14.439 14 NAVIGATION 3 2 -5.125 40. 164.073715 40.326984 3 3 3 0 0 0
14.454 14 GPS 3 36027829 481363883 3372 191836 1459 478 0 17264480 31 0
14.655 14 IR_SENSORS 0 0 104 -86 231
14.656 14 WP_MOVED 10 360452.8125 4813581. 260. 31
14.688 14 NAVIGATION 3 2 -6.46875 43. 160.944839 43.483845 3 3 3 0 0 0
14.705 14 GPS 3 36027680 481364197 3346 193073 1450 482 0 17264720 31 0
14.754 14 DESIRED -0.218215 0.291585 0. -114.5 162.300003 235. 0. 13.
14.755 14 NAVIGATION 3 2 -7.9375 46.5 160.944839 43.483845 3 3 3 0 0 0
14.755 14 ESTIMATOR 192.756851 4.82
14.855 14 ENERGY 88 12.5 1.627817 20.347708 0.007137 0.089212
14.855 14 AIRSPEED 0. 0. 0. 0.
14.855 14 ATTITUDE -0.276912 5.839979 0.334153
14.945 14 NAVIGATION 3 2 -7.9375 46.5 157.369644 47.172596 4 4 4 0 0 0
14.955 14 GPS 3 36027518 481364503 3321 194325 1442 488 0 17264960 31 0
15.138 14 FBW_STATUS 2 0 1 12.5 1.627817
15.154 14 CALIBRATION 0. 0
15.155 14 DL_VALUE 18 1.
15.155 14 WP_MOVED 11 360169.5 4813757.5 260. 31
15.188 14 NAVIGATION 3 2 -9.5625 49.5 154.064011 50.415192 4 4 4 0 0 0
15.204 14 GPS 3 36027315 481364850 3294 195785 1433 523 0 17265239 31 0
15.205 14 SVINFO 0 7 0 0 49 64 16
15.254 14 ESTIMATOR 195.406113 5.23
15.354 14 ATTITUDE -0.225512 5.750057 0.32069
15.448 14 NAVIGATION 3 2 -11.59375 53. 150.120575 54.25325 4 4 4 0 0 0
15.456 14 GPS 3 36027131 481365138 3274 197023 1427 516 0 17265480 31 0
15.654 14 WP_MOVED 12 360287.59375 4813581. 260. 31
15.688 14 NAVIGATION 3 2 -13.4375 56. 146.674194 57.589638 4 4 4 0 0 0
15.705 14 GPS 3 36026938 481365420 3256 198242 1422 507 0 17265720 31 0
15.755 14 NAVIGATION 3 2 -15.375 58.5 146.674194 57.589638 4 4 4 0 0 0
15.756 14 ESTIMATOR 198.123871 5.07
15.805 14 DESIRED -0.120925 0.279954 0. -114.5 162.300003 235. 0. 13.
15.855 14 IR_SENSORS 0 0 99 -57 240
15.856 14 AIRSPEED 0. 0. 0. 0.
15.856 14 ATTITUDE -0.170348 5.68299 0.303969
15.949 14 NAVIGATION 3 2 -15.375 58.5 143.527725 60.486698 5 5 5 0 0 0
15.959 14 FBW_STATUS 2 0 1 12.5 1.627817
15.960 14 ENERGY 88 12.5 1.627817 20.347708 0.010121 0.126516
15.960 14 GPS 3 36026738 481365696 3240 199439 1419 509 0 17265960 31 0
16.055 14 GPS_SOL 683 683 683 7
16.155 14 WP_MOVED 13 360311.5 4813547. 260. 31
16.188 14 NAVIGATION 3 2 -17.375 61.5 139.978241 63.90728 5 5 5 0 0 0
16.204 14 GPS 3 36026496 481366011 3224 200806 1418 505 0 17266239 31 0
16.254 14 ESTIMATOR 200.709427 5.05
16.355 14 ATTITUDE -0.12746 5.627275 0.287574
16.451 14 NAVIGATION 3 2 -19.78125 64.5 136.148758 67.465157 5 5 5 0 0 0
16.454 14 GPS 3 36026283 481366277 3212 201954 1419 494 0 17266480 31 0
16.654 14 DL_VALUE 19 0.
16.654 14 WP_MOVED 14 360300.6875 4813575.5 260. 31
16.688 14 NAVIGATION 3 2 -21.90625 67. 132.874725 70.490311 5 5 5 0 0 0
16.706 14 GPS 3 36026065 481366539 3202 203084 1420 492 0 17266720 31 0
16.755 14 NAVIGATION 3 2 -24.125 70. 132.874725 70.490311 5 5 5 0 0 0
16.757 14 ESTIMATOR 203.17186 4.92
16.854 14 DESIRED -0.059466 0.271219 0. -114.5 162.300003 235. 0. 13.
16.854 14 AIRSPEED 0. 0. 0. 0.
16.855 14 ATTITUDE -0.090428 5.589677 0.274174
16.953 14 NAVIGATION 3 2 -24.125 70. 129.177902 74.040634 6 6 6 0 0 0
16.955 14 GPS 3 36025843 481366799 3194 204198 1423 494 0 17266960 31 0
17.037 14 COMMANDS 8524,200,7,0
17.055 14 IR_SENSORS 0 0 92 -35 247
17.055 14 ENERGY 88 12.5 1.627817 20.347708 0.013106 0.163821
17.138 14 FBW_STATUS 2 0 1 12.5 1.627817
17.154 14 WP_MOVED 15 360297.6875 4813554.5 260. 31
17.187 14 NAVIGATION 3 2 -26.3125 72.5 125.861336 77.127151 6 6 6 0 0 0
17.204 14 GPS 3 36025579 481367098 3186 205483 1426 476 0 17267239 31 0
17.255 14 COMMANDS 8524,201,-2,0
17.256 14 CALIBRATION 0. 0
17.256 14 ESTIMATOR 205.558334 4.76
17.355 14 STATE_FILTER_STATUS 2 3 369
17.355 14 ATTITUDE -0.062021 5.561054 0.265724
17.446 14 NAVIGATION 3 2 -28.9375 75.5 121.881836 80.855606 6 6 6 0 0 0
17.456 14 GPS 3 36025350 481367354 3180 206575 1429 458 0 17267480 31 0
17.555 14 PPRZ_MODE 2 1 2 0 0 6
17.655 14 ALIVE 179,209,69,119,115,11,176,21,181,244,80,210,55,176,198,136
17.655 14 WP_MOVED 16 361184. 4813643. 260. 31
17.687 14 NAVIGATION 3 2 -31.21875 78. 118.500031 84.015533 6 6 6 0 0 0
17.703 14 GPS 3 36025118 481367607 3175 207663 1432 456 0 17267720 31 0
17.754 14 DATALINK_REPORT 6 4 755 528 0 0
17.754 14 NAVIGATION 3 2 -33.5625 80.5 118.500031 84.015533 6 6 6 0 0 0
17.754 14 ESTIMATOR 207.800995 4.56
17.854 14 AIRSPEED 0. 0. 0. 0.
17.854 14 ATTITUDE -0.041625 5.543116 0.260857
17.903 14 DESIRED -0.03 0.266135 0. -114.5 162.300003 235. 0. 13.
17.939 14 NAVIGATION 3 2 -33.5625 80.5 115.074409 87.216347 7 7 7 0 0 0
17.954 14 FBW_STATUS 2 0 1 12.5 1.627817
17.954 14 GPS 3 36024884 481367860 3172 208748 1434 451 0 17267960 31 0
18.055 14 GPS_SOL 689 689 689 7
18.155 14 DL_VALUE 20 0.
18.155 14 ENERGY 88 12.5 1.627817 20.347708 0.01609 0.201125
18.155 14 WP_MOVED 17 361184. 4813643. 260. 31
18.188 14 NAVIGATION 3 2 -35.90625 83. 111.648865 90.433723 7 7 7 0 0 0
18.204 14 GPS 3 36024609 481368154 3168 210013 1437 442 0 17268239 31 0
18.255 14 IR_SENSORS 0 0 90 -24 249
18.256 14 ESTIMATOR 210.017334 4.42
18.355 14 ATTITUDE -0.029276 5.529758 0.259568
18.441 14 NAVIGATION 4 0 -38.65625 86. 0. 94.288414 7 0 0 0 0 0
18.454 14 GPS 3 36024371 481368405 3165 211099 1439 455 0 17268480 31 0
18.520 14 WIND_INFO 14 5 -0.7 1.9 0. 12.4
18.654 14 WP_MOVED 18 360289. 4813605. 220. 31
18.688 14 NAVIGATION 4 0 -41.03125 88.5 0. 97.549034 7 0 0 0 0 0
18.705 14 GPS 3 36024133 481368655 3163 212187 1441 473 0 17268720 31 0
18.755 14 NAVIGATION 4 0 -43.4375 91. 0. 97.549034 7 0 0 0 0 0
18.755 14 ESTIMATOR 212.236603 4.73
18.855 14 AIRSPEED 12.4 0. 0. 0.
18.855 14 ATTITUDE 0.002664 5.457354 0.259568
18.971 14 NAVIGATION 4 0 -43.4375 91. 0. 100.835594 8 1 1 0 0 0
18.971 14 DESIRED 0.551686 0.302364 0. -12.311863 150.886749 260. 1.432902 13.
18.971 14 GPS 3 36023893 481368905 3162 213280 1442 474 0 17268960 31 0
19.054 14 CIRCLE 49.5 100.099998 80.
19.138 14 FBW_STATUS 2 0 1 12.5 1.627817
19.155 14 WP_MOVED 19 360289. 4813610. 500. 31
19.189 14 NAVIGATION 4 0 -45.84375 93.5 0. 104.134048 8 1 1 0 0 0
19.205 14 GPS 3 36023616 481369199 3166 214562 1443 467 0 17269239 31 0
19.255 14 ENERGY 88 12.5 1.627817 20.347708 0.019074 0.238429
19.256 14 ESTIMATOR 214.56665 4.67
19.355 14 CALIBRATION 0. 1
19.355 14 ATTITUDE 0.127259 5.463465 0.271504
19.456 14 NAVIGATION 4 0 -48.59375 96.5 0. 108.044449 8 1 1 0 0 0
19.458 14 IR_SENSORS 0 0 93 24 247
19.458 14 GPS 3 36023382 481369454 3176 215672 1443 469 0 17269480 31 0
19.655 14 DL_VALUE 21 0.
19.655 14 WP_MOVED 20 360289. 4813620. 300. 31
19.688 14 NAVIGATION 4 0 -50.90625 99. 0. 111.321365 8 1 1 0 0 0
19.704 14 GPS 3 36023156 481369716 3191 216793 1442 474 0 17269720 31 0
19.755 14 NAVIGATION 4 0 -53.1875 102. 0. 111.321365 8 1 1 0 0 0
19.756 14 ESTIMATOR 216.865509 4.74
19.854 14 AIRSPEED 12.4 0. 0. 0.
19.854 14 ATTITUDE 0.265761 5.513984 0.29253
19.958 14 NAVIGATION 4 0 -53.1875 102. 0. 115.034386 9 2 2 0 0 0
19.959 14 FBW_STATUS 2 0 1 12.5 1.627817
19.959 14 GPS 3 36022940 481369987 3213 217928 1441 484 0 17269960 31 0
20.003 14 DESIRED 0.571973 0.332472 0. -6.012356 157.705368 260. 1.294035 13.
20.054 14 GPS_SOL 693 693 693 7
20.104 14 CIRCLE 49.5 100.099998 80.
20.154 14 WP_MOVED 21 360289. 4813625. 400. 31
20.188 14 NAVIGATION 4 0 -55.34375 104.5 0. 118.250496 9 2 2 0 0 0
20.204 14 GPS 3 36022705 481370314 3245 219268 1439 494 0 17270239 31 0
20.254 14 AUTOPILOT_VERSION 51500 v5.15_devel-179-g9a29798-dirty
20.255 14 ESTIMATOR 219.238983 4.94
20.356 14 ENERGY 88 12.5 1.627817 20.347708 0.022059 0.275733
20.356 14 ATTITUDE 0.396076 5.622087 0.320201
20.461 14 NAVIGATION 4 0 -57.71875 107.5 0. 122.015182 9 2 2 0 0 0
20.464 14 GPS 3 36022522 481370606 3280 220426 1437 502 0 17270480 31 0
20.654 14 IR_SENSORS 0 0 104 99 226
20.654 14 WP_MOVED 22 360289. 4813645. 250. 31
20.687 14 NAVIGATION 4 0 -59.5625 110.5 0. 125.53064 9 2 2 0 0 0
20.704 14 GPS 3 36022361 481370911 3321 221590 1434 494 0 17270720 31 0
20.755 14 NAVIGATION 4 0 -61.15625 113.5 0. 125.53064 9 2 2 0 0 0
20.756 14 ESTIMATOR 221.684036 4.94
20.855 14 AIRSPEED 12.4 0. 0. 0.
20.855 14 ATTITUDE 0.519246 5.774644 0.354527
20.947 14 NAVIGATION 4 0 -61.15625 113.5 0. 128.927643 10 3 3 0 0 0
20.955 14 GPS 3 36022225 481371227 3368 222754 1432 473 0 17270960 31 0
21.055 14 DESIRED 0.563817 0.357286 0. 0.142258 163.058823 260. 1.149479 13.
21.138 14 FBW_STATUS 2 0 1 12.5 1.627817
21.155 14 DL_VALUE 22 0.
21.156 14 CIRCLE 49.5 100.099998 80.
21.156 14 WP_MOVED 0 360326. 4813637. 260. 31
21.188 14 NAVIGATION 4 0 -62.5 117. 0. 132.647095 10 3 3 0 0 0
21.204 14 GPS 3 36022105 481371609 3429 224109 1430 476 0 17271239 31 0
21.254 14 ESTIMATOR 224.071869 4.76
21.354 14 ATTITUDE 0.567972 5.994009 0.370836
21.461 14 NAVIGATION 4 0 -63.71875 120.5 0. 136.309677 10 3 3 0 0 0
21.461 14 CALIBRATION 0. 1
21.461 14 ENERGY 88 12.5 1.627817 20.347708 0.025043 0.313036
21.461 14 GPS 3 36022036 481371945 3484 225268 1429 490 0 17271480 31 0
21.654 14 WP_MOVED 1 360284. 4813595. 260. 31
21.688 14 NAVIGATION 4 0 -64.375 124. 0. 139.714493 10 3 3 0 0 0
21.704 14 GPS 3 36022001 481372286 3540 226426 1428 510 0 17271720 31 0
21.756 14 NAVIGATION 4 0 -64.75 127.5 0. 139.714493 10 3 3 0 0 0
21.757 14 ESTIMATOR 226.472336 5.1
21.854 14 IR_SENSORS 0 0 108 120 216
21.855 14 AIRSPEED 12.4 0. 0. 0.
21.855 14 ATTITUDE 0.56993 6.220072 0.376381
21.970 14 NAVIGATION 4 0 -64.75 127.5 0. 142.999344 11 4 4 0 0 0
21.971 14 FBW_STATUS 2 0 1 12.5 1.627817
21.972 14 GPS 3 36021999 481372629 3596 227584 1427 512 0 17271960 31 0
22.038 14 COMMANDS 8524,-229,-193,0
22.054 14 GPS_SOL 697 697 697 7
22.105 14 DESIRED 0.530277 0.358426 0. 7.683746 168.301178 260. 1.00583 13.
22.155 14 WP_MOVED 2 360333.5 4813695. 260. 31
22.188 14 NAVIGATION 4 0 -64.75 131. 0. 146.128586 11 4 4 0 0 0
22.204 14 CIRCLE 49.5 100.099998 80.
22.204 14 GPS 3 36022038 481373026 61 228936 1426 504 0 17272239 31 0
22.254 14 COMMANDS 8524,-264,-138,0
22.255 14 ESTIMATOR 228.97261 5.04
22.354 14 STATE_FILTER_STATUS 2 3 441
22.354 14 ATTITUDE 0.546368 0.178518 0.367207
22.438 14 NAVIGATION 4 0 -64.34375 134.5 0. 149.098511 11 4 4 0 0 0
22.454 14 GPS 3 36022106 481373362 114 230097 1426 508 0 17272480 31 0
22.555 14 PPRZ_MODE 2 3 2 2 0 6
22.556 14 ENERGY 88 12.5 1.627817 20.347708 0.028027 0.350339
22.657 14 ALIVE 179,209,69,119,115,11,176,21,181,244,80,210,55,176,198,136
22.657 14 DL_VALUE 23 0.
22.657 14 WP_MOVED 3 360294.09375 4813785. 260. 31
22.689 14 NAVIGATION 4 0 -63.71875 138.5 0. 152.454346 11 4 4 0 0 0
22.705 14 GPS 3 36022204 481373689 166 231257 1425 506 0 17272720 31 0
22.754 14 NAVIGATION 4 0 -62.71875 141.5 0. 152.454346 11 4 4 0 0 0
22.755 14 ESTIMATOR 231.413528 5.06
22.854 14 DATALINK_REPORT 4 5 876 532 0 0
22.855 14 AIRSPEED 12.4 0. 0. 0.
22.855 14 ATTITUDE 0.519246 0.387115 0.358201
22.938 14 NAVIGATION 4 0 -62.71875 141.5 0. 154.776901 12 5 5 0 0 0
22.960 14 GPS 3 36022331 481374007 217 232418 1425 503 0 17272960 31 0
23.054 14 NAVIGATION_REF 360284 4813595 31 185.
23.054 14 IR_SENSORS 0 0 106 106 223
23.138 14 FBW_STATUS 2 0 1 12.5 1.627817
23.156 14 DESIRED 0.463316 0.352205 0. 16.007404 172.751526 260. 0.857594 13.
23.157 14 WP_MOVED 4 360416.3125 4813734. 260. 31
23.188 14 NAVIGATION 4 0 -61.4375 144.5 0. 157.018524 12 5 5 0 0 0
23.204 14 GPS 3 36022512 481374362 274 233772 1424 503 0 17273239 31 0
23.255 14 CIRCLE 49.5 100.099998 80.
23.256 14 ESTIMATOR 233.84407 5.03
23.355 14 ATTITUDE 0.488454 0.595224 0.349361
23.437 14 NAVIGATION 4 0 -59.625 148. 0. 159.559204 12 5 5 0 0 0
23.468 14 GPS 3 36022694 481374651 321 234934 1424 491 0 17273480 31 0
23.555 14 CALIBRATION 0. 1
23.655 14 ENERGY 88 12.5 1.627817 20.347708 0.031012 0.387642
23.656 14 WP_MOVED 5 360421. 4813583.5 260. 31
23.688 14 NAVIGATION 4 0 -57.78125 151. 0. 161.677673 12 5 5 0 0 0
23.705 14 GPS 3 36022899 481374925 367 236097 1423 497 0 17273720 31 0
23.705 14 SVINFO 6 13 0 6 48 61 321
23.756 14 NAVIGATION 4 0 -55.75 153.5 0. 161.677673 12 5 5 0 0 0
23.756 14 ESTIMATOR 236.237366 4.97
23.855 14 AIRSPEED 12.4 0. 0. 0.
23.855 14 ATTITUDE 0.444843 0.769148 0.342646
23.937 14 NAVIGATION 4 0 -55.75 153.5 0. 163.310486 13 6 6 0 0 0
23.974 14 FBW_STATUS 2 0 1 12.5 1.627817
23.977 14 GPS 3 36023123 481375183 410 237263 1423 494 0 17273960 31 0
24.055 14 GPS_SOL 699 699 699 7
24.155 14 DL_VALUE 24 0.
24.156 14 WP_MOVED 6 360164.8125 4813664.5 260. 31
24.188 14 NAVIGATION 4 0 -53.5 156. 0. 164.918915 13 6 6 0 0 0
24.204 14 DESIRED 0.344535 0.342875 0. 26.76473 176.801422 260. 0.677277 13.
24.205 14 GPS 3 36023407 481375463 457 238630 1422 480 0 17274239 31 0
24.255 14 IR_SENSORS 0 0 105 83 232
24.255 14 ESTIMATOR 238.651596 4.8
24.305 14 CIRCLE 49.5 100.099998 80.
24.355 14 ATTITUDE 0.398738 0.935708 0.337736
24.438 14 NAVIGATION 4 0 -50.65625 159. 0. 166.874374 13 6 6 0 0 0
24.474 14 GPS 3 36023666 481375684 495 239809 1421 472 0 17274480 31 0
24.654 14 WP_MOVED 7 360558.40625 4813804.5 260. 31
24.688 14 NAVIGATION 4 0 -48.125 161.5 0. 168.517853 13 6 6 0 0 0
24.704 14 GPS 3 36023939 481375889 530 240994 1420 491 0 17274720 31 0
24.755 14 ENERGY 88 12.5 1.627817 20.347708 0.033996 0.424946
24.755 14 NAVIGATION 4 0 -45.34375 163.5 0. 168.517853 13 6 6 0 0 0
24.756 14 ESTIMATOR 241.013748 4.91
24.855 14 AIRSPEED 12.4 0. 0. 0.
24.856 14 ATTITUDE 0.3445 1.068119 0.33293
24.938 14 NAVIGATION 4 0 -45.34375 163.5 0. 169.671173 14 7 7 0 0 0
24.968 14 GPS 3 36024223 481376077 564 242186 1419 504 0 17274960 31 0
25.138 14 FBW_STATUS 2 0 1 12.5 1.476148
25.155 14 WP_MOVED 8 360461.40625 4813640. 215. 31
25.188 14 NAVIGATION 4 0 -42.5 165. 0. 170.38559 14 7 7 0 0 0
25.204 14 GPS 3 36024565 481376277 599 243584 1414 501 0 17275239 31 0
25.205 14 SVINFO 5 12 1 5 48 88 271
25.255 14 DESIRED 0.246709 0.270984 0. 35.883888 178.932739 260. 0.533189 13.
25.256 14 ESTIMATOR 243.511902 5.01
25.356 14 CIRCLE 49.5 100.099998 80.
25.356 14 ATTITUDE 0.30187 1.190235 0.328226
25.438 14 NAVIGATION 4 0 -39.125 167.5 0. 172.008759 14 7 7 0 0 0
25.477 14 IR_SENSORS 0 0 104 54 239
25.480 14 GPS 3 36024864 481376431 627 244778 1400 502 0 17275480 31 0
25.655 14 CALIBRATION 44.00238 2
25.655 14 DL_VALUE 25 0.
25.656 14 WP_MOVED 9 360312.8125 4813652. 185. 31
25.688 14 NAVIGATION 4 0 -36.125 168.5 0. 172.328949 14 7 7 0 0 0
25.705 14 GPS 3 36025165 481376569 654 245949 1378 480 0 17275720 31 0
25.754 14 NAVIGATION 4 0 -33.125 170.5 0. 172.328949 14 7 7 0 0 0
25.754 14 ESTIMATOR 246.003845 4.8
25.854 14 ENERGY 58 12.5 0.96539 12.067373 0.036485 0.456058
25.855 14 AIRSPEED 12.4 0. 0. 0.
25.855 14 ATTITUDE 0.246682 1.288723 0.308111
25.938 14 NAVIGATION 4 0 -33.125 170.5 0. 173.687988 15 8 8 0 0 0
25.989 14 FBW_STATUS 2 0 1 12.5 0.913429
25.991 14 GPS 3 36025464 481376691 678 247073 1348 470 0 17275960 31 0
26.054 14 GPS_SOL 699 699 699 7
26.155 14 WP_MOVED 10 360452.8125 4813581. 260. 31
26.188 14 NAVIGATION 4 0 -30.125 171.5 0. 174.125717 15 8 8 0 0 0
26.204 14 GPS 3 36025809 481376814 705 248289 1304 429 0 17276239 31 0
26.254 14 ESTIMATOR 248.330719 4.29
26.304 14 DESIRED 0.15308 0.120375 0. 45.149544 179.981628 260. 0.384895 13.
26.354 14 ATTITUDE 0.20416 1.384654 0.274174
26.404 14 CIRCLE 49.5 100.099998 80.
26.438 14 NAVIGATION 4 0 -26.65625 172.5 0. 174.547424 15 8 8 0 0 0
26.472 14 GPS 3 36026098 481376904 726 249219 1259 386 0 17276480 31 0
26.654 14 IR_SENSORS 0 0 85 28 250
26.655 14 WP_MOVED 11 360169.5 4813757.5 260. 31
26.687 14 NAVIGATION 4 0 -23.78125 173.5 0. 175.122238 15 8 8 0 0 0
26.705 14 GPS 3 36026378 481376980 747 250020 1209 325 0 17276719 31 0
26.756 14 NAVIGATION 4 0 -21. 174.5 0. 175.122238 15 8 8 0 0 0
26.756 14 ESTIMATOR 250.243515 3.25
26.855 14 AIRSPEED 12.4 0. 0. 0.
26.855 14 ATTITUDE 0.157784 1.467264 0.220131
26.938 14 NAVIGATION 4 0 -21. 174.5 0. 175.759064 16 9 9 0 0 0
26.970 14 ENERGY 19 12.5 0.265469 3.318357 0.037533 0.469151
26.970 14 GPS 3 36026649 481377045 766 250676 1159 252 0 17276960 31 0
27.038 14 COMMANDS 1633,-414,-2045,0
27.138 14 FBW_STATUS 2 0 1 12.5 0.20101
27.154 14 DL_VALUE 26 160.
27.155 14 WP_MOVED 12 360287.59375 4813581. 260. 31
27.188 14 NAVIGATION 4 0 -18.28125 175. 0. 175.952271 16 9 9 0 0 0
27.204 14 GPS 3 36026952 481377107 786 251246 1104 203 0 17277239 31 0
27.253 14 COMMANDS 1645,-425,-1836,0
27.253 14 ESTIMATOR 251.500351 2.03
27.356 14 STATE_FILTER_STATUS 2 3 337
27.356 14 DESIRED 0.06857 0.025776 0. 53.486469 180.00061 260. 0.27125 13.
27.357 14 ATTITUDE 0.117253 1.546555 0.164111
27.438 14 NAVIGATION 4 0 -15.21875 175.5 0. 176.158615 16 9 9 0 0 0
27.481 14 CIRCLE 49.5 100.099998 80.
27.481 14 GPS 3 36027206 481377151 801 251569 1070 142 0 17277480 31 0
27.554 14 PPRZ_MODE 2 3 2 2 0 6
27.655 14 ALIVE 179,209,69,119,115,11,176,21,181,244,80,210,55,176,198,136
27.655 14 WP_MOVED 13 360311.5 4813547. 260. 31
27.688 14 NAVIGATION 4 0 -12.65625 176. 0. 176.454468 16 9 9 0 0 0
27.704 14 GPS 3 36027456 481377188 814 251757 1053 71 0 17277719 31 0
27.756 14 CALIBRATION 150. 0
27.756 14 NAVIGATION 4 0 -10.1875 176.5 0. 176.454468 16 9 9 0 0 0
27.756 14 ESTIMATOR 252.123352 0.71
27.855 14 IR_SENSORS 0 0 52 4 260
27.855 14 AIRSPEED 12.4 0. 0. 0.
27.855 14 ATTITUDE 0.078215 1.601336 0.110129
27.938 14 NAVIGATION 4 0 -10.1875 176.5 0. 176.793762 17 10 10 0 0 0
27.978 14 DATALINK_REPORT 10 5 1000 535 0 0
27.978 14 FBW_STATUS 2 0 1 12.5 0.214078
27.978 14 GPS 3 36027706 481377220 826 251832 1050 14 0 17277960 31 0
28.054 14 GPS_SOL 699 699 699 7
28.054 14 ENERGY 18 12.5 0.220441 2.755518 0.037918 0.473971
28.155 14 WP_MOVED 14 360300.6875 4813575.5 260. 31
28.188 14 NAVIGATION 4 0 -7.71875 176.5 0. 176.668701 17 10 10 0 0 0
28.205 14 GPS 3 36028000 481377253 836 251811 1059 -24 0 17278239 31 0
28.255 14 ESTIMATOR 252.11145 -0.24
28.354 14 ATTITUDE 0.055198 1.636192 0.067963
28.405 14 DESIRED 0.03048 0.017082 0. 60.867649 179.288239 260. 0.234589 13.
28.440 14 NAVIGATION 4 0 -4.75 177. 0. 177.063721 17 10 10 0 0 0
28.460 14 GPS 3 36028257 481377279 844 251727 1074 -45 0 17278480 31 0
28.460 14 SVINFO 4 11 1 4 48 81 223
28.505 14 CIRCLE 49.5 100.099998 80.
28.519 14 WIND_INFO 14 5 0.1 3.2 0. 11.6
28.656 14 DL_VALUE 27 0.
28.657 14 WP_MOVED 15 360297.6875 4813554.5 260. 31
28.688 14 NAVIGATION 4 0 -2.1875 177.5 0. 177.513474 17 10 10 0 0 0
28.705 14 GPS 3 36028518 481377302 849 251601 1092 -49 0 17278719 31 0
28.754 14 NAVIGATION 4 0 0.4375 177.5 0. 177.513474 17 10 10 0 0 0
28.754 14 ESTIMATOR 251.790161 -0.49
28.854 14 AIRSPEED 11.6 0. 0. 0.
28.855 14 ATTITUDE 0.032423 1.776033 0.037556
28.938 14 NAVIGATION 4 0 0.4375 177.5 0. 177.500534 18 11 11 0 0 0
28.958 14 GPS 3 36028785 481377323 854 251449 1113 -64 0 17278960 31 0
28.958 14 SVINFO 6 13 1 6 47 52 324
29.055 14 IR_SENSORS 0 0 30 -9 264
29.138 14 FBW_STATUS 2 0 1 12.5 0.283854
29.155 14 ENERGY 22 12.5 0.283854 3.54818 0.038371 0.479637
29.155 14 WP_MOVED 16 361184. 4813643. 260. 31
29.188 14 NAVIGATION 4 0 3.09375 177.5 0. 177.526962 18 11 11 0 0 0
29.206 14 GPS 3 36029102 481377346 858 251255 1138 -59 0 17279239 31 0
29.255 14 ESTIMATOR 251.401001 -0.59
29.356 14 ATTITUDE 0.024971 1.778221 0.014652
29.438 14 NAVIGATION 4 0 6.28125 178. 0. 178.110794 18 11 11 0 0 0
29.487 14 DESIRED 0.035723 0.0155 0. 71.522247 177.009171 260. 0.25797 13.
29.487 14 GPS 3 36029379 481377365 860 251084 1158 -71 0 17279480 31 0
29.554 14 CIRCLE 49.5 100.099998 80.
29.655 14 WP_MOVED 17 361184. 4813643. 260. 31
29.688 14 NAVIGATION 4 0 9.0625 178.5 0. 178.729904 18 11 11 0 0 0
29.707 14 GPS 3 36029662 481377383 863 250915 1178 -79 0 17279719 31 0
29.755 14 NAVIGATION 4 0 11.875 178.5 0. 178.729904 18 11 11 0 0 0
29.756 14 ESTIMATOR 251.002274 -0.79
29.854 14 CALIBRATION 68.142883 0
29.854 14 AIRSPEED 11.6 0. 0. 0.
29.854 14 ATTITUDE 0.028754 1.778498 -0.000365
29.938 14 NAVIGATION 4 0 11.875 178.5 0. 178.894562 19 12 12 0 0 0
29.985 14 FBW_STATUS 2 0 1 12.5 0.354205
29.985 14 GPS 3 36029949 481377400 866 250754 1197 -77 0 17279960 31 0
30.055 14 GPS_SOL 697 697 697 7
30.155 14 DL_VALUE 28 0.32
30.156 14 WP_MOVED 18 360289. 4813605. 220. 31
30.188 14 NAVIGATION 4 0 14.71875 178.5 0. 179.105804 19 12 12 0 0 0
30.204 14 GPS 3 36030289 481377418 870 250581 1218 -64 0 17280239 31 0
30.254 14 IR_SENSORS 0 0 22 -7 264
30.254 14 ENERGY 28 12.5 0.380085 4.751057 0.038978 0.487223
30.254 14 ESTIMATOR 250.594559 -0.64
30.355 14 ATTITUDE 0.036323 1.780769 -0.004125
30.438 14 NAVIGATION 4 0 18.125 178.5 0. 179.417847 19 12 12 0 0 0
30.454 14 GPS 3 36030585 481377431 874 250450 1234 -56 0 17280480 31 0
30.456 14 SVINFO 5 12 1 5 47 85 274
30.504 14 DESIRED 0.059348 0.018681 0. 81.001411 173.63681 260. 0.282163 13.
30.604 14 CIRCLE 49.5 100.099998 80.
30.654 14 WP_MOVED 19 360289. 4813610. 500. 31
30.688 14 NAVIGATION 4 0 21.09375 179. 0. 180.238586 19 12 12 0 0 0
30.704 14 GPS 3 36030885 481377442 878 250337 1249 -36 0 17280719 31 0
30.755 14 NAVIGATION 4 0 24.09375 179. 0. 180.238586 19 12 12 0 0 0
30.755 14 ESTIMATOR 250.308426 -0.36
30.855 14 AIRSPEED 11.6 0. 0. 0.
30.855 14 ATTITUDE 0.051512 1.787933 -0.004438
30.938 14 NAVIGATION 4 0 24.09375 179. 0. 180.614258 20 13 13 0 0 0
30.955 14 GPS 3 36031188 481377451 883 250244 1262 -41 0 17280960 31 0
31.138 14 FBW_STATUS 2 0 1 12.5 0.442035
31.154 14 WP_MOVED 20 360289. 4813620. 300. 31
31.188 14 NAVIGATION 4 0 27.125 179. 0. 181.043549 20 13 13 0 0 0
31.204 14 GPS 3 36031544 481377457 890 250162 1275 -12 0 17281239 31 0
31.254 14 ESTIMATOR 250.13266 -0.12
31.356 14 AUTOPILOT_VERSION 51500 v5.15_devel-179-g9a29798-dirty
31.356 14 ENERGY 32 12.5 0.447813 5.597664 0.039747 0.496827
31.356 14 ATTITUDE 0.062832 1.803413 -0.000365
31.438 14 NAVIGATION 4 0 30.6875 179. 0. 181.611465 20 13 13 0 0 0
31.454 14 IR_SENSORS 0 0 24 2 264
31.455 14 GPS 3 36031852 481377459 897 250114 1283 1 0 17281480 31 0
31.553 14 DESIRED 0.096364 0.02253 0. 91.405899 168.246124 260. 0.29602 13.
31.654 14 DL_VALUE 29 0.
31.654 14 CIRCLE 49.5 100.099998 80.
31.654 14 WP_MOVED 21 360289. 4813625. 400. 31
31.687 14 NAVIGATION 4 0 33.78125 179. 0. 182.159744 20 13 13 0 0 0
31.705 14 GPS 3 36032162 481377456 904 250088 1290 -5 0 17281719 31 0
31.706 14 SVINFO 3 10 1 3 48 48 175
31.755 14 NAVIGATION 4 0 36.84375 179. 0. 182.159744 20 13 13 0 0 0
31.756 14 ESTIMATOR 250.102921 -0.05
31.854 14 AIRSPEED 11.6 0. 0. 0.
31.854 14 ATTITUDE 0.089341 1.823534 0.007149
31.938 14 NAVIGATION 4 0 36.84375 179. 0. 182.752457 21 14 14 0 0 0
31.954 14 CALIBRATION -14.606306 0
31.954 14 FBW_STATUS 2 0 1 12.5 0.466308
31.955 14 GPS 3 36032473 481377449 913 250080 1295 -3 0 17281960 31 0
32.037 14 COMMANDS 3267,139,168,0
32.055 14 NAVIGATION_REF 360284 4813595 31 185.
32.056 14 GPS_SOL 694 694 694 7
32.155 14 WP_MOVED 22 360289. 4813645. 250. 31
32.188 14 NAVIGATION 4 0 39.96875 179. 0. 183.40802 21 14 14 0 0 0
32.205 14 GPS 3 36032837 481377434 926 250094 1300 6 0 17282239 31 0
32.255 14 COMMANDS 3294,153,133,0
32.256 14 ESTIMATOR 250.083771 0.06
32.300 14 BLOCK 15 14
32.300 14 NAVIGATION 15 0 43.625 179. 0. 183.40802 21 0 0 0 0 0
32.355 14 STATE_FILTER_STATUS 2 3 303
32.355 14 ATTITUDE 0.108255 1.856892 0.014652
32.438 14 NAVIGATION 15 1 43.625 179. 2280.749756 184.239349 21 0 0 0 0 0
32.454 14 ENERGY 32 12.5 0.477306 5.966324 0.040597 0.507455
32.454 14 GPS 3 36033149 481377414 936 250123 1302 -12 0 17282480 31 0
32.455 14 SVINFO 6 13 1 6 46 46 326
32.554 14 PPRZ_MODE 2 3 2 0 0 6
32.604 14 DESIRED 0.486994 -0.236337 0. -1500. -1500. 200. -1.502513 13.
32.655 14 ALIVE 179,209,69,119,115,11,176,21,181,244,80,210,55,176,198,136
32.656 14 IR_SENSORS 0 0 27 20 263
32.656 14 WP_MOVED 0 360326. 4813637. 260. 31
32.689 14 NAVIGATION 15 1 46.71875 178.5 2282.477051 184.512573 21 0 0 0 0 0
32.708 14 GPS 3 36033459 481377387 948 250164 1299 -2 0 17282719 31 0
32.756 14 NAVIGATION 15 1 49.84375 178.5 2282.477051 184.512573 21 0 0 0 0 0
32.756 14 ESTIMATOR 250.09787 -0.02
32.854 14 AIRSPEED 11.6 0. 0. 0.
32.855 14 ATTITUDE 0.191882 1.893949 0.004082
32.938 14 NAVIGATION 15 1 49.84375 178.5 2284.595703 185.328491 22 1 1 0 0 0
32.955 14 GPS 3 36033764 481377352 965 250192 1279 -24 0 17282960 31 0
33.054 14 DATALINK_REPORT 1 7 1126 549 0 0
33.138 14 FBW_STATUS 2 0 1 12.5 0.091552
33.154 14 DL_VALUE 30 0.01
33.155 14 WP_MOVED 1 360284. 4813595. 260. 31
33.188 14 NAVIGATION 15 1 52.875 178. 2286.286377 185.687286 22 1 1 0 0 0
33.206 14 GPS 3 36034108 481377297 996 250154 1237 -54 0 17283239 31 0
33.206 14 SVINFO 2 9 0 2 48 10 126
33.254 14 ESTIMATOR 250.082932 -0.54
33.354 14 ATTITUDE 0.310555 1.982397 -0.040608
33.438 14 NAVIGATION 15 1 56.34375 177.5 2288.2771 186.227997 22 1 1 0 0 0
33.459 14 GPS 3 36034392 481377232 1027 250023 1213 -93 0 17283480 31 0
33.555 14 ENERGY 8 12.5 0.091552 1.144399 0.040927 0.511583
33.655 14 DESIRED 0.447125 -0.210312 0. -1500. -1500. 200. -1.502488 13.
33.656 14 WP_MOVED 2 360333.5 4813695. 260. 31
33.688 14 NAVIGATION 15 1 59.15625 176.5 2289.458496 186.149704 22 1 1 0 0 0
33.705 14 GPS 3 36034667 481377149 1068 249784 1197 -152 0 17283719 31 0
33.705 14 SVINFO 4 11 1 4 47 86 226
33.756 14 NAVIGATION 15 1 61.9375 176. 2289.458496 186.149704 22 1 1 0 0 0
33.756 14 ESTIMATOR 249.747391 -1.52
33.855 14 IR_SENSORS 0 0 -4 92 249
33.855 14 AIRSPEED 11.6 0. 0. 0.
33.856 14 ATTITUDE 0.416752 2.101098 -0.103329
33.938 14 NAVIGATION 15 1 61.9375 176. 2290.987793 186.580429 23 2 2 0 0 0
33.956 14 FBW_STATUS 2 0 1 12.5 0.091552
33.956 14 GPS 3 36034933 481377044 1115 249434 1192 -203 0 17283960 31 0
33.957 14 SVINFO 5 12 0 5 46 82 276
34.054 14 CALIBRATION -22.416676 1
34.055 14 GPS_SOL 690 690 690 7
34.156 14 WP_MOVED 3 360294.09375 4813785. 260. 31
34.188 14 NAVIGATION 15 1 64.5625 175. 2292.047363 186.529663 23 2 2 0 0 0
34.204 14 GPS 3 36035231 481376891 1181 248893 1197 -240 0 17284239 31 0
34.255 14 ESTIMATOR 248.881149 -2.4
34.355 14 ATTITUDE 0.450356 2.272428 -0.156543
34.437 14 NAVIGATION 15 1 67.5625 173.5 2293.001221 186.190598 23 2 2 0 0 0
34.455 14 GPS 3 36035474 481376733 1230 248330 1208 -284 0 17284480 31 0
34.654 14 DL_VALUE 31 0.1
34.655 14 ENERGY 8 12.5 0.091552 1.144399 0.041095 0.513679
34.655 14 WP_MOVED 4 360416.3125 4813734. 260. 31
34.688 14 NAVIGATION 15 1 69.96875 172. 2293.553223 185.686905 23 2 2 0 0 0
34.705 14 DESIRED 0.429022 -0.203088 0. -1500. -1500. 200. -1.448811 13.
34.706 14 GPS 3 36035704 481376550 1284 247690 1224 -306 0 17284719 31 0
34.755 14 NAVIGATION 15 1 72.28125 170. 2293.553223 185.686905 23 2 2 0 0 0
34.755 14 ESTIMATOR 247.611053 -3.06
34.855 14 AIRSPEED 11.6 0. 0. 0.
34.855 14 ATTITUDE 0.446852 2.421256 -0.201058
34.938 14 NAVIGATION 15 1 72.28125 170. 2293.679932 184.728394 24 3 3 0 0 0
34.954 14 GPS 3 36035920 481376344 1336 246989 1242 -330 0 17284960 31 0
35.054 14 IR_SENSORS 0 0 -31 97 245
35.138 14 FBW_STATUS 2 0 1 12.5 0.091552
35.155 14 WP_MOVED 5 360421. 4813583.5 260. 31
35.188 14 NAVIGATION 15 1 74.4375 168. 2293.703857 183.752396 24 3 3 0 0 0
35.204 14 GPS 3 36036151 481376076 1400 246113 1266 -346 0 17285239 31 0
35.205 14 SVINFO 3 10 1 3 47 54 177
35.255 14 ESTIMATOR 246.072021 -3.46
35.356 14 ATTITUDE 0.436281 2.584782 -0.225161
35.438 14 NAVIGATION 15 1 76.78125 165. 2293.134033 181.990005 24 3 3 0 0 0
35.454 14 GPS 3 36036330 481375825 1445 245327 1284 -352 0 17285480 31 0
35.656 14 WP_MOVED 6 360164.8125 4813664.5 260. 31
35.688 14 NAVIGATION 15 1 78.53125 163. 2292.886719 180.931351 24 3 3 0 0 0
35.705 14 GPS 3 36036489 481375556 1494 244518 1301 -370 0 17285719 31 0
35.754 14 ENERGY 8 12.5 0.091552 1.144399 0.041263 0.515776
35.755 14 DESIRED 0.468894 -0.20404 0. -1500. -1500. 200. -1.357136 13.
35.755 14 NAVIGATION 15 1 80.125 160. 2292.886719 180.931351 24 3 3 0 0 0
35.756 14 ESTIMATOR 244.399063 -3.7
35.854 14 AIRSPEED 11.6 0. 0. 0.
35.855 14 ATTITUDE 0.444751 2.716337 -0.237759
35.938 14 NAVIGATION 15 1 80.125 160. 2291.810303 178.941376 25 4 4 0 0 0
35.955 14 FBW_STATUS 2 0 1 12.5 0.091552
35.956 14 GPS 3 36036626 481375271 1542 243697 1318 -372 0 17285960 31 0
35.956 14 SVINFO 6 13 1 6 45 40 328
36.053 14 GPS_SOL 685 685 685 7
36.155 14 CALIBRATION -22.416676 1
36.155 14 DL_VALUE 32 0.
36.155 14 WP_MOVED 7 360558.40625 4813804.5 260. 31
36.188 14 NAVIGATION 15 1 81.5 157. 2290.587402 176.893326 25 4 4 0 0 0
36.204 14 GPS 3 36036757 481374921 1603 242733 1336 -341 0 17286239 31 0
36.253 14 IR_SENSORS 0 0 -37 101 243
36.254 14 ESTIMATOR 242.635239 -3.41
36.354 14 ATTITUDE 0.46025 2.869851 -0.238369
36.439 14 NAVIGATION 15 1 82.8125 153.5 2288.964355 174.413757 25 4 4 0 0 0
36.454 14 GPS 3 36036842 481374609 1648 241910 1347 -348 0 17286480 31 0
36.456 14 SVINFO 1 8 1 1 48 0 78
36.654 14 WP_MOVED 8 358784. 4812095. 200. 31
36.688 14 NAVIGATION 15 1 83.65625 150.5 2287.38208 172.187744 25 4 4 0 0 0
36.706 14 GPS 3 36036899 481374289 1697 241096 1357 -340 0 17286719 31 0
36.755 14 NAVIGATION 15 1 84.25 147.5 2287.38208 172.187744 25 4 4 0 0 0
36.756 14 ESTIMATOR 240.984177 -3.4
36.804 14 DESIRED 0.453598 -0.201175 0. -1500. -1500. 200. -1.254464 13.
36.855 14 ENERGY 8 12.5 0.091552 1.144399 0.041431 0.517873
36.856 14 AIRSPEED 11.6 0. 0. 0.
36.856 14 ATTITUDE 0.468721 3.003171 -0.226849
36.937 14 NAVIGATION 15 1 84.25 147.5 2285.629883 169.86557 26 5 5 0 0 0
36.954 14 GPS 3 36036929 481373963 1747 240297 1364 -324 0 17286960 31 0
37.038 14 COMMANDS 852,-236,308,0
37.138 14 FBW_STATUS 2 0 1 12.5 0.091552
37.155 14 WP_MOVED 9 360312.8125 4813652. 185. 31
37.188 14 NAVIGATION 15 1 84.53125 144. 2283.303467 166.977631 26 5 5 0 0 0
37.205 14 GPS 3 36036929 481373579 1809 239389 1371 -314 0 17287239 31 0
37.205 14 SVINFO 4 11 0 4 46 88 228
37.255 14 COMMANDS 852,-335,193,0
37.255 14 ESTIMATOR 239.371964 -3.14
37.356 14 STATE_FILTER_STATUS 2 3 377
37.356 14 ATTITUDE 0.455293 3.16071 -0.21767
37.438 14 NAVIGATION 15 1 84.53125 140. 2280.425293 163.540604 26 5 5 0 0 0
37.455 14 IR_SENSORS 0 0 -31 100 244
37.455 14 GPS 3 36036898 481373250 1853 238635 1374 -310 0 17287480 31 0
37.456 14 SVINFO 5 12 1 5 45 78 278
37.554 14 PPRZ_MODE 2 3 2 0 0 6
37.655 14 ALIVE 179,209,69,119,115,11,176,21,181,244,80,210,55,176,198,136
37.655 14 DL_VALUE 33 0.15
37.656 14 WP_MOVED 10 360452.8125 4813581. 260. 31
37.688 14 NAVIGATION 15 1 84.21875 137. 2278.05127 160.81604 26 5 5 0 0 0
37.705 14 GPS 3 36036840 481372925 1900 237907 1375 -312 0 17287719 31 0
37.706 14 SVINFO 6 13 1 6 44 37 329
37.754 14 NAVIGATION 15 1 83.65625 134. 2278.05127 160.81604 26 5 5 0 0 0
37.755 14 ESTIMATOR 237.845596 -3.12
37.854 14 DESIRED 0.354182 -0.205944 0. -1500. -1500. 200. -1.15798 13.
37.854 14 AIRSPEED 11.6 0. 0. 0.
37.854 14 ATTITUDE 0.422933 3.289806 -0.20414
37.939 14 NAVIGATION 15 1 83.65625 134. 2275.504883 157.969513 27 6 6 0 0 0
37.957 14 FBW_STATUS 2 0 1 12.5 0.091552
37.957 14 ENERGY 8 12.5 0.091552 1.144399 0.041599 0.51997
37.957 14 GPS 3 36036757 481372606 1945 237203 1375 -307 0 17287960 31 0
37.958 14 SVINFO 0 7 0 0 48 24 29
38.056 14 GPS_SOL 678 678 678 7
38.155 14 DATALINK_REPORT 6 7 1251 530 0 0
38.156 14 WP_MOVED 11 360169.5 4813757.5 260. 31
38.188 14 NAVIGATION 15 1 82.8125 130.5 2272.405273 154.557953 27 6 6 0 0 0
38.204 14 GPS 3 36036631 481372242 1998 236411 1373 -293 0 17288239 31 0
38.255 14 CALIBRATION -22.416676 1
38.256 14 ESTIMATOR 236.353378 -2.93
38.354 14 ATTITUDE 0.36662 3.428284 -0.197924
38.438 14 NAVIGATION 15 1 81.5625 127. 2269.023682 150.935226 27 6 6 0 0 0
38.454 14 GPS 3 36036501 481371941 2033 235754 1370 -293 0 17288480 31 0
38.455 14 SVINFO 2 9 1 2 47 17 129
38.521 14 WIND_INFO 14 5 -0.4 1.1 0. 13.5
38.655 14 IR_SENSORS 0 0 -28 68 255
38.655 14 WP_MOVED 12 360287.59375 4813581. 260. 31
38.688 14 NAVIGATION 15 1 80.25 124. 2265.958008 147.702621 27 6 6 0 0 0
38.705 14 GPS 3 36036353 481371648 2069 235114 1366 -295 0 17288719 31 0
38.705 14 SVINFO 3 10 0 3 46 60 179
38.754 14 NAVIGATION 15 1 78.78125 121. 2265.958008 147.702621 27 6 6 0 0 0
38.755 14 ESTIMATOR 234.971817 -2.95
38.855 14 AIRSPEED 13.5 0. 0. 0.
38.855 14 ATTITUDE 0.292187 3.552211 -0.195788
38.905 14 DESIRED 0.206367 -0.219949 0. -1500. -1500. 200. -1.069653 13.
38.937 14 NAVIGATION 15 1 78.78125 121. 2262.783936 144.386581 27 7 7 0 0 0
38.955 14 GPS 3 36036160 481371319 2103 234382 1361 -280 0 17289000 31 0
39.054 14 ENERGY 8 12.5 0.091552 1.144399 0.041767 0.522066
39.138 14 FBW_STATUS 2 0 1 12.5 0.091552
39.155 14 DL_VALUE 34 0.05
39.156 14 WP_MOVED 13 360311.5 4813547. 260. 31
39.188 14 NAVIGATION 15 1 76.84375 118. 2259.282959 140.815338 28 7 7 0 0 0
39.204 14 GPS 3 36035981 481371047 2135 233761 1356 -274 0 17289239 31 0
39.254 14 ESTIMATOR 233.620804 -2.74
39.355 14 ATTITUDE 0.20741 3.660435 -0.197924
39.438 14 NAVIGATION 15 1 75.0625 115. 2255.891602 137.329453 28 7 7 0 0 0
39.455 14 GPS 3 36035793 481370783 2155 233142 1352 -278 0 17289480 31 0
39.655 14 WP_MOVED 14 360300.6875 4813575.5 260. 31
39.687 14 NAVIGATION 15 1 73.15625 112.5 2252.770996 134.194214 28 7 7 0 0 0
39.704 14 GPS 3 36035596 481370526 2174 232520 1349 -284 0 17289719 31 0
39.756 14 NAVIGATION 15 1 71.21875 110. 2252.770996 134.194214 28 7 7 0 0 0
39.756 14 ESTIMATOR 232.351959 -2.84
39.855 14 IR_SENSORS 0 0 -32 19 263
39.855 14 AIRSPEED 13.5 0. 0. 0.
39.855 14 ATTITUDE 0.13495 3.724935 -0.208344
39.938 14 NAVIGATION 15 1 71.21875 110. 2249.628418 131.042389 29 8 8 0 0 0
39.955 14 FBW_STATUS 2 0 1 12.5 0.091552
39.956 14 DESIRED 0.068353 -0.236731 0. -1500. -1500. 200. -0.970559 13.
39.956 14 GPS 3 36035393 481370274 2189 231889 1346 -274 0 17289960 31 0
39.957 14 SVINFO 1 8 1 1 47 0 80
40.054 14 GPS_SOL 670 670 670 7
40.154 14 ENERGY 8 12.5 0.091552 1.144399 0.041935 0.524163
40.156 14 WP_MOVED 15 360297.6875 4813554.5 260. 31
40.188 14 NAVIGATION 15 1 69.15625 107. 2246.041016 127.403244 29 8 8 0 0 0
40.204 14 GPS 3 36035149 481369987 2204 231137 1345 -283 0 17290239 31 0
40.254 14 ESTIMATOR 231.05043 -2.83
40.355 14 CALIBRATION -22.416676 1
40.357 14 ATTITUDE 0.089442 3.775363 -0.219569
40.438 14 NAVIGATION 15 1 66.71875 104.5 2242.549561 123.982422 29 8 8 0 0 0
40.454 14 GPS 3 36034936 481369745 2213 230475 1344 -263 0 17290480 31 0
40.655 14 DL_VALUE 35 0.
40.656 14 WP_MOVED 16 361184. 4813643. 260. 31
40.688 14 NAVIGATION 15 1 64.625 102. 2239.298096 120.74929 29 8 8 0 0 0
40.704 14 GPS 3 36034719 481369505 2221 229797 1345 -274 0 17290719 31 0
40.704 14 SVINFO 4 11 1 4 45 89 230
40.754 14 NAVIGATION 15 1 62.4375 99.5 2239.298096 120.74929 29 8 8 0 0 0
40.755 14 ESTIMATOR 229.739349 -2.74
40.855 14 AIRSPEED 13.5 0. 0. 0.
40.855 14 ATTITUDE 0.05903 3.803629 -0.23076
40.938 14 NAVIGATION 15 1 62.4375 99.5 2235.980957 117.467834 30 9 9 0 0 0
40.954 14 GPS 3 36034499 481369268 2228 229101 1347 -278 0 17290960 31 0
40.955 14 SVINFO 5 12 1 5 44 73 280
41.012 14 DESIRED 0.021685 -0.245039 0. -1500. -1500. 200. -0.89218 13.
41.055 14 NAVIGATION_REF 360284 4813595 31 185.
41.055 14 IR_SENSORS 0 0 -39 -4 263
41.137 14 FBW_STATUS 2 0 1 12.5 0.091552
41.155 14 WP_MOVED 17 361184. 4813643. 260. 31
41.188 14 NAVIGATION 15 1 60.25 97.5 2233.021729 114.613754 30 9 9 0 0 0
41.204 14 GPS 3 36034240 481368993 2234 228268 1350 -271 0 17291239 31 0
41.204 14 SVINFO 6 13 0 6 43 31 331
41.254 14 ENERGY 8 12.5 0.091552 1.144399 0.042103 0.52626
41.255 14 ESTIMATOR 228.344818 -2.71
41.355 14 ATTITUDE 0.032307 3.824988 -0.238768
41.438 14 NAVIGATION 15 1 57.65625 94.5 2229.063232 110.700012 30 9 9 0 0 0
41.456 14 GPS 3 36034015 481368758 2237 227537 1354 -298 0 17291480 31 0
41.655 14 WP_MOVED 18 360289. 4813605. 220. 31
41.688 14 NAVIGATION 15 1 55.40625 92. 2225.702637 107.395775 30 9 9 0 0 0
41.705 14 GPS 3 36033789 481368524 2239 226793 1357 -288 0 17291719 31 0
41.755 14 NAVIGATION 15 1 53.125 89.5 2225.702637 107.395775 30 9 9 0 0 0
41.756 14 ESTIMATOR 226.864243 -2.88
41.855 14 AIRSPEED 13.5 0. 0. 0.
41.855 14 ATTITUDE 0.017062 3.834779 -0.246219
41.938 14 NAVIGATION 15 1 53.125 89.5 2222.320312 104.079369 31 10 10 0 0 0
41.955 14 FBW_STATUS 2 0 1 12.5 0.091552
41.955 14 GPS 3 36033561 481368289 2241 226038 1362 -294 0 17291960 31 0
41.956 14 SVINFO 2 9 1 2 46 22 131
42.037 14 COMMANDS 852,-72,15,0
42.054 14 GPS_SOL 661 661 661 7
42.055 14 DESIRED 0.00355 -0.248619 0. -1500. -1500. 200. -0.805927 13.
42.156 14 DL_VALUE 36 0.
42.156 14 WP_MOVED 19 360289. 4813610. 500. 31
42.188 14 NAVIGATION 15 1 50.84375 87.5 2219.29541 101.199493 31 10 10 0 0 0
42.204 14 GPS 3 36033294 481368015 2243 225145 1367 -273 0 17292239 31 0
42.204 14 SVINFO 3 10 1 3 45 66 181
42.256 14 COMMANDS 852,-59,18,0
42.256 14 IR_SENSORS 0 0 -43 -14 261
42.256 14 ESTIMATOR 225.321091 -2.73
42.356 14 STATE_FILTER_STATUS 2 3 318
42.356 14 ENERGY 8 12.5 0.091552 1.144399 0.042271 0.528357
42.356 14 ATTITUDE 0.009243 3.840937 -0.250551
42.438 14 NAVIGATION 15 1 48.21875 84.5 2215.315186 97.289764 31 10 10 0 0 0
42.456 14 AUTOPILOT_VERSION 51500 v5.15_devel-179-g9a29798-dirty
42.456 14 CALIBRATION -22.416676 1
42.457 14 GPS 3 36033063 481367780 2243 224373 1370 -272 0 17292480 31 0
42.457 14 SVINFO 4 11 1 4 44 89 231
42.555 14 PPRZ_MODE 2 3 2 0 0 6
42.655 14 ALIVE 179,209,69,119,115,11,176,21,181,244,80,210,55,176,198,136
42.655 14 WP_MOVED 20 360289. 4813620. 300. 31
42.688 14 NAVIGATION 15 1 45.875 82.5 2212.246826 94.396851 31 10 10 0 0 0
42.704 14 GPS 3 36032832 481367545 2244 223597 1374 -276 0 17292719 31 0
42.755 14 NAVIGATION 15 1 43.5625 80. 2212.246826 94.396851 31 10 10 0 0 0
42.756 14 ESTIMATOR 223.814987 -2.76
42.854 14 AIRSPEED 13.5 0. 0. 0.
42.855 14 ATTITUDE 0.001606 3.843298 -0.254278
42.938 14 NAVIGATION 15 1 43.5625 80. 2208.842529 91.091667 32 11 11 0 0 0
42.953 14 GPS 3 36032601 481367309 2244 222817 1378 -280 0 17292960 31 0
42.953 14 SVINFO 6 13 1 6 42 28 332
43.105 14 DESIRED -0.001417 -0.249833 0. -1500. -1500. 200. -0.71445 13.
43.138 14 FBW_STATUS 2 0 1 12.5 0.091552
43.155 14 WP_MOVED 21 360289. 4813625. 400. 31
43.188 14 NAVIGATION 15 1 41.25 77.5 2205.438232 87.794151 32 11 11 0 0 0
43.205 14 GPS 3 36032330 481367033 2244 221908 1381 -308 0 17293239 31 0
43.206 14 SVINFO 0 7 0 0 47 16 32
43.255 14 DATALINK_REPORT 5 8 1379 548 0 0
43.256 14 ESTIMATOR 222.233383 -3.08
43.355 14 ATTITUDE -0.00221 3.844218 -0.254278
43.437 14 NAVIGATION 15 1 38.53125 75. 2201.75 84.318787 32 11 11 0 0 0
43.454 14 IR_SENSORS 0 0 -44 -17 261
43.455 14 ENERGY 8 12.5 0.091552 1.144399 0.042439 0.530454
43.456 14 GPS 3 36032097 481366796 2244 221129 1384 -327 0 17293480 31 0
43.655 14 DL_VALUE 37 0.
43.655 14 WP_MOVED 22 360289. 4813645. 250. 31
43.688 14 NAVIGATION 15 1 36.21875 72.5 2198.345703 81.043495 32 11 11 0 0 0
43.705 14 GPS 3 36031864 481366558 2244 220352 1386 -323 0 17293719 31 0
43.755 14 NAVIGATION 15 1 33.875 70. 2198.345703 81.043495 32 11 11 0 0 0
43.756 14 ESTIMATOR 220.506546 -3.23
43.855 14 AIRSPEED 13.5 0. 0. 0.
43.855 14 ATTITUDE -0.00221 3.844125 -0.254278
43.938 14 NAVIGATION 15 1 33.875 70. 2194.919678 77.765778 33 12 12 0 0 0
43.954 14 FBW_STATUS 2 0 1 12.5 0.091552
43.955 14 GPS 3 36031631 481366320 2244 219577 1388 -313 0 17293960 31 0
44.054 14 GPS_SOL 651 651 651 7
44.155 14 DESIRED -0.001167 -0.24977 0. -1500. -1500. 200. -0.615196 13.
44.156 14 WP_MOVED 0 360326. 4813637. 260. 31
44.188 14 NAVIGATION 15 1 31.5625 68. 2191.873291 74.967934 33 12 12 0 0 0
44.204 14 GPS 3 36031358 481366042 2243 218677 1389 -302 0 17294239 31 0
44.255 14 ESTIMATOR 218.831726 -3.02
44.354 14 ATTITUDE -0.00221 3.843219 -0.250551
44.438 14 NAVIGATION 15 1 28.84375 65. 2187.827148 71.11232 33 12 12 0 0 0
44.454 14 GPS 3 36031125 481365804 2243 217910 1391 -303 0 17294480 31 0
44.455 14 SVINFO 5 12 1 5 43 68 282
44.554 14 CALIBRATION -25.93174 2
44.555 14 ENERGY 10 12.5 0.115909 1.448868 0.042612 0.532624
44.654 14 IR_SENSORS 0 0 -43 -17 261
44.655 14 WP_MOVED 1 360284. 4813595. 260. 31
44.688 14 NAVIGATION 15 1 26.5 62.5 2184.401123 67.885933 33 12 12 0 0 0
44.705 14 GPS 3 36030891 481365564 2243 217147 1393 -289 0 17294719 31 0
44.755 14 NAVIGATION 15 1 24.15625 60. 2184.401123 67.885933 33 12 12 0 0 0
44.755 14 ESTIMATOR 217.243164 -2.89
44.854 14 AIRSPEED 13.5 0. 0. 0.
44.855 14 ATTITUDE -0.001963 3.84208 -0.246219
44.938 14 NAVIGATION 15 1 24.15625 60. 2180.975098 64.680168 34 13 13 0 0 0
44.956 14 GPS 3 36030657 481365324 2242 216391 1397 -281 0 17294960 31 0
45.138 14 FBW_STATUS 2 0 1 12.5 0.157759
45.155 14 DL_VALUE 38 0.
45.155 14 WP_MOVED 2 360333.5 4813695. 260. 31
45.188 14 NAVIGATION 15 1 21.8125 57.5 2177.549072 61.498253 34 13 13 0 0 0
45.204 14 DESIRED 0.000347 -0.17068 0. -1500. -1500. 200. -0.494621 13.
45.205 14 GPS 3 36030383 481365043 2242 215525 1403 -288 0 17295239 31 0
45.206 14 SVINFO 1 8 1 1 46 0 83
45.255 14 ESTIMATOR 215.718109 -2.88
45.354 14 ATTITUDE -0.001963 3.842015 -0.235036
45.437 14 NAVIGATION 15 1 19.09375 55. 2173.86084 58.220024 34 13 13 0 0 0
45.454 14 GPS 3 36030147 481364801 2242 214806 1409 -284 0 17295480 31 0
45.455 14 SVINFO 2 9 1 2 45 28 133
45.654 14 ENERGY 18 12.5 0.215287 2.69109 0.042906 0.536299
45.655 14 WP_MOVED 3 360294.09375 4813785. 260. 31
45.688 14 NAVIGATION 15 1 16.71875 52.5 2170.412842 55.09779 34 13 13 0 0 0
45.705 14 GPS 3 36029910 481364557 2242 214115 1415 -274 0 17295719 31 0
45.706 14 SVINFO 3 10 1 3 44 71 183
45.755 14 NAVIGATION 15 1 14.375 50. 2170.412842 55.09779 34 13 13 0 0 0
45.756 14 ESTIMATOR 214.20697 -2.74
45.854 14 IR_SENSORS 0 0 -33 -17 263
45.854 14 AIRSPEED 13.5 0. 0. 0.
45.855 14 ATTITUDE -0.001717 3.841929 -0.212089
45.937 14 NAVIGATION 15 1 14.375 50. 2166.986816 52.025383 35 14 14 0 0 0
45.954 14 FBW_STATUS 2 0 1 12.5 0.255429
45.954 14 GPS 3 36029672 481364313 2242 213463 1422 -259 0 17295960 31 0
45.955 14 SVINFO 4 11 1 4 43 89 233
46.054 14 GPS_SOL 640 640 640 7
46.155 14 WP_MOVED 4 360416.3125 4813734. 260. 31
46.188 14 NAVIGATION 15 1 11.96875 47.5 2163.51709 48.984703 35 14 14 0 0 0
46.206 14 GPS 3 36029393 481364025 2241 212764 1432 -237 0 17296239 31 0
46.207 14 SVINFO 5 12 1 5 42 65 283
46.254 14 DESIRED 0.001468 -0.100673 0. -1500. -1500. 200. -0.405205 13.
46.255 14 ESTIMATOR 212.81868 -2.37
46.354 14 ATTITUDE -0.001473 3.841619 -0.181682
46.438 14 NAVIGATION 15 1 9.15625 45. 2159.763184 45.922073 35 14 14 0 0 0
46.454 14 GPS 3 36029152 481363778 2241 212226 1438 -213 0 17296480 31 0
46.457 14 SVINFO 6 13 1 6 41 22 334
46.655 14 CALIBRATION -145.129562 2
46.656 14 DL_VALUE 39 0.
46.656 14 WP_MOVED 5 360421. 4813583.5 260. 31
46.688 14 NAVIGATION 15 1 6.78125 42.5 2156.31543 43.037605 35 14 14 0 0 0
46.705 14 GPS 3 36028910 481363529 2241 211752 1445 -165 0 17296719 31 0
46.707 14 SVINFO 0 7 0 0 46 12 34
46.755 14 ENERGY 31 12.5 0.422201 5.277513 0.043477 0.543436
46.756 14 NAVIGATION 15 1 4.375 39.5 2156.31543 43.037605 35 14 14 0 0 0
46.757 14 ESTIMATOR 211.719559 -1.65
46.856 14 AIRSPEED 13.5 0. 0. 0.
46.856 14 ATTITUDE 0.002528 3.841828 -0.140048
46.938 14 NAVIGATION 15 1 4.375 39.5 2152.488037 39.741547 36 15 15 0 0 0
46.956 14 GPS 3 36028668 481363279 2241 211348 1451 -152 0 17296960 31 0
46.957 14 SVINFO 1 8 0 1 45 1 84
47.040 14 COMMANDS 3173,-3,857,0
47.055 14 IR_SENSORS 0 0 -10 -16 265
47.138 14 FBW_STATUS 2 0 1 12.5 0.452377
47.154 14 WP_MOVED 6 360164.8125 4813664.5 260. 31
47.188 14 NAVIGATION 15 1 1.9375 37. 2148.996338 37.050694 36 15 15 0 0 0
47.204 14 GPS 3 36028384 481362987 2241 210969 1455 -121 0 17297239 31 0
47.255 14 COMMANDS 3278,-1,749,0
47.255 14 ESTIMATOR 210.945648 -1.21
47.305 14 DESIRED 0.00236 -0.047416 0. -1500. -1500. 200. -0.339527 13.
47.356 14 STATE_FILTER_STATUS 2 3 285
47.356 14 ATTITUDE 0.002528 3.842721 -0.10236
47.438 14 NAVIGATION 15 1 -0.90625 34.5 2145.220703 34.511902 36 15 15 0 0 0
47.456 14 GPS 3 36028141 481362736 2241 210723 1454 -107 0 17297480 31 0
47.555 14 PPRZ_MODE 2 3 2 0 0 6
47.655 14 ALIVE 179,209,69,119,115,11,176,21,181,244,80,210,55,176,198,136
47.655 14 WP_MOVED 7 360558.40625 4813804.5 260. 31
47.688 14 NAVIGATION 15 1 -3.34375 32. 2141.729248 32.174225 36 15 15 0 0 0
47.704 14 GPS 3 36027898 481362487 2242 210547 1451 -63 0 17297719 31 0
47.756 14 NAVIGATION 15 1 -5.78125 29.5 2141.729248 32.174225 36 15 15 0 0 0
47.756 14 ESTIMATOR 210.434921 -0.63
47.855 14 ENERGY 35 12.5 0.499653 6.245667 0.04433 0.554097
47.855 14 AIRSPEED 13.5 0. 0. 0.
47.855 14 ATTITUDE 0.002528 3.843245 -0.064629
47.939 14 NAVIGATION 15 1 -5.78125 29.5 2138.237549 30.061152 37 16 16 0 0 0
47.954 14 FBW_STATUS 2 0 1 12.5 0.499653
47.954 14 GPS 3 36027656 481362238 2242 210434 1446 -42 0 17297960 31 0
48.055 14 GPS_SOL 629 629 629 7
48.154 14 DL_VALUE 40 0.
48.155 14 WP_MOVED 8 358784. 4812095. 200. 31
48.188 14 NAVIGATION 15 1 -8.1875 27. 2134.767822 28.214094 37 16 16 0 0 0
48.204 14 GPS 3 36027375 481361949 2242 210374 1435 -25 0 17298239 31 0
48.205 14 SVINFO 6 13 1 6 40 19 335
48.255 14 IR_SENSORS 0 0 12 -16 265
48.256 14 ESTIMATOR 210.254105 -0.25
48.355 14 DATALINK_REPORT 10 8 1504 525 0 0
48.356 14 DESIRED 0.001338 -0.022663 0. -1500. -1500. 200. -0.309529 13.
48.356 14 ATTITUDE 0.002528 3.842545 -0.034485
48.438 14 NAVIGATION 15 1 -11. 24. 2130.656494 26.400757 37 16 16 0 0 0
48.454 14 GPS 3 36027136 481361704 2242 210374 1426 0 0 17298480 31 0
48.540 14 WIND_INFO 14 5 -1. 0.6 0. 13.8
48.653 14 WP_MOVED 9 360312.8125 4813652. 185. 31
48.687 14 NAVIGATION 15 1 -13.375 21.5 2127.208496 25.320755 37 16 16 0 0 0
48.704 14 GPS 3 36026899 481361460 2242 210412 1415 -8 0 17298719 31 0
48.755 14 CALIBRATION -143.529739 2
48.755 14 NAVIGATION 15 1 -15.75 19. 2127.208496 25.320755 37 16 16 0 0 0
48.756 14 ESTIMATOR 210.283051 -0.08
48.854 14 AIRSPEED 13.8 0. 0. 0.
48.854 14 ATTITUDE 0.0023 3.831546 -0.015421
48.938 14 NAVIGATION 15 1 -15.75 19. 2123.760498 24.679192 38 17 17 0 0 0
48.956 14 ENERGY 35 12.5 0.50325 6.290629 0.045262 0.565748
48.956 14 GPS 3 36026665 481361219 2242 210478 1403 -4 0 17298960 31 0
48.957 14 SVINFO 2 9 0 2 44 34 135
49.138 14 FBW_STATUS 2 0 1 12.5 0.495703
49.155 14 WP_MOVED 10 360452.8125 4813581. 260. 31
49.188 14 NAVIGATION 15 1 -18.125 16.5 2120.312744 24.510521 38 17 17 0 0 0
49.204 14 GPS 3 36026393 481360940 2242 210577 1387 20 0 17299239 31 0
49.205 14 SVINFO 3 10 0 3 43 76 185
49.254 14 ESTIMATOR 210.377335 0.2
49.356 14 ATTITUDE 0.0023 3.829896 -0.004125
49.404 14 DESIRED 0.001275 -0.022702 0. -1500. -1500. 200. -0.309548 13.
49.442 14 NAVIGATION 15 1 -20.84375 14. 2116.624512 25.109001 38 17 17 0 0 0
49.454 14 IR_SENSORS 0 0 23 -16 264
49.455 14 GPS 3 36026163 481360704 2242 210671 1375 21 0 17299480 31 0
49.456 14 SVINFO 4 11 0 4 42 88 235
49.654 14 DL_VALUE 41 0.
49.655 14 WP_MOVED 11 360169.5 4813757.5 260. 31
49.689 14 NAVIGATION 15 1 -23.125 11.5 2113.241943 25.826645 38 17 17 0 0 0
49.706 14 GPS 3 36025935 481360469 2242 210764 1362 15 0 17299719 31 0
49.706 14 SVINFO 5 12 1 5 41 60 285
49.754 14 NAVIGATION 15 1 -25.375 9.5 2113.241943 25.826645 38 17 17 0 0 0
49.754 14 ESTIMATOR 210.59938 0.15
49.854 14 AIRSPEED 13.8 0. 0. 0.
49.855 14 ATTITUDE -0.001473 3.828275 -0.000365
49.938 14 NAVIGATION 15 1 -25.375 9.5 2110.239014 27.09503 39 18 18 0 0 0
49.955 14 FBW_STATUS 2 0 1 12.5 0.449567
49.955 14 GPS 3 36025709 481360237 2241 210850 1350 -1 0 17299960 31 0
50.054 14 NAVIGATION_REF 360284 4813595 31 185.
50.054 14 GPS_SOL 616 616 616 7
50.054 14 ENERGY 32 12.5 0.444309 5.553865 0.046131 0.576609
50.154 14 WP_MOVED 12 360287.59375 4813581. 260. 31
50.188 14 NAVIGATION 15 1 -27.65625 6.5 2106.499023 28.409824 39 18 18 0 0 0
50.206 14 GPS 3 36025448 481359968 2241 210934 1336 4 0 17300239 31 0
50.208 14 SVINFO 0 7 0 0 45 8 36
50.255 14 ESTIMATOR 210.75206 0.04
50.354 14 ATTITUDE 0.0023 3.826152 -0.004125
50.439 14 NAVIGATION 15 1 -30.28125 4. 2102.876465 30.544298 39 18 18 0 0 0
50.456 14 DESIRED 0.001547 -0.033563 0. -1500. -1500. 200. -0.322562 13.
50.457 14 GPS 3 36025226 481359740 2241 210988 1327 0 0 17300480 31 0
50.458 14 SVINFO 1 8 1 1 44 3 86
50.656 14 IR_SENSORS 0 0 20 -16 264
50.657 14 WP_MOVED 13 360311.5 4813547. 260. 31
50.688 14 NAVIGATION 15 1 -32.5 2. 2099.895264 32.561481 39 18 18 0 0 0
50.705 14 GPS 3 36025005 481359512 2241 211021 1320 0 0 17300719 31 0
50.706 14 SVINFO 2 9 1 2 43 37 136
50.754 14 NAVIGATION 15 1 -34.71875 -0.5 2099.895264 32.561481 39 18 18 0 0 0
50.754 14 ESTIMATOR 210.871735 0.
50.854 14 CALIBRATION -98.713097 2
50.855 14 AIRSPEED 13.8 0. 0. 0.
50.855 14 ATTITUDE 0.0023 3.824664 -0.015421
50.939 14 NAVIGATION 15 1 -34.71875 -0.5 2096.556641 34.722351 40 19 19 0 0 0
50.955 14 GPS 3 36024786 481359286 2241 211034 1313 -6 0 17300960 31 0
50.955 14 SVINFO 3 10 1 3 42 78 186
51.138 14 FBW_STATUS 2 0 1 12.5 0.40531
51.157 14 DL_VALUE 42 0.6
51.158 14 ENERGY 30 12.5 0.40531 5.066377 0.046906 0.586298
51.159 14 WP_MOVED 14 360300.6875 4813575.5 260. 31
51.187 14 NAVIGATION 15 1 -39.4375 -5.5 2089.682617 39.819172 40 19 19 0 0 0
51.204 14 GPS 3 36024531 481359023 2241 211022 1308 -21 0 17301239 31 0
51.205 14 SVINFO 4 11 0 4 41 88 236
51.253 14 ESTIMATOR 210.930191 -0.21
51.355 14 ATTITUDE -0.001473 3.823412 -0.022961
51.440 14 NAVIGATION 15 1 -41.625 -7.5 2086.723389 42.29528 40 19 19 0 0 0
51.455 14 GPS 3 36024312 481358798 2241 210990 1305 -28 0 17301480 31 0
51.456 14 SVINFO 5 12 1 5 40 57 286
51.505 14 DESIRED 0.001931 -0.037301 0. -1500. -1500. 200. -0.327197 13.
51.654 14 WP_MOVED 15 360297.6875 4813554.5 260. 31
51.687 14 NAVIGATION 15 1 -41.625 -7.5 2086.723389 42.29528 40 19 19 0 0 0
51.704 14 GPS 3 36024095 481358573 2241 210940 1304 -55 0 17301719 31 0
51.704 14 SVINFO 6 13 1 6 39 14 337
51.754 14 NAVIGATION 15 1 -43.78125 -10. 2086.723389 42.29528 40 19 19 0 0 0
51.754 14 ESTIMATOR 210.863144 -0.55
51.855 14 IR_SENSORS 0 0 15 -17 265
51.856 14 AIRSPEED 13.8 0. 0. 0.
51.856 14 ATTITUDE -0.001231 3.822769 -0.030723
51.937 14 NAVIGATION 15 1 -43.78125 -10. 2083.428223 44.908772 41 20 20 0 0 0
51.954 14 FBW_STATUS 2 0 1 12.5 0.409261
51.955 14 GPS 3 36023877 481358348 2240 210873 1304 -73 0 17301960 31 0
52.043 14 COMMANDS 2965,26,-22,0
52.058 14 GPS_SOL 603 603 603 7
52.155 14 WP_MOVED 16 361184. 4813643. 260. 31
52.188 14 NAVIGATION 15 1 -46. -12. 2080.447021 47.539455 41 20 20 0 0 0
52.204 14 GPS 3 36023622 481358085 2240 210779 1307 -96 0 17302239 31 0
52.256 14 COMMANDS 3053,-2,54,0
52.256 14 ENERGY 31 12.5 0.429833 5.372909 0.047654 0.595643
52.256 14 ESTIMATOR 210.631897 -0.96
52.355 14 STATE_FILTER_STATUS 2 3 295
52.355 14 ATTITUDE -0.001231 3.8225 -0.038249
52.438 14 NAVIGATION 15 1 -48.5 -14.5 2076.911865 50.621143 41 20 20 0 0 0
52.455 14 GPS 3 36023403 481357859 2240 210689 1311 -92 0 17302480 31 0
52.554 14 PPRZ_MODE 2 3 2 0 0 6
52.554 14 DESIRED 0.002207 -0.030609 0. -1500. -1500. 200. -0.318957 13.
52.657 14 ALIVE 179,209,69,119,115,11,176,21,181,244,80,210,55,176,198,136
52.657 14 DL_VALUE 43 12000.
52.657 14 WP_MOVED 17 361184. 4813643. 260. 31
52.688 14 NAVIGATION 15 1 -50.71875 -17. 2073.572998 53.491978 41 20 20 0 0 0
52.704 14 GPS 3 36023183 481357632 2240 210594 1317 -80 0 17302719 31 0
52.755 14 NAVIGATION 15 1 -52.90625 -19. 2073.572998 53.491978 41 20 20 0 0 0
52.756 14 ESTIMATOR 210.329666 -0.8
52.855 14 AIRSPEED 13.8 0. 0. 0.
52.856 14 ATTITUDE -0.001231 3.822638 -0.042014
52.938 14 NAVIGATION 15 1 -52.90625 -19. 2070.61377 56.214512 42 21 21 0 0 0
52.955 14 CALIBRATION -125.169128 2
52.956 14 GPS 3 36022962 481357404 2240 210498 1324 -82 0 17302960 31 0
53.054 14 IR_SENSORS 0 0 12 -16 265
53.138 14 FBW_STATUS 2 0 1 12.5 0.490508
53.155 14 WP_MOVED 18 360289. 4813605. 220. 31
53.187 14 NAVIGATION 15 1 -55.15625 -21.5 2067.253174 59.198498 42 21 21 0 0 0
53.204 14 GPS 3 36022703 481357135 2240 210393 1333 -75 0 17303239 31 0
53.204 14 SVINFO 5 12 1 5 39 54 287
53.255 14 ESTIMATOR 210.115356 -0.75
53.354 14 ENERGY 36 12.5 0.50343 6.29288 0.048511 0.606352
53.355 14 ATTITUDE 0.002528 3.8232 -0.038249
53.438 14 NAVIGATION 15 1 -57.71875 -24.5 2063.31665 62.7033 42 21 21 0 0 0
53.456 14 DATALINK_REPORT 5 9 1632 541 0 0
53.457 14 GPS 3 36022480 481356904 2240 210311 1340 -61 0 17303480 31 0
53.457 14 SVINFO 6 13 1 6 38 12 338
53.556 14 AUTOPILOT_VERSION 51500 v5.15_devel-179-g9a29798-dirty
53.604 14 DESIRED 0.003118 -0.017619 0. -1500. -1500. 200. -0.303461 13.
53.654 14 WP_MOVED 19 360289. 4813610. 500. 31
53.688 14 NAVIGATION 15 1 -59.9375 -26.5 2060.335449 65.53437 42 21 21 0 0 0
53.705 14 GPS 3 36022255 481356672 2240 210242 1347 -41 0 17303719 31 0
53.706 14 SVINFO 0 7 0 0 44 4 38
53.754 14 NAVIGATION 15 1 -62.1875 -29. 2060.335449 65.53437 42 21 21 0 0 0
53.755 14 ESTIMATOR 209.96843 -0.41
53.855 14 AIRSPEED 13.8 0. 0. 0.
53.856 14 ATTITUDE 0.002528 3.824414 -0.034485
53.938 14 NAVIGATION 15 1 -62.1875 -29. 2056.974854 68.616943 43 22 22 0 0 0
53.954 14 FBW_STATUS 2 0 1 12.5 0.524048
53.954 14 GPS 3 36022029 481356438 2240 210187 1352 -30 0 17303960 31 0
53.955 14 SVINFO 1 8 0 1 43 6 88
54.054 14 GPS_SOL 589 589 589 7
54.155 14 DL_VALUE 44 1.5
54.156 14 WP_MOVED 20 360289. 4813620. 300. 31
54.188 14 NAVIGATION 15 1 -64.46875 -31. 2053.950195 71.534744 43 22 22 0 0 0
54.204 14 GPS 3 36021765 481356165 2240 210141 1358 -36 0 17304239 31 0
54.205 14 SVINFO 2 9 1 2 42 43 138
54.255 14 IR_SENSORS 0 0 16 -16 265
54.256 14 ESTIMATOR 209.9422 -0.36
54.356 14 ATTITUDE 0.0023 3.82591 -0.026734
54.438 14 NAVIGATION 15 1 -67.125 -34. 2049.947998 75.244705 43 22 22 0 0 0
54.455 14 ENERGY 37 12.5 0.526411 6.580135 0.049465 0.618278
54.455 14 GPS 3 36021537 481355931 2240 210119 1360 -27 0 17304480 31 0
54.455 14 SVINFO 3 10 1 3 41 82 188
54.654 14 DESIRED 0.00273 -0.014674 0. -1500. -1500. 200. -0.298266 13.
54.654 14 WP_MOVED 21 360289. 4813625. 400. 31
54.689 14 NAVIGATION 15 1 -69.375 -36. 2046.945068 78.159393 43 22 22 0 0 0
54.707 14 GPS 3 36021310 481355696 2240 210112 1361 -38 0 17304720 31 0
54.707 14 SVINFO 4 11 1 4 40 85 238
54.756 14 NAVIGATION 15 1 -71.625 -38.5 2046.945068 78.159393 43 22 22 0 0 0
54.756 14 ESTIMATOR 209.919739 -0.38
54.854 14 AIRSPEED 13.8 0. 0. 0.
54.854 14 ATTITUDE 0.0023 3.826212 -0.01919
54.938 14 NAVIGATION 15 1 -71.625 -38.5 2043.584473 81.316605 44 23 23 0 0 0
54.955 14 GPS 3 36021083 481355461 2240 210117 1362 -11 0 17304960 31 0
55.060 14 CALIBRATION -144.509415 0
55.137 14 FBW_STATUS 2 0 1 12.5 0.521324
55.155 14 WP_MOVED 22 360289. 4813645. 250. 31
55.188 14 NAVIGATION 15 1 -73.90625 -41. 2040.202026 84.517059 44 23 23 0 0 0
55.205 14 GPS 3 36020817 481355187 2240 210138 1360 -1 0 17305239 31 0
55.255 14 ESTIMATOR 209.940613 -0.01
55.355 14 ATTITUDE 0.0023 3.82597 -0.015421
55.437 14 NAVIGATION 15 1 -76.59375 -43.5 2036.535645 88.084351 44 23 23 0 0 0
55.456 14 IR_SENSORS 0 0 19 -16 264
55.456 14 GPS 3 36020591 481354953 2240 210165 1359 4 0 17305480 31 0
55.457 14 SVINFO 0 7 0 0 43 3 39
55.555 14 ENERGY 36 12.5 0.508657 6.358212 0.050421 0.630232
55.655 14 DL_VALUE 45 1250.
55.655 14 WP_MOVED 0 360326. 4813637. 260. 31
55.688 14 NAVIGATION 15 1 -78.84375 -46. 2033.175049 91.281631 44 23 23 0 0 0
55.705 14 DESIRED 0.002728 -0.014755 0. -1500. -1500. 200. -0.299892 13.
55.705 14 GPS 3 36020364 481354719 2240 210198 1356 -2 0 17305720 31 0
55.706 14 SVINFO 1 8 1 1 42 8 89
55.756 14 NAVIGATION 15 1 -81.125 -48.5 2033.175049 91.281631 44 23 23 0 0 0
55.756 14 ESTIMATOR 210.055634 -0.02
55.855 14 AIRSPEED 13.8 0. 0. 0.
55.855 14 ATTITUDE 0.0023 3.825488 -0.011653
55.938 14 NAVIGATION 15 1 -81.125 -48.5 2029.792725 94.517281 45 24 24 0 0 0
55.954 14 FBW_STATUS 2 0 1 12.5 0.497498
55.955 14 GPS 3 36020138 481354486 2240 210234 1352 -10 0 17305960 31 0
55.956 14 SVINFO 2 9 0 2 41 47 139
56.056 14 GPS_SOL 574 574 574 7
56.154 14 WP_MOVED 1 360284. 4813595. 260. 31
56.188 14 NAVIGATION 15 1 -83.375 -50.5 2026.789673 97.476357 45 24 24 0 0 0
56.204 14 GPS 3 36019876 481354215 2240 210276 1347 -10 0 17306239 31 0
56.205 14 SVINFO 3 10 1 3 40 84 189
56.255 14 ESTIMATOR 210.124985 -0.1
56.355 14 ATTITUDE 0.0023 3.824693 -0.011653
56.438 14 NAVIGATION 15 1 -86. -53.5 2022.809448 101.28302 45 24 24 0 0 0
56.454 14 GPS 3 36019652 481353983 2240 210311 1344 -12 0 17306480 31 0
56.455 14 SVINFO 4 11 1 4 39 84 239
56.656 14 IR_SENSORS 0 0 20 -16 264
56.657 14 ENERGY 34 12.5 0.480154 6.00192 0.051325 0.641535
56.657 14 WP_MOVED 2 360333.5 4813695. 260. 31
56.688 14 NAVIGATION 15 1 -88.21875 -55.5 2019.828369 104.224747 45 24 24 0 0 0
56.704 14 GPS 3 36019428 481353752 2240 210343 1340 -19 0 17306720 31 0
56.705 14 SVINFO 5 12 1 5 38 47 289
56.756 14 DESIRED 0.002754 -0.018612 0. -1500. -1500. 200. -0.304627 13.
56.756 14 NAVIGATION 15 1 -90.46875 -58. 2019.828369 104.224747 45 24 24 0 0 0
56.757 14 ESTIMATOR 210.180435 -0.19
56.855 14 AIRSPEED 13.8 0. 0. 0.
56.855 14 ATTITUDE 0.0023 3.824198 -0.011653
56.938 14 NAVIGATION 15 1 -90.46875 -58. 2016.467773 107.464386 46 25 25 0 0 0
56.956 14 GPS 3 36019205 481353521 2240 210371 1337 -15 0 17306960 31 0
56.957 14 SVINFO 6 13 0 6 37 8 340
57.039 14 COMMANDS 3288,5,-91,0
57.136 14 FBW_STATUS 2 0 1 12.5 0.471622
57.155 14 CALIBRATION -117.046013 2
57.155 14 DL_VALUE 46 0.
57.155 14 WP_MOVED 3 360294.09375 4813785. 260. 31
57.187 14 NAVIGATION 15 1 -92.71875 -60. 2013.464844 110.438972 46 25 25 0 0 0
57.204 14 GPS 3 36018945 481353253 2240 210396 1333 -4 0 17307239 31 0
57.255 14 COMMANDS 3256,3,-95,0
57.255 14 ESTIMATOR 210.218124 -0.04
57.355 14 STATE_FILTER_STATUS 2 3 300
57.355 14 ATTITUDE 0.0023 3.82398 -0.011653
57.437 14 NAVIGATION 15 1 -95.3125 -63. 2009.506348 114.251793 46 25 25 0 0 0
57.455 14 GPS 3 36018723 481353023 2240 210411 1330 -9 0 17307480 31 0
57.554 14 PPRZ_MODE 2 3 2 0 0 6
57.655 14 ALIVE 179,209,69,119,115,11,176,21,181,244,80,210,55,176,198,136
57.655 14 WP_MOVED 4 360416.3125 4813734. 260. 31
57.688 14 NAVIGATION 15 1 -97.5 -65.5 2006.189575 117.458504 46 25 25 0 0 0
57.704 14 GPS 3 36018501 481352794 2240 210420 1328 -8 0 17307720 31 0
57.755 14 ENERGY 33 12.5 0.454663 5.683291 0.052185 0.652279
57.755 14 NAVIGATION 15 1 -99.75 -67.5 2006.189575 117.458504 46 25 25 0 0 0
57.756 14 ESTIMATOR 210.284576 -0.08
57.805 14 DESIRED 0.002593 -0.021257 0. -1500. -1500. 200. -0.307808 13.
57.854 14 IR_SENSORS 0 0 19 -16 264
57.854 14 AIRSPEED 13.8 0. 0. 0.
57.854 14 ATTITUDE 0.0023 3.824139 -0.015421
57.937 14 NAVIGATION 15 1 -99.75 -67.5 2003.186523 120.442154 47 26 26 0 0 0
57.954 14 FBW_STATUS 2 0 1 12.5 0.450445
57.954 14 GPS 3 36018279 481352566 2241 210422 1326 4 0 17307960 31 0
58.057 14 GPS_SOL 559 559 559 7
58.154 14 WP_MOVED 5 360421. 4813583.5 260. 31
58.188 14 NAVIGATION 15 1 -101.9375 -69.5 2000.227295 123.375458 47 26 26 0 0 0
58.204 14 GPS 3 36018021 481352300 2241 210415 1323 2 0 17308240 31 0
58.205 14 SVINFO 4 11 1 4 38 82 240
58.255 14 ESTIMATOR 210.340714 0.02
58.356 14 ATTITUDE 0.006075 3.82473 -0.01919
58.438 14 NAVIGATION 15 1 -104.5625 -72.5 1996.246948 127.238228 47 26 26 0 0 0
58.454 14 GPS 3 36017800 481352072 2241 210402 1321 -1 0 17308480 31 0
58.454 14 SVINFO 5 12 1 5 37 44 290
58.567 14 WIND_INFO 14 5 -0.9 0.6 0. 13.7
58.568 14 DATALINK_REPORT 10 9 1761 546 0 0
58.653 14 DL_VALUE 47 7500.
58.654 14 WP_MOVED 6 360164.8125 4813664.5 260. 31
58.688 14 NAVIGATION 15 1 -106.75 -75. 1992.930176 130.462875 47 26 26 0 0 0
58.704 14 GPS 3 36017580 481351845 2241 210382 1319 10 0 17308720 31 0
58.704 14 SVINFO 6 13 0 6 36 6 341
58.755 14 NAVIGATION 15 1 -108.9375 -77. 1992.930176 130.462875 47 26 26 0 0 0
58.756 14 ESTIMATOR 210.363937 0.1
58.855 14 ENERGY 30 12.5 0.418396 5.229953 0.052987 0.6623
58.855 14 DESIRED 0.001747 -0.023746 0. -1500. -1500. 200. -0.310805 13.
58.856 14 AIRSPEED 13.7 0. 0. 0.
58.856 14 ATTITUDE 0.0023 3.831167 -0.01919
58.938 14 NAVIGATION 15 1 -108.9375 -77. 1989.970825 133.403076 48 27 27 0 0 0
58.955 14 GPS 3 36017359 481351618 2242 210356 1317 1 0 17308960 31 0
58.956 14 SVINFO 0 7 0 0 42 1 41
59.063 14 NAVIGATION_REF 360284 4813595 31 185.
59.063 14 IR_SENSORS 0 0 17 -16 264
59.138 14 FBW_STATUS 2 0 1 12.5 0.410637
59.155 14 WP_MOVED 7 360558.40625 4813804.5 260. 31
59.187 14 NAVIGATION 15 1 -111.15625 -79.5 1986.63208 136.660019 48 27 27 0 0 0
59.204 14 GPS 3 36017102 481351355 2242 210316 1314 -17 0 17309240 31 0
59.205 14 SVINFO 1 8 0 1 41 12 91
59.254 14 CALIBRATION -81.003204 2
59.254 14 ESTIMATOR 210.365753 -0.17
59.354 14 ATTITUDE 0.0023 3.831649 -0.022961
59.438 14 NAVIGATION 15 1 -113.71875 -82. 1983.053101 140.199692 48 27 27 0 0 0
59.455 14 GPS 3 36016883 481351129 2242 210276 1312 -21 0 17309480 31 0
59.455 14 SVINFO 2 9 1 2 40 53 141
59.654 14 WP_MOVED 8 358784. 4812095. 200. 31
59.687 14 NAVIGATION 15 1 -115.90625 -84. 1980.09375 143.14418 48 27 27 0 0 0
59.705 14 GPS 3 36016663 481350904 2242 210230 1311 -28 0 17309720 31 0
59.706 14 SVINFO 3 10 1 3 39 86 191
59.755 14 NAVIGATION 15 1 -118.125 -86.5 1980.09375 143.14418 48 27 27 0 0 0
59.756 14 ESTIMATOR 210.251251 -0.28
59.854 14 AIRSPEED 13.7 0. 0. 0.
59.855 14 ATTITUDE 0.0023 3.831889 -0.022961
59.905 14 DESIRED 0.000836 -0.022524 0. -1500. -1500. 200. -0.309333 13.
59.938 14 NAVIGATION 15 1 -118.125 -86.5 1976.755127 146.409576 49 28 28 0 0 0
59.954 14 FBW_STATUS 2 0 1 12.5 0.409261
59.954 14 ENERGY 30 12.5 0.409261 5.115762 0.053739 0.6717
59.955 14 GPS 3 36016444 481350679 2242 210179 1310 -21 0 17309960 31 0
60.064 14 GPS_SOL 543 543 543 7
60.156 14 DL_VALUE 48 1500.
60.156 14 WP_MOVED 9 360312.8125 4813652. 185. 31
60.188 14 NAVIGATION 15 1 -120.3125 -88.5 1973.795776 149.356445 49 28 28 0 0 0
60.204 14 GPS 3 36016188 481350416 2242 210115 1309 -24 0 17310240 31 0
60.256 14 IR_SENSORS 0 0 17 -17 264
60.256 14 ESTIMATOR 210.124786 -0.24
60.354 14 ATTITUDE -0.001473 3.831796 -0.022961
60.439 14 NAVIGATION 15 1 -122.875 -91.5 1969.859253 153.200897 49 28 28 0 0 0
60.454 14 GPS 3 36015968 481350191 2242 210058 1310 -29 0 17310480 31 0
60.655 14 WP_MOVED 10 360452.8125 4813581. 260. 31
60.688 14 NAVIGATION 15 1 -125.0625 -93.5 1966.900024 156.150177 49 28 28 0 0 0
60.704 14 GPS 3 36015749 481349965 2242 210000 1310 -26 0 17310720 31 0
60.704 14 SVINFO 0 7 0 0 41 0 42
60.754 14 NAVIGATION 15 1 -127.28125 -96. 1966.900024 156.150177 49 28 28 0 0 0
60.755 14 ESTIMATOR 209.992981 -0.26
60.855 14 AIRSPEED 13.7 0. 0. 0.
60.855 14 ATTITUDE -0.001473 3.831341 -0.022961
60.938 14 NAVIGATION 15 1 -127.28125 -96. 1963.561279 159.425583 50 29 29 0 0 0
60.954 14 DESIRED 0.001204 -0.014836 0. -1500. -1500. 200. -0.299789 13.
60.955 14 GPS 3 36015529 481349740 2242 209942 1311 -21 0 17310960 31 0
60.955 14 SVINFO 1 8 1 1 40 14 92
61.063 14 ENERGY 30 12.5 0.416669 5.208367 0.054496 0.681166
61.137 14 FBW_STATUS 2 0 1 12.5 0.415979
61.156 14 WP_MOVED 11 360169.5 4813757.5 260. 31
61.188 14 NAVIGATION 15 1 -129.46875 -98. 1960.601929 162.376587 50 29 29 0 0 0
61.204 14 GPS 3 36015273 481349476 2241 209876 1311 -37 0 17311240 31 0
61.205 14 SVINFO 2 9 1 2 39 56 142
61.256 14 ESTIMATOR 209.878281 -0.37
61.354 14 CALIBRATION -73.985222 0
61.355 14 ATTITUDE -0.001473 3.830727 -0.022961
61.437 14 NAVIGATION 15 1 -132.03125 -101. 1956.665405 166.232513 50 29 29 0 0 0
61.454 14 IR_SENSORS 0 0 17 -17 264
61.455 14 GPS 3 36015054 481349251 2241 209822 1312 -42 0 17311480 31 0
61.455 14 SVINFO 3 10 1 3 38 87 192
61.654 14 DL_VALUE 49 1.
61.654 14 WP_MOVED 12 360287.59375 4813581. 260. 31
61.688 14 NAVIGATION 15 1 -134.1875 -103. 1953.727905 169.160538 50 29 29 0 0 0
61.704 14 GPS 3 36014834 481349025 2241 209771 1312 -43 0 17311720 31 0
61.705 14 SVINFO 4 11 1 4 37 79 242
61.756 14 NAVIGATION 15 1 -136.4375 -105.5 1953.727905 169.160538 50 29 29 0 0 0
61.756 14 ESTIMATOR 209.710876 -0.43
61.854 14 AIRSPEED 13.7 0. 0. 0.
61.855 14 ATTITUDE -0.001473 3.83008 -0.01919
61.938 14 NAVIGATION 15 1 -136.4375 -105.5 1950.367432 172.468674 51 30 30 0 0 0
61.954 14 FBW_STATUS 2 0 1 12.5 0.427054
61.954 14 GPS 3 36014615 481348798 2241 209724 1313 -42 0 17311960 31 0
61.955 14 SVINFO 5 12 0 5 36 38 292
62.004 14 DESIRED 0.002095 -0.014327 0. -1500. -1500. 200. -0.291326 13.
62.038 14 COMMANDS 3037,-1,58,0
62.064 14 GPS_SOL 528 528 528 7
62.155 14 ENERGY 31 12.5 0.429659 5.370738 0.05527 0.690844
62.155 14 WP_MOVED 13 360311.5 4813547. 260. 31
62.187 14 NAVIGATION 15 1 -138.59375 -107.5 1947.429932 175.398056 51 30 30 0 0 0
62.204 14 GPS 3 36014359 481348534 2241 209674 1314 -51 0 17312240 31 0
62.206 14 SVINFO 6 13 1 6 35 3 343
62.255 14 COMMANDS 3064,26,58,0
62.255 14 ESTIMATOR 209.564224 -0.51
62.356 14 STATE_FILTER_STATUS 2 3 299
62.356 14 ATTITUDE -0.001473 3.829624 -0.01919
62.438 14 NAVIGATION 15 1 -141.15625 -110. 1943.850952 178.955536 51 30 30 0 0 0
62.454 14 GPS 3 36014139 481348308 2241 209637 1314 -33 0 17312480 31 0
62.563 14 PPRZ_MODE 2 3 2 0 0 6
62.654 14 ALIVE 179,209,69,119,115,11,176,21,181,244,80,210,55,176,198,136
62.655 14 IR_SENSORS 0 0 19 -16 264
62.655 14 WP_MOVED 14 360300.6875 4813575.5 260. 31
62.688 14 NAVIGATION 15 1 -143.34375 -112.5 1940.534058 182.218765 51 30 30 0 0 0
62.704 14 GPS 3 36013920 481348081 2240 209604 1315 -35 0 17312720 31 0
62.755 14 NAVIGATION 15 1 -145.5625 -114.5 1940.534058 182.218765 51 30 30 0 0 0
62.755 14 ESTIMATOR 209.458862 -0.35
62.855 14 AIRSPEED 13.7 0. 0. 0.
62.855 14 ATTITUDE -0.001473 3.829251 -0.015421
62.937 14 NAVIGATION 15 1 -145.5625 -114.5 1937.552856 185.199066 51 31 31 0 0 0
62.956 14 GPS 3 36013663 481347816 2240 209571 1315 -49 0 17313000 31 0
63.067 14 DESIRED 0.002311 -0.013949 0. -1500. -1500. 200. -0.283766 13.
63.137 14 FBW_STATUS 2 0 1 12.5 0.443609
63.155 14 DL_VALUE 50 0.3
63.155 14 WP_MOVED 15 360297.6875 4813554.5 260. 31
63.187 14 NAVIGATION 15 1 -148.125 -117.5 1933.616333 189.069473 52 31 31 0 0 0
63.204 14 GPS 3 36013444 481347590 2240 209547 1315 -36 0 17313240 31 0
63.206 14 SVINFO 3 10 1 3 37 88 193
63.256 14 ENERGY 32 12.5 0.443434 5.542928 0.056072 0.700864
63.256 14 ESTIMATOR 209.36351 -0.36
63.354 14 ATTITUDE 0.0023 3.828821 -0.015421
63.438 14 NAVIGATION 15 1 -150.3125 -119.5 1930.656982 192.026291 52 31 31 0 0 0
63.456 14 CALIBRATION -89.041756 0
63.456 14 GPS 3 36013224 481347363 2240 209525 1315 -27 0 17313480 31 0
63.457 14 SVINFO 4 11 0 4 36 77 243
63.654 14 DATALINK_REPORT 5 10 1890 539 0 0
63.654 14 WP_MOVED 16 361184. 4813643. 260. 31
63.688 14 NAVIGATION 15 1 -152.5 -122. 1927.34021 195.295288 52 31 31 0 0 0
63.705 14 GPS 3 36013004 481347136 2240 209507 1316 -22 0 17313720 31 0
63.706 14 SVINFO 5 12 0 5 35 35 293
63.754 14 NAVIGATION 15 1 -154.71875 -124. 1927.34021 195.295288 52 31 31 0 0 0
63.755 14 ESTIMATOR 209.331329 -0.22
63.855 14 IR_SENSORS 0 0 20 -16 264
63.855 14 AIRSPEED 13.7 0. 0. 0.
63.855 14 ATTITUDE 0.0023 3.828648 -0.011653
63.938 14 NAVIGATION 15 1 -154.71875 -124. 1924.359009 198.277313 53 32 32 0 0 0
63.955 14 FBW_STATUS 2 0 1 12.5 0.44221
63.958 14 GPS 3 36012785 481346909 2240 209490 1315 -8 0 17313960 31 0
63.958 14 SVINFO 6 13 1 6 34 2 344
64.071 14 GPS_SOL 512 512 512 7
64.104 14 DESIRED 0.002626 -0.013757 0. -1500. -1500. 200. -0.27994 13.
64.154 14 WP_MOVED 17 361184. 4813643. 260. 31
64.188 14 NAVIGATION 15 1 -156.90625 -126.5 1921.042114 201.548553 53 32 32 0 0 0
64.205 14 GPS 3 36012529 481346644 2240 209473 1315 -7 0 17314240 31 0
64.207 14 SVINFO 0 7 0 0 40 0 44
64.254 14 ESTIMATOR 209.352783 -0.07
64.355 14 ENERGY 31 12.5 0.433137 5.414218 0.056881 0.710974
64.355 14 ATTITUDE 0.0023 3.828281 -0.011653
64.438 14 NAVIGATION 15 1 -159.46875 -129. 1917.463135 205.112854 53 32 32 0 0 0
64.456 14 GPS 3 36012310 481346417 2240 209458 1314 -3 0 17314480 31 0
64.458 14 SVINFO 1 8 1 1 39 19 94
64.654 14 AUTOPILOT_VERSION 51500 v5.15_devel-179-g9a29798-dirty
64.654 14 DL_VALUE 51 1.
64.654 14 WP_MOVED 18 360289. 4813605. 220. 31
64.688 14 NAVIGATION 15 1 -161.625 -131. 1914.525635 208.047211 53 32 32 0 0 0
64.707 14 GPS 3 36012091 481346191 2240 209442 1312 1 0 17314720 31 0
64.708 14 SVINFO 2 9 1 2 38 62 144
64.754 14 NAVIGATION 15 1 -163.84375 -133.5 1914.525635 208.047211 53 32 32 0 0 0
64.754 14 ESTIMATOR 209.380554 0.01
64.855 14 AIRSPEED 13.7 0. 0. 0.
64.855 14 ATTITUDE 0.0023 3.82794 -0.011653
64.938 14 NAVIGATION 15 1 -163.84375 -133.5 1911.187012 211.345749 54 33 33 0 0 0
64.957 14 GPS 3 36011872 481345964 2240 209425 1311 0 0 17314960 31 0
65.087 14 IR_SENSORS 0 0 20 -16 264
65.138 14 FBW_STATUS 2 0 1 12.5 0.41322
65.155 14 DESIRED 0.003252 -0.013831 0. -1500. -1500. 200. -0.281417 13.
65.155 14 WP_MOVED 19 360289. 4813610. 500. 31
65.191 14 NAVIGATION 15 1 -166.03125 -136. 1907.870117 214.621475 54 33 33 0 0 0
65.206 14 GPS 3 36011617 481345701 2240 209401 1308 -5 0 17315240 31 0
65.254 14 ESTIMATOR 209.395676 -0.05
65.356 14 ATTITUDE 0.0023 3.82777 -0.015421
65.438 14 NAVIGATION 15 1 -168.59375 -138.5 1904.29126 218.188232 54 33 33 0 0 0
65.455 14 ENERGY 30 12.5 0.40737 5.092131 0.05765 0.72059
65.455 14 GPS 3 36011399 481345475 2240 209378 1306 -5 0 17315480 31 0
65.592 14 CALIBRATION -64.172539 0
65.655 14 WP_MOVED 20 360289. 4813620. 300. 31
65.688 14 NAVIGATION 15 1 -170.75 -141. 1900.996216 221.442001 54 33 33 0 0 0
65.706 14 GPS 3 36011181 481345250 2240 209351 1304 -9 0 17315720 31 0
65.755 14 NAVIGATION 15 1 -172.9375 -143. 1900.996216 221.442001 54 33 33 0 0 0
65.755 14 ESTIMATOR 209.364639 -0.09
65.860 14 AIRSPEED 13.7 0. 0. 0.
65.862 14 ATTITUDE 0.0023 3.827919 -0.015421
65.938 14 NAVIGATION 15 1 -172.9375 -143. 1898.036865 224.402267 55 34 34 0 0 0
65.955 14 FBW_STATUS 2 0 1 12.5 0.398458
65.955 14 GPS 3 36010964 481345026 2240 209321 1302 -8 0 17315960 31 0
65.956 14 SVINFO 0 7 0 0 39 0 45
66.081 14 GPS_SOL 496 496 496 7
66.154 14 DL_VALUE 52 0.1
66.155 14 WP_MOVED 21 360289. 4813625. 400. 31
66.189 14 NAVIGATION 15 1 -175.125 -145.5 1894.720093 227.681824 55 34 34 0 0 0
66.206 14 DESIRED 0.002787 -0.013765 0. -1500. -1500. 200. -0.280101 13.
66.207 14 GPS 3 36010710 481344764 2241 209282 1300 -15 0 17316240 31 0
66.210 14 SVINFO 1 8 1 1 38 21 95
66.255 14 IR_SENSORS 0 0 19 -16 264
66.256 14 ESTIMATOR 209.307785 -0.15
66.355 14 ATTITUDE 0.0023 3.828614 -0.015421
66.438 14 NAVIGATION 15 1 -177.625 -148. 1891.184692 231.202591 55 34 34 0 0 0
66.457 14 GPS 3 36010493 481344541 2241 209246 1298 -27 0 17316480 31 0
66.459 14 SVINFO 2 9 1 2 37 65 145
66.577 14 ENERGY 29 12.5 0.393848 4.9231 0.05838 0.729716
66.655 14 WP_MOVED 22 360289. 4813645. 250. 31
66.688 14 NAVIGATION 15 1 -179.84375 -150. 1888.203491 234.187469 55 34 34 0 0 0
66.704 14 GPS 3 36010277 481344317 2241 209208 1297 -38 0 17316720 31 0
66.705 14 SVINFO 3 10 1 3 36 89 195
66.756 14 NAVIGATION 15 1 -182. -152.5 1888.203491 234.187469 55 34 34 0 0 0
66.756 14 ESTIMATOR 209.199478 -0.38
66.854 14 AIRSPEED 13.7 0. 0. 0.
66.854 14 ATTITUDE 0.0023 3.828687 -0.011653
66.937 14 NAVIGATION 15 1 -182. -152.5 1884.908569 237.445251 56 35 35 0 0 0
66.956 14 GPS 3 36010060 481344094 2241 209168 1296 -38 0 17316960 31 0
66.957 14 SVINFO 4 11 1 4 35 72 245
67.039 14 COMMANDS 2866,-2,-22,0
67.138 14 FBW_STATUS 2 0 1 12.5 0.399827
67.155 14 WP_MOVED 0 360326. 4813637. 260. 31
67.189 14 NAVIGATION 15 1 -184.15625 -154.5 1881.971069 240.382553 56 35 35 0 0 0
67.205 14 GPS 3 36009807 481343833 2241 209120 1295 -43 0 17317240 31 0
67.205 14 SVINFO 5 12 1 5 34 29 295
67.255 14 COMMANDS 2886,0,-21,0
67.255 14 DESIRED 0.002179 -0.013442 0. -1500. -1500. 200. -0.273624 13.
67.255 14 ESTIMATOR 209.050003 -0.43
67.356 14 STATE_FILTER_STATUS 2 3 300
67.356 14 ATTITUDE 0.0023 3.828266 -0.011653
67.438 14 NAVIGATION 15 1 -186.65625 -157. 1878.435669 243.9048 56 35 35 0 0 0
67.454 14 IR_SENSORS 0 0 20 -16 264
67.454 14 GPS 3 36009591 481343610 2241 209079 1296 -49 0 17317480 31 0
67.454 14 SVINFO 6 13 1 6 33 0 346
67.578 14 PPRZ_MODE 2 3 2 0 0 6
67.654 14 ALIVE 179,209,69,119,115,11,176,21,181,244,80,210,55,176,198,136
67.654 14 CALIBRATION -63.017143 0
67.654 14 DL_VALUE 53 -0.062832
67.654 14 ENERGY 30 12.5 0.409777 5.122211 0.059114 0.738889
67.654 14 WP_MOVED 1 360284. 4813595. 260. 31
67.688 14 NAVIGATION 15 1 -188.84375 -159.5 1875.118896 247.188614 56 35 35 0 0 0
67.705 14 GPS 3 36009374 481343386 2241 209037 1296 -54 0 17317720 31 0
67.756 14 NAVIGATION 15 1 -191. -161.5 1875.118896 247.188614 56 35 35 0 0 0
67.756 14 ESTIMATOR 208.90184 -0.54
67.854 14 AIRSPEED 13.7 0. 0. 0.
67.855 14 ATTITUDE 0.0023 3.828155 -0.015421
67.937 14 NAVIGATION 15 1 -191. -161.5 1872.181396 250.126465 57 36 36 0 0 0
67.956 14 FBW_STATUS 2 0 1 12.5 0.418224
67.956 14 GPS 3 36009158 481343163 2240 208995 1297 -51 0 17317960 31 0
68.065 14 NAVIGATION_REF 360284 4813595 31 185.
68.066 14 GPS_SOL 480 480 480 7
68.154 14 WP_MOVED 2 360333.5 4813695. 260. 31
68.188 14 NAVIGATION 15 1 -193.15625 -164. 1868.886475 253.387726 57 36 36 0 0 0
68.204 14 GPS 3 36008904 481342901 2240 208947 1299 -53 0 17318240 31 0
68.204 14 SVINFO 2 9 1 2 36 68 146
68.255 14 ESTIMATOR 208.761963 -0.53
68.304 14 DESIRED 0.002524 -0.012999 0. -1500. -1500. 200. -0.264764 13.
68.355 14 ATTITUDE 0.0023 3.828086 -0.011653
68.437 14 NAVIGATION 15 1 -195.71875 -166.5 1865.307495 256.95929 57 36 36 0 0 0
68.455 14 GPS 3 36008687 481342677 2240 208909 1301 -55 0 17318480 31 0
68.456 14 SVINFO 3 10 0 3 35 89 196
68.538 14 WIND_INFO 14 5 -0.9 0.6 0. 13.7
68.655 14 IR_SENSORS 0 0 20 -16 264
68.655 14 WP_MOVED 3 360294.09375 4813785. 260. 31
68.687 14 NAVIGATION 15 1 -197.875 -168.5 1862.369873 259.897614 57 36 36 0 0 0
68.704 14 GPS 3 36008469 481342452 2240 208873 1303 -30 0 17318720 31 0
68.705 14 SVINFO 4 11 1 4 34 69 246
68.755 14 DATALINK_REPORT 0 11 2023 561 0 0
68.756 14 ENERGY 32 12.5 0.434705 5.43381 0.059892 0.74861
68.756 14 NAVIGATION 15 1 -200.0625 -171. 1862.369873 259.897614 57 36 36 0 0 0
68.757 14 ESTIMATOR 208.64325 -0.3
68.855 14 AIRSPEED 13.7 0. 0. 0.
68.855 14 ATTITUDE 0.0023 3.828121 -0.015421
68.938 14 NAVIGATION 15 1 -200.0625 -171. 1859.053101 263.184357 58 37 37 0 0 0
68.957 14 GPS 3 36008251 481342227 2240 208839 1305 -31 0 17318960 31 0
69.137 14 FBW_STATUS 2 0 1 12.5 0.436796
69.155 14 DL_VALUE 54 0.087266
69.156 14 WP_MOVED 4 360416.3125 4813734. 260. 31
69.187 14 NAVIGATION 15 1 -202.21875 -173. 1856.115601 266.122955 58 37 37 0 0 0
69.204 14 GPS 3 36007997 481341964 2240 208802 1307 -18 0 17319240 31 0
69.254 14 ESTIMATOR 208.622437 -0.18
69.355 14 DESIRED 0.00274 -0.012717 0. -1500. -1500. 200. -0.259135 13.
69.357 14 ATTITUDE 0.0023 3.828164 -0.011653
69.439 14 NAVIGATION 15 1 -204.78125 -176. 1852.179077 270.021027 58 37 37 0 0 0
69.457 14 GPS 3 36007778 481341738 2240 208774 1308 -24 0 17319480 31 0
69.458 14 SVINFO 0 7 0 0 38 0 47
69.655 14 WP_MOVED 5 360421. 4813583.5 260. 31
69.687 14 NAVIGATION 15 1 -207. -178. 1849.197876 273.007324 58 37 37 0 0 0
69.705 14 GPS 3 36007560 481341512 2240 208747 1309 -36 0 17319720 31 0
69.705 14 SVINFO 1 8 1 1 37 27 97
69.755 14 CALIBRATION -79.60923 0
69.756 14 NAVIGATION 15 1 -209.15625 -180.5 1849.197876 273.007324 58 37 37 0 0 0
69.757 14 ESTIMATOR 208.613953 -0.36
69.854 14 IR_SENSORS 0 0 20 -16 264
69.855 14 ENERGY 32 12.5 0.436971 5.462135 0.06069 0.758586
69.855 14 AIRSPEED 13.7 0. 0. 0.
69.855 14 ATTITUDE 0.0023 3.828248 -0.011653
69.938 14 NAVIGATION 15 1 -209.15625 -180.5 1845.903076 276.272675 59 38 38 0 0 0
69.956 14 FBW_STATUS 2 0 1 12.5 0.438017
69.956 14 GPS 3 36007341 481341286 2240 208721 1309 -31 0 17319960 31 0
70.091 14 GPS_SOL 464 464 464 7
70.154 14 WP_MOVED 6 360164.8125 4813664.5 260. 31
70.187 14 NAVIGATION 15 1 -211.34375 -182.5 1842.943604 279.235443 59 38 38 0 0 0
70.204 14 GPS 3 36007086 481341023 2240 208692 1310 -44 0 17320240 31 0
70.255 14 ESTIMATOR 208.54718 -0.44
70.355 14 ATTITUDE 0.0023 3.828546 -0.015421
70.404 14 DESIRED 0.002764 -0.012622 0. -1500. -1500. 200. -0.257238 13.
70.438 14 NAVIGATION 15 1 -213.875 -185.5 1839.029053 283.11264 59 38 38 0 0 0
70.454 14 GPS 3 36006867 481340797 2240 208669 1311 -24 0 17320480 31 0
70.654 14 DL_VALUE 55 1.
70.654 14 WP_MOVED 7 360558.40625 4813804.5 260. 31
70.688 14 NAVIGATION 15 1 -216.0625 -187.5 1836.069702 286.075592 59 38 38 0 0 0
70.704 14 GPS 3 36006648 481340571 2240 208646 1312 -33 0 17320720 31 0
70.705 14 SVINFO 5 12 1 5 33 23 297
70.757 14 NAVIGATION 15 1 -218.28125 -189.5 1836.069702 286.075592 59 38 38 0 0 0
70.757 14 ESTIMATOR 208.490524 -0.33
70.855 14 AIRSPEED 13.7 0. 0. 0.
70.855 14 ATTITUDE 0.0023 3.829139 -0.011653
70.938 14 NAVIGATION 15 1 -218.28125 -189.5 1833.088501 289.062195 60 39 39 0 0 0
70.954 14 ENERGY 32 12.5 0.444834 5.560431 0.061499 0.768696
70.954 14 GPS 3 36006429 481340344 2241 208625 1312 -31 0 17320960 31 0
70.955 14 SVINFO 6 13 1 6 32 0 348
71.055 14 IR_SENSORS 0 0 20 -16 264
71.137 14 FBW_STATUS 2 0 1 12.5 0.445535
71.154 14 WP_MOVED 8 358784. 4812095. 200. 31
71.188 14 NAVIGATION 15 1 -220.46875 -192. 1829.771606 292.353333 60 39 39 0 0 0
71.204 14 GPS 3 36006172 481340080 2241 208601 1313 -6 0 17321240 31 0
71.205 14 SVINFO 0 7 0 0 37 1 48
71.253 14 ESTIMATOR 208.441452 -0.06
71.355 14 ATTITUDE 0.0023 3.830157 -0.011653
71.437 14 NAVIGATION 15 1 -223.03125 -194.5 1826.192627 295.927673 60 39 39 0 0 0
71.454 14 DESIRED 0.002182 -0.012423 0. -1500. -1500. 200. -0.253244 13.
71.455 14 GPS 3 36005953 481339854 2241 208582 1313 -15 0 17321480 31 0
71.455 14 SVINFO 1 8 1 1 36 30 98
