2.051 26 NAVIGATION 2 1 0. 0. 0. 0. 0 6 6 1 0 0
2.069 26 ESTIMATOR 185. 0.
2.070 26 DESIRED 0. 0. 0. 0. 0. 235. 0. 14.
2.070 26 ATTITUDE 0. 0. 0.
2.168 26 GPS 3 36028477 481359546 899 185000 0 20 0 100478960 31 0
2.168 26 ATTITUDE 0. 0. 0.
2.251 26 FBW_STATUS 2 0 1 12.5 -4e-06
2.268 26 DL_VALUE 10 0.
2.268 26 DESIRED 0. 0. 0. 0. 0. 235. 0. 14.
2.268 26 ATTITUDE 0. 0. 0.
2.301 26 NAVIGATION 2 1 0. 0. 0. 0. 0 6 6 1 0 0
2.368 26 ATTITUDE 0. 0. 0.
2.418 26 GPS 3 36028477 481359546 899 185000 0 32 0 100479240 31 0
2.468 26 WP_MOVED 9 360312.8125 4813652. 185. 31
2.468 26 DESIRED 0. 0. 0. 0. 0. 235. 0. 14.
2.469 26 ATTITUDE 0. 0. 0.
2.553 26 NAVIGATION 2 1 0. 0. 0. 0. 0 6 6 1 0 0
2.568 26 ESTIMATOR 185. 0.
2.570 26 ATTITUDE 0. 0. 0.
2.668 26 GPS 3 36028477 481359546 899 185000 0 33 0 100479480 31 0
2.668 26 SVINFO 3 10 1 3 48 5 159
2.669 26 DESIRED 0. 0. 0. 0. 0. 235. 0. 14.
2.670 26 ATTITUDE 0. 0. 0.
2.768 26 NAVIGATION 2 1 0. 0. 0. 0. 0 6 6 1 0 0
2.770 26 ATTITUDE 0. 0. 0.
2.801 26 NAVIGATION 2 1 0. 0. 0. 0. 0 6 6 1 0 0
2.868 26 AIRSPEED 0. 14. 0. 6.
2.869 26 DESIRED 0. 0. 0. 0. 0. 235. 0. 14.
2.869 26 ATTITUDE 0. 0. 0.
2.918 26 GPS 3 36028477 481359546 899 185000 0 34 0 100479720 31 0
2.968 26 AIR_DATA 99126.804688 0. -1000. 1013.25 0. -1. -1.
2.968 26 ENERGY 0 12.5 -4e-06 -4.8e-05 -0. -1e-06
2.969 26 WP_MOVED 10 360452.8125 4813581. 260. 31
2.969 26 ATTITUDE 0. 0. 0.
3.053 26 NAVIGATION 2 1 0. 0. 0. 0. 0 7 7 1 0 0
3.070 26 FBW_STATUS 2 0 1 12.5 -4e-06
3.070 26 ESTIMATOR 185. 0.
3.070 26 DESIRED 0. 0. 0. 0. 0. 235. 0. 14.
3.071 26 ATTITUDE 0. 0. 0.
3.168 26 GPS_SOL 625 625 625 7
3.168 26 GPS 3 36028477 481359546 899 185000 0 21 0 100479960 31 0
3.169 26 SVINFO 5 12 0 5 49 82 259
3.169 26 ATTITUDE 0. 0. 0.
3.268 26 DESIRED 0. 0. 0. 0. 0. 235. 0. 14.
3.268 26 ATTITUDE 0. 0. 0.
3.301 26 NAVIGATION 2 1 0. 0. 0. 0. 0 7 7 1 0 0
3.368 26 ATTITUDE 0. 0. 0.
3.418 26 GPS 3 36028477 481359546 899 185000 0 26 0 100480240 31 0
3.468 26 WP_MOVED 11 360169.5 4813757.5 260. 31
3.468 26 DESIRED 0. 0. 0. 0. 0. 235. 0. 14.
3.468 26 ATTITUDE 0. 0. 0.
3.551 26 NAVIGATION 2 1 0. 0. 0. 0. 0 7 7 1 0 0
3.567 26 ESTIMATOR 185. 0.
3.568 26 ATTITUDE 0. 0. 0.
3.668 26 GPS 3 36028477 481359546 899 185000 0 18 0 100480480 31 0
3.668 26 SVINFO 0 7 0 0 46 79 10
3.669 26 DESIRED 0. 0. 0. 0. 0. 235. 0. 14.
3.669 26 ATTITUDE 0. 0. 0.
3.769 26 CALIBRATION 0. 0
3.769 26 DL_VALUE 11 1.
3.769 26 NAVIGATION 2 1 0. 0. 0. 0. 0 7 7 1 0 0
3.770 26 ATTITUDE 0. 0. 0.
3.801 26 NAVIGATION 2 1 0. 0. 0. 0. 0 7 7 1 0 0
3.868 26 AIRSPEED 0. 14. 0. 6.
3.868 26 DESIRED 0. 0. 0. 0. 0. 235. 0. 14.
3.868 26 ATTITUDE 0. 0. 0.
3.918 26 GPS 3 36028477 481359546 899 185000 0 6 0 100480720 31 0
3.919 26 SVINFO 1 8 1 1 47 38 60
3.968 26 WP_MOVED 0 360326. 4813637. 260. 31
3.968 26 ATTITUDE 0. 0. 0.
4.056 26 NAVIGATION 2 1 0. 0. 0. 0. 0 8 8 1 0 0
4.068 26 ENERGY 0 12.5 -4e-06 -4.8e-05 -0. -1e-06
4.068 26 ESTIMATOR 185. 0.
4.068 26 DESIRED 0. 0. 0. 0. 0. 235. 0. 14.
4.069 26 ATTITUDE 0. 0. 0.
4.167 26 NAVIGATION_REF 360284 4813595 31 185.
4.168 26 GPS 3 36028477 481359546 899 185000 0 0 0 100480960 31 0
4.168 26 ATTITUDE 0. 0. 0.
4.251 26 FBW_STATUS 2 0 1 12.5 -4e-06
4.268 26 AIR_DATA 99126.804688 0. -1000. 1013.25 0. -1. -1.
4.268 26 DESIRED 0. 0. 0. 0. 0. 235. 0. 14.
4.268 26 ATTITUDE 0. 0. 0.
4.301 26 NAVIGATION 2 1 0. 0. 0. 0. 0 8 8 1 0 0
4.368 26 ATTITUDE 0. 0. 0.
4.418 26 GPS 3 36028477 481359546 899 185000 0 13 0 100481240 31 0
4.469 26 WP_MOVED 1 360284. 4813595. 260. 31
4.469 26 DESIRED 0. 0. 0. 0. 0. 235. 0. 14.
4.469 26 ATTITUDE 0. 0. 0.
4.557 26 NAVIGATION 2 1 0. 0. 0. 0. 0 8 8 1 0 0
4.568 26 ESTIMATOR 185. 0.
4.568 26 ATTITUDE 0. 0. 0.
4.667 26 GPS 3 36028477 481359546 899 185000 0 -2 0 100481480 31 0
4.667 26 SVINFO 4 11 1 4 49 46 210
4.667 26 DESIRED 0. 0. 0. 0. 0. 235. 0. 14.
4.667 26 ATTITUDE 0. 0. 0.
4.768 26 NAVIGATION 2 1 0. 0. 0. 0. 0 8 8 1 0 0
4.769 26 ATTITUDE 0. 0. 0.
4.801 26 NAVIGATION 2 1 0. 0. 0. 0. 0 8 8 1 0 0
4.868 26 AIRSPEED 0. 14. 0. 6.
4.868 26 DESIRED 0. 0. 0. 0. 0. 235. 0. 14.
4.868 26 ATTITUDE 0. 0. 0.
4.918 26 GPS 3 36028477 481359546 899 185000 0 -16 0 100481720 31 0
4.967 26 WP_MOVED 2 360333.5 4813695. 260. 31
4.968 26 ATTITUDE 0. 0. 0.
5.051 26 NAVIGATION 2 1 0. 0. 0. 0. 0 9 9 1 0 0
5.069 26 FBW_STATUS 2 0 1 12.5 -4e-06
5.069 26 ESTIMATOR 185. 0.
5.070 26 DESIRED 0. 0. 0. 0. 0. 235. 0. 14.
5.070 26 ATTITUDE 0. 0. 0.
5.168 26 GPS_SOL 637 637 637 7
5.168 26 ENERGY 0 12.5 -4e-06 -4.8e-05 -0. -2e-06
5.168 26 GPS 3 36028477 481359546 899 185000 0 -3 0 100481960 31 0
5.169 26 ATTITUDE 0. 0. 0.
5.268 26 DL_VALUE 12 0.
5.270 26 DESIRED 0. 0. 0. 0. 0. 235. 0. 14.
5.270 26 ATTITUDE 0. 0. 0.
5.301 26 NAVIGATION 2 1 0. 0. 0. 0. 0 9 9 1 0 0
5.368 26 ATTITUDE 0. 0. 0.
5.418 26 GPS 3 36028477 481359546 899 185000 0 2 0 100482240 31 0
5.469 26 WP_MOVED 3 360294.09375 4813785. 260. 31
5.469 26 DESIRED 0. 0. 0. 0. 0. 235. 0. 14.
5.470 26 ATTITUDE 0. 0. 0.
5.551 26 NAVIGATION 2 1 0. 0. 0. 0. 0 9 9 1 0 0
5.570 26 AIR_DATA 99126.804688 0. -1000. 1013.25 0. -1. -1.
5.570 26 ESTIMATOR 185. 0.
5.570 26 ATTITUDE 0. 0. 0.
5.668 26 GPS 3 36028477 481359546 899 185000 0 -9 0 100482480 31 0
5.668 26 DESIRED 0. 0. 0. 0. 0. 235. 0. 14.
5.669 26 ATTITUDE 0. 0. 0.
5.768 26 NAVIGATION 2 1 0. 0. 0. 0. 0 9 9 1 0 0
5.768 26 ATTITUDE 0. 0. 0.
5.801 26 NAVIGATION 2 1 0. 0. 0. 0. 0 9 9 1 0 0
5.868 26 CALIBRATION 0. 0
5.869 26 AIRSPEED 0. 14. 0. 6.
5.869 26 DESIRED 0. 0. 0. 0. 0. 235. 0. 14.
5.869 26 ATTITUDE 0. 0. 0.
5.918 26 GPS 3 36028477 481359546 899 185000 0 13 0 100482720 31 0
5.918 26 SVINFO 2 9 1 2 48 2 111
5.967 26 WP_MOVED 4 360416.3125 4813734. 260. 31
5.968 26 ATTITUDE 0. 0. 0.
6.051 26 NAVIGATION 2 1 0. 0. 0. 0. 0 10 10 1 0 0
6.070 26 ESTIMATOR 185. 0.
6.070 26 DESIRED 0. 0. 0. 0. 0. 235. 0. 14.
6.070 26 ATTITUDE 0. 0. 0.
6.151 26 COMMANDS 0,0,0,0,0
6.167 26 GPS 3 36028477 481359546 899 185000 0 10 0 100482960 31 0
6.167 26 ATTITUDE 0. 0. 0.
6.252 26 FBW_STATUS 2 0 1 12.5 -4e-06
6.267 26 PPRZ_MODE 2 1 2 0 0 6
6.268 26 ENERGY 0 12.5 -4e-06 -4.8e-05 -0. -2e-06
6.269 26 DESIRED 0. 0. 0. 0. 0. 235. 0. 14.
6.269 26 ATTITUDE 0. 0. 0.
6.302 26 NAVIGATION 2 1 0. 0. 0. 0. 0 10 10 1 0 0
6.369 26 ATTITUDE 0. 0. 0.
6.418 26 GPS 3 36028477 481359546 899 185000 0 24 0 100483240 31 0
6.467 26 COMMANDS 0,0,0,0,0
6.467 26 WP_MOVED 5 360421. 4813583.5 260. 31
6.467 26 DESIRED 0. 0. 0. 0. 0. 235. 0. 14.
6.468 26 ATTITUDE 0. 0. 0.
6.551 26 NAVIGATION 2 1 0. 0. 0. 0. 0 10 10 1 0 0
6.570 26 ESTIMATOR 185. 0.
6.571 26 ATTITUDE 0. 0. 0.
6.667 26 DATALINK_REPORT 9 1 754 803 0 0
6.668 26 GPS 3 36028477 481359546 899 185000 0 34 0 100483480 31 0
6.668 26 DESIRED 0. 0. 0. 0. 0. 235. 0. 14.
6.668 26 ATTITUDE 0. 0. 0.
6.768 26 ALIVE 128,247,33,237,150,226,125,96,211,120,85,14,103,22,52,69
6.769 26 DL_VALUE 13 0.
6.769 26 NAVIGATION 2 1 0. 0. 0. 0. 0 10 10 1 0 0
6.769 26 ATTITUDE 0. 0. 0.
6.801 26 NAVIGATION 2 1 0. 0. 0. 0. 0 10 10 1 0 0
6.869 26 AIR_DATA 99126.804688 0. -1000. 1013.25 0. -1. -1.
6.869 26 AIRSPEED 0. 14. 0. 6.
6.869 26 DESIRED 0. 0. 0. 0. 0. 235. 0. 14.
6.869 26 ATTITUDE 0. 0. 0.
6.918 26 GPS 3 36028477 481359546 899 185000 0 18 0 100483720 31 0
6.968 26 WP_MOVED 6 360164.8125 4813664.5 260. 31
6.968 26 ATTITUDE 0. 0. 0.
7.052 26 NAVIGATION 2 1 0. 0. 0. 0. 0 11 11 1 0 0
7.079 26 FBW_STATUS 2 0 1 12.5 -4e-06
7.080 26 ESTIMATOR 185. 0.
7.080 26 DESIRED 0. 0. 0. 0. 0. 235. 0. 14.
7.083 26 ATTITUDE 0. 0. 0.
7.168 26 GPS_SOL 648 648 648 7
7.168 26 GPS 3 36028477 481359546 899 185000 0 21 0 100483960 31 0
7.169 26 SVINFO 0 7 0 0 47 75 12
7.169 26 ATTITUDE 0. 0. 0.
7.211 26 WIND_INFO 26 5 0. 0. 0. 0.
7.211 26 WIND_INFO_RET 5 0. 0. 0. 0.
7.272 26 DESIRED 0. 0. 0. 0. 0. 235. 0. 14.
7.273 26 ATTITUDE 0. 0. 0.
7.293 26 SETTING 10 26 1.
7.295 26 DL_VALUE 10 1.
7.300 26 NAVIGATION 2 1 0. 0. 0. 0. 0 11 11 1 0 0
7.368 26 ENERGY 0 12.5 -4e-06 -4.8e-05 -0. -2e-06
7.369 26 ATTITUDE 0. 0. 0.
7.417 26 GPS 3 36028477 481359546 899 185000 0 17 0 100484240 31 0
7.417 26 SVINFO 1 8 0 1 48 32 62
7.469 26 WP_MOVED 7 360558.40625 4813804.5 260. 31
7.470 26 DESIRED 0. 0. 0. 0. 0. 235. 0. 14.
7.471 26 ATTITUDE 0. 0. 0.
7.551 26 NAVIGATION 2 1 0. 0. 0. 0. 0 11 11 1 0 0
7.568 26 ESTIMATOR 185. 0.
7.569 26 ATTITUDE 0. 0. 0.
7.668 26 GPS 3 36028477 481359546 899 185000 0 15 0 100484480 31 0
7.669 26 DESIRED 0. 0. 0. 0. 0. 235. 0. 14.
7.669 26 ATTITUDE 0. 0. 0.
7.768 26 NAVIGATION 2 1 0. 0. 0. 0. 0 11 11 1 0 0
7.768 26 ATTITUDE 0. 0. 0.
7.800 26 NAVIGATION 2 1 0. 0. 0. 0. 0 11 11 1 0 0
7.868 26 AIRSPEED 0. 14. 0. 6.
7.868 26 DESIRED 0. 0. 0. 0. 0. 235. 0. 14.
7.868 26 ATTITUDE 0. 0. 0.
7.918 26 GPS 3 36028477 481359546 899 185000 0 16 0 100484720 31 0
7.919 26 SVINFO 3 10 0 3 49 11 162
7.968 26 CALIBRATION 0. 0
7.968 26 WP_MOVED 8 360461.40625 4813640. 215. 31
7.968 26 ATTITUDE 0. 0. 0.
8.051 26 NAVIGATION 2 1 0. 0. 0. 0. 0 12 12 1 0 0
8.077 26 ESTIMATOR 185. 0.
8.078 26 DESIRED 0. 0. 0. 0. 0. 235. 0. 14.
8.080 26 ATTITUDE 0. 0. 0.
8.167 26 AIR_DATA 99126.804688 0. -1000. 1013.25 0. -1. -1.
8.167 26 GPS 3 36028477 481359546 899 185000 0 -2 0 100484960 31 0
8.167 26 ATTITUDE 0. 0. 0.
8.252 26 FBW_STATUS 2 0 1 12.5 -4e-06
8.266 26 AUTOPILOT_VERSION 51500 v5.15_devel-179-g9a29798-dirty
8.267 26 DL_VALUE 14 3.
8.267 26 DESIRED 0. 0. 0. 0. 0. 235. 0. 14.
8.267 26 ATTITUDE 0. 0. 0.
8.301 26 NAVIGATION 2 1 0. 0. 0. 0. 0 12 12 1 0 0
8.367 26 ATTITUDE 0. 0. 0.
8.418 26 GPS 3 36028477 481359546 899 185000 0 4 0 100485240 31 0
8.421 26 BLOCK 3 26
8.421 26 NAVIGATION 3 0 0. 0. 0. 0. 0 0 0 1 0 0
8.468 26 ENERGY 0 12.5 -4e-06 -4.8e-05 -0. -2e-06
8.468 26 WP_MOVED 9 360312.8125 4813652. 185. 31
8.468 26 DESIRED 0. 0. 0. 0. 0. 235. 0. 14.
8.468 26 ATTITUDE 0. 0. 0.
8.551 26 NAVIGATION 3 2 0. 0. 198.624115 0. 0 0 0 0 0 0
8.593 26 ESTIMATOR 185. 0.
8.594 26 ATTITUDE 0. 0. 0.
8.669 26 GPS 3 36028477 481359546 899 185000 0 0 0 100485480 31 0
8.670 26 DESIRED -0.508721 0.261863 5.668788 -114.5 162.300003 235. 0. 14.
8.670 26 ATTITUDE -0.003616 -9.1e-05 0.000296
8.767 26 NAVIGATION 3 2 0. 0. 198.624115 0. 0 0 0 0 0 0
8.767 26 ATTITUDE -0.030797 -0.001622 0.002913
8.801 26 NAVIGATION 3 2 0. 0. 198.624115 0. 0 0 0 0 0 0
8.868 26 AIRSPEED 14.963077 14. 0. 6.
8.868 26 DESIRED -0.324402 0.262686 5.668788 -114.5 162.300003 235. 0. 14.
8.869 26 ATTITUDE -0.050797 -0.003816 0.006051
8.918 26 GPS 3 36028477 481359836 3599 185008 1208 12 0 100485720 31 0
8.968 26 WP_MOVED 10 360452.8125 4813581. 260. 31
8.969 26 ATTITUDE -0.080797 -0.008787 0.012734
9.051 26 TAKEOFF 22
9.056 26 NAVIGATION 3 2 0. 3. 196.180374 3. 1 1 1 0 0 0
9.068 26 FBW_STATUS 2 0 1 12.5 27.672886
9.069 26 ESTIMATOR 185.001419 0.000653
9.069 26 DESIRED -0.431663 0.263559 5.659973 -114.5 162.300003 235. 0. 14.
9.069 26 ATTITUDE -0.100797 -0.013184 0.018427
9.168 26 GPS_SOL 659 659 659 7
9.168 26 GPS 3 36028474 481360203 3595 185078 1529 34 0 100485960 31 0
9.168 26 ATTITUDE -0.130797 -0.021362 0.028675
9.268 26 DESIRED -0.431663 0.264431 5.659973 -114.5 162.300003 235. 0. 14.
9.269 26 ATTITUDE -0.150797 -0.02785 0.036546
9.301 26 NAVIGATION 3 2 -0.03125 6.5 193.330627 6.500075 1 1 1 0 0 0
9.368 26 ATTITUDE -0.180797 -0.03912 0.049731
9.418 26 GPS 3 36028462 481360651 3584 185300 1604 80 0 100486240 31 0
9.419 26 SVINFO 2 9 0 2 49 1 113
9.468 26 AIR_DATA 99123.28125 0. -1000. 1013.25 0. -1. -1.
9.468 26 WP_MOVED 11 360169.5 4813757.5 260. 31
9.468 26 DESIRED -0.547448 0.265304 5.649538 -114.5 162.300003 235. 0. 14.
9.469 26 ATTITUDE -0.200797 -0.047654 0.059324
9.551 26 NAVIGATION 3 2 -0.125 11. 189.666367 11.00071 1 1 1 0 0 0
9.578 26 ENERGY 88 12.5 27.672886 345.911072 0.045353 0.566908
9.578 26 ESTIMATOR 185.071884 0.03198
9.579 26 ATTITUDE -0.230797 -0.061986 0.074724
9.667 26 GPS 3 36028442 481361047 3571 185638 1650 138 0 100486480 31 0
9.668 26 DESIRED -0.567717 0.266177 5.635888 -114.5 162.300003 235. 0. 14.
9.668 26 ATTITUDE -0.250797 -0.072568 0.085539
9.769 26 DL_VALUE 15 50.
9.770 26 NAVIGATION 3 2 -0.34375 15. 189.666367 11.00071 1 1 1 0 0 0
9.770 26 ATTITUDE -0.280797 -0.089999 0.102386
9.802 26 NAVIGATION 3 2 -0.34375 15. 186.357025 15.003939 1 1 1 0 0 0
9.871 26 AIRSPEED 16.933626 14. 0. 6.
9.873 26 DESIRED -0.570929 0.267049 5.62388 -114.5 162.300003 235. 0. 14.
9.874 26 ATTITUDE -0.300797 -0.102671 0.113908
9.918 26 GPS 3 36028410 481361449 3553 186124 1680 223 0 100486720 31 0
9.967 26 WP_MOVED 0 360326. 4813637. 260. 31
9.967 26 ATTITUDE -0.330797 -0.123289 0.131436
10.051 26 NAVIGATION 3 2 -0.65625 19. 183.017181 19.01133 2 2 2 0 0 0
10.068 26 CALIBRATION 0. 0
10.068 26 ESTIMATOR 185.400833 0.168716
10.068 26 DESIRED -0.56072 0.267922 5.611842 -114.5 162.300003 235. 0. 14.
10.068 26 ATTITUDE -0.350797 -0.138127 0.143168
10.167 26 GPS 3 36028361 481361854 3531 186761 1698 275 0 100486960 31 0
10.167 26 ATTITUDE -0.380797 -0.162067 0.160664
10.251 26 FBW_STATUS 2 0 1 12.5 27.672886
10.268 26 DESIRED -0.56072 0.268795 5.611842 -114.5 162.300003 235. 0. 14.
10.268 26 ATTITUDE -0.400797 -0.179175 0.172156
10.301 26 NAVIGATION 3 2 -1.15625 23. 179.586456 23.029045 2 2 2 0 0 0
10.369 26 ATTITUDE -0.430797 -0.206612 0.188996
10.417 26 GPS 3 36028280 481362325 3499 187688 1706 360 0 100487240 31 0
10.468 26 WP_MOVED 1 360284. 4813595. 260. 31
10.468 26 DESIRED -0.53798 0.269667 5.600166 -114.5 162.300003 235. 0. 14.
10.469 26 ATTITUDE -0.450797 -0.226119 0.199862
10.551 26 NAVIGATION 3 2 -1.9375 28. 175.233582 28.066954 2 2 2 0 0 0
10.585 26 ESTIMATOR 186.183319 0.472638
10.586 26 ATTITUDE -0.480797 -0.257264 0.215512
10.667 26 ENERGY 88 12.5 27.672886 345.911072 0.096086 1.201077
10.668 26 GPS 3 36028186 481362723 3467 188623 1704 397 0 100487480 31 0
10.668 26 SVINFO 0 7 0 0 48 70 14
10.668 26 DESIRED -0.496884 0.270536 5.585616 -114.5 162.300003 235. 0. 14.
10.668 26 ATTITUDE -0.500574 -0.279317 0.225458
10.768 26 AIR_DATA 99084.234375 0. -1000. 1013.25 0. -1. -1.
10.768 26 NAVIGATION 3 2 -2.90625 31.5 175.233582 28.066954 2 2 2 0 0 0
10.768 26 ATTITUDE -0.527561 -0.314266 0.239568
10.803 26 NAVIGATION 3 2 -2.90625 31.5 171.935471 31.633783 2 2 2 0 0 0
10.868 26 AIRSPEED 16.912228 14. 0. 6.
10.869 26 DESIRED -0.448452 0.271273 5.576858 -114.5 162.300003 235. 0. 14.
10.869 26 ATTITUDE -0.542787 -0.338692 0.248392
10.919 26 GPS 3 36028067 481363112 3429 189667 1697 458 0 100487720 31 0
10.969 26 WP_MOVED 2 360333.5 4813695. 260. 31
10.970 26 ATTITUDE -0.55756 -0.376594 0.260709
11.051 26 NAVIGATION 3 2 -4.0625 35.5 168.150772 35.731693 3 3 3 0 0 0
11.083 26 FBW_STATUS 2 0 1 12.5 27.672886
11.084 26 ESTIMATOR 187.549057 0.958207
11.085 26 DESIRED -0.390192 0.271598 5.566649 -114.5 162.300003 235. 0. 14.
11.086 26 ATTITUDE -0.561408 -0.40234 0.268281
11.151 26 COMMANDS 8524,1197,10,0,0
11.169 26 PPRZ_MODE 2 1 3 0 0 6
11.169 26 GPS_SOL 668 668 668 7
11.169 26 GPS 3 36027920 481363489 3387 190799 1685 484 0 100487960 31 0
11.169 26 ATTITUDE -0.557046 -0.440998 0.278664
11.268 26 DL_VALUE 16 50.
11.268 26 DESIRED -0.390192 0.271337 5.566649 -114.5 162.300003 235. 0. 14.
11.268 26 ATTITUDE -0.546445 -0.466309 0.284925
11.301 26 NAVIGATION 3 2 -5.5625 39.5 164.156082 39.88974 3 3 3 0 0 0
11.368 26 ATTITUDE -0.520672 -0.502853 0.293332
11.418 26 GPS 3 36027715 481363910 3336 192214 1668 502 0 100488240 31 0
11.468 26 COMMANDS 8524,1218,-162,0,0
11.469 26 WP_MOVED 3 360294.09375 4813785. 260. 31
11.469 26 DESIRED -0.322957 0.270538 5.557536 -114.5 162.300003 235. 0. 14.
11.469 26 ATTITUDE -0.500672 -0.526006 0.298282
11.552 26 NAVIGATION 3 2 -7.59375 43.5 159.819855 44.157841 3 3 3 0 0 0
11.595 26 ESTIMATOR 189.479218 1.589158
11.595 26 ATTITUDE -0.470672 -0.558915 0.304748
11.667 26 GPS 3 36027514 481364252 3295 193503 1652 538 0 100488480 31 0
11.667 26 DESIRED -0.235124 0.269665 5.550434 -114.5 162.300003 235. 0. 14.
11.667 26 ATTITUDE -0.450672 -0.57966 0.308432
11.768 26 DATALINK_REPORT 3 4 939 827 0 0
11.769 26 ENERGY 88 12.5 27.672886 345.911072 0.14682 1.835246
11.769 26 NAVIGATION 3 2 -9.625 47. 159.819855 44.157841 3 3 3 0 0 0
11.771 26 ATTITUDE -0.420672 -0.60901 0.313059
11.801 26 NAVIGATION 3 2 -9.625 47. 155.861649 47.975418 3 3 3 0 0 0
11.868 26 ALIVE 128,247,33,237,150,226,125,96,211,120,85,14,103,22,52,69
11.869 26 AIRSPEED 16.25791 14. 0. 6.
11.869 26 DESIRED -0.175837 0.268792 5.545101 -114.5 162.300003 235. 0. 14.
11.870 26 ATTITUDE -0.400672 -0.627412 0.315565
11.918 26 GPS 3 36027295 481364577 3259 194854 1635 548 0 100488720 31 0
11.968 26 WP_MOVED 4 360416.3125 4813734. 260. 31
11.969 26 ATTITUDE -0.370672 -0.653285 0.318511
12.051 26 NAVIGATION 3 2 -11.78125 50.5 151.823532 51.85603 4 4 4 0 0 0
12.068 26 AIR_DATA 99011.070312 0. -1000. 1013.25 0. -1. -1.
12.069 26 ESTIMATOR 191.954453 2.313426
12.069 26 DESIRED -0.121436 0.26792 5.540095 -114.5 162.300003 235. 0. 14.
12.069 26 ATTITUDE -0.350672 -0.669389 0.31996
12.168 26 CALIBRATION 0. 0
12.168 26 GPS 3 36027060 481364887 3228 196249 1618 579 0 100488960 31 0
12.169 26 ATTITUDE -0.320672 -0.691838 0.321419
12.252 26 FBW_STATUS 2 0 1 12.5 27.672886
12.267 26 DESIRED -0.121436 0.267047 5.540095 -114.5 162.300003 235. 0. 14.
12.268 26 ATTITUDE -0.300672 -0.705671 0.321947
12.302 26 NAVIGATION 3 2 -14.15625 53.5 148.007797 55.341209 4 4 4 0 0 0
12.370 26 ATTITUDE -0.270672 -0.724726 0.322131
12.418 26 GPS 3 36026772 481365230 3197 197910 1598 585 0 100489240 31 0
12.468 26 WP_MOVED 5 360421. 4813583.5 260. 31
12.469 26 DESIRED -0.073394 0.266174 5.538198 -114.5 162.300003 235. 0. 14.
12.469 26 ATTITUDE -0.250672 -0.736302 0.321883
12.552 26 NAVIGATION 3 2 -17.03125 56.5 143.853394 59.011131 4 4 4 0 0 0
12.583 26 ESTIMATOR 194.865891 3.069824
12.583 26 ATTITUDE -0.220672 -0.751976 0.321013
12.667 26 GPS 3 36026516 481365511 3176 199342 1583 580 0 100489480 31 0
12.668 26 SVINFO 1 8 0 1 49 23 65
12.668 26 DESIRED -0.022984 0.265302 5.538751 -114.5 162.300003 235. 0. 14.
12.668 26 ATTITUDE -0.200672 -0.761299 0.320133
12.768 26 DL_VALUE 17 0.
12.768 26 NAVIGATION 3 2 -19.59375 59.5 143.853394 59.011131 4 4 4 0 0 0
12.768 26 ATTITUDE -0.170672 -0.773594 0.31842
12.802 26 NAVIGATION 3 2 -19.59375 59.5 139.910812 62.643158 4 4 4 0 0 0
12.868 26 ENERGY 88 12.5 27.672886 345.911072 0.197554 2.469421
12.868 26 AIRSPEED 15.630861 14. 0. 6.
12.868 26 DESIRED 0.004364 0.264429 5.537693 -114.5 162.300003 235. 0. 14.
12.868 26 ATTITUDE -0.150672 -0.780662 0.317047
12.918 26 GPS 3 36026254 481365782 3160 200766 1569 588 0 100489720 31 0
12.968 26 WP_MOVED 6 360164.8125 4813664.5 260. 31
12.969 26 ATTITUDE -0.120672 -0.78957 0.314692
13.051 26 NAVIGATION 3 2 -22.1875 62.5 135.947189 66.321457 5 5 5 0 0 0
13.068 26 FBW_STATUS 2 0 1 12.5 27.672886
13.069 26 ESTIMATOR 198.091995 3.796122
13.069 26 DESIRED 0.027143 0.263556 5.536742 -114.5 162.300003 235. 0. 14.
13.069 26 ATTITUDE -0.100672 -0.794377 0.312954
13.168 26 NAVIGATION_REF 360284 4813595 31 185.
13.168 26 GPS_SOL 676 676 676 7
13.168 26 GPS 3 36025989 481366046 3148 202172 1558 588 0 100489960 31 0
13.168 26 ATTITUDE -0.070672 -0.799888 0.310139
13.268 26 DESIRED 0.027143 0.262684 5.536742 -114.5 162.300003 235. 0. 14.
13.268 26 ATTITUDE -0.050672 -0.802427 0.30815
13.301 26 NAVIGATION 3 2 -24.875 65. 132.287308 69.597168 5 5 5 0 0 0
13.369 26 AIR_DATA 98925.195312 0. -1000. 1013.25 0. -1. -1.
13.369 26 ATTITUDE -0.020672 -0.804527 0.305037
13.418 26 GPS 3 36025678 481366348 3140 203780 1549 551 0 100490240 31 0
13.468 26 WP_MOVED 7 360558.40625 4813804.5 260. 31
13.469 26 DESIRED 0.045788 0.261811 5.538824 -114.5 162.300003 235. 0. 14.
13.469 26 ATTITUDE -0.000672 -0.804786 0.302897
13.551 26 NAVIGATION 3 2 -27.9375 68. 128.006073 73.515327 5 5 5 0 0 0
13.568 26 ESTIMATOR 201.459702 4.427264
13.569 26 ATTITUDE 0.02894 -0.803469 0.299624
13.667 26 GPS 3 36025411 481366605 3139 205125 1543 538 0 100490480 31 0
13.667 26 DESIRED 0.056458 0.262631 5.540542 -114.5 162.300003 235. 0. 14.
13.667 26 ATTITUDE 0.047631 -0.801498 0.297422
13.769 26 NAVIGATION 3 2 -30.625 70.5 128.006073 73.515327 5 5 5 0 0 0
13.769 26 ATTITUDE 0.073309 -0.797021 0.294126
13.801 26 NAVIGATION 3 2 -30.625 70.5 124.347321 76.864433 5 5 5 0 0 0
13.868 26 AIRSPEED 15.396791 14. 0. 6.
13.869 26 DESIRED 0.057843 0.263337 5.542868 -114.5 162.300003 235. 0. 14.
13.869 26 ATTITUDE 0.088108 -0.793136 0.291952
13.919 26 GPS 3 36025146 481366863 3142 206438 1540 513 0 100490720 31 0
13.968 26 ENERGY 88 12.5 27.672886 345.911072 0.248287 3.103599
13.968 26 WP_MOVED 8 360461.40625 4813640. 215. 31
13.968 26 ATTITUDE 0.106088 -0.7862 0.288756
14.051 26 NAVIGATION 3 2 -33.3125 73. 120.68927 80.241653 6 6 6 0 0 0
14.069 26 ESTIMATOR 204.841324 4.926356
14.070 26 DESIRED 0.053169 0.263805 5.545335 -114.5 162.300003 235. 0. 14.
14.070 26 ATTITUDE 0.114895 -0.781005 0.286682
14.168 26 GPS 3 36024884 481367123 3148 207717 1539 499 0 100490960 31 0
14.168 26 SVINFO 0 7 0 0 49 64 16
14.168 26 ATTITUDE 0.123009 -0.772661 0.283676
14.252 26 FBW_STATUS 2 0 1 12.5 27.672886
14.268 26 CALIBRATION 0. 0
14.268 26 DL_VALUE 18 1.
14.268 26 DESIRED 0.053169 0.26398 5.545335 -114.5 162.300003 235. 0. 14.
14.269 26 ATTITUDE 0.124912 -0.766922 0.281754
14.302 26 NAVIGATION 3 2 -35.90625 76. 116.724754 84.055092 6 6 6 0 0 0
14.368 26 ATTITUDE 0.122767 -0.758365 0.279003
14.418 26 GPS 3 36024584 481367433 3159 209173 1540 521 0 100491240 31 0
14.467 26 WP_MOVED 9 360312.8125 4813652. 185. 31
14.468 26 DESIRED 0.038839 0.263857 5.544488 -114.5 162.300003 235. 0. 14.
14.468 26 ATTITUDE 0.117914 -0.752879 0.277265
14.551 26 NAVIGATION 3 2 -38.90625 78.5 112.857681 87.61248 6 6 6 0 0 0
14.568 26 ESTIMATOR 208.111404 5.27078
14.568 26 ATTITUDE 0.106291 -0.745265 0.274809
14.667 26 AIR_DATA 98828.8125 0. -1000. 1013.25 0. -1. -1.
14.667 26 GPS 3 36024331 481367704 3169 210394 1542 509 0 100491480 31 0
14.667 26 DESIRED 0.026075 0.263378 5.549226 -114.5 162.300003 235. 0. 14.
14.667 26 ATTITUDE 0.090442 -0.73866 0.272539
14.767 26 NAVIGATION 3 2 -41.4375 81.5 112.857681 87.61248 6 6 6 0 0 0
14.768 26 ATTITUDE 0.078088 -0.73494 0.271132
14.801 26 NAVIGATION 4 0 -41.4375 81.5 0. 91.429298 6 0 0 0 0 0
14.868 26 AIRSPEED 15.474983 14. 0. 6.
14.868 26 DESIRED 0.010298 0.262931 5.549226 -114.5 162.300003 235. 0. 14.
14.868 26 ATTITUDE 0.06483 -0.731822 0.269809
14.917 26 GPS 3 36024081 481367978 3177 211597 1545 501 0 100491720 31 0
14.969 26 WP_MOVED 10 360452.8125 4813581. 260. 31
14.969 26 ATTITUDE 0.043536 -0.728349 0.26798
15.052 26 NAVIGATION 4 0 -43.9375 84. 0. 94.797173 7 1 1 0 0 0
15.071 26 FBW_STATUS 2 0 1 12.5 27.672886
15.071 26 ENERGY 21 12.5 27.672886 345.911072 0.299021 3.737776
15.071 26 ESTIMATOR 211.223389 5.471689
15.071 26 DESIRED 0.872665 0.090695 0.170039 -31.369797 157.197083 260. 0.5 14.
15.071 26 ATTITUDE 0.029088 -0.726858 0.266864
15.168 26 GPS_SOL 683 683 683 7
15.168 26 GPS 3 36023834 481368255 3182 212787 1548 506 0 100491960 31 0
15.168 26 ATTITUDE 0.030215 -0.72515 0.26464
15.268 26 DESIRED 0.872665 0.085078 0.170039 -31.369797 157.197083 260. 0.5 14.
15.268 26 ATTITUDE 0.050215 -0.723029 0.262185
15.301 26 NAVIGATION 4 0 -46.4375 87. 0. 98.617653 7 1 1 0 0 0
15.368 26 ATTITUDE 0.080215 -0.717947 0.257373
15.418 26 GPS 3 36023556 481368570 3185 214143 1491 500 0 100492240 31 0
15.469 26 WP_MOVED 11 360169.5 4813757.5 260. 31
15.469 26 DESIRED 0.872665 0.154422 0.230279 -29.326828 159.985977 260. 1. 14.
15.470 26 ATTITUDE 0.100215 -0.713239 0.253854
15.555 26 NAVIGATION 4 0 -49.1875 90.5 0. 103.003204 7 1 1 0 0 0
15.569 26 ESTIMATOR 214.143188 5.547873
15.571 26 ATTITUDE 0.130215 -0.704122 0.248287
15.667 26 GPS 3 36023335 481368826 3192 215200 1409 456 0 100492480 31 0
15.667 26 DESIRED 0.872665 0.22539 0.297657 -26.948509 162.993759 260. 1.5 14.
15.668 26 ATTITUDE 0.150215 -0.696633 0.244514
15.769 26 DL_VALUE 19 1013.25
15.769 26 NAVIGATION 4 0 -51.375 93. 0. 103.003204 7 1 1 0 0 0
15.770 26 ATTITUDE 0.180215 -0.683254 0.239274
15.801 26 NAVIGATION 4 0 -51.375 93. 0. 106.246841 7 1 1 0 0 0
15.868 26 AIRSPEED 13.364366 14. 14. 6.
15.869 26 DESIRED 0.872665 0.298072 0.348116 -25.241982 165.012527 260. 2. 14.
15.869 26 ATTITUDE 0.200215 -0.672886 0.236053
15.918 26 GPS 3 36023128 481369077 3204 216125 1356 406 0 100492720 31 0
15.967 26 AIR_DATA 98761.6875 0. -1000. 1013.25 0. -1. -1.
15.967 26 CIRCLE 49.5 100.099998 70.
15.967 26 WP_MOVED 0 360326. 4813637. 260. 31
15.967 26 ATTITUDE 0.230215 -0.655156 0.232056
16.052 26 NAVIGATION 4 0 -53.46875 95.5 0. 109.449333 8 2 2 0 0 0
16.068 26 PPRZ_MODE 2 3 3 2 0 6
16.068 26 ESTIMATOR 216.808212 5.49606
16.068 26 DESIRED 0.872665 0.372404 0.396721 -23.554291 166.906219 260. 2.5 14.
16.071 26 ATTITUDE 0.250215 -0.641894 0.229984
16.151 26 COMMANDS 5117,4468,1058,0,0
16.168 26 ENERGY 53 12.5 13.965076 174.563461 0.316257 3.953234
16.169 26 GPS 3 36022932 481369330 3223 216925 1330 363 0 100492960 31 0
16.170 26 ATTITUDE 0.280215 -0.619839 0.227912
16.252 26 FBW_STATUS 2 0 1 12.5 13.996326
16.269 26 DESIRED 0.872665 0.372939 0.396721 -23.554291 166.906219 260. 2.5 14.
16.269 26 ATTITUDE 0.300215 -0.603721 0.227387
16.302 26 NAVIGATION 4 0 -55.4375 98. 0. 112.59359 8 2 2 0 0 0
16.368 26 CALIBRATION 0. 0
16.369 26 ATTITUDE 0.330215 -0.577427 0.227836
16.418 26 GPS 3 36022719 481369634 3251 217741 1325 306 0 100493240 31 0
16.468 26 COMMANDS 5530,3894,1561,0,0
16.468 26 WP_MOVED 1 360284. 4813595. 260. 31
16.469 26 DESIRED 0.872665 0.442445 0.443164 -21.886528 168.685455 260. 3. 14.
16.469 26 ATTITUDE 0.350215 -0.55851 0.229141
16.552 26 NAVIGATION 4 0 -57.5625 101. 0. 116.251633 8 2 2 0 0 0
16.568 26 ESTIMATOR 219.05043 5.273825
16.569 26 ATTITUDE 0.380215 -0.52807 0.232531
16.668 26 GPS 3 36022551 481369907 3283 218380 1337 269 0 100493480 31 0
16.668 26 DESIRED 0.872665 0.443317 0.495389 -19.909103 170.685944 260. 3.5 14.
16.668 26 ATTITUDE 0.400215 -0.506389 0.235659
16.768 26 NAVIGATION 4 0 -59.21875 103.5 0. 116.251633 8 2 2 0 0 0
16.769 26 ATTITUDE 0.430215 -0.471822 0.241517
16.801 26 NAVIGATION 4 0 -59.21875 103.5 0. 119.243912 8 2 2 0 0 0
16.868 26 DATALINK_REPORT 8 4 1118 807 0 0
16.868 26 AIRSPEED 13.661276 14. 14. 6.
16.868 26 DESIRED 0.872665 0.44419 0.537084 -18.277718 172.253876 260. 4. 14.
16.868 26 ATTITUDE 0.450215 -0.447405 0.246122
16.918 26 GPS 3 36022398 481370194 3319 219000 1354 261 0 100493720 31 0
16.969 26 ALIVE 128,247,33,237,150,226,125,96,211,120,85,14,103,22,52,69
16.969 26 WP_MOVED 2 360333.5 4813695. 260. 31
16.970 26 ATTITUDE 0.480215 -0.408709 0.253954
17.018 26 CIRCLE 49.5 100.099998 70.
17.051 26 NAVIGATION 4 0 -60.75 106.5 0. 122.608368 9 3 3 0 0 0
17.068 26 FBW_STATUS 2 0 1 12.5 17.610268
17.071 26 ESTIMATOR 220.853363 4.910448
17.071 26 DESIRED 0.872665 0.445063 0.581809 -16.325691 174.039017 260. 4.106483 14.
17.072 26 ATTITUDE 0.500215 -0.381538 0.259721
17.167 26 GPS_SOL 689 689 689 7
17.168 26 GPS 3 36022265 481370496 3362 219633 1375 262 0 100493960 31 0
17.168 26 ATTITUDE 0.530215 -0.338655 0.269074
17.210 26 WIND_INFO 26 5 3.8 5.7 0. 12.9
17.211 26 WIND_INFO_RET 5 3.8 5.7 0. 13.944409
17.268 26 DL_VALUE 20 1.
17.268 26 AIR_DATA 98720.625 0. -1000. 1013.25 0. -1. -1.
17.268 26 ENERGY 63 12.5 17.595282 219.941025 0.346342 4.329285
17.268 26 DESIRED 0.872665 0.44611 0.581809 -16.325691 174.039017 260. 4.106483 14.
17.268 26 ATTITUDE 0.560215 -0.293149 0.279133
17.303 26 NAVIGATION 4 0 -62.125 109.5 0. 125.895851 9 3 3 0 0 0
17.367 26 ATTITUDE 0.580215 -0.261301 0.286149
17.418 26 GPS 3 36022141 481370867 3419 220413 1397 270 0 100494240 31 0
17.468 26 WP_MOVED 3 360294.09375 4813785. 260. 31
17.471 26 DESIRED 0.872665 0.446808 0.624643 -14.379154 175.727081 260. 4.012001 14.
17.472 26 ATTITUDE 0.600215 -0.228194 0.293368
17.551 26 NAVIGATION 4 0 -63.34375 113.5 0. 129.979538 9 3 3 0 0 0
17.569 26 ESTIMATOR 222.324051 4.484266
17.569 26 ATTITUDE 0.630215 -0.17608 0.304489
17.667 26 GPS 3 36022067 481371197 3474 221129 1409 301 0 100494480 31 0
17.668 26 DESIRED 0.872665 0.447681 0.675628 -11.757229 177.865997 260. 3.952207 14.
17.668 26 ATTITUDE 0.650215 -0.139641 0.312036
17.767 26 NAVIGATION 4 0 -64.0625 116.5 0. 129.979538 9 3 3 0 0 0
17.767 26 ATTITUDE 0.680215 -0.082321 0.323464
17.801 26 NAVIGATION 4 0 -64.0625 116.5 0. 132.952072 9 3 3 0 0 0
17.866 26 AIRSPEED 14.159006 14. 14. 6.
17.867 26 DESIRED 0.872665 0.448553 0.712133 -9.776104 179.386459 260. 3.868111 14.
17.867 26 ATTITUDE 0.700215 -0.042263 0.331101
17.918 26 GPS 3 36022030 481371534 3536 221886 1414 335 0 100494720 31 0
17.969 26 WP_MOVED 4 360416.3125 4813734. 260. 31
17.969 26 ATTITUDE 0.730215 0.020717 0.342505
18.051 26 NAVIGATION 4 0 -64.4375 119.5 0. 135.766129 10 4 4 0 0 0
18.070 26 CIRCLE 49.5 100.099998 70.
18.070 26 ESTIMATOR 223.641953 4.084574
18.071 26 DESIRED 0.872665 0.449426 0.745803 -7.757118 180.856567 260. 3.813959 14.
18.071 26 ATTITUDE 0.750215 0.064716 0.350027
18.168 26 GPS 3 36022033 481371874 6 222675 1414 348 0 100494960 31 0
18.168 26 ATTITUDE 0.780215 0.133867 0.361124
18.250 26 FBW_STATUS 2 0 1 12.5 16.232927
18.269 26 DESIRED 0.872665 0.450473 0.745803 -7.757118 180.856567 260. 3.813959 14.
18.271 26 ATTITUDE 0.810215 0.206983 0.371925
18.300 26 NAVIGATION 4 0 -64.4375 123. 0. 138.856735 10 4 4 0 0 0
18.367 26 ENERGY 59 12.5 15.989653 199.870651 0.376821 4.710277
18.367 26 ATTITUDE 0.830215 0.258028 0.378919
18.418 26 GPS 3 36022096 481372264 97 223619 1411 346 0 100495240 31 0
18.467 26 CALIBRATION 0. 0
18.468 26 WP_MOVED 5 360421. 4813583.5 260. 31
18.468 26 DESIRED 0.872665 0.451171 0.781877 -5.334293 182.520874 260. 3.73405 14.
18.468 26 ATTITUDE 0.850201 0.310998 0.385732
18.551 26 NAVIGATION 4 0 -63.78125 127. 0. 142.116318 10 4 4 0 0 0
18.568 26 AIR_DATA 98673.984375 0. -1000. 1013.25 0. -1. -1.
18.568 26 ESTIMATOR 224.937042 3.762495
18.568 26 ATTITUDE 0.872665 0.393809 0.395583
18.667 26 GPS 3 36022204 481372584 186 224430 1407 345 0 100495480 31 0
18.667 26 DESIRED 0.767724 0.451563 0.818815 -2.433502 184.378769 260. 3.678104 14.
18.668 26 ATTITUDE 0.872665 0.449581 0.401883
18.768 26 DL_VALUE 21 0.
18.768 26 NAVIGATION 4 0 -62.71875 130.5 0. 142.116318 10 4 4 0 0 0
18.768 26 ATTITUDE 0.872665 0.533325 0.410908
18.801 26 NAVIGATION 4 0 -62.71875 130.5 0. 144.789124 10 4 4 0 0 0
18.868 26 AIRSPEED 14.034951 14. 14. 6.
18.868 26 DESIRED 0.66406 0.451563 0.848555 0.238525 185.967957 260. 3.594101 14.
18.868 26 ATTITUDE 0.872665 0.589211 0.416624
18.918 26 GPS 3 36022363 481372881 281 225238 1403 343 0 100495720 31 0
18.968 26 WP_MOVED 6 360164.8125 4813664.5 260. 31
18.969 26 ATTITUDE 0.871882 0.673093 0.424733
19.051 26 NAVIGATION 4 0 -61.125 133.5 0. 146.828186 11 5 5 0 0 0
19.067 26 FBW_STATUS 2 0 1 12.5 15.790867
19.068 26 ESTIMATOR 226.276184 3.528008
19.068 26 DESIRED 0.538592 0.451454 0.870167 2.720127 187.344727 260. 3.537628 14.
19.068 26 ATTITUDE 0.866382 0.728654 0.42982
19.118 26 CIRCLE 49.5 100.099998 70.
19.167 26 GPS_SOL 693 693 693 7
19.167 26 GPS 3 36022569 481373146 377 226055 1400 352 0 100495960 31 0
19.167 26 ATTITUDE 0.846795 0.810114 0.436966
19.268 26 DESIRED 0.538592 0.450763 0.870167 2.720127 187.344727 260. 3.537628 14.
19.269 26 ATTITUDE 0.826795 0.862317 0.441401
19.301 26 NAVIGATION 4 0 -59.0625 136. 0. 148.271301 11 5 5 0 0 0
19.367 26 AUTOPILOT_VERSION 51500 v5.15_devel-179-g9a29798-dirty
19.367 26 ATTITUDE 0.796795 0.937296 0.447563
19.418 26 GPS 3 36022858 481373408 486 227044 1394 370 0 100496240 31 0
19.468 26 ENERGY 58 12.5 15.556995 194.462448 0.4058 5.072516
19.468 26 WP_MOVED 7 360558.40625 4813804.5 260. 31
19.468 26 DESIRED 0.411489 0.44989 0.884047 5.017036 188.537918 260. 3.452003 14.
19.469 26 ATTITUDE 0.776795 0.985166 0.451341
19.551 26 NAVIGATION 4 0 -56.1875 138.5 0. 149.463318 11 5 5 0 0 0
19.567 26 ESTIMATOR 227.676392 3.37135
19.568 26 ATTITUDE 0.746795 1.053941 0.456523
19.667 26 GPS 3 36023137 481373589 570 227953 1387 398 0 100496480 31 0
19.668 26 DESIRED 0.257376 0.449017 0.893611 7.612637 189.796417 260. 3.390747 14.
19.668 26 ATTITUDE 0.726795 1.097846 0.459655
19.767 26 NAVIGATION 4 0 -53.375 140.5 0. 149.463318 11 5 5 0 0 0
19.767 26 ATTITUDE 0.696795 1.160909 0.463884
19.801 26 NAVIGATION 4 0 -53.375 140.5 0. 150.296844 11 5 5 0 0 0
19.868 26 AIR_DATA 98623.289062 0. -1000. 1013.25 0. -1. -1.
19.868 26 AIRSPEED 13.704969 14. 14. 6.
19.868 26 DESIRED 0.152947 0.448145 0.898971 9.931465 190.843201 260. 3.295697 14.
19.868 26 ATTITUDE 0.676795 1.201149 0.466399
19.918 26 GPS 3 36023436 481373731 646 228931 1376 417 0 100496720 31 0
19.968 26 WP_MOVED 8 360461.40625 4813640. 215. 31
19.968 26 ATTITUDE 0.646795 1.258905 0.469733
20.052 26 NAVIGATION 4 0 -50.375 142. 0. 150.670639 12 6 6 0 0 0
20.068 26 ESTIMATOR 229.219864 3.309758
20.068 26 DESIRED 0.047291 0.447272 0.897959 12.030479 191.729874 260. 3.228836 14.
20.068 26 ATTITUDE 0.626795 1.295726 0.471674
20.169 26 CIRCLE 49.5 100.099998 70.
20.170 26 GPS 3 36023747 481373834 715 229978 1363 424 0 100496960 31 0
20.171 26 ATTITUDE 0.596795 1.348497 0.474182
20.252 26 FBW_STATUS 2 0 1 12.5 15.808907
20.281 26 DL_VALUE 22 1.
20.281 26 DESIRED 0.047291 0.446399 0.897959 12.030479 191.729874 260. 3.228836 14.
20.282 26 ATTITUDE 0.576795 1.382078 0.475598
20.303 26 NAVIGATION 4 0 -47.28125 142.5 0. 150.13916 12 6 6 0 0 0
20.386 26 ATTITUDE 0.546795 1.430095 0.477361
20.418 26 GPS 3 36024116 481373911 791 231273 1345 458 0 100497240 31 0
20.468 26 WP_MOVED 9 360312.8125 4813652. 185. 31
20.468 26 DESIRED -0.060033 0.445527 0.884095 13.472843 192.306519 260. 3.122371 14.
20.468 26 ATTITUDE 0.526795 1.46057 0.478307
20.550 26 NAVIGATION 4 0 -43.59375 143.5 0. 149.97554 12 6 6 0 0 0
20.566 26 CALIBRATION 0. 0
20.567 26 ENERGY 58 12.5 15.931738 199.146729 0.434517 5.431492
20.567 26 ESTIMATOR 230.992981 3.361618
20.567 26 ATTITUDE 0.496795 1.504011 0.479408
20.667 26 GPS 3 36024434 481373944 840 232432 1330 490 0 100497480 31 0
20.668 26 DESIRED -0.176689 0.444654 0.873415 15.633274 193.121735 260. 3.042836 14.
20.668 26 ATTITUDE 0.476795 1.531472 0.479943
20.774 26 NAVIGATION 4 0 -40.4375 144. 0. 149.97554 12 6 6 0 0 0
20.775 26 ATTITUDE 0.446795 1.570444 0.480472
20.800 26 NAVIGATION 4 0 -40.4375 144. 0. 149.570023 12 6 6 0 0 0
20.867 26 AIRSPEED 13.074377 14. 14. 6.
20.867 26 DESIRED -0.239177 0.433776 0.85995 17.299458 193.711563 260. 2.922112 14.
20.868 26 ATTITUDE 0.426795 1.594958 0.480654
20.917 26 GPS 3 36024749 481373951 888 233623 1315 524 0 100497720 31 0
20.977 26 PPRZ_MODE 2 3 3 2 0 6
20.977 26 WP_MOVED 10 360452.8125 4813581. 260. 31
20.977 26 ATTITUDE 0.396795 1.629546 0.480639
21.050 26 NAVIGATION 4 0 -37.28125 144. 0. 148.747742 13 7 7 0 0 0
21.067 26 FBW_STATUS 2 0 1 12.5 16.131109
21.067 26 ESTIMATOR 233.050095 3.523125
21.068 26 DESIRED -0.318896 0.416895 0.839609 18.635372 194.160492 260. 2.827045 14.
21.068 26 ATTITUDE 0.376795 1.651162 0.480441
21.151 26 COMMANDS 5680,-4934,-405,0,0
21.168 26 GPS_SOL 697 697 697 7
21.168 26 AIR_DATA 98542.890625 0. -1000. 1013.25 0. -1. -1.
21.168 26 GPS 3 36025061 481373934 930 234832 1301 534 0 100497960 31 0
21.169 26 ATTITUDE 0.346795 1.681432 0.479843
21.217 26 CIRCLE 49.5 100.099998 70.
21.268 26 DESIRED -0.318896 0.414328 0.839609 18.635372 194.160492 260. 2.827045 14.
21.268 26 ATTITUDE 0.326795 1.700183 0.47922
21.300 26 NAVIGATION 4 0 -34.15625 143.5 0. 147.508972 13 7 7 0 0 0
21.367 26 ATTITUDE 0.296795 1.726172 0.477962
21.417 26 GPS 3 36025419 481373891 973 236253 1285 529 0 100498240 31 0
21.467 26 COMMANDS 5686,-4898,-564,0,0
21.467 26 WP_MOVED 11 360169.5 4813757.5 260. 31
21.467 26 DESIRED -0.391138 0.390834 0.811979 19.599552 194.471405 260. 2.687302 14.
21.467 26 ATTITUDE 0.276795 1.742081 0.476857
21.551 26 NAVIGATION 4 0 -30.5625 143.5 0. 146.718491 13 7 7 0 0 0
21.567 26 ESTIMATOR 235.344025 3.752678
21.567 26 ATTITUDE 0.246795 1.763823 0.474827
21.668 26 ENERGY 59 12.5 15.924507 199.056335 0.46381 5.797644
21.668 26 GPS 3 36025720 481373838 1000 237470 1274 531 0 100498480 31 0
21.668 26 DESIRED -0.462243 0.37326 0.789101 21.31945 194.999191 260. 2.586412 14.
21.668 26 ATTITUDE 0.226795 1.776904 0.473236
21.768 26 DL_VALUE 23 1.
21.768 26 NAVIGATION 4 0 -27.5625 142.5 0. 146.718491 13 7 7 0 0 0
21.768 26 ATTITUDE 0.196795 1.794409 0.470457
21.801 26 NAVIGATION 4 0 -27.5625 142.5 0. 145.141113 13 7 7 0 0 0
21.868 26 AIRSPEED 12.611323 14. 14. 6.
21.868 26 DESIRED -0.5134 0.347661 0.754109 21.914015 195.173737 260. 2.431408 14.
21.868 26 ATTITUDE 0.176795 1.804668 0.468372
21.918 26 GPS 3 36026017 481373773 1023 238678 1265 526 0 100498720 31 0
21.968 26 DATALINK_REPORT 4 5 1302 831 0 0
21.968 26 WP_MOVED 0 360326. 4813637. 260. 31
21.968 26 ATTITUDE 0.146795 1.817944 0.46482
22.051 26 NAVIGATION 4 0 -24.59375 142. 0. 144.114029 14 8 8 0 0 0
22.068 26 ALIVE 128,247,33,237,150,226,125,96,211,120,85,14,103,22,52,69
22.068 26 ESTIMATOR 237.826645 4.012217
22.068 26 DESIRED -0.555395 0.329489 0.727404 23.025028 195.489075 260. 2.325985 14.
22.068 26 ATTITUDE 0.126795 1.825388 0.462184
22.168 26 NAVIGATION_REF 360284 4813595 31 185.
22.168 26 GPS 3 36026310 481373700 1040 239871 1257 516 0 100498960 31 0
22.168 26 ATTITUDE 0.096795 1.834441 0.457841
22.251 26 FBW_STATUS 2 0 1 12.5 15.794476
22.268 26 CIRCLE 49.5 100.099998 70.
22.268 26 DESIRED -0.555395 0.32724 0.727404 23.025028 195.489075 260. 2.325985 14.
22.268 26 ATTITUDE 0.076795 1.839067 0.45468
22.301 26 NAVIGATION 4 0 -21.625 141.5 0. 143.142899 14 8 8 0 0 0
22.368 26 ATTITUDE 0.046795 1.843889 0.449582
22.417 26 GPS 3 36026648 481373608 1053 241233 1249 504 0 100499240 31 0
22.467 26 AIR_DATA 98468.132812 0. -1000. 1013.25 0. -1. -1.
22.468 26 WP_MOVED 1 360284. 4813595. 260. 31
22.468 26 DESIRED -0.590749 0.30112 0.701025 24.216442 195.811768 260. 2.166434 14.
22.468 26 ATTITUDE 0.026795 1.84569 0.445903
22.550 26 NAVIGATION 4 0 -18.28125 140.5 0. 141.684341 14 8 8 0 0 0
22.567 26 ESTIMATOR 240.40004 4.255428
22.568 26 ATTITUDE -0.003205 1.846268 0.440013
22.667 26 CALIBRATION 0. 0
22.668 26 GPS 3 36026936 481373527 1057 242370 1245 481 0 100499480 31 0
22.668 26 SVINFO 6 13 0 6 48 62 320
22.668 26 DESIRED -0.632427 0.283304 0.664075 25.209837 196.06868 260. 2.056036 14.
22.668 26 ATTITUDE -0.023205 1.845234 0.435863
22.767 26 ENERGY 57 12.5 15.381443 192.268036 0.492539 6.156762
22.768 26 NAVIGATION 4 0 -15.375 140. 0. 141.684341 14 8 8 0 0 0
22.768 26 ATTITUDE -0.053205 1.841548 0.429282
22.801 26 NAVIGATION 4 0 -15.375 140. 0. 140.841721 14 8 8 0 0 0
22.867 26 AIRSPEED 12.418363 14. 14. 6.
22.867 26 DESIRED -0.645049 0.258526 0.639211 26.545902 196.396973 260. 1.892216 14.
22.868 26 ATTITUDE -0.073205 1.837664 0.424703
22.918 26 GPS 3 36027223 481373447 1056 243472 1242 471 0 100499720 31 0
22.967 26 WP_MOVED 2 360333.5 4813695. 260. 31
22.967 26 ATTITUDE -0.103205 1.829691 0.417482
23.051 26 NAVIGATION 4 0 -12.5 139. 0. 139.560913 15 9 9 0 0 0
23.150 26 FBW_STATUS 2 0 1 12.5 15.085539
23.152 26 ESTIMATOR 242.987595 4.450607
23.152 26 DESIRED -0.666341 0.24236 0.605919 27.407724 196.598343 260. 1.784601 14.
23.152 26 ATTITUDE -0.133205 1.819126 0.409894
23.167 26 GPS_SOL 699 699 699 7
23.167 26 GPS 3 36027511 481373370 1048 244534 1241 450 0 100499960 31 0
23.168 26 ATTITUDE -0.153205 1.810639 0.404658
23.268 26 DL_VALUE 24 0.
23.268 26 DESIRED -0.666341 0.242145 0.605919 27.407724 196.598343 260. 1.784601 14.
23.268 26 ATTITUDE -0.173205 1.80099 0.399266
23.301 26 NAVIGATION 4 0 -9.625 138.5 0. 138.834045 15 9 9 0 0 0
23.318 26 CIRCLE 49.5 100.099998 70.
23.368 26 ATTITUDE -0.203205 1.784332 0.390944
23.418 26 GPS 3 36027849 481373289 1033 245717 1241 413 0 100500240 31 0
23.468 26 WP_MOVED 3 360294.09375 4813785. 260. 31
23.468 26 DESIRED -0.667104 0.218551 0.583154 28.922138 196.932587 260. 1.627186 14.
23.468 26 ATTITUDE -0.223205 1.771758 0.385207
23.551 26 NAVIGATION 4 0 -6.28125 137.5 0. 137.643387 15 9 9 0 0 0
23.568 26 ESTIMATOR 245.488846 4.567119
23.568 26 ATTITUDE -0.253205 1.75068 0.376373
23.668 26 GPS 3 36028141 481373231 1012 246677 1242 381 0 100500480 31 0
23.668 26 DESIRED -0.668743 0.202969 0.55007 30.341145 197.223312 260. 1.52222 14.
23.668 26 ATTITUDE -0.273205 1.735144 0.37036
23.768 26 AIR_DATA 98404.601562 0. -1000. 1013.25 0. -1. -1.
23.768 26 NAVIGATION 4 0 -3.34375 136.5 0. 137.643387 15 9 9 0 0 0
23.768 26 ATTITUDE -0.303205 1.709594 0.361138
23.801 26 NAVIGATION 4 0 -3.34375 136.5 0. 136.540939 15 9 9 0 0 0
23.868 26 ENERGY 52 12.5 13.784918 172.311478 0.519389 6.492387
23.868 26 AIRSPEED 12.47944 14. 14. 6.
23.868 26 DESIRED -0.662752 0.18066 0.520051 31.561508 197.4561 260. 1.371471 14.
23.868 26 ATTITUDE -0.323205 1.691055 0.354899
23.920 26 GPS 3 36028436 481373186 986 247583 1245 375 0 100500720 31 0
23.976 26 WP_MOVED 4 360416.3125 4813734. 260. 31
23.976 26 ATTITUDE -0.363205 1.650323 0.342099
24.051 26 NAVIGATION 4 0 -0.375 136.5 0. 136.500519 16 10 10 0 0 0
24.068 26 ESTIMATOR 247.664139 4.600227
24.068 26 DESIRED -0.625671 0.169666 0.51308 34.223526 197.909149 260. 1.294032 14.
24.068 26 ATTITUDE -0.383205 1.628107 0.335571
24.168 26 GPS 3 36028735 481373158 954 248431 1249 360 0 100500960 31 0
24.168 26 ATTITUDE -0.403205 1.60465 0.328983
24.253 26 FBW_STATUS 2 0 1 12.5 13.564133
24.267 26 DESIRED -0.625671 0.169906 0.51308 34.223526 197.909149 260. 1.294032 14.
24.268 26 ATTITUDE -0.423205 1.579937 0.322343
24.301 26 NAVIGATION 4 0 2.625 136. 0. 136.02533 16 10 10 0 0 0
24.367 26 CIRCLE 49.5 100.099998 70.
24.367 26 ATTITUDE -0.453205 1.540501 0.312317
24.417 26 GPS 3 36029086 481373150 905 249342 1256 322 0 100501240 31 0
24.469 26 WP_MOVED 5 360421. 4813583.5 260. 31
24.469 26 DESIRED -0.59696 0.147271 0.49831 36.488304 198.236115 260. 1.138947 14.
24.469 26 ATTITUDE -0.473205 1.512607 0.305551
24.550 26 NAVIGATION 4 0 6.125 136. 0. 136.137848 16 10 10 0 0 0
24.567 26 ESTIMATOR 249.967163 4.515642
24.567 26 ATTITUDE -0.503205 1.468324 0.295323
24.668 26 GPS 3 36029389 481373170 862 250052 1263 300 0 100501480 31 0
24.668 26 DESIRED -0.524246 0.135041 0.498175 40.206783 198.657776 260. 1.052445 14.
24.669 26 ATTITUDE -0.522633 1.437185 0.288462
24.768 26 CALIBRATION 0. 0
24.768 26 DL_VALUE 25 70.
24.768 26 NAVIGATION 4 0 9.125 136.5 0. 136.137848 16 10 10 0 0 0
24.769 26 ATTITUDE -0.549863 1.38816 0.278123
24.801 26 NAVIGATION 4 0 9.125 136.5 0. 136.804657 16 10 10 0 0 0
24.868 26 AIRSPEED 12.781204 14. 14. 6.
24.868 26 DESIRED -0.459867 0.117951 0.513863 44.381432 198.962524 260. 0.932964 14.
24.868 26 ATTITUDE -0.566219 1.354062 0.271236
24.918 26 GPS 3 36029690 481373218 809 250693 1271 259 0 100501720 31 0
24.967 26 ENERGY 48 12.5 12.317993 153.974915 0.54352 6.794021
24.967 26 WP_MOVED 6 360164.8125 4813664.5 260. 31
24.967 26 ATTITUDE -0.585218 1.301208 0.260872
25.051 26 NAVIGATION 4 0 12.125 136.5 0. 137.03746 17 11 11 0 0 0
25.068 26 FBW_STATUS 2 0 1 12.5 12.261082
25.068 26 AIR_DATA 98357.757812 0. -1000. 1013.25 0. -1. -1.
25.068 26 ESTIMATOR 251.798111 4.327149
25.068 26 DESIRED -0.384856 0.107688 0.522791 48.191822 199.086304 260. 0.860378 14.
25.069 26 ATTITUDE -0.593679 1.26518 0.25396
25.167 26 GPS_SOL 699 699 699 7
25.167 26 GPS 3 36029988 481373298 750 251265 1281 239 0 100501960 31 0
25.167 26 ATTITUDE -0.598872 1.210644 0.243613
25.268 26 DESIRED -0.384856 0.108017 0.522791 48.191822 199.086304 260. 0.860378 14.
25.268 26 ATTITUDE -0.596301 1.174473 0.236732
25.301 26 NAVIGATION 4 0 15.125 137.5 0. 138.329376 17 11 11 0 0 0
25.367 26 ATTITUDE -0.583707 1.121347 0.226473
25.418 26 CIRCLE 49.5 100.099998 70.
25.419 26 GPS 3 36030324 481373431 672 251850 1295 203 0 100502240 31 0
25.468 26 WP_MOVED 7 360558.40625 4813804.5 260. 31
25.469 26 DESIRED -0.272613 0.093188 0.559786 53.66851 199.007141 260. 0.762574 14.
25.469 26 ATTITUDE -0.567786 1.08726 0.219655
25.550 26 NAVIGATION 4 0 18.5 139. 0. 140.225708 17 11 11 0 0 0
25.567 26 ESTIMATOR 253.29538 4.035972
25.567 26 ATTITUDE -0.537786 1.038879 0.209498
25.668 26 GPS 3 36030600 481373579 618 252299 1305 186 0 100502480 31 0
25.669 26 DESIRED -0.116376 0.08378 0.616228 60.617493 198.468689 260. 0.703315 14.
25.669 26 ATTITUDE -0.517786 1.008453 0.202793
25.768 26 NAVIGATION 4 0 21.25 140. 0. 140.225708 17 11 11 0 0 0
25.768 26 ATTITUDE -0.487786 0.965464 0.192826
25.800 26 NAVIGATION 4 0 21.25 140. 0. 141.603546 17 11 11 0 0 0
25.867 26 PPRZ_MODE 2 3 3 2 0 6
25.867 26 AIRSPEED 13.223771 14. 14. 6.
25.867 26 DESIRED -0.026328 0.071545 0.661789 66.180862 197.679443 260. 0.625655 14.
25.867 26 ATTITUDE -0.467786 0.938522 0.18626
25.918 26 GPS 3 36030864 481373753 565 252716 1316 165 0 100502720 31 0
25.918 26 SVINFO 5 12 1 5 48 87 272
25.968 26 WP_MOVED 8 360461.40625 4813640. 215. 31
25.968 26 ATTITUDE -0.437786 0.900604 0.1765
26.051 26 NAVIGATION 4 0 23.875 142. 0. 143.993103 18 12 12 0 0 0
26.067 26 ENERGY 42 12.5 10.819443 135.243042 0.564598 7.057503
26.067 26 ESTIMATOR 254.464493 3.666438
26.067 26 DESIRED 0.103932 0.064137 0.731956 72.695732 196.339066 260. 0.580675 14.
26.067 26 ATTITUDE -0.417786 0.876948 0.170083
26.151 26 COMMANDS 4131,3546,-735,0,0
26.167 26 GPS 3 36031115 481373949 519 253112 1325 144 0 100502960 31 0
26.167 26 ATTITUDE -0.387786 0.843837 0.160609
26.251 26 FBW_STATUS 2 0 1 12.5 10.615963
26.267 26 DL_VALUE 26 0.
26.267 26 DESIRED 0.103932 0.063436 0.731956 72.695732 196.339066 260. 0.580675 14.
26.267 26 ATTITUDE -0.367786 0.823309 0.1544
26.301 26 NAVIGATION 4 0 26.40625 144. 0. 146.401123 18 12 12 0 0 0
26.369 26 AIR_DATA 98329.554688 0. -1000. 1013.25 0. -1. -1.
26.369 26 ATTITUDE -0.337786 0.794788 0.145273
26.417 26 GPS 3 36031391 481374200 471 253549 1334 159 0 100503240 31 0
26.468 26 COMMANDS 4045,3807,-633,0,0
26.468 26 CIRCLE 49.5 100.099998 70.
26.468 26 WP_MOVED 9 360312.8125 4813652. 185. 31
26.468 26 DESIRED 0.216913 0.053938 0.802998 78.861443 194.640503 260. 0.52224 14.
26.468 26 ATTITUDE -0.317786 0.777259 0.139303
26.551 26 NAVIGATION 4 0 29.15625 146.5 0. 149.373138 18 12 12 0 0 0
26.568 26 ESTIMATOR 255.353943 3.257539
26.568 26 ATTITUDE -0.287786 0.753151 0.130544
26.669 26 GPS 3 36031616 481374430 443 253900 1340 154 0 100503480 31 0
26.669 26 DESIRED 0.353009 0.047982 0.888085 85.500763 192.316833 260. 0.487371 14.
26.670 26 ATTITUDE -0.267786 0.738514 0.124851
26.768 26 NAVIGATION 4 0 31.40625 149. 0. 149.373138 18 12 12 0 0 0
26.768 26 ATTITUDE -0.237786 0.718678 0.116526
26.801 26 NAVIGATION 4 0 31.40625 149. 0. 152.273941 18 12 12 0 0 0
26.868 26 CALIBRATION 0. 0
26.868 26 AIRSPEED 13.498882 14. 14. 6.
26.868 26 DESIRED 0.441679 0.04051 0.966592 90.858505 190.041504 260. 0.442228 14.
26.868 26 ATTITUDE -0.217786 0.706848 0.111137
26.918 26 GPS 3 36031831 481374671 417 254226 1346 128 0 100503720 31 0
26.968 26 WP_MOVED 10 360452.8125 4813581. 260. 31
26.968 26 ATTITUDE -0.187786 0.691168 0.103275
27.052 26 NAVIGATION 4 0 33.5625 151. 0. 154.684982 19 13 13 0 0 0
27.068 26 DATALINK_REPORT 10 5 1484 812 0 0
27.068 26 FBW_STATUS 2 0 1 12.5 9.985973
27.068 26 ESTIMATOR 256.030762 2.845607
27.069 26 DESIRED 0.526162 0.035942 1.033656 95.385315 187.818512 260. 0.416373 14.
27.069 26 ATTITUDE -0.167786 0.682075 0.098192
27.168 26 ALIVE 128,247,33,237,150,226,125,96,211,120,85,14,103,22,52,69
27.168 26 GPS_SOL 699 699 699 7
27.168 26 ENERGY 40 12.5 9.890873 123.63591 0.583464 7.293329
27.168 26 GPS 3 36032039 481374921 397 254525 1352 107 0 100503960 31 0
27.169 26 ATTITUDE -0.137786 0.670456 0.090812
27.212 26 WIND_INFO 26 5 1. 2.6 0. 11.6
27.212 26 WIND_INFO_RET 5 1. 2.6 0. 13.575478
27.268 26 DESIRED 0.526162 0.035303 1.033656 95.385315 187.818512 260. 0.416373 14.
27.269 26 ATTITUDE -0.117786 0.664043 0.086057
27.302 26 NAVIGATION 4 0 35.65625 153.5 0. 157.586853 19 13 13 0 0 0
27.368 26 ATTITUDE -0.087786 0.656408 0.079183
27.418 26 GPS 3 36032274 481375220 380 254837 1359 95 0 100504240 31 0
27.418 26 SVINFO 4 11 1 4 48 81 223
27.470 26 WP_MOVED 11 360169.5 4813757.5 260. 31
27.471 26 DESIRED 0.613014 0.029749 1.1083 99.693466 185.426514 260. 0.383304 14.
27.472 26 ATTITUDE -0.067786 0.652631 0.074764
27.519 26 CIRCLE 49.5 100.099998 70.
27.551 26 NAVIGATION 4 0 37.96875 157. 0. 161.525925 19 13 13 0 0 0
27.568 26 ESTIMATOR 256.530792 2.447078
27.568 26 ATTITUDE -0.037786 0.648921 0.068393
27.668 26 AIR_DATA 98306.710938 0. -1000. 1013.25 0. -1. -1.
27.669 26 GPS 3 36032473 481375480 373 255072 1365 87 0 100504480 31 0
27.669 26 DESIRED 0.717336 0.026302 1.201855 104.20192 182.608795 260. 0.36392 14.
27.669 26 ATTITUDE -0.017786 0.647745 0.064323
27.768 26 DL_VALUE 27 2.
27.769 26 NAVIGATION 4 0 39.96875 159.5 0. 161.525925 19 13 13 0 0 0
27.769 26 ATTITUDE 0.012214 0.647916 0.058474
27.803 26 NAVIGATION 4 0 39.96875 159.5 0. 164.431595 19 13 13 0 0 0
27.869 26 AIRSPEED 13.755082 14. 14. 6.
27.869 26 DESIRED 0.772273 0.023335 1.272035 107.52565 180.306137 260. 0.339904 14.
27.870 26 ATTITUDE 0.032214 0.649315 0.054755
27.918 26 GPS 3 36032672 481375742 371 255277 1371 88 0 100504720 31 0
27.918 26 SVINFO 6 13 1 6 47 53 323
27.968 26 WP_MOVED 0 360326. 4813637. 260. 31
27.968 26 ATTITUDE 0.062214 0.653336 0.049435
28.050 26 NAVIGATION 4 0 41.96875 162. 0. 167.348068 20 14 14 0 0 0
28.067 26 ESTIMATOR 256.882843 2.070686
28.068 26 DESIRED 0.832125 0.022688 1.340961 110.533157 178.041992 260. 0.32699 14.
28.068 26 ATTITUDE 0.082214 0.657297 0.046068
28.168 26 GPS 3 36032873 481376005 374 255452 1378 71 0 100504960 31 0
28.168 26 ATTITUDE 0.112214 0.665154 0.041292
28.251 26 FBW_STATUS 2 0 1 12.5 9.190907
28.269 26 ENERGY 38 12.5 9.190907 114.88633 0.600932 7.511677
28.271 26 DESIRED 0.832125 0.024024 1.340961 110.533157 178.041992 260. 0.32699 14.
28.271 26 ATTITUDE 0.132214 0.67167 0.038292
28.301 26 NAVIGATION 4 0 43.96875 164.5 0. 170.27478 20 14 14 0 0 0
28.369 26 ATTITUDE 0.162214 0.683364 0.034072
28.417 26 GPS 3 36033113 481376310 384 255621 1386 67 0 100505240 31 0
28.468 26 WP_MOVED 1 360284. 4813595. 260. 31
28.468 26 DESIRED 0.872665 0.023141 1.408654 113.253059 175.833405 260. 0.311947 14.
28.468 26 ATTITUDE 0.182214 0.692442 0.031442
28.551 26 NAVIGATION 4 0 46.375 167.5 0. 173.8013 20 14 14 0 0 0
28.567 26 CIRCLE 49.5 100.099998 70.
28.568 26 ESTIMATOR 257.100037 1.717644
28.568 26 ATTITUDE 0.212214 0.707989 0.027775
28.667 26 GPS 3 36033327 481376566 398 255736 1392 47 0 100505480 31 0
28.668 26 DESIRED 0.872665 0.023451 1.488372 116.182816 173.266937 260. 0.304206 14.
28.668 26 ATTITUDE 0.242214 0.725863 0.024439
28.768 26 NAVIGATION 4 0 48.53125 170.5 0. 173.8013 20 14 14 0 0 0
28.768 26 ATTITUDE 0.262214 0.739079 0.0224
28.801 26 NAVIGATION 4 0 48.53125 170.5 0. 177.272476 20 14 14 0 0 0
28.868 26 AIRSPEED 14.037872 14. 14. 6.
28.868 26 DESIRED 0.872665 0.02368 1.562846 118.53022 171.056519 260. 0.296504 14.
28.868 26 ATTITUDE 0.282214 0.753342 0.020507
28.918 26 GPS 3 36033551 481376817 417 255824 1399 27 0 100505720 31 0
28.969 26 CALIBRATION 0. 0
28.969 26 AIR_DATA 98297.945312 0. -1000. 1013.25 0. -1. -1.
28.969 26 WP_MOVED 2 360333.5 4813695. 260. 31
28.969 26 ATTITUDE 0.312214 0.776713 0.017935
29.051 26 NAVIGATION 4 0 50.78125 173. 0. 180.299011 21 15 15 0 0 0
29.069 26 FBW_STATUS 2 0 1 12.5 8.705496
29.069 26 ESTIMATOR 257.198853 1.389655
29.070 26 DESIRED 0.872665 0.024749 1.629935 120.719284 168.8591 260. 0.29384 14.
29.070 26 ATTITUDE 0.332214 0.793623 0.016395
29.167 26 GPS_SOL 697 697 697 7
29.167 26 GPS 3 36033787 481377058 442 255886 1406 15 0 100505960 31 0
29.167 26 ATTITUDE 0.362214 0.821003 0.014344
29.267 26 DL_VALUE 28 0.
29.267 26 DESIRED 0.872665 0.026247 1.629935 120.719284 168.8591 260. 0.29384 14.
29.267 26 ATTITUDE 0.382214 0.840615 0.013145
29.300 26 NAVIGATION 4 0 53.125 175. 0. 182.885941 21 15 15 0 0 0
29.368 26 ENERGY 35 12.5 8.546078 106.825974 0.617156 7.714477
29.368 26 ATTITUDE 0.412214 0.872097 0.011593
29.417 26 GPS 3 36034079 481377325 481 255927 1414 9 0 100506240 31 0
29.418 26 SVINFO 5 12 1 5 47 85 274
29.468 26 WP_MOVED 3 360294.09375 4813785. 260. 31
29.468 26 DESIRED 0.872665 0.027687 1.690289 122.802055 166.634262 260. 0.293277 14.
29.468 26 ATTITUDE 0.432214 0.894479 0.01072
29.551 26 NAVIGATION 4 0 56.0625 177.5 0. 186.143097 21 15 15 0 0 0
29.568 26 ESTIMATOR 257.187866 1.085189
29.569 26 ATTITUDE 0.462214 0.930178 0.009645
29.619 26 CIRCLE 49.5 100.099998 70.
29.668 26 GPS 3 36034347 481377537 516 255936 1420 1 0 100506480 31 0
29.669 26 DESIRED 0.872665 0.029498 1.764626 125.163605 163.935883 260. 0.294993 14.
29.669 26 ATTITUDE 0.482214 0.955415 0.009079
29.768 26 NAVIGATION 4 0 58.71875 180. 0. 186.143097 21 15 15 0 0 0
29.769 26 ATTITUDE 0.512214 0.99547 0.008452
29.801 26 NAVIGATION 4 0 58.71875 180. 0. 189.335388 21 15 15 0 0 0
29.868 26 AIRSPEED 14.313246 14. 14. 6.
29.868 26 DESIRED 0.872665 0.031934 1.83358 127.061951 161.615402 260. 0.300685 14.
29.869 26 ATTITUDE 0.532214 1.023665 0.008176
29.917 26 GPS 3 36034630 481377729 558 255921 1427 4 0 100506720 31 0
29.967 26 WP_MOVED 4 360416.3125 4813734. 260. 31
29.967 26 ATTITUDE 0.562214 1.068244 0.00797
30.051 26 NAVIGATION 4 0 61.5625 182. 0. 192.130005 22 16 16 0 0 0
30.068 26 ESTIMATOR 257.078339 0.803941
30.068 26 DESIRED 0.872665 0.034421 1.89766 128.952698 159.153107 260. 0.306482 14.
30.068 26 ATTITUDE 0.582214 1.099518 0.007966
30.168 26 GPS 3 36034931 481377897 607 255880 1433 -19 0 100506960 31 0
30.168 26 ATTITUDE 0.612214 1.14882 0.00815
30.251 26 FBW_STATUS 2 0 1 12.5 8.065857
30.268 26 AIR_DATA 98297.289062 0. -1000. 1013.25 0. -1. -1.
30.268 26 DESIRED 0.872665 0.036076 1.89766 128.952698 159.153107 260. 0.306482 14.
30.268 26 ATTITUDE 0.632214 1.183317 0.008397
30.301 26 NAVIGATION 4 0 64.5625 183.5 0. 194.52652 22 16 16 0 0 0
30.367 26 ATTITUDE 0.662214 1.237575 0.008942
30.418 26 GPS 3 36035301 481378055 678 255799 1441 -15 0 100507240 31 0
30.468 26 AUTOPILOT_VERSION 51500 v5.15_devel-179-g9a29798-dirty
30.468 26 ENERGY 33 12.5 7.978399 99.729988 0.632279 7.903506
30.469 26 WP_MOVED 5 360421. 4813583.5 260. 31
30.469 26 DESIRED 0.872665 0.039507 1.957142 130.82666 156.544434 260. 0.318029 14.
30.469 26 ATTITUDE 0.682214 1.275464 0.00942
30.551 26 NAVIGATION 4 0 71.625 186. 0. 199.314178 22 16 16 0 0 0
30.567 26 ESTIMATOR 256.874207 0.542549
30.568 26 ATTITUDE 0.712214 1.334952 0.010301
30.668 26 CIRCLE 49.5 100.099998 70.
30.669 26 GPS 3 36035635 481378153 736 255699 1447 -20 0 100507480 31 0
30.669 26 SVINFO 3 10 1 3 48 48 175
30.669 26 DESIRED 0.872665 0.042733 2.083979 134.747406 150.427734 260. 0.327896 14.
30.669 26 ATTITUDE 0.732214 1.376431 0.01099
30.768 26 PPRZ_MODE 2 3 3 2 0 6
30.768 26 DL_VALUE 29 0.
30.768 26 NAVIGATION 4 0 71.625 186. 0. 199.314178 22 16 16 0 0 0
30.769 26 ATTITUDE 0.762214 1.441469 0.012173
30.802 26 NAVIGATION 4 0 75.0625 186.5 0. 201.038879 22 16 16 0 0 0
30.868 26 AIRSPEED 14.596235 14. 14. 6.
30.868 26 DESIRED 0.872665 0.047199 2.138101 136.4832 147.364395 260. 0.345612 14.
30.868 26 ATTITUDE 0.782214 1.486767 0.013053
30.919 26 GPS 3 36035979 481378209 807 255568 1454 -48 0 100507720 31 0
30.970 26 WP_MOVED 6 360164.8125 4813664.5 260. 31
30.970 26 ATTITUDE 0.812214 1.557733 0.014515
31.051 26 NAVIGATION 4 0 78.53125 186.5 0. 202.359604 23 17 17 0 0 0
31.068 26 CALIBRATION 0. 0
31.068 26 FBW_STATUS 2 0 1 12.5 7.648613
31.068 26 ESTIMATOR 256.573242 0.295833
31.069 26 DESIRED 0.810382 0.051163 2.188336 138.150085 144.158646 260. 0.359467 14.
31.069 26 ATTITUDE 0.832214 1.607123 0.015578
31.151 26 COMMANDS 3149,-222,229,0,0
31.167 26 NAVIGATION_REF 360284 4813595 31 185.
31.168 26 GPS_SOL 694 694 694 7
31.168 26 GPS 3 36036330 481378218 885 255401 1461 -69 0 100507960 31 0
31.168 26 ATTITUDE 0.86063 1.684358 0.017298
31.269 26 DESIRED 0.810382 0.052964 2.188336 138.150085 144.158646 260. 0.359467 14.
31.269 26 ATTITUDE 0.872665 1.737539 0.018526
31.301 26 NAVIGATION 4 0 82.625 186.5 0. 203.983185 23 17 17 0 0 0
31.368 26 ATTITUDE 0.872665 1.817389 0.02048
31.418 26 GPS 3 36036737 481378160 995 255157 1471 -90 0 100508240 31 0
31.419 26 SVINFO 6 13 1 6 46 46 325
31.468 26 COMMANDS 3085,-1196,235,0,0
31.469 26 WP_MOVED 7 360558.40625 4813804.5 260. 31
31.469 26 DESIRED 0.695119 0.057733 2.24832 139.919785 140.402145 260. 0.383515 14.
31.469 26 ATTITUDE 0.872665 1.870493 0.021861
31.551 26 NAVIGATION 4 0 86. 185. 0. 204.012253 23 17 17 0 0 0
31.569 26 AIR_DATA 98305.710938 0. -1000. 1013.25 0. -1. -1.
31.569 26 ENERGY 31 12.5 7.366293 92.078659 0.646362 8.079542
31.569 26 ESTIMATOR 256.161346 0.054245
31.569 26 ATTITUDE 0.869815 1.94979 0.024034
31.667 26 GPS 3 36037075 481378051 1079 254919 1479 -123 0 100508480 31 0
31.668 26 DESIRED 0.616746 0.061548 2.286703 141.456238 136.761292 260. 0.402675 14.
31.669 26 ATTITUDE 0.861603 2.001847 0.025541
31.718 26 CIRCLE 49.5 100.099998 70.
31.768 26 NAVIGATION 4 0 86. 185. 0. 204.012253 23 17 17 0 0 0
31.768 26 ATTITUDE 0.837292 2.077333 0.027892
31.802 26 NAVIGATION 4 0 89.15625 183.5 0. 204.012466 23 17 17 0 0 0
31.868 26 AIRSPEED 14.91217 14. 14. 6.
31.868 26 DESIRED 0.516356 0.066623 2.323679 142.776794 133.257812 260. 0.434885 14.
31.869 26 ATTITUDE 0.817292 2.125435 0.029503
31.918 26 GPS 3 36037393 481377890 1168 254681 1486 -119 0 100508720 31 0
31.967 26 WP_MOVED 8 360461.40625 4813640. 215. 31
31.968 26 ATTITUDE 0.787292 2.194307 0.031999
32.052 26 NAVIGATION 4 0 92.125 181.5 0. 203.541809 24 18 18 0 0 0
32.067 26 ESTIMATOR 255.631836 -0.185476
32.067 26 DESIRED 0.42761 0.070059 2.356198 143.98497 129.639648 260. 0.45822 14.
32.068 26 ATTITUDE 0.767292 2.238133 0.033705
32.167 26 DATALINK_REPORT 5 6 1672 837 0 0
32.167 26 GPS 3 36037686 481377684 1250 254477 1491 -120 0 100508960 31 0
32.168 26 SVINFO 2 9 0 2 48 10 126
32.168 26 ATTITUDE 0.737292 2.3009 0.036316
32.252 26 FBW_STATUS 2 0 1 12.5 7.153881
32.269 26 ALIVE 128,247,33,237,150,226,125,96,211,120,85,14,103,22,52,69
32.269 26 DL_VALUE 30 0.
32.270 26 DESIRED 0.42761 0.069707 2.356198 143.98497 129.639648 260. 0.45822 14.
32.270 26 ATTITUDE 0.717292 2.340847 0.038087
32.302 26 NAVIGATION 4 0 95.15625 178.5 0. 202.279419 24 18 18 0 0 0
32.368 26 ATTITUDE 0.687292 2.398052 0.040767
32.417 26 GPS 3 36037992 481377400 1340 254316 1492 -88 0 100509240 31 0
32.472 26 WP_MOVED 9 360312.8125 4813652. 185. 31
32.473 26 DESIRED 0.313676 0.074482 2.385988 145.21698 125.363808 260. 0.494281 14.
32.474 26 ATTITUDE 0.667292 2.434448 0.042579
32.552 26 NAVIGATION 4 0 97.5 175.5 0. 200.764786 24 18 18 0 0 0
32.568 26 ESTIMATOR 255.062073 -0.390212
32.569 26 ATTITUDE 0.637292 2.486531 0.045313
32.668 26 ENERGY 31 12.5 7.330799 91.634987 0.659626 8.245343
32.668 26 GPS 3 36038222 481377126 1399 254252 1488 -65 0 100509480 31 0
32.669 26 SVINFO 4 11 1 4 47 86 226
32.669 26 DESIRED 0.258022 0.076969 2.407817 146.141266 121.558434 260. 0.517989 14.
32.669 26 ATTITUDE 0.607292 2.535716 0.048043
32.768 26 CIRCLE 49.5 100.099998 70.
32.768 26 NAVIGATION 4 0 97.5 175.5 0. 200.764786 24 18 18 0 0 0
32.769 26 ATTITUDE 0.587292 2.566948 0.049854
32.800 26 NAVIGATION 4 0 97.5 175.5 0. 200.764786 24 18 18 0 0 0
32.868 26 AIR_DATA 98316.265625 0. -1000. 1013.25 0. -1. -1.
32.868 26 AIRSPEED 14.774749 14. 14. 6.
32.868 26 DESIRED 0.282152 0.080852 2.407817 146.141266 121.558434 260. 0.55005 14.
32.868 26 ATTITUDE 0.567292 2.596969 0.051655
32.918 26 GPS 3 36038422 481376832 1457 254255 1482 -51 0 100509720 31 0
32.918 26 SVINFO 5 12 0 5 46 82 276
32.967 26 WP_MOVED 10 360452.8125 4813581. 260. 31
32.968 26 ATTITUDE 0.537292 2.639778 0.054347
33.051 26 NAVIGATION 4 0 99.5 173. 0. 199.572662 25 19 19 0 0 0
33.068 26 FBW_STATUS 2 0 1 12.5 7.58005
33.069 26 ESTIMATOR 254.585876 -0.509733
33.069 26 DESIRED 0.188605 0.082281 2.429008 146.819946 118.233658 260. 0.567942 14.
33.070 26 ATTITUDE 0.517292 2.666869 0.056118
33.170 26 CALIBRATION 0. 0
33.174 26 GPS_SOL 690 690 690 7
33.174 26 GPS 3 36038595 481376523 1508 254315 1472 -31 0 100509960 31 0
33.175 26 ATTITUDE 0.487292 2.705382 0.058724
33.268 26 DESIRED 0.188605 0.080905 2.429008 146.819946 118.233658 260. 0.567942 14.
33.269 26 ATTITUDE 0.467292 2.729665 0.060423
33.301 26 NAVIGATION 4 0 101.21875 169.5 0. 197.422104 25 19 19 0 0 0
33.368 26 ATTITUDE 0.437292 2.764039 0.062897
33.418 26 GPS 3 36038763 481376151 1563 254450 1459 10 0 100510240 31 0
33.468 26 WP_MOVED 11 360169.5 4813757.5 260. 31
33.469 26 DESIRED 0.124036 0.082537 2.443424 147.456665 114.399986 260. 0.588495 14.
33.469 26 ATTITUDE 0.417292 2.785605 0.064498
33.551 26 NAVIGATION 4 0 102.875 166. 0. 195.29277 25 19 19 0 0 0
33.568 26 ESTIMATOR 254.308868 -0.517441
33.568 26 ATTITUDE 0.387292 2.815957 0.066814
33.668 26 GPS 3 36038883 481375824 1598 254609 1449 16 0 100510480 31 0
33.669 26 DESIRED 0.051705 0.082314 2.459982 147.953613 110.43856 260. 0.597 14.
33.670 26 ATTITUDE 0.367292 2.834873 0.068293
33.768 26 DL_VALUE 31 0.
33.769 26 ENERGY 34 12.5 8.144447 101.805588 0.673804 8.422567
33.769 26 NAVIGATION 4 0 104.09375 162.5 0. 195.29277 25 19 19 0 0 0
33.770 26 ATTITUDE 0.337292 2.861289 0.070405
33.802 26 NAVIGATION 4 0 104.09375 162.5 0. 192.981232 25 19 19 0 0 0
33.818 26 CIRCLE 49.5 100.099998 70.
33.868 26 AIRSPEED 14.331223 14. 14. 6.
33.868 26 DESIRED 0.018154 0.081588 2.471963 148.27533 106.690643 260. 0.602298 14.
33.869 26 ATTITUDE 0.317292 2.877605 0.071735
33.918 26 GPS 3 36038983 481375493 1631 254801 1439 40 0 100510720 31 0
33.968 26 WP_MOVED 0 360326. 4813637. 260. 31
33.968 26 ATTITUDE 0.287292 2.900151 0.073608
34.050 26 NAVIGATION 4 0 105.09375 159.5 0. 191.01033 26 20 20 0 0 0
34.068 26 ESTIMATOR 254.272507 -0.420166
34.069 26 DESIRED -0.020315 0.079845 2.483954 148.440765 103.374901 260. 0.600814 14.
34.069 26 ATTITUDE 0.267292 2.913902 0.074769
34.168 26 AIR_DATA 98307.328125 0. -1000. 1013.25 0. -1. -1.
34.168 26 GPS 3 36039066 481375161 1659 255019 1428 52 0 100510960 31 0
34.169 26 SVINFO 3 10 1 3 47 54 177
34.169 26 ATTITUDE 0.237292 2.932621 0.076373
34.251 26 FBW_STATUS 2 0 1 12.5 8.503273
34.268 26 DESIRED -0.020315 0.078336 2.483954 148.440765 103.374901 260. 0.600814 14.
34.268 26 ATTITUDE 0.217292 2.943833 0.077348
34.301 26 NAVIGATION 4 0 105.875 156. 0. 188.535187 26 20 20 0 0 0
34.368 26 ATTITUDE 0.187292 2.958755 0.078664
34.418 26 GPS 3 36039147 481374772 1686 255297 1417 69 0 100511240 31 0
34.467 26 WP_MOVED 1 360284. 4813595. 260. 31
34.468 26 DESIRED -0.051763 0.075456 2.493788 148.494064 99.681183 260. 0.59154 14.
34.468 26 ATTITUDE 0.167292 2.967442 0.079437
34.551 26 NAVIGATION 4 0 106.71875 152.5 0. 186.13205 26 20 20 0 0 0
34.568 26 ESTIMATOR 254.469727 -0.243424
34.569 26 ATTITUDE 0.137292 2.978584 0.08044
34.667 26 GPS 3 36039205 481374438 1701 255551 1409 81 0 100511480 31 0
34.667 26 DESIRED -0.078385 0.072287 2.50809 148.399445 95.752464 260. 0.580126 14.
34.667 26 ATTITUDE 0.117292 2.984754 0.081003
34.768 26 NAVIGATION 4 0 107.28125 149. 0. 186.13205 26 20 20 0 0 0
34.768 26 ATTITUDE 0.087292 2.992122 0.081683
34.801 26 NAVIGATION 4 0 107.28125 149. 0. 183.603561 26 20 20 0 0 0
34.869 26 ENERGY 36 12.5 8.730082 109.126022 0.689403 8.617571
34.869 26 CIRCLE 49.5 100.099998 70.
34.869 26 AIRSPEED 13.983118 14. 14. 6.
34.870 26 DESIRED -0.084161 0.067431 2.520446 148.153671 91.887047 260. 0.557192 14.
34.870 26 ATTITUDE 0.067292 2.995775 0.082029
34.918 26 GPS 3 36039256 481374106 1712 255814 1402 75 0 100511720 31 0
34.918 26 SVINFO 6 13 1 6 45 40 327
34.969 26 WP_MOVED 2 360333.5 4813695. 260. 31
34.969 26 ATTITUDE 0.037292 2.999362 0.082371
35.052 26 NAVIGATION 4 0 107.8125 145.5 0. 181.090546 27 21 21 0 0 0
35.069 26 FBW_STATUS 2 0 1 12.5 8.825502
35.069 26 ESTIMATOR 254.86731 -0.019181
35.070 26 DESIRED -0.084724 0.063231 2.535745 147.736496 87.869278 260. 0.538419 14.
35.070 26 ATTITUDE 0.017292 3.000491 0.082483
35.173 26 GPS_SOL 685 685 685 7
35.173 26 GPS 3 36039304 481373774 1718 256080 1395 80 0 100511960 31 0
35.173 26 ATTITUDE -0.012708 3.000285 0.082479
35.268 26 CALIBRATION 0. 0
35.268 26 DL_VALUE 32 0.
35.268 26 DESIRED -0.084724 0.06304 2.535745 147.736496 87.869278 260. 0.538419 14.
35.269 26 ATTITUDE -0.032708 2.998877 0.08236
35.301 26 NAVIGATION 4 0 108.28125 142. 0. 178.574432 27 21 21 0 0 0
35.369 26 ATTITUDE -0.06207 2.994874 0.082021
35.419 26 GPS 3 36039359 481373389 1718 256389 1389 112 0 100512240 31 0
35.419 26 SVINFO 1 8 1 1 48 0 78
35.468 26 AIR_DATA 98291.359375 0. -1000. 1013.25 0. -1. -1.
35.468 26 WP_MOVED 3 360294.09375 4813785. 260. 31
35.468 26 DESIRED -0.076915 0.058609 2.553541 147.13208 83.730003 260. 0.506096 14.
35.469 26 ATTITUDE -0.080267 2.991008 0.081681
35.551 26 NAVIGATION 4 0 108.84375 138.5 0. 176.151108 27 21 21 0 0 0
35.568 26 ESTIMATOR 255.410522 0.219254
35.568 26 ATTITUDE -0.1045 2.98359 0.08102
35.668 26 PPRZ_MODE 2 3 3 2 0 6
35.668 26 GPS 3 36039410 481373060 1712 256649 1385 102 0 100512480 31 0
35.669 26 DESIRED -0.054162 0.055205 2.577047 146.29776 79.35894 260. 0.481436 14.
35.669 26 ATTITUDE -0.11755 2.977728 0.080478
35.768 26 NAVIGATION 4 0 109.34375 135. 0. 176.151108 27 21 21 0 0 0
35.768 26 ATTITUDE -0.131814 2.967912 0.079525
35.801 26 NAVIGATION 4 0 109.34375 135. 0. 173.726959 27 21 21 0 0 0
35.867 26 AIRSPEED 13.813298 14. 14. 6.
35.868 26 DESIRED -0.023039 0.049376 2.603299 145.232712 74.895874 260. 0.442241 14.
35.868 26 ATTITUDE -0.13746 2.960911 0.078802
35.917 26 CIRCLE 49.5 100.099998 70.
35.917 26 GPS 3 36039465 481372733 1703 256899 1382 102 0 100512720 31 0
35.968 26 ENERGY 36 12.5 8.807014 110.087677 0.70559 8.819905
35.973 26 WP_MOVED 4 360416.3125 4813734. 260. 31
35.973 26 ATTITUDE -0.139137 2.950179 0.07757
36.052 26 NAVIGATION 4 0 109.875 132. 0. 171.745499 28 22 22 0 0 0
36.067 26 ESTIMATOR 256.042603 0.44389
36.068 26 DESIRED 0.014814 0.045033 2.631007 144.093445 70.909561 260. 0.415131 14.
36.068 26 ATTITUDE -0.13609 2.94313 0.076664
36.152 26 COMMANDS 3529,1085,-239,0,0
36.169 26 GPS 3 36039528 481372408 1691 257138 1380 108 0 100512959 31 0
36.170 26 SVINFO 4 11 0 4 46 88 228
36.170 26 ATTITUDE -0.125289 2.933139 0.075183
36.252 26 FBW_STATUS 2 0 1 12.5 8.788538
36.270 26 DESIRED 0.014814 0.044439 2.631007 144.093445 70.909561 260. 0.415131 14.
36.271 26 ATTITUDE -0.113806 2.927133 0.074114
36.303 26 NAVIGATION 4 0 110.53125 128.5 0. 169.497513 28 22 22 0 0 0
36.373 26 ATTITUDE -0.091301 2.919484 0.072403
36.418 26 GPS 3 36039609 481372030 1677 257404 1379 102 0 100513240 31 0
36.418 26 SVINFO 5 12 1 5 45 78 278
36.469 26 COMMANDS 3507,997,-261,0,0
36.469 26 WP_MOVED 5 360421. 4813583.5 260. 31
36.470 26 DESIRED 0.063667 0.037363 2.667728 142.497742 66.167419 260. 0.373966 14.
36.470 26 ATTITUDE -0.072497 2.915514 0.071178
36.552 26 NAVIGATION 4 0 111.34375 125. 0. 167.399017 28 22 22 0 0 0
36.568 26 ESTIMATOR 256.702972 0.63226
36.568 26 ATTITUDE -0.042497 2.911476 0.069228
36.672 26 GPS 3 36039683 481371708 1670 257621 1378 93 0 100513480 31 0
36.672 26 SVINFO 6 13 1 6 44 37 328
36.672 26 DESIRED 0.120254 0.032124 2.711263 140.578735 61.309998 260. 0.345858 14.
36.672 26 ATTITUDE -0.022497 2.910067 0.067862
36.768 26 DL_VALUE 33 0.
36.768 26 AIR_DATA 98277. 0. -1000. 1013.25 0. -1. -1.
36.768 26 NAVIGATION 4 0 112.09375 121.5 0. 167.399017 28 22 22 0 0 0
36.769 26 ATTITUDE 0.007503 2.909875 0.065705
36.801 26 NAVIGATION 4 0 112.09375 121.5 0. 165.309586 28 22 22 0 0 0
36.869 26 AIRSPEED 13.784513 14. 14. 6.
36.871 26 DESIRED 0.162609 0.025887 2.757231 138.381104 56.5093 260. 0.304513 14.
36.872 26 ATTITUDE 0.027503 2.911028 0.064208
36.918 26 GPS 3 36039759 481371386 1667 257828 1378 77 0 100513720 31 0
36.918 26 SVINFO 0 7 0 0 48 25 29
36.969 26 CIRCLE 49.5 100.099998 70.
36.969 26 WP_MOVED 6 360164.8125 4813664.5 260. 31
36.970 26 ATTITUDE 0.057503 2.914682 0.061862
37.052 26 NAVIGATION 4 0 112.84375 118.5 0. 163.633621 29 23 23 0 0 0
37.070 26 FBW_STATUS 2 0 1 12.5 8.561377
37.070 26 ENERGY 35 12.5 8.558315 106.978943 0.721518 9.019016
37.071 26 ESTIMATOR 257.351532 0.7743
37.071 26 DESIRED 0.1988 0.022643 2.801273 136.247803 52.404953 260. 0.277824 14.
37.071 26 ATTITUDE 0.077503 2.918402 0.060242
37.168 26 GPS_SOL 678 678 678 7
37.168 26 GPS 3 36039833 481371063 1669 258024 1378 67 0 100513959 31 0
37.169 26 ATTITUDE 0.107503 2.925915 0.057742
37.212 26 WIND_INFO 26 5 1.3 1. 0. 13.6
37.212 26 WIND_INFO_RET 5 1.3 1. 0. 13.78903
37.269 26 DATALINK_REPORT 0 7 1864 839 0 0
37.269 26 DESIRED 0.1988 0.023448 2.801273 136.247803 52.404953 260. 0.277824 14.
37.270 26 ATTITUDE 0.127503 2.932215 0.056033
37.301 26 NAVIGATION 4 0 113.5625 115. 0. 161.621292 29 23 23 0 0 0
37.368 26 ALIVE 128,247,33,237,150,226,125,96,211,120,85,14,103,22,52,69
37.368 26 CALIBRATION 0. 0
37.368 26 ATTITUDE 0.157503 2.943612 0.053425
37.419 26 GPS 3 36039915 481370686 1680 258232 1379 60 0 100514240 31 0
37.420 26 SVINFO 2 9 1 2 47 17 129
37.468 26 WP_MOVED 7 360558.40625 4813804.5 260. 31
37.468 26 DESIRED 0.235101 0.01855 2.85275 133.537857 47.77755 260. 0.239524 14.
37.468 26 ATTITUDE 0.177503 2.952514 0.051651
37.553 26 NAVIGATION 4 0 114.40625 111.5 0. 159.753052 29 23 23 0 0 0
37.568 26 ESTIMATOR 257.952026 0.865407
37.569 26 ATTITUDE 0.207355 2.967831 0.048955
37.667 26 GPS 3 36039976 481370360 1693 258390 1380 45 0 100514480 31 0
37.667 26 DESIRED 0.263092 0.015742 2.90922 130.553955 43.264641 260. 0.214832 14.
37.668 26 ATTITUDE 0.226793 2.979333 0.047146
37.768 26 NAVIGATION 4 0 115. 108. 0. 159.753052 29 23 23 0 0 0
37.769 26 ATTITUDE 0.255211 2.998497 0.044417
37.801 26 NAVIGATION 4 0 115. 108. 0. 157.762482 29 23 23 0 0 0
37.868 26 AIRSPEED 13.837461 14. 14. 6.
37.868 26 DESIRED 0.286692 0.011501 2.964121 127.378349 38.985657 260. 0.180521 14.
37.868 26 ATTITUDE 0.27292 3.012486 0.042601
37.919 26 GPS 3 36040027 481370032 1712 258526 1382 28 0 100514720 31 0
37.968 26 WP_MOVED 8 360461.40625 4813640. 215. 31
37.968 26 ATTITUDE 0.297648 3.035169 0.03987
38.017 26 CIRCLE 49.5 100.099998 70.
38.052 26 NAVIGATION 4 0 115.53125 105. 0. 156.116837 30 24 24 0 0 0
38.068 26 AIR_DATA 98266.460938 0. -1000. 1013.25 0. -1. -1.
38.070 26 ESTIMATOR 258.477814 0.904415
38.071 26 DESIRED 0.29522 0.009209 3.013471 124.488327 35.472206 260. 0.159677 14.
38.072 26 ATTITUDE 0.312382 3.051332 0.038056
38.167 26 ENERGY 34 12.5 8.099083 101.238541 0.736786 9.209867
38.168 26 GPS 3 36040063 481369702 1736 258637 1384 27 0 100514959 31 0
38.168 26 ATTITUDE 0.331516 3.076931 0.035351
38.251 26 FBW_STATUS 2 0 1 12.5 8.071896
38.268 26 DL_VALUE 34 0.
38.268 26 DESIRED 0.29522 0.009939 3.013471 124.488327 35.472206 260. 0.159677 14.
38.268 26 ATTITUDE 0.342101 3.094768 0.033561
38.301 26 NAVIGATION 4 0 115.875 101.5 0. 154.04306 30 24 24 0 0 0
38.367 26 ATTITUDE 0.354438 3.122426 0.03091
38.419 26 GPS 3 36040085 481369314 1773 258736 1388 17 0 100515240 31 0
38.467 26 WP_MOVED 9 360312.8125 4813652. 185. 31
38.467 26 DESIRED 0.304581 0.006349 3.068974 120.960564 31.591698 260. 0.131874 14.
38.467 26 ATTITUDE 0.360392 3.141315 0.029159
38.551 26 NAVIGATION 4 0 116.09375 97.5 0. 151.604782 30 24 24 0 0 0
38.569 26 ESTIMATOR 258.897919 0.889517
38.569 26 ATTITUDE 0.365938 3.17007 0.026571
38.668 26 GPS 3 36040083 481368980 1802 258795 1392 4 0 100515480 31 0
38.668 26 DESIRED 0.303128 0.004335 3.132716 116.715805 27.422379 260. 0.115608 14.
38.668 26 ATTITUDE 0.367402 3.189373 0.024878
38.768 26 NAVIGATION 4 0 116.09375 94.5 0. 151.604782 30 24 24 0 0 0
38.768 26 ATTITUDE 0.366429 3.21828 0.022384
38.802 26 NAVIGATION 4 0 116.09375 94.5 0. 149.693039 30 24 24 0 0 0
38.868 26 AIRSPEED 13.990788 14. 14. 6.
38.868 26 DESIRED 0.30114 0.00155 3.180215 113.388069 24.480461 260. 0.095274 14.
38.868 26 ATTITUDE 0.36387 3.237392 0.020762
38.918 26 GPS 3 36040062 481368645 1835 258834 1396 -8 0 100515720 31 0
38.967 26 WP_MOVED 10 360452.8125 4813581. 260. 31
38.967 26 ATTITUDE 0.357538 3.265624 0.018379
39.051 26 NAVIGATION 4 0 115.875 91. 0. 147.336411 31 25 25 0 0 0
39.068 26 FBW_STATUS 2 0 1 12.5 7.684439
39.068 26 CIRCLE 49.5 100.099998 70.
39.068 26 ESTIMATOR 259.194916 0.824782
39.068 26 DESIRED 0.301 3.9e-05 3.234954 109.343216 21.240692 260. 0.084453 14.
39.069 26 ATTITUDE 0.351959 3.284063 0.016829
39.168 26 GPS_SOL 670 670 670 7
39.168 26 GPS 3 36040022 481368312 1868 258859 1400 -1 0 100515959 31 0
39.169 26 ATTITUDE 0.342115 3.311031 0.014566
39.268 26 ENERGY 32 12.5 7.60388 95.0485 0.751155 9.389468
39.268 26 DESIRED 0.301 5.8e-05 3.234954 109.343216 21.240692 260. 0.084453 14.
39.268 26 ATTITUDE 0.334978 3.328508 0.013101
39.301 26 NAVIGATION 4 0 115.5 87.5 0. 144.901688 31 25 25 0 0 0
39.369 26 AIR_DATA 98262.578125 0. -1000. 1013.25 0. -1. -1.
39.369 26 ATTITUDE 0.323888 3.353939 0.010974
39.419 26 GPS 3 36039953 481367925 1907 258874 1405 -9 0 100516240 31 0
39.419 26 SVINFO 3 10 1 3 46 63 180
39.470 26 CALIBRATION 0. 0
39.471 26 WP_MOVED 11 360169.5 4813757.5 260. 31
39.472 26 DESIRED 0.301232 -0.001814 3.290138 105.131653 18.21521 260. 0.072135 14.
39.472 26 ATTITUDE 0.316584 3.370374 0.009601
39.551 26 NAVIGATION 4 0 114.78125 84. 0. 142.234787 31 25 25 0 0 0
39.568 26 ESTIMATOR 259.367828 0.720762
39.568 26 ATTITUDE 0.306227 3.394289 0.007613
39.669 26 GPS 3 36039875 481367596 1933 258880 1407 14 0 100516480 31 0
39.670 26 SVINFO 4 11 1 4 45 89 230
39.670 26 DESIRED 0.288631 -0.0027 3.343946 100.702057 15.374863 260. 0.066315 14.
39.670 26 ATTITUDE 0.299897 3.409778 0.006339
39.769 26 DL_VALUE 35 140.
39.769 26 NAVIGATION 4 0 114. 80.5 0. 142.234787 31 25 25 0 0 0
39.770 26 ATTITUDE 0.291069 3.432387 0.004505
39.803 26 NAVIGATION 4 0 114. 80.5 0. 139.557343 31 25 25 0 0 0
39.869 26 AIRSPEED 14.120476 14. 14. 6.
39.870 26 DESIRED 0.304206 -0.003508 3.39965 96.123573 12.771637 260. 0.060812 14.
39.870 26 ATTITUDE 0.285839 3.447083 0.003337
39.918 26 GPS 3 36039781 481367270 1960 258880 1410 7 0 100516720 31 0
39.918 26 SVINFO 5 12 1 5 44 74 280
39.970 26 WP_MOVED 0 360326. 4813637. 260. 31
39.971 26 ATTITUDE 0.279881 3.468677 0.001665
40.051 26 NAVIGATION 4 0 113.0625 77. 0. 136.792282 32 26 26 0 0 0
40.068 26 ESTIMATOR 259.437134 0.59481
40.068 26 DESIRED 0.313644 -0.003673 3.456328 91.380524 10.400375 260. 0.059045 14.
40.068 26 ATTITUDE 0.277349 3.482863 0.000607
40.118 26 CIRCLE 49.5 100.099998 70.
40.167 26 NAVIGATION_REF 360284 4813595 31 185.
40.168 26 GPS 3 36039674 481366949 1985 258875 1412 8 0 100516959 31 0
40.168 26 SVINFO 6 13 0 6 43 31 330
40.168 26 ATTITUDE 0.27586 3.503989 -0.000892
40.251 26 FBW_STATUS 2 0 1 12.5 7.330799
40.269 26 DESIRED 0.313644 -0.003443 3.456328 91.380524 10.400375 260. 0.059045 14.
40.269 26 ATTITUDE 0.27651 3.518071 -0.001834
40.301 26 NAVIGATION 4 0 111.96875 74. 0. 134.212524 32 26 26 0 0 0
40.369 26 ENERGY 31 12.5 7.313065 91.413307 0.764779 9.55978
40.370 26 ATTITUDE 0.27967 3.539357 -0.003156
40.417 26 GPS 3 36039530 481366579 2015 258861 1415 22 0 100517240 31 0
40.468 26 WP_MOVED 1 360284. 4813595. 260. 31
40.468 26 DESIRED 0.315633 -0.003121 3.504539 87.103241 8.52491 260. 0.058792 14.
40.469 26 ATTITUDE 0.283068 3.553738 -0.003976
40.553 26 NAVIGATION 4 0 110.53125 70.5 0. 131.100754 32 26 26 0 0 0
40.570 26 PPRZ_MODE 2 3 3 2 0 6
40.570 26 ESTIMATOR 259.42691 0.461921
40.570 26 ATTITUDE 0.289695 3.575715 -0.005112
40.668 26 AIR_DATA 98262.78125 0. -1000. 1013.25 0. -1. -1.
40.668 26 GPS 3 36039393 481366268 2038 258842 1416 -1 0 100517480 31 0
40.669 26 SVINFO 1 8 1 1 47 0 81
40.669 26 DESIRED 0.320292 -0.002461 3.562183 81.936569 6.569954 260. 0.060117 14.
40.669 26 ATTITUDE 0.294888 3.590688 -0.005807
40.768 26 NAVIGATION 4 0 109.15625 67. 0. 131.100754 32 26 26 0 0 0
40.768 26 ATTITUDE 0.30357 3.613703 -0.006753
40.800 26 NAVIGATION 4 0 109.15625 67. 0. 128.07843 32 26 26 0 0 0
40.868 26 AIRSPEED 14.198792 14. 14. 6.
40.868 26 DESIRED 0.343244 -0.001361 3.622779 76.747665 4.928757 260. 0.063955 14.
40.868 26 ATTITUDE 0.309649 3.629441 -0.007321
40.918 26 GPS 3 36039242 481365963 2063 258816 1418 10 0 100517720 31 0
40.918 26 SVINFO 2 9 0 2 46 22 131
40.968 26 WP_MOVED 2 360333.5 4813695. 260. 31
40.968 26 ATTITUDE 0.319729 3.653695 -0.008075
41.051 26 NAVIGATION 4 0 107.65625 64. 0. 125.243233 33 27 27 0 0 0
41.070 26 FBW_STATUS 2 0 1 12.5 7.198025
41.071 26 ESTIMATOR 259.355469 0.331483
41.071 26 DESIRED 0.346176 -0.000229 3.67498 72.055809 3.708939 260. 0.067611 14.
41.072 26 ATTITUDE 0.326903 3.670332 -0.008512
41.151 26 COMMANDS 3004,117,37,0,0
41.168 26 GPS_SOL 661 661 661 7
41.168 26 CIRCLE 49.5 100.099998 70.
41.169 26 GPS 3 36039076 481365665 2091 258781 1420 5 0 100517959 31 0
41.170 26 SVINFO 3 10 1 3 45 66 181
41.170 26 ATTITUDE 0.337859 3.696016 -0.00907
41.267 26 DL_VALUE 36 0.
41.267 26 DESIRED 0.346176 0.000445 3.67498 72.055809 3.708939 260. 0.067611 14.
41.267 26 ATTITUDE 0.348499 3.722565 -0.009512
41.301 26 NAVIGATION 4 0 106. 61. 0. 122.298813 33 27 27 0 0 0
41.367 26 ATTITUDE 0.35509 3.740719 -0.009742
41.417 26 GPS 3 36038863 481365329 2127 258729 1423 26 0 100518240 31 0
41.467 26 COMMANDS 2989,-40,59,0,0
41.467 26 ENERGY 31 12.5 7.14506 89.313248 0.778023 9.725328
41.467 26 WP_MOVED 3 360294.09375 4813785. 260. 31
41.467 26 DESIRED 0.351415 0.002019 3.728526 67.226685 2.705109 260. 0.074549 14.
41.467 26 ATTITUDE 0.361244 3.759209 -0.009919
41.552 26 NAVIGATION 4 0 103.875 58. 0. 118.97065 33 27 27 0 0 0
41.568 26 AUTOPILOT_VERSION 51500 v5.15_devel-179-g9a29798-dirty
41.568 26 CALIBRATION 0. 0
41.568 26 ESTIMATOR 259.235199 0.208139
41.568 26 ATTITUDE 0.369379 3.787512 -0.010092
41.667 26 GPS 3 36038664 481365051 2156 258677 1424 27 0 100518480 31 0
41.667 26 DESIRED 0.339944 0.003409 3.782839 61.994892 1.896751 260. 0.080228 14.
41.667 26 ATTITUDE 0.373809 3.806702 -0.010146
41.768 26 NAVIGATION 4 0 101.875 55. 0. 118.97065 33 27 27 0 0 0
41.769 26 ATTITUDE 0.378326 3.835824 -0.010136
41.802 26 NAVIGATION 4 0 101.875 55. 0. 115.773552 33 27 27 0 0 0
41.868 26 AIRSPEED 14.280337 14. 14. 6.
41.869 26 DESIRED 0.350277 0.005291 3.83988 56.867943 1.379623 260. 0.08994 14.
41.869 26 ATTITUDE 0.379907 3.85537 -0.010073
41.917 26 GPS 3 36038449 481364785 2189 258619 1426 22 0 100518720 31 0
41.968 26 AIR_DATA 98265.375 0. -1000. 1013.25 0. -1. -1.
41.968 26 WP_MOVED 4 360416.3125 4813734. 260. 31
41.968 26 ATTITUDE 0.380688 3.884756 -0.009891
42.053 26 NAVIGATION 4 0 99.71875 52.5 0. 112.694626 34 28 28 0 0 0
42.068 26 ESTIMATOR 259.074432 0.094056
42.068 26 DESIRED 0.34052 0.006687 3.888699 52.149288 1.140503 260. 0.097092 14.
42.069 26 ATTITUDE 0.380288 3.90433 -0.009715
42.169 26 GPS 3 36038218 481364531 2222 258557 1428 18 0 100518959 31 0
42.170 26 SVINFO 0 7 0 0 47 17 32
42.170 26 ATTITUDE 0.378262 3.933565 -0.009372
42.217 26 CIRCLE 49.5 100.099998 70.
42.252 26 FBW_STATUS 2 0 1 12.5 7.04232
42.268 26 DESIRED 0.34052 0.006906 3.888699 52.149288 1.140503 260. 0.097092 14.
42.268 26 ATTITUDE 0.375889 3.952904 -0.009093
42.301 26 NAVIGATION 4 0 97.40625 50. 0. 109.489624 34 28 28 0 0 0
42.368 26 DATALINK_REPORT 5 7 2054 840 0 0
42.368 26 ATTITUDE 0.371074 3.981592 -0.008607
42.418 26 GPS 3 36037930 481364252 2264 258487 1430 -8 0 100519240 31 0
42.468 26 ALIVE 128,247,33,237,150,226,125,96,211,120,85,14,103,22,52,69
42.469 26 WP_MOVED 5 360421. 4813583.5 260. 31
42.469 26 DESIRED 0.335063 0.008754 3.939632 47.284676 1.129837 260. 0.108626 14.
42.469 26 ATTITUDE 0.367095 4.000454 -0.008235
42.551 26 NAVIGATION 4 0 94.53125 47. 0. 105.570625 34 28 28 0 0 0
42.568 26 ENERGY 30 12.5 7.02767 87.845871 0.790998 9.887515
42.568 26 ESTIMATOR 258.885864 -0.007374
42.569 26 ATTITUDE 0.360322 4.028286 -0.007617
42.669 26 GPS 3 36037669 481364029 2294 258430 1431 -26 0 100519480 31 0
42.670 26 DESIRED 0.328031 0.010023 4.003651 41.387611 1.438004 260. 0.116873 14.
42.671 26 ATTITUDE 0.355466 4.046513 -0.007167
42.768 26 DL_VALUE 37 14.
42.768 26 NAVIGATION 4 0 91.9375 45. 0. 105.570625 34 28 28 0 0 0
42.769 26 ATTITUDE 0.347753 4.073328 -0.006441
42.802 26 NAVIGATION 4 0 91.9375 45. 0. 102.35968 34 28 28 0 0 0
42.867 26 AIRSPEED 14.319818 14. 14. 6.
42.867 26 DESIRED 0.323855 0.011872 4.049636 36.755245 1.928871 260. 0.129393 14.
42.868 26 ATTITUDE 0.342577 4.090852 -0.005927
42.919 26 GPS 3 36037396 481363821 2326 258381 1431 -20 0 100519720 31 0
42.968 26 WP_MOVED 6 360164.8125 4813664.5 260. 31
42.968 26 ATTITUDE 0.334941 4.116617 -0.00511
43.051 26 NAVIGATION 4 0 89.21875 42.5 0. 98.824265 35 29 29 0 0 0
43.068 26 FBW_STATUS 2 0 1 12.5 7.02767
43.068 26 ESTIMATOR 258.688232 -0.09065
43.068 26 DESIRED 0.329868 0.013049 4.108227 31.610241 2.734932 260. 0.137604 14.
43.068 26 ATTITUDE 0.330125 4.133463 -0.004539
43.168 26 GPS_SOL 651 651 651 7
43.168 26 GPS 3 36037112 481363627 2356 258339 1431 -8 0 100519959 31 0
43.168 26 SVINFO 4 11 1 4 44 89 232
43.169 26 ATTITUDE 0.323725 4.158287 -0.003647
43.271 26 AIR_DATA 98268.640625 0. -1000. 1013.25 0. -1. -1.
43.271 26 CIRCLE 49.5 100.099998 70.
43.272 26 DESIRED 0.329868 0.013003 4.108227 31.610241 2.734932 260. 0.137604 14.
43.272 26 ATTITUDE 0.320279 4.174589 -0.003033
43.301 26 NAVIGATION 4 0 86.375 40.5 0. 95.39859 35 29 29 0 0 0
43.368 26 ATTITUDE 0.316435 4.198767 -0.002088
43.419 26 GPS 3 36036770 481363418 2391 258303 1430 6 0 100520240 31 0
43.420 26 SVINFO 5 12 1 5 43 69 282
43.471 26 WP_MOVED 7 360558.40625 4813804.5 260. 31
43.472 26 DESIRED 0.328369 0.014776 4.159544 26.802595 3.742188 260. 0.14942 14.
43.473 26 ATTITUDE 0.314753 4.214758 -0.00144
43.551 26 NAVIGATION 4 0 82.9375 38.5 0. 91.437843 35 29 29 0 0 0
43.568 26 ESTIMATOR 258.50528 -0.149581
43.569 26 ATTITUDE 0.313519 4.238647 -0.000451
43.668 26 CALIBRATION 0. 0
43.668 26 ENERGY 30 12.5 7.095118 88.688972 0.803923 10.049079
43.668 26 GPS 3 36036468 481363256 2417 258281 1429 7 0 100520480 31 0
43.668 26 SVINFO 6 13 1 6 42 25 332
43.669 26 DESIRED 0.321491 0.015931 4.216365 21.373713 5.184708 260. 0.156796 14.
43.669 26 ATTITUDE 0.313468 4.25456 0.000217
43.767 26 NAVIGATION 4 0 79.9375 37. 0. 91.437843 35 29 29 0 0 0
43.768 26 ATTITUDE 0.31414 4.278471 0.001229
43.801 26 NAVIGATION 4 0 79.9375 37. 0. 88.085205 35 29 29 0 0 0
43.867 26 AIRSPEED 14.279305 14. 14. 6.
43.867 26 DESIRED 0.326872 0.017506 4.263767 16.864304 6.639252 260. 0.166755 14.
43.868 26 ATTITUDE 0.315025 4.294468 0.001906
43.918 26 GPS 3 36036158 481363108 2444 258266 1428 22 0 100520720 31 0
43.969 26 WP_MOVED 8 360461.40625 4813640. 215. 31
43.969 26 ATTITUDE 0.317107 4.318599 0.002929
44.051 26 NAVIGATION 4 0 76.84375 35.5 0. 84.647575 36 30 30 0 0 0
44.069 26 ESTIMATOR 258.355011 -0.181688
44.069 26 DESIRED 0.327618 0.018491 4.314102 12.322731 8.351151 260. 0.172559 14.
44.069 26 ATTITUDE 0.318933 4.334807 0.003612
44.170 26 GPS 3 36035843 481362975 2472 258258 1427 30 0 100520959 31 0
44.170 26 SVINFO 1 8 1 1 46 0 83
44.172 26 ATTITUDE 0.322152 4.359337 0.004634
44.251 26 FBW_STATUS 2 0 1 12.5 7.150942
44.267 26 DL_VALUE 38 0.351588
44.267 26 DESIRED 0.327618 0.018628 4.314102 12.322731 8.351151 260. 0.172559 14.
44.268 26 ATTITUDE 0.324512 4.375853 0.005313
44.301 26 NAVIGATION 4 0 73.6875 34.5 0. 81.363983 36 30 30 0 0 0
44.318 26 CIRCLE 49.5 100.099998 70.
44.368 26 ATTITUDE 0.328134 4.400882 0.006322
44.418 26 GPS 3 36035467 481362840 2507 258254 1425 18 0 100521240 31 0
44.418 26 SVINFO 2 9 1 2 45 28 133
44.468 26 WP_MOVED 9 360312.8125 4813652. 185. 31
44.468 26 DESIRED 0.321858 0.019865 4.357958 8.038372 10.205986 260. 0.179881 14.
44.468 26 ATTITUDE 0.330343 4.417729 0.00699
44.553 26 NAVIGATION 4 0 69.9375 33. 0. 77.3321 36 30 30 0 0 0
44.572 26 AIR_DATA 98269.625 0. -1000. 1013.25 0. -1. -1.
44.572 26 ESTIMATOR 258.247192 -0.188647
44.572 26 ATTITUDE 0.333195 4.443213 0.007979
44.668 26 GPS 3 36035139 481362743 2533 258255 1424 16 0 100521480 31 0
44.668 26 SVINFO 3 10 1 3 44 71 183
44.668 26 DESIRED 0.322061 0.020574 4.418782 2.932911 12.741508 260. 0.18387 14.
44.668 26 ATTITUDE 0.334732 4.460321 0.008627
44.768 26 ENERGY 31 12.5 7.19508 89.938499 0.817031 10.212929
44.768 26 NAVIGATION 4 0 66.65625 32. 0. 77.3321 36 30 30 0 0 0
44.769 26 ATTITUDE 0.336451 4.486122 0.009582
44.801 26 NAVIGATION 4 0 66.65625 32. 0. 73.939537 36 30 30 0 0 0
44.868 26 AIRSPEED 14.222604 14. 14. 6.
44.869 26 DESIRED 0.325958 0.021351 4.468852 -1.278481 15.120323 260. 0.188563 14.
44.869 26 ATTITUDE 0.337189 4.503388 0.010205
44.918 26 GPS 3 36034808 481362662 2562 258260 1422 15 0 100521720 31 0
44.918 26 SVINFO 4 11 1 4 43 89 233
44.968 26 WP_MOVED 10 360452.8125 4813581. 260. 31
44.968 26 ATTITUDE 0.337864 4.52935 0.011117
45.051 26 NAVIGATION 4 0 63.34375 31. 0. 70.522552 37 31 31 0 0 0
45.067 26 FBW_STATUS 2 0 1 12.5 7.218643
45.067 26 ESTIMATOR 258.180939 -0.17624
45.067 26 DESIRED 0.325324 0.021733 4.521421 -5.3853 17.713081 260. 0.19082 14.
45.068 26 ATTITUDE 0.338059 4.546684 0.011709
45.167 26 GPS_SOL 640 640 640 7
45.168 26 GPS 3 36034472 481362598 2592 258268 1421 15 0 100521959 31 0
45.169 26 SVINFO 5 12 1 5 42 66 283
45.170 26 ATTITUDE 0.33798 4.572695 0.01257
45.269 26 DESIRED 0.325324 0.021748 4.521421 -5.3853 17.713081 260. 0.19082 14.
45.270 26 ATTITUDE 0.337688 4.590027 0.013126
45.302 26 NAVIGATION 4 0 59.96875 30.5 0. 67.279274 37 31 31 0 0 0
45.368 26 CIRCLE 49.5 100.099998 70.
45.368 26 ATTITUDE 0.336908 4.615989 0.013928
45.417 26 GPS 3 36034078 481362546 2629 258283 1420 14 0 100522240 31 0
45.418 26 SVINFO 6 13 1 6 41 22 333
45.468 26 PPRZ_MODE 2 3 3 2 0 6
45.468 26 WP_MOVED 11 360169.5 4813757.5 260. 31
45.468 26 DESIRED 0.319592 0.022068 4.568565 -9.309547 20.466858 260. 0.193048 14.
45.468 26 ATTITUDE 0.336052 4.633253 0.014442
45.552 26 NAVIGATION 4 0 56.0625 30. 0. 63.584621 37 31 31 0 0 0
45.568 26 ESTIMATOR 258.153442 -0.149861
45.568 26 ATTITUDE 0.334334 4.659048 0.015179
45.669 26 GPS 3 36033739 481362521 2657 258301 1418 18 0 100522480 31 0
45.670 26 SVINFO 0 7 0 0 46 12 34
45.670 26 DESIRED 0.311119 0.022117 4.624852 -13.67065 23.880127 260. 0.193704 14.
45.670 26 ATTITUDE 0.332915 4.676161 0.015646
45.768 26 CALIBRATION 0. 0
45.769 26 DL_VALUE 39 -0.014503
45.769 26 NAVIGATION 4 0 52.65625 30. 0. 63.584621 37 31 31 0 0 0
45.769 26 ATTITUDE 0.330161 4.701663 0.016309
45.801 26 NAVIGATION 4 0 52.65625 30. 0. 60.602646 37 31 31 0 0 0
45.869 26 AIR_DATA 98269.078125 0. -1000. 1013.25 0. -1. -1.
45.869 26 ENERGY 31 12.5 7.265821 90.822769 0.830298 10.378776
45.869 26 AIRSPEED 14.169916 14. 14. 6.
45.869 26 DESIRED 0.310386 0.022012 4.669837 -17.280594 27.022285 260. 0.193589 14.
45.869 26 ATTITUDE 0.328018 -1.564653 0.016726
45.917 26 GPS 3 36033399 481362513 2686 258323 1417 40 0 100522720 31 0
45.969 26 WP_MOVED 0 360326. 4813637. 260. 31
45.969 26 ATTITUDE 0.324502 -1.539575 0.017313
46.050 26 NAVIGATION 4 0 49.25 30. 0. 57.66769 37 32 32 0 0 0
46.068 26 ESTIMATOR 258.161743 -0.113818
46.068 26 DESIRED 0.306058 0.021782 4.71739 -20.749191 30.350082 260. 0.192833 14.
46.068 26 ATTITUDE 0.322072 -1.523013 0.017677
46.159 26 COMMANDS 3035,-52,6,0,0
46.169 26 GPS 3 36033059 481362522 2715 258349 1416 26 0 100522959 31 0
46.169 26 ATTITUDE 0.318312 -1.498414 0.018181
46.250 26 FBW_STATUS 2 0 1 12.5 7.28648
46.267 26 DESIRED 0.306058 0.021651 4.71739 -20.749191 30.350082 260. 0.192833 14.
46.267 26 ATTITUDE 0.315798 -1.482179 0.018489
46.302 26 NAVIGATION 4 0 45.84375 30. 0. 54.787312 38 32 32 0 0 0
46.368 26 ATTITUDE 0.312192 -1.458064 0.01891
46.417 26 CIRCLE 49.5 100.099998 70.
46.418 26 GPS 3 36032664 481362554 2750 258385 1414 22 0 100523240 31 0
46.468 26 COMMANDS 3039,21,-5,0,0
46.469 26 WP_MOVED 1 360284. 4813595. 260. 31
46.469 26 DESIRED 0.306625 0.021205 4.767289 -24.051064 33.841103 260. 0.190736 14.
46.469 26 ATTITUDE 0.310005 -1.442134 0.019162
46.551 26 NAVIGATION 4 0 41.875 30. 0. 51.512287 38 32 32 0 0 0
46.568 26 ESTIMATOR 258.202087 -0.071761
46.569 26 ATTITUDE 0.30716 -1.41843 0.019499
46.671 26 GPS 3 36032328 481362599 2775 258420 1413 9 0 100523480 31 0
46.672 26 DESIRED 0.304906 0.020772 4.828072 -27.659004 38.079941 260. 0.188601 14.
46.673 26 ATTITUDE 0.305599 -1.402734 0.019696
46.767 26 NAVIGATION 4 0 38.53125 30.5 0. 51.512287 38 32 32 0 0 0
46.767 26 ATTITUDE 0.303741 -1.379315 0.01995
46.801 26 NAVIGATION 4 0 38.53125 30.5 0. 49.141705 38 32 32 0 0 0
46.868 26 AIRSPEED 14.113319 14. 14. 6.
46.869 26 DESIRED 0.308731 0.020081 4.875257 -30.543861 41.850708 260. 0.184564 14.
46.869 26 ATTITUDE 0.302848 -1.363764 0.020092
46.919 26 GPS 3 36031994 481362659 2802 258458 1411 25 0 100523720 31 0
46.968 26 ENERGY 31 12.5 7.31011 91.376373 0.843667 10.545887
46.968 26 WP_MOVED 2 360333.5 4813695. 260. 31
46.968 26 ATTITUDE 0.302196 -1.340486 0.020264
47.052 26 NAVIGATION 4 0 35.15625 31. 0. 46.871761 39 33 33 0 0 0
47.069 26 FBW_STATUS 2 0 1 12.5 7.318975
47.071 26 ESTIMATOR 258.271118 -0.026488
47.071 26 DESIRED 0.309734 0.019551 4.925248 -33.266205 45.788345 260. 0.18136 14.
47.072 26 ATTITUDE 0.302226 -1.32497 0.020352
47.169 26 GPS_SOL 629 629 629 7
47.170 26 AIR_DATA 98266.78125 0. -1000. 1013.25 0. -1. -1.
47.170 26 GPS 3 36031664 481362735 2829 258498 1410 20 0 100523959 31 0
47.175 26 ATTITUDE 0.302914 -1.301652 0.020444
47.214 26 WIND_INFO 26 5 0.3 -0.2 0. 14.2
47.214 26 WIND_INFO_RET 5 0.3 -0.2 0. 14.097101
47.268 26 DL_VALUE 40 -0.
47.268 26 DESIRED 0.309734 0.019544 4.925248 -33.266205 45.788345 260. 0.18136 14.
47.268 26 ATTITUDE 0.303764 -1.286053 0.02048
47.301 26 NAVIGATION 4 0 31.875 31.5 0. 44.813675 39 33 33 0 0 0
47.368 26 ATTITUDE 0.305535 -1.262536 0.020497
47.418 26 GPS 3 36031285 481362843 2863 258545 1409 8 0 100524240 31 0
47.469 26 DATALINK_REPORT 0 8 2244 833 0 0
47.469 26 CIRCLE 49.5 100.099998 70.
47.469 26 WP_MOVED 3 360294.09375 4813785. 260. 31
47.470 26 DESIRED 0.313086 0.018756 4.975701 -35.717049 49.720886 260. 0.175911 14.
47.470 26 ATTITUDE 0.307054 -1.246758 0.020483
47.552 26 NAVIGATION 4 0 28.09375 33. 0. 43.338882 39 33 33 0 0 0
47.569 26 ALIVE 128,247,33,237,150,226,125,96,211,120,85,14,103,22,52,69
47.569 26 ESTIMATOR 258.362213 0.018493
47.570 26 ATTITUDE 0.309708 -1.222911 0.020428
47.669 26 GPS 3 36030965 481362952 2887 258585 1408 17 0 100524480 31 0
47.670 26 SVINFO 1 8 0 1 45 2 85
47.671 26 DESIRED 0.304138 0.018203 5.027371 -38.463646 54.686378 260. 0.171804 14.
47.671 26 ATTITUDE 0.311565 -1.206884 0.020369
47.769 26 NAVIGATION 4 0 24.875 34. 0. 43.338882 39 33 33 0 0 0
47.769 26 ATTITUDE 0.313982 -1.182667 0.02025
47.801 26 NAVIGATION 4 0 24.875 34. 0. 42.127968 39 33 33 0 0 0
