86.112 2 NPS_RATE_ATTITUDE 0.058699 0.022873 -0.142857 -0.028222 6.352228 -0.944713
86.113 2 NPS_POS_LLH 0.758752 0.758746 0.755398 0.022211 0.022212 369.489914 10393.491172 130.516547 315.516547
86.113 2 NPS_SPEED_POS 0.139373 0.004966 -0.024783 18.845385 -0.297594 -2.293794 1229.473687 -21.380155 -134.490363
86.113 2 NPS_GYRO_BIAS 1.5e-05 1e-06 7e-06
86.113 2 NPS_SENSORS_SCALED 1.332773 0. -9.733359 0.41745 0.015245 0.908572
86.113 2 NPS_WIND 0. 0. 0.
86.119 2 WP_MOVED 1 360284. 4813592. 260.029999 31
86.120 2 ATTITUDE 0.00105 -0.018985 0.1296
86.201 2 NAVIGATION 36 7 4.1 1228. 72. 1228. 76 70 0 0 0 0
86.213 2 NPS_RATE_ATTITUDE 0.054026 0.031738 -0.136965 -0.023027 6.354865 -0.961417
86.213 2 NPS_POS_LLH 0.758752 0.758746 0.755399 0.022211 0.022211 369.758178 10393.759424 130.777434 315.777434
86.213 2 NPS_SPEED_POS 0.135057 0.001892 -0.024532 18.861169 -0.302597 -2.297758 1231.673241 -21.415165 -134.758202
86.214 2 NPS_GYRO_BIAS 1.7e-05 -2e-06 1e-05
86.214 2 NPS_SENSORS_SCALED 1.221709 -0.037021 -9.695039 0.417404 0.015478 0.908589
86.214 2 NPS_WIND 0. 0. 0.
86.241 2 IMU_GYRO 0.001953 0. -0.001953
86.241 2 ESTIMATOR 315.836151 2.3
86.242 2 DESIRED 0.04 0.2 0. 5. 1284. 500. 4. 15.
86.243 2 ATTITUDE 0.001226 -0.019084 0.129698
86.314 2 NPS_RATE_ATTITUDE 0.118341 0.047458 -0.13107 -0.016597 6.35839 -0.972692
86.314 2 NPS_POS_LLH 0.758752 0.758747 0.755399 0.022211 0.022211 369.950086 10393.951324 130.96407 315.96407
86.314 2 NPS_SPEED_POS 0.131969 0.000153 -0.024494 18.872097 -0.306208 -2.300822 1233.245463 -21.440532 -134.949806
86.315 2 NPS_GYRO_BIAS 1.8e-05 1e-06 1.3e-05
86.315 2 NPS_SENSORS_SCALED 1.25873 -0.037021 -9.733359 0.417345 0.015681 0.908613
86.315 2 NPS_WIND 0. 0. 0.
86.323 2 STATE_FILTER_STATUS 4 3 0
86.323 2 IMU_MAG 0. 0. 0.
86.324 2 IMU_ACCEL 1.294922 -0.036133 -9.732422
86.324 2 GPS 3 36028877 481482382 -9 315796 1886 230 1794 76758 31 0
86.325 2 ATTITUDE 0.001544 -0.019162 0.12988
86.405 2 FBW_STATUS 0 40 1 12.5 16.063164
86.415 2 NPS_RATE_ATTITUDE 0.096105 0.016988 -0.111371 -0.004311 6.362073 -0.988078
86.415 2 NPS_POS_LLH 0.758753 0.758747 0.755399 0.022211 0.022211 370.238455 10394.23968 131.244524 316.244524
86.415 2 NPS_SPEED_POS 0.126896 -0.004338 -0.031174 18.888009 -0.311478 -2.305672 1235.605474 -21.47914 -135.237717
86.415 2 NPS_GYRO_BIAS 1.4e-05 9e-06 1.4e-05
86.415 2 NPS_SENSORS_SCALED 1.25873 -0.111064 -9.733359 0.417282 0.016014 0.908636
86.416 2 NPS_WIND 0. 0. 0.
86.445 2 DESIRED 0.04 0.2 0. 5. 1284. 500. 4. 15.
86.446 2 ATTITUDE 0.00186 -0.019167 0.13009
86.447 2 NAVIGATION 36 7 4.2 1235.5 135.5 1235.5 77 70 0 0 0 0
86.515 2 NPS_RATE_ATTITUDE -49.481845 -121.104581 5.847194 -0.535801 4.937323 -0.955282
86.516 2 NPS_POS_LLH 0.758753 0.758747 0.7554 0.022211 0.022211 370.432629 10394.433845 131.43342 316.433421
86.516 2 NPS_SPEED_POS -4.918482 -1.717165 -35.022372 18.853145 -0.314361 -2.361979 1237.179 -21.505222 -135.431585
86.516 2 NPS_GYRO_BIAS 1.4e-05 7e-06 1.6e-05
86.516 2 NPS_SENSORS_SCALED 0.518301 -0.037021 -4.86668 0.439755 0.00739 0.898088
86.516 2 NPS_WIND 0. 0. 0.
86.526 2 ATTITUDE -0.040316 -0.011001 0.036971
86.567 2 GPS 3 36028879 481482760 -9 316244 1889 230 1794 76958 31 0
86.608 2 WP_MOVED 2 360304. 4813672. 260.029999 31
86.609 2 DESIRED -0.61 -0.04 3.1 5. 1176. 300. -1.2 15.
86.609 2 ATTITUDE -0.167973 0.026129 -0.011805
86.616 2 NPS_RATE_ATTITUDE -75.324328 -2.601771 16.760613 -9.34061 -1.832701 1.515942
86.617 2 NPS_POS_LLH 0.758753 0.758748 0.7554 0.022211 0.022211 370.607531 10394.608733 131.60038 316.600381
86.617 2 NPS_SPEED_POS 0.809529 -2.729713 10.086147 19.030814 -0.177779 -0.401123 1239.547291 -21.538862 -135.606027
86.618 2 NPS_GYRO_BIAS 1.6e-05 7e-06 3e-06
86.618 2 NPS_SENSORS_SCALED 0.888516 1.480859 1.341211 0.542747 -0.142679 0.827688
86.618 2 NPS_WIND 0. 0. 0.
86.718 2 NPS_RATE_ATTITUDE -64.377318 -16.040601 5.191523 -14.689491 -2.364444 2.530521
86.718 2 NPS_POS_LLH 0.758753 0.758748 0.7554 0.022211 0.022211 370.613566 10394.61476 131.601621 316.601622
86.718 2 NPS_SPEED_POS 0.717861 -1.070402 1.013848 19.085359 -0.068636 0.200241 1240.976723 -21.547972 -135.611782
86.718 2 NPS_GYRO_BIAS 1.5e-05 9e-06 7e-06
86.719 2 NPS_SENSORS_SCALED 0.555322 2.073203 -2.644102 0.550324 -0.22676 0.803569
86.719 2 NPS_WIND 0. 0. 0.
86.732 2 NAVIGATION 36 7 4.2 1239.5 139.5 1239.5 77 70 0 0 0 0
86.733 2 ESTIMATOR 316.713745 0.5
86.733 2 ATTITUDE -0.281917 0.04549 -0.028694
86.759 2 LINK_REPORT 2 -1 104 0 104517 4027 0 948. 36. 32 19.84
86.814 2 IMU_GYRO 1.716553 -0.301025 -0.374512
86.815 2 GPS 3 36028888 481483519 1 316527 1915 -90 1794 77358 31 0
86.816 2 DESIRED 0.61 -0.04 3.1 5. 1180. 300. -1.3 15.
86.817 2 ATTITUDE -0.19506 0.030668 -0.058335
86.818 2 NPS_RATE_ATTITUDE 98.306904 -17.306613 -21.466789 -12.66549 -4.422759 2.131401
86.818 2 NPS_POS_LLH 0.758754 0.758748 0.755401 0.022211 0.022211 370.539557 10394.540737 131.519597 316.519597
86.819 2 NPS_SPEED_POS 0.916317 5.470502 -0.818729 19.161981 0.059521 0.953217 1243.36726 -21.547315 -135.537307
86.819 2 NPS_GYRO_BIAS 9e-06 6e-06 6e-06
86.819 2 NPS_SENSORS_SCALED 0.296172 1.480859 -4.406836 0.580048 -0.190281 0.792047
86.819 2 NPS_WIND 0. 0. 0.
86.918 2 NPS_RATE_ATTITUDE 111.44544 -16.142466 -25.873492 -3.438675 -6.168409 0.29838
86.919 2 NPS_POS_LLH 0.758754 0.758748 0.755401 0.022211 0.022211 370.4418 10394.442971 131.416478 316.416479
86.919 2 NPS_SPEED_POS 1.164818 6.910534 -0.250252 19.219536 0.072232 1.406664 1244.966409 -21.54137 -135.439238
86.919 2 NPS_GYRO_BIAS 1e-05 1e-05 1e-06
86.919 2 NPS_SENSORS_SCALED 0.370215 -0.074043 -4.291875 0.604709 -0.043271 0.79527
86.920 2 NPS_WIND 0. 0. 0.
86.937 2 DL_VALUE 2 15.
86.937 2 SEGMENT 5. 1300. 5. 1100.
86.938 2 NAVIGATION 36 7 4.2 1243. 139.5 1239.5 77 70 0 0 0 0
86.939 2 ATTITUDE -0.003883 -0.009633 -0.091313
87.015 2 NAVIGATION 36 7 4.2 1243. 143. 1243. 77 70 0 0 0 0
87.019 2 NPS_RATE_ATTITUDE 92.139603 -2.456847 -17.076685 5.438977 -7.175878 -1.617106
87.019 2 NPS_POS_LLH 0.758754 0.758749 0.755401 0.022211 0.022211 370.305599 10394.306762 131.2749 316.2749
87.019 2 NPS_SPEED_POS 0.501545 4.050425 3.674511 19.266596 0.015391 1.862875 1246.570254 -21.537292 -135.302723
87.019 2 NPS_GYRO_BIAS 1.2e-05 1e-05 6e-06
87.019 2 NPS_SENSORS_SCALED -0.25915 -1.406816 -4.751719 0.618184 0.096118 0.780135
87.019 2 NPS_WIND 0. 0. 0.
87.026 2 AIRSPEED 16.6 0. 0. 0.
87.027 2 DESIRED 0.61 -0.04 3.1 5. 1183. 300. -1.3 15.
87.028 2 ATTITUDE 0.162398 -0.041124 -0.098641
87.062 2 GPS 3 36028897 481483905 0 316225 1927 -196 1794 77558 31 0
87.120 2 NPS_RATE_ATTITUDE 59.858193 4.81501 4.357013 15.042808 -6.572941 -2.40899
87.120 2 NPS_POS_LLH 0.758755 0.758749 0.755402 0.022211 0.022211 370.050217 10394.051366 131.011431 316.011432
87.120 2 NPS_SPEED_POS 0.538167 -1.513991 0.765813 19.330509 -0.043319 2.13215 1248.982275 -21.540905 -135.046868
87.120 2 NPS_GYRO_BIAS 1.6e-05 1.5e-05 7e-06
87.121 2 NPS_SENSORS_SCALED -0.518301 -1.99916 -9.158555 0.609534 0.233486 0.757597
87.121 2 NPS_WIND 0. 0. 0.
87.144 2 ENERGY 39 12.5 5.566194 69.577423 0.310527 3.881585
87.144 2 IMU_ACCEL -0.407227 -1.961914 -9.311523
87.145 2 WP_MOVED 3 360328.8125 4813694. 260.029999 31
87.145 2 ATTITUDE 0.278308 -0.042344 -0.088877
87.221 2 NPS_RATE_ATTITUDE 47.406496 7.778917 14.453813 19.414654 -6.337203 -1.49976
87.221 2 NPS_POS_LLH 0.758755 0.758749 0.755402 0.022211 0.022211 369.872581 10393.873721 130.828388 315.828388
87.221 2 NPS_SPEED_POS 0.578072 -3.507871 -0.023437 19.379961 0.051016 2.127811 1250.595198 -21.54152 -134.868915
87.222 2 NPS_GYRO_BIAS 1.7e-05 1.2e-05 1.1e-05
87.222 2 NPS_SENSORS_SCALED -0.555322 -1.517881 -10.269844 0.60666 0.283666 0.742629
87.222 2 NPS_WIND 0. 0. 0.
87.226 2 NAVIGATION 36 7 4.3 1247. 147. 1247. 77 71 1 0 0 0
87.227 2 FBW_STATUS 0 40 1 12.5 5.604925
87.227 2 ESTIMATOR 316.040497 -2.11
87.228 2 DESIRED 0.61 -0.02 3.1 5. 1187. 300. -1.2 15.
87.228 2 ATTITUDE 0.363591 -0.017576 -0.083995
87.307 2 COMMANDS 3843,1342,1428,0
87.322 2 NPS_RATE_ATTITUDE 37.879468 9.786029 16.354046 24.155793 -6.053711 0.686523
87.322 2 NPS_POS_LLH 0.758755 0.75875 0.755402 0.022211 0.022211 369.629694 10393.630821 130.577907 315.577907
87.322 2 NPS_SPEED_POS 0.595428 -2.142079 -0.434516 19.448603 0.42458 2.030274 1252.860285 -21.516465 -134.625583
87.322 2 NPS_GYRO_BIAS 1.3e-05 1.3e-05 1.9e-05
87.323 2 NPS_SENSORS_SCALED -0.518301 -0.518301 -11.687695 0.603132 0.327335 0.727381
87.323 2 NPS_WIND 0. 0. 0.
87.347 2 GPS_SOL 650 100 650 11
87.348 2 GPS 3 36028905 481484291 2 315791 1939 -211 1794 77758 31 0
87.349 2 ATTITUDE 0.432854 0.016087 -0.079395
87.423 2 NPS_RATE_ATTITUDE 31.385677 10.0315 12.828362 26.925529 -5.844416 2.169625
87.423 2 NPS_POS_LLH 0.758756 0.75875 0.755402 0.022211 0.022211 369.464506 10393.465624 130.40728 315.40728
87.423 2 NPS_SPEED_POS 0.409393 -0.23481 0.021403 19.482666 0.826158 1.94306 1254.482562 -21.464885 -134.460076
87.424 2 NPS_GYRO_BIAS 1.8e-05 1.5e-05 1.7e-05
87.424 2 NPS_SENSORS_SCALED -0.666387 -0.222129 -11.879297 0.600069 0.351204 0.71873
87.424 2 NPS_WIND 0. 0. 0.
87.429 2 IMU_GYRO 0.510742 0.175537 0.205322
87.430 2 DESIRED 0.61 -0. 3.1 5. 1187. 300. -1.2 15.
87.430 2 ATTITUDE 0.489272 0.045695 -0.074176
87.470 2 NAVIGATION 36 7 4.6 1254.5 154.5 1254.5 78 71 1 0 0 0
87.518 2 ATTITUDE 0.529368 0.070392 -0.066137
87.523 2 NPS_RATE_ATTITUDE 19.628969 11.336766 9.0058 29.998223 -5.323546 3.978281
87.523 2 NPS_POS_LLH 0.758756 0.75875 0.755403 0.022212 0.022212 369.229383 10393.230487 130.163988 315.163989
87.523 2 NPS_SPEED_POS 0.018214 1.095001 0.720588 19.488449 1.511702 1.827472 1256.918873 -21.319277 -134.224472
87.523 2 NPS_GYRO_BIAS 1.6e-05 1.4e-05 2e-05
87.523 2 NPS_SENSORS_SCALED -0.703408 -0.481279 -12.22418 0.592129 0.377881 0.711751
87.523 2 NPS_WIND 0. 0. 0.
87.592 2 GPS 3 36028922 481484679 26 315374 1950 -192 1794 77958 31 0
87.624 2 NPS_RATE_ATTITUDE 13.038687 9.33153 9.629972 31.154355 -5.017613 4.955588
87.625 2 NPS_POS_LLH 0.758756 0.758751 0.755403 0.022212 0.022212 369.095478 10393.096575 130.025186 315.025186
87.625 2 NPS_SPEED_POS -0.08617 1.068615 0.147402 19.465297 1.933965 1.754181 1258.379765 -21.189971 -134.09028
87.625 2 NPS_GYRO_BIAS 1.1e-05 1.7e-05 2e-05
87.625 2 NPS_SENSORS_SCALED -0.962559 -0.814473 -11.840977 0.58726 0.386308 0.71126
87.626 2 NPS_WIND 0. 0. 0.
87.633 2 COMMANDS 3959,409,1415,0
87.633 2 IMU_MAG 0. 0. 0.
87.634 2 WP_MOVED 4 360220.5 4813715. 260.029999 31
87.636 2 DESIRED 0.61 0.01 3.1 5. 1194. 300. -1.2 15.
87.636 2 ATTITUDE 0.553097 0.093825 -0.060103
87.714 2 NAVIGATION 36 7 5. 1258.5 158.5 1258.5 78 71 1 0 0 0
87.715 2 ESTIMATOR 315.143066 -1.73
87.715 2 ATTITUDE 0.565488 0.120785 -0.056842
87.725 2 NPS_RATE_ATTITUDE 6.395026 10.040889 13.188928 32.178262 -4.728581 6.793295
87.726 2 NPS_POS_LLH 0.758757 0.758751 0.755403 0.022212 0.022212 368.882216 10392.883299 129.803781 314.803781
87.727 2 NPS_SPEED_POS -0.091831 -0.222416 -0.087742 19.387769 2.61003 1.670004 1260.808531 -20.905841 -133.876538
87.727 2 NPS_GYRO_BIAS 1.5e-05 1.3e-05 2.1e-05
87.727 2 NPS_SENSORS_SCALED -0.962559 -0.851494 -11.611055 0.581716 0.38665 0.715617
87.727 2 NPS_WIND 0. 0. 0.
87.760 2 LINK_REPORT 2 -1 105 0 105550 4067 0 1033. 40. 32 19.84
87.826 2 NPS_RATE_ATTITUDE 4.920552 10.613721 14.775945 32.523771 -4.58862 8.268829
87.826 2 NPS_POS_LLH 0.758757 0.758751 0.755404 0.022212 0.022212 368.745503 10392.746577 129.661661 314.661661
87.827 2 NPS_SPEED_POS -0.062473 -0.518909 -0.3443 19.312491 3.069065 1.616608 1262.421159 -20.669372 -133.739506
87.827 2 NPS_GYRO_BIAS 1.9e-05 1.4e-05 2.1e-05
87.828 2 NPS_SENSORS_SCALED -0.99958 -0.703408 -11.879297 0.57818 0.380668 0.721664
87.828 2 NPS_WIND 0. 0. 0.
87.837 2 GPS 3 36029019 481485454 91 314647 1955 -160 1794 78358 31 0
87.838 2 DESIRED 0.61 0.01 3.1 5. 1198. 300. -1.1 15.
87.839 2 ATTITUDE 0.573128 0.152521 -0.054706
87.919 2 NAVIGATION 36 7 5.6 1262.5 158.5 1258.5 78 71 1 0 0 0
87.920 2 IMU_ACCEL -1.110352 -0.517578 -11.878906
87.920 2 ATTITUDE 0.579872 0.18496 -0.05396
87.926 2 NPS_RATE_ATTITUDE 4.524399 10.779578 14.855033 32.925938 -4.488212 10.57307
87.927 2 NPS_POS_LLH 0.758757 0.758752 0.755404 0.022212 0.022212 368.548583 10392.549644 129.456677 314.456677
87.927 2 NPS_SPEED_POS -0.152922 -0.36692 -0.183101 19.165519 3.781729 1.545416 1264.826464 -20.241409 -133.54211
87.927 2 NPS_GYRO_BIAS 2.3e-05 6e-06 2.2e-05
87.928 2 NPS_SENSORS_SCALED -1.036602 -0.629365 -11.764336 0.573655 0.369198 0.731172
87.928 2 NPS_WIND 0. 0. 0.
87.959 2 NAVIGATION 36 7 5.6 1262.5 162.5 1262.5 78 71 1 0 0 0
88.028 2 NPS_RATE_ATTITUDE 4.19231 11.537159 14.098476 33.150299 -4.391991 11.940648
88.028 2 NPS_POS_LLH 0.758757 0.758752 0.755404 0.022212 0.022212 368.434313 10392.435365 129.3376 314.337601
88.029 2 NPS_SPEED_POS -0.255651 -0.1921 0.137494 19.057286 4.217275 1.509636 1266.259916 -19.941469 -133.427556
88.029 2 NPS_GYRO_BIAS 2.1e-05 1.1e-05 2.2e-05
88.029 2 NPS_SENSORS_SCALED -1.073623 -0.518301 -11.879297 0.570059 0.362545 0.737288
88.029 2 NPS_WIND 0. 0. 0.
88.041 2 AIRSPEED 16.6 0. 0. 0.
88.041 2 IMU_GYRO 0.072266 0.197754 0.244629
88.041 2 DESIRED 0.61 0.02 3.2 5. 1202. 300. -1.1 15.
88.042 2 ATTITUDE 0.586128 0.217029 -0.052154
88.080 2 GPS 3 36029100 481485837 126 314324 1951 -150 1794 78558 31 0
88.122 2 CALIBRATION -133.1 0
88.122 2 SEGMENT 5. 1300. 5. 1100.
88.123 2 WP_MOVED 5 360272.5 4813571. 260.029999 31
88.123 2 ATTITUDE 0.590872 0.247125 -0.050555
88.128 2 NPS_RATE_ATTITUDE 2.910353 10.244376 13.318187 33.443838 -4.210311 14.103192
88.128 2 NPS_POS_LLH 0.758758 0.758752 0.755405 0.022212 0.022212 368.25009 10392.251129 129.145433 314.145434
88.129 2 NPS_SPEED_POS -0.416392 0.167592 0.015528 18.845175 4.944089 1.449098 1268.6292 -19.368634 -133.242863
88.129 2 NPS_GYRO_BIAS 2.5e-05 1.5e-05 1.6e-05
88.129 2 NPS_SENSORS_SCALED -1.147666 -0.555322 -11.726016 0.563361 0.351607 0.747661
88.129 2 NPS_WIND 0. 0. 0.
88.203 2 PONG 
88.204 2 NAVIGATION 36 7 6.4 1266. 166. 1266. 78 72 2 0 0 0
88.229 2 NPS_RATE_ATTITUDE 2.015124 10.191665 13.480904 33.549713 -4.113273 15.505837
88.229 2 NPS_POS_LLH 0.758758 0.758752 0.755405 0.022212 0.022212 368.130881 10392.131911 129.020981 314.020982
88.229 2 NPS_SPEED_POS -0.434711 0.042653 0.027911 18.684944 5.413017 1.420236 1270.193054 -18.93701 -133.123344
88.229 2 NPS_GYRO_BIAS 2e-05 2.1e-05 1.6e-05
88.229 2 NPS_SENSORS_SCALED -1.036602 -0.629365 -11.611055 0.558929 0.343428 0.754755
88.229 2 NPS_WIND 0. 0. 0.
88.245 2 ENERGY 42 12.5 6.097288 76.216103 0.312336 3.904209
88.245 2 ESTIMATOR 314.098633 -1.41
88.246 2 DESIRED 0.61 0.02 3.2 5. 1206. 300. -1.1 15.
88.247 2 ATTITUDE 0.593644 0.276921 -0.04937
88.320 2 WIND_INFO 2 5 0.2 1.9 0. 16.5
88.327 2 GPS 3 36029205 481486212 161 314020 1945 -141 1794 78758 31 0
88.328 2 ATTITUDE 0.59489 0.307519 -0.04811
88.329 2 NPS_RATE_ATTITUDE 1.29276 10.136772 14.091786 33.59825 -3.966768 17.671664
88.330 2 NPS_POS_LLH 0.758758 0.758753 0.755405 0.022212 0.022212 367.956439 10391.957456 128.838763 313.838764
88.330 2 NPS_SPEED_POS -0.432663 -0.131169 -0.119769 18.416866 6.103214 1.376708 1272.512257 -18.217167 -132.948441
88.330 2 NPS_GYRO_BIAS 1.5e-05 2.4e-05 1.6e-05
88.330 2 NPS_SENSORS_SCALED -1.221709 -0.592344 -11.611055 0.551542 0.329438 0.766337
88.331 2 NPS_WIND 0. 0. 0.
88.408 2 FBW_STATUS 0 40 1 12.5 6.138772
88.430 2 NPS_RATE_ATTITUDE 1.2263 10.27178 14.393189 33.601257 -3.922131 18.986934
88.431 2 NPS_POS_LLH 0.758759 0.758753 0.755405 0.022212 0.022212 367.854312 10391.855321 128.732027 313.732027
88.431 2 NPS_SPEED_POS -0.413055 -0.262625 -0.072974 18.241328 6.509338 1.354807 1273.887006 -17.744159 -132.84604
88.431 2 NPS_GYRO_BIAS 2.1e-05 2e-05 1.4e-05
88.431 2 NPS_SENSORS_SCALED -1.184687 -0.666387 -11.572734 0.547346 0.320449 0.773127
88.431 2 NPS_WIND 0. 0. 0.
88.448 2 DL_VALUE 3 1.
88.449 2 DESIRED 0.61 0.02 3.2 5. 1206. 300. -1.1 15.
88.450 2 ATTITUDE 0.595739 0.338548 -0.04796
88.451 2 NAVIGATION 36 7 8.7 1274. 174. 1274. 79 72 2 0 0 0
88.530 2 STATE_FILTER_STATUS 4 3 0
88.530 2 ATTITUDE 0.596677 0.370406 -0.046992
88.530 2 NPS_RATE_ATTITUDE 1.325194 11.048229 14.339428 33.607958 -3.78827 21.247042
88.530 2 NPS_POS_LLH 0.758759 0.758753 0.755406 0.022212 0.022212 367.687469 10391.688466 128.557605 313.557605
88.531 2 NPS_SPEED_POS -0.458888 -0.252931 -0.007043 17.922666 7.180241 1.318151 1276.147638 -16.888626 -132.678747
88.531 2 NPS_GYRO_BIAS 2e-05 2e-05 1e-05
88.531 2 NPS_SENSORS_SCALED -1.221709 -0.666387 -11.726016 0.538712 0.305507 0.785146
88.531 2 NPS_WIND 0. 0. 0.
88.569 2 GPS 3 36029332 481486579 196 313732 1936 -135 1794 78958 31 0
88.611 2 IMU_GYRO 0.024414 0.180908 0.249023
88.611 2 WP_MOVED 6 360132.40625 4813672.5 260.029999 31
88.612 2 DESIRED 0.61 0.02 3.2 5. 1214. 300. -1. 15.
88.612 2 ATTITUDE 0.59769 0.401732 -0.046557
88.632 2 NPS_RATE_ATTITUDE 1.290389 10.258935 14.244128 33.620991 -3.720457 22.724949
88.632 2 NPS_POS_LLH 0.758759 0.758754 0.755406 0.022213 0.022213 367.579305 10391.580294 128.444465 313.444466
88.633 2 NPS_SPEED_POS -0.515002 -0.166916 -0.087731 17.69146 7.626075 1.286943 1277.63164 -16.2716 -132.570287
88.633 2 NPS_GYRO_BIAS 2e-05 2e-05 1.2e-05
88.633 2 NPS_SENSORS_SCALED -1.221709 -0.629365 -11.687695 0.532941 0.295884 0.792734
88.633 2 NPS_WIND 0. 0. 0.
88.733 2 NAVIGATION 36 7 10.2 1277.5 177.6 1277.5 79 72 2 0 0 0
88.734 2 NPS_RATE_ATTITUDE 1.133313 10.971376 14.198724 33.631904 -3.631056 24.780348
88.735 2 NPS_POS_LLH 0.75876 0.758754 0.755406 0.022213 0.022213 367.431403 10391.43238 128.289709 313.28971
88.735 2 NPS_SPEED_POS -0.49106 -0.329706 0.169866 17.348489 8.230395 1.256835 1279.675866 -15.34645 -132.421976
88.735 2 NPS_GYRO_BIAS 2.1e-05 2e-05 4e-06
88.736 2 NPS_SENSORS_SCALED -1.147666 -0.629365 -11.572734 0.524455 0.282566 0.803183
88.736 2 NPS_WIND 0. 0. 0.
88.736 2 IMU_ACCEL -1.257812 -0.666016 -11.457031
88.736 2 ESTIMATOR 313.513153 -1.28
88.736 2 ATTITUDE 0.598473 0.432676 -0.046314
88.762 2 LINK_REPORT 2 -1 106 0 106563 4107 0 1013. 40. 34 39.6
88.815 2 GPS 3 36029649 481487280 267 313192 1915 -123 1794 79358 31 0
88.815 2 DESIRED 0.61 0.02 3.2 5. 1218. 300. -1. 15.
88.816 2 ATTITUDE 0.599047 0.463966 -0.045563
88.833 2 NPS_RATE_ATTITUDE 1.006633 10.278049 14.220781 33.628957 -3.542938 26.262439
88.833 2 NPS_POS_LLH 0.75876 0.758754 0.755407 0.022213 0.022213 367.32795 10391.328919 128.181444 313.181445
88.833 2 NPS_SPEED_POS -0.553065 -0.206934 -0.062837 17.088162 8.654761 1.232488 1281.110815 -14.642857 -132.318236
88.834 2 NPS_GYRO_BIAS 2.4e-05 2.3e-05 4e-06
88.834 2 NPS_SENSORS_SCALED -1.184687 -0.629365 -11.611055 0.517618 0.273074 0.810865
88.834 2 NPS_WIND 0. 0. 0.
88.933 2 NPS_RATE_ATTITUDE 0.919988 10.247601 14.351911 33.619166 -3.493211 27.727244
88.934 2 NPS_POS_LLH 0.75876 0.758754 0.755407 0.022213 0.022213 367.226402 10391.227363 128.07516 313.075161
88.934 2 NPS_SPEED_POS -0.528695 -0.291091 -0.019341 16.817139 9.068376 1.212536 1282.523605 -13.904311 -132.216406
88.935 2 NPS_GYRO_BIAS 2.5e-05 2.3e-05 4e-06
88.935 2 NPS_SENSORS_SCALED -1.147666 -0.703408 -11.496094 0.511092 0.26353 0.81813
88.935 2 NPS_WIND 0. 0. 0.
88.936 2 IMU_MAG 0. 0. 0.
88.937 2 NAVIGATION 36 7 11.8 1281. 177.6 1277.5 79 72 2 0 0 0
88.937 2 ATTITUDE 0.599411 0.494895 -0.045614
88.976 2 NAVIGATION 36 7 11.8 1281. 181.1 1281.1 79 72 2 0 0 0
89.017 2 AIRSPEED 16.5 0. 0. 0.
89.018 2 DESIRED 0.61 0.03 3.3 5. 1221. 300. -1. 15.
89.019 2 ATTITUDE 0.599693 0.526393 -0.045357
89.033 2 NPS_RATE_ATTITUDE 0.893166 10.663865 14.456889 33.597328 -3.399705 29.957705
89.033 2 NPS_POS_LLH 0.75876 0.758755 0.755407 0.022213 0.022213 367.076795 10391.077745 127.918594 312.918594
89.033 2 NPS_SPEED_POS -0.511997 -0.363655 0.032791 16.390223 9.671698 1.187022 1284.599349 -12.732908 -132.066383
89.034 2 NPS_GYRO_BIAS 2.4e-05 2e-05 1e-06
89.034 2 NPS_SENSORS_SCALED -1.25873 -0.666387 -11.611055 0.500321 0.249233 0.829193
89.034 2 NPS_WIND 0. 0. 0.
89.098 2 GPS 3 36029839 481487612 302 312939 1904 -118 1794 79558 31 0
89.134 2 NPS_RATE_ATTITUDE 0.896473 10.225047 14.495357 33.585683 -3.350793 31.295435
89.134 2 NPS_POS_LLH 0.75876 0.758755 0.755407 0.022214 0.022214 366.988712 10390.989654 127.826422 312.826423
89.135 2 NPS_SPEED_POS -0.538966 -0.327505 -0.053463 16.121131 10.026931 1.169044 1285.818574 -11.994154 -131.978054
89.135 2 NPS_GYRO_BIAS 2.6e-05 2.2e-05 -2e-06
89.135 2 NPS_SENSORS_SCALED -1.221709 -0.592344 -11.534414 0.493636 0.240793 0.835669
89.135 2 NPS_WIND 0. 0. 0.
89.139 2 WP_MOVED 7 360464.09375 4813807. 260.029999 31
89.139 2 ATTITUDE 0.599957 0.557643 -0.045428
89.221 2 NAVIGATION 36 7 13.8 1284. 184.2 1284.1 79 73 3 0 0 0
89.222 2 FBW_STATUS 0 40 1 12.5 6.36438
89.222 2 IMU_GYRO 0.016846 0.180908 0.253174
89.223 2 ESTIMATOR 312.73761 -1.14
89.223 2 DESIRED 0.61 0.03 3.3 5. 1224. 300. -1. 15.
89.224 2 ATTITUDE 0.600217 0.588953 -0.045661
89.235 2 NPS_RATE_ATTITUDE 0.89692 10.594897 14.540902 33.569283 -3.28529 33.521325
89.235 2 NPS_POS_LLH 0.758761 0.758755 0.755408 0.022214 0.022214 366.844431 10390.845362 127.675482 312.675482
89.236 2 NPS_SPEED_POS -0.498415 -0.442735 0.10264 15.655461 10.599615 1.146952 1287.804842 -10.704757 -131.833374
89.236 2 NPS_GYRO_BIAS 1.9e-05 2.2e-05 -1e-06
89.236 2 NPS_SENSORS_SCALED -1.25873 -0.629365 -11.419453 0.482206 0.226984 0.846142
89.236 2 NPS_WIND 0. 0. 0.
89.336 2 NPS_RATE_ATTITUDE 0.874595 10.351263 14.523425 33.55817 -3.212331 35.024958
89.336 2 NPS_POS_LLH 0.758761 0.758755 0.755408 0.022214 0.022214 366.749782 10390.750706 127.576503 312.576504
89.336 2 NPS_SPEED_POS -0.546817 -0.359314 -0.033298 15.331152 10.972132 1.129768 1289.096035 -9.8059 -131.738465
89.337 2 NPS_GYRO_BIAS 1.7e-05 2.2e-05 -0.
89.337 2 NPS_SENSORS_SCALED -1.221709 -0.555322 -11.572734 0.473696 0.217984 0.853285
89.337 2 NPS_WIND 0. 0. 0.
89.344 2 GPS_SOL 650 100 650 11
89.344 2 SEGMENT 5. 1300. 5. 1100.
89.344 2 ENERGY 43 12.5 6.38915 79.864372 0.314258 3.928222
89.345 2 GPS 3 36030046 481487930 338 312695 1891 -114 1794 79758 31 0
89.346 2 ATTITUDE 0.600433 0.620545 -0.045372
89.425 2 DESIRED 0.61 0.03 3.3 5. 1224. 300. -1. 15.
89.426 2 ATTITUDE 0.600555 0.651881 -0.045706
89.436 2 NPS_RATE_ATTITUDE 0.840415 10.306781 14.606765 33.54241 -3.153205 37.105643
89.437 2 NPS_POS_LLH 0.758761 0.758756 0.755408 0.022214 0.022214 366.619614 10390.620528 127.440429 312.44043
89.438 2 NPS_SPEED_POS -0.516767 -0.417767 0.009064 14.861781 11.476306 1.109206 1290.857443 -8.496184 -131.607942
89.438 2 NPS_GYRO_BIAS 1.9e-05 2.3e-05 -1e-06
89.438 2 NPS_SENSORS_SCALED -1.147666 -0.592344 -11.342813 0.462043 0.205606 0.862695
89.438 2 NPS_WIND 0. 0. 0.
89.467 2 NAVIGATION 36 7 18.1 1290. 190.5 1290.1 80 73 3 0 0 0
89.537 2 NPS_RATE_ATTITUDE 0.826214 11.295596 14.62493 33.529653 -3.08492 38.615635
89.537 2 NPS_POS_LLH 0.758761 0.758756 0.755408 0.022214 0.022214 366.527922 10390.52883 127.344634 312.344634
89.538 2 NPS_SPEED_POS -0.450259 -0.534638 0.196412 14.515562 11.82395 1.096528 1292.081581 -7.52529 -131.516003
89.538 2 NPS_GYRO_BIAS 1.5e-05 2.4e-05 4e-06
89.538 2 NPS_SENSORS_SCALED -1.221709 -0.555322 -11.534414 0.452872 0.196921 0.869557
89.538 2 NPS_WIND 0. 0. 0.
89.548 2 DATALINK_REPORT 1 34 0 1010 0 0
89.548 2 IMU_ACCEL -1.22168 -0.591797 -11.572266
89.548 2 ATTITUDE 0.600635 0.683795 -0.045366
89.588 2 GPS 3 36030271 481488232 373 312459 1878 -110 1794 79958 31 0
89.631 2 ALIVE 48,227,73,111,232,6,121,226,245,160,22,77,177,74,97,28
89.632 2 WP_MOVED 8 360484. 4813582. 215.029999 31
89.633 2 DESIRED 0.61 0.03 3.4 5. 1230. 300. -0.9 15.
89.634 2 ATTITUDE 0.600706 0.715528 -0.045384
89.638 2 NPS_RATE_ATTITUDE 0.797669 10.303628 14.71009 33.511738 -2.991999 40.8761
89.639 2 NPS_POS_LLH 0.758762 0.758756 0.755409 0.022215 0.022215 366.39319 10390.394087 127.203931 312.203931
89.639 2 NPS_SPEED_POS -0.518758 -0.441209 -0.035283 13.974862 12.332874 1.066898 1293.862398 -6.015187 -131.380911
89.640 2 NPS_GYRO_BIAS 1.8e-05 1.7e-05 -1e-06
89.640 2 NPS_SENSORS_SCALED -1.184687 -0.592344 -11.419453 0.43875 0.184232 0.879521
89.640 2 NPS_WIND 0. 0. 0.
89.712 2 NAVIGATION 36 7 20.5 1293. 193.6 1293.2 80 73 3 0 0 0
89.713 2 ESTIMATOR 312.268768 -1.06
89.713 2 ATTITUDE 0.600728 0.747182 -0.045698
89.739 2 NPS_RATE_ATTITUDE 0.809569 10.418197 14.788156 33.500568 -2.94909 42.380467
89.740 2 NPS_POS_LLH 0.758762 0.758756 0.755409 0.022215 0.022215 366.305078 10390.305968 127.111965 312.111966
89.740 2 NPS_SPEED_POS -0.481244 -0.50206 0.025787 13.605955 12.656317 1.053713 1295.011653 -4.973897 -131.292566
89.740 2 NPS_GYRO_BIAS 2.1e-05 2.2e-05 -5e-06
89.740 2 NPS_SENSORS_SCALED -1.147666 -0.592344 -11.457773 0.429284 0.17595 0.885865
89.740 2 NPS_WIND 0. 0. 0.
89.764 2 LINK_REPORT 2 -1 107 0 107573 4145 0 1010. 38. 34 39.6
89.834 2 IMU_GYRO 0.015869 0.182861 0.258545
89.835 2 GPS 3 36030772 481488785 445 312012 1852 -103 1794 80358 31 0
89.835 2 DESIRED 0.61 0.03 3.4 5. 1233. 300. -0.9 15.
89.836 2 ATTITUDE 0.600804 0.779277 -0.04553
89.840 2 NPS_RATE_ATTITUDE 0.81316 10.345687 14.83133 33.487246 -2.865669 44.509369
89.840 2 NPS_POS_LLH 0.758762 0.758757 0.755409 0.022215 0.022215 366.183614 10390.184496 126.985283 311.985283
89.840 2 NPS_SPEED_POS -0.496121 -0.475661 -0.040608 13.073865 13.093513 1.032909 1296.568157 -3.471666 -131.170786
89.841 2 NPS_GYRO_BIAS 2.1e-05 2.5e-05 -3e-06
89.841 2 NPS_SENSORS_SCALED -1.221709 -0.592344 -11.419453 0.415104 0.164694 0.894743
89.841 2 NPS_WIND 0. 0. 0.
89.916 2 DL_VALUE 4 300.029999
89.917 2 NAVIGATION 36 7 23.1 1296. 193.6 1293.2 80 73 3 0 0 0
89.918 2 ATTITUDE 0.60087 0.811093 -0.045953
89.941 2 NPS_RATE_ATTITUDE 0.820461 10.382019 14.889637 33.48026 -2.830055 46.019419
89.941 2 NPS_POS_LLH 0.758762 0.758757 0.755409 0.022216 0.022216 366.09828 10390.099157 126.89635 311.896351
89.942 2 NPS_SPEED_POS -0.459693 -0.513908 0.006747 12.685326 13.392197 1.021004 1297.641499 -2.368011 -131.085235
89.942 2 NPS_GYRO_BIAS 1.6e-05 2.5e-05 -3e-06
89.942 2 NPS_SENSORS_SCALED -1.221709 -0.629365 -11.457773 0.405076 0.156897 0.90072
89.942 2 NPS_WIND 0. 0. 0.
89.957 2 NAVIGATION 36 7 23.1 1296. 196.8 1296.2 80 73 3 0 0 0
90.037 2 AIRSPEED 16.5 0. 0. 0.
90.038 2 DESIRED 0.61 0.03 3.4 5. 1236. 300. -0.9 15.
90.038 2 ATTITUDE 0.600923 0.843263 -0.046107
90.042 2 NPS_RATE_ATTITUDE 0.817069 10.611618 14.920622 33.471052 -2.752548 48.308037
90.042 2 NPS_POS_LLH 0.758763 0.758757 0.755409 0.022216 0.022216 365.971913 10389.972781 126.764791 311.764792
90.043 2 NPS_SPEED_POS -0.445742 -0.529307 0.021461 12.088542 13.819977 1.004753 1299.190079 -0.667038 -130.958552
90.043 2 NPS_GYRO_BIAS 1.7e-05 2.2e-05 -5e-06
90.043 2 NPS_SENSORS_SCALED -1.184687 -0.555322 -11.496094 0.389053 0.145593 0.909637
90.043 2 NPS_WIND 0. 0. 0.
90.078 2 GPS 3 36031045 481489033 482 311799 1838 -100 1794 80558 31 0
90.120 2 WP_MOVED 9 360364. 4813612. 185.029999 31
90.120 2 ATTITUDE 0.600884 0.875294 -0.046388
90.142 2 NPS_RATE_ATTITUDE 0.809024 10.362151 14.973554 33.46638 -2.712846 49.828572
90.142 2 NPS_POS_LLH 0.758763 0.758757 0.75541 0.022216 0.022216 365.888921 10389.889782 126.678478 311.678478
90.143 2 NPS_SPEED_POS -0.443827 -0.526582 -0.011819 11.680859 14.092441 0.992595 1300.180507 0.496068 -130.875357
90.143 2 NPS_GYRO_BIAS 1.2e-05 2.2e-05 -9e-06
90.143 2 NPS_SENSORS_SCALED -1.295752 -0.592344 -11.419453 0.378271 0.138335 0.9153
90.143 2 NPS_WIND 0. 0. 0.
90.201 2 NAVIGATION 36 7 25.8 1298. 199.1 1298.3 80 74 4 0 0 0
90.242 2 CALIBRATION -150. 0
90.242 2 IMU_MAG 0. 0. 0.
90.243 2 NPS_RATE_ATTITUDE 0.822923 10.887367 15.053574 33.461312 -2.662122 51.964313
90.243 2 ESTIMATOR 311.624054 -0.98
90.243 2 NPS_POS_LLH 0.758763 0.758757 0.75541 0.022217 0.022217 365.774105 10389.774959 126.559206 311.559207
90.244 2 NPS_SPEED_POS -0.34993 -0.608064 0.129523 11.10104 14.453145 0.980983 1301.509565 2.161455 -130.76027
90.244 2 NPS_GYRO_BIAS 1.1e-05 2.1e-05 -1.1e-05
90.244 2 NPS_SENSORS_SCALED -1.221709 -0.518301 -11.342813 0.362799 0.128531 0.922961
90.244 2 NPS_WIND 0. 0. 0.
90.245 2 DESIRED 0.61 0.03 3.5 5. 1238. 300. -0.9 15.
90.245 2 ATTITUDE 0.600828 0.907322 -0.046883
90.324 2 NAVIGATION_REF 360284 4813592 31 185.029999
90.325 2 IMU_ACCEL -1.073242 -0.554688 -11.457031
90.325 2 GPS 3 36031330 481489262 518 311593 1824 -98 1794 80758 31 0
90.326 2 ATTITUDE 0.600753 0.939724 -0.046875
90.344 2 NPS_RATE_ATTITUDE 0.825079 10.425785 15.086927 33.45925 -2.610463 53.504664
90.344 2 NPS_POS_LLH 0.758763 0.758757 0.75541 0.022217 0.022217 365.692991 10389.69384 126.475049 311.47505
90.344 2 NPS_SPEED_POS -0.412458 -0.546721 -0.020454 10.677541 14.698793 0.969987 1302.417056 3.376192 -130.678969
90.345 2 NPS_GYRO_BIAS 1.4e-05 2.6e-05 -1.5e-05
90.345 2 NPS_SENSORS_SCALED -1.25873 -0.555322 -11.496094 0.351138 0.121821 0.928365
90.345 2 NPS_WIND 0. 0. 0.
90.405 2 FBW_STATUS 0 40 1 12.5 6.505705
90.444 2 NPS_RATE_ATTITUDE 0.833653 10.402425 15.159492 33.45899 -2.583383 55.03438
90.445 2 NPS_POS_LLH 0.758763 0.758758 0.75541 0.022217 0.022217 365.612712 10389.613556 126.391847 311.391847
90.445 2 NPS_SPEED_POS -0.373566 -0.570388 0.00759 10.249145 14.932125 0.961696 1303.289029 4.610903 -130.598511
90.445 2 NPS_GYRO_BIAS 1.3e-05 2.7e-05 -1.5e-05
90.446 2 NPS_SENSORS_SCALED -1.184687 -0.592344 -11.381133 0.339689 0.115347 0.933438
90.446 2 NPS_WIND 0. 0. 0.
90.446 2 ENERGY 44 12.5 6.505705 81.321312 0.316233 3.952911
90.446 2 IMU_GYRO 0.014893 0.184082 0.263916
90.448 2 DESIRED 0.61 0.03 3.5 5. 1238. 300. -0.9 15.
90.448 2 ATTITUDE 0.600731 0.971907 -0.047381
90.449 2 NAVIGATION 36 7 31.7 1302.5 204.2 1302.9 81 74 4 0 0 0
90.527 2 SEGMENT 5. 1300. 5. 1100.
90.528 2 ATTITUDE 0.600665 1.004628 -0.047353
90.545 2 NPS_RATE_ATTITUDE 0.842752 10.9804 15.191649 33.460139 -2.50643 57.363552
90.545 2 NPS_POS_LLH 0.758763 0.758758 0.75541 0.022218 0.022218 365.493332 10389.49417 126.268308 311.268309
90.546 2 NPS_SPEED_POS -0.331778 -0.599356 0.069259 9.595798 15.260252 0.950596 1304.529541 6.498151 -130.478876
90.546 2 NPS_GYRO_BIAS 1.5e-05 2.6e-05 -1.2e-05
90.546 2 NPS_SENSORS_SCALED -1.110645 -0.592344 -11.496094 0.321321 0.106103 0.941008
90.547 2 NPS_WIND 0. 0. 0.
90.566 2 GPS 3 36031627 481489471 555 311391 1811 -95 1794 80958 31 0
90.645 2 NPS_RATE_ATTITUDE 0.831473 10.454968 15.240711 33.462583 -2.468382 58.757142
90.646 2 NPS_POS_LLH 0.758764 0.758758 0.75541 0.022218 0.022218 365.422629 10389.423463 126.195243 311.195243
90.648 2 NPS_SPEED_POS -0.369336 -0.566647 -0.034589 9.195197 15.446344 0.93936 1305.234218 7.649719 -130.408027
90.648 2 NPS_GYRO_BIAS 1.4e-05 2.2e-05 -6e-06
90.648 2 NPS_SENSORS_SCALED -1.073623 -0.703408 -11.457773 0.310221 0.100853 0.9453
90.649 2 NPS_WIND 0. 0. 0.
90.649 2 PPRZ_MODE 2 3 3 1 0 21
90.649 2 WP_MOVED 10 360310.90625 4813569. 260.029999 31
90.650 2 DESIRED 0.61 0.03 3.6 5. 1242. 300. -0.9 15.
90.651 2 ATTITUDE 0.600657 1.03721 -0.047574
90.729 2 NAVIGATION 36 7 34.8 1304.5 206.7 1305. 81 74 4 0 0 0
90.730 2 STATE_FILTER_STATUS 4 3 0
90.731 2 ESTIMATOR 311.222778 -0.93
90.731 2 ATTITUDE 0.600538 1.069823 -0.048102
90.746 2 NPS_RATE_ATTITUDE 0.835089 10.959023 15.352852 33.466995 -2.42471 61.080275
90.747 2 NPS_POS_LLH 0.758764 0.758758 0.75541 0.022218 0.022218 365.306158 10389.306985 126.075058 311.075059
90.747 2 NPS_SPEED_POS -0.244114 -0.638365 0.121438 8.522725 15.732122 0.929 1306.34167 9.598677 -130.291326
90.748 2 NPS_GYRO_BIAS 1.1e-05 2.2e-05 -4e-06
90.748 2 NPS_SENSORS_SCALED -1.147666 -0.592344 -11.419453 0.291651 0.092523 0.95204
90.748 2 NPS_WIND 0. 0. 0.
90.765 2 LINK_REPORT 2 -1 108 0 108613 4186 0 1040. 41. 34 39.6
90.811 2 GPS 3 36032252 481489826 629 311003 1784 -91 1794 81358 31 0
90.812 2 DESIRED 0.61 0.03 3.6 5. 1244. 300. -0.8 15.
90.812 2 ATTITUDE 0.60048 1.102791 -0.048232
90.847 2 NPS_RATE_ATTITUDE 0.837622 10.625035 15.387205 33.471112 -2.375795 62.648874
90.848 2 NPS_POS_LLH 0.758764 0.758758 0.755411 0.022218 0.022218 365.229222 10389.230046 125.995805 310.995806
90.848 2 NPS_SPEED_POS -0.302507 -0.59386 -0.004335 8.067283 15.908495 0.920453 1307.032964 10.917113 -130.214246
90.848 2 NPS_GYRO_BIAS 1.2e-05 2e-05 -8e-06
90.848 2 NPS_SENSORS_SCALED -1.073623 -0.592344 -11.457773 0.278585 0.087314 0.956434
90.848 2 NPS_WIND 0. 0. 0.
90.934 2 NAVIGATION 36 7 37.9 1306. 206.7 1305. 81 74 4 0 0 0
90.934 2 ATTITUDE 0.600312 1.135587 -0.04878
90.947 2 NPS_RATE_ATTITUDE 0.856318 10.591821 15.478965 33.479649 -2.340171 64.832522
90.948 2 NPS_POS_LLH 0.758764 0.758758 0.755411 0.022219 0.022219 365.122603 10389.123422 125.886157 310.886157
90.948 2 NPS_SPEED_POS -0.256395 -0.606797 0.01947 7.423782 16.134271 0.911561 1307.936658 12.786521 -130.107439
90.948 2 NPS_GYRO_BIAS 6e-06 2e-05 -3e-06
90.949 2 NPS_SENSORS_SCALED -1.073623 -0.629365 -11.342813 0.260573 0.08049 0.962093
90.949 2 NPS_WIND 0. 0. 0.
90.975 2 NAVIGATION 36 7 37.9 1306. 208.6 1306.6 81 74 4 0 0 0
91.018 2 AIRSPEED 16.5 0. 0. 0.
91.020 2 IMU_GYRO 0.015869 0.192383 0.270264
91.022 2 DESIRED 0.61 0.03 3.6 5. 1246. 300. -0.8 15.
91.023 2 ATTITUDE 0.600228 1.168687 -0.049162
91.048 2 NPS_RATE_ATTITUDE 0.873651 10.957754 15.51381 33.487964 -2.303851 66.406552
91.048 2 NPS_POS_LLH 0.758764 0.758758 0.755411 0.022219 0.022219 365.04694 10389.047754 125.808483 310.808484
91.048 2 NPS_SPEED_POS -0.208297 -0.626031 0.08194 6.960079 16.280448 0.907047 1308.536023 14.137215 -130.031649
91.048 2 NPS_GYRO_BIAS 4e-06 2e-05 0.
91.048 2 NPS_SENSORS_SCALED -0.99958 -0.629365 -11.381133 0.247227 0.075979 0.965974
91.048 2 NPS_WIND 0. 0. 0.
91.096 2 GPS 3 36032576 481489971 666 310816 1771 -90 1794 81558 31 0
91.137 2 IMU_ACCEL -0.924805 -0.628906 -11.342773
91.138 2 WP_MOVED 11 360184. 4813592. 260.029999 31
91.138 2 ATTITUDE 0.60007 1.201845 -0.049598
91.148 2 NPS_RATE_ATTITUDE 0.884382 10.636084 15.58887 33.503873 -2.25829 68.768214
91.149 2 NPS_POS_LLH 0.758764 0.758759 0.755411 0.02222 0.02222 364.934373 10388.935183 125.693147 310.693148
91.149 2 NPS_SPEED_POS -0.22136 -0.60585 0.013374 6.255871 16.477576 0.897696 1309.362071 16.184898 -129.918907
91.149 2 NPS_GYRO_BIAS -1e-06 2e-05 -6e-06
91.149 2 NPS_SENSORS_SCALED -1.036602 -0.629365 -11.457773 0.227036 0.069795 0.971382
91.149 2 NPS_WIND 0. 0. 0.
91.219 2 NAVIGATION 36 7 41.1 1308. 211.1 1308.6 81 75 5 0 0 0
91.220 2 FBW_STATUS 0 40 1 12.5 6.595875
91.220 2 ESTIMATOR 310.654816 -0.89
91.221 2 DESIRED 0.61 0.03 3.7 5. 1248. 300. -0.8 15.
91.221 2 ATTITUDE 0.599869 1.234934 -0.05012
91.249 2 NPS_RATE_ATTITUDE 0.906369 10.833869 15.653095 33.516589 -2.238051 70.343753
91.250 2 NPS_POS_LLH 0.758764 0.758759 0.755411 0.02222 0.02222 364.859821 10388.860628 125.616914 310.616914
91.250 2 NPS_SPEED_POS -0.1581 -0.630182 0.082671 5.783992 16.592637 0.89457 1309.863744 17.562917 -129.844249
91.250 2 NPS_GYRO_BIAS -2e-06 1.8e-05 -1.1e-05
91.250 2 NPS_SENSORS_SCALED -1.110645 -0.555322 -11.304492 0.213531 0.066057 0.974701
91.250 2 NPS_WIND 0. 0. 0.
91.341 2 GPS_SOL 650 100 650 11
91.342 2 GPS 3 36032907 481490093 704 310632 1758 -89 1794 81758 31 0
91.342 2 ATTITUDE 0.599733 1.26839 -0.050328
91.350 2 NPS_RATE_ATTITUDE 0.921121 10.683158 15.711735 33.537286 -2.190119 72.570865
91.350 2 NPS_POS_LLH 0.758764 0.758759 0.755411 0.02222 0.02222 364.75592 10388.756724 125.510881 310.510881
91.350 2 NPS_SPEED_POS -0.187386 -0.602033 0.000198 5.11705 16.733157 0.88837 1310.499712 19.507152 -129.740211
91.351 2 NPS_GYRO_BIAS -2e-06 2.3e-05 -1e-05
91.351 2 NPS_SENSORS_SCALED -1.073623 -0.592344 -11.342813 0.193923 0.061374 0.979095
91.351 2 NPS_WIND 0. 0. 0.
91.422 2 DL_VALUE 5 0.
91.423 2 DESIRED 0.61 0.03 3.7 5. 1248. 300. -0.8 15.
91.424 2 ATTITUDE 0.59956 1.301699 -0.0509
91.450 2 NPS_RATE_ATTITUDE 0.932466 10.701668 15.782324 33.554016 -2.173964 74.156895
91.451 2 NPS_POS_LLH 0.758764 0.758759 0.755411 0.022221 0.022221 364.682107 10388.682909 125.435705 310.435706
91.451 2 NPS_SPEED_POS -0.149156 -0.606321 0.022427 4.638546 16.818008 0.885709 1310.906201 20.905209 -129.66631
91.451 2 NPS_GYRO_BIAS -0. 2.5e-05 -8e-06
91.451 2 NPS_SENSORS_SCALED -0.99958 -0.629365 -11.266172 0.180075 0.058411 0.981917
91.451 2 NPS_WIND 0. 0. 0.
91.464 2 NAVIGATION 36 7 47.8 1310. 214.3 1310.9 82 75 5 0 0 0
91.545 2 IMU_MAG 0. 0. 0.
91.546 2 ENERGY 45 12.5 6.67094 83.386757 0.318247 3.97809
91.546 2 ATTITUDE 0.599424 1.335521 -0.051026
91.551 2 NPS_RATE_ATTITUDE 0.944473 11.03851 15.824092 33.581137 -2.114305 76.570188
91.551 2 NPS_POS_LLH 0.758765 0.758759 0.755411 0.022221 0.022221 364.571671 10388.572469 125.323476 310.323476
91.551 2 NPS_SPEED_POS -0.134256 -0.604036 0.027065 3.915892 16.921319 0.881051 1311.440989 23.014193 -129.555756
91.551 2 NPS_GYRO_BIAS 0. 2.3e-05 -1.2e-05
91.551 2 NPS_SENSORS_SCALED -0.962559 -0.555322 -11.381133 0.15827 0.054591 0.985886
91.551 2 NPS_WIND 0. 0. 0.
91.585 2 GPS 3 36033244 481490192 742 310450 1745 -88 1794 81958 31 0
91.626 2 IMU_GYRO 0.016846 0.188232 0.276611
91.627 2 WP_MOVED 12 360184. 4813792. 260.029999 31
91.628 2 DESIRED 0.61 0.04 3.8 5. 1250. 300. -0.8 15.
91.629 2 ATTITUDE 0.59936 1.369212 -0.051306
91.651 2 NPS_RATE_ATTITUDE 0.938384 10.740343 15.897957 33.600823 -2.093536 78.171024
91.652 2 NPS_POS_LLH 0.758765 0.758759 0.755411 0.022221 0.022221 364.498581 10388.499377 125.24936 310.24936
91.652 2 NPS_SPEED_POS -0.131107 -0.596193 -0.009166 3.430267 16.974462 0.875581 1311.747067 24.426614 -129.482598
91.652 2 NPS_GYRO_BIAS 4e-06 1.6e-05 -6e-06
91.652 2 NPS_SENSORS_SCALED -0.99958 -0.666387 -11.419453 0.143958 0.052458 0.988192
91.652 2 NPS_WIND 0. 0. 0.
91.709 2 NAVIGATION 36 7 51.2 1310.5 215.5 1311.5 82 75 5 0 0 0
91.748 2 SEGMENT 5. 1300. 5. 1100.
91.749 2 ESTIMATOR 310.290039 -0.87
91.749 2 ATTITUDE 0.599262 1.40295 -0.051859
91.753 2 NPS_RATE_ATTITUDE 0.94531 11.211233 15.995116 33.628621 -2.066698 80.424777
91.753 2 NPS_POS_LLH 0.758765 0.758759 0.755411 0.022222 0.022222 364.396646 10388.397441 125.146217 310.146217
91.754 2 NPS_SPEED_POS -0.02905 -0.609192 0.099299 2.751657 17.026074 0.873707 1312.107689 26.410232 -129.380581
91.754 2 NPS_GYRO_BIAS 6e-06 1.1e-05 -1e-05
91.754 2 NPS_SENSORS_SCALED -1.036602 -0.592344 -11.266172 0.123697 0.050005 0.991059
91.754 2 NPS_WIND 0. 0. 0.
91.766 2 LINK_REPORT 2 -1 109 0 109612 4224 0 999. 38. 34 39.6
91.830 2 GPS 3 36033924 481490320 819 310094 1721 -87 1794 82358 31 0
91.831 2 DESIRED 0.61 0.04 3.8 5. 1250. 300. -0.8 15.
91.831 2 ATTITUDE 0.599149 1.437008 -0.052077
91.853 2 NPS_RATE_ATTITUDE 0.948871 10.875504 16.043026 33.649555 -2.038558 82.047364
91.854 2 NPS_POS_LLH 0.758765 0.758759 0.755411 0.022222 0.022222 364.324018 10388.324811 125.072887 310.072888
91.854 2 NPS_SPEED_POS -0.079707 -0.588625 -0.000602 2.264308 17.047653 0.870507 1312.316696 27.830061 -129.307903
91.854 2 NPS_GYRO_BIAS 8e-06 1.2e-05 -8e-06
91.854 2 NPS_SENSORS_SCALED -0.962559 -0.592344 -11.304492 0.108887 0.048665 0.992862
91.854 2 NPS_WIND 0. 0. 0.
91.911 2 NAVIGATION 36 7 54.6 1311. 215.5 1311.5 82 75 5 0 0 0
91.912 2 IMU_ACCEL -0.999023 -0.554688 -11.380859
91.912 2 ATTITUDE 0.599005 1.471006 -0.052634
91.952 2 NAVIGATION 36 7 54.6 1311. 216.8 1312.1 82 75 5 0 0 0
91.954 2 NPS_RATE_ATTITUDE 0.96736 10.892816 16.142595 33.68298 -2.022824 84.476065
91.954 2 NPS_POS_LLH 0.758765 0.758759 0.755411 0.022223 0.022223 364.215371 10388.216163 124.963445 309.963446
91.954 2 NPS_SPEED_POS -0.032664 -0.580935 0.023808 1.534527 17.055112 0.869623 1312.554101 29.961793 -129.199198
91.955 2 NPS_GYRO_BIAS 7e-06 1.3e-05 -1.2e-05
91.955 2 NPS_SENSORS_SCALED -0.925537 -0.555322 -11.381133 0.086999 0.047299 0.995085
91.955 2 NPS_WIND 0. 0. 0.
92.032 2 AIRSPEED 16.5 0. 0. 0.
92.033 2 DESIRED 0.61 0.04 3.8 5. 1251. 300. -0.8 15.
92.033 2 ATTITUDE 0.598873 1.505175 -0.052997
92.055 2 NPS_RATE_ATTITUDE 0.975433 11.13234 16.171893 33.704194 -2.000185 85.948618
92.055 2 NPS_POS_LLH 0.758765 0.758759 0.755411 0.022223 0.022223 364.150148 10388.150939 124.897891 309.897892
92.055 2 NPS_SPEED_POS -0.009211 -0.57786 0.048392 1.096693 17.045328 0.869763 1312.652787 31.240622 -129.133948
92.056 2 NPS_GYRO_BIAS 1.1e-05 1.1e-05 -1.1e-05
92.056 2 NPS_SENSORS_SCALED -0.962559 -0.555322 -11.266172 0.07348 0.046869 0.996195
92.056 2 NPS_WIND 0. 0. 0.
92.073 2 GPS 3 36034266 481490350 858 309919 1709 -86 1794 82558 31 0
92.114 2 WP_MOVED 13 360384. 4813792. 260.029999 31
92.115 2 ATTITUDE 0.598778 1.539443 -0.053394
92.155 2 NPS_RATE_ATTITUDE 0.977755 10.915253 16.260601 33.741132 -1.984481 88.396611
92.156 2 NPS_POS_LLH 0.758765 0.758759 0.755411 0.022223 0.022223 364.041541 10388.042332 124.788979 309.78898
92.156 2 NPS_SPEED_POS -0.004588 -0.562106 0.014128 0.366831 17.00558 0.869341 1312.74421 33.369115 -129.025313
92.156 2 NPS_GYRO_BIAS 9e-06 1.3e-05 -1.8e-05
92.157 2 NPS_SENSORS_SCALED -0.888516 -0.592344 -11.381133 0.051274 0.046786 0.997588
92.157 2 NPS_WIND 0. 0. 0.
92.196 2 NAVIGATION 36 7 58. 1311.5 218. 1312.8 82 76 6 0 0 0
92.236 2 IMU_GYRO 0.018066 0.192383 0.282959
92.236 2 ESTIMATOR 309.758026 -0.87
92.236 2 DESIRED 0.61 0.04 3.9 5. 1252. 300. -0.7 15.
92.237 2 ATTITUDE 0.598704 1.573647 -0.053999
92.256 2 NPS_RATE_ATTITUDE 0.98089 11.317077 16.319175 33.765945 -1.977084 90.035257
92.256 2 NPS_POS_LLH 0.758765 0.758759 0.755411 0.022224 0.022224 363.96901 10387.969801 124.716413 309.716413
92.256 2 NPS_SPEED_POS 0.074164 -0.558628 0.105985 -0.117143 16.962508 0.871903 1312.754601 34.784545 -128.952771
92.257 2 NPS_GYRO_BIAS 1.3e-05 1.2e-05 -1.9e-05
92.257 2 NPS_SENSORS_SCALED -0.925537 -0.629365 -11.266172 0.036431 0.047166 0.998223
92.257 2 NPS_WIND 0. 0. 0.
92.317 2 COMMANDS 4378,90,1836,0
92.318 2 CALIBRATION -150. 0
92.318 2 GPS 3 36034606 481490356 897 309745 1698 -87 1794 82758 31 0
92.319 2 ATTITUDE 0.598608 1.608301 -0.054224
92.357 2 NPS_RATE_ATTITUDE 0.979762 11.040453 16.358215 33.791099 -1.957231 91.687031
92.358 2 NPS_POS_LLH 0.758765 0.758759 0.755411 0.022224 0.022224 363.896321 10387.897113 124.643826 309.643826
92.358 2 NPS_SPEED_POS 0.019667 -0.545186 0.0098 -0.601553 16.906409 0.872407 1312.724654 36.195841 -128.880081
92.358 2 NPS_GYRO_BIAS 1.5e-05 1.4e-05 -1.6e-05
92.358 2 NPS_SENSORS_SCALED -0.851494 -0.592344 -11.266172 0.021277 0.047907 0.998625
92.358 2 NPS_WIND 0. 0. 0.
92.399 2 FBW_STATUS 0 40 1 12.5 6.748158
92.439 2 DESIRED 0.61 0.04 3.9 5. 1252. 300. -0.7 15.
92.440 2 ATTITUDE 0.598543 1.642754 -0.054814
92.458 2 NPS_RATE_ATTITUDE 0.981302 11.041292 16.452862 33.826605 -1.955301 93.992723
92.458 2 NPS_POS_LLH 0.758765 0.758759 0.755411 0.022224 0.022224 363.79439 10387.795181 124.542262 309.542262
92.458 2 NPS_SPEED_POS 0.059013 -0.529551 0.027045 -1.275711 16.805791 0.875565 1312.615087 38.162635 -128.77816
92.459 2 NPS_GYRO_BIAS 1.8e-05 1.1e-05 -1.7e-05
92.459 2 NPS_SENSORS_SCALED -0.925537 -0.555322 -11.342813 0.000525 0.049534 0.998772
92.459 2 NPS_WIND 0. 0. 0.
92.479 2 NAVIGATION 36 7 64.8 1311.5 219.8 1313.1 83 76 6 0 0 0
92.520 2 ATTITUDE 0.598419 1.677731 -0.054954
92.558 2 NPS_RATE_ATTITUDE 0.983666 11.578838 16.477603 33.851693 -1.930953 95.662631
92.558 2 NPS_POS_LLH 0.758765 0.758759 0.755411 0.022225 0.022225 363.721254 10387.722047 124.46955 309.46955
92.558 2 NPS_SPEED_POS 0.110231 -0.522099 0.096467 -1.7548 16.717962 0.878293 1312.488829 39.559551 -128.705043
92.558 2 NPS_GYRO_BIAS 1.7e-05 9e-06 -1.5e-05
92.558 2 NPS_SENSORS_SCALED -0.925537 -0.703408 -11.419453 -0.014822 0.051129 0.998582
92.558 2 NPS_WIND 0. 0. 0.
92.559 2 GPS 3 36034944 481490339 936 309571 1687 -87 1794 82958 31 0
92.640 2 COMMANDS 4404,92,1884,0
92.640 2 ENERGY 45 12.5 6.798473 84.980919 0.320302 4.003777
92.640 2 WP_MOVED 14 360384. 4813592. 260.029999 31
92.641 2 DESIRED 0.61 0.04 3.9 5. 1252. 300. -0.7 15.
92.642 2 ATTITUDE 0.598313 1.71256 -0.055227
92.659 2 NPS_RATE_ATTITUDE 0.969586 11.102564 16.559331 33.887671 -1.914304 97.994468
92.659 2 NPS_POS_LLH 0.758765 0.758759 0.755411 0.022225 0.022225 363.618852 10387.619646 124.367967 309.367967
92.659 2 NPS_SPEED_POS 0.067858 -0.50917 -0.001927 -2.424744 16.572707 0.877433 1312.244936 41.501757 -128.602679
92.659 2 NPS_GYRO_BIAS 1.1e-05 3e-06 -1.2e-05
92.659 2 NPS_SENSORS_SCALED -0.851494 -0.629365 -11.381133 -0.035929 0.053972 0.997896
92.659 2 NPS_WIND 0. 0. 0.
92.722 2 NAVIGATION 36 7 68.2 1311. 220.3 1312.8 83 76 6 0 0 0
92.723 2 IMU_ACCEL -0.961914 -0.628906 -11.303711
92.723 2 ESTIMATOR 309.404938 -0.87
92.723 2 ATTITUDE 0.598152 1.747519 -0.055832
92.759 2 NPS_RATE_ATTITUDE 0.972909 11.359748 16.633962 33.912867 -1.914793 99.661133
92.760 2 NPS_POS_LLH 0.758765 0.758759 0.755411 0.022225 0.022225 363.545585 10387.54638 124.295444 309.295444
92.760 2 NPS_SPEED_POS 0.14232 -0.495253 0.076477 -2.897465 16.453354 0.880522 1312.023145 42.877935 -128.529448
92.760 2 NPS_GYRO_BIAS 9e-06 3e-06 -9e-06
92.760 2 NPS_SENSORS_SCALED -0.814473 -0.518301 -11.381133 -0.050765 0.056427 0.997115
92.761 2 NPS_WIND 0. 0. 0.
92.768 2 LINK_REPORT 2 -1 110 0 110582 4261 0 970. 37. 34 39.6
92.844 2 IMU_MAG 0. 0. 0.
92.844 2 IMU_GYRO 0.018066 0.197754 0.290527
92.845 2 GPS 3 36035606 481490237 1016 309222 1666 -88 1794 83358 31 0
92.846 2 DESIRED 0.61 0.04 4. 5. 1251. 300. -0.7 15.
92.846 2 ATTITUDE 0.597979 1.782746 -0.055991
92.860 2 NPS_RATE_ATTITUDE 0.98541 11.213541 16.700542 33.951415 -1.894287 102.1863
92.861 2 NPS_POS_LLH 0.758765 0.758759 0.755411 0.022226 0.022226 363.435253 10387.43605 124.186474 309.186474
92.861 2 NPS_SPEED_POS 0.10364 -0.480568 -0.000929 -3.602045 16.24963 0.883127 1311.616871 44.922179 -128.419185
92.862 2 NPS_GYRO_BIAS 1.1e-05 7e-06 -1.3e-05
92.862 2 NPS_SENSORS_SCALED -0.851494 -0.629365 -11.304492 -0.07343 0.060814 0.995444
92.862 2 NPS_WIND 0. 0. 0.
92.926 2 STATE_FILTER_STATUS 4 3 0
92.926 2 DL_VALUE 6 0.
92.927 2 SEGMENT 5. 1300. 5. 1100.
92.928 2 NAVIGATION 36 7 71.5 1310.5 220.3 1312.8 83 76 6 0 0 0
92.929 2 ATTITUDE 0.597804 1.817991 -0.056542
92.960 2 NPS_RATE_ATTITUDE 0.998462 11.229713 16.759298 33.975745 -1.897808 103.697346
92.961 2 NPS_POS_LLH 0.758764 0.758759 0.755411 0.022226 0.022226 363.36887 10387.369669 124.12105 309.121051
92.961 2 NPS_SPEED_POS 0.128985 -0.465402 0.016054 -4.020035 16.113505 0.886055 1311.331015 46.135861 -128.352853
92.961 2 NPS_GYRO_BIAS 5e-06 4e-06 -1e-05
92.961 2 NPS_SENSORS_SCALED -0.962559 -0.703408 -11.342813 -0.086665 0.063857 0.994189
92.961 2 NPS_WIND 0. 0. 0.
92.967 2 NAVIGATION 36 7 71.5 1310.5 220.7 1312.4 83 76 6 0 0 0
93.047 2 AIRSPEED 16.5 0. 0. 0.
93.047 2 DESIRED 0.61 0.04 4. 5. 1250. 300. -0.7 15.
93.047 2 ATTITUDE 0.597625 1.853392 -0.056857
93.061 2 NPS_RATE_ATTITUDE 1.020265 11.412427 16.817394 34.017815 -1.888285 106.236869
93.064 2 NPS_POS_LLH 0.758764 0.758759 0.755411 0.022226 0.022226 363.2576 10387.258402 124.01161 309.011611
93.064 2 NPS_SPEED_POS 0.145248 -0.447575 0.026318 -4.70882 15.86347 0.891979 1310.785394 48.13473 -128.241681
93.064 2 NPS_GYRO_BIAS 4e-06 4e-06 -1.3e-05
93.064 2 NPS_SENSORS_SCALED -0.888516 -0.629365 -11.342813 -0.108954 0.069624 0.991606
93.064 2 NPS_WIND 0. 0. 0.
93.087 2 GPS 3 36035928 481490151 1056 309048 1656 -89 1794 83558 31 0
93.128 2 WP_MOVED 15 360161.5 4813627.5 260.029999 31
93.129 2 ATTITUDE 0.597427 1.888935 -0.057265
93.161 2 NPS_RATE_ATTITUDE 1.031339 11.277303 16.872045 34.047452 -1.891451 107.929046
93.162 2 NPS_POS_LLH 0.758764 0.758759 0.755411 0.022227 0.022227 363.18307 10387.183874 123.93846 308.93846
93.162 2 NPS_SPEED_POS 0.144117 -0.43594 0.007164 -5.162855 15.68068 0.895329 1310.374032 49.449155 -128.167225
93.163 2 NPS_GYRO_BIAS 7e-06 4e-06 -1e-05
93.163 2 NPS_SENSORS_SCALED -0.777451 -0.592344 -11.304492 -0.123516 0.073948 0.989583
93.163 2 NPS_WIND 0. 0. 0.
93.168 2 PONG 
93.209 2 NAVIGATION 36 7 74.7 1309.5 220.8 1311.6 83 77 7 0 0 0
93.210 2 AUTOPILOT_VERSION 51500 v5.15_devel-179-g9a29798-dirty
93.211 2 FBW_STATUS 0 40 1 12.5 6.858595
93.212 2 ESTIMATOR 308.873596 -0.9
93.213 2 DESIRED 0.61 0.04 4. 5. 1250. 300. -0.7 15.
93.213 2 ATTITUDE 0.59724 1.924393 -0.05781
93.262 2 NPS_RATE_ATTITUDE 1.05117 11.666762 16.945865 34.090064 -1.898418 110.307323
93.262 2 NPS_POS_LLH 0.758764 0.758759 0.755411 0.022227 0.022227 363.078057 10387.078864 123.83559 308.83559
93.263 2 NPS_SPEED_POS 0.212508 -0.401048 0.090173 -5.788114 15.40402 0.903257 1309.735113 51.262668 -128.062329
93.263 2 NPS_GYRO_BIAS 5e-06 1e-05 -1.1e-05
93.263 2 NPS_SENSORS_SCALED -0.851494 -0.592344 -11.227852 -0.143718 0.080641 0.986328
93.263 2 NPS_WIND 0. 0. 0.
93.332 2 GPS_SOL 650 100 650 11
93.333 2 GPS 3 36036240 481490045 1097 308872 1647 -90 1794 83758 31 0
93.333 2 ATTITUDE 0.597067 1.960327 -0.057953
93.363 2 NPS_RATE_ATTITUDE 1.05524 11.391312 16.984045 34.121265 -1.893746 112.01829
93.363 2 NPS_POS_LLH 0.758764 0.758759 0.755411 0.022227 0.022227 363.002522 10387.003333 123.761735 308.761735
93.363 2 NPS_SPEED_POS 0.161471 -0.404684 0.004547 -6.229484 15.190992 0.907203 1309.234345 52.537548 -127.986887
93.364 2 NPS_GYRO_BIAS 2e-06 7e-06 -1e-05
93.364 2 NPS_SENSORS_SCALED -0.777451 -0.629365 -11.381133 -0.158216 0.085875 0.983663
93.364 2 NPS_WIND 0. 0. 0.
93.413 2 IMU_GYRO 0.019043 0.198975 0.296875
93.413 2 DESIRED 0.61 0.04 4. 5. 1250. 300. -0.7 15.
93.414 2 ATTITUDE 0.596944 1.996 -0.058426
93.454 2 NAVIGATION 36 7 80.8 1307. 220.4 1309.5 84 77 7 0 0 0
93.464 2 NPS_RATE_ATTITUDE 1.067223 11.383401 17.080935 34.168736 -1.91363 114.578271
93.465 2 NPS_POS_LLH 0.758764 0.758758 0.755411 0.022228 0.022228 362.888464 10386.889279 123.650425 308.650425
93.465 2 NPS_SPEED_POS 0.189049 -0.374751 0.019503 -6.878738 14.848883 0.91609 1308.414909 54.415316 -127.872982
93.465 2 NPS_GYRO_BIAS 4e-06 7e-06 -1.5e-05
93.465 2 NPS_SENSORS_SCALED -0.777451 -0.592344 -11.227852 -0.179189 0.094414 0.979274
93.465 2 NPS_WIND 0. 0. 0.
93.534 2 IMU_ACCEL -0.740234 -0.666016 -11.303711
93.535 2 ATTITUDE 0.596813 2.032199 -0.058489
93.565 2 NPS_RATE_ATTITUDE 1.067739 11.800239 17.093848 34.199985 -1.89744 116.311949
93.565 2 NPS_POS_LLH 0.758764 0.758758 0.755411 0.022228 0.022228 362.811729 10386.812548 123.575672 308.575673
93.565 2 NPS_SPEED_POS 0.206087 -0.360936 0.050572 -7.30406 14.605098 0.921498 1307.823952 55.642662 -127.796358
93.565 2 NPS_GYRO_BIAS 0. 6e-06 -2.2e-05
93.565 2 NPS_SENSORS_SCALED -0.74043 -0.629365 -11.342813 -0.193606 0.100564 0.975912
93.565 2 NPS_WIND 0. 0. 0.
93.575 2 GPS 3 36036542 481489916 1138 308695 1638 -91 1794 83958 31 0
93.617 2 WP_MOVED 16 360289. 4813692. 500.029999 31
93.618 2 DESIRED 0.61 0.04 4. 5. 1247. 300. -0.6 15.
93.619 2 ATTITUDE 0.596618 2.068206 -0.058626
93.665 2 NPS_RATE_ATTITUDE 1.068123 11.443903 17.180494 34.24461 -1.908573 118.722373
93.665 2 NPS_POS_LLH 0.758764 0.758758 0.755411 0.022228 0.022228 362.703828 10386.704652 123.470744 308.470745
93.665 2 NPS_SPEED_POS 0.18756 -0.35032 -0.003667 -7.889757 14.242835 0.926481 1306.937471 57.32567 -127.688624
93.666 2 NPS_GYRO_BIAS -9e-06 6e-06 -2.4e-05
93.666 2 NPS_SENSORS_SCALED -0.666387 -0.74043 -11.304492 -0.212803 0.109771 0.97091
93.666 2 NPS_WIND 0. 0. 0.
93.699 2 NAVIGATION 36 7 83.7 1305.5 220. 1308.2 84 77 7 0 0 0
93.740 2 ENERGY 46 12.5 6.946114 86.826416 0.322403 4.030037
93.740 2 ESTIMATOR 308.512573 -0.92
93.741 2 ATTITUDE 0.596394 2.104267 -0.059043
93.765 2 NPS_RATE_ATTITUDE 1.082234 11.825064 17.244237 34.276275 -1.92292 120.449063
93.767 2 NPS_POS_LLH 0.758764 0.758758 0.75541 0.022229 0.022229 362.626209 10386.627036 123.395387 308.395388
93.768 2 NPS_SPEED_POS 0.252739 -0.306495 0.085728 -8.297286 13.970805 0.933652 1306.262951 58.501317 -127.611133
93.768 2 NPS_GYRO_BIAS -6e-06 1e-06 -2.1e-05
93.768 2 NPS_SENSORS_SCALED -0.74043 -0.629365 -11.304492 -0.226198 0.116778 0.967056
93.768 2 NPS_WIND 0. 0. 0.
93.769 2 LINK_REPORT 2 -1 111 0 111644 4302 0 1062. 41. 35 3.69
93.828 2 GPS 3 36037111 481489599 1220 308334 1622 -93 1794 84358 31 0
93.828 2 DESIRED 0.61 0.04 4.1 5. 1246. 300. -0.6 15.
93.828 2 ATTITUDE 0.596131 2.140603 -0.059153
93.866 2 NPS_RATE_ATTITUDE 1.103148 11.590724 17.283832 34.312062 -1.925001 122.363761
93.866 2 NPS_POS_LLH 0.758764 0.758758 0.75541 0.022229 0.022229 362.540179 10386.541011 123.311976 308.311977
93.866 2 NPS_SPEED_POS 0.202619 -0.317005 0.003559 -8.737999 13.657532 0.939871 1305.482104 59.767727 -127.525251
93.866 2 NPS_GYRO_BIAS -1e-05 -2e-06 -2.4e-05
93.867 2 NPS_SENSORS_SCALED -0.777451 -0.629365 -11.266172 -0.240988 0.124914 0.962456
93.867 2 NPS_WIND 0. 0. 0.
93.911 2 NAVIGATION 36 7 86.5 1304. 220. 1308.2 84 77 7 0 0 0
93.912 2 ATTITUDE 0.595932 2.176927 -0.059588
93.952 2 NAVIGATION 36 7 86.5 1304. 219.7 1306.9 84 77 7 0 0 0
93.967 2 NPS_RATE_ATTITUDE 1.134153 11.573688 17.366918 34.363753 -1.954336 124.967628
93.968 2 NPS_POS_LLH 0.758763 0.758758 0.75541 0.022229 0.022229 362.421847 10386.422685 123.197431 308.197431
93.968 2 NPS_SPEED_POS 0.217355 -0.286457 0.016134 -9.322162 13.208735 0.950758 1304.353127 61.447118 -127.407135
93.968 2 NPS_GYRO_BIAS -1.2e-05 -3e-06 -2.1e-05
93.968 2 NPS_SENSORS_SCALED -0.74043 -0.629365 -11.342813 -0.260215 0.136727 0.955821
93.969 2 NPS_WIND 0. 0. 0.
94.032 2 AIRSPEED 16.5 0. 0. 0.
94.032 2 IMU_GYRO 0.019043 0.20752 0.302002
94.033 2 DESIRED 0.61 0.04 4.1 5. 1244. 300. -0.6 15.
94.033 2 ATTITUDE 0.59576 2.213366 -0.059805
94.067 2 NPS_RATE_ATTITUDE 1.145651 11.819219 17.389096 34.395453 -1.959542 126.544326
94.068 2 NPS_POS_LLH 0.758763 0.758758 0.75541 0.02223 0.02223 362.350116 10386.350958 123.128087 308.128087
94.068 2 NPS_SPEED_POS 0.229757 -0.268483 0.041947 -9.66333 12.927419 0.957921 1303.64114 62.427286 -127.33554
94.068 2 NPS_GYRO_BIAS -1.5e-05 -0. -2e-05
94.068 2 NPS_SENSORS_SCALED -0.74043 -0.629365 -11.381133 -0.271759 0.144203 0.9515
94.068 2 NPS_WIND 0. 0. 0.
94.072 2 GPS 3 36037375 481489412 1262 308151 1614 -95 1794 84558 31 0
94.114 2 IMU_MAG 0. 0. 0.
94.114 2 SEGMENT 5. 1300. 5. 1100.
94.115 2 WP_MOVED 17 360289. 4813892. 300.029999 31
94.115 2 ATTITUDE 0.59556 2.249987 -0.060049
94.169 2 NPS_RATE_ATTITUDE 1.161277 11.598498 17.460515 34.449458 -1.987584 129.166133
94.170 2 NPS_POS_LLH 0.758763 0.758757 0.75541 0.02223 0.02223 362.2295 10386.230349 123.011639 308.011639
94.170 2 NPS_SPEED_POS 0.210275 -0.258296 0.002764 -10.216847 12.438466 0.968816 1302.398394 64.012891 -127.215163
94.170 2 NPS_GYRO_BIAS -9e-06 7e-06 -2.5e-05
94.171 2 NPS_SENSORS_SCALED -0.703408 -0.555322 -11.304492 -0.290153 0.157268 0.943969
94.171 2 NPS_WIND 0. 0. 0.
94.196 2 NAVIGATION 36 7 89.1 1302. 218.8 1305. 84 78 8 0 0 0
94.236 2 ESTIMATOR 307.957123 -0.97
94.236 2 DESIRED 0.61 0.04 4.1 5. 1242. 300. -0.6 15.
94.237 2 ATTITUDE 0.595433 2.286469 -0.060391
94.269 2 NPS_RATE_ATTITUDE 1.173683 11.937988 17.511045 34.485596 -2.011553 130.91816
94.270 2 NPS_POS_LLH 0.758763 0.758757 0.75541 0.02223 0.02223 362.148205 10386.149059 122.933249 307.93325
94.270 2 NPS_SPEED_POS 0.255662 -0.211253 0.07927 -10.573069 12.100059 0.978527 1301.532076 65.0354 -127.134035
94.270 2 NPS_GYRO_BIAS -6e-06 9e-06 -2.9e-05
94.270 2 NPS_SENSORS_SCALED -0.666387 -0.518301 -11.304492 -0.301993 0.166397 0.938676
94.270 2 NPS_WIND 0. 0. 0.
94.317 2 IMU_ACCEL -0.666016 -0.628906 -11.265625
94.318 2 GPS 3 36037623 481489207 1304 307964 1607 -97 1794 84758 31 0
94.319 2 ATTITUDE 0.595291 2.323379 -0.060398
94.370 2 NPS_RATE_ATTITUDE 1.180182 11.655817 17.562658 34.535975 -2.034772 133.385651
94.370 2 NPS_POS_LLH 0.758763 0.758757 0.75541 0.02223 0.02223 362.033114 10386.033975 122.822391 307.822391
94.370 2 NPS_SPEED_POS 0.205617 -0.226585 -0.005366 -11.056876 11.608032 0.990225 1300.270145 66.418569 -127.019187
94.371 2 NPS_GYRO_BIAS -3e-06 1e-05 -3.2e-05
94.371 2 NPS_SENSORS_SCALED -0.666387 -0.629365 -11.189531 -0.3183 0.179712 0.9308
94.371 2 NPS_WIND 0. 0. 0.
94.398 2 FBW_STATUS 0 40 1 12.5 7.045657
94.438 2 CALIBRATION -150. 0
94.438 2 DL_VALUE 7 85.
94.439 2 DESIRED 0.61 0.04 4.1 5. 1242. 300. -0.6 15.
94.440 2 ATTITUDE 0.595184 2.360009 -0.060715
94.470 2 NPS_RATE_ATTITUDE 1.182889 11.66344 17.61926 34.571379 -2.066756 135.144394
94.470 2 NPS_POS_LLH 0.758763 0.758757 0.755409 0.022231 0.022231 361.950009 10385.950875 122.742422 307.742423
94.471 2 NPS_SPEED_POS 0.213897 -0.20179 0.007591 -11.389688 11.245227 1.000285 1299.334795 67.370851 -126.936263
94.471 2 NPS_GYRO_BIAS -2e-06 8e-06 -4e-05
94.471 2 NPS_SENSORS_SCALED -0.629365 -0.629365 -11.266172 -0.329295 0.189589 0.924998
94.471 2 NPS_WIND 0. 0. 0.
94.479 2 NAVIGATION 36 7 93.9 1298. 217.1 1301.4 85 78 8 0 0 0
94.520 2 ATTITUDE 0.59505 2.397104 -0.060582
94.562 2 GPS 3 36037856 481488984 1346 307774 1601 -99 1794 84958 31 0
94.571 2 NPS_RATE_ATTITUDE 1.185593 11.910609 17.639073 34.622798 -2.078695 137.815607
94.571 2 NPS_POS_LLH 0.758762 0.758757 0.755409 0.022231 0.022231 361.823725 10385.8246 122.621014 307.621015
94.571 2 NPS_SPEED_POS 0.200212 -0.196542 -0.000471 -11.870211 10.681704 1.013767 1297.880868 68.741567 -126.810261
94.571 2 NPS_GYRO_BIAS -0. 1e-05 -4.4e-05
94.571 2 NPS_SENSORS_SCALED -0.629365 -0.629365 -11.381133 -0.345897 0.204956 0.915614
94.571 2 NPS_WIND 0. 0. 0.
94.640 2 DATALINK_REPORT 2 35 0 1006 0 0
94.640 2 IMU_GYRO 0.02002 0.205322 0.30542
94.641 2 WP_MOVED 18 360289. 4814092. 500.029999 31
94.641 2 DESIRED 0.61 0.05 4.1 5. 1238. 300. -0.6 15.
94.642 2 ATTITUDE 0.59496 2.434026 -0.060527
94.672 2 NPS_RATE_ATTITUDE 1.178651 11.713201 17.689921 34.653406 -2.104558 139.408567
94.672 2 NPS_POS_LLH 0.758762 0.758757 0.755409 0.022231 0.022231 361.747282 10385.748161 122.547592 307.547592
94.673 2 NPS_SPEED_POS 0.192386 -0.188113 -0.019734 -12.147513 10.332769 1.020556 1296.980138 69.529648 -126.733993
94.673 2 NPS_GYRO_BIAS -2e-06 9e-06 -4.6e-05
94.673 2 NPS_SENSORS_SCALED -0.666387 -0.629365 -11.266172 -0.355125 0.214473 0.909883
94.673 2 NPS_WIND 0. 0. 0.
94.721 2 NAVIGATION 36 7 96.1 1295.5 215.7 1299.1 85 78 8 0 0 0
94.722 2 ALIVE 48,227,73,111,232,6,121,226,245,160,22,77,177,74,97,28
94.722 2 ESTIMATOR 307.570068 -1.01
94.723 2 ATTITUDE 0.594829 2.47104 -0.060819
94.771 2 LINK_REPORT 2 -1 112 0 112652 4341 0 1008. 39. 35 3.69
94.773 2 NPS_RATE_ATTITUDE 1.184194 12.119432 17.760266 34.70194 -2.146658 142.076375
94.774 2 NPS_POS_LLH 0.758762 0.758756 0.755409 0.022231 0.022231 361.618435 10385.619323 122.42393 307.423931
94.774 2 NPS_SPEED_POS 0.228415 -0.12375 0.060379 -12.587426 9.737155 1.036409 1295.433933 70.78422 -126.605447
94.774 2 NPS_GYRO_BIAS -4e-06 -1e-06 -3.8e-05
94.774 2 NPS_SENSORS_SCALED -0.629365 -0.666387 -11.227852 -0.369924 0.230829 0.89993
94.774 2 NPS_WIND 0. 0. 0.
94.844 2 ENERGY 47 12.5 7.143616 89.295197 0.324557 4.05696
94.845 2 GPS 3 36038265 481488496 1431 307382 1590 -104 1794 85358 31 0
94.845 2 DESIRED 0.61 0.05 4.1 5. 1236. 300. -0.6 15.
94.846 2 ATTITUDE 0.594742 2.508302 -0.06074
94.874 2 NPS_RATE_ATTITUDE 1.187967 11.855168 17.791101 34.733586 -2.168764 143.864034
94.874 2 NPS_POS_LLH 0.758762 0.758756 0.755409 0.022232 0.022232 361.531492 10385.532386 122.340544 307.340545
94.875 2 NPS_SPEED_POS 0.190259 -0.147553 -0.008917 -12.867237 9.328278 1.045266 1294.373241 71.578673 -126.518711
94.875 2 NPS_GYRO_BIAS -1e-06 4e-06 -3.4e-05
94.875 2 NPS_SENSORS_SCALED -0.74043 -0.555322 -11.304492 -0.379448 0.242062 0.892987
94.875 2 NPS_WIND 0. 0. 0.
94.925 2 NAVIGATION 36 7 98. 1293. 215.7 1299.1 85 78 8 0 0 0
94.925 2 ATTITUDE 0.594615 2.545581 -0.060967
94.966 2 NAVIGATION 36 7 98. 1293. 214.2 1296.7 85 78 8 0 0 0
94.975 2 NPS_RATE_ATTITUDE 1.19317 11.836956 17.856052 34.776834 -2.220787 146.360491
94.975 2 NPS_POS_LLH 0.758762 0.758756 0.755408 0.022232 0.022232 361.408406 10385.409308 122.222566 307.222567
94.976 2 NPS_SPEED_POS 0.199553 -0.114635 0.014477 -13.237993 8.743333 1.0603 1292.850194 72.632984 -126.395923
94.976 2 NPS_GYRO_BIAS 2e-06 1.5e-05 -3.5e-05
94.976 2 NPS_SENSORS_SCALED -0.74043 -0.666387 -11.266172 -0.391752 0.25821 0.883096
94.976 2 NPS_WIND 0. 0. 0.
95.049 2 AIRSPEED 16.5 0. 0. 0.
95.049 2 DESIRED 0.61 0.05 4.1 5. 1233. 300. -0.6 15.
95.049 2 ATTITUDE 0.594619 2.582982 -0.060985
95.075 2 NPS_RATE_ATTITUDE 1.192272 12.050403 17.866665 34.806231 -2.24149 148.160002
95.076 2 NPS_POS_LLH 0.758761 0.758756 0.755408 0.022232 0.022232 361.319348 10385.320257 122.137243 307.137244
95.076 2 NPS_SPEED_POS 0.187857 -0.104305 0.019117 -13.488173 8.315991 1.071156 1291.736533 73.343857 -126.307083
95.076 2 NPS_GYRO_BIAS 2e-06 1.7e-05 -3.4e-05
95.076 2 NPS_SENSORS_SCALED -0.703408 -0.629365 -11.304492 -0.400377 0.270027 0.875662
95.076 2 NPS_WIND 0. 0. 0.
95.087 2 GPS 3 36038440 481488231 1474 307180 1585 -106 1794 85558 31 0
95.128 2 STATE_FILTER_STATUS 4 3 0
95.128 2 IMU_ACCEL -0.740234 -0.591797 -11.189453
95.128 2 WP_MOVED 19 360289. 4814292. 300.029999 31
95.128 2 ATTITUDE 0.59459 2.620578 -0.060993
95.177 2 NPS_RATE_ATTITUDE 1.183532 11.86162 17.920866 34.848481 -2.296112 150.848165
95.178 2 NPS_POS_LLH 0.758761 0.758756 0.755408 0.022232 0.022232 361.184182 10385.1851 122.007806 307.007806
95.178 2 NPS_SPEED_POS 0.168324 -0.097341 -0.005784 -13.840371 7.6608 1.086872 1290.028185 74.342549 -126.172251
95.178 2 NPS_GYRO_BIAS 3e-06 1.7e-05 -3.5e-05
95.178 2 NPS_SENSORS_SCALED -0.703408 -0.703408 -11.342813 -0.412101 0.288142 0.864377
95.179 2 NPS_WIND 0. 0. 0.
95.211 2 NAVIGATION 36 7 99.8 1290. 212.3 1293.9 85 79 9 0 0 0
95.211 2 FBW_STATUS 0 40 1 12.5 7.190765
95.212 2 IMU_GYRO 0.02002 0.208496 0.310547
95.212 2 ESTIMATOR 306.958282 -1.09
95.213 2 DESIRED 0.61 0.05 4.1 5. 1230. 300. -0.5 15.
95.213 2 ATTITUDE 0.594581 2.657985 -0.061189
95.278 2 NPS_RATE_ATTITUDE 1.17708 12.233353 17.94601 34.874189 -2.330255 152.647518
95.278 2 NPS_POS_LLH 0.758761 0.758755 0.755408 0.022232 0.022232 361.092861 10385.093785 121.920383 306.920384
95.278 2 NPS_SPEED_POS 0.188027 -0.046804 0.064064 -14.058417 7.216395 1.099317 1288.865646 74.962481 -126.081158
95.278 2 NPS_GYRO_BIAS 1e-06 1.6e-05 -3.4e-05
95.279 2 NPS_SENSORS_SCALED -0.629365 -0.555322 -11.342813 -0.419436 0.300467 0.856617
95.279 2 NPS_WIND 0. 0. 0.
95.332 2 GPS_SOL 650 100 650 11
95.333 2 SEGMENT 5. 1300. 5. 1100.
95.334 2 GPS 3 36038594 481487955 1517 306972 1581 -109 1794 85758 31 0
95.334 2 ATTITUDE 0.594432 2.695831 -0.061009
95.379 2 NPS_RATE_ATTITUDE 1.173134 11.897483 17.97555 34.907738 -2.37431 155.172621
95.379 2 NPS_POS_LLH 0.758761 0.758755 0.755407 0.022232 0.022232 360.963434 10384.964368 121.796514 306.796514
95.379 2 NPS_SPEED_POS 0.145413 -0.082631 -0.018019 -14.342775 6.581692 1.113935 1287.208655 75.767484 -125.952058
95.380 2 NPS_GYRO_BIAS -3e-06 1.9e-05 -2.8e-05
95.380 2 NPS_SENSORS_SCALED -0.555322 -0.629365 -11.266172 -0.429032 0.318017 0.845457
95.380 2 NPS_WIND 0. 0. 0.
95.414 2 IMU_MAG 0. 0. 0.
95.415 2 DESIRED 0.61 0.05 4.1 5. 1230. 300. -0.5 15.
95.415 2 ATTITUDE 0.594334 2.73338 -0.061155
95.455 2 NAVIGATION 36 7 102.7 1285. 209.2 1289.1 86 79 9 0 0 0
95.480 2 NPS_RATE_ATTITUDE 1.180209 11.940087 18.012878 34.930529 -2.418765 156.971816
95.480 2 NPS_POS_LLH 0.758761 0.758755 0.755407 0.022233 0.022233 360.869869 10384.87081 121.706983 306.706984
95.480 2 NPS_SPEED_POS 0.145047 -0.056175 0.002541 -14.529263 6.122246 1.126202 1286.005557 76.296849 -125.858729
95.481 2 NPS_GYRO_BIAS -1e-06 1.9e-05 -2.9e-05
95.481 2 NPS_SENSORS_SCALED -0.629365 -0.629365 -11.266172 -0.43512 0.330765 0.837416
95.481 2 NPS_WIND 0. 0. 0.
95.536 2 PPRZ_MODE 2 3 3 1 0 21
95.536 2 ATTITUDE 0.594228 2.771428 -0.06086
95.577 2 GPS 3 36038727 481487669 1560 306760 1577 -112 1794 85958 31 0
95.581 2 NPS_RATE_ATTITUDE 1.17641 12.128084 17.995064 34.962293 -2.437191 159.706747
95.582 2 NPS_POS_LLH 0.75876 0.758755 0.755407 0.022233 0.022233 360.727694 10384.728645 121.570954 306.570954
95.582 2 NPS_SPEED_POS 0.12328 -0.076531 -0.023738 -14.784279 5.419975 1.140473 1284.173185 77.018451 -125.716916
95.582 2 NPS_GYRO_BIAS -1e-06 1.5e-05 -3.2e-05
95.582 2 NPS_SENSORS_SCALED -0.592344 -0.703408 -11.304492 -0.444232 0.350178 0.824641
95.582 2 NPS_WIND 0. 0. 0.
95.619 2 WP_MOVED 20 360289. 4814492. 500.029999 31
95.620 2 DESIRED 0.61 0.05 4.2 5. 1225. 300. -0.5 15.
95.620 2 ATTITUDE 0.594153 2.809308 -0.060556
95.682 2 NPS_RATE_ATTITUDE 1.163603 11.987304 18.041788 34.982446 -2.476941 161.512598
95.682 2 NPS_POS_LLH 0.75876 0.758754 0.755407 0.022233 0.022233 360.632067 10384.633025 121.479479 306.47948
95.682 2 NPS_SPEED_POS 0.118483 -0.058134 -0.022753 -14.936964 4.945203 1.149333 1282.934694 77.450349 -125.621533
95.682 2 NPS_GYRO_BIAS 3e-06 1.3e-05 -2.9e-05
95.683 2 NPS_SENSORS_SCALED -0.592344 -0.74043 -11.304492 -0.449227 0.363281 0.816224
95.683 2 NPS_WIND 0. 0. 0.
95.700 2 NAVIGATION 36 7 103.8 1281.5 206.6 1285.7 86 79 9 0 0 0
95.741 2 ESTIMATOR 306.525238 -1.14
95.741 2 ATTITUDE 0.594071 2.847147 -0.060677
95.771 2 LINK_REPORT 2 -1 113 0 113644 4379 0 992. 38. 35 3.69
95.782 2 NPS_RATE_ATTITUDE 1.164831 12.35972 18.073867 35.007272 -2.519222 164.058178
95.783 2 NPS_POS_LLH 0.75876 0.758754 0.755407 0.022233 0.022233 360.496714 10384.497682 121.350008 306.350009
95.783 2 NPS_SPEED_POS 0.122956 -0.009299 0.034822 -15.126025 4.274861 1.16461 1281.180755 77.988285 -125.486526
95.783 2 NPS_GYRO_BIAS 5e-06 1.1e-05 -2.9e-05
95.783 2 NPS_SENSORS_SCALED -0.555322 -0.666387 -11.381133 -0.455657 0.381847 0.804095
95.783 2 NPS_WIND 0. 0. 0.
95.822 2 IMU_GYRO 0.02002 0.213867 0.313721
95.823 2 GPS 3 36038926 481487071 1647 306322 1571 -117 1794 86358 31 0
95.824 2 DESIRED 0.61 0.05 4.2 5. 1222. 300. -0.5 15.
95.825 2 ATTITUDE 0.593982 2.885218 -0.060324
95.884 2 NPS_RATE_ATTITUDE 1.167618 12.077742 18.09464 35.023916 -2.550862 165.877491
95.884 2 NPS_POS_LLH 0.75876 0.758754 0.755406 0.022233 0.022233 360.399049 10384.400024 121.256588 306.256588
95.884 2 NPS_SPEED_POS 0.099154 -0.040148 -0.023748 -15.244359 3.789903 1.173504 1279.915219 78.324338 -125.389112
95.885 2 NPS_GYRO_BIAS 4e-06 1e-05 -2.9e-05
95.885 2 NPS_SENSORS_SCALED -0.592344 -0.703408 -11.342813 -0.459635 0.395238 0.795313
95.885 2 NPS_WIND 0. 0. 0.
95.945 2 DL_VALUE 8 100.
95.945 2 ENERGY 48 12.5 7.352493 91.906166 0.326773 4.084664
95.947 2 NAVIGATION 36 7 104.7 1278.5 206.6 1285.7 86 79 9 0 0 0
95.947 2 IMU_ACCEL -0.666016 -0.628906 -11.303711
95.948 2 ATTITUDE 0.593923 2.923211 -0.06039
95.949 2 NAVIGATION 36 7 104.7 1278.5 204.4 1282.8 86 79 9 0 0 0
95.984 2 NPS_RATE_ATTITUDE 1.172452 12.090868 18.124581 35.039967 -2.593683 167.692262
95.984 2 NPS_POS_LLH 0.758759 0.758754 0.755406 0.022233 0.022233 360.30057 10384.301552 121.162384 306.162384
95.985 2 NPS_SPEED_POS 0.094338 -0.017626 -0.004996 -15.347773 3.302652 1.184236 1278.640444 78.619876 -125.290886
95.985 2 NPS_GYRO_BIAS 7e-06 8e-06 -2.6e-05
95.985 2 NPS_SENSORS_SCALED -0.555322 -0.666387 -11.304492 -0.462929 0.408734 0.786532
95.985 2 NPS_WIND 0. 0. 0.
96.028 2 AIRSPEED 16.5 0. 0. 0.
96.029 2 DESIRED 0.61 0.05 4.2 5. 1218. 300. -0.5 15.
96.029 2 ATTITUDE 0.593942 2.961313 -0.060248
96.067 2 GPS 3 36038990 481486764 1691 306095 1569 -119 1794 86558 31 0
96.084 2 NPS_RATE_ATTITUDE 1.168458 12.26918 18.11427 35.059985 -2.628772 170.253004
96.085 2 NPS_POS_LLH 0.758759 0.758753 0.755406 0.022233 0.022233 360.161156 10384.162148 121.028999 306.028999
96.085 2 NPS_SPEED_POS 0.08204 -0.018553 -0.00102 -15.467936 2.614819 1.198481 1276.842594 78.965159 -125.151828
96.085 2 NPS_GYRO_BIAS 3e-06 1.3e-05 -2.2e-05
96.085 2 NPS_SENSORS_SCALED -0.592344 -0.666387 -11.266172 -0.467109 0.427759 0.773842
96.085 2 NPS_WIND 0. 0. 0.
96.149 2 WP_MOVED 21 360289. 4814692. 300.029999 31
96.149 2 ATTITUDE 0.593921 2.99961 -0.060096
96.186 2 NPS_RATE_ATTITUDE 1.15914 12.121544 18.129938 35.072942 -2.665627 172.073896
96.186 2 NPS_POS_LLH 0.758759 0.758753 0.755406 0.022233 0.022233 360.060657 10384.061657 120.932833 305.932833
96.187 2 NPS_SPEED_POS 0.06981 -0.02371 -0.017797 -15.536151 2.119865 1.207615 1275.550651 79.162444 -125.051586
96.187 2 NPS_GYRO_BIAS 3e-06 1.6e-05 -2e-05
96.187 2 NPS_SENSORS_SCALED -0.629365 -0.703408 -11.381133 -0.469284 0.441402 0.764812
96.188 2 NPS_WIND 0. 0. 0.
96.230 2 NAVIGATION 36 7 105.3 1275.5 202.1 1279.8 86 80 10 0 0 0
96.231 2 ESTIMATOR 305.842255 -1.21
96.231 2 DESIRED 0.61 0.05 4.2 5. 1216. 300. -0.5 15.
96.232 2 ATTITUDE 0.593852 3.037643 -0.060148
96.286 2 NPS_RATE_ATTITUDE 1.149281 12.485803 18.136173 35.088372 -2.712914 174.81469
96.287 2 NPS_POS_LLH 0.758759 0.758753 0.755405 0.022233 0.022233 359.908315 10383.909325 120.78702 305.787021
96.287 2 NPS_SPEED_POS 0.065813 0.021163 0.043307 -15.61 1.375423 1.22338 1273.603665 79.380949 -124.899631
96.287 2 NPS_GYRO_BIAS 1e-06 1.8e-05 -2.6e-05
96.287 2 NPS_SENSORS_SCALED -0.592344 -0.629365 -11.381133 -0.471711 0.461932 0.751071
96.288 2 NPS_WIND 0. 0. 0.
96.312 2 GPS 3 36039031 481486453 1735 305865 1567 -121 1794 86758 31 0
96.313 2 ATTITUDE 0.593804 3.076122 -0.059701
96.387 2 NPS_RATE_ATTITUDE 1.144613 12.176431 18.14016 35.09705 -2.741435 176.643645
96.388 2 NPS_POS_LLH 0.758758 0.758753 0.755405 0.022233 0.022233 359.805773 10383.80679 120.688845 305.688846
96.388 2 NPS_SPEED_POS 0.048028 -0.023865 -0.024902 -15.640676 0.875884 1.231484 1272.301448 79.474757 -124.797348
96.389 2 NPS_GYRO_BIAS 2e-06 2e-05 -2.2e-05
96.389 2 NPS_SENSORS_SCALED -0.555322 -0.666387 -11.381133 -0.472726 0.475635 0.741823
96.389 2 NPS_WIND 0. 0. 0.
96.393 2 FBW_STATUS 0 40 1 12.5 7.435711
96.434 2 IMU_GYRO 0.02002 0.212646 0.314941
96.435 2 DESIRED 0.61 0.05 4.2 5. 1216. 300. -0.5 15.
96.435 2 ATTITUDE 0.593747 3.114214 -0.059627
96.475 2 NAVIGATION 36 7 105.8 1269.5 197.2 1273.9 87 80 10 0 0 0
96.488 2 NPS_RATE_ATTITUDE 1.139945 12.535842 18.173204 35.106887 -2.800262 179.194375
96.488 2 NPS_POS_LLH 0.758758 0.758752 0.755405 0.022233 0.022233 359.660951 10383.661979 120.550147 305.550148
96.489 2 NPS_SPEED_POS 0.056708 0.074088 0.097903 -15.657752 0.177543 1.245766 1270.475406 79.53618 -124.65289
96.489 2 NPS_GYRO_BIAS 4e-06 1.9e-05 -2.2e-05
96.489 2 NPS_SENSORS_SCALED -0.629365 -0.666387 -11.266172 -0.472974 0.494828 0.729
96.489 2 NPS_WIND 0. 0. 0.
96.529 2 CALIBRATION -150. 0
96.529 2 SEGMENT 5. 1300. 5. 1100.
96.530 2 ATTITUDE 0.593703 -3.130396 -0.059078
96.588 2 NPS_RATE_ATTITUDE 1.130794 12.547235 18.12385 35.111341 -2.79697 -178.952346
96.588 2 NPS_POS_LLH 0.758758 0.758752 0.755405 0.022233 0.022233 359.556523 10383.557558 120.450094 305.450095
96.588 2 NPS_SPEED_POS 0.034216 -0.007264 0.005469 -15.651767 -0.32367 1.252763 1269.170742 79.530134 -124.548722
96.588 2 NPS_GYRO_BIAS 6e-06 2e-05 -2e-05
96.588 2 NPS_SENSORS_SCALED -0.555322 -0.666387 -11.381133 -0.473222 0.508517 0.719355
96.589 2 NPS_WIND 0. 0. 0.
96.595 2 GPS 3 36039048 481486141 1778 305629 1566 -124 1794 86958 31 0
96.637 2 WP_MOVED 22 360289. 4814892. 500.029999 31
96.638 2 DESIRED 0.61 0.05 4.2 5. 1210. 300. -0.4 15.
96.639 2 ATTITUDE 0.593694 -3.092007 -0.05858
96.689 2 NPS_RATE_ATTITUDE 1.110998 12.211596 18.157888 35.116447 -2.84404 -176.211039
96.690 2 NPS_POS_LLH 0.758758 0.758752 0.755404 0.022233 0.022233 359.39906 10383.400106 120.299186 305.299187
96.690 2 NPS_SPEED_POS 0.019745 -0.015826 -0.026039 -15.613966 -1.075428 1.261562 1267.21627 79.442616 -124.39165
96.690 2 NPS_GYRO_BIAS 1e-05 1.6e-05 -2.1e-05
96.691 2 NPS_SENSORS_SCALED -0.592344 -0.629365 -11.381133 -0.471802 0.528955 0.705414
96.691 2 NPS_WIND 0. 0. 0.
96.719 2 NAVIGATION 36 7 105.8 1266. 194.2 1270.4 87 80 10 0 0 0
96.720 2 IMU_MAG 0. 0. 0.
96.720 2 IMU_ACCEL -0.591797 -0.740234 -11.418945
96.720 2 ESTIMATOR 305.364838 -1.25
96.721 2 ATTITUDE 0.593699 -3.05373 -0.058453
96.773 2 LINK_REPORT 2 -1 114 0 114657 4418 0 1013. 39. 35 3.69
96.791 2 NPS_RATE_ATTITUDE 1.101885 12.630672 18.162484 35.117085 -2.868479 -174.375209
96.791 2 NPS_POS_LLH 0.758757 0.758752 0.755404 0.022233 0.022233 359.29331 10383.294363 120.197793 305.197794
96.792 2 NPS_SPEED_POS 0.013642 0.038224 0.048766 -15.569475 -1.573365 1.269949 1265.916854 79.332248 -124.28616
96.792 2 NPS_GYRO_BIAS 8e-06 1.8e-05 -1.9e-05
96.792 2 NPS_SENSORS_SCALED -0.592344 -0.74043 -11.457773 -0.470301 0.542529 0.696045
96.792 2 NPS_WIND 0. 0. 0.
96.841 2 GPS 3 36039010 481485516 -1733 305146 1564 -127 1794 87358 31 0
96.841 2 DESIRED 0.61 0.05 4.2 5. 1206. 300. -0.4 15.
96.842 2 ATTITUDE 0.593662 -3.015238 -0.057869
96.891 2 NPS_RATE_ATTITUDE 1.095584 12.24579 18.165076 35.115975 -2.903481 -171.806648
96.892 2 NPS_POS_LLH 0.758757 0.758751 0.755404 0.022233 0.022233 359.144306 10383.14537 120.054865 305.054865
96.892 2 NPS_SPEED_POS 0.002779 -0.01685 -0.029863 -15.481585 -2.269869 1.278433 1264.105251 79.10801 -124.137518
96.893 2 NPS_GYRO_BIAS 3e-06 1.3e-05 -1.6e-05
96.893 2 NPS_SENSORS_SCALED -0.555322 -0.666387 -11.342813 -0.467306 0.561409 0.682968
96.893 2 NPS_WIND 0. 0. 0.
96.922 2 NAVIGATION 36 7 105.5 1263. 194.2 1270.4 87 80 10 0 0 0
96.923 2 ATTITUDE 0.59361 -2.97687 -0.057729
96.963 2 NAVIGATION 36 7 105.5 1263. 191.5 1267.4 87 80 10 0 0 0
96.991 2 NPS_RATE_ATTITUDE 1.099725 12.241459 18.174924 35.114138 -2.939766 -169.978682
96.992 2 NPS_POS_LLH 0.758757 0.758751 0.755404 0.022233 0.022233 359.037192 10383.038263 119.952067 304.952067
96.992 2 NPS_SPEED_POS -0.001165 0.005311 -0.003348 -15.400656 -2.763352 1.286322 1262.818387 78.898269 -124.030663
96.992 2 NPS_GYRO_BIAS 2e-06 1.6e-05 -2e-05
96.993 2 NPS_SENSORS_SCALED -0.518301 -0.666387 -11.381133 -0.464373 0.574803 0.673765
96.993 2 NPS_WIND 0. 0. 0.
97.044 2 ENERGY 50 12.5 7.596931 94.961639 0.329059 4.113243
97.044 2 AIRSPEED 16.5 0. 0. 0.
97.045 2 IMU_GYRO 0.019043 0.221191 0.314941
97.045 2 DESIRED 0.61 0.06 4.2 5. 1203. 300. -0.4 15.
97.046 2 ATTITUDE 0.593548 -2.938501 -0.057324
97.084 2 GPS 3 36038956 481485208 -1689 304900 1564 -129 1794 87558 31 0
97.091 2 NPS_RATE_ATTITUDE 1.104334 12.300913 18.13686 35.110095 -2.967024 -167.220035
97.091 2 NPS_POS_LLH 0.758757 0.758751 0.755403 0.022233 0.022233 358.875329 10382.87641 119.796629 304.796629
97.091 2 NPS_SPEED_POS -0.011903 -0.02616 -0.027701 -15.250599 -3.499511 1.296192 1260.902329 78.506816 -123.869184
97.091 2 NPS_GYRO_BIAS 4e-06 1.8e-05 -2.1e-05
97.092 2 NPS_SENSORS_SCALED -0.481279 -0.666387 -11.381133 -0.459393 0.594708 0.659758
97.092 2 NPS_WIND 0. 0. 0.
97.125 2 WP_MOVED 0 360326. 4813634. 260.029999 31
97.126 2 ATTITUDE 0.593504 -2.900078 -0.056953
97.192 2 NPS_RATE_ATTITUDE 1.099975 12.232099 18.141024 35.107276 -2.997685 -165.576468
97.193 2 NPS_POS_LLH 0.758756 0.758751 0.755403 0.022233 0.022233 358.777671 10382.778759 119.702794 304.702795
97.193 2 NPS_SPEED_POS -0.019684 -0.020646 -0.021709 -15.144401 -3.937381 1.302172 1259.762442 78.227906 -123.771755
97.193 2 NPS_GYRO_BIAS 1e-06 1.6e-05 -2.3e-05
97.193 2 NPS_SENSORS_SCALED -0.555322 -0.666387 -11.304492 -0.455648 0.606518 0.651553
97.193 2 NPS_WIND 0. 0. 0.
97.207 2 NAVIGATION 36 7 104.9 1260. 188.6 1264.4 87 81 11 0 0 0
97.248 2 FBW_STATUS 0 40 1 12.5 7.604918
97.248 2 ESTIMATOR 304.623444 -1.3
97.249 2 DESIRED 0.61 0.06 4.2 5. 1200. 300. -0.4 15.
97.249 2 ATTITUDE 0.593493 -2.861929 -0.056792
97.293 2 NPS_RATE_ATTITUDE 1.0893 12.505723 18.113971 35.099368 -3.03002 -162.824356
97.293 2 NPS_POS_LLH 0.758756 0.75875 0.755403 0.022233 0.022233 358.613791 10382.61489 119.545222 304.545222
97.294 2 NPS_SPEED_POS -0.030282 -0.004451 0.013952 -14.940677 -4.659107 1.313039 1257.881771 77.690558 -123.608254
97.294 2 NPS_GYRO_BIAS -4e-06 2.1e-05 -3e-05
97.294 2 NPS_SENSORS_SCALED -0.555322 -0.592344 -11.381133 -0.448749 0.625953 0.637815
97.294 2 NPS_WIND 0. 0. 0.
97.329 2 COMMANDS 4835,128,2242,0
97.329 2 STATE_FILTER_STATUS 4 3 0
97.330 2 GPS_SOL 650 100 650 11
97.331 2 GPS 3 36038877 481484906 -1645 304650 1564 -130 1794 87758 31 0
97.332 2 ATTITUDE 0.593465 -2.823408 -0.056105
97.395 2 NPS_RATE_ATTITUDE 1.077835 12.205184 18.111676 35.092679 -3.056565 -160.99596
97.395 2 NPS_POS_LLH 0.758756 0.75875 0.755403 0.022233 0.022233 358.503919 10382.505024 119.439503 304.439504
97.395 2 NPS_SPEED_POS -0.030069 -0.039544 -0.036531 -14.786184 -5.135848 1.318168 1256.643052 77.282392 -123.498631
97.395 2 NPS_GYRO_BIAS -0. 2.1e-05 -3.3e-05
97.396 2 NPS_SENSORS_SCALED -0.592344 -0.592344 -11.419453 -0.443457 0.638703 0.628812
97.396 2 NPS_WIND 0. 0. 0.
97.411 2 DL_VALUE 9 2.
97.412 2 DESIRED 0.61 0.06 4.2 5. 1200. 300. -0.4 15.
97.413 2 ATTITUDE 0.59344 -2.785359 -0.055878
97.452 2 NAVIGATION 36 7 103.1 1254. 182.6 1258.2 88 81 11 0 0 0
97.495 2 NPS_RATE_ATTITUDE 1.071447 13.079308 18.100887 35.079673 -3.096057 -158.252106
97.495 2 NPS_POS_LLH 0.758756 0.75875 0.755402 0.022233 0.022233 358.338104 10382.33922 119.279834 304.279834
97.495 2 NPS_SPEED_POS -0.069542 0.084869 0.150029 -14.527675 -5.838512 1.329379 1254.810594 76.596343 -123.333186
97.496 2 NPS_GYRO_BIAS -1e-06 2.4e-05 -3e-05
97.496 2 NPS_SENSORS_SCALED -0.592344 -0.629365 -11.457773 -0.434587 0.657517 0.615471
97.496 2 NPS_WIND 0. 0. 0.
97.537 2 IMU_ACCEL -0.517578 -0.628906 -11.418945
97.538 2 ATTITUDE 0.593403 -2.746819 -0.055088
97.574 2 GPS 3 36038776 481484610 -1601 304397 1565 -132 1794 87958 31 0
97.595 2 NPS_RATE_ATTITUDE 1.061845 12.45424 18.04952 35.070004 -3.087438 -156.587547
97.595 2 NPS_POS_LLH 0.758755 0.75875 0.755402 0.022233 0.022233 358.238103 10382.239225 119.183465 304.183466
97.596 2 NPS_SPEED_POS -0.032591 -0.053909 -0.033328 -14.355976 -6.257341 1.33083 1253.727379 76.142733 -123.233404
97.596 2 NPS_GYRO_BIAS -3e-06 2.5e-05 -3.1e-05
97.596 2 NPS_SENSORS_SCALED -0.481279 -0.703408 -11.381133 -0.429169 0.668589 0.607291
97.596 2 NPS_WIND 0. 0. 0.
97.614 2 COMMANDS 4876,129,2243,0
97.614 2 IMU_GYRO 0.018066 0.21582 0.312744
97.614 2 WP_MOVED 1 360284. 4813592. 260.029999 31
97.615 2 DESIRED 0.61 0.06 4.2 5. 1194. 300. -0.3 15.
97.615 2 ATTITUDE 0.593342 -2.708544 -0.054331
97.697 2 NPS_RATE_ATTITUDE 1.046575 12.222135 18.07721 35.053645 -3.130424 -153.855812
97.697 2 NPS_POS_LLH 0.758755 0.75875 0.755402 0.022232 0.022232 358.071169 10382.072301 119.022486 304.022486
97.698 2 NPS_SPEED_POS -0.048141 -0.040854 -0.028075 -14.044795 -6.941762 1.335725 1251.952024 75.317573 -123.066829
97.698 2 NPS_GYRO_BIAS -1e-06 2.6e-05 -3.6e-05
97.699 2 NAVIGATION 36 7 101.9 1251. 179.4 1255.1 88 81 11 0 0 0
97.699 2 NPS_SENSORS_SCALED -0.592344 -0.592344 -11.381133 -0.418533 0.686674 0.594398
97.699 2 NPS_WIND 0. 0. 0.
97.738 2 SEGMENT 5. 1300. 5. 1100.
97.738 2 ESTIMATOR 304.113647 -1.33
97.739 2 ATTITUDE 0.593307 -2.670451 -0.054081
97.773 2 LINK_REPORT 2 -1 115 0 115682 4458 0 1025. 40. 35 3.69
