85.805 2 NPS_RATE_ATTITUDE 0.061953 0.030782 -0.144042 -0.026751 6.353054 -0.949525
85.805 2 NPS_POS_LLH 0.758752 0.758746 0.755399 0.022211 0.022212 369.566513 10393.567768 130.591039 315.591039
85.807 2 NPS_SPEED_POS 0.138414 0.004946 -0.024485 18.84995 -0.299009 -2.294889 1230.101943 -21.390099 -134.566841
85.807 2 NPS_GYRO_BIAS 1.7e-05 -1e-06 8e-06
85.807 2 NPS_SENSORS_SCALED 1.221709 0.037021 -9.733359 0.281642 0.026493 0.959158
85.807 2 NPS_WIND 0. 0. 0.
85.868 2 NAVIGATION 36 7 4.1 1228. 72. 1228. 76 70 0 0 0 0
85.906 2 NPS_RATE_ATTITUDE 0.054026 0.031738 -0.136965 -0.023027 6.354865 -0.961417
85.906 2 NPS_POS_LLH 0.758752 0.758746 0.755399 0.022211 0.022211 369.758178 10393.759424 130.777434 315.777434
85.907 2 NPS_SPEED_POS 0.135057 0.001892 -0.024532 18.861169 -0.302597 -2.297758 1231.673241 -21.415165 -134.758202
85.907 2 NPS_GYRO_BIAS 1.7e-05 -2e-06 1e-05
85.907 2 NPS_SENSORS_SCALED 1.221709 -0.037021 -9.695039 0.281606 0.026636 0.959164
85.907 2 NPS_WIND 0. 0. 0.
85.908 2 IMU_GYRO 0.001953 0. -0.001953
85.909 2 ESTIMATOR 315.836151 2.3
85.911 2 DESIRED 0.04 0.2 0. 5. 1284. 500. 4. 15.
85.911 2 ATTITUDE 0.001226 -0.019084 0.129698
85.990 2 STATE_FILTER_STATUS 4 3 0
85.991 2 IMU_MAG 0. 0. 0.
85.991 2 IMU_ACCEL 1.294922 -0.036133 -9.732422
85.992 2 GPS 3 36028877 481482382 -9 315796 1886 230 1794 76758 31 0
85.993 2 ATTITUDE 0.001544 -0.019162 0.12988
86.006 2 NPS_RATE_ATTITUDE 0.11731 0.028637 -0.125417 -0.012249 6.359991 -0.978101
86.006 2 NPS_POS_LLH 0.758752 0.758747 0.755399 0.022211 0.022211 370.046141 10394.047374 131.057487 316.057488
86.007 2 NPS_SPEED_POS 0.129669 -0.001183 -0.030406 18.877453 -0.307991 -2.302498 1234.031912 -21.453328 -135.045709
86.007 2 NPS_GYRO_BIAS 1.3e-05 4e-06 1.6e-05
86.007 2 NPS_SENSORS_SCALED 1.295752 -0.074043 -9.656719 0.281513 0.026929 0.959184
86.007 2 NPS_WIND 0. 0. 0.
86.075 2 FBW_STATUS 0 40 1 12.5 16.063164
86.107 2 NPS_RATE_ATTITUDE 0.099521 0.022347 -0.112721 -0.005036 6.361885 -0.987133
86.107 2 NPS_POS_LLH 0.758753 0.758747 0.755399 0.022211 0.022211 370.219212 10394.220437 131.225809 316.225809
86.107 2 NPS_SPEED_POS 0.127379 -0.004067 -0.029897 18.886961 -0.311134 -2.305361 1235.448079 -21.476546 -135.218505
86.107 2 NPS_GYRO_BIAS 1.4e-05 7e-06 1.4e-05
86.107 2 NPS_SENSORS_SCALED 1.184687 -0.037021 -9.77168 0.281477 0.02711 0.959189
86.107 2 NPS_WIND 0. 0. 0.
86.113 2 DESIRED 0.04 0.2 0. 5. 1284. 500. 4. 15.
86.113 2 ATTITUDE 0.00186 -0.019167 0.13009
86.152 2 NAVIGATION 36 7 4.2 1235.5 135.5 1235.5 77 70 0 0 0 0
86.194 2 ATTITUDE -0.040316 -0.011001 0.036971
86.208 2 NPS_RATE_ATTITUDE -68.207504 -92.056717 16.767929 -2.43753 1.035657 -0.519156
86.208 2 NPS_POS_LLH 0.758753 0.758747 0.7554 0.022211 0.022211 370.505859 10394.507071 131.504541 316.504541
86.209 2 NPS_SPEED_POS -1.345518 -4.436464 -12.718629 18.895717 -0.310136 -1.955218 1237.808022 -21.515695 -135.504693
86.209 2 NPS_GYRO_BIAS 1.6e-05 9e-06 8e-06
86.209 2 NPS_SENSORS_SCALED 1.702988 0.185107 7.855664 0.369508 -0.015488 0.929102
86.210 2 NPS_WIND 0. 0. 0.
86.235 2 GPS 3 36028879 481482760 -9 316244 1889 230 1794 76958 31 0
86.308 2 NPS_RATE_ATTITUDE -75.980803 -2.055812 17.956982 -8.70262 -1.839247 1.36539
86.308 2 NPS_POS_LLH 0.758753 0.758748 0.7554 0.022211 0.022211 370.603763 10394.604965 131.597143 316.597144
86.309 2 NPS_SPEED_POS 0.876146 -2.897716 11.46906 19.023325 -0.191817 -0.496649 1239.388733 -21.537323 -135.602289
86.309 2 NPS_GYRO_BIAS 1.6e-05 6e-06 5e-06
86.309 2 NPS_SENSORS_SCALED 1.036602 1.25873 2.567461 0.416215 -0.126372 0.900446
86.309 2 NPS_WIND 0. 0. 0.
86.316 2 WP_MOVED 2 360304. 4813672. 260.029999 31
86.317 2 DESIRED -0.61 -0.04 3.1 5. 1176. 300. -1.2 15.
86.317 2 ATTITUDE -0.167973 0.026129 -0.011805
86.398 2 NAVIGATION 36 7 4.2 1239.5 139.5 1239.5 77 70 0 0 0 0
86.399 2 ESTIMATOR 316.713745 0.5
86.399 2 ATTITUDE -0.281917 0.04549 -0.028694
86.408 2 NPS_RATE_ATTITUDE -5.813143 -14.959778 -3.613408 -17.044712 -2.969674 2.8078
86.409 2 NPS_POS_LLH 0.758754 0.758748 0.7554 0.022211 0.022211 370.599587 10394.600777 131.584975 316.584975
86.411 2 NPS_SPEED_POS 0.720469 0.985391 1.255397 19.112593 -0.013766 0.475876 1241.772522 -21.549668 -135.597649
86.412 2 NPS_GYRO_BIAS 1.5e-05 9e-06 7e-06
86.412 2 NPS_SENSORS_SCALED 0.555322 2.221289 -2.874023 0.434234 -0.262526 0.861701
86.412 2 NPS_WIND 0. 0. 0.
86.509 2 NPS_RATE_ATTITUDE 93.159524 -16.647253 -20.195145 -13.451862 -4.2496 2.264374
86.509 2 NPS_POS_LLH 0.758754 0.758748 0.755401 0.022211 0.022211 370.547287 10394.548469 131.527863 316.527863
86.509 2 NPS_SPEED_POS 0.888109 5.134223 -0.556285 19.156713 0.054981 0.909533 1243.207599 -21.547793 -135.545069
86.509 2 NPS_GYRO_BIAS 9e-06 6e-06 6e-06
86.509 2 NPS_SENSORS_SCALED 0.407236 1.554902 -4.253555 0.454214 -0.202133 0.867663
86.510 2 NPS_WIND 0. 0. 0.
86.521 2 IMU_GYRO 1.716553 -0.301025 -0.374512
86.522 2 GPS 3 36028888 481483519 1 316527 1915 -90 1794 77358 31 0
86.523 2 DESIRED 0.61 -0.04 3.1 5. 1180. 300. -1.3 15.
86.523 2 ATTITUDE -0.19506 0.030668 -0.058335
86.571 2 LINK_REPORT 2 -1 104 0 104433 4023 0 968. 37. 31 24.65
86.604 2 DL_VALUE 2 15.
86.604 2 SEGMENT 5. 1300. 5. 1100.
86.605 2 NAVIGATION 36 7 4.2 1243. 139.5 1239.5 77 70 0 0 0 0
86.605 2 ATTITUDE -0.003883 -0.009633 -0.091313
86.613 2 NPS_RATE_ATTITUDE 105.497875 -13.919041 -23.621445 0.301987 -6.70094 -0.531711
86.613 2 NPS_POS_LLH 0.758754 0.758749 0.755401 0.022211 0.022211 370.391919 10394.393087 131.364448 316.364449
86.614 2 NPS_SPEED_POS 1.02632 6.243534 0.444086 19.242764 0.057162 1.593047 1245.607464 -21.53918 -135.389231
86.614 2 NPS_GYRO_BIAS 1.3e-05 6e-06 4e-06
86.614 2 NPS_SENSORS_SCALED 0.111064 -0.629365 -4.253555 0.49119 0.028714 0.870583
86.615 2 NPS_WIND 0. 0. 0.
86.644 2 NAVIGATION 36 7 4.2 1243. 143. 1243. 77 70 0 0 0 0
86.686 2 AIRSPEED 16.6 0. 0. 0.
86.687 2 DESIRED 0.61 -0.04 3.1 5. 1183. 300. -1.3 15.
86.687 2 ATTITUDE 0.162398 -0.041124 -0.098641
86.710 2 NPS_RATE_ATTITUDE 82.533694 4.339175 -11.621266 8.450169 -7.094903 -2.116111
86.711 2 NPS_POS_LLH 0.758754 0.758749 0.755401 0.022211 0.022211 370.241195 10394.242354 131.208342 316.208342
86.711 2 NPS_SPEED_POS 0.355239 2.346832 4.231147 19.280379 -0.016 1.999276 1247.212696 -21.537315 -135.238193
86.711 2 NPS_GYRO_BIAS 1.2e-05 1.2e-05 6e-06
86.711 2 NPS_SENSORS_SCALED -0.296172 -1.814053 -6.284531 0.496357 0.161885 0.852895
86.711 2 NPS_WIND 0. 0. 0.
86.768 2 GPS 3 36028897 481483905 0 316225 1927 -196 1794 77558 31 0
86.809 2 ENERGY 39 12.5 5.566194 69.577423 0.310527 3.881585
86.809 2 IMU_ACCEL -0.407227 -1.961914 -9.311523
86.810 2 WP_MOVED 3 360328.8125 4813694. 260.029999 31
86.810 2 ATTITUDE 0.278308 -0.042344 -0.088877
86.811 2 NPS_RATE_ATTITUDE 53.984647 5.757555 9.247023 16.934236 -6.468291 -2.160066
86.811 2 NPS_POS_LLH 0.758755 0.758749 0.755402 0.022211 0.022211 369.979139 10393.980284 130.938192 315.938192
86.812 2 NPS_SPEED_POS 0.553449 -2.612366 0.32125 19.350053 -0.021588 2.13833 1249.626952 -21.542041 -134.975663
86.812 2 NPS_GYRO_BIAS 1.8e-05 1.3e-05 1e-05
86.812 2 NPS_SENSORS_SCALED -0.518301 -1.851074 -9.580078 0.486814 0.287794 0.824739
86.812 2 NPS_WIND 0. 0. 0.
86.891 2 NAVIGATION 36 7 4.3 1247. 147. 1247. 77 71 1 0 0 0
86.893 2 FBW_STATUS 0 40 1 12.5 5.604925
86.893 2 ESTIMATOR 316.040497 -2.11
86.893 2 DESIRED 0.61 -0.02 3.1 5. 1187. 300. -1.2 15.
86.894 2 ATTITUDE 0.363591 -0.017576 -0.083995
86.912 2 NPS_RATE_ATTITUDE 44.163818 9.015776 16.34985 20.890437 -6.257959 -0.92526
86.912 2 NPS_POS_LLH 0.758755 0.758749 0.755402 0.022211 0.022211 369.802076 10393.803212 130.755715 315.755716
86.913 2 NPS_SPEED_POS 0.582044 -3.572692 -0.121847 19.400183 0.128828 2.109029 1251.241537 -21.538587 -134.798283
86.913 2 NPS_GYRO_BIAS 1.4e-05 1.1e-05 9e-06
86.913 2 NPS_SENSORS_SCALED -0.555322 -1.147666 -10.538086 0.48427 0.336853 0.807478
86.914 2 NPS_WIND 0. 0. 0.
86.973 2 COMMANDS 3843,1342,1428,0
87.013 2 NPS_RATE_ATTITUDE 37.879468 9.786029 16.354046 24.155793 -6.053711 0.686523
87.014 2 NPS_POS_LLH 0.758755 0.75875 0.755402 0.022211 0.022211 369.629694 10393.630821 130.577907 315.577907
87.014 2 NPS_SPEED_POS 0.595428 -2.142079 -0.434516 19.448603 0.42458 2.030274 1252.860285 -21.516465 -134.625583
87.014 2 NPS_GYRO_BIAS 1.3e-05 1.3e-05 1.9e-05
87.014 2 NPS_SENSORS_SCALED -0.518301 -0.518301 -11.687695 0.481746 0.373061 0.79294
87.015 2 NPS_WIND 0. 0. 0.
87.015 2 GPS_SOL 650 100 650 11
87.016 2 GPS 3 36028905 481484291 2 315791 1939 -211 1794 77758 31 0
87.017 2 ATTITUDE 0.432854 0.016087 -0.079395
87.095 2 IMU_GYRO 0.510742 0.175537 0.205322
87.096 2 DESIRED 0.61 -0. 3.1 5. 1187. 300. -1.2 15.
87.096 2 ATTITUDE 0.489272 0.045695 -0.074176
87.114 2 NPS_RATE_ATTITUDE 28.400949 9.989386 11.359808 27.883226 -5.735933 2.688921
87.114 2 NPS_POS_LLH 0.758756 0.75875 0.755402 0.022211 0.022211 369.400411 10393.401526 130.341007 315.341008
87.115 2 NPS_SPEED_POS 0.306949 0.388222 0.207969 19.490045 1.003869 1.910574 1255.132118 -21.434401 -134.395853
87.115 2 NPS_GYRO_BIAS 1.7e-05 1.5e-05 1.7e-05
87.115 2 NPS_SENSORS_SCALED -0.666387 -0.222129 -12.070898 0.477198 0.413099 0.775654
87.115 2 NPS_WIND 0. 0. 0.
87.134 2 NAVIGATION 36 7 4.6 1254.5 154.5 1254.5 78 71 1 0 0 0
87.214 2 NPS_RATE_ATTITUDE 20.400704 11.611726 9.092136 29.83888 -5.369626 3.86385
87.214 2 NPS_POS_LLH 0.758756 0.75875 0.755403 0.022212 0.022212 369.244614 10393.24572 130.179764 315.179765
87.214 2 NPS_SPEED_POS 0.028986 1.003663 0.833281 19.489808 1.464413 1.836023 1256.756463 -21.331678 -134.239736
87.215 2 NPS_GYRO_BIAS 1.4e-05 1.6e-05 1.9e-05
87.215 2 NPS_SENSORS_SCALED -0.74043 -0.444258 -12.109219 0.471537 0.433955 0.767687
87.215 2 NPS_WIND 0. 0. 0.
87.216 2 ATTITUDE 0.529368 0.070392 -0.066137
87.257 2 GPS 3 36028922 481484679 26 315374 1950 -192 1794 77958 31 0
87.298 2 COMMANDS 3959,409,1415,0
87.299 2 IMU_MAG 0. 0. 0.
87.300 2 WP_MOVED 4 360220.5 4813715. 260.029999 31
87.301 2 DESIRED 0.61 0.01 3.1 5. 1194. 300. -1.2 15.
87.301 2 ATTITUDE 0.553097 0.093825 -0.060103
87.315 2 NPS_RATE_ATTITUDE 10.154407 9.585021 10.712459 31.598749 -4.90091 5.518863
87.315 2 NPS_POS_LLH 0.758756 0.758751 0.755403 0.022212 0.022212 369.023218 10393.024309 129.950207 314.950208
87.315 2 NPS_SPEED_POS -0.103424 0.601067 0.132353 19.444288 2.161141 1.722937 1259.1904 -21.104641 -134.017859
87.316 2 NPS_GYRO_BIAS 1e-05 1.7e-05 2.3e-05
87.316 2 NPS_SENSORS_SCALED -0.851494 -0.851494 -11.726016 0.463987 0.44983 0.763136
87.316 2 NPS_WIND 0. 0. 0.
87.381 2 NAVIGATION 36 7 5. 1258.5 158.5 1258.5 78 71 1 0 0 0
87.416 2 NPS_RATE_ATTITUDE 6.644877 10.005246 12.959122 32.134137 -4.741693 6.657027
87.416 2 NPS_POS_LLH 0.758757 0.758751 0.755403 0.022212 0.022212 368.896122 10392.897205 129.818228 314.818228
87.417 2 NPS_SPEED_POS -0.079064 -0.134125 -0.093784 19.394246 2.565054 1.675 1260.646939 -20.927404 -133.890476
87.417 2 NPS_GYRO_BIAS 1.4e-05 1.5e-05 2.2e-05
87.417 2 NPS_SENSORS_SCALED -0.925537 -0.851494 -11.726016 0.461117 0.451143 0.7641
87.417 2 NPS_WIND 0. 0. 0.
87.421 2 ESTIMATOR 315.143066 -1.73
87.421 2 ATTITUDE 0.565488 0.120785 -0.056842
87.504 2 GPS 3 36029019 481485454 91 314647 1955 -160 1794 78358 31 0
87.504 2 DESIRED 0.61 0.01 3.1 5. 1198. 300. -1.1 15.
87.505 2 ATTITUDE 0.573128 0.152521 -0.054706
87.517 2 NPS_RATE_ATTITUDE 4.71976 10.495683 15.059528 32.636189 -4.559862 8.878519
87.517 2 NPS_POS_LLH 0.758757 0.758751 0.755404 0.022212 0.022212 368.692106 10392.693176 129.606107 314.606107
87.517 2 NPS_SPEED_POS -0.07254 -0.523696 -0.382235 19.277322 3.257154 1.59523 1263.064331 -20.563939 -133.685981
87.518 2 NPS_GYRO_BIAS 2.2e-05 1.5e-05 2.1e-05
87.518 2 NPS_SENSORS_SCALED -1.036602 -0.703408 -11.840977 0.457068 0.446069 0.769493
87.518 2 NPS_WIND 0. 0. 0.
87.576 2 LINK_REPORT 2 -1 105 0 105446 4062 0 1013. 39. 31 24.65
87.586 2 NAVIGATION 36 7 5.6 1262.5 158.5 1258.5 78 71 1 0 0 0
87.586 2 IMU_ACCEL -1.110352 -0.517578 -11.878906
87.586 2 ATTITUDE 0.579872 0.18496 -0.05396
87.616 2 NPS_RATE_ATTITUDE 4.546741 10.77048 14.91935 32.90008 -4.496006 10.419456
87.617 2 NPS_POS_LLH 0.758757 0.758752 0.755404 0.022212 0.022212 368.561448 10392.562509 129.470077 314.470077
87.617 2 NPS_SPEED_POS -0.142315 -0.396051 -0.200417 19.1766 3.733582 1.549606 1264.666705 -20.272723 -133.555006
87.617 2 NPS_GYRO_BIAS 2.3e-05 9e-06 2.2e-05
87.617 2 NPS_SENSORS_SCALED -1.110645 -0.518301 -11.879297 0.454884 0.441256 0.773552
87.617 2 NPS_WIND 0. 0. 0.
87.625 2 NAVIGATION 36 7 5.6 1262.5 162.5 1262.5 78 71 1 0 0 0
87.707 2 AIRSPEED 16.6 0. 0. 0.
87.707 2 IMU_GYRO 0.072266 0.197754 0.244629
87.708 2 DESIRED 0.61 0.02 3.2 5. 1202. 300. -1.1 15.
87.709 2 ATTITUDE 0.586128 0.217029 -0.052154
87.718 2 NPS_RATE_ATTITUDE 3.836799 10.774297 13.684733 33.262875 -4.317408 12.684935
87.718 2 NPS_POS_LLH 0.758758 0.758752 0.755404 0.022212 0.022212 368.372032 10392.37308 129.272662 314.272662
87.719 2 NPS_SPEED_POS -0.334106 0.092272 -0.033217 18.990711 4.461944 1.487263 1267.052598 -19.760653 -133.365118
87.719 2 NPS_GYRO_BIAS 2.2e-05 1.1e-05 1.8e-05
87.719 2 NPS_SENSORS_SCALED -1.073623 -0.555322 -11.917617 0.449852 0.434361 0.780366
87.719 2 NPS_WIND 0. 0. 0.
87.748 2 GPS 3 36029100 481485837 126 314324 1951 -150 1794 78558 31 0
87.787 2 CALIBRATION -133.1 0
87.788 2 SEGMENT 5. 1300. 5. 1100.
87.788 2 WP_MOVED 5 360272.5 4813571. 260.029999 31
87.789 2 ATTITUDE 0.590872 0.247125 -0.050555
87.819 2 NPS_RATE_ATTITUDE 3.010162 10.252375 13.328164 33.429055 -4.22041 13.963051
87.819 2 NPS_POS_LLH 0.758758 0.758752 0.755405 0.022212 0.022212 368.262148 10392.263188 129.158018 314.158019
87.821 2 NPS_SPEED_POS -0.411678 0.175997 0.005095 18.860405 4.896526 1.452354 1268.472093 -19.409637 -133.254952
87.821 2 NPS_GYRO_BIAS 2.4e-05 1.6e-05 1.5e-05
87.821 2 NPS_SENSORS_SCALED -1.036602 -0.629365 -11.726016 0.446807 0.430015 0.784511
87.821 2 NPS_WIND 0. 0. 0.
87.871 2 NAVIGATION 36 7 6.4 1266. 166. 1266. 78 72 2 0 0 0
87.911 2 ENERGY 42 12.5 6.097288 76.216103 0.312336 3.904209
87.911 2 ESTIMATOR 314.098633 -1.41
87.912 2 DESIRED 0.61 0.02 3.2 5. 1206. 300. -1.1 15.
87.912 2 ATTITUDE 0.593644 0.276921 -0.04937
87.920 2 NPS_RATE_ATTITUDE 1.738084 10.976651 13.627811 33.572541 -4.071553 16.076507
87.920 2 NPS_POS_LLH 0.758758 0.758753 0.755405 0.022212 0.022212 368.083827 10392.084853 128.971842 313.971843
87.921 2 NPS_SPEED_POS -0.413512 -0.149406 0.207032 18.616698 5.597358 1.410241 1270.814754 -18.753503 -133.076166
87.921 2 NPS_GYRO_BIAS 1.7e-05 2.1e-05 1.7e-05
87.921 2 NPS_SENSORS_SCALED -1.147666 -0.666387 -11.687695 0.441534 0.421101 0.792294
87.921 2 NPS_WIND 0. 0. 0.
87.951 2 PONG 
87.992 2 GPS 3 36029205 481486212 161 314020 1945 -141 1794 78758 31 0
87.993 2 ATTITUDE 0.59489 0.307519 -0.04811
88.021 2 NPS_RATE_ATTITUDE 1.313852 10.161713 14.047502 33.597319 -3.972527 17.526951
88.021 2 NPS_POS_LLH 0.758758 0.758753 0.755405 0.022212 0.022212 367.967893 10391.968911 128.850732 313.850732
88.022 2 NPS_SPEED_POS -0.434388 -0.116503 -0.116198 18.435719 6.057645 1.379528 1272.358705 -18.267838 -132.959925
88.022 2 NPS_GYRO_BIAS 1.5e-05 2.5e-05 1.5e-05
88.022 2 NPS_SENSORS_SCALED -1.25873 -0.703408 -11.649375 0.437666 0.414029 0.798146
88.022 2 NPS_WIND 0. 0. 0.
88.029 2 WIND_INFO 2 5 0.2 1.9 0. 16.5
88.088 2 FBW_STATUS 0 40 1 12.5 6.138772
88.115 2 DL_VALUE 3 1.
88.116 2 DESIRED 0.61 0.02 3.2 5. 1206. 300. -1.1 15.
88.116 2 ATTITUDE 0.595739 0.338548 -0.04796
88.122 2 NPS_RATE_ATTITUDE 1.248429 10.309705 14.454715 33.602007 -3.902422 19.578491
88.122 2 NPS_POS_LLH 0.758759 0.758753 0.755405 0.022212 0.022212 367.809418 10391.810424 128.685099 313.685099
88.122 2 NPS_SPEED_POS -0.414823 -0.280142 -0.065276 18.159822 6.688342 1.346108 1274.493698 -17.524196 -132.801025
88.122 2 NPS_GYRO_BIAS 2.1e-05 2e-05 1.5e-05
88.122 2 NPS_SENSORS_SCALED -1.147666 -0.629365 -11.572734 0.432875 0.40341 0.806156
88.122 2 NPS_WIND 0. 0. 0.
88.154 2 NAVIGATION 36 7 8.7 1274. 174. 1274. 79 72 2 0 0 0
88.195 2 STATE_FILTER_STATUS 4 3 0
88.195 2 ATTITUDE 0.596677 0.370406 -0.046992
88.223 2 NPS_RATE_ATTITUDE 1.321561 11.249544 14.357899 33.606995 -3.800122 21.09517
88.223 2 NPS_POS_LLH 0.758759 0.758753 0.755406 0.022212 0.022212 367.698438 10391.699436 128.569075 313.569075
88.224 2 NPS_SPEED_POS -0.442436 -0.301276 0.055386 17.945098 7.13508 1.321684 1275.998189 -16.948274 -132.689745
88.224 2 NPS_GYRO_BIAS 2.1e-05 2.1e-05 9e-06
88.224 2 NPS_SENSORS_SCALED -1.147666 -0.592344 -11.726016 0.428238 0.395873 0.812345
88.224 2 NPS_WIND 0. 0. 0.
88.236 2 GPS 3 36029332 481486579 196 313732 1936 -135 1794 78958 31 0
88.317 2 IMU_GYRO 0.024414 0.180908 0.249023
88.318 2 WP_MOVED 6 360132.40625 4813672.5 260.029999 31
88.318 2 DESIRED 0.61 0.02 3.2 5. 1214. 300. -1. 15.
88.319 2 ATTITUDE 0.59769 0.401732 -0.046557
88.323 2 NPS_RATE_ATTITUDE 1.253829 10.357534 14.221515 33.625615 -3.697274 23.311446
88.324 2 NPS_POS_LLH 0.758759 0.758754 0.755406 0.022213 0.022213 367.536684 10391.537669 128.399872 313.399872
88.324 2 NPS_SPEED_POS -0.513156 -0.201181 -0.025452 17.595855 7.800672 1.277548 1278.219767 -16.014482 -132.527548
88.324 2 NPS_GYRO_BIAS 1.8e-05 1.9e-05 1.1e-05
88.324 2 NPS_SENSORS_SCALED -1.184687 -0.518301 -11.611055 0.421727 0.384964 0.820949
88.325 2 NPS_WIND 0. 0. 0.
88.399 2 NAVIGATION 36 7 10.2 1277.5 177.6 1277.5 79 72 2 0 0 0
88.400 2 IMU_ACCEL -1.257812 -0.666016 -11.457031
88.400 2 ESTIMATOR 313.513153 -1.28
88.400 2 ATTITUDE 0.598473 0.432676 -0.046314
88.424 2 NPS_RATE_ATTITUDE 1.133313 10.971376 14.198724 33.631904 -3.631056 24.780348
88.425 2 NPS_POS_LLH 0.75876 0.758754 0.755406 0.022213 0.022213 367.431403 10391.43238 128.289709 313.28971
88.425 2 NPS_SPEED_POS -0.49106 -0.329706 0.169866 17.348489 8.230395 1.256835 1279.675866 -15.34645 -132.421976
88.425 2 NPS_GYRO_BIAS 2.1e-05 2e-05 4e-06
88.425 2 NPS_SENSORS_SCALED -1.147666 -0.629365 -11.572734 0.417142 0.377737 0.826629
88.426 2 NPS_WIND 0. 0. 0.
88.521 2 GPS 3 36029649 481487280 267 313192 1915 -123 1794 79358 31 0
88.521 2 DESIRED 0.61 0.02 3.2 5. 1218. 300. -1. 15.
88.522 2 ATTITUDE 0.599047 0.463966 -0.045563
88.525 2 NPS_RATE_ATTITUDE 0.96184 10.181067 14.27103 33.625851 -3.521856 26.847586
88.525 2 NPS_POS_LLH 0.75876 0.758754 0.755407 0.022213 0.022213 367.287131 10391.288096 128.138722 313.138722
88.525 2 NPS_SPEED_POS -0.548174 -0.231373 -0.061257 16.980928 8.821659 1.223685 1281.678638 -14.351578 -132.277303
88.525 2 NPS_GYRO_BIAS 2.3e-05 2.5e-05 5e-06
88.526 2 NPS_SENSORS_SCALED -1.25873 -0.666387 -11.496094 0.410037 0.367553 0.834735
88.526 2 NPS_WIND 0. 0. 0.
88.576 2 LINK_REPORT 2 -1 106 0 106459 4102 0 1013. 40. 33 9.65
88.603 2 IMU_MAG 0. 0. 0.
88.604 2 NAVIGATION 36 7 11.8 1281. 177.6 1277.5 79 72 2 0 0 0
88.605 2 ATTITUDE 0.599411 0.494895 -0.045614
88.624 2 NPS_RATE_ATTITUDE 0.90187 10.289561 14.398981 33.613744 -3.473338 28.316746
88.625 2 NPS_POS_LLH 0.75876 0.758754 0.755407 0.022213 0.022213 367.186209 10391.187167 128.033093 313.033094
88.625 2 NPS_SPEED_POS -0.520171 -0.316028 -0.007735 16.705863 9.230895 1.205817 1283.082326 -13.599319 -132.1761
88.625 2 NPS_GYRO_BIAS 2.3e-05 2.3e-05 5e-06
88.625 2 NPS_SENSORS_SCALED -1.221709 -0.592344 -11.457773 0.405162 0.36019 0.840306
88.625 2 NPS_WIND 0. 0. 0.
88.642 2 NAVIGATION 36 7 11.8 1281. 181.1 1281.1 79 72 2 0 0 0
88.682 2 AIRSPEED 16.5 0. 0. 0.
88.682 2 DESIRED 0.61 0.03 3.3 5. 1221. 300. -1. 15.
88.682 2 ATTITUDE 0.599693 0.526393 -0.045357
88.725 2 NPS_RATE_ATTITUDE 0.894041 10.351638 14.469589 33.591867 -3.373779 30.554644
88.726 2 NPS_POS_LLH 0.75876 0.758755 0.755407 0.022213 0.022213 367.037479 10391.038425 127.877452 312.877453
88.726 2 NPS_SPEED_POS -0.53794 -0.318592 -0.050877 16.271612 9.830668 1.178565 1285.143717 -12.407864 -132.026957
88.727 2 NPS_GYRO_BIAS 2.4e-05 1.9e-05 -1e-06
88.727 2 NPS_SENSORS_SCALED -1.295752 -0.592344 -11.572734 0.396892 0.349199 0.848849
88.727 2 NPS_WIND 0. 0. 0.
88.764 2 GPS 3 36029839 481487612 302 312939 1904 -118 1794 79558 31 0
88.805 2 WP_MOVED 7 360464.09375 4813807. 260.029999 31
88.805 2 ATTITUDE 0.599957 0.557643 -0.045428
88.826 2 NPS_RATE_ATTITUDE 0.90009 10.242564 14.513485 33.5811 -3.334133 31.887778
88.826 2 NPS_POS_LLH 0.758761 0.758755 0.755407 0.022214 0.022214 366.949963 10390.950902 127.785878 312.785879
88.826 2 NPS_SPEED_POS -0.531256 -0.349071 -0.028797 15.999096 10.181865 1.162473 1286.353915 -11.657336 -131.939198
88.827 2 NPS_GYRO_BIAS 2.5e-05 2e-05 -1e-06
88.827 2 NPS_SENSORS_SCALED -1.221709 -0.518301 -11.534414 0.392024 0.342716 0.853739
88.827 2 NPS_WIND 0. 0. 0.
88.887 2 NAVIGATION 36 7 13.8 1284. 184.2 1284.1 79 73 3 0 0 0
88.888 2 FBW_STATUS 0 40 1 12.5 6.36438
88.888 2 IMU_GYRO 0.016846 0.180908 0.253174
88.888 2 ESTIMATOR 312.73761 -1.14
88.889 2 DESIRED 0.61 0.03 3.3 5. 1224. 300. -1. 15.
88.889 2 ATTITUDE 0.600217 0.588953 -0.045661
88.927 2 NPS_RATE_ATTITUDE 0.891128 10.806786 14.525564 33.564701 -3.253321 34.12503
88.927 2 NPS_POS_LLH 0.758761 0.758755 0.755408 0.022214 0.022214 366.806396 10390.807324 127.635704 312.635705
88.928 2 NPS_SPEED_POS -0.49867 -0.434949 0.102413 15.527225 10.749174 1.140946 1288.32456 -10.348945 -131.795235
88.928 2 NPS_GYRO_BIAS 1.9e-05 2.1e-05 0.
88.928 2 NPS_SENSORS_SCALED -1.25873 -0.74043 -11.611055 0.383219 0.332106 0.861891
88.928 2 NPS_WIND 0. 0. 0.
89.008 2 GPS_SOL 650 100 650 11
89.008 2 SEGMENT 5. 1300. 5. 1100.
89.009 2 ENERGY 43 12.5 6.38915 79.864372 0.314258 3.928222
89.009 2 GPS 3 36030046 481487930 338 312695 1891 -114 1794 79758 31 0
89.010 2 ATTITUDE 0.600433 0.620545 -0.045372
89.027 2 NPS_RATE_ATTITUDE 0.860269 10.223944 14.543324 33.553966 -3.194292 35.619043
89.028 2 NPS_POS_LLH 0.758761 0.758755 0.755408 0.022214 0.022214 366.712343 10390.713264 127.537358 312.537359
89.028 2 NPS_SPEED_POS -0.547432 -0.36312 -0.043243 15.198632 11.118587 1.122905 1289.604868 -9.437715 -131.700924
89.028 2 NPS_GYRO_BIAS 1.9e-05 2.3e-05 -5e-06
89.029 2 NPS_SENSORS_SCALED -1.25873 -0.666387 -11.457773 0.376976 0.325182 0.867268
89.029 2 NPS_WIND 0. 0. 0.
89.089 2 DESIRED 0.61 0.03 3.3 5. 1224. 300. -1. 15.
89.089 2 ATTITUDE 0.600555 0.651881 -0.045706
89.128 2 NPS_RATE_ATTITUDE 0.836793 10.295941 14.630825 33.537661 -3.136047 37.702428
89.129 2 NPS_POS_LLH 0.758761 0.758756 0.755408 0.022214 0.022214 366.582822 10390.583734 127.401985 312.401985
89.129 2 NPS_SPEED_POS -0.512578 -0.424808 0.006574 14.724608 11.61652 1.104278 1291.350554 -8.1113 -131.571051
89.129 2 NPS_GYRO_BIAS 1.7e-05 2.3e-05 2e-06
89.129 2 NAVIGATION 36 7 18.1 1290. 190.5 1290.1 80 73 3 0 0 0
89.129 2 NPS_SENSORS_SCALED -1.25873 -0.666387 -11.381133 0.36828 0.315615 0.874508
89.129 2 NPS_WIND 0. 0. 0.
89.212 2 DATALINK_REPORT 1 33 0 1010 0 0
89.212 2 IMU_ACCEL -1.22168 -0.591797 -11.572266
89.213 2 ATTITUDE 0.600635 0.683795 -0.045366
89.229 2 NPS_RATE_ATTITUDE 0.817373 10.767775 14.618251 33.524388 -3.045306 39.227353
89.229 2 NPS_POS_LLH 0.758762 0.758756 0.755408 0.022215 0.022215 366.49161 10390.492514 127.306707 312.306707
89.229 2 NPS_SPEED_POS -0.522503 -0.433258 0.011457 14.373093 11.962301 1.087858 1292.563064 -7.12885 -131.479594
89.230 2 NPS_GYRO_BIAS 1.7e-05 2.4e-05 3e-06
89.230 2 NPS_SENSORS_SCALED -1.221709 -0.555322 -11.572734 0.360888 0.308912 0.879966
89.230 2 NPS_WIND 0. 0. 0.
89.253 2 GPS 3 36030271 481488232 373 312459 1878 -110 1794 79958 31 0
89.295 2 ALIVE 84,160,18,137,67,90,20,217,119,254,202,219,218,115,193,250
89.295 2 WP_MOVED 8 360484. 4813582. 215.029999 31
89.295 2 DESIRED 0.61 0.03 3.4 5. 1230. 300. -0.9 15.
89.296 2 ATTITUDE 0.600706 0.715528 -0.045384
89.330 2 NPS_RATE_ATTITUDE 0.799922 10.28742 14.700152 33.512889 -2.995843 40.726426
89.330 2 NPS_POS_LLH 0.758762 0.758756 0.755409 0.022215 0.022215 366.402064 10390.402962 127.213195 312.213196
89.331 2 NPS_SPEED_POS -0.525168 -0.432312 -0.045705 14.011348 12.299899 1.068398 1293.745788 -6.117824 -131.389808
89.331 2 NPS_GYRO_BIAS 1.9e-05 1.9e-05 -2e-06
89.331 2 NPS_SENSORS_SCALED -1.221709 -0.592344 -11.534414 0.354032 0.302336 0.885021
89.331 2 NPS_WIND 0. 0. 0.
89.376 2 NAVIGATION 36 7 20.5 1293. 193.6 1293.2 80 73 3 0 0 0
89.416 2 ESTIMATOR 312.268768 -1.06
89.417 2 ATTITUDE 0.600728 0.747182 -0.045698
89.431 2 NPS_RATE_ATTITUDE 0.809497 10.90934 14.797912 33.496316 -2.922962 42.989937
89.432 2 NPS_POS_LLH 0.758762 0.758756 0.755409 0.022215 0.022215 366.270121 10390.271009 127.075496 312.075497
89.433 2 NPS_SPEED_POS -0.439029 -0.54524 0.112683 13.455998 12.782639 1.048809 1295.462691 -4.549914 -131.257518
89.433 2 NPS_GYRO_BIAS 2.2e-05 2.4e-05 -4e-06
89.433 2 NPS_SENSORS_SCALED -1.295752 -0.555322 -11.457773 0.343311 0.292664 0.892465
89.433 2 NPS_WIND 0. 0. 0.
89.498 2 IMU_GYRO 0.015869 0.182861 0.258545
89.498 2 GPS 3 36030772 481488785 445 312012 1852 -103 1794 80358 31 0
89.500 2 DESIRED 0.61 0.03 3.4 5. 1233. 300. -0.9 15.
89.500 2 ATTITUDE 0.600804 0.779277 -0.04553
89.531 2 NPS_RATE_ATTITUDE 0.81316 10.345687 14.83133 33.487246 -2.865669 44.509369
89.531 2 NPS_POS_LLH 0.758762 0.758757 0.755409 0.022215 0.022215 366.183614 10390.184496 126.985283 311.985283
89.531 2 NPS_SPEED_POS -0.496121 -0.475661 -0.040608 13.073865 13.093513 1.032909 1296.568157 -3.471666 -131.170786
89.532 2 NPS_GYRO_BIAS 2.1e-05 2.5e-05 -3e-06
89.532 2 NPS_SENSORS_SCALED -1.221709 -0.592344 -11.419453 0.33572 0.286409 0.897368
89.532 2 NPS_WIND 0. 0. 0.
89.582 2 LINK_REPORT 2 -1 107 0 107489 4141 0 1030. 39. 33 9.65
89.620 2 DL_VALUE 4 300.029999
89.621 2 NAVIGATION 36 7 23.1 1296. 193.6 1293.2 80 73 3 0 0 0
89.621 2 ATTITUDE 0.60087 0.811093 -0.045953
89.622 2 NAVIGATION 36 7 23.1 1296. 196.8 1296.2 80 73 3 0 0 0
89.631 2 NPS_RATE_ATTITUDE 0.819337 10.400874 14.90771 33.477745 -2.814984 46.625447
89.631 2 NPS_POS_LLH 0.758762 0.758757 0.755409 0.022216 0.022216 366.0644 10390.065273 126.861061 311.861061
89.631 2 NPS_SPEED_POS -0.451139 -0.521321 0.014253 12.528053 13.508454 1.016993 1298.061725 -1.919662 -131.051269
89.631 2 NPS_GYRO_BIAS 1.9e-05 2.2e-05 1e-06
89.631 2 NPS_SENSORS_SCALED -1.184687 -0.555322 -11.381133 0.32527 0.2779 0.903869
89.631 2 NPS_WIND 0. 0. 0.
89.701 2 AIRSPEED 16.5 0. 0. 0.
89.702 2 DESIRED 0.61 0.03 3.4 5. 1236. 300. -0.9 15.
89.702 2 ATTITUDE 0.600923 0.843263 -0.046107
89.732 2 NPS_RATE_ATTITUDE 0.817796 10.671935 14.918704 33.471589 -2.758167 48.155106
89.732 2 NPS_POS_LLH 0.758763 0.758757 0.755409 0.022216 0.022216 365.980271 10389.981139 126.773488 311.773488
89.733 2 NPS_SPEED_POS -0.438422 -0.537006 0.038698 12.128989 13.792058 1.006128 1299.089173 -0.782088 -130.966931
89.733 2 NPS_GYRO_BIAS 1.9e-05 2.2e-05 -3e-06
89.733 2 NPS_SENSORS_SCALED -1.147666 -0.703408 -11.457773 0.317157 0.27201 0.908532
89.733 2 NPS_WIND 0. 0. 0.
89.742 2 GPS 3 36031045 481489033 482 311799 1838 -100 1794 80558 31 0
89.783 2 WP_MOVED 9 360364. 4813612. 185.029999 31
89.784 2 ATTITUDE 0.600884 0.875294 -0.046388
89.832 2 NPS_RATE_ATTITUDE 0.812851 10.391743 15.00029 33.464668 -2.699985 50.436463
89.833 2 NPS_POS_LLH 0.758763 0.758757 0.75541 0.022216 0.022216 365.855977 10389.856837 126.644238 311.644239
89.833 2 NPS_SPEED_POS -0.426202 -0.541262 0.007011 11.516362 14.197881 0.988847 1300.56713 0.967579 -130.842335
89.833 2 NPS_GYRO_BIAS 1.2e-05 2.4e-05 -9e-06
89.833 2 NPS_SENSORS_SCALED -1.147666 -0.629365 -11.381133 0.305117 0.263478 0.915145
89.833 2 NPS_WIND 0. 0. 0.
89.905 2 NAVIGATION 36 7 25.8 1298. 199.1 1298.3 80 74 4 0 0 0
89.906 2 CALIBRATION -150. 0
89.906 2 IMU_MAG 0. 0. 0.
89.906 2 ESTIMATOR 311.624054 -0.98
89.907 2 DESIRED 0.61 0.03 3.5 5. 1238. 300. -0.9 15.
89.907 2 ATTITUDE 0.600828 0.907322 -0.046883
89.934 2 NPS_RATE_ATTITUDE 0.822369 10.86002 15.05265 33.461653 -2.66846 51.809597
89.934 2 NPS_POS_LLH 0.758763 0.758757 0.75541 0.022217 0.022217 365.782265 10389.78312 126.567677 311.567677
89.935 2 NPS_SPEED_POS -0.348672 -0.609564 0.132799 11.142897 14.428065 0.981834 1301.416881 2.041116 -130.768449
89.935 2 NPS_GYRO_BIAS 1.1e-05 2.2e-05 -1.2e-05
89.935 2 NPS_SENSORS_SCALED -1.110645 -0.555322 -11.304492 0.297723 0.258531 0.918983
89.935 2 NPS_WIND 0. 0. 0.
89.987 2 NAVIGATION_REF 360284 4813592 31 185.029999
89.988 2 IMU_ACCEL -1.073242 -0.554688 -11.457031
89.988 2 GPS 3 36031330 481489262 518 311593 1824 -98 1794 80758 31 0
89.989 2 ATTITUDE 0.600753 0.939724 -0.046875
90.034 2 NPS_RATE_ATTITUDE 0.829088 10.364639 15.115796 33.458992 -2.598866 54.116175
90.034 2 NPS_POS_LLH 0.758763 0.758758 0.75541 0.022217 0.022217 365.660796 10389.661643 126.441671 311.441672
90.034 2 NPS_SPEED_POS -0.402086 -0.552291 -0.019329 10.506653 14.793675 0.966158 1302.770127 3.867739 -130.646702
90.035 2 NPS_GYRO_BIAS 1.2e-05 2.4e-05 -1.4e-05
90.035 2 NPS_SENSORS_SCALED -1.147666 -0.629365 -11.342813 0.284711 0.250617 0.925277
90.035 2 NPS_WIND 0. 0. 0.
90.094 2 FBW_STATUS 0 40 1 12.5 6.505705
90.109 2 ENERGY 44 12.5 6.505705 81.321312 0.316233 3.952911
90.109 2 IMU_GYRO 0.014893 0.184082 0.263916
90.110 2 DESIRED 0.61 0.03 3.5 5. 1238. 300. -0.9 15.
90.110 2 ATTITUDE 0.600731 0.971907 -0.047381
90.135 2 NPS_RATE_ATTITUDE 0.835697 10.433588 15.184992 33.459188 -2.572507 55.648273
90.136 2 NPS_POS_LLH 0.758763 0.758758 0.75541 0.022217 0.022217 365.580767 10389.581609 126.358766 311.358767
90.136 2 NPS_SPEED_POS -0.359335 -0.577933 0.018389 10.076535 15.022003 0.959226 1303.627792 5.110143 -130.566496
90.136 2 NPS_GYRO_BIAS 1.4e-05 2.9e-05 -1.3e-05
90.136 2 NPS_SENSORS_SCALED -1.147666 -0.555322 -11.342813 0.276165 0.24556 0.929215
90.136 2 NPS_WIND 0. 0. 0.
90.150 2 NAVIGATION 36 7 31.7 1302.5 204.2 1302.9 81 74 4 0 0 0
90.192 2 SEGMENT 5. 1300. 5. 1100.
90.192 2 ATTITUDE 0.600665 1.004628 -0.047353
90.232 2 GPS 3 36031627 481489471 555 311391 1811 -95 1794 80958 31 0
90.235 2 NPS_RATE_ATTITUDE 0.83814 10.608657 15.203766 33.461098 -2.484553 57.985701
90.235 2 NPS_POS_LLH 0.758763 0.758758 0.75541 0.022218 0.022218 365.461803 10389.462639 126.235717 311.235717
90.235 2 NPS_SPEED_POS -0.377779 -0.564314 -0.025248 9.418037 15.344341 0.945121 1304.84644 7.008234 -130.447282
90.235 2 NPS_GYRO_BIAS 1.6e-05 2.4e-05 -9e-06
90.235 2 NPS_SENSORS_SCALED -1.110645 -0.592344 -11.496094 0.262044 0.238346 0.935164
90.236 2 NPS_WIND 0. 0. 0.
90.313 2 PPRZ_MODE 2 3 3 1 0 21
90.313 2 WP_MOVED 10 360310.90625 4813569. 260.029999 31
90.314 2 DESIRED 0.61 0.03 3.6 5. 1242. 300. -0.9 15.
90.314 2 ATTITUDE 0.600657 1.03721 -0.047574
90.335 2 NPS_RATE_ATTITUDE 0.827169 10.479248 15.274826 33.463727 -2.457943 59.374089
90.336 2 NPS_POS_LLH 0.758764 0.758758 0.75541 0.022218 0.022218 365.391441 10389.392273 126.163037 311.163037
90.336 2 NPS_SPEED_POS -0.343213 -0.581124 -0.00912 9.016599 15.525408 0.935871 1305.537749 8.165921 -130.376776
90.337 2 NPS_GYRO_BIAS 1.3e-05 2e-05 -5e-06
90.337 2 NPS_SENSORS_SCALED -1.110645 -0.555322 -11.304492 0.253887 0.234223 0.93845
90.337 2 NPS_WIND 0. 0. 0.
90.395 2 NAVIGATION 36 7 34.8 1304.5 206.7 1305. 81 74 4 0 0 0
90.395 2 STATE_FILTER_STATUS 4 3 0
90.396 2 ESTIMATOR 311.222778 -0.93
90.397 2 ATTITUDE 0.600538 1.069823 -0.048102
90.436 2 NPS_RATE_ATTITUDE 0.837281 10.92013 15.361303 33.468372 -2.402008 61.709444
90.436 2 NPS_POS_LLH 0.758764 0.758758 0.755411 0.022218 0.022218 365.275297 10389.276123 126.043255 311.043256
90.437 2 NPS_SPEED_POS -0.26528 -0.621271 0.077766 8.341348 15.803969 0.925976 1306.622741 10.124284 -130.260407
90.437 2 NPS_GYRO_BIAS 1.3e-05 2.2e-05 -8e-06
90.438 2 NPS_SENSORS_SCALED -1.110645 -0.703408 -11.342813 0.239706 0.227674 0.943776
90.438 2 NPS_WIND 0. 0. 0.
90.516 2 GPS 3 36032252 481489826 629 311003 1784 -91 1794 81358 31 0
90.517 2 DESIRED 0.61 0.03 3.6 5. 1244. 300. -0.8 15.
90.517 2 ATTITUDE 0.60048 1.102791 -0.048232
90.537 2 NPS_RATE_ATTITUDE 0.837443 10.550217 15.413784 33.473254 -2.364394 63.272215
90.537 2 NPS_POS_LLH 0.758764 0.758758 0.755411 0.022219 0.022219 365.198651 10389.199473 125.964343 310.964344
90.537 2 NPS_SPEED_POS -0.296553 -0.59394 -0.010382 7.883913 15.975613 0.917235 1307.298818 11.448521 -130.18362
90.538 2 NPS_GYRO_BIAS 1.1e-05 1.8e-05 -6e-06
90.538 2 NPS_SENSORS_SCALED -0.99958 -0.629365 -11.419453 0.230025 0.223572 0.94716
90.538 2 NPS_WIND 0. 0. 0.
90.578 2 LINK_REPORT 2 -1 108 0 108509 4181 0 1020. 40. 33 9.65
90.596 2 NAVIGATION 36 7 37.9 1306. 206.7 1305. 81 74 4 0 0 0
90.597 2 ATTITUDE 0.600312 1.135587 -0.04878
90.637 2 NPS_RATE_ATTITUDE 0.859042 10.59468 15.484669 33.480401 -2.337707 64.988934
90.637 2 NPS_POS_LLH 0.758764 0.758758 0.755411 0.022219 0.022219 365.115022 10389.11584 125.878368 310.878369
90.637 2 NPS_SPEED_POS -0.253859 -0.606988 0.020318 7.377602 16.149445 0.911107 1307.998331 12.921037 -130.099844
90.637 2 NPS_GYRO_BIAS 6e-06 2.1e-05 -3e-06
90.637 2 NPS_SENSORS_SCALED -1.147666 -0.592344 -11.304492 0.219458 0.219303 0.950659
90.637 2 NPS_WIND 0. 0. 0.
90.637 2 NAVIGATION 36 7 37.9 1306. 208.6 1306.6 81 74 4 0 0 0
90.718 2 AIRSPEED 16.5 0. 0. 0.
90.719 2 IMU_GYRO 0.015869 0.192383 0.270264
90.719 2 DESIRED 0.61 0.03 3.6 5. 1246. 300. -0.8 15.
90.720 2 ATTITUDE 0.600228 1.168687 -0.049162
90.738 2 NPS_RATE_ATTITUDE 0.874142 10.778778 15.524071 33.491783 -2.286337 67.038839
90.738 2 NPS_POS_LLH 0.758764 0.758758 0.755411 0.022219 0.022219 365.016801 10389.017614 125.777577 310.777577
90.738 2 NPS_SPEED_POS -0.238327 -0.607355 0.024589 6.772846 16.335857 0.904149 1308.764907 14.680825 -130.001461
90.739 2 NPS_GYRO_BIAS 3e-06 2e-05 -1e-06
90.739 2 NPS_SENSORS_SCALED -1.110645 -0.629365 -11.381133 0.206316 0.214624 0.954661
90.739 2 NPS_WIND 0. 0. 0.
90.760 2 GPS 3 36032576 481489971 666 310816 1771 -90 1794 81558 31 0
90.800 2 IMU_ACCEL -0.924805 -0.628906 -11.342773
90.801 2 WP_MOVED 11 360184. 4813592. 260.029999 31
90.801 2 ATTITUDE 0.60007 1.201845 -0.049598
90.839 2 NPS_RATE_ATTITUDE 0.88231 10.626493 15.582387 33.502721 -2.260455 68.610931
90.840 2 NPS_POS_LLH 0.758764 0.758759 0.755411 0.02222 0.02222 364.941844 10388.942655 125.700794 310.700795
90.840 2 NPS_SPEED_POS -0.22599 -0.604813 0.009653 6.302946 16.465358 0.898122 1309.309743 16.047635 -129.92639
90.840 2 NPS_GYRO_BIAS -2e-06 2e-05 -5e-06
90.840 2 NPS_SENSORS_SCALED -0.99958 -0.518301 -11.419453 0.196304 0.211295 0.957511
90.840 2 NPS_WIND 0. 0. 0.
90.882 2 NAVIGATION 36 7 41.1 1308. 211.1 1308.6 81 75 5 0 0 0
90.883 2 FBW_STATUS 0 40 1 12.5 6.595875
90.883 2 ESTIMATOR 310.654816 -0.89
90.883 2 DESIRED 0.61 0.03 3.7 5. 1248. 300. -0.8 15.
90.884 2 ATTITUDE 0.599869 1.234934 -0.05012
90.941 2 NPS_RATE_ATTITUDE 0.910422 11.000851 15.663983 33.522053 -2.221382 70.981319
90.942 2 NPS_POS_LLH 0.758764 0.758759 0.755411 0.02222 0.02222 364.830059 10388.830865 125.586516 310.586516
90.942 2 NPS_SPEED_POS -0.149122 -0.626375 0.089393 5.594352 16.635155 0.89334 1310.053387 18.116717 -129.814446
90.942 2 NPS_GYRO_BIAS -3e-06 2.1e-05 -1e-05
90.942 2 NPS_SENSORS_SCALED -1.147666 -0.555322 -11.266172 0.180982 0.206739 0.961516
90.942 2 NPS_WIND 0. 0. 0.
91.006 2 GPS_SOL 650 100 650 11
91.007 2 GPS 3 36032907 481490093 704 310632 1758 -89 1794 81758 31 0
91.008 2 ATTITUDE 0.599733 1.26839 -0.050328
91.041 2 NPS_RATE_ATTITUDE 0.920716 10.702042 15.705039 33.535673 -2.192153 72.412388
91.041 2 NPS_POS_LLH 0.758764 0.758759 0.755411 0.02222 0.02222 364.763316 10388.76412 125.51842 310.51842
91.041 2 NPS_SPEED_POS -0.188067 -0.602854 0.002958 5.164865 16.723941 0.888804 1310.456871 19.367748 -129.747616
91.042 2 NPS_GYRO_BIAS -2e-06 2.3e-05 -1e-05
91.042 2 NPS_SENSORS_SCALED -1.036602 -0.629365 -11.457773 0.171519 0.204276 0.963774
91.042 2 NPS_WIND 0. 0. 0.
91.091 2 DL_VALUE 5 0.
91.092 2 DESIRED 0.61 0.03 3.7 5. 1248. 300. -0.8 15.
91.092 2 ATTITUDE 0.59956 1.301699 -0.0509
91.127 2 NAVIGATION 36 7 47.8 1310. 214.3 1310.9 82 75 5 0 0 0
91.141 2 NPS_RATE_ATTITUDE 0.937852 10.701486 15.808334 33.561042 -2.167664 74.79322
91.142 2 NPS_POS_LLH 0.758764 0.758759 0.755411 0.022221 0.022221 364.652626 10388.653427 125.405716 310.405717
91.142 2 NPS_SPEED_POS -0.140184 -0.60515 0.022893 4.446803 16.848326 0.885179 1311.057624 21.46632 -129.636796
91.142 2 NPS_GYRO_BIAS 1e-06 2.3e-05 -8e-06
91.142 2 NPS_SENSORS_SCALED -1.036602 -0.666387 -11.342813 0.155976 0.200601 0.967181
91.142 2 NPS_WIND 0. 0. 0.
91.210 2 IMU_MAG 0. 0. 0.
91.211 2 ENERGY 45 12.5 6.67094 83.386757 0.318247 3.97809
91.211 2 ATTITUDE 0.599424 1.335521 -0.051026
91.242 2 NPS_RATE_ATTITUDE 0.945352 11.121275 15.820807 33.579212 -2.118596 76.408979
91.243 2 NPS_POS_LLH 0.758765 0.758759 0.755411 0.022221 0.022221 364.579009 10388.579807 125.330924 310.330924
91.243 2 NPS_SPEED_POS -0.121201 -0.608779 0.049351 3.964493 16.915246 0.8818 1311.408154 22.873207 -129.563101
91.243 2 NPS_GYRO_BIAS 1e-06 2.4e-05 -1.3e-05
91.243 2 NPS_SENSORS_SCALED -1.073623 -0.592344 -11.457773 0.144786 0.198469 0.969358
91.243 2 NPS_WIND 0. 0. 0.
91.251 2 GPS 3 36033244 481490192 742 310450 1745 -88 1794 81958 31 0
91.291 2 IMU_GYRO 0.016846 0.188232 0.276611
91.292 2 WP_MOVED 12 360184. 4813792. 260.029999 31
91.293 2 DESIRED 0.61 0.04 3.8 5. 1250. 300. -0.8 15.
91.293 2 ATTITUDE 0.59936 1.369212 -0.051306
91.343 2 NPS_RATE_ATTITUDE 0.939068 10.796973 15.931857 33.608736 -2.088275 78.811733
91.343 2 NPS_POS_LLH 0.758765 0.758759 0.755411 0.022221 0.022221 364.469436 10388.470232 125.219843 310.219843
91.343 2 NPS_SPEED_POS -0.104518 -0.599146 0.013998 3.236426 16.991864 0.874691 1311.858179 24.992726 -129.453428
91.344 2 NPS_GYRO_BIAS 4e-06 1.5e-05 -9e-06
91.344 2 NPS_SENSORS_SCALED -0.99958 -0.592344 -11.342813 0.128669 0.195731 0.972184
91.344 2 NPS_WIND 0. 0. 0.
91.373 2 NAVIGATION 36 7 51.2 1310.5 215.5 1311.5 82 75 5 0 0 0
91.414 2 SEGMENT 5. 1300. 5. 1100.
91.414 2 ESTIMATOR 310.290039 -0.87
91.414 2 ATTITUDE 0.599262 1.40295 -0.051859
91.443 2 NPS_RATE_ATTITUDE 0.944126 11.212543 15.992184 33.626631 -2.070698 80.261958
91.443 2 NPS_POS_LLH 0.758765 0.758759 0.755411 0.022222 0.022222 364.403922 10388.404717 125.15357 310.153571
91.445 2 NPS_SPEED_POS -0.024444 -0.611454 0.107576 2.800245 17.023221 0.873888 1312.084557 26.268359 -129.387863
91.446 2 NPS_GYRO_BIAS 6e-06 1.1e-05 -1e-05
91.446 2 NPS_SENSORS_SCALED -0.962559 -0.629365 -11.342813 0.11887 0.194342 0.973709
91.446 2 NPS_WIND 0. 0. 0.
91.495 2 GPS 3 36033924 481490320 819 310094 1721 -87 1794 82358 31 0
91.496 2 DESIRED 0.61 0.04 3.8 5. 1250. 300. -0.8 15.
91.496 2 ATTITUDE 0.599149 1.437008 -0.052077
91.543 2 NPS_RATE_ATTITUDE 0.952072 10.846723 16.070958 33.658227 -2.03366 82.693892
91.544 2 NPS_POS_LLH 0.758765 0.758759 0.755411 0.022222 0.022222 364.295032 10388.295826 125.04366 310.043661
91.544 2 NPS_SPEED_POS -0.069026 -0.586682 0.001994 2.069461 17.052558 0.869721 1312.388925 28.398403 -129.278901
91.545 2 NPS_GYRO_BIAS 9e-06 1.1e-05 -1e-05
91.545 2 NPS_SENSORS_SCALED -0.888516 -0.592344 -11.342813 0.102195 0.192497 0.975966
91.545 2 NPS_WIND 0. 0. 0.
91.583 2 LINK_REPORT 2 -1 109 0 109508 4219 0 999. 38. 33 9.65
91.618 2 NAVIGATION 36 7 54.6 1311. 215.5 1311.5 82 75 5 0 0 0
91.619 2 IMU_ACCEL -0.999023 -0.554688 -11.380859
91.619 2 ATTITUDE 0.599005 1.471006 -0.052634
91.620 2 NAVIGATION 36 7 54.6 1311. 216.8 1312.1 82 75 5 0 0 0
91.644 2 NPS_RATE_ATTITUDE 0.965269 10.886918 16.136616 33.680666 -2.023745 84.313751
91.644 2 NPS_POS_LLH 0.758765 0.758759 0.755411 0.022223 0.022223 364.222614 10388.223406 124.970732 309.970732
91.644 2 NPS_SPEED_POS -0.03535 -0.581773 0.022424 1.583123 17.055537 0.869547 1312.541111 29.819665 -129.206445
91.644 2 NPS_GYRO_BIAS 8e-06 1.3e-05 -1.2e-05
91.644 2 NPS_SENSORS_SCALED -0.888516 -0.592344 -11.342813 0.091254 0.191592 0.977227
91.644 2 NPS_WIND 0. 0. 0.
91.701 2 AIRSPEED 16.5 0. 0. 0.
91.701 2 DESIRED 0.61 0.04 3.8 5. 1251. 300. -0.8 15.
91.701 2 ATTITUDE 0.598873 1.505175 -0.052997
91.741 2 GPS 3 36034266 481490350 858 309919 1709 -86 1794 82558 31 0
91.745 2 NPS_RATE_ATTITUDE 0.973587 10.979534 16.194957 33.716368 -1.990884 86.765768
91.745 2 NPS_POS_LLH 0.758765 0.758759 0.755411 0.022223 0.022223 364.113936 10388.114727 124.861543 309.861544
91.746 2 NPS_SPEED_POS -0.027431 -0.570659 0.010668 0.852921 17.035399 0.869031 1312.693403 31.950649 -129.097725
91.746 2 NPS_GYRO_BIAS 5e-06 1.1e-05 -1.7e-05
91.746 2 NPS_SENSORS_SCALED -0.925537 -0.555322 -11.381133 0.074318 0.190748 0.978826
91.747 2 NPS_WIND 0. 0. 0.
91.782 2 WP_MOVED 13 360384. 4813792. 260.029999 31
91.783 2 ATTITUDE 0.598778 1.539443 -0.053394
91.845 2 NPS_RATE_ATTITUDE 0.977651 10.907705 16.253741 33.738638 -1.984839 88.233391
91.845 2 NPS_POS_LLH 0.758765 0.758759 0.755411 0.022223 0.022223 364.048784 10388.049575 124.796233 309.796233
91.846 2 NPS_SPEED_POS -0.008594 -0.563046 0.011289 0.415333 17.009159 0.869183 1312.740951 33.227387 -129.032556
91.846 2 NPS_GYRO_BIAS 8e-06 1.3e-05 -1.8e-05
91.846 2 NPS_SENSORS_SCALED -0.962559 -0.666387 -11.381133 0.064361 0.190526 0.979574
91.846 2 NPS_WIND 0. 0. 0.
91.904 2 NAVIGATION 36 7 58. 1311.5 218. 1312.8 82 76 6 0 0 0
91.905 2 IMU_GYRO 0.018066 0.192383 0.282959
91.905 2 ESTIMATOR 309.758026 -0.87
91.905 2 DESIRED 0.61 0.04 3.9 5. 1252. 300. -0.7 15.
91.906 2 ATTITUDE 0.598704 1.573647 -0.053999
91.947 2 NPS_RATE_ATTITUDE 0.982239 11.242896 16.329619 33.775889 -1.966345 90.697366
91.948 2 NPS_POS_LLH 0.758765 0.758759 0.755411 0.022224 0.022224 363.939939 10387.94073 124.687366 309.687367
91.948 2 NPS_SPEED_POS 0.047992 -0.552696 0.063938 -0.310895 16.941643 0.872329 1312.747468 35.34962 -128.923699
91.948 2 NPS_GYRO_BIAS 1.7e-05 1.3e-05 -1.7e-05
91.948 2 NPS_SENSORS_SCALED -0.925537 -0.518301 -11.381133 0.047465 0.190628 0.980518
91.948 2 NPS_WIND 0. 0. 0.
91.986 2 COMMANDS 4378,90,1836,0
91.986 2 CALIBRATION -150. 0
91.986 2 GPS 3 36034606 481490356 897 309745 1698 -87 1794 82758 31 0
91.987 2 ATTITUDE 0.598608 1.608301 -0.054224
92.047 2 NPS_RATE_ATTITUDE 0.976832 10.98626 16.384724 33.80126 -1.95558 92.345057
92.047 2 NPS_POS_LLH 0.758765 0.758759 0.755411 0.022224 0.022224 363.867234 10387.868025 124.614816 309.614817
92.048 2 NPS_SPEED_POS 0.023622 -0.540798 0.003783 -0.794818 16.880277 0.872809 1312.70138 36.758959 -128.850996
92.048 2 NPS_GYRO_BIAS 1.6e-05 1.4e-05 -1.6e-05
92.049 2 NPS_SENSORS_SCALED -0.888516 -0.666387 -11.342813 0.036174 0.191033 0.980921
92.050 2 NPS_WIND 0. 0. 0.
92.081 2 FBW_STATUS 0 40 1 12.5 6.748158
92.109 2 DESIRED 0.61 0.04 3.9 5. 1252. 300. -0.7 15.
92.109 2 ATTITUDE 0.598543 1.642754 -0.054814
92.147 2 NAVIGATION 36 7 64.8 1311.5 219.8 1313.1 83 76 6 0 0 0
92.148 2 NPS_RATE_ATTITUDE 0.981548 11.662755 16.480242 33.839259 -1.952866 94.820747
92.148 2 NPS_POS_LLH 0.758765 0.758759 0.755411 0.022224 0.022224 363.757858 10387.75865 124.505925 309.505925
92.148 2 NPS_SPEED_POS 0.166033 -0.525916 0.174166 -1.514892 16.763477 0.877823 1312.556944 38.862009 -128.741636
92.148 2 NPS_GYRO_BIAS 1.7e-05 1.1e-05 -1.6e-05
92.148 2 NPS_SENSORS_SCALED -0.888516 -0.592344 -11.227852 0.019421 0.192133 0.981181
92.148 2 NPS_WIND 0. 0. 0.
92.189 2 ATTITUDE 0.598419 1.677731 -0.054954
92.249 2 NPS_RATE_ATTITUDE 0.980727 11.315343 16.488056 33.861962 -1.919294 96.332348
92.249 2 NPS_POS_LLH 0.758765 0.758759 0.755411 0.022225 0.022225 363.69198 10387.692772 124.440482 309.440483
92.249 2 NPS_SPEED_POS 0.061236 -0.520373 0.020375 -1.947034 16.679104 0.8776 1312.427131 40.116174 -128.675777
92.249 2 NPS_GYRO_BIAS 1.3e-05 6e-06 -1.6e-05
92.249 2 NPS_SENSORS_SCALED -0.851494 -0.629365 -11.266172 0.008687 0.193093 0.981146
92.250 2 NPS_WIND 0. 0. 0.
92.270 2 GPS 3 36034944 481490339 936 309571 1687 -87 1794 82958 31 0
92.311 2 COMMANDS 4404,92,1884,0
92.311 2 ENERGY 45 12.5 6.798473 84.980919 0.320302 4.003777
92.312 2 WP_MOVED 14 360384. 4813592. 260.029999 31
92.312 2 DESIRED 0.61 0.04 3.9 5. 1252. 300. -0.7 15.
92.313 2 ATTITUDE 0.598313 1.71256 -0.055227
92.349 2 NPS_RATE_ATTITUDE 0.969586 11.102564 16.559331 33.887671 -1.914304 97.994468
92.350 2 NPS_POS_LLH 0.758765 0.758759 0.755411 0.022225 0.022225 363.618852 10387.619646 124.367967 309.367967
92.350 2 NPS_SPEED_POS 0.067858 -0.50917 -0.001927 -2.424744 16.572707 0.877433 1312.244936 41.501757 -128.602679
92.350 2 NPS_GYRO_BIAS 1.1e-05 3e-06 -1.2e-05
92.350 2 NPS_SENSORS_SCALED -0.851494 -0.629365 -11.381133 -0.002584 0.194412 0.980921
92.350 2 NPS_WIND 0. 0. 0.
92.392 2 NAVIGATION 36 7 68.2 1311. 220.3 1312.8 83 76 6 0 0 0
92.393 2 IMU_ACCEL -0.961914 -0.628906 -11.303711
92.393 2 ESTIMATOR 309.404938 -0.87
92.393 2 ATTITUDE 0.598152 1.747519 -0.055832
92.450 2 NPS_RATE_ATTITUDE 0.977687 11.516947 16.650313 33.9254 -1.904093 100.504382
92.451 2 NPS_POS_LLH 0.758765 0.758759 0.755411 0.022226 0.022225 363.50884 10387.509636 124.25912 309.25912
92.451 2 NPS_SPEED_POS 0.14413 -0.486231 0.07646 -3.132786 16.38875 0.88194 1311.897516 43.562156 -128.492724
92.451 2 NPS_GYRO_BIAS 9e-06 4e-06 -1.2e-05
92.452 2 NPS_SENSORS_SCALED -0.888516 -0.592344 -11.381133 -0.019591 0.196891 0.980234
92.452 2 NPS_WIND 0. 0. 0.
92.513 2 IMU_MAG 0. 0. 0.
92.513 2 IMU_GYRO 0.018066 0.197754 0.290527
92.514 2 GPS 3 36035606 481490237 1016 309222 1666 -88 1794 83358 31 0
92.515 2 DESIRED 0.61 0.04 4. 5. 1251. 300. -0.7 15.
92.515 2 ATTITUDE 0.597979 1.782746 -0.055991
92.551 2 NPS_RATE_ATTITUDE 0.984616 11.228851 16.694023 33.948754 -1.894217 102.018548
92.551 2 NPS_POS_LLH 0.758765 0.758759 0.755411 0.022226 0.022226 363.442617 10387.443414 124.193738 309.193738
92.554 2 NPS_SPEED_POS 0.10276 -0.481652 0.000277 -3.555324 16.264122 0.882939 1311.646693 44.786705 -128.426544
92.554 2 NPS_GYRO_BIAS 1.1e-05 6e-06 -1.3e-05
92.554 2 NPS_SENSORS_SCALED -0.925537 -0.629365 -11.496094 -0.029866 0.198688 0.979612
92.554 2 NPS_WIND 0. 0. 0.
92.587 2 LINK_REPORT 2 -1 110 0 110518 4258 0 1010. 39. 33 9.65
92.595 2 STATE_FILTER_STATUS 4 3 0
92.595 2 DL_VALUE 6 0.
92.596 2 SEGMENT 5. 1300. 5. 1100.
92.596 2 NAVIGATION 36 7 71.5 1310.5 220.3 1312.8 83 76 6 0 0 0
92.596 2 ATTITUDE 0.597804 1.817991 -0.056542
92.634 2 NAVIGATION 36 7 71.5 1310.5 220.7 1312.4 83 76 6 0 0 0
92.651 2 NPS_RATE_ATTITUDE 1.006176 11.26262 16.788353 33.989553 -1.9 104.539066
92.651 2 NPS_POS_LLH 0.758764 0.758759 0.755411 0.022226 0.022226 363.331875 10387.332674 124.084633 309.084633
92.651 2 NPS_SPEED_POS 0.149732 -0.461009 0.035557 -4.250488 16.033462 0.888316 1311.158709 46.8056 -128.315888
92.651 2 NPS_GYRO_BIAS 9e-06 7e-06 -1.1e-05
92.651 2 NPS_SENSORS_SCALED -0.777451 -0.74043 -11.304492 -0.046515 0.202206 0.978242
92.651 2 NPS_WIND 0. 0. 0.
92.716 2 AIRSPEED 16.5 0. 0. 0.
92.717 2 DESIRED 0.61 0.04 4. 5. 1250. 300. -0.7 15.
92.717 2 ATTITUDE 0.597625 1.853392 -0.056857
92.752 2 NPS_RATE_ATTITUDE 1.020265 11.412427 16.817394 34.017815 -1.888285 106.236869
92.752 2 NPS_POS_LLH 0.758764 0.758759 0.755411 0.022226 0.022226 363.2576 10387.258402 124.01161 309.011611
92.753 2 NPS_SPEED_POS 0.145248 -0.447575 0.026318 -4.70882 15.86347 0.891979 1310.785394 48.13473 -128.241681
92.753 2 NPS_GYRO_BIAS 4e-06 4e-06 -1.3e-05
92.753 2 NPS_SENSORS_SCALED -0.888516 -0.629365 -11.342813 -0.0579 0.204921 0.977068
92.753 2 NPS_WIND 0. 0. 0.
92.757 2 GPS 3 36035928 481490151 1056 309048 1656 -89 1794 83558 31 0
92.798 2 WP_MOVED 15 360161.5 4813627.5 260.029999 31
92.798 2 ATTITUDE 0.597427 1.888935 -0.057265
92.853 2 NPS_RATE_ATTITUDE 1.036699 11.298223 16.896592 34.059503 -1.894888 108.606274
92.854 2 NPS_POS_LLH 0.758764 0.758759 0.755411 0.022227 0.022227 363.153161 10387.153966 123.909138 308.909139
92.854 2 NPS_SPEED_POS 0.155126 -0.427971 0.0161 -5.3427 15.604121 0.897315 1310.198936 49.970574 -128.137348
92.854 2 NPS_GYRO_BIAS 5e-06 5e-06 -1e-05
92.854 2 NPS_SENSORS_SCALED -0.851494 -0.555322 -11.304492 -0.073286 0.209215 0.975124
92.854 2 NPS_WIND 0. 0. 0.
92.880 2 NAVIGATION 36 7 74.7 1309.5 220.8 1311.6 83 77 7 0 0 0
92.920 2 AUTOPILOT_VERSION 51500 v5.15_devel-179-g9a29798-dirty
92.920 2 FBW_STATUS 0 40 1 12.5 6.858595
92.921 2 ESTIMATOR 308.873596 -0.9
92.922 2 DESIRED 0.61 0.04 4. 5. 1250. 300. -0.7 15.
92.922 2 ATTITUDE 0.59724 1.924393 -0.05781
92.954 2 NPS_RATE_ATTITUDE 1.05117 11.666762 16.945865 34.090064 -1.898418 110.307323
92.955 2 NPS_POS_LLH 0.758764 0.758759 0.755411 0.022227 0.022227 363.078057 10387.078864 123.83559 308.83559
92.955 2 NPS_SPEED_POS 0.212508 -0.401048 0.090173 -5.788114 15.40402 0.903257 1309.735113 51.262668 -128.062329
92.955 2 NPS_GYRO_BIAS 5e-06 1e-05 -1.1e-05
92.956 2 NPS_SENSORS_SCALED -0.851494 -0.592344 -11.227852 -0.084243 0.212631 0.973498
92.956 2 NPS_WIND 0. 0. 0.
92.959 2 PONG 
93.001 2 GPS_SOL 650 100 650 11
93.002 2 GPS 3 36036240 481490045 1097 308872 1647 -90 1794 83758 31 0
93.002 2 ATTITUDE 0.597067 1.960327 -0.057953
93.054 2 NPS_RATE_ATTITUDE 1.058038 11.340847 17.016044 34.137089 -1.899127 112.870642
93.054 2 NPS_POS_LLH 0.758764 0.758758 0.755411 0.022228 0.022228 362.964626 10386.965438 123.724724 308.724724
93.055 2 NPS_SPEED_POS 0.165629 -0.396724 0.001198 -6.447751 15.079891 0.909595 1308.970229 53.168202 -127.94904
93.055 2 NPS_GYRO_BIAS 3e-06 8e-06 -1.1e-05
93.055 2 NPS_SENSORS_SCALED -0.74043 -0.629365 -11.227852 -0.100635 0.218293 0.970684
93.055 2 NPS_WIND 0. 0. 0.
93.092 2 IMU_GYRO 0.019043 0.198975 0.296875
93.092 2 DESIRED 0.61 0.04 4. 5. 1250. 300. -0.7 15.
93.092 2 ATTITUDE 0.596944 1.996 -0.058426
93.123 2 NAVIGATION 36 7 80.8 1307. 220.4 1309.5 84 77 7 0 0 0
93.155 2 NPS_RATE_ATTITUDE 1.067223 11.383401 17.080935 34.168736 -1.91363 114.578271
93.155 2 NPS_POS_LLH 0.758764 0.758758 0.755411 0.022228 0.022228 362.888464 10386.889279 123.650425 308.650425
93.155 2 NPS_SPEED_POS 0.189049 -0.374751 0.019503 -6.878738 14.848883 0.91609 1308.414909 54.415316 -127.872982
93.155 2 NPS_GYRO_BIAS 4e-06 7e-06 -1.5e-05
93.155 2 NPS_SENSORS_SCALED -0.777451 -0.592344 -11.227852 -0.111185 0.222416 0.968595
93.155 2 NPS_WIND 0. 0. 0.
93.205 2 IMU_ACCEL -0.740234 -0.666016 -11.303711
93.205 2 ATTITUDE 0.596813 2.032199 -0.058489
93.246 2 GPS 3 36036542 481489916 1138 308695 1638 -91 1794 83958 31 0
93.256 2 NPS_RATE_ATTITUDE 1.066111 11.567785 17.109276 34.212701 -1.895176 117.003033
93.256 2 NPS_POS_LLH 0.758764 0.758758 0.755411 0.022228 0.022228 362.780954 10386.781774 123.545723 308.545723
93.257 2 NPS_SPEED_POS 0.17335 -0.370075 -0.004426 -7.473204 14.503836 0.922288 1307.577661 56.127816 -127.765629
93.257 2 NPS_GYRO_BIAS -5e-06 4e-06 -2.3e-05
93.257 2 NPS_SENSORS_SCALED -0.74043 -0.666387 -11.266172 -0.126577 0.228657 0.965247
93.257 2 NPS_WIND 0. 0. 0.
93.287 2 WP_MOVED 16 360289. 4813692. 500.029999 31
93.288 2 DESIRED 0.61 0.04 4. 5. 1247. 300. -0.6 15.
93.288 2 ATTITUDE 0.596618 2.068206 -0.058626
93.357 2 NPS_RATE_ATTITUDE 1.068123 11.443903 17.180494 34.24461 -1.908573 118.722373
93.357 2 NPS_POS_LLH 0.758764 0.758758 0.755411 0.022228 0.022228 362.703828 10386.704652 123.470744 308.470745
93.357 2 NPS_SPEED_POS 0.18756 -0.35032 -0.003667 -7.889757 14.242835 0.926481 1306.937471 57.32567 -127.688624
93.358 2 NPS_GYRO_BIAS -9e-06 6e-06 -2.4e-05
93.358 2 NPS_SENSORS_SCALED -0.666387 -0.74043 -11.304492 -0.136894 0.233438 0.962691
93.358 2 NPS_WIND 0. 0. 0.
93.369 2 NAVIGATION 36 7 83.7 1305.5 220. 1308.2 84 77 7 0 0 0
93.410 2 ENERGY 46 12.5 6.946114 86.826416 0.322403 4.030037
93.411 2 ESTIMATOR 308.512573 -0.92
93.411 2 ATTITUDE 0.596394 2.104267 -0.059043
93.457 2 NPS_RATE_ATTITUDE 1.091169 11.753039 17.258075 34.292263 -1.920946 121.320767
93.457 2 NPS_POS_LLH 0.758764 0.758758 0.75541 0.022229 0.022229 362.587174 10386.588004 123.357526 308.357526
93.458 2 NPS_SPEED_POS 0.226125 -0.312807 0.044587 -8.498634 13.830226 0.936688 1305.913032 59.080516 -127.572164
93.458 2 NPS_GYRO_BIAS -9e-06 0. -1.8e-05
93.458 2 NPS_SENSORS_SCALED -0.74043 -0.629365 -11.266172 -0.152324 0.241128 0.958469
93.458 2 NPS_WIND 0. 0. 0.
93.492 2 GPS 3 36037111 481489599 1220 308334 1622 -93 1794 84358 31 0
93.492 2 DESIRED 0.61 0.04 4.1 5. 1246. 300. -0.6 15.
93.493 2 ATTITUDE 0.596131 2.140603 -0.059153
93.558 2 NPS_RATE_ATTITUDE 1.110852 11.533767 17.306044 34.325595 -1.931537 123.057585
93.559 2 NPS_POS_LLH 0.758764 0.758758 0.75541 0.022229 0.022229 362.508755 10386.509588 123.281537 308.281538
93.559 2 NPS_SPEED_POS 0.200746 -0.312441 -0.003404 -8.895828 13.540189 0.942289 1305.188202 60.221027 -127.493883
93.559 2 NPS_GYRO_BIAS -1e-05 -2e-06 -2.3e-05
93.589 2 NPS_SENSORS_SCALED -0.777451 -0.592344 -11.227852 -0.162392 0.246614 0.955415
93.589 2 NPS_WIND 0. 0. 0.
93.589 2 LINK_REPORT 2 -1 111 0 111540 4297 0 1022. 39. 34 16.29
93.615 2 NAVIGATION 36 7 86.5 1304. 220. 1308.2 84 77 7 0 0 0
93.615 2 ATTITUDE 0.595932 2.176927 -0.059588
93.653 2 NAVIGATION 36 7 86.5 1304. 219.7 1306.9 84 77 7 0 0 0
93.658 2 NPS_RATE_ATTITUDE 1.14073 11.89078 17.379662 34.374306 -1.959466 125.490576
93.658 2 NPS_POS_LLH 0.758763 0.758758 0.75541 0.022229 0.022229 362.397999 10386.398838 123.174369 308.174369
93.658 2 NPS_SPEED_POS 0.261104 -0.257754 0.088179 -9.436378 13.116069 0.953545 1304.118643 61.77618 -127.383332
93.658 2 NPS_GYRO_BIAS -1.3e-05 -2e-06 -1.8e-05
93.658 2 NPS_SENSORS_SCALED -0.666387 -0.629365 -11.304492 -0.175981 0.254774 0.950857
93.658 2 NPS_WIND 0. 0. 0.
93.693 2 AIRSPEED 16.5 0. 0. 0.
93.693 2 IMU_GYRO 0.019043 0.20752 0.302002
93.693 2 DESIRED 0.61 0.04 4.1 5. 1244. 300. -0.6 15.
93.693 2 ATTITUDE 0.59576 2.213366 -0.059805
93.734 2 GPS 3 36037375 481489412 1262 308151 1614 -95 1794 84558 31 0
93.758 2 NPS_RATE_ATTITUDE 1.151014 11.694849 17.402215 34.409748 -1.963422 127.24477
93.759 2 NPS_POS_LLH 0.758763 0.758758 0.75541 0.02223 0.02223 362.318081 10386.318924 123.09714 308.097141
93.759 2 NPS_SPEED_POS 0.210953 -0.275078 0.010363 -9.813112 12.799285 0.960456 1303.316529 62.85607 -127.303567
93.759 2 NPS_GYRO_BIAS -1.4e-05 1e-06 -2.4e-05
93.759 2 NPS_SENSORS_SCALED -0.74043 -0.629365 -11.342813 -0.185811 0.260931 0.94731
93.759 2 NPS_WIND 0. 0. 0.
93.815 2 IMU_MAG 0. 0. 0.
93.815 2 SEGMENT 5. 1300. 5. 1100.
93.815 2 WP_MOVED 17 360289. 4813892. 300.029999 31
93.815 2 ATTITUDE 0.59556 2.249987 -0.060049
93.859 2 NPS_RATE_ATTITUDE 1.167452 11.609001 17.483241 34.463912 -1.998207 129.865471
93.860 2 NPS_POS_LLH 0.758763 0.758757 0.75541 0.02223 0.02223 362.19708 10386.197931 122.980369 307.980369
93.860 2 NPS_SPEED_POS 0.214897 -0.248551 0.008573 -10.360589 12.304303 0.972482 1302.055432 64.425275 -127.182808
93.860 2 NPS_GYRO_BIAS -8e-06 8e-06 -2.4e-05
93.860 2 NPS_SENSORS_SCALED -0.629365 -0.666387 -11.342813 -0.199645 0.270651 0.941752
93.860 2 NPS_WIND 0. 0. 0.
93.898 2 NAVIGATION 36 7 89.1 1302. 218.8 1305. 84 78 8 0 0 0
93.898 2 ESTIMATOR 307.957123 -0.97
93.899 2 DESIRED 0.61 0.04 4.1 5. 1242. 300. -0.6 15.
93.899 2 ATTITUDE 0.595433 2.286469 -0.060391
93.960 2 NPS_RATE_ATTITUDE 1.173989 11.916477 17.517095 34.496324 -2.013464 131.448376
93.960 2 NPS_POS_LLH 0.758763 0.758757 0.75541 0.02223 0.02223 362.123657 10386.124512 122.909592 307.909592
93.960 2 NPS_SPEED_POS 0.241468 -0.216429 0.058118 -10.678245 11.996397 0.981206 1301.266433 65.336608 -127.109537
93.961 2 NPS_GYRO_BIAS -7e-06 9e-06 -2.8e-05
93.961 2 NPS_SENSORS_SCALED -0.74043 -0.703408 -11.342813 -0.207861 0.27676 0.938193
93.961 2 NPS_WIND 0. 0. 0.
94.020 2 IMU_ACCEL -0.666016 -0.628906 -11.265625
94.021 2 GPS 3 36037623 481489207 1304 307964 1607 -97 1794 84758 31 0
94.021 2 ATTITUDE 0.595291 2.323379 -0.060398
94.088 2 NPS_RATE_ATTITUDE 1.180182 11.655817 17.562658 34.535975 -2.034772 133.385651
94.088 2 NPS_POS_LLH 0.758763 0.758757 0.75541 0.02223 0.02223 362.033114 10386.033975 122.822391 307.822391
94.088 2 NPS_SPEED_POS 0.205617 -0.226585 -0.005366 -11.056876 11.608032 0.990225 1300.270145 66.418569 -127.019187
94.088 2 NPS_GYRO_BIAS -3e-06 1e-05 -3.2e-05
94.088 2 NPS_SENSORS_SCALED -0.666387 -0.629365 -11.189531 -0.217623 0.284494 0.933655
94.088 2 NPS_WIND 0. 0. 0.
94.101 2 FBW_STATUS 0 40 1 12.5 7.045657
94.101 2 CALIBRATION -150. 0
94.101 2 DL_VALUE 7 85.
94.101 2 DESIRED 0.61 0.04 4.1 5. 1242. 300. -0.6 15.
94.102 2 ATTITUDE 0.595184 2.360009 -0.060715
94.141 2 NAVIGATION 36 7 93.9 1298. 217.1 1301.4 85 78 8 0 0 0
94.161 2 NPS_RATE_ATTITUDE 1.18656 11.992815 17.639625 34.585354 -2.080025 135.849336
94.161 2 NPS_POS_LLH 0.758763 0.758757 0.755409 0.022231 0.022231 361.916519 10385.917387 122.710212 307.710213
94.161 2 NPS_SPEED_POS 0.269823 -0.158382 0.101244 -11.519541 11.097585 1.004993 1298.952966 67.743234 -126.902847
94.162 2 NPS_GYRO_BIAS 1e-06 8e-06 -4.3e-05
94.162 2 NPS_SENSORS_SCALED -0.703408 -0.629365 -11.189531 -0.229327 0.294743 0.927655
94.162 2 NPS_WIND 0. 0. 0.
94.183 2 ATTITUDE 0.59505 2.397104 -0.060582
94.262 2 NPS_RATE_ATTITUDE 1.185997 11.968983 17.636008 34.619359 -2.077278 137.637879
94.262 2 NPS_POS_LLH 0.758762 0.758757 0.755409 0.022231 0.022231 361.83219 10385.833064 122.629148 307.629148
94.262 2 NPS_SPEED_POS 0.206784 -0.191724 0.01214 -11.838771 10.720081 1.013164 1297.979656 68.652393 -126.818707
94.262 2 NPS_GYRO_BIAS 0. 1e-05 -4.2e-05
94.263 2 NPS_SENSORS_SCALED -0.666387 -0.666387 -11.304492 -0.238099 0.302335 0.92299
94.263 2 NPS_WIND 0. 0. 0.
94.264 2 GPS 3 36037856 481488984 1346 307774 1601 -99 1794 84958 31 0
94.305 2 DATALINK_REPORT 1 34 0 1006 0 0
94.305 2 IMU_GYRO 0.02002 0.205322 0.30542
94.306 2 WP_MOVED 18 360289. 4814092. 500.029999 31
94.306 2 DESIRED 0.61 0.05 4.1 5. 1238. 300. -0.6 15.
94.307 2 ATTITUDE 0.59496 2.434026 -0.060527
94.362 2 NPS_RATE_ATTITUDE 1.179858 11.733912 17.715748 34.666606 -2.118738 140.116521
94.363 2 NPS_POS_LLH 0.758762 0.758757 0.755409 0.022231 0.022231 361.71312 10385.714001 122.514794 307.514795
94.363 2 NPS_SPEED_POS 0.199233 -0.173125 -0.007153 -12.267449 10.175759 1.024475 1296.573217 69.87146 -126.69991
94.363 2 NPS_GYRO_BIAS -1e-06 7e-06 -4.5e-05
94.363 2 NPS_SENSORS_SCALED -0.74043 -0.666387 -11.342813 -0.24908 0.313316 0.916406
94.364 2 NPS_WIND 0. 0. 0.
94.386 2 NAVIGATION 36 7 96.1 1295.5 215.7 1299.1 85 78 8 0 0 0
94.387 2 ALIVE 84,160,18,137,67,90,20,217,119,254,202,219,218,115,193,250
94.387 2 ESTIMATOR 307.570068 -1.01
94.388 2 ATTITUDE 0.594829 2.47104 -0.060819
94.463 2 NPS_RATE_ATTITUDE 1.184795 12.134459 17.758805 34.698783 -2.145546 141.897013
94.463 2 NPS_POS_LLH 0.758762 0.758756 0.755409 0.022231 0.022231 361.627088 10385.627975 122.432232 307.432232
94.464 2 NPS_SPEED_POS 0.233574 -0.120182 0.069021 -12.558842 9.77753 1.035448 1295.538709 70.702909 -126.61408
94.464 2 NPS_GYRO_BIAS -3e-06 -1e-06 -3.7e-05
94.464 2 NPS_SENSORS_SCALED -0.777451 -0.74043 -11.227852 -0.25669 0.321411 0.911489
94.464 2 NPS_WIND 0. 0. 0.
94.507 2 ENERGY 47 12.5 7.143616 89.295197 0.324557 4.05696
94.508 2 GPS 3 36038265 481488496 1431 307382 1590 -104 1794 85358 31 0
94.509 2 DESIRED 0.61 0.05 4.1 5. 1236. 300. -0.6 15.
94.509 2 ATTITUDE 0.594742 2.508302 -0.06074
94.593 2 NPS_RATE_ATTITUDE 1.187633 11.814762 17.810114 34.746119 -2.182554 144.576945
94.598 2 NPS_POS_LLH 0.758762 0.758756 0.755409 0.022232 0.022232 361.496502 10385.497398 122.306999 307.306999
94.598 2 NPS_SPEED_POS 0.187709 -0.142246 -0.011692 -12.975716 9.162553 1.049155 1293.942519 71.886856 -126.483805
94.598 2 NPS_GYRO_BIAS 1e-06 9e-06 -3.4e-05
94.599 2 NPS_SENSORS_SCALED -0.629365 -0.592344 -11.227852 -0.267666 0.333935 0.903798
94.599 2 NPS_WIND 0. 0. 0.
94.600 2 LINK_REPORT 2 -1 112 0 112577 4337 0 1037. 40. 34 16.29
94.600 2 NAVIGATION 36 7 98. 1293. 215.7 1299.1 85 78 8 0 0 0
94.601 2 ATTITUDE 0.594615 2.545581 -0.060967
94.630 2 NAVIGATION 36 7 98. 1293. 214.2 1296.7 85 78 8 0 0 0
94.665 2 NPS_RATE_ATTITUDE 1.193823 11.833011 17.851903 34.773799 -2.216934 146.181919
94.665 2 NPS_POS_LLH 0.758762 0.758756 0.755408 0.022232 0.022232 361.417259 10385.41816 122.231049 307.23105
94.665 2 NPS_SPEED_POS 0.190175 -0.119775 0.002619 -13.21233 8.785577 1.059118 1292.960403 72.559947 -126.404754
94.665 2 NPS_GYRO_BIAS 4e-06 1.5e-05 -3.6e-05
94.665 2 NPS_SENSORS_SCALED -0.592344 -0.592344 -11.227852 -0.273725 0.341657 0.899084
94.665 2 NPS_WIND 0. 0. 0.
94.711 2 AIRSPEED 16.5 0. 0. 0.
94.711 2 DESIRED 0.61 0.05 4.1 5. 1233. 300. -0.6 15.
94.712 2 ATTITUDE 0.594619 2.582982 -0.060985
94.751 2 GPS 3 36038440 481488231 1474 307180 1585 -106 1794 85558 31 0
94.765 2 NPS_RATE_ATTITUDE 1.190497 11.93969 17.876562 34.817801 -2.252963 148.878084
94.766 2 NPS_POS_LLH 0.758761 0.758756 0.755408 0.022232 0.022232 361.283492 10385.284403 122.1029 307.102901
94.766 2 NPS_SPEED_POS 0.174675 -0.113836 -0.005331 -13.585025 8.142637 1.07495 1291.285307 73.618171 -126.271315
94.766 2 NPS_GYRO_BIAS 4e-06 1.8e-05 -3.5e-05
94.766 2 NPS_SENSORS_SCALED -0.703408 -0.629365 -11.227852 -0.283707 0.354852 0.890841
94.766 2 NPS_WIND 0. 0. 0.
94.792 2 STATE_FILTER_STATUS 4 3 0
94.793 2 IMU_ACCEL -0.740234 -0.591797 -11.189453
94.793 2 WP_MOVED 19 360289. 4814292. 300.029999 31
94.794 2 ATTITUDE 0.59459 2.620578 -0.060993
94.866 2 NPS_RATE_ATTITUDE 1.184137 11.860306 17.916677 34.845784 -2.291914 150.669016
94.866 2 NPS_POS_LLH 0.758761 0.758756 0.755408 0.022232 0.022232 361.193257 10385.194174 122.016494 307.016495
94.866 2 NPS_SPEED_POS 0.168437 -0.099681 -0.00711 -13.81783 7.704896 1.085687 1290.143428 74.278526 -126.181303
94.866 2 NPS_GYRO_BIAS 4e-06 1.7e-05 -3.4e-05
94.867 2 NPS_SENSORS_SCALED -0.592344 -0.592344 -11.419453 -0.289702 0.363848 0.885265
94.867 2 NPS_WIND 0. 0. 0.
94.873 2 NAVIGATION 36 7 99.8 1290. 212.3 1293.9 85 79 9 0 0 0
94.913 2 FBW_STATUS 0 40 1 12.5 7.190765
94.913 2 IMU_GYRO 0.02002 0.208496 0.310547
94.913 2 ESTIMATOR 306.958282 -1.09
94.914 2 DESIRED 0.61 0.05 4.1 5. 1230. 300. -0.5 15.
94.914 2 ATTITUDE 0.594581 2.657985 -0.061189
94.966 2 NPS_RATE_ATTITUDE 1.173844 12.167353 17.946568 34.881479 -2.336284 153.190651
94.967 2 NPS_POS_LLH 0.758761 0.758755 0.755408 0.022232 0.022232 361.065268 10385.066195 121.893972 306.893972
94.967 2 NPS_SPEED_POS 0.173994 -0.061809 0.036817 -14.121507 7.08147 1.102525 1288.513394 75.141206 -126.053635
94.967 2 NPS_GYRO_BIAS 2e-06 1.7e-05 -3.6e-05
94.967 2 NPS_SENSORS_SCALED -0.666387 -0.666387 -11.342813 -0.297771 0.376694 0.877178
94.967 2 NPS_WIND 0. 0. 0.
94.994 2 GPS_SOL 650 100 650 11
94.995 2 SEGMENT 5. 1300. 5. 1100.
94.995 2 GPS 3 36038594 481487955 1517 306972 1581 -109 1794 85758 31 0
94.995 2 ATTITUDE 0.594432 2.695831 -0.061009
95.073 2 NPS_RATE_ATTITUDE 1.173462 11.902894 17.971517 34.905398 -2.369956 154.992887
95.073 2 NPS_POS_LLH 0.758761 0.758755 0.755408 0.022232 0.022232 360.972736 10384.973669 121.805415 306.805415
95.073 2 NPS_SPEED_POS 0.145822 -0.08464 -0.018786 -14.323358 6.627381 1.112812 1287.328097 75.712447 -125.961336
95.074 2 NPS_GYRO_BIAS -3e-06 2e-05 -2.9e-05
95.074 2 NPS_SENSORS_SCALED -0.666387 -0.592344 -11.266172 -0.303108 0.386034 0.87127
95.074 2 NPS_WIND 0. 0. 0.
95.117 2 IMU_MAG 0. 0. 0.
95.117 2 DESIRED 0.61 0.05 4.1 5. 1230. 300. -0.5 15.
95.118 2 ATTITUDE 0.594334 2.73338 -0.061155
95.118 2 NAVIGATION 36 7 102.7 1285. 209.2 1289.1 86 79 9 0 0 0
95.167 2 NPS_RATE_ATTITUDE 1.182098 12.660302 18.014049 34.939163 -2.429309 157.697656
95.167 2 NPS_POS_LLH 0.75876 0.758755 0.755407 0.022233 0.022233 360.832139 10384.833082 121.670881 306.670882
95.168 2 NPS_SPEED_POS 0.193031 0.035787 0.150888 -14.599702 5.937178 1.131697 1285.520069 76.497843 -125.821095
95.168 2 NPS_GYRO_BIAS 1e-06 1.9e-05 -3e-05
95.168 2 NPS_SENSORS_SCALED -0.592344 -0.592344 -11.227852 -0.310339 0.400305 0.862238
95.168 2 NPS_WIND 0. 0. 0.
95.199 2 PPRZ_MODE 2 3 3 1 0 21
95.200 2 ATTITUDE 0.594228 2.771428 -0.06086
95.241 2 GPS 3 36038727 481487669 1560 306760 1577 -112 1794 85958 31 0
95.268 2 NPS_RATE_ATTITUDE 1.17768 12.176775 17.99261 34.960179 -2.434436 159.525557
95.269 2 NPS_POS_LLH 0.75876 0.758755 0.755407 0.022233 0.022233 360.73722 10384.73817 121.580066 306.580067
95.269 2 NPS_SPEED_POS 0.126801 -0.071911 -0.014653 -14.768177 5.467312 1.139776 1284.29632 76.973087 -125.726417
95.269 2 NPS_GYRO_BIAS -2e-06 1.5e-05 -3e-05
95.269 2 NPS_SENSORS_SCALED -0.592344 -0.666387 -11.381133 -0.315356 0.409973 0.855851
95.269 2 NPS_WIND 0. 0. 0.
95.322 2 WP_MOVED 20 360289. 4814492. 500.029999 31
95.322 2 DESIRED 0.61 0.05 4.2 5. 1225. 300. -0.5 15.
95.323 2 ATTITUDE 0.594153 2.809308 -0.060556
95.369 2 NPS_RATE_ATTITUDE 1.165022 12.019043 18.056408 34.988059 -2.4899 162.054713
95.370 2 NPS_POS_LLH 0.75876 0.758754 0.755407 0.022233 0.022233 360.603219 10384.604179 121.451886 306.451886
95.370 2 NPS_SPEED_POS 0.119951 -0.045072 -0.010599 -14.979845 4.802279 1.152609 1282.560732 77.572193 -125.592759
95.370 2 NPS_GYRO_BIAS 4e-06 1.2e-05 -2.9e-05
95.370 2 NPS_SENSORS_SCALED -0.629365 -0.629365 -11.266172 -0.320912 0.423677 0.847066
95.370 2 NPS_WIND 0. 0. 0.
95.404 2 NAVIGATION 36 7 103.8 1281.5 206.6 1285.7 86 79 9 0 0 0
95.404 2 ESTIMATOR 306.525238 -1.14
95.405 2 ATTITUDE 0.594071 2.847147 -0.060677
95.470 2 NPS_RATE_ATTITUDE 1.165292 12.388259 18.07376 35.005591 -2.517379 163.875412
95.471 2 NPS_POS_LLH 0.75876 0.758754 0.755407 0.022233 0.022233 360.50644 10384.507407 121.359312 306.359313
95.471 2 NPS_SPEED_POS 0.126923 -0.002745 0.045099 -15.1134 4.323135 1.163702 1281.306752 77.95246 -125.496228
95.471 2 NPS_GYRO_BIAS 5e-06 1.1e-05 -3e-05
95.471 2 NPS_SENSORS_SCALED -0.555322 -0.592344 -11.342813 -0.32468 0.433591 0.840589
95.471 2 NPS_WIND 0. 0. 0.
95.486 2 IMU_GYRO 0.02002 0.213867 0.313721
95.487 2 GPS 3 36038926 481487071 1647 306322 1571 -117 1794 86358 31 0
95.488 2 DESIRED 0.61 0.05 4.2 5. 1222. 300. -0.5 15.
95.488 2 ATTITUDE 0.593982 2.885218 -0.060324
95.588 2 NPS_RATE_ATTITUDE 1.169778 12.056234 18.107795 35.030465 -2.56782 166.603087
95.588 2 NPS_POS_LLH 0.758759 0.758754 0.755406 0.022233 0.022233 360.359765 10384.360743 121.21901 306.219011
95.588 2 NPS_SPEED_POS 0.096708 -0.033164 -0.019966 -15.287515 3.595249 1.177568 1279.406348 78.447425 -125.349929
95.588 2 NPS_GYRO_BIAS 4e-06 9e-06 -2.7e-05
95.588 2 NPS_SENSORS_SCALED -0.666387 -0.703408 -11.419453 -0.329481 0.448626 0.830773
95.588 2 NPS_WIND 0. 0. 0.
95.588 2 LINK_REPORT 2 -1 113 0 113560 4375 0 983. 38. 34 16.29
95.607 2 DL_VALUE 8 100.
95.607 2 ENERGY 48 12.5 7.352493 91.906166 0.326773 4.084664
95.608 2 NAVIGATION 36 7 104.7 1278.5 206.6 1285.7 86 79 9 0 0 0
95.608 2 IMU_ACCEL -0.666016 -0.628906 -11.303711
95.608 2 ATTITUDE 0.593923 2.923211 -0.06039
95.647 2 NAVIGATION 36 7 104.7 1278.5 204.4 1282.8 86 79 9 0 0 0
95.671 2 NPS_RATE_ATTITUDE 1.173769 12.46185 18.130317 35.04602 -2.609074 168.420265
95.671 2 NPS_POS_LLH 0.758759 0.758754 0.755406 0.022233 0.022233 360.260914 10384.261899 121.124446 306.124447
95.671 2 NPS_SPEED_POS 0.10922 0.039432 0.077397 -15.38484 3.10722 1.189096 1278.128226 78.726708 -125.251332
95.671 2 NPS_GYRO_BIAS 5e-06 1e-05 -2.3e-05
95.671 2 NPS_SENSORS_SCALED -0.518301 -0.74043 -11.227852 -0.332089 0.458755 0.824178
95.671 2 NPS_WIND 0. 0. 0.
95.689 2 AIRSPEED 16.5 0. 0. 0.
95.690 2 DESIRED 0.61 0.05 4.2 5. 1218. 300. -0.5 15.
95.691 2 ATTITUDE 0.593942 2.961313 -0.060248
95.771 2 GPS 3 36038990 481486764 1691 306095 1569 -119 1794 86558 31 0
95.772 2 NPS_RATE_ATTITUDE 1.164775 12.178303 18.117862 35.065362 -2.641957 170.982237
95.772 2 NPS_POS_LLH 0.758759 0.758753 0.755406 0.022233 0.022233 360.121047 10384.122042 120.990621 305.990621
95.772 2 NPS_SPEED_POS 0.075321 -0.027756 -0.016942 -15.497047 2.416954 1.201932 1276.326504 79.049022 -125.111821
95.773 2 NPS_GYRO_BIAS 4e-06 1.5e-05 -2.2e-05
95.773 2 NPS_SENSORS_SCALED -0.555322 -0.629365 -11.304492 -0.335539 0.473028 0.814657
95.773 2 NPS_WIND 0. 0. 0.
95.812 2 WP_MOVED 21 360289. 4814692. 300.029999 31
95.812 2 ATTITUDE 0.593921 2.99961 -0.060096
95.873 2 NPS_RATE_ATTITUDE 1.155768 12.127988 18.13884 35.077588 -2.682245 172.801587
95.873 2 NPS_POS_LLH 0.758759 0.758753 0.755406 0.022233 0.022233 360.020232 10384.021234 120.894145 305.894146
95.874 2 NPS_SPEED_POS 0.067294 -0.015512 -0.010578 -15.559182 1.921675 1.211773 1275.032389 79.229803 -125.011263
95.874 2 NPS_GYRO_BIAS -1e-06 1.4e-05 -2.2e-05
95.874 2 NPS_SENSORS_SCALED -0.592344 -0.666387 -11.342813 -0.337252 0.483267 0.807912
95.874 2 NPS_WIND 0. 0. 0.
95.893 2 NAVIGATION 36 7 105.3 1275.5 202.1 1279.8 86 80 10 0 0 0
95.894 2 ESTIMATOR 305.842255 -1.21
95.895 2 DESIRED 0.61 0.05 4.2 5. 1216. 300. -0.5 15.
95.895 2 ATTITUDE 0.593852 3.037643 -0.060148
95.974 2 NPS_RATE_ATTITUDE 1.149257 12.5226 18.138377 35.087496 -2.711418 174.630813
95.975 2 NPS_POS_LLH 0.758759 0.758753 0.755405 0.022233 0.022233 359.918532 10383.919542 120.796801 305.796802
95.975 2 NPS_SPEED_POS 0.068374 0.030331 0.055559 -15.606098 1.425287 1.22252 1273.733732 79.369279 -124.909822
95.975 2 NPS_GYRO_BIAS 1e-06 1.8e-05 -2.6e-05
95.975 2 NPS_SENSORS_SCALED -0.703408 -0.666387 -11.381133 -0.338774 0.493536 0.801038
95.976 2 NPS_WIND 0. 0. 0.
96.017 2 GPS 3 36039031 481486453 1735 305865 1567 -121 1794 86758 31 0
96.017 2 ATTITUDE 0.593804 3.076122 -0.059701
96.097 2 NPS_RATE_ATTITUDE 1.142106 12.139624 18.149958 35.100218 -2.757589 177.372332
96.097 2 NPS_POS_LLH 0.758758 0.758753 0.755405 0.022233 0.022233 359.76456 10383.76558 120.649381 305.649381
96.097 2 NPS_SPEED_POS 0.044473 -0.019892 -0.024316 -15.648653 0.676133 1.235123 1271.779952 79.500624 -124.756239
96.097 2 NPS_GYRO_BIAS 5e-06 2.1e-05 -2.2e-05
96.097 2 NPS_SENSORS_SCALED -0.629365 -0.629365 -11.189531 -0.340284 0.508967 0.790675
96.097 2 NPS_WIND 0. 0. 0.
96.097 2 FBW_STATUS 0 40 1 12.5 7.435711
96.098 2 IMU_GYRO 0.02002 0.212646 0.314941
96.098 2 DESIRED 0.61 0.05 4.2 5. 1216. 300. -0.5 15.
96.098 2 ATTITUDE 0.593747 3.114214 -0.059627
96.140 2 NAVIGATION 36 7 105.8 1269.5 197.2 1273.9 87 80 10 0 0 0
96.175 2 NPS_RATE_ATTITUDE 1.139945 12.535842 18.173204 35.106887 -2.800262 179.194375
96.175 2 NPS_POS_LLH 0.758758 0.758752 0.755405 0.022233 0.022233 359.660951 10383.661979 120.550147 305.550148
96.175 2 NPS_SPEED_POS 0.056708 0.074088 0.097903 -15.657752 0.177543 1.245766 1270.475406 79.53618 -124.65289
96.175 2 NPS_GYRO_BIAS 4e-06 1.9e-05 -2.2e-05
96.176 2 NPS_SENSORS_SCALED -0.629365 -0.666387 -11.266172 -0.340604 0.519266 0.783811
96.176 2 NPS_WIND 0. 0. 0.
96.220 2 CALIBRATION -150. 0
96.220 2 SEGMENT 5. 1300. 5. 1100.
96.220 2 ATTITUDE 0.593703 -3.130396 -0.059078
96.261 2 GPS 3 36039048 481486141 1778 305629 1566 -124 1794 86958 31 0
96.276 2 NPS_RATE_ATTITUDE 1.122287 12.323128 18.124377 35.113054 -2.804827 -178.21851
96.276 2 NPS_POS_LLH 0.758758 0.758752 0.755405 0.022233 0.022233 359.514633 10383.515671 120.409954 305.409954
96.277 2 NPS_SPEED_POS 0.02897 -0.036734 -0.037882 -15.645104 -0.524814 1.254438 1268.64912 79.515992 -124.506936
96.277 2 NPS_GYRO_BIAS 6e-06 2e-05 -2.1e-05
96.277 2 NPS_SENSORS_SCALED -0.629365 -0.629365 -11.304492 -0.341307 0.533666 0.773769
96.277 2 NPS_WIND 0. 0. 0.
96.302 2 WP_MOVED 22 360289. 4814892. 500.029999 31
96.302 2 DESIRED 0.61 0.05 4.2 5. 1210. 300. -0.4 15.
96.302 2 ATTITUDE 0.593694 -3.092007 -0.05858
96.377 2 NPS_RATE_ATTITUDE 1.111539 12.203603 18.154631 35.116232 -2.8402 -176.393515
96.377 2 NPS_POS_LLH 0.758758 0.758752 0.755404 0.022233 0.022233 359.409596 10383.410641 120.309285 305.309286
96.377 2 NPS_SPEED_POS 0.020587 -0.019762 -0.030055 -15.617564 -1.025533 1.260761 1267.346402 79.45137 -124.40216
96.377 2 NPS_GYRO_BIAS 8e-06 1.5e-05 -2.2e-05
96.377 2 NPS_SENSORS_SCALED -0.518301 -0.703408 -11.304492 -0.340801 0.543914 0.766824
96.378 2 NPS_WIND 0. 0. 0.
96.385 2 NAVIGATION 36 7 105.8 1266. 194.2 1270.4 87 80 10 0 0 0
96.386 2 IMU_MAG 0. 0. 0.
96.386 2 IMU_ACCEL -0.591797 -0.740234 -11.418945
96.386 2 ESTIMATOR 305.364838 -1.25
96.387 2 ATTITUDE 0.593699 -3.05373 -0.058453
96.477 2 NPS_RATE_ATTITUDE 1.097252 12.469616 18.156423 35.116863 -2.873904 -173.638084
96.478 2 NPS_POS_LLH 0.758757 0.758752 0.755404 0.022233 0.022233 359.250834 10383.25189 120.157057 305.157057
96.478 2 NPS_SPEED_POS 0.01065 0.003499 0.002639 -15.547429 -1.772808 1.272315 1265.398232 79.276478 -124.243788
96.478 2 NPS_GYRO_BIAS 8e-06 1.8e-05 -1.9e-05
96.479 2 NPS_SENSORS_SCALED -0.555322 -0.666387 -11.381133 -0.339619 0.559233 0.756258
96.479 2 NPS_WIND 0. 0. 0.
96.506 2 GPS 3 36039010 481485516 -1733 305146 1564 -127 1794 87358 31 0
96.506 2 DESIRED 0.61 0.05 4.2 5. 1206. 300. -0.4 15.
96.506 2 ATTITUDE 0.593662 -3.015238 -0.057869
96.606 2 NPS_RATE_ATTITUDE 1.095584 12.24579 18.165076 35.115975 -2.903481 -171.806648
96.607 2 NPS_POS_LLH 0.758757 0.758751 0.755404 0.022233 0.022233 359.144306 10383.14537 120.054865 305.054865
96.607 2 NPS_SPEED_POS 0.002779 -0.01685 -0.029863 -15.481585 -2.269869 1.278433 1264.105251 79.10801 -124.137518
96.608 2 NPS_GYRO_BIAS 3e-06 1.3e-05 -1.6e-05
96.608 2 NPS_SENSORS_SCALED -0.555322 -0.666387 -11.342813 -0.338221 0.569386 0.749276
96.608 2 NPS_WIND 0. 0. 0.
96.609 2 LINK_REPORT 2 -1 114 0 114553 4413 0 993. 38. 34 16.29
96.609 2 NAVIGATION 36 7 105.5 1263. 194.2 1270.4 87 80 10 0 0 0
96.610 2 ATTITUDE 0.59361 -2.97687 -0.057729
96.628 2 NAVIGATION 36 7 105.5 1263. 191.5 1267.4 87 80 10 0 0 0
96.681 2 NPS_RATE_ATTITUDE 1.104354 12.646258 18.165152 35.113059 -2.947827 -169.242839
96.682 2 NPS_POS_LLH 0.758757 0.758751 0.755404 0.022233 0.022233 358.99415 10382.995223 119.910744 304.910744
96.682 2 NPS_SPEED_POS -0.01165 0.047747 0.063743 -15.363958 -2.959721 1.28983 1262.305637 78.802886 -123.987723
96.682 2 NPS_GYRO_BIAS 0. 1.4e-05 -2.2e-05
96.682 2 NPS_SENSORS_SCALED -0.555322 -0.666387 -11.342813 -0.335555 0.583515 0.739541
96.682 2 NPS_WIND 0. 0. 0.
96.709 2 ENERGY 50 12.5 7.596931 94.961639 0.329059 4.113243
96.710 2 AIRSPEED 16.5 0. 0. 0.
96.711 2 IMU_GYRO 0.019043 0.221191 0.314941
96.711 2 DESIRED 0.61 0.06 4.2 5. 1203. 300. -0.4 15.
96.712 2 ATTITUDE 0.593548 -2.938501 -0.057324
96.751 2 GPS 3 36038956 481485208 -1689 304900 1564 -129 1794 87558 31 0
96.783 2 NPS_RATE_ATTITUDE 1.104734 12.325966 18.137247 35.110355 -2.964121 -167.402999
96.784 2 NPS_POS_LLH 0.758757 0.758751 0.755403 0.022233 0.022233 358.886153 10382.887234 119.807027 304.807028
96.784 2 NPS_SPEED_POS -0.011519 -0.023751 -0.024386 -15.261662 -3.450599 1.295631 1261.029464 78.535775 -123.879983
96.784 2 NPS_GYRO_BIAS 4e-06 1.8e-05 -2e-05
96.785 2 NPS_SENSORS_SCALED -0.666387 -0.629365 -11.381133 -0.333425 0.59353 0.732501
96.785 2 NPS_WIND 0. 0. 0.
96.791 2 WP_MOVED 0 360326. 4813634. 260.029999 31
96.792 2 ATTITUDE 0.593504 -2.900078 -0.056953
96.872 2 NAVIGATION 36 7 104.9 1260. 188.6 1264.4 87 81 11 0 0 0
96.886 2 NPS_RATE_ATTITUDE 1.097805 12.241249 18.14325 35.105191 -3.015311 -164.6636
96.886 2 NPS_POS_LLH 0.758756 0.758751 0.755403 0.022233 0.022233 358.723207 10382.724299 119.650442 304.650442
96.886 2 NPS_SPEED_POS -0.024728 -0.014231 -0.01307 -15.080277 -4.178866 1.306065 1259.132749 78.058813 -123.717418
96.886 2 NPS_GYRO_BIAS 1e-06 1.5e-05 -2.4e-05
96.887 2 NPS_SENSORS_SCALED -0.518301 -0.555322 -11.304492 -0.329083 0.60839 0.722201
96.887 2 NPS_WIND 0. 0. 0.
96.912 2 FBW_STATUS 0 40 1 12.5 7.604918
96.912 2 ESTIMATOR 304.623444 -1.3
96.913 2 DESIRED 0.61 0.06 4.2 5. 1200. 300. -0.4 15.
96.913 2 ATTITUDE 0.593493 -2.861929 -0.056792
96.985 2 NPS_RATE_ATTITUDE 1.090509 12.55375 18.116922 35.100001 -3.028802 -163.008286
96.986 2 NPS_POS_LLH 0.758756 0.758751 0.755403 0.022233 0.022233 358.624756 10382.625854 119.555769 304.555769
96.986 2 NPS_SPEED_POS -0.031675 0.005047 0.026432 -14.955319 -4.611141 1.312551 1258.006338 77.729184 -123.619194
96.986 2 NPS_GYRO_BIAS -3e-06 2.1e-05 -3e-05
96.986 2 NPS_SENSORS_SCALED -0.481279 -0.703408 -11.419453 -0.326327 0.6172 0.715949
96.986 2 NPS_WIND 0. 0. 0.
96.994 2 COMMANDS 4835,128,2242,0
96.995 2 STATE_FILTER_STATUS 4 3 0
96.995 2 GPS_SOL 650 100 650 11
96.996 2 GPS 3 36038877 481484906 -1645 304650 1564 -130 1794 87758 31 0
96.997 2 ATTITUDE 0.593465 -2.823408 -0.056105
97.094 2 NPS_RATE_ATTITUDE 1.076187 12.191245 18.116827 35.089611 -3.070991 -160.267147
97.095 2 NPS_POS_LLH 0.758756 0.75875 0.755403 0.022233 0.022233 358.459838 10382.460946 119.397071 304.397072
97.095 2 NPS_SPEED_POS -0.034738 -0.03306 -0.029317 -14.720408 -5.324695 1.320805 1256.151269 77.108047 -123.454649
97.095 2 NPS_GYRO_BIAS 1e-06 2.2e-05 -3.2e-05
97.095 2 NPS_SENSORS_SCALED -0.555322 -0.629365 -11.381133 -0.32075 0.631667 0.705779
97.095 2 NPS_WIND 0. 0. 0.
97.118 2 DL_VALUE 9 2.
97.119 2 DESIRED 0.61 0.06 4.2 5. 1200. 300. -0.4 15.
97.120 2 ATTITUDE 0.59344 -2.785359 -0.055878
97.120 2 NAVIGATION 36 7 103.1 1254. 182.6 1258.2 88 81 11 0 0 0
97.187 2 NPS_RATE_ATTITUDE 1.072957 13.0567 18.109918 35.080798 -3.098365 -158.438412
97.187 2 NPS_POS_LLH 0.758756 0.75875 0.755402 0.022233 0.022233 358.349203 10382.350318 119.290527 304.290527
97.187 2 NPS_SPEED_POS -0.070844 0.095198 0.160269 -14.545957 -5.791956 1.328793 1254.931735 76.644804 -123.344261
97.187 2 NPS_GYRO_BIAS -2e-06 2.1e-05 -2.8e-05
97.187 2 NPS_SENSORS_SCALED -0.518301 -0.703408 -11.381133 -0.316571 0.641164 0.69907
97.187 2 NPS_WIND 0. 0. 0.
97.200 2 IMU_ACCEL -0.517578 -0.628906 -11.418945
97.200 2 ATTITUDE 0.593403 -2.746819 -0.055088
97.241 2 GPS 3 36038776 481484610 -1601 304397 1565 -132 1794 87958 31 0
97.287 2 NPS_RATE_ATTITUDE 1.056663 12.263503 18.051256 35.065947 -3.095536 -155.857092
97.287 2 NPS_POS_LLH 0.758755 0.75875 0.755402 0.022232 0.022232 358.193639 10382.194764 119.140602 304.140602
97.288 2 NPS_SPEED_POS -0.029619 -0.070342 -0.059977 -14.275886 -6.441901 1.331296 1253.250176 75.931075 -123.189036
97.288 2 NPS_GYRO_BIAS -6e-06 2.9e-05 -3.5e-05
97.288 2 NPS_SENSORS_SCALED -0.481279 -0.666387 -11.419453 -0.310718 0.654215 0.689539
97.288 2 NPS_WIND 0. 0. 0.
97.321 2 COMMANDS 4876,129,2243,0
97.321 2 IMU_GYRO 0.018066 0.21582 0.312744
97.322 2 WP_MOVED 1 360284. 4813592. 260.029999 31
97.323 2 DESIRED 0.61 0.06 4.2 5. 1194. 300. -0.3 15.
97.323 2 ATTITUDE 0.593342 -2.708544 -0.054331
97.388 2 NPS_RATE_ATTITUDE 1.047052 12.214941 18.075268 35.054855 -3.127239 -154.037851
97.388 2 NPS_POS_LLH 0.758755 0.75875 0.755402 0.022232 0.022232 358.082322 10382.083453 119.033245 304.033246
97.389 2 NPS_SPEED_POS -0.046265 -0.04357 -0.031517 -14.066459 -6.896759 1.335176 1252.069154 75.375234 -123.077958
97.389 2 NPS_GYRO_BIAS 1e-06 2.4e-05 -3.6e-05
97.389 2 NPS_SENSORS_SCALED -0.629365 -0.703408 -11.457773 -0.3056 0.663361 0.683058
97.389 2 NPS_WIND 0. 0. 0.
97.403 2 NAVIGATION 36 7 101.9 1251. 179.4 1255.1 88 81 11 0 0 0
97.403 2 SEGMENT 5. 1300. 5. 1100.
97.403 2 ESTIMATOR 304.113647 -1.33
97.404 2 ATTITUDE 0.593307 -2.670451 -0.054081
