87.328 2 NPS_RATE_ATTITUDE 0.090002 -0.034127 -0.130175 -0.014646 6.32473 -1.004619
87.328 2 NPS_POS_LLH 0.758752 0.758746 0.755399 0.022211 0.022211 369.467523 10393.468773 130.489302 315.489303
87.328 2 NPS_SPEED_POS 0.12906 0.002964 -0.028643 18.91092 -0.318413 -2.299515 1230.92124 -21.421878 -134.467692
87.328 2 NPS_GYRO_BIAS 1.6e-05 1.4e-05 9e-06
87.328 2 NPS_SENSORS_SCALED 1.221709 0.037021 -9.695039 0.28209 0.027067 0.95901
87.328 2 NPS_WIND 0. 0. 0.
87.390 2 NAVIGATION 36 7 4.1 1228. 72. 1228. 76 70 0 0 0 0
87.390 2 FBW_STATUS 0 40 1 12.5 16.063164
87.390 2 ESTIMATOR 315.661377 2.3
87.390 2 DESIRED 0.04 0.2 0. 5. 1284. 500. 4. 15.
87.390 2 ATTITUDE 0.002814 -0.018686 0.130634
87.428 2 NPS_RATE_ATTITUDE 0.127719 -0.006152 -0.126402 -0.008858 6.323061 -1.015322
87.429 2 NPS_POS_LLH 0.758752 0.758747 0.755399 0.022211 0.022211 369.659514 10393.660756 130.676007 315.676007
87.430 2 NPS_SPEED_POS 0.127699 0.001599 -0.021668 18.921628 -0.321759 -2.300993 1232.497598 -21.448552 -134.659379
87.430 2 NPS_GYRO_BIAS 1.3e-05 1.1e-05 8e-06
87.430 2 NPS_SENSORS_SCALED 1.25873 0.037021 -9.695039 0.282113 0.027236 0.958998
87.430 2 NPS_WIND 0. 0. 0.
87.471 2 COMMANDS 8448,272,1391,0
87.512 2 GPS_SOL 650 100 650 11
87.513 2 GPS 3 36028875 481482402 -9 315619 1892 230 1794 76758 31 0
87.514 2 ATTITUDE 0.003108 -0.018759 0.130791
87.530 2 NPS_RATE_ATTITUDE 0.128875 -0.011711 -0.111183 0.005385 6.320174 -1.029475
87.530 2 NPS_POS_LLH 0.758752 0.758747 0.755399 0.022211 0.022211 369.928527 10393.929756 130.937613 315.937614
87.530 2 NPS_SPEED_POS 0.124584 -0.001863 -0.020954 18.936307 -0.326363 -2.303216 1234.705981 -21.486361 -134.927963
87.530 2 NPS_GYRO_BIAS 1.4e-05 1.5e-05 1.6e-05
87.530 2 NPS_SENSORS_SCALED 1.184687 0. -9.77168 0.282155 0.02757 0.958977
87.531 2 NPS_WIND 0. 0. 0.
87.594 2 IMU_GYRO 0.003174 0.000977 -0.000977
87.595 2 DESIRED 0.04 0.2 0. 5. 1284. 500. 4. 15.
87.595 2 ATTITUDE 0.003447 -0.018787 0.130959
87.631 2 NPS_RATE_ATTITUDE 0.102201 -0.00355 -0.102721 0.014286 6.320046 -1.038471
87.631 2 NPS_POS_LLH 0.758753 0.758747 0.7554 0.022211 0.022211 370.120835 10394.122055 131.124627 316.124628
87.631 2 NPS_SPEED_POS 0.122325 -0.003061 -0.023946 18.946564 -0.329512 -2.304901 1236.284435 -21.51369 -135.119965
87.632 2 NPS_GYRO_BIAS 1.5e-05 1.5e-05 1.6e-05
87.632 2 NPS_SENSORS_SCALED 1.221709 -0.037021 -9.77168 0.282153 0.027779 0.958971
87.632 2 NPS_WIND 0. 0. 0.
87.636 2 NAVIGATION 36 7 4.1 1236. 136. 1236. 77 70 0 0 0 0
87.677 2 ATTITUDE -0.038947 -0.010706 0.037548
87.732 2 NPS_RATE_ATTITUDE -76.253972 -33.426582 21.64658 -4.845333 -1.285526 0.213396
87.733 2 NPS_POS_LLH 0.758753 0.758747 0.7554 0.022211 0.022211 370.384417 10394.385624 131.380267 316.380267
87.734 2 NPS_SPEED_POS 0.846892 -4.436849 8.595493 19.014529 -0.29305 -1.289818 1238.652589 -21.554409 -135.383086
87.734 2 NPS_GYRO_BIAS 1.3e-05 1.5e-05 1.7e-05
87.734 2 NPS_SENSORS_SCALED 1.851074 0.629365 9.77168 0.407103 -0.058101 0.911536
87.734 2 NPS_WIND 0. 0. 0.
87.758 2 GPS 3 36028877 481482781 -9 316068 1894 230 1794 76958 31 0
87.799 2 COMMANDS 3212,-3180,-538,0
87.799 2 IMU_MAG 0. 0. 0.
87.800 2 WP_MOVED 4 360220.5 4813715. 260.029999 31
87.800 2 DESIRED -0.61 -0.04 3.1 5. 1176. 300. -1.2 15.
87.800 2 ATTITUDE -0.167275 0.026466 -0.010818
87.832 2 NPS_RATE_ATTITUDE -72.56066 -8.126697 12.881309 -11.257716 -1.902323 1.871373
87.832 2 NPS_POS_LLH 0.758753 0.758748 0.7554 0.022211 0.022211 370.437645 10394.438843 131.428167 316.428167
87.832 2 NPS_SPEED_POS 0.673348 -2.33201 5.57301 19.104017 -0.154298 -0.152207 1240.241414 -21.572975 -135.436005
87.832 2 NPS_GYRO_BIAS 1.1e-05 1.6e-05 2.3e-05
87.832 2 NPS_SENSORS_SCALED 0.74043 1.74001 -1.111289 0.417301 -0.169649 0.892797
87.832 2 NPS_WIND 0. 0. 0.
87.881 2 NAVIGATION 36 7 4.2 1239.5 139.5 1239.5 77 70 0 0 0 0
87.882 2 ESTIMATOR 316.538116 0.48
87.882 2 ATTITUDE -0.281763 0.045892 -0.027804
87.899 2 LINK_REPORT 2 -1 105 0 105478 4064 0 1069. 42. 31 28.
87.934 2 NPS_RATE_ATTITUDE 40.330975 -13.606677 -10.029347 -16.844383 -3.397285 2.727436
87.934 2 NPS_POS_LLH 0.758754 0.758748 0.7554 0.022211 0.022211 370.407424 10394.40861 131.390458 316.390458
87.935 2 NPS_SPEED_POS 0.731022 2.636898 1.315792 19.179332 0.000347 0.645922 1242.47478 -21.581577 -135.405348
87.935 2 NPS_GYRO_BIAS 1.5e-05 1.6e-05 1.7e-05
87.935 2 NPS_SENSORS_SCALED 0.407236 2.073203 -3.333867 0.440942 -0.258046 0.859646
87.935 2 NPS_WIND 0. 0. 0.
88.004 2 GPS 3 36028885 481483543 1 316348 1920 -91 1794 77358 31 0
88.005 2 DESIRED 0.61 -0.04 3.1 5. 1180. 300. -1.2 15.
88.005 2 ATTITUDE -0.194424 0.030953 -0.057413
88.034 2 NPS_RATE_ATTITUDE 108.603679 -18.232351 -24.457869 -10.110301 -5.012878 1.610689
88.035 2 NPS_POS_LLH 0.758754 0.758748 0.755401 0.022211 0.022211 370.334638 10394.335815 131.312306 316.312306
88.035 2 NPS_SPEED_POS 1.014197 6.343856 -1.179172 19.229955 0.055096 1.099768 1244.075117 -21.578852 -135.33225
88.035 2 NPS_GYRO_BIAS 2.3e-05 1.5e-05 2.1e-05
88.035 2 NPS_SENSORS_SCALED 0.333193 1.036602 -4.330195 0.465957 -0.145794 0.872718
88.035 2 NPS_WIND 0. 0. 0.
88.086 2 NAVIGATION 36 7 4.2 1243.5 139.5 1239.5 77 70 0 0 0 0
88.086 2 IMU_ACCEL 0.110352 -0.295898 -4.291016
88.086 2 ATTITUDE -0.002724 -0.009349 -0.09037
88.127 2 NAVIGATION 36 7 4.2 1243.5 143.5 1243.5 77 70 0 0 0 0
88.134 2 NPS_RATE_ATTITUDE 96.939392 -7.645035 -19.49587 3.797591 -7.141264 -1.34802
88.135 2 NPS_POS_LLH 0.758754 0.758749 0.755401 0.022211 0.022211 370.154367 10394.15553 131.123957 316.123958
88.135 2 NPS_SPEED_POS 0.666718 4.878706 2.461997 19.310736 0.014846 1.793717 1246.48423 -21.572788 -135.151508
88.135 2 NPS_GYRO_BIAS 2.2e-05 9e-06 2.2e-05
88.135 2 NPS_SENSORS_SCALED -0.074043 -1.184687 -4.330195 0.497487 0.086981 0.863104
88.135 2 NPS_WIND 0. 0. 0.
88.207 2 AIRSPEED 16.6 0. 0. 0.
88.208 2 IMU_GYRO 1.441895 0.078613 -0.199951
88.209 2 DESIRED 0.61 -0.04 3.1 5. 1184. 300. -1.2 15.
88.209 2 ATTITUDE 0.163615 -0.040637 -0.097443
88.235 2 NPS_RATE_ATTITUDE 73.347263 5.523817 -5.642096 11.111106 -6.9088 -2.44721
88.235 2 NPS_POS_LLH 0.758755 0.758749 0.755401 0.022211 0.022211 369.990292 10393.991446 130.954482 315.954483
88.267 2 NPS_SPEED_POS 0.410381 0.799091 2.877623 19.347277 -0.055966 2.095101 1248.094874 -21.574776 -134.987117
88.268 2 NPS_GYRO_BIAS 2.2e-05 1e-05 1.7e-05
88.268 2 NPS_SENSORS_SCALED -0.407236 -1.962139 -7.893984 0.493331 0.203806 0.845633
88.268 2 NPS_WIND 0. 0. 0.
88.269 2 GPS 3 36028894 481483928 0 316042 1932 -198 1794 77558 31 0
88.291 2 CALIBRATION -95.7 0
88.291 2 SEGMENT 5. 1300. 5. 1100.
88.292 2 WP_MOVED 5 360272.5 4813571. 260.029999 31
88.292 2 ATTITUDE 0.279506 -0.041571 -0.087749
88.330 2 PONG 
88.336 2 NPS_RATE_ATTITUDE 50.443147 6.823458 12.263185 18.208387 -6.436672 -1.902512
88.336 2 NPS_POS_LLH 0.758755 0.758749 0.755402 0.022211 0.022211 369.741231 10393.742372 130.69784 315.697841
88.336 2 NPS_SPEED_POS 0.554411 -3.219371 0.132152 19.414775 -0.008444 2.149118 1250.355947 -21.580736 -134.737612
88.336 2 NPS_GYRO_BIAS 2.2e-05 1.7e-05 1.7e-05
88.336 2 NPS_SENSORS_SCALED -0.592344 -1.702988 -9.963281 0.486486 0.304495 0.818915
88.336 2 NPS_WIND 0. 0. 0.
88.372 2 NAVIGATION 36 7 4.3 1247.5 147.5 1247.5 77 71 1 0 0 0
88.413 2 ENERGY 40 12.5 5.64742 70.592751 0.310661 3.883271
88.413 2 ESTIMATOR 315.854858 -2.12
88.414 2 DESIRED 0.61 -0.02 3.1 5. 1188. 300. -1.2 15.
88.414 2 ATTITUDE 0.364821 -0.016675 -0.082833
88.436 2 NPS_RATE_ATTITUDE 42.153958 9.705793 16.924631 21.911917 -6.225225 -0.483686
88.436 2 NPS_POS_LLH 0.758755 0.75875 0.755402 0.022211 0.022211 369.564078 10393.565211 130.515257 315.515257
88.437 2 NPS_SPEED_POS 0.594174 -3.32068 -0.230011 19.465263 0.187536 2.101059 1251.975947 -21.574317 -134.560141
88.437 2 NPS_GYRO_BIAS 1.8e-05 2.1e-05 1.9e-05
88.437 2 NPS_SENSORS_SCALED -0.592344 -0.925537 -11.227852 0.483964 0.348529 0.802692
88.437 2 NPS_WIND 0. 0. 0.
88.484 2 WIND_INFO 2 5 0.1 1.3 0. 16.6
88.495 2 GPS 3 36028901 481484316 2 315606 1944 -212 1794 77758 31 0
88.495 2 ATTITUDE 0.434105 0.016936 -0.078204
88.537 2 NPS_RATE_ATTITUDE 32.69039 9.968675 13.46413 26.392536 -5.921487 1.84782
88.537 2 NPS_POS_LLH 0.758756 0.75875 0.755402 0.022211 0.022211 369.310018 10393.311137 130.253025 315.253025
88.537 2 NPS_SPEED_POS 0.450267 -0.552537 -0.079543 19.527636 0.726237 1.96993 1254.413363 -21.5196 -134.305601
88.538 2 NPS_GYRO_BIAS 1.9e-05 2.2e-05 1.6e-05
88.538 2 NPS_SENSORS_SCALED -0.629365 -0.25915 -11.840977 0.479965 0.397184 0.782232
88.538 2 NPS_WIND 0. 0. 0.
88.577 2 FBW_STATUS 0 40 1 12.5 5.775361
88.577 2 DL_VALUE 3 1.
88.578 2 DESIRED 0.61 0. 3.1 5. 1188. 300. -1.2 15.
88.578 2 ATTITUDE 0.490409 0.046294 -0.072907
88.618 2 NAVIGATION 36 7 4.6 1255. 155. 1255. 78 71 1 0 0 0
88.637 2 NPS_RATE_ATTITUDE 25.069654 9.78927 10.055571 28.713063 -5.641826 3.110079
88.637 2 NPS_POS_LLH 0.758756 0.75875 0.755403 0.022211 0.022211 369.149614 10393.150724 130.087162 315.087163
88.638 2 NPS_SPEED_POS 0.197325 0.875745 0.343426 19.54356 1.172389 1.889345 1256.041502 -21.440726 -134.144877
88.638 2 NPS_GYRO_BIAS 2.1e-05 2e-05 1.3e-05
88.638 2 NPS_SENSORS_SCALED -0.629365 -0.296172 -11.955938 0.475761 0.42217 0.771642
88.638 2 NPS_WIND 0. 0. 0.
88.699 2 STATE_FILTER_STATUS 4 3 0
88.699 2 ATTITUDE 0.530245 0.07078 -0.064848
88.766 2 NPS_RATE_ATTITUDE 17.078677 10.208551 8.894823 30.392805 -5.223399 4.244768
88.766 2 NPS_POS_LLH 0.758756 0.75875 0.755403 0.022212 0.022212 368.995599 10392.9967 129.927688 314.927688
88.766 2 NPS_SPEED_POS -0.026732 1.278716 0.377148 19.533292 1.638926 1.81006 1257.669854 -21.323734 -133.990541
88.766 2 NPS_GYRO_BIAS 2e-05 2.1e-05 1e-05
88.766 2 NPS_SENSORS_SCALED -0.74043 -0.592344 -12.185859 0.46924 0.439747 0.765796
88.766 2 NPS_WIND 0. 0. 0.
88.767 2 GPS 3 36028918 481484705 26 315185 1955 -193 1794 77958 31 0
88.781 2 IMU_GYRO 0.19458 0.164795 0.179688
88.781 2 WP_MOVED 6 360132.40625 4813672.5 260.029999 31
88.782 2 DESIRED 0.61 0.01 3.1 5. 1195. 300. -1.2 15.
88.782 2 ATTITUDE 0.553682 0.094052 -0.058846
88.838 2 NPS_RATE_ATTITUDE 8.596593 9.717439 11.471668 31.743263 -4.866069 5.807995
88.838 2 NPS_POS_LLH 0.758756 0.758751 0.755403 0.022212 0.022212 368.790947 10392.792035 129.715404 314.715405
88.839 2 NPS_SPEED_POS -0.10145 0.301705 0.069924 19.479978 2.279143 1.714323 1259.946044 -21.094808 -133.785439
88.839 2 NPS_GYRO_BIAS 1.7e-05 1.9e-05 1e-05
88.839 2 NPS_SENSORS_SCALED -0.851494 -0.851494 -11.611055 0.46336 0.450247 0.763271
88.839 2 NPS_WIND 0. 0. 0.
88.862 2 NAVIGATION 36 7 4.9 1259. 159. 1259. 78 71 1 0 0 0
88.900 2 LINK_REPORT 2 -1 106 0 106435 4101 0 957. 37. 33 39.95
88.901 2 IMU_ACCEL -1.036133 -0.924805 -11.496094
88.902 2 ESTIMATOR 314.953125 -1.74
88.902 2 ATTITUDE 0.56593 0.120906 -0.05561
88.940 2 NPS_RATE_ATTITUDE 5.680508 11.123018 13.796546 32.221958 -4.711009 7.14596
88.940 2 NPS_POS_LLH 0.758757 0.758751 0.755403 0.022212 0.022212 368.650573 10392.651652 129.569596 314.569597
88.941 2 NPS_SPEED_POS -0.069677 -0.53519 0.053687 19.418062 2.727317 1.663331 1261.566928 -20.886237 -133.644745
88.941 2 NPS_GYRO_BIAS 2.2e-05 1.9e-05 5e-06
88.941 2 NPS_SENSORS_SCALED -0.851494 -0.888516 -11.764336 0.460421 0.449668 0.765388
88.941 2 NPS_WIND 0. 0. 0.
88.983 2 GPS 3 36029014 481485482 90 314456 1960 -161 1794 78358 31 0
88.984 2 DESIRED 0.61 0.02 3.1 5. 1199. 300. -1.1 15.
88.984 2 ATTITUDE 0.57352 0.152492 -0.053424
89.041 2 NPS_RATE_ATTITUDE 4.606528 10.515473 15.067385 32.661997 -4.565008 9.412489
89.041 2 NPS_POS_LLH 0.758757 0.758751 0.755404 0.022212 0.022212 368.44831 10392.449375 129.35922 314.35922
89.041 2 NPS_SPEED_POS -0.095639 -0.50379 -0.323505 19.291269 3.427683 1.583018 1263.986689 -20.501839 -133.442003
89.042 2 NPS_GYRO_BIAS 2.4e-05 2.3e-05 3e-06
89.042 2 NPS_SENSORS_SCALED -1.036602 -0.629365 -11.764336 0.456766 0.443391 0.771218
89.042 2 NPS_WIND 0. 0. 0.
89.106 2 IMU_MAG 0. 0. 0.
89.106 2 NAVIGATION 36 7 5.5 1262.5 159. 1259. 78 71 1 0 0 0
89.107 2 ATTITUDE 0.580282 0.18469 -0.052618
89.141 2 NPS_RATE_ATTITUDE 4.449915 10.664016 14.61655 32.894267 -4.500664 10.789027
89.141 2 NPS_POS_LLH 0.758757 0.758752 0.755404 0.022212 0.022212 368.331348 10392.332405 129.237419 314.237419
89.141 2 NPS_SPEED_POS -0.180023 -0.286845 -0.154926 19.195575 3.858401 1.544353 1265.430037 -20.228654 -133.324756
89.142 2 NPS_GYRO_BIAS 2.3e-05 2.2e-05 4e-06
89.142 2 NPS_SENSORS_SCALED -1.036602 -0.629365 -11.726016 0.454628 0.439093 0.774931
89.142 2 NPS_WIND 0. 0. 0.
89.147 2 NAVIGATION 36 7 5.5 1262.5 162.5 1262.5 78 71 1 0 0 0
89.188 2 AIRSPEED 16.6 0. 0. 0.
89.189 2 DESIRED 0.61 0.02 3.2 5. 1202. 300. -1.1 15.
89.189 2 ATTITUDE 0.58654 0.216413 -0.050808
89.230 2 GPS 3 36029095 481485866 125 314131 1956 -150 1794 78558 31 0
89.266 2 NPS_RATE_ATTITUDE 3.524825 10.336891 13.42077 33.236389 -4.312507 13.009262
89.266 2 NPS_POS_LLH 0.758758 0.758752 0.755404 0.022212 0.022212 368.142556 10392.1436 129.040621 314.040621
89.267 2 NPS_SPEED_POS -0.37233 0.180016 -0.057605 19.003048 4.585855 1.482349 1267.81787 -19.700975 -133.13549
89.267 2 NPS_GYRO_BIAS 2.4e-05 2.1e-05 -2e-06
89.267 2 NPS_SENSORS_SCALED -1.110645 -0.629365 -11.764336 0.449404 0.432231 0.781806
89.267 2 NPS_WIND 0. 0. 0.
89.310 2 WP_MOVED 7 360464.09375 4813807. 260.029999 31
89.311 2 ATTITUDE 0.591228 0.246209 -0.049185
89.342 2 NPS_RATE_ATTITUDE 2.556724 10.139893 13.249797 33.390199 -4.211287 14.405666
89.342 2 NPS_POS_LLH 0.758758 0.758752 0.755405 0.022212 0.022212 368.020845 10392.02188 128.913621 313.913621
89.342 2 NPS_SPEED_POS -0.426317 0.136685 0.035677 18.854266 5.062027 1.448087 1269.39536 -19.29888 -133.013466
89.342 2 NPS_GYRO_BIAS 2.4e-05 1.9e-05 -1e-06
89.343 2 NPS_SENSORS_SCALED -1.073623 -0.555322 -11.649375 0.446089 0.427097 0.786512
89.343 2 NPS_WIND 0. 0. 0.
89.392 2 NAVIGATION 36 7 6.3 1266.5 166.5 1266.5 78 72 2 0 0 0
89.393 2 FBW_STATUS 0 40 1 12.5 6.148211
89.393 2 IMU_GYRO 0.033936 0.17749 0.235107
89.393 2 ESTIMATOR 313.904907 -1.42
89.394 2 DESIRED 0.61 0.02 3.2 5. 1206. 300. -1.1 15.
89.395 2 ATTITUDE 0.593894 0.275686 -0.048032
89.443 2 NPS_RATE_ATTITUDE 1.470941 10.553649 13.726754 33.485352 -4.055388 16.527809
89.444 2 NPS_POS_LLH 0.758758 0.758753 0.755405 0.022212 0.022212 367.842848 10391.84387 128.727773 313.727774
89.445 2 NPS_SPEED_POS -0.426253 -0.109468 0.031246 18.603993 5.7555 1.406885 1271.736847 -18.622631 -132.835004
89.445 2 NPS_GYRO_BIAS 1.8e-05 2.3e-05 -1e-06
89.445 2 NPS_SENSORS_SCALED -1.036602 -0.703408 -11.726016 0.440585 0.417517 0.794715
89.445 2 NPS_WIND 0. 0. 0.
89.473 2 GPS_SOL 650 100 650 11
89.473 2 SEGMENT 5. 1300. 5. 1100.
89.474 2 ENERGY 42 12.5 6.195456 77.443192 0.312501 3.906263
89.475 2 GPS 3 36029200 481486242 160 313826 1950 -142 1794 78758 31 0
89.476 2 ATTITUDE 0.595114 0.306034 -0.04674
89.544 2 NPS_RATE_ATTITUDE 1.217867 10.027864 14.120571 33.494595 -3.992276 17.823115
89.544 2 NPS_POS_LLH 0.758758 0.758753 0.755405 0.022212 0.022212 367.738645 10391.739659 128.618913 313.618913
89.544 2 NPS_SPEED_POS -0.42547 -0.168132 -0.118272 18.438246 6.166098 1.380324 1273.125997 -18.17552 -132.730524
89.544 2 NPS_GYRO_BIAS 2e-05 2.2e-05 -4e-06
89.544 2 NPS_SENSORS_SCALED -1.295752 -0.592344 -11.572734 0.43747 0.410919 0.799858
89.545 2 NPS_WIND 0. 0. 0.
89.594 2 DESIRED 0.61 0.02 3.2 5. 1206. 300. -1.1 15.
89.595 2 ATTITUDE 0.595897 0.33676 -0.046672
89.635 2 NAVIGATION 36 7 8.7 1274. 174. 1274. 79 72 2 0 0 0
89.645 2 NPS_RATE_ATTITUDE 1.267804 10.999449 14.39695 33.494568 -3.918744 20.020622
89.645 2 NPS_POS_LLH 0.758759 0.758753 0.755406 0.022212 0.022212 367.568715 10391.569716 128.441317 313.441317
89.645 2 NPS_SPEED_POS -0.401132 -0.453274 0.199615 18.138135 6.836332 1.347395 1275.412349 -17.362728 -132.560139
89.645 2 NPS_GYRO_BIAS 1.8e-05 2.2e-05 2e-06
89.646 2 NPS_SENSORS_SCALED -1.221709 -0.592344 -11.457773 0.432271 0.399477 0.808435
89.646 2 NPS_WIND 0. 0. 0.
89.675 2 DATALINK_REPORT 1 33 0 1010 0 0
89.676 2 IMU_ACCEL -1.22168 -0.591797 -11.763672
89.676 2 ATTITUDE 0.596764 0.368378 -0.045725
89.766 2 NPS_RATE_ATTITUDE 1.311731 10.440472 14.207708 33.500751 -3.794036 21.536348
89.766 2 NPS_POS_LLH 0.758759 0.758753 0.755406 0.022212 0.022212 367.457899 10391.458891 128.325463 313.325463
89.766 2 NPS_SPEED_POS -0.499278 -0.149214 -0.131264 17.918647 7.284619 1.316264 1276.914831 -16.774409 -132.449023
89.766 2 NPS_GYRO_BIAS 1.8e-05 2.4e-05 2e-06
89.766 2 NPS_SENSORS_SCALED -1.221709 -0.518301 -11.687695 0.427211 0.392066 0.814729
89.767 2 NPS_WIND 0. 0. 0.
89.767 2 GPS 3 36029326 481486610 194 313535 1941 -136 1794 78958 31 0
89.798 2 ALIVE 84,160,18,137,67,90,20,217,119,254,202,219,218,115,193,250
89.799 2 WP_MOVED 8 360484. 4813582. 215.029999 31
89.799 2 DESIRED 0.61 0.02 3.2 5. 1214. 300. -1. 15.
89.800 2 ATTITUDE 0.597763 0.399432 -0.045262
89.847 2 NPS_RATE_ATTITUDE 1.207045 10.299367 14.123518 33.515929 -3.711051 23.577076
89.847 2 NPS_POS_LLH 0.758759 0.758754 0.755406 0.022213 0.022213 367.307098 10391.308079 128.167716 313.167717
89.847 2 NPS_SPEED_POS -0.516002 -0.210075 -0.002324 17.589962 7.898433 1.279184 1278.986376 -15.888488 -132.297808
89.847 2 NPS_GYRO_BIAS 2e-05 2.2e-05 1e-06
89.847 2 NPS_SENSORS_SCALED -1.184687 -0.555322 -11.572734 0.421319 0.381956 0.822562
89.847 2 NPS_WIND 0. 0. 0.
89.879 2 NAVIGATION 36 7 10.1 1278. 178.1 1278. 79 72 2 0 0 0
89.879 2 ESTIMATOR 313.315125 -1.29
89.880 2 ATTITUDE 0.598569 0.430093 -0.045026
89.902 2 LINK_REPORT 2 -1 107 0 107501 4142 0 1066. 41. 33 39.95
89.948 2 NPS_RATE_ATTITUDE 1.078782 10.802917 14.107626 33.517851 -3.630712 25.044435
89.948 2 NPS_POS_LLH 0.75876 0.758754 0.755406 0.022213 0.022213 367.201661 10391.202634 128.0574 313.0574
89.949 2 NPS_SPEED_POS -0.511063 -0.286381 0.104368 17.341059 8.325079 1.257939 1280.441925 -15.212464 -132.192081
89.949 2 NPS_GYRO_BIAS 2.1e-05 2.4e-05 -5e-06
89.949 2 NPS_SENSORS_SCALED -1.184687 -0.629365 -11.572734 0.416473 0.374735 0.82833
89.949 2 NPS_WIND 0. 0. 0.
90.001 2 IMU_GYRO 0.019043 0.179688 0.246826
90.002 2 GPS 3 36029642 481487314 265 312992 1920 -123 1794 79358 31 0
90.003 2 DESIRED 0.61 0.03 3.2 5. 1218. 300. -1. 15.
90.003 2 ATTITUDE 0.599118 0.461134 -0.044281
90.049 2 NPS_RATE_ATTITUDE 0.91591 10.125709 14.251472 33.505251 -3.53301 27.23566
90.050 2 NPS_POS_LLH 0.75876 0.758754 0.755407 0.022213 0.022213 367.047148 10391.048109 127.895701 312.895701
90.050 2 NPS_SPEED_POS -0.534587 -0.270075 -0.036406 16.944927 8.952239 1.22328 1282.58504 -14.132363 -132.037138
90.050 2 NPS_GYRO_BIAS 1.9e-05 2.5e-05 -3e-06
90.050 2 NPS_SENSORS_SCALED -1.25873 -0.555322 -11.496094 0.409148 0.363791 0.836816
90.050 2 NPS_WIND 0. 0. 0.
90.082 2 DL_VALUE 4 300.029999
90.083 2 NAVIGATION 36 7 11.8 1281.5 178.1 1278. 79 72 2 0 0 0
90.084 2 ATTITUDE 0.599423 0.491836 -0.04436
90.123 2 NAVIGATION 36 7 11.8 1281.5 181.6 1281.6 79 72 2 0 0 0
90.150 2 NPS_RATE_ATTITUDE 0.888947 10.188381 14.363054 33.490526 -3.483563 28.700705
90.151 2 NPS_POS_LLH 0.75876 0.758755 0.755407 0.022213 0.022213 366.946215 10390.947168 127.790072 312.790072
90.151 2 NPS_SPEED_POS -0.520506 -0.344677 0.00764 16.66808 9.357111 1.206151 1283.985656 -13.369415 -131.935925
90.151 2 NPS_GYRO_BIAS 1.9e-05 2e-05 -1e-06
90.151 2 NPS_SENSORS_SCALED -1.295752 -0.555322 -11.381133 0.40421 0.356427 0.842367
90.151 2 NPS_WIND 0. 0. 0.
90.205 2 AIRSPEED 16.6 0. 0. 0.
90.206 2 DESIRED 0.61 0.03 3.3 5. 1222. 300. -1. 15.
90.206 2 ATTITUDE 0.599674 0.523132 -0.044154
90.269 2 NPS_RATE_ATTITUDE 0.895302 10.179542 14.399873 33.470013 -3.385447 30.78055
90.270 2 NPS_POS_LLH 0.75876 0.758755 0.755407 0.022213 0.022213 366.807399 10390.808341 127.644815 312.644816
90.270 2 NPS_SPEED_POS -0.542272 -0.31535 -0.060673 16.260287 9.913288 1.178621 1285.906709 -12.245219 -131.796724
90.270 2 NPS_GYRO_BIAS 1.4e-05 2.4e-05 -7e-06
90.270 2 NPS_SENSORS_SCALED -1.25873 -0.481279 -11.496094 0.396369 0.346244 0.850303
90.270 2 NPS_WIND 0. 0. 0.
90.270 2 GPS 3 36029830 481487648 300 312737 1908 -119 1794 79558 31 0
90.286 2 WP_MOVED 9 360364. 4813612. 185.029999 31
90.286 2 ATTITUDE 0.599908 0.554211 -0.044201
90.352 2 NPS_RATE_ATTITUDE 0.901494 10.226841 14.439255 33.458477 -3.340619 32.253126
90.352 2 NPS_POS_LLH 0.758761 0.758755 0.755407 0.022214 0.022214 366.710189 10390.711123 127.543103 312.543104
90.352 2 NPS_SPEED_POS -0.525667 -0.365217 -0.003306 15.956686 10.299491 1.161644 1287.249148 -11.402946 -131.699243
90.352 2 NPS_GYRO_BIAS 1.1e-05 2.5e-05 -1e-05
90.352 2 NPS_SENSORS_SCALED -1.184687 -0.555322 -11.496094 0.390931 0.339102 0.855681
90.352 2 NPS_WIND 0. 0. 0.
90.368 2 NAVIGATION 36 7 13.7 1284.5 184.7 1284.6 79 73 3 0 0 0
90.408 2 CALIBRATION -150. 0
90.409 2 IMU_MAG 0. 0. 0.
90.409 2 ESTIMATOR 312.535065 -1.15
90.410 2 DESIRED 0.61 0.03 3.3 5. 1224. 300. -1. 15.
90.411 2 ATTITUDE 0.600156 0.585277 -0.044426
90.452 2 NPS_RATE_ATTITUDE 0.884715 10.403823 14.433994 33.442095 -3.244458 34.484275
90.453 2 NPS_POS_LLH 0.758761 0.758755 0.755408 0.022214 0.022214 366.566796 10390.56772 127.393122 312.393123
90.453 2 NPS_SPEED_POS -0.539154 -0.369651 -0.005732 15.481855 10.8624 1.13744 1289.21433 -10.080181 -131.555455
90.453 2 NPS_GYRO_BIAS 1.3e-05 2.4e-05 -1.4e-05
90.453 2 NPS_SENSORS_SCALED -1.221709 -0.703408 -11.534414 0.381822 0.328602 0.863852
90.453 2 NPS_WIND 0. 0. 0.
90.490 2 NAVIGATION_REF 360284 4813592 31 185.029999
90.491 2 IMU_ACCEL -1.147461 -0.554688 -11.53418
90.491 2 GPS 3 36030038 481487967 335 312492 1896 -115 1794 79758 31 0
90.492 2 ATTITUDE 0.600318 0.616621 -0.044111
90.554 2 NPS_RATE_ATTITUDE 0.85885 10.150488 14.487393 33.431846 -3.198211 35.960509
90.554 2 NPS_POS_LLH 0.758761 0.758756 0.755408 0.022214 0.022214 366.47302 10390.473936 127.295066 312.295066
90.554 2 NPS_SPEED_POS -0.536349 -0.38461 -0.021748 15.152475 11.227158 1.120355 1290.490814 -9.159696 -131.461422
90.555 2 NPS_GYRO_BIAS 1.2e-05 2.5e-05 -1.3e-05
90.555 2 NPS_SENSORS_SCALED -1.184687 -0.629365 -11.496094 0.375792 0.321738 0.869064
90.555 2 NPS_WIND 0. 0. 0.
90.573 2 FBW_STATUS 0 40 1 12.5 6.421578
90.613 2 ENERGY 43 12.5 6.421578 80.26973 0.314444 3.930554
90.613 2 IMU_GYRO 0.015869 0.179688 0.252197
90.614 2 DESIRED 0.61 0.03 3.3 5. 1224. 300. -1. 15.
90.615 2 ATTITUDE 0.600471 0.647709 -0.044385
90.615 2 NAVIGATION 36 7 18. 1290.5 190.9 1290.6 80 73 3 0 0 0
90.654 2 NPS_RATE_ATTITUDE 0.842544 11.314945 14.558162 33.416124 -3.128581 38.04065
90.654 2 NPS_POS_LLH 0.758761 0.758756 0.755408 0.022214 0.022214 366.34372 10390.344626 127.159931 312.159931
90.655 2 NPS_SPEED_POS -0.419178 -0.580344 0.276109 14.677409 11.718692 1.10299 1292.231064 -7.820983 -131.33177
90.655 2 NPS_GYRO_BIAS 1.3e-05 2.6e-05 -1.1e-05
90.655 2 NPS_SENSORS_SCALED -1.295752 -0.592344 -11.534414 0.36686 0.31226 0.876308
90.655 2 NPS_WIND 0. 0. 0.
90.695 2 SEGMENT 5. 1300. 5. 1100.
90.695 2 ATTITUDE 0.600542 0.67936 -0.044017
90.736 2 GPS 3 36030262 481488270 371 312256 1883 -111 1794 79958 31 0
90.772 2 NPS_RATE_ATTITUDE 0.821314 10.285562 14.560268 33.404532 -3.039866 39.553373
90.773 2 NPS_POS_LLH 0.758762 0.758756 0.755408 0.022215 0.022215 366.252896 10390.253796 127.065056 312.065056
90.774 2 NPS_SPEED_POS -0.551481 -0.394084 -0.074158 14.323516 12.063277 1.081837 1293.439513 -6.830017 -131.240702
90.776 2 NPS_GYRO_BIAS 1.6e-05 2.4e-05 -8e-06
90.777 2 NPS_SENSORS_SCALED -1.184687 -0.629365 -11.649375 0.359499 0.305647 0.881673
90.777 2 NPS_WIND 0. 0. 0.
90.783 2 PPRZ_MODE 2 3 3 1 0 21
90.783 2 WP_MOVED 10 360310.90625 4813569. 260.029999 31
90.783 2 DESIRED 0.61 0.03 3.4 5. 1230. 300. -0.9 15.
90.784 2 ATTITUDE 0.600637 0.710838 -0.044059
90.855 2 NPS_RATE_ATTITUDE 0.805897 10.287517 14.653809 33.393862 -2.99838 41.040403
90.855 2 NPS_POS_LLH 0.758762 0.758756 0.755409 0.022215 0.022215 366.163726 10390.164619 126.971933 311.971934
90.855 2 NPS_SPEED_POS -0.503064 -0.461348 -0.007202 13.962321 12.395575 1.065174 1294.618131 -5.810804 -131.151293
90.855 2 NPS_GYRO_BIAS 1.3e-05 2.2e-05 -4e-06
90.856 2 NPS_SENSORS_SCALED -1.184687 -0.703408 -11.534414 0.352772 0.299127 0.886613
90.856 2 NPS_WIND 0. 0. 0.
90.862 2 NAVIGATION 36 7 20.4 1293.5 194.1 1293.7 80 73 3 0 0 0
90.902 2 STATE_FILTER_STATUS 4 3 0
90.903 2 LINK_REPORT 2 -1 108 0 108505 4181 0 1004. 39. 33 39.95
90.903 2 ESTIMATOR 312.063049 -1.07
90.903 2 ATTITUDE 0.600624 0.742307 -0.044422
90.956 2 NPS_RATE_ATTITUDE 0.821269 10.605739 14.71433 33.378625 -2.909551 43.301784
90.956 2 NPS_POS_LLH 0.758762 0.758757 0.755409 0.022215 0.022215 366.032173 10390.033056 126.834645 311.834645
90.957 2 NPS_SPEED_POS -0.479429 -0.497934 0.025616 13.405688 12.873621 1.04416 1296.328863 -4.231283 -131.019393
90.957 2 NPS_GYRO_BIAS 1.2e-05 2e-05 -7e-06
90.957 2 NPS_SENSORS_SCALED -1.221709 -0.666387 -11.457773 0.341743 0.289567 0.894075
90.958 2 NPS_WIND 0. 0. 0.
90.985 2 GPS 3 36030762 481488827 442 311807 1856 -103 1794 80358 31 0
90.986 2 DESIRED 0.61 0.03 3.4 5. 1234. 300. -0.9 15.
90.986 2 ATTITUDE 0.600653 0.77421 -0.044328
91.057 2 NPS_RATE_ATTITUDE 0.829901 10.286393 14.764862 33.371733 -2.861517 44.805627
91.057 2 NPS_POS_LLH 0.758762 0.758757 0.755409 0.022215 0.022215 365.946075 10389.946952 126.744855 311.744855
91.057 2 NPS_SPEED_POS -0.487506 -0.48762 -0.023274 13.023284 13.180824 1.028303 1297.430114 -3.145595 -130.933072
91.057 2 NPS_GYRO_BIAS 1e-05 1.9e-05 -7e-06
91.057 2 NPS_SENSORS_SCALED -1.184687 -0.629365 -11.496094 0.334327 0.2834 0.898842
91.057 2 NPS_WIND 0. 0. 0.
91.106 2 NAVIGATION 36 7 23. 1296.5 194.1 1293.7 80 73 3 0 0 0
91.107 2 ATTITUDE 0.600611 0.805791 -0.044733
91.147 2 NAVIGATION 36 7 23. 1296.5 197.3 1296.7 80 73 3 0 0 0
91.158 2 NPS_RATE_ATTITUDE 0.845672 10.807702 14.835429 33.365187 -2.804731 46.913243
91.158 2 NPS_POS_LLH 0.758763 0.758757 0.755409 0.022216 0.022216 365.827384 10389.828253 126.621176 311.621177
91.158 2 NPS_SPEED_POS -0.398053 -0.585428 0.137991 12.477282 13.590614 1.012545 1298.917775 -1.583701 -130.814079
91.158 2 NPS_GYRO_BIAS 6e-06 1.9e-05 -0.
91.158 2 NPS_SENSORS_SCALED -1.295752 -0.518301 -11.419453 0.323766 0.275019 0.905289
91.158 2 NPS_WIND 0. 0. 0.
91.188 2 AIRSPEED 16.6 0. 0. 0.
91.188 2 IMU_GYRO 0.014893 0.189209 0.258545
91.189 2 DESIRED 0.61 0.03 3.4 5. 1236. 300. -0.9 15.
91.189 2 ATTITUDE 0.600595 0.83777 -0.044919
91.229 2 GPS 3 36031033 481489078 478 311594 1843 -100 1794 80558 31 0
91.272 2 NPS_RATE_ATTITUDE 0.852418 10.413942 14.846764 33.362243 -2.740507 48.437509
91.272 2 NPS_POS_LLH 0.758763 0.758757 0.755409 0.022216 0.022216 365.743765 10389.744628 126.534126 311.534127
91.272 2 NPS_SPEED_POS -0.463465 -0.515153 -0.013429 12.076898 13.872131 0.998726 1299.94093 -0.439358 -130.730251
91.272 2 NPS_GYRO_BIAS 2e-06 2.1e-05 -2e-06
91.273 2 NPS_SENSORS_SCALED -1.184687 -0.555322 -11.457773 0.315524 0.269243 0.909923
91.273 2 NPS_WIND 0. 0. 0.
91.309 2 IMU_ACCEL -1.036133 -0.628906 -11.380859
91.309 2 WP_MOVED 11 360184. 4813592. 260.029999 31
91.309 2 ATTITUDE 0.600556 0.86965 -0.045228
91.359 2 NPS_RATE_ATTITUDE 0.859375 10.364729 14.943334 33.361964 -2.683771 50.70602
91.360 2 NPS_POS_LLH 0.758763 0.758757 0.75541 0.022216 0.022216 365.620359 10389.621214 126.405787 311.405788
91.360 2 NPS_SPEED_POS -0.420042 -0.549989 0.014633 11.4646 14.272571 0.981845 1301.4124 1.319972 -130.606544
91.360 2 NPS_GYRO_BIAS -2e-06 2e-05 -1.1e-05
91.360 2 NPS_SENSORS_SCALED -1.147666 -0.592344 -11.419453 0.303518 0.260893 0.916417
91.360 2 NPS_WIND 0. 0. 0.
91.392 2 NAVIGATION 36 7 25.7 1299. 200.1 1299.3 80 74 4 0 0 0
91.393 2 FBW_STATUS 0 40 1 12.5 6.509535
91.393 2 ESTIMATOR 311.417725 -0.97
91.394 2 DESIRED 0.61 0.03 3.5 5. 1239. 300. -0.9 15.
91.395 2 ATTITUDE 0.600487 0.901507 -0.045688
91.460 2 NPS_RATE_ATTITUDE 0.867042 10.694481 14.978411 33.362762 -2.63108 52.235484
91.460 2 NPS_POS_LLH 0.758763 0.758757 0.75541 0.022217 0.022217 365.539106 10389.539956 126.321389 311.321389
91.461 2 NPS_SPEED_POS -0.389317 -0.576581 0.057639 11.048432 14.525293 0.972136 1302.350504 2.519945 -130.525099
91.461 2 NPS_GYRO_BIAS -1e-06 2.1e-05 -1.1e-05
91.461 2 NPS_SENSORS_SCALED -1.184687 -0.666387 -11.419453 0.294962 0.255529 0.920712
91.461 2 NPS_WIND 0. 0. 0.
91.473 2 GPS_SOL 650 100 650 11
91.474 2 GPS 3 36031319 481489309 515 311388 1829 -97 1794 80758 31 0
91.475 2 ATTITUDE 0.600419 0.933746 -0.045753
91.561 2 NPS_RATE_ATTITUDE 0.877312 10.381321 15.063399 33.367573 -2.57556 54.371355
91.562 2 NPS_POS_LLH 0.758763 0.758758 0.75541 0.022217 0.022217 365.426915 10389.427758 126.204992 311.204993
91.562 2 NPS_SPEED_POS -0.388232 -0.568334 0.004163 10.453911 14.861509 0.956672 1303.604896 4.234415 -130.41265
91.562 2 NPS_GYRO_BIAS -2e-06 2.3e-05 -1e-05
91.562 2 NPS_SENSORS_SCALED -1.110645 -0.592344 -11.342813 0.282999 0.248336 0.926417
91.562 2 NPS_WIND 0. 0. 0.
91.596 2 DL_VALUE 5 0.
91.597 2 DESIRED 0.61 0.03 3.5 5. 1239. 300. -0.9 15.
91.598 2 ATTITUDE 0.60033 0.965805 -0.04628
91.637 2 NAVIGATION 36 7 31.5 1303.5 205.2 1303.9 81 74 4 0 0 0
91.662 2 NPS_RATE_ATTITUDE 0.889151 10.874032 15.126062 33.373008 -2.542956 55.900354
91.662 2 NPS_POS_LLH 0.758763 0.758758 0.75541 0.022217 0.022217 365.347698 10389.348536 126.122914 311.122915
91.663 2 NPS_SPEED_POS -0.291759 -0.653672 0.163945 10.023628 15.086709 0.949349 1304.45816 5.48235 -130.333257
91.663 2 NPS_GYRO_BIAS 1e-06 2.5e-05 -8e-06
91.663 2 NPS_SENSORS_SCALED -1.221709 -0.592344 -11.342813 0.274341 0.243413 0.93032
91.663 2 NPS_WIND 0. 0. 0.
91.678 2 IMU_MAG 0. 0. 0.
91.678 2 ENERGY 44 12.5 6.584346 82.304321 0.316433 3.955416
91.679 2 ATTITUDE 0.600314 0.998361 -0.046232
91.773 2 NPS_RATE_ATTITUDE 0.88398 10.50079 15.133567 33.380655 -2.456763 57.769362
91.773 2 NPS_POS_LLH 0.758764 0.758758 0.75541 0.022218 0.022218 365.253643 10389.254475 126.025587 311.025587
91.773 2 NPS_SPEED_POS -0.39241 -0.561918 -0.042129 9.495858 15.344456 0.933989 1305.43425 7.00401 -130.239001
91.773 2 NPS_GYRO_BIAS 2e-06 2.2e-05 -8e-06
91.773 2 NPS_SENSORS_SCALED -1.147666 -0.555322 -11.457773 0.262795 0.237777 0.935098
91.774 2 NPS_WIND 0. 0. 0.
91.774 2 GPS 3 36031615 481489520 551 311188 1815 -95 1794 80958 31 0
91.799 2 IMU_GYRO 0.015869 0.182861 0.263916
91.800 2 WP_MOVED 12 360184. 4813792. 260.029999 31
91.800 2 DESIRED 0.61 0.03 3.6 5. 1244. 300. -0.8 15.
91.800 2 ATTITUDE 0.600319 1.030771 -0.04645
91.864 2 NPS_RATE_ATTITUDE 0.871117 10.528933 15.245965 33.390589 -2.4168 59.7678
91.864 2 NPS_POS_LLH 0.758764 0.758758 0.755411 0.022218 0.022218 365.153434 10389.154261 125.922034 310.922034
91.864 2 NPS_SPEED_POS -0.319541 -0.602015 0.021064 8.917318 15.603246 0.921277 1306.431668 8.68055 -130.138585
91.864 2 NPS_GYRO_BIAS 6e-06 1.5e-05 -1e-05
91.864 2 NPS_SENSORS_SCALED -1.073623 -0.629365 -11.381133 0.251015 0.231952 0.939786
91.864 2 NPS_WIND 0. 0. 0.
91.882 2 NAVIGATION 36 7 34.6 1305. 207.1 1305.5 81 74 4 0 0 0
91.883 2 SEGMENT 5. 1300. 5. 1100.
91.883 2 ESTIMATOR 311.019135 -0.92
91.884 2 ATTITUDE 0.600283 1.063206 -0.046944
91.904 2 LINK_REPORT 2 -1 109 0 109540 4221 0 1035. 40. 33 39.95
91.964 2 NPS_RATE_ATTITUDE 0.874312 10.673957 15.311292 33.401696 -2.352 61.947878
91.965 2 NPS_POS_LLH 0.758764 0.758758 0.755411 0.022218 0.022218 365.046767 10389.047588 125.812002 310.812002
91.965 2 NPS_SPEED_POS -0.303176 -0.604762 0.013811 8.28563 15.859036 0.909828 1307.435304 10.516051 -130.031709
91.965 2 NPS_GYRO_BIAS 6e-06 9e-06 -1.2e-05
91.965 2 NPS_SENSORS_SCALED -1.184687 -0.666387 -11.457773 0.237533 0.226025 0.944721
91.966 2 NPS_WIND 0. 0. 0.
92.003 2 GPS 3 36032239 481489881 625 310804 1788 -90 1794 81358 31 0
92.005 2 DESIRED 0.61 0.03 3.6 5. 1245. 300. -0.8 15.
92.005 2 ATTITUDE 0.600244 1.095962 -0.047095
92.066 2 NPS_RATE_ATTITUDE 0.873664 10.531538 15.376311 33.411226 -2.320577 63.501162
92.066 2 NPS_POS_LLH 0.758764 0.758758 0.755411 0.022219 0.022219 364.971465 10388.972282 125.734449 310.734449
92.066 2 NPS_SPEED_POS -0.286395 -0.606436 0.004397 7.828484 16.027688 0.901391 1308.106743 11.844755 -129.956267
92.067 2 NPS_GYRO_BIAS 9e-06 1.2e-05 -1.1e-05
92.067 2 NPS_SENSORS_SCALED -1.184687 -0.666387 -11.381133 0.227983 0.222035 0.948015
92.067 2 NPS_WIND 0. 0. 0.
92.085 2 NAVIGATION 36 7 37.8 1307. 207.1 1305.5 81 74 4 0 0 0
92.086 2 IMU_ACCEL -1.110352 -0.554688 -11.457031
92.086 2 ATTITUDE 0.600175 1.128609 -0.047668
92.126 2 NAVIGATION 36 7 37.8 1307. 209.6 1307.5 81 74 4 0 0 0
92.166 2 NPS_RATE_ATTITUDE 0.89062 10.958059 15.446506 33.427501 -2.269074 65.845829
92.166 2 NPS_POS_LLH 0.758764 0.758759 0.755411 0.022219 0.022219 364.859524 10388.860336 125.619372 310.619372
92.167 2 NPS_SPEED_POS -0.211269 -0.636511 0.093776 7.136857 16.256885 0.892979 1309.042172 13.862828 -129.84413
92.167 2 NPS_GYRO_BIAS 8e-06 1.3e-05 -1e-05
92.167 2 NPS_SENSORS_SCALED -1.073623 -0.555322 -11.381133 0.213239 0.216441 0.952728
92.168 2 NPS_WIND 0. 0. 0.
92.206 2 AIRSPEED 16.6 0. 0. 0.
92.208 2 DESIRED 0.61 0.03 3.6 5. 1247. 300. -0.8 15.
92.208 2 ATTITUDE 0.600091 1.161531 -0.047982
92.279 2 NPS_RATE_ATTITUDE 0.88642 10.603047 15.481431 33.43871 -2.232591 67.260231
92.280 2 NPS_POS_LLH 0.758764 0.758759 0.755411 0.022219 0.022219 364.792929 10388.793739 125.551035 310.551036
92.280 2 NPS_SPEED_POS -0.256715 -0.606087 -0.004613 6.716238 16.381974 0.885855 1309.561682 15.086848 -129.777425
92.280 2 NPS_GYRO_BIAS 6e-06 1.4e-05 -1.8e-05
92.280 2 NPS_SENSORS_SCALED -1.036602 -0.629365 -11.342813 0.204114 0.21333 0.955424
92.280 2 NPS_WIND 0. 0. 0.
92.281 2 GPS 3 36032564 481490027 662 310619 1775 -89 1794 81558 31 0
92.287 2 WP_MOVED 13 360384. 4813792. 260.029999 31
92.287 2 ATTITUDE 0.600025 1.194428 -0.048391
92.367 2 NPS_RATE_ATTITUDE 0.892415 10.592568 15.550408 33.452208 -2.209521 68.825853
92.369 2 NPS_POS_LLH 0.758764 0.758759 0.755411 0.02222 0.02222 364.719468 10388.720274 125.475763 310.475764
92.369 2 NPS_SPEED_POS -0.219138 -0.615355 0.01757 6.246937 16.508532 0.880502 1310.101825 16.457377 -129.70385
92.369 2 NPS_GYRO_BIAS 8e-06 1.3e-05 -1.6e-05
92.370 2 NPS_SENSORS_SCALED -1.073623 -0.592344 -11.381133 0.194169 0.210076 0.958214
92.370 2 NPS_WIND 0. 0. 0.
92.370 2 NAVIGATION 36 7 41. 1308. 211.1 1308.6 81 75 5 0 0 0
92.409 2 IMU_GYRO 0.015869 0.186035 0.270264
92.410 2 ESTIMATOR 310.45874 -0.87
92.410 2 DESIRED 0.61 0.04 3.7 5. 1248. 300. -0.8 15.
92.410 2 ATTITUDE 0.599916 1.227307 -0.049006
92.468 2 NPS_RATE_ATTITUDE 0.902278 10.839775 15.616836 33.473896 -2.156959 71.197966
92.468 2 NPS_POS_LLH 0.758764 0.758759 0.755411 0.02222 0.02222 364.609901 10388.610703 125.363727 310.363727
92.468 2 NPS_SPEED_POS -0.185845 -0.619981 0.036385 5.537682 16.674623 0.874199 1310.838473 18.531603 -129.594125
92.468 2 NPS_GYRO_BIAS 1.6e-05 1.1e-05 -1.8e-05
92.468 2 NPS_SENSORS_SCALED -1.036602 -0.555322 -11.381133 0.178596 0.205615 0.962203
92.468 2 NPS_WIND 0. 0. 0.
92.491 2 COMMANDS 4324,81,1686,0
92.491 2 CALIBRATION -150. 0
92.492 2 GPS 3 36032895 481490152 700 310438 1762 -87 1794 81758 31 0
92.493 2 ATTITUDE 0.59987 1.260633 -0.049207
92.568 2 NPS_RATE_ATTITUDE 0.89692 10.632497 15.681709 33.489802 -2.131852 72.778657
92.569 2 NPS_POS_LLH 0.758764 0.758759 0.755411 0.02222 0.02222 364.53739 10388.53819 125.289735 310.289735
92.569 2 NPS_SPEED_POS -0.183909 -0.611759 0.002497 5.06042 16.769993 0.868851 1311.280067 19.925221 -129.521519
92.569 2 NPS_GYRO_BIAS 1.6e-05 1.4e-05 -1.8e-05
92.569 2 NPS_SENSORS_SCALED -1.036602 -0.629365 -11.381133 0.168238 0.202931 0.964636
92.570 2 NPS_WIND 0. 0. 0.
92.574 2 FBW_STATUS 0 40 1 12.5 6.643969
92.575 2 DESIRED 0.61 0.04 3.7 5. 1248. 300. -0.8 15.
92.576 2 ATTITUDE 0.59984 1.29375 -0.049793
92.615 2 NAVIGATION 36 7 47.7 1310.5 214.8 1311.4 82 75 5 0 0 0
92.669 2 NPS_RATE_ATTITUDE 0.896518 11.430354 15.765053 33.511962 -2.098646 75.002549
92.670 2 NPS_POS_LLH 0.758765 0.758759 0.755411 0.022221 0.022221 364.436355 10388.437151 125.186851 310.186852
92.670 2 NPS_SPEED_POS -0.036732 -0.654418 0.193109 4.390714 16.881189 0.865848 1311.831409 21.888461 -129.420363
92.670 2 NPS_GYRO_BIAS 1.9e-05 1.1e-05 -1.5e-05
92.671 2 NPS_SENSORS_SCALED -1.036602 -0.629365 -11.266172 0.153528 0.199536 0.967792
92.671 2 NPS_WIND 0. 0. 0.
92.696 2 ATTITUDE 0.599762 1.327379 -0.049932
92.737 2 GPS 3 36033231 481490254 738 310260 1749 -86 1794 81958 31 0
92.778 2 NPS_RATE_ATTITUDE 0.890014 10.852459 15.783329 33.528383 -2.045797 76.614483
92.779 2 NPS_POS_LLH 0.758765 0.758759 0.755411 0.022221 0.022221 364.364548 10388.365343 125.113886 310.113886
92.780 2 NPS_SPEED_POS -0.158402 -0.607391 -0.008891 3.906487 16.946239 0.858693 1312.177156 23.298023 -129.348481
92.780 2 NPS_GYRO_BIAS 1.2e-05 5e-06 -1.4e-05
92.780 2 NPS_SENSORS_SCALED -0.962559 -0.703408 -11.419453 0.142291 0.197408 0.969944
92.780 2 NPS_WIND 0. 0. 0.
92.780 2 COMMANDS 4349,83,1735,0
92.783 2 ENERGY 45 12.5 6.692152 83.651901 0.318458 3.980729
92.783 2 WP_MOVED 14 360384. 4813592. 260.029999 31
92.783 2 DESIRED 0.61 0.04 3.8 5. 1250. 300. -0.8 15.
92.784 2 ATTITUDE 0.599624 1.360904 -0.050226
92.859 2 NAVIGATION 36 7 51.1 1311.5 216.5 1312.5 82 75 5 0 0 0
92.871 2 NPS_RATE_ATTITUDE 0.890643 10.813766 15.903663 33.554438 -2.017199 79.01038
92.871 2 NPS_POS_LLH 0.758765 0.758759 0.755411 0.022222 0.022222 364.257801 10388.258593 125.005654 310.005655
92.871 2 NPS_SPEED_POS -0.09505 -0.611094 0.024227 3.179783 17.01866 0.852284 1312.620025 25.421147 -129.241634
92.871 2 NPS_GYRO_BIAS 1e-05 2e-06 -9e-06
92.871 2 NPS_SENSORS_SCALED -0.99958 -0.592344 -11.419453 0.12623 0.194649 0.972721
92.871 2 NPS_WIND 0. 0. 0.
92.900 2 IMU_ACCEL -1.073242 -0.628906 -11.342773
92.900 2 ESTIMATOR 310.102539 -0.85
92.901 2 ATTITUDE 0.599417 1.394476 -0.050857
92.905 2 LINK_REPORT 2 -1 110 0 110510 4258 0 970. 37. 33 39.95
92.972 2 NPS_RATE_ATTITUDE 0.907938 11.092158 15.948395 33.572816 -1.983095 80.626923
92.973 2 NPS_POS_LLH 0.758765 0.758759 0.755412 0.022222 0.022222 364.186916 10388.187706 124.933948 309.933949
92.973 2 NPS_SPEED_POS -0.063014 -0.611835 0.053143 2.694611 17.0504 0.849654 1312.864818 26.840776 -129.170693
92.973 2 NPS_GYRO_BIAS 1e-05 5e-06 -1.2e-05
92.973 2 NPS_SENSORS_SCALED -0.962559 -0.592344 -11.419453 0.115061 0.193125 0.974408
92.973 2 NPS_WIND 0. 0. 0.
92.981 2 IMU_MAG 0. 0. 0.
92.981 2 IMU_GYRO 0.016846 0.191406 0.277588
92.982 2 GPS 3 36033912 481490388 815 309912 1724 -84 1794 82358 31 0
92.983 2 DESIRED 0.61 0.04 3.8 5. 1252. 300. -0.8 15.
92.984 2 ATTITUDE 0.599252 1.428424 -0.051051
93.073 2 NPS_RATE_ATTITUDE 0.927064 10.841056 16.037961 33.602422 -1.955203 82.885645
93.073 2 NPS_POS_LLH 0.758765 0.758759 0.755412 0.022222 0.022222 364.088184 10388.088973 124.834296 309.834297
93.074 2 NPS_SPEED_POS -0.060736 -0.598617 0.012551 2.013072 17.073216 0.844945 1313.139412 28.831575 -129.071896
93.074 2 NPS_GYRO_BIAS 7e-06 4e-06 -1.1e-05
93.074 2 NPS_SENSORS_SCALED -0.925537 -0.629365 -11.266172 0.099663 0.191455 0.976432
93.074 2 NPS_WIND 0. 0. 0.
93.104 2 STATE_FILTER_STATUS 4 3 0
93.104 2 DL_VALUE 6 0.
93.105 2 SEGMENT 5. 1300. 5. 1100.
93.105 2 NAVIGATION 36 7 54.5 1312. 216.5 1312.5 82 75 5 0 0 0
93.106 2 ATTITUDE 0.599114 1.462264 -0.051664
93.145 2 NAVIGATION 36 7 54.5 1312. 217.7 1313.1 82 75 5 0 0 0
93.174 2 NPS_RATE_ATTITUDE 0.94191 11.231734 16.098062 33.625194 -1.940111 84.50437
93.175 2 NPS_POS_LLH 0.758765 0.758759 0.755412 0.022223 0.022223 364.017834 10388.018623 124.763453 309.763453
93.175 2 NPS_SPEED_POS 0.021396 -0.60386 0.109664 1.527543 17.073472 0.844679 1313.286931 30.254449 -129.001509
93.175 2 NPS_GYRO_BIAS 1e-05 8e-06 -1.1e-05
93.175 2 NPS_SENSORS_SCALED -0.851494 -0.666387 -11.342813 0.088639 0.190582 0.977665
93.175 2 NPS_WIND 0. 0. 0.
93.186 2 AIRSPEED 16.6 0. 0. 0.
93.186 2 DESIRED 0.61 0.04 3.8 5. 1252. 300. -0.7 15.
93.187 2 ATTITUDE 0.598981 1.496355 -0.051999
93.227 2 GPS 3 36034254 481490420 853 309742 1712 -84 1794 82558 31 0
93.274 2 NPS_RATE_ATTITUDE 0.954033 10.903697 16.163272 33.661547 -1.903419 86.950733
93.275 2 NPS_POS_LLH 0.758765 0.758759 0.755412 0.022223 0.022223 363.91247 10387.913257 124.657601 309.657602
93.275 2 NPS_SPEED_POS -0.02833 -0.582054 0.006102 0.797259 17.049646 0.841795 1313.43223 32.387452 -128.896104
93.275 2 NPS_GYRO_BIAS 5e-06 4e-06 -1.1e-05
93.275 2 NPS_SENSORS_SCALED -0.99958 -0.666387 -11.342813 0.071672 0.189784 0.97921
93.275 2 NPS_WIND 0. 0. 0.
93.308 2 PONG 
93.308 2 WP_MOVED 15 360161.5 4813627.5 260.029999 31
93.308 2 ATTITUDE 0.598809 1.530493 -0.052484
93.375 2 NPS_RATE_ATTITUDE 0.962585 10.952927 16.230102 33.68743 -1.894211 88.57934
93.376 2 NPS_POS_LLH 0.758765 0.758759 0.755412 0.022223 0.022223 363.842335 10387.843122 124.587312 309.587313
93.376 2 NPS_SPEED_POS 0.006734 -0.574875 0.028085 0.312274 17.017229 0.84216 1313.478448 33.806997 -128.825953
93.376 2 NPS_GYRO_BIAS 6e-06 7e-06 -8e-06
93.377 2 NPS_SENSORS_SCALED -0.851494 -0.629365 -11.304492 0.060577 0.189592 0.979996
93.377 2 NPS_WIND 0. 0. 0.
93.389 2 NAVIGATION 36 7 57.9 1312.5 219. 1313.8 82 76 6 0 0 0
93.390 2 AUTOPILOT_VERSION 51500 v5.15_devel-179-g9a29798-dirty
93.391 2 FBW_STATUS 0 40 1 12.5 6.738493
93.392 2 ESTIMATOR 309.585114 -0.84
93.393 2 DESIRED 0.61 0.04 3.9 5. 1252. 300. -0.7 15.
93.393 2 ATTITUDE 0.598645 1.564662 -0.053115
93.476 2 NPS_RATE_ATTITUDE 0.977878 11.094034 16.291361 33.725128 -1.864606 90.880833
93.476 2 NPS_POS_LLH 0.758765 0.758759 0.755412 0.022224 0.022224 363.744007 10387.744794 124.488994 309.488995
93.477 2 NPS_SPEED_POS 0.020003 -0.564158 0.023717 -0.365492 16.949717 0.842778 1313.475361 35.788649 -128.727614
93.477 2 NPS_GYRO_BIAS 2e-06 1.1e-05 -1.2e-05
93.477 2 NPS_SENSORS_SCALED -0.962559 -0.703408 -11.457773 0.044592 0.189787 0.980816
93.478 2 NPS_WIND 0. 0. 0.
93.511 2 GPS_SOL 650 100 650 11
93.512 2 GPS 3 36034595 481490430 892 309573 1701 -84 1794 82758 31 0
93.512 2 ATTITUDE 0.598433 1.59926 -0.053347
93.585 2 NPS_RATE_ATTITUDE 0.989292 10.968816 16.360226 33.75377 -1.857515 92.521965
93.586 2 NPS_POS_LLH 0.758765 0.758759 0.755412 0.022224 0.022224 363.67378 10387.674567 124.418937 309.418938
93.586 2 NPS_SPEED_POS 0.031752 -0.553639 0.010758 -0.848346 16.885772 0.843101 1313.424762 37.198553 -128.657389
93.587 2 NPS_GYRO_BIAS 3e-06 6e-06 -1.2e-05
93.587 2 NPS_SENSORS_SCALED -0.925537 -0.629365 -11.266172 0.033403 0.190264 0.981168
93.587 2 NPS_WIND 0. 0. 0.
93.593 2 IMU_GYRO 0.016846 0.192383 0.285156
93.594 2 DESIRED 0.61 0.04 3.9 5. 1252. 300. -0.7 15.
93.594 2 ATTITUDE 0.598264 1.633626 -0.053932
93.633 2 NAVIGATION 36 7 64.8 1312. 220.3 1313.6 83 76 6 0 0 0
93.674 2 IMU_ACCEL -0.850586 -0.666016 -11.303711
93.675 2 ATTITUDE 0.598162 1.668485 -0.054089
93.677 2 NPS_RATE_ATTITUDE 1.003263 11.620607 16.431404 33.798296 -1.833957 95.006094
93.677 2 NPS_POS_LLH 0.758765 0.758759 0.755412 0.022225 0.022225 363.568121 10387.568909 124.313786 309.313786
93.678 2 NPS_SPEED_POS 0.123554 -0.540176 0.121212 -1.567567 16.765117 0.846848 1313.273739 39.302047 -128.551749
93.678 2 NPS_GYRO_BIAS 3e-06 7e-06 -2.1e-05
93.678 2 NPS_SENSORS_SCALED -0.851494 -0.666387 -11.304492 0.016257 0.191509 0.98136
93.678 2 NPS_WIND 0. 0. 0.
93.780 2 NPS_RATE_ATTITUDE 0.999948 11.096959 16.470121 33.825895 -1.812468 96.505483
93.781 2 NPS_POS_LLH 0.758765 0.758759 0.755412 0.022225 0.022225 363.504655 10387.505444 124.250768 309.250769
93.782 2 NPS_SPEED_POS 0.041627 -0.534467 -0.015308 -1.99966 16.678378 0.845123 1313.139955 40.556245 -128.488303
93.783 2 NPS_GYRO_BIAS -6e-06 5e-06 -2.5e-05
93.784 2 NPS_SENSORS_SCALED -0.99958 -0.592344 -11.381133 0.005801 0.192561 0.981272
93.784 2 NPS_WIND 0. 0. 0.
93.784 2 GPS 3 36034934 481490415 932 309404 1689 -84 1794 82958 31 0
93.796 2 WP_MOVED 16 360289. 4813692. 500.029999 31
93.799 2 DESIRED 0.61 0.04 3.9 5. 1252. 300. -0.7 15.
93.800 2 ATTITUDE 0.597994 1.703198 -0.054341
93.877 2 NAVIGATION 36 7 68.1 1311.5 220.7 1313.3 83 76 6 0 0 0
93.878 2 ENERGY 46 12.5 6.813975 85.17469 0.320522 4.006528
93.878 2 ESTIMATOR 309.244141 -0.84
93.879 2 NPS_RATE_ATTITUDE 1.010915 11.11962 16.592977 33.872552 -1.813619 98.993657
93.879 2 NPS_POS_LLH 0.758765 0.758759 0.755412 0.022225 0.022225 363.398858 10387.399649 124.14596 309.14596
93.879 2 ATTITUDE 0.597783 1.737963 -0.054859
93.880 2 NPS_SPEED_POS 0.10954 -0.516599 0.032986 -2.711408 16.510428 0.848065 1312.845402 42.630846 -128.382553
93.880 2 NPS_GYRO_BIAS -6e-06 2e-06 -2.4e-05
93.880 2 NPS_SENSORS_SCALED -0.814473 -0.666387 -11.304492 -0.01092 0.1948 0.980786
93.880 2 NPS_WIND 0. 0. 0.
93.907 2 LINK_REPORT 2 -1 111 0 111572 4299 0 1062. 41. 34 17.07
93.980 2 NPS_RATE_ATTITUDE 1.028208 11.297719 16.637142 33.904458 -1.798926 100.672197
93.980 2 NPS_POS_LLH 0.758765 0.758759 0.755411 0.022226 0.022226 363.327997 10387.328789 124.075923 309.075923
93.981 2 NPS_SPEED_POS 0.114671 -0.501524 0.029791 -3.18182 16.382134 0.850952 1312.599849 44.001459 -128.311733
93.981 2 NPS_GYRO_BIAS -8e-06 2e-06 -2e-05
93.981 2 NPS_SENSORS_SCALED -0.814473 -0.629365 -11.419453 -0.022408 0.196655 0.980221
93.981 2 NPS_WIND 0. 0. 0.
93.999 2 GPS 3 36035598 481490318 1011 309068 1668 -85 1794 83358 31 0
94.000 2 DESIRED 0.61 0.04 4. 5. 1252. 300. -0.7 15.
94.001 2 ATTITUDE 0.597534 1.773033 -0.055095
94.080 2 NPS_RATE_ATTITUDE 1.049271 11.162887 16.699737 33.938397 -1.799169 102.346343
94.081 2 NPS_POS_LLH 0.758765 0.758759 0.755411 0.022226 0.022226 363.256942 10387.257735 124.005823 309.005823
94.081 2 NPS_SPEED_POS 0.11579 -0.48945 0.010315 -3.649231 16.240897 0.853596 1312.315187 45.36084 -128.240728
94.081 2 NPS_GYRO_BIAS -9e-06 -1e-06 -2.2e-05
94.082 2 NPS_SENSORS_SCALED -0.777451 -0.703408 -11.304492 -0.033583 0.198812 0.979466
94.082 2 NPS_WIND 0. 0. 0.
94.082 2 NAVIGATION 36 7 71.4 1311. 220.7 1313.3 83 76 6 0 0 0
94.083 2 ATTITUDE 0.597337 1.808094 -0.055668
94.122 2 NAVIGATION 36 7 71.4 1311. 221.2 1312.9 83 76 6 0 0 0
94.181 2 NPS_RATE_ATTITUDE 1.073405 11.530401 16.775858 33.988494 -1.801855 104.700365
94.182 2 NPS_POS_LLH 0.758765 0.758759 0.755411 0.022226 0.022226 363.156884 10387.15768 123.90732 308.90732
94.182 2 NPS_SPEED_POS 0.18263 -0.461706 0.088533 -4.295399 16.021842 0.860653 1311.851664 47.243078 -128.140752
94.182 2 NPS_GYRO_BIAS -1.4e-05 -0. -1.8e-05
94.182 2 NPS_SENSORS_SCALED -0.814473 -0.592344 -11.266172 -0.049165 0.202342 0.978084
94.183 2 NPS_WIND 0. 0. 0.
94.203 2 AIRSPEED 16.6 0. 0. 0.
94.204 2 IMU_GYRO 0.018066 0.199951 0.291504
94.204 2 DESIRED 0.61 0.04 4. 5. 1251. 300. -0.7 15.
94.205 2 ATTITUDE 0.597197 1.843342 -0.05602
94.244 2 GPS 3 36035920 481490236 1051 308900 1658 -86 1794 83558 31 0
94.283 2 NPS_RATE_ATTITUDE 1.080105 11.281603 16.815899 34.02526 -1.795647 106.393277
94.283 2 NPS_POS_LLH 0.758765 0.758759 0.755411 0.022227 0.022227 363.084942 10387.08574 123.836642 308.836643
94.283 2 NPS_SPEED_POS 0.136987 -0.459372 0.011282 -4.753152 15.849777 0.864255 1311.474614 48.571152 -128.068878
94.288 2 NPS_GYRO_BIAS -1.3e-05 2e-06 -2.7e-05
94.289 2 NPS_SENSORS_SCALED -0.851494 -0.629365 -11.304492 -0.060422 0.205214 0.976854
94.290 2 NPS_WIND 0. 0. 0.
94.290 2 IMU_MAG 0. 0. 0.
94.291 2 SEGMENT 5. 1300. 5. 1100.
94.292 2 WP_MOVED 17 360289. 4813892. 300.029999 31
94.292 2 ATTITUDE 0.597021 1.878724 -0.056421
94.367 2 NAVIGATION 36 7 74.6 1310.5 221.7 1312.6 83 77 7 0 0 0
94.383 2 NPS_RATE_ATTITUDE 1.092992 11.264773 16.914566 34.081271 -1.810818 108.928199
94.384 2 NPS_POS_LLH 0.758764 0.758759 0.755411 0.022227 0.022227 362.97632 10386.977122 123.730155 308.730156
94.384 2 NPS_SPEED_POS 0.163957 -0.43279 0.021623 -5.429398 15.568326 0.872615 1310.838063 50.53507 -127.960372
94.384 2 NPS_GYRO_BIAS -8e-06 9e-06 -2.7e-05
94.384 2 NPS_SENSORS_SCALED -0.74043 -0.703408 -11.227852 -0.076735 0.21005 0.974679
94.385 2 NPS_WIND 0. 0. 0.
94.406 2 ESTIMATOR 308.731201 -0.87
94.407 2 DESIRED 0.61 0.04 4. 5. 1250. 300. -0.7 15.
94.407 2 ATTITUDE 0.596868 1.914064 -0.056934
94.484 2 NPS_RATE_ATTITUDE 1.099984 11.489955 16.952381 34.11491 -1.809758 110.4634
94.484 2 NPS_POS_LLH 0.758764 0.758759 0.755411 0.022227 0.022227 362.91056 10386.911364 123.665811 308.665812
94.485 2 NPS_SPEED_POS 0.184134 -0.41755 0.045094 -5.829338 15.385919 0.878446 1310.415847 51.69592 -127.894689
94.485 2 NPS_GYRO_BIAS -6e-06 8e-06 -3e-05
94.485 2 NPS_SENSORS_SCALED -0.888516 -0.592344 -11.381133 -0.086681 0.213258 0.973147
94.486 2 NPS_WIND 0. 0. 0.
94.488 2 IMU_ACCEL -0.777344 -0.628906 -11.265625
94.489 2 GPS 3 36036233 481490131 1092 308730 1648 -87 1794 83758 31 0
94.489 2 ATTITUDE 0.596713 1.949824 -0.057134
94.570 2 FBW_STATUS 0 40 1 12.5 6.899401
94.585 2 NPS_RATE_ATTITUDE 1.107935 11.301977 17.045187 34.171754 -1.827351 113.019176
94.585 2 NPS_POS_LLH 0.758764 0.758759 0.755411 0.022228 0.022228 362.800086 10386.800895 123.55792 308.55792
94.585 2 NPS_SPEED_POS 0.17772 -0.398727 0.010725 -6.486679 15.059461 0.887601 1309.645936 53.599036 -127.784358
94.585 2 NPS_GYRO_BIAS -4e-06 9e-06 -3.7e-05
94.585 2 NPS_SENSORS_SCALED -0.777451 -0.592344 -11.304492 -0.102738 0.219109 0.97028
94.586 2 NPS_WIND 0. 0. 0.
94.610 2 CALIBRATION -150. 0
94.611 2 DL_VALUE 7 84.
94.611 2 DESIRED 0.61 0.04 4. 5. 1250. 300. -0.7 15.
94.612 2 ATTITUDE 0.596611 1.985361 -0.057581
94.613 2 NAVIGATION 36 7 80.8 1308. 221.4 1310.5 84 77 7 0 0 0
94.685 2 NPS_RATE_ATTITUDE 1.114565 11.951785 17.099917 34.209402 -1.840877 114.731035
94.685 2 NPS_POS_LLH 0.758764 0.758759 0.755411 0.022228 0.022228 362.725665 10386.726477 123.485372 308.485372
94.686 2 NPS_SPEED_POS 0.277561 -0.351271 0.153114 -6.916017 14.826927 0.896322 1309.087439 54.844387 -127.710041
94.686 2 NPS_GYRO_BIAS -1e-06 8e-06 -4.3e-05
94.686 2 NPS_SENSORS_SCALED -0.777451 -0.592344 -11.304492 -0.11332 0.223356 0.968132
94.686 2 NPS_WIND 0. 0. 0.
94.693 2 ATTITUDE 0.596452 2.021346 -0.057664
94.733 2 GPS 3 36036537 481490005 1133 308557 1639 -88 1794 83958 31 0
94.776 2 DATALINK_REPORT 2 34 0 1006 0 0
94.776 2 IMU_GYRO 0.019043 0.198975 0.295654
94.776 2 WP_MOVED 18 360289. 4814092. 500.029999 31
94.776 2 DESIRED 0.61 0.04 4. 5. 1248. 300. -0.6 15.
94.776 2 ATTITUDE 0.596341 2.057235 -0.057814
94.786 2 NPS_RATE_ATTITUDE 1.115352 11.384283 17.151555 34.266029 -1.837026 117.322293
94.786 2 NPS_POS_LLH 0.758764 0.758758 0.755411 0.022228 0.022228 362.612987 10386.613804 123.375727 308.375728
94.787 2 NPS_SPEED_POS 0.172106 -0.373278 -0.016185 -7.551997 14.453736 0.903536 1308.183043 56.674719 -127.597533
94.787 2 NPS_GYRO_BIAS -4e-06 9e-06 -4.7e-05
94.788 2 NPS_SENSORS_SCALED -0.777451 -0.703408 -11.342813 -0.129485 0.230246 0.964483
94.788 2 NPS_WIND 0. 0. 0.
94.886 2 NPS_RATE_ATTITUDE 1.114493 11.426168 17.220031 34.299687 -1.857115 118.869048
94.886 2 NPS_POS_LLH 0.758764 0.758758 0.755411 0.022229 0.022229 362.544875 10386.545695 123.309561 308.309562
94.886 2 NPS_SPEED_POS 0.2011 -0.34655 0.011462 -7.924767 14.2175 0.910279 1307.60262 57.749946 -127.52953
94.886 2 NPS_GYRO_BIAS -1e-06 7e-06 -4.4e-05
94.886 2 NPS_SENSORS_SCALED -0.777451 -0.666387 -11.266172 -0.138619 0.234666 0.962146
94.887 2 NPS_WIND 0. 0. 0.
94.896 2 NAVIGATION 36 7 83.7 1306.5 221. 1309.2 84 77 7 0 0 0
94.897 2 ALIVE 84,160,18,137,67,90,20,217,119,254,202,219,218,115,193,250
94.898 2 ESTIMATOR 308.381561 -0.9
94.898 2 ATTITUDE 0.596194 2.093173 -0.058274
94.908 2 LINK_REPORT 2 -1 112 0 112580 4338 0 1008. 39. 34 17.07
94.979 2 ENERGY 46 12.5 6.987055 87.338188 0.322631 4.032898
94.979 2 GPS 3 36037109 481489693 1215 308205 1623 -92 1794 84358 31 0
94.981 2 DESIRED 0.61 0.04 4.1 5. 1246. 300. -0.6 15.
94.981 2 ATTITUDE 0.596081 2.129393 -0.058396
94.987 2 NPS_RATE_ATTITUDE 1.122421 11.580471 17.288656 34.354643 -1.87216 121.47204
94.987 2 NPS_POS_LLH 0.758764 0.758758 0.755411 0.022229 0.022229 362.430086 10386.430911 123.198222 308.198223
94.987 2 NPS_SPEED_POS 0.206805 -0.32454 0.012783 -8.532678 13.802725 0.922408 1306.573891 59.501499 -127.414936
94.987 2 NPS_GYRO_BIAS -4e-06 1e-06 -3.6e-05
94.988 2 NPS_SENSORS_SCALED -0.703408 -0.629365 -11.342813 -0.154012 0.242515 0.957849
94.988 2 NPS_WIND 0. 0. 0.
95.087 2 NPS_RATE_ATTITUDE 1.129263 11.497529 17.347234 34.391375 -1.894248 123.20599
95.087 2 NPS_POS_LLH 0.758764 0.758758 0.75541 0.022229 0.022229 362.352762 10386.353591 123.123338 308.123339
95.088 2 NPS_SPEED_POS 0.207761 -0.308378 0.005052 -8.928616 13.511693 0.930411 1305.846274 60.639675 -127.337751
95.088 2 NPS_GYRO_BIAS -0. 1e-05 -3.4e-05
95.088 2 NPS_SENSORS_SCALED -0.703408 -0.592344 -11.266172 -0.163862 0.248082 0.954784
95.088 2 NPS_WIND 0. 0. 0.
95.100 2 NAVIGATION 36 7 86.5 1305. 221. 1309.2 84 77 7 0 0 0
95.101 2 ATTITUDE 0.595928 2.165661 -0.058821
95.141 2 NAVIGATION 36 7 86.5 1305. 220.6 1307.9 84 77 7 0 0 0
95.182 2 AIRSPEED 16.6 0. 0. 0.
95.183 2 DESIRED 0.61 0.04 4.1 5. 1245. 300. -0.6 15.
95.183 2 ATTITUDE 0.595884 2.202098 -0.059002
95.188 2 NPS_RATE_ATTITUDE 1.135985 11.788858 17.411008 34.44582 -1.923479 125.821545
95.188 2 NPS_POS_LLH 0.758763 0.758758 0.75541 0.02223 0.02223 362.235321 10386.236157 123.009762 308.009762
95.188 2 NPS_SPEED_POS 0.235753 -0.270134 0.050684 -9.506017 13.054739 0.945055 1304.69392 62.300343 -127.22053
95.189 2 NPS_GYRO_BIAS -1e-06 1.6e-05 -3.2e-05
95.189 2 NPS_SENSORS_SCALED -0.74043 -0.592344 -11.342813 -0.178446 0.256928 0.949817
95.189 2 NPS_WIND 0. 0. 0.
95.279 2 GPS 3 36037375 481489509 1257 308024 1615 -94 1794 84558 31 0
95.288 2 NPS_RATE_ATTITUDE 1.136659 11.570503 17.446767 34.478001 -1.940909 127.395489
95.289 2 NPS_POS_LLH 0.758763 0.758758 0.75541 0.02223 0.02223 362.164022 10386.164862 122.940897 307.940897
95.289 2 NPS_SPEED_POS 0.205216 -0.275442 -0.001207 -9.844116 12.768125 0.952646 1303.968244 63.268754 -127.14937
95.289 2 NPS_GYRO_BIAS 4e-06 2e-05 -3.5e-05
95.289 2 NPS_SENSORS_SCALED -0.703408 -0.592344 -11.227852 -0.187017 0.262507 0.946638
95.289 2 NPS_WIND 0. 0. 0.
95.303 2 STATE_FILTER_STATUS 4 3 0
95.303 2 IMU_ACCEL -0.814453 -0.591797 -11.189453
95.303 2 WP_MOVED 19 360289. 4814292. 300.029999 31
95.304 2 ATTITUDE 0.595794 2.238695 -0.059223
95.386 2 NAVIGATION 36 7 89.1 1303. 219.7 1306. 84 78 8 0 0 0
95.387 2 FBW_STATUS 0 40 1 12.5 7.026109
95.388 2 IMU_GYRO 0.02002 0.203125 0.303223
95.388 2 ESTIMATOR 307.833313 -0.96
95.389 2 NPS_RATE_ATTITUDE 1.136241 11.740387 17.529579 34.530049 -1.98898 130.016289
95.389 2 NPS_POS_LLH 0.758763 0.758758 0.75541 0.02223 0.02223 362.043746 10386.044593 122.824863 307.824863
95.389 2 NPS_SPEED_POS 0.247688 -0.225273 0.061109 -10.389725 12.272314 0.968697 1302.703387 64.834013 -127.029338
95.390 2 NPS_GYRO_BIAS 2e-06 1.8e-05 -3.2e-05
95.390 2 NPS_SENSORS_SCALED -0.666387 -0.592344 -11.189531 -0.200609 0.272239 0.94109
95.390 2 NPS_WIND 0. 0. 0.
95.390 2 DESIRED 0.61 0.04 4.1 5. 1243. 300. -0.6 15.
95.390 2 ATTITUDE 0.595721 2.275196 -0.059619
95.490 2 NPS_RATE_ATTITUDE 1.13519 11.74646 17.551769 34.563312 -2.004051 131.781435
95.491 2 NPS_POS_LLH 0.758763 0.758757 0.75541 0.02223 0.02223 361.962399 10385.963251 122.746469 307.74647
95.491 2 NPS_SPEED_POS 0.215242 -0.22903 0.017933 -10.742175 11.928417 0.978989 1301.822839 65.842458 -126.948161
95.491 2 NPS_GYRO_BIAS 0. 2e-05 -3.6e-05
95.491 2 NPS_SENSORS_SCALED -0.703408 -0.629365 -11.419453 -0.209771 0.279027 0.937095
95.491 2 NPS_WIND 0. 0. 0.
95.508 2 GPS_SOL 650 100 650 11
95.509 2 SEGMENT 5. 1300. 5. 1100.
95.510 2 GPS 3 36037625 481489306 1299 307840 1608 -96 1794 84758 31 0
95.510 2 ATTITUDE 0.595613 2.312115 -0.059648
95.590 2 IMU_MAG 0. 0. 0.
95.591 2 NPS_RATE_ATTITUDE 1.136415 11.626249 17.628815 34.611924 -2.054492 134.418443
95.592 2 DESIRED 0.61 0.04 4.1 5. 1243. 300. -0.6 15.
95.592 2 ATTITUDE 0.5955 2.348841 -0.060005
95.593 2 NPS_POS_LLH 0.758763 0.758757 0.75541 0.022231 0.022231 361.838811 10385.839671 122.627493 307.627493
95.593 2 NPS_SPEED_POS 0.211016 -0.205019 0.008054 -11.252377 11.393743 0.994969 1300.447921 67.300305 -126.824839
95.593 2 NPS_GYRO_BIAS -2e-06 1.9e-05 -3.1e-05
95.593 2 NPS_SENSORS_SCALED -0.629365 -0.666387 -11.227852 -0.222575 0.289637 0.930902
95.593 2 NPS_WIND 0. 0. 0.
95.631 2 NAVIGATION 36 7 94. 1299. 218. 1302.4 85 78 8 0 0 0
95.692 2 NPS_RATE_ATTITUDE 1.141024 12.316076 17.647097 34.639706 -2.071869 136.01569
95.692 2 NPS_POS_LLH 0.758763 0.758757 0.755409 0.022231 0.022231 361.763595 10385.76446 122.555144 307.555144
95.694 2 NPS_SPEED_POS 0.269982 -0.14281 0.128264 -11.546731 11.06279 1.006044 1299.592908 68.142481 -126.749788
95.694 2 NPS_GYRO_BIAS -0. 1.8e-05 -3e-05
95.694 2 NPS_SENSORS_SCALED -0.74043 -0.629365 -11.304492 -0.230282 0.29625 0.926938
95.694 2 NPS_WIND 0. 0. 0.
95.712 2 PPRZ_MODE 2 3 3 1 0 21
95.713 2 ATTITUDE 0.595394 2.386044 -0.059966
95.753 2 GPS 3 36037860 481489087 1341 307651 1602 -99 1794 84958 31 0
95.794 2 NPS_RATE_ATTITUDE 1.130327 11.785839 17.660335 34.669919 -2.080177 137.798796
95.794 2 NPS_POS_LLH 0.758762 0.758757 0.755409 0.022231 0.022231 361.679251 10385.680121 122.474071 307.474072
95.795 2 NPS_SPEED_POS 0.18565 -0.202869 -0.020948 -11.866354 10.683637 1.013412 1298.617293 69.048654 -126.665633
95.795 2 NPS_GYRO_BIAS 1e-06 1.6e-05 -3.3e-05
95.800 2 NPS_SENSORS_SCALED -0.629365 -0.629365 -11.381133 -0.238824 0.303801 0.922321
95.800 2 NPS_WIND 0. 0. 0.
95.800 2 WP_MOVED 20 360289. 4814492. 500.029999 31
95.801 2 DESIRED 0.61 0.05 4.1 5. 1239. 300. -0.6 15.
95.801 2 ATTITUDE 0.595288 2.423149 -0.059889
95.876 2 NAVIGATION 36 7 96.1 1296.5 216.6 1300.1 85 78 8 0 0 0
95.876 2 ESTIMATOR 307.447845 -1.01
95.877 2 ATTITUDE 0.595206 2.460263 -0.060224
95.894 2 NPS_RATE_ATTITUDE 1.124159 11.781318 17.753199 34.713256 -2.134461 140.454476
95.895 2 NPS_POS_LLH 0.758762 0.758757 0.755409 0.022231 0.022231 361.551407 10385.552285 122.351299 307.351299
95.895 2 NPS_SPEED_POS 0.213739 -0.153184 0.020199 -12.323193 10.099483 1.028483 1297.105154 70.347777 -126.538084
95.896 2 NPS_GYRO_BIAS 5e-06 1.1e-05 -3e-05
95.896 2 NPS_SENSORS_SCALED -0.703408 -0.629365 -11.189531 -0.250373 0.315511 0.9153
95.896 2 NPS_WIND 0. 0. 0.
95.909 2 LINK_REPORT 2 -1 113 0 113572 4376 0 992. 38. 34 17.07
95.995 2 NPS_RATE_ATTITUDE 1.126565 11.99223 17.775512 34.74004 -2.15214 142.244711
95.995 2 NPS_POS_LLH 0.758762 0.758756 0.755409 0.022231 0.022231 361.465028 10385.465912 122.268404 307.268404
95.996 2 NPS_SPEED_POS 0.203321 -0.140532 0.020213 -12.613424 9.69904 1.03902 1296.066066 71.172791 -126.451907
95.996 2 NPS_GYRO_BIAS 6e-06 1.2e-05 -2.8e-05
95.996 2 NPS_SENSORS_SCALED -0.592344 -0.629365 -11.266172 -0.258122 0.323574 0.910319
95.996 2 NPS_WIND 0. 0. 0.
95.998 2 IMU_GYRO 0.02002 0.208496 0.308594
95.999 2 GPS 3 36038274 481488601 1426 307260 1590 -104 1794 85358 31 0
96.000 2 DESIRED 0.61 0.05 4.1 5. 1236. 300. -0.6 15.
96.001 2 ATTITUDE 0.595121 2.497631 -0.06012
96.079 2 DL_VALUE 8 100.
96.079 2 ENERGY 47 12.5 7.171109 89.638863 0.324795 4.059948
96.081 2 NAVIGATION 36 7 98.1 1294. 216.6 1300.1 85 78 8 0 0 0
96.081 2 IMU_ACCEL -0.703125 -0.628906 -11.265625
96.081 2 ATTITUDE 0.595045 2.534981 -0.060398
96.096 2 NPS_RATE_ATTITUDE 1.123937 11.81597 17.83563 34.776633 -2.199453 144.741604
96.096 2 NPS_POS_LLH 0.758762 0.758756 0.755409 0.022232 0.022232 361.342735 10385.343628 122.151123 307.151124
96.096 2 NPS_SPEED_POS 0.187388 -0.130193 -0.003583 -13.000676 9.123766 1.053055 1294.571669 72.270927 -126.329906
96.097 2 NPS_GYRO_BIAS 5e-06 7e-06 -2.5e-05
96.097 2 NPS_SENSORS_SCALED -0.703408 -0.629365 -11.266172 -0.268081 0.335192 0.903209
96.097 2 NPS_WIND 0. 0. 0.
96.120 2 NAVIGATION 36 7 98.1 1294. 215.2 1297.7 85 78 8 0 0 0
96.196 2 NPS_RATE_ATTITUDE 1.132863 12.22808 17.862562 34.801432 -2.231448 146.532193
96.197 2 NPS_POS_LLH 0.758762 0.758756 0.755408 0.022232 0.022232 361.254271 10385.255169 122.066329 307.066329
96.197 2 NPS_SPEED_POS 0.216697 -0.075577 0.077407 -13.262105 8.704052 1.065015 1293.477301 73.013808 -126.241656
96.197 2 NPS_GYRO_BIAS 6e-06 1.1e-05 -2.1e-05
96.197 2 NPS_SENSORS_SCALED -0.703408 -0.666387 -11.381133 -0.274901 0.34372 0.897939
96.197 2 NPS_WIND 0. 0. 0.
96.200 2 AIRSPEED 16.6 0. 0. 0.
96.201 2 DESIRED 0.61 0.05 4.1 5. 1234. 300. -0.5 15.
96.202 2 ATTITUDE 0.594952 2.572469 -0.060448
96.242 2 GPS 3 36038451 481488338 1469 307057 1586 -106 1794 85558 31 0
96.294 2 WP_MOVED 21 360289. 4814692. 300.029999 31
96.295 2 ATTITUDE 0.594887 2.610134 -0.060533
96.297 2 NPS_RATE_ATTITUDE 1.132361 11.902052 17.888276 34.837182 -2.270572 149.227714
96.299 2 NPS_POS_LLH 0.758761 0.758756 0.755408 0.022232 0.022232 361.119904 10385.120812 121.9376 306.937601
96.299 2 NPS_SPEED_POS 0.167528 -0.109741 -0.008491 -13.632658 8.058163 1.079608 1291.796083 74.061621 -126.107618
96.299 2 NPS_GYRO_BIAS 2e-06 1.7e-05 -2.1e-05
96.299 2 NPS_SENSORS_SCALED -0.666387 -0.629365 -11.266172 -0.284739 0.35684 0.889717
96.299 2 NPS_WIND 0. 0. 0.
96.368 2 NAVIGATION 36 7 99.9 1291.5 213.7 1295.4 85 79 9 0 0 0
96.397 2 NPS_RATE_ATTITUDE 1.131389 11.922553 17.924596 34.85985 -2.309056 151.020476
96.397 2 NPS_POS_LLH 0.758761 0.758756 0.755408 0.022232 0.022232 361.029252 10385.030167 121.850791 306.850791
96.397 2 NPS_SPEED_POS 0.16724 -0.087524 0.004944 -13.863284 7.619379 1.090871 1290.650327 74.714895 -126.017191
96.398 2 NPS_GYRO_BIAS -0. 1.5e-05 -2.4e-05
96.398 2 NPS_SENSORS_SCALED -0.74043 -0.518301 -11.227852 -0.290686 0.365793 0.884141
96.398 2 NPS_WIND 0. 0. 0.
96.408 2 ESTIMATOR 306.836029 -1.09
96.409 2 DESIRED 0.61 0.05 4.1 5. 1232. 300. -0.5 15.
96.409 2 ATTITUDE 0.594743 2.647601 -0.060766
96.490 2 GPS 3 36038609 481488063 1512 306850 1581 -109 1794 85758 31 0
96.491 2 ATTITUDE 0.594621 2.685476 -0.060566
96.498 2 NPS_RATE_ATTITUDE 1.138678 11.991391 17.943635 34.891767 -2.346208 153.729109
96.498 2 NPS_POS_LLH 0.758761 0.758755 0.755408 0.022232 0.022232 360.891506 10384.89243 121.718924 306.718925
96.498 2 NPS_SPEED_POS 0.14963 -0.087058 -0.010556 -14.185241 6.947722 1.106578 1288.897012 75.625527 -125.879789
96.498 2 NPS_GYRO_BIAS 3e-06 1.9e-05 -2.3e-05
96.499 2 NPS_SENSORS_SCALED -0.629365 -0.629365 -11.342813 -0.299403 0.379517 0.875404
96.499 2 NPS_WIND 0. 0. 0.
96.571 2 FBW_STATUS 0 40 1 12.5 7.24785
96.599 2 NPS_RATE_ATTITUDE 1.13843 11.945189 17.978269 34.910363 -2.38174 155.347966
96.599 2 NPS_POS_LLH 0.758761 0.758755 0.755408 0.022233 0.022233 360.807955 10384.808885 121.638964 306.638965
96.599 2 NPS_SPEED_POS 0.145875 -0.071133 -0.006521 -14.364095 6.537985 1.116108 1287.826341 76.131266 -125.796449
96.600 2 NPS_GYRO_BIAS 5e-06 2.2e-05 -2.2e-05
96.600 2 NPS_SENSORS_SCALED -0.518301 -0.592344 -11.381133 -0.304036 0.387911 0.870112
96.600 2 NPS_WIND 0. 0. 0.
96.611 2 IMU_GYRO 0.02002 0.209473 0.311768
96.613 2 DESIRED 0.61 0.05 4.1 5. 1232. 300. -0.5 15.
96.613 2 ATTITUDE 0.594514 2.723105 -0.060719
96.614 2 NAVIGATION 36 7 102.8 1286. 210.2 1290.1 86 79 9 0 0 0
96.693 2 CALIBRATION -150. 0
96.694 2 SEGMENT 5. 1300. 5. 1100.
96.694 2 ATTITUDE 0.594414 2.761245 -0.06042
96.699 2 NPS_RATE_ATTITUDE 1.138815 12.52944 17.981762 34.938644 -2.412784 158.071933
96.699 2 NPS_POS_LLH 0.758761 0.758755 0.755407 0.022233 0.022233 360.666977 10384.667918 121.504066 306.504067
96.700 2 NPS_SPEED_POS 0.157223 -0.022954 0.06605 -14.637418 5.844871 1.13264 1286.013446 76.905374 -125.655829
96.700 2 NPS_GYRO_BIAS 5e-06 1.9e-05 -2e-05
96.700 2 NPS_SENSORS_SCALED -0.629365 -0.703408 -11.381133 -0.311682 0.402147 0.860895
96.700 2 NPS_WIND 0. 0. 0.
96.734 2 GPS 3 36038744 481487777 1555 306638 1578 -111 1794 85958 31 0
96.781 2 WP_MOVED 22 360289. 4814892. 500.029999 31
96.781 2 DESIRED 0.61 0.05 4.2 5. 1226. 300. -0.5 15.
96.782 2 ATTITUDE 0.594345 2.799234 -0.060179
96.800 2 NPS_RATE_ATTITUDE 1.128354 12.043032 17.998523 34.956388 -2.433952 159.887055
96.800 2 NPS_POS_LLH 0.75876 0.758755 0.755407 0.022233 0.022233 360.572088 10384.573036 121.413292 306.413292
96.800 2 NPS_SPEED_POS 0.118733 -0.078037 -0.035208 -14.803651 5.373228 1.13912 1284.786633 77.372824 -125.561182
96.800 2 NPS_GYRO_BIAS 7e-06 2e-05 -2e-05
96.801 2 NPS_SENSORS_SCALED -0.592344 -0.629365 -11.304492 -0.31633 0.411776 0.854625
96.801 2 NPS_WIND 0. 0. 0.
96.895 2 NAVIGATION 36 7 103.9 1283. 208. 1287.2 86 79 9 0 0 0
96.896 2 IMU_MAG 0. 0. 0.
96.896 2 IMU_ACCEL -0.666016 -0.740234 -11.380859
96.897 2 ESTIMATOR 306.404877 -1.14
96.897 2 ATTITUDE 0.594276 2.837157 -0.060256
96.900 2 NPS_RATE_ATTITUDE 1.122046 12.419934 18.05948 34.978937 -2.486825 162.419148
96.903 2 NPS_POS_LLH 0.75876 0.758754 0.755407 0.022233 0.022233 360.438102 10384.439059 121.285138 306.285139
96.903 2 NPS_SPEED_POS 0.142206 0.014132 0.073165 -15.011134 4.707816 1.152791 1283.047149 77.960939 -125.427539
96.903 2 NPS_GYRO_BIAS 1.2e-05 1.8e-05 -2.1e-05
96.903 2 NPS_SENSORS_SCALED -0.592344 -0.555322 -11.266172 -0.321836 0.425439 0.845832
96.903 2 NPS_WIND 0. 0. 0.
96.911 2 LINK_REPORT 2 -1 114 0 114585 4415 0 1013. 39. 34 17.07
96.977 2 GPS 3 36038948 481487183 1642 306201 1572 -116 1794 86358 31 0
96.978 2 DESIRED 0.61 0.05 4.2 5. 1223. 300. -0.5 15.
96.978 2 ATTITUDE 0.594213 2.875323 -0.059924
97.001 2 NPS_RATE_ATTITUDE 1.121156 12.229091 18.06181 34.992986 -2.504051 164.245634
97.002 2 NPS_POS_LLH 0.75876 0.758754 0.755407 0.022233 0.022233 360.341407 10384.342372 121.192658 306.192658
97.002 2 NPS_SPEED_POS 0.111086 -0.034146 -0.004036 -15.142542 4.226553 1.161447 1281.79065 78.333246 -125.331093
97.002 2 NPS_GYRO_BIAS 5e-06 1.5e-05 -2e-05
97.003 2 NPS_SENSORS_SCALED -0.703408 -0.629365 -11.304492 -0.32571 0.43532 0.839296
97.003 2 NPS_WIND 0. 0. 0.
97.099 2 NAVIGATION 36 7 104.8 1279.5 208. 1287.2 86 79 9 0 0 0
97.099 2 ATTITUDE 0.594154 2.913374 -0.059966
97.102 2 NPS_RATE_ATTITUDE 1.123581 12.101921 18.102787 35.013075 -2.559096 166.968837
97.103 2 NPS_POS_LLH 0.75876 0.758754 0.755406 0.022233 0.022233 360.195037 10384.196012 121.052672 306.052672
97.103 2 NPS_SPEED_POS 0.097024 -0.022508 -0.008958 -15.312277 3.498014 1.175165 1279.886873 78.816085 -125.1851
97.103 2 NPS_GYRO_BIAS 4e-06 1.6e-05 -1.8e-05
97.103 2 NPS_SENSORS_SCALED -0.555322 -0.629365 -11.342813 -0.330315 0.450305 0.829533
97.103 2 NPS_WIND 0. 0. 0.
97.139 2 NAVIGATION 36 7 104.8 1279.5 205.4 1283.8 86 79 9 0 0 0
97.181 2 ENERGY 49 12.5 7.401997 92.524956 0.327023 4.087798
97.181 2 AIRSPEED 16.6 0. 0. 0.
97.182 2 IMU_GYRO 0.02002 0.218018 0.313721
97.182 2 DESIRED 0.61 0.05 4.2 5. 1220. 300. -0.5 15.
97.182 2 ATTITUDE 0.594094 2.951528 -0.05976
97.203 2 NPS_RATE_ATTITUDE 1.132284 12.461543 18.101484 35.023893 -2.583157 168.611862
97.203 2 NPS_POS_LLH 0.758759 0.758754 0.755406 0.022233 0.022233 360.106307 10384.107289 120.967804 305.967805
97.203 2 NPS_SPEED_POS 0.101486 0.016917 0.050469 -15.397999 3.058058 1.184564 1278.735166 79.061961 -125.096598
97.204 2 NPS_GYRO_BIAS 1e-06 1.6e-05 -2.2e-05
97.204 2 NPS_SENSORS_SCALED -0.629365 -0.592344 -11.304492 -0.332837 0.459384 0.823525
97.204 2 NPS_WIND 0. 0. 0.
97.288 2 GPS 3 36039016 481486876 1685 305977 1569 -118 1794 86558 31 0
97.301 2 WP_MOVED 0 360326. 4813634. 260.029999 31
97.301 2 ATTITUDE 0.594014 2.989714 -0.059577
97.303 2 NPS_RATE_ATTITUDE 1.127342 12.11132 18.111148 35.041126 -2.628626 171.34589
97.304 2 NPS_POS_LLH 0.758759 0.758753 0.755406 0.022233 0.022233 359.957086 10383.958078 120.825063 305.825064
97.304 2 NPS_SPEED_POS 0.073503 -0.025481 -0.019442 -15.514892 2.317906 1.197206 1276.802756 79.397999 -124.94776
97.304 2 NPS_GYRO_BIAS 1e-06 1.7e-05 -2.4e-05
97.305 2 NPS_SENSORS_SCALED -0.666387 -0.629365 -11.381133 -0.336262 0.47462 0.813432
97.305 2 NPS_WIND 0. 0. 0.
97.382 2 NAVIGATION 36 7 105.5 1277. 203.6 1281.4 86 80 10 0 0 0
97.383 2 FBW_STATUS 0 40 1 12.5 7.407942
97.383 2 ESTIMATOR 305.725677 -1.2
97.384 2 DESIRED 0.61 0.05 4.2 5. 1217. 300. -0.4 15.
97.384 2 ATTITUDE 0.593949 3.02772 -0.059613
97.405 2 NPS_RATE_ATTITUDE 1.128626 12.319443 18.130703 35.051006 -2.6689 173.164039
97.405 2 NPS_POS_LLH 0.758759 0.758753 0.755406 0.022233 0.022233 359.856639 10383.857638 120.728961 305.728961
97.407 2 NPS_SPEED_POS 0.08027 0.027705 0.048027 -15.573801 1.823195 1.20768 1275.507285 79.570549 -124.847571
97.407 2 NPS_GYRO_BIAS -0. 1.7e-05 -2.4e-05
97.407 2 NPS_SENSORS_SCALED -0.518301 -0.666387 -11.342813 -0.337898 0.484832 0.806704
97.407 2 NPS_WIND 0. 0. 0.
97.464 2 COMMANDS 4736,126,2222,0
97.505 2 STATE_FILTER_STATUS 4 3 0
97.505 2 NPS_RATE_ATTITUDE 1.130801 12.17166 18.117382 35.062782 -2.699769 175.727669
97.506 2 NPS_POS_LLH 0.758759 0.758753 0.755405 0.022233 0.022233 359.714625 10383.715635 120.593053 305.593053
97.507 2 NPS_SPEED_POS 0.052629 -0.025986 -0.025072 -15.631378 1.126236 1.219801 1273.686703 79.742656 -124.70592
97.508 2 GPS_SOL 650 100 650 11
97.508 2 GPS 3 36039060 481486565 1729 305748 1568 -120 1794 86758 31 0
97.508 2 ATTITUDE 0.593802 3.066113 -0.059141
97.508 2 NPS_GYRO_BIAS -0. 2.3e-05 -3e-05
97.508 2 NPS_SENSORS_SCALED -0.518301 -0.629365 -11.304492 -0.339977 0.499185 0.797018
97.509 2 NPS_WIND 0. 0. 0.
97.586 2 DL_VALUE 9 2.
97.586 2 DESIRED 0.61 0.05 4.2 5. 1217. 300. -0.4 15.
97.587 2 ATTITUDE 0.593692 3.104082 -0.059074
97.606 2 NPS_RATE_ATTITUDE 1.134051 12.114765 18.141087 35.070714 -2.740709 177.546635
97.606 2 NPS_POS_LLH 0.758758 0.758753 0.755405 0.022233 0.022233 359.612343 10383.61336 120.495142 305.495143
97.606 2 NPS_SPEED_POS 0.044382 -0.011383 -0.016299 -15.654317 0.627702 1.229107 1272.383027 79.815731 -124.603897
97.607 2 NPS_GYRO_BIAS 1e-06 2.2e-05 -3.1e-05
97.607 2 NPS_SENSORS_SCALED -0.518301 -0.703408 -11.381133 -0.340675 0.509464 0.790186
97.607 2 NPS_WIND 0. 0. 0.
97.627 2 NAVIGATION 36 7 106.2 1270.5 198.3 1274.9 87 80 10 0 0 0
97.708 2 NPS_RATE_ATTITUDE 1.132178 12.585637 18.1064 35.08005 -2.762216 -179.695028
97.709 2 NPS_POS_LLH 0.758758 0.758752 0.755405 0.022233 0.022233 359.457359 10383.458387 120.346723 305.346723
97.709 2 NPS_SPEED_POS 0.038827 0.00425 0.022362 -15.660051 -0.121354 1.242377 1270.425529 79.847469 -124.449304
97.709 2 NPS_GYRO_BIAS -1e-06 2.2e-05 -3e-05
97.710 2 NPS_SENSORS_SCALED -0.518301 -0.703408 -11.419453 -0.341658 0.524909 0.779582
97.710 2 NPS_WIND 0. 0. 0.
97.710 2 IMU_ACCEL -0.554688 -0.628906 -11.380859
97.710 2 ATTITUDE 0.593652 -3.140623 -0.058531
97.750 2 GPS 3 36039079 481486252 1773 305514 1566 -123 1794 86958 31 0
97.794 2 COMMANDS 4776,128,2233,0
97.794 2 IMU_GYRO 0.019043 0.214844 0.313721
97.794 2 WP_MOVED 1 360284. 4813592. 260.029999 31
97.795 2 DESIRED 0.61 0.05 4.2 5. 1210. 300. -0.4 15.
97.796 2 ATTITUDE 0.593574 -3.102341 -0.057963
97.808 2 NPS_RATE_ATTITUDE 1.118836 12.152077 18.120536 35.085386 -2.788679 -177.867516
97.808 2 NPS_POS_LLH 0.758758 0.758752 0.755405 0.022233 0.022233 359.353379 10383.354415 120.247119 305.247119
97.808 2 NPS_SPEED_POS 0.026608 -0.038638 -0.048056 -15.644946 -0.623128 1.247342 1269.121046 79.81643 -124.345585
97.808 2 NPS_GYRO_BIAS -2e-06 2.8e-05 -3.5e-05
97.809 2 NPS_SENSORS_SCALED -0.629365 -0.703408 -11.227852 -0.341617 0.535178 0.772587
97.810 2 NPS_WIND 0. 0. 0.
97.871 2 NAVIGATION 36 7 106.1 1267.5 195.7 1271.9 87 80 10 0 0 0
97.908 2 NPS_RATE_ATTITUDE 1.118287 12.173141 18.152353 35.089025 -2.824823 -176.228741
97.909 2 NPS_POS_LLH 0.758758 0.758752 0.755404 0.022233 0.022233 359.259335 10383.260377 120.157006 305.157007
97.909 2 NPS_SPEED_POS 0.018901 -0.007645 -0.019214 -15.618188 -1.072052 1.254616 1267.948601 79.752847 -124.251775
97.909 2 NPS_GYRO_BIAS -2e-06 2.4e-05 -3.6e-05
97.909 2 NPS_SENSORS_SCALED -0.666387 -0.629365 -11.342813 -0.341041 0.544408 0.766367
97.909 2 NPS_WIND 0. 0. 0.
97.912 2 LINK_REPORT 2 -1 115 0 115550 4452 0 965. 37. 34 17.07
97.912 2 SEGMENT 5. 1300. 5. 1100.
97.913 2 ESTIMATOR 305.252289 -1.24
97.913 2 ATTITUDE 0.593498 -3.064213 -0.057862
97.993 2 GPS 3 36039048 481485628 -1738 305035 1565 -126 1794 87358 31 0
97.994 2 DESIRED 0.61 0.05 4.2 5. 1208. 300. -0.4 15.
97.994 2 ATTITUDE 0.593439 -3.025864 -0.057191
98.009 2 NPS_RATE_ATTITUDE 1.116685 12.250824 18.14538 35.092162 -2.856954 -173.475254
98.009 2 NPS_POS_LLH 0.758757 0.758752 0.755404 0.022233 0.022233 359.101335 10383.102388 120.005539 305.005539
98.010 2 NPS_SPEED_POS 0.008745 -0.019374 -0.030802 -15.546058 -1.81858 1.265972 1266.000484 79.5722 -124.094165
98.010 2 NPS_GYRO_BIAS 0. 2.9e-05 -3.9e-05
98.010 2 NPS_SENSORS_SCALED -0.518301 -0.592344 -11.342813 -0.339832 0.559745 0.755783
98.010 2 NPS_WIND 0. 0. 0.
98.076 2 NAVIGATION 36 7 105.8 1264.5 195.7 1271.9 87 80 10 0 0 0
98.076 2 ATTITUDE 0.593383 -2.9877 -0.056976
98.110 2 NPS_RATE_ATTITUDE 1.125334 12.134256 18.163084 35.094081 -2.896816 -171.652141
98.110 2 NPS_POS_LLH 0.758757 0.758752 0.755404 0.022233 0.022233 358.995272 10382.996332 119.903811 304.903812
98.111 2 NPS_SPEED_POS -0.000993 -0.013775 -0.029228 -15.479088 -2.313903 1.27376 1264.707665 79.399986 -123.988361
98.111 2 NPS_GYRO_BIAS -3e-06 3.7e-05 -3.6e-05
98.111 2 NPS_SENSORS_SCALED -0.555322 -0.666387 -11.266172 -0.338235 0.569924 0.74886
98.111 2 NPS_WIND 0. 0. 0.
98.116 2 NAVIGATION 36 7 105.8 1264.5 193. 1268.9 87 80 10 0 0 0
98.196 2 IMU_MAG 0. 0. 0.
98.197 2 AIRSPEED 16.6 0. 0. 0.
98.198 2 DESIRED 0.61 0.06 4.2 5. 1204. 300. -0.4 15.
98.198 2 ATTITUDE 0.593361 -2.949498 -0.05656
98.211 2 NPS_RATE_ATTITUDE 1.131814 12.464952 18.143672 35.095167 -2.938108 -169.087971
98.212 2 NPS_POS_LLH 0.758757 0.758751 0.755404 0.022233 0.022233 358.845524 10382.846594 119.760098 304.760098
98.212 2 NPS_SPEED_POS -0.012637 0.015284 0.024707 -15.36006 -3.002062 1.286633 1262.908426 79.08986 -123.838974
98.212 2 NPS_GYRO_BIAS -6e-06 3.2e-05 -3.4e-05
98.212 2 NPS_SENSORS_SCALED -0.518301 -0.629365 -11.342813 -0.335573 0.584095 0.739074
98.213 2 NPS_WIND 0. 0. 0.
98.237 2 GPS 3 36038996 481485319 -1694 304791 1565 -128 1794 87558 31 0
98.291 2 ENERGY 50 12.5 7.618899 95.236244 0.32932 4.116508
98.294 2 WP_MOVED 2 360304. 4813672. 260.029999 31
98.295 2 ATTITUDE 0.593327 -2.911218 -0.056167
98.312 2 NPS_RATE_ATTITUDE 1.126944 12.149697 18.132124 35.095195 -2.968531 -167.259873
98.313 2 NPS_POS_LLH 0.758757 0.758751 0.755403 0.022233 0.022233 358.737764 10382.738841 119.656616 304.656616
98.313 2 NPS_SPEED_POS -0.01601 -0.030477 -0.034259 -15.256939 -3.491661 1.293629 1261.632615 78.819261 -123.73147
98.313 2 NPS_GYRO_BIAS -4e-06 2.6e-05 -3.5e-05
98.313 2 NPS_SENSORS_SCALED -0.555322 -0.777451 -11.342813 -0.333191 0.594126 0.732125
98.314 2 NPS_WIND 0. 0. 0.
98.318 2 PONG 
98.359 2 NAVIGATION 36 7 105.3 1261. 189.7 1265.4 87 81 11 0 0 0
98.400 2 IMU_GYRO 0.019043 0.213867 0.313721
98.400 2 ESTIMATOR 304.516266 -1.3
98.401 2 DESIRED 0.61 0.06 4.2 5. 1201. 300. -0.4 15.
98.401 2 ATTITUDE 0.593347 -2.87321 -0.056026
98.412 2 NPS_RATE_ATTITUDE 1.119296 12.565284 18.131693 35.09256 -3.02585 -164.52575
98.412 2 NPS_POS_LLH 0.758756 0.758751 0.755403 0.022233 0.022233 358.57485 10382.575938 119.500061 304.500062
98.413 2 NPS_SPEED_POS -0.037996 0.044754 0.0748 -15.074687 -4.216973 1.307465 1259.736543 78.337355 -123.568938
98.413 2 NPS_GYRO_BIAS 2e-06 2e-05 -3.6e-05
98.413 2 NPS_SENSORS_SCALED -0.518301 -0.666387 -11.304492 -0.328711 0.609003 0.721853
98.413 2 NPS_WIND 0. 0. 0.
98.481 2 IMU_ACCEL -0.517578 -0.666016 -11.380859
98.482 2 GPS 3 36038921 481485016 -1650 304541 1565 -130 1794 87758 31 0
98.483 2 ATTITUDE 0.59336 -2.834821 -0.055474
98.485 2 WIND_INFO 2 5 0.6 2.3 0. 16.6
98.512 2 NPS_RATE_ATTITUDE 1.107517 12.288263 18.100643 35.088325 -3.043376 -162.690675
98.513 2 NPS_POS_LLH 0.758756 0.758751 0.755403 0.022233 0.022233 358.465333 10382.466429 119.394738 304.394739
98.513 2 NPS_SPEED_POS -0.032169 -0.027448 -0.014389 -14.934516 -4.696903 1.314443 1258.486055 77.965924 -123.459673
98.513 2 NPS_GYRO_BIAS -0. 1.9e-05 -3.6e-05
98.513 2 NPS_SENSORS_SCALED -0.518301 -0.703408 -11.419453 -0.325566 0.618788 0.714924
98.514 2 NPS_WIND 0. 0. 0.
98.565 2 FBW_STATUS 0 40 1 12.5 7.66289
98.603 2 DESIRED 0.61 0.06 4.2 5. 1201. 300. -0.4 15.
98.604 2 ATTITUDE 0.593395 -2.796879 -0.055254
98.613 2 NPS_RATE_ATTITUDE 1.092693 12.169359 18.108238 35.080223 -3.093464 -160.141315
98.613 2 NPS_POS_LLH 0.758756 0.75875 0.755403 0.022233 0.022233 358.311064 10382.312168 119.246269 304.24627
98.614 2 NPS_SPEED_POS -0.043881 -0.025677 -0.01508 -14.713883 -5.360287 1.324761 1256.756295 77.379136 -123.305752
98.614 2 NPS_GYRO_BIAS -2e-06 1.6e-05 -3.8e-05
98.614 2 NPS_SENSORS_SCALED -0.518301 -0.629365 -11.342813 -0.320137 0.632282 0.705507
98.614 2 NPS_WIND 0. 0. 0.
98.644 2 NAVIGATION 36 7 103.6 1255. 183.7 1259.3 88 81 11 0 0 0
98.684 2 ATTITUDE 0.593394 -2.758492 -0.054528
98.714 2 NPS_RATE_ATTITUDE 1.08107 12.896494 18.063209 35.07128 -3.099415 -158.299879
98.714 2 NPS_POS_LLH 0.758756 0.75875 0.755403 0.022233 0.022233 358.200064 10382.201175 119.139357 304.139358
98.714 2 NPS_SPEED_POS -0.059594 0.032964 0.089166 -14.53873 -5.827596 1.332168 1255.537327 76.912968 -123.194999
98.715 2 NPS_GYRO_BIAS -1e-06 1.1e-05 -3.7e-05
98.715 2 NPS_SENSORS_SCALED -0.555322 -0.629365 -11.419453 -0.316256 0.641768 0.698659
98.715 2 NPS_WIND 0. 0. 0.
98.725 2 GPS 3 36038823 481484718 -1607 304288 1565 -132 1794 87958 31 0
98.805 2 CALIBRATION -150. 0
98.806 2 WP_MOVED 3 360328.8125 4813694. 260.029999 31
98.806 2 DESIRED 0.61 0.06 4.2 5. 1195. 300. -0.3 15.
98.806 2 ATTITUDE 0.593404 -2.720272 -0.053857
98.815 2 NPS_RATE_ATTITUDE 1.046735 12.200888 18.050279 35.055746 -3.120172 -155.554852
98.816 2 NPS_POS_LLH 0.758755 0.75875 0.755402 0.022233 0.022233 358.033026 10382.034148 118.978355 303.978355
98.816 2 NPS_SPEED_POS -0.041004 -0.059899 -0.047033 -14.247631 -6.522546 1.335209 1253.737853 76.140906 -123.028325
98.816 2 NPS_GYRO_BIAS -3e-06 1.2e-05 -3.3e-05
98.817 2 NPS_SENSORS_SCALED -0.666387 -0.555322 -11.342813 -0.309575 0.655703 0.688639
98.817 2 NPS_WIND 0. 0. 0.
98.887 2 NAVIGATION 36 7 102.4 1252. 180.5 1256.2 88 81 11 0 0 0
98.888 2 ESTIMATOR 304.006012 -1.33
98.888 2 ATTITUDE 0.593343 -2.682226 -0.053638
98.916 2 NPS_RATE_ATTITUDE 0.640693 12.469186 18.086517 35.044365 -3.147486 -153.917056
98.916 2 NPS_POS_LLH 0.758755 0.75875 0.755402 0.022232 0.022232 357.932507 10381.933635 118.881395 303.881396
98.916 2 NPS_SPEED_POS -0.068386 0.014794 0.040507 -14.058373 -6.930337 1.33998 1252.676309 75.636377 -122.928021
98.917 2 NPS_GYRO_BIAS -5e-06 9e-06 -3.7e-05
98.917 2 NPS_SENSORS_SCALED -0.518301 -0.666387 -11.419453 -0.304949 0.663903 0.682822
98.917 2 NPS_WIND 0. 0. 0.
98.917 2 LINK_REPORT 2 -1 116 0 116554 4491 0 1004. 39. 36 26.13
