4.910 14 NAVIGATION 2 2 0. 0. 0. 0. 0 6 6 1 0 0
4.927 14 GPS 3 36028477 481359546 899 185000 0 20 0 18450960 31 0
5.111 14 FBW_STATUS 2 0 1 12.5 0.
5.127 14 DL_VALUE 10 1.
5.127 14 WP_MOVED 10 360452.8125 4813581. 260. 31
5.160 14 NAVIGATION 2 2 0. 0. 0. 0. 0 6 6 1 0 0
5.178 14 DESIRED 0. 0.00024 0. 0. 0. 235. 0. 13.
5.179 14 GPS 3 36028477 481359546 899 185000 0 32 0 18451240 31 0
5.227 14 ESTIMATOR 185.06662 0.32
5.326 14 ATTITUDE 0.0023 0. -0.000365
5.410 14 NAVIGATION 2 2 0. 0. 0. 0. 0 6 6 1 0 0
5.426 14 GPS 3 36028477 481359546 899 185000 0 33 0 18451480 31 0
5.627 14 WP_MOVED 11 360169.5 4813757.5 260. 31
5.661 14 NAVIGATION 2 2 0. 0. 0. 0. 0 6 6 1 0 0
5.678 14 GPS 3 36028477 481359546 899 185000 0 34 0 18451720 31 0
5.679 14 SVINFO 3 10 1 3 48 6 159
5.727 14 NAVIGATION 2 2 0. 0. 0. 0. 0 6 6 1 0 0
5.728 14 ESTIMATOR 185.142303 0.34
5.827 14 IR_SENSORS 0 0 23 -16 264
5.828 14 ENERGY 0 12.5 0. 0. 0. 0.
5.828 14 AIRSPEED 0. 0. 0. 0.
5.831 14 ATTITUDE 0.0023 0. -0.000365
5.915 14 NAVIGATION 2 2 0. 0. 0. 0. 0 7 7 1 0 0
5.926 14 FBW_STATUS 2 0 1 12.5 0.
5.926 14 GPS 3 36028477 481359546 899 185000 0 21 0 18451960 31 0
6.027 14 GPS_SOL 625 625 625 7
6.127 14 WP_MOVED 12 360287.59375 4813581. 260. 31
6.160 14 NAVIGATION 2 2 0. 0. 0. 0. 0 7 7 1 0 0
6.178 14 GPS 3 36028477 481359546 899 185000 0 26 0 18452240 31 0
6.226 14 DESIRED 0. 0.00024 0. 0. 0. 235. 0. 13.
6.226 14 ESTIMATOR 185.16452 0.26
6.327 14 ATTITUDE 0.0023 0. -0.000365
6.410 14 NAVIGATION 2 2 0. 0. 0. 0. 0 7 7 1 0 0
6.427 14 GPS 3 36028477 481359546 899 185000 0 18 0 18452480 31 0
6.627 14 CALIBRATION 0. 0
6.628 14 DL_VALUE 11 5.
6.629 14 WP_MOVED 13 360311.5 4813547. 260. 31
6.662 14 NAVIGATION 2 2 0. 0. 0. 0. 0 7 7 1 0 0
6.676 14 GPS 3 36028477 481359546 899 185000 0 6 0 18452720 31 0
6.676 14 SVINFO 0 7 0 0 46 79 10
6.726 14 NAVIGATION 2 2 0. 0. 0. 0. 0 7 7 1 0 0
6.726 14 ESTIMATOR 185.160156 0.06
6.828 14 AIRSPEED 0. 0. 0. 0.
6.828 14 ATTITUDE 0.0023 0. -0.000365
6.911 14 NAVIGATION 2 2 0. 0. 0. 0. 0 8 8 1 0 0
6.927 14 ENERGY 0 12.5 0. 0. 0. 0.
6.927 14 GPS 3 36028477 481359546 899 185000 0 0 0 18452960 31 0
6.928 14 SVINFO 1 8 1 1 47 38 60
7.026 14 NAVIGATION_REF 360284 4813595 31 185.
7.027 14 IR_SENSORS 0 0 23 -16 264
7.111 14 FBW_STATUS 2 0 1 12.5 0.
7.127 14 WP_MOVED 14 360300.6875 4813575.5 260. 31
7.161 14 NAVIGATION 2 2 0. 0. 0. 0. 0 8 8 1 0 0
7.177 14 GPS 3 36028477 481359546 899 185000 0 13 0 18453240 31 0
7.178 14 SVINFO 2 9 1 2 48 3 110
7.227 14 ESTIMATOR 185.096695 0.13
7.277 14 DESIRED 0. 0.00024 0. 0. 0. 235. 0. 13.
7.327 14 ATTITUDE 0.0023 0. -0.000365
7.410 14 NAVIGATION 2 2 0. 0. 0. 0. 0 8 8 1 0 0
7.427 14 GPS 3 36028477 481359546 899 185000 0 -2 0 18453480 31 0
7.627 14 WP_MOVED 15 360297.6875 4813554.5 260. 31
7.661 14 NAVIGATION 2 2 0. 0. 0. 0. 0 8 8 1 0 0
7.677 14 GPS 3 36028477 481359546 899 185000 0 -16 0 18453720 31 0
7.678 14 SVINFO 4 11 1 4 49 46 210
7.727 14 NAVIGATION 2 2 0. 0. 0. 0. 0 8 8 1 0 0
7.728 14 ESTIMATOR 185.067612 -0.16
7.827 14 AIRSPEED 0. 0. 0. 0.
7.827 14 ATTITUDE 0.0023 0. -0.000365
7.909 14 NAVIGATION 2 2 0. 0. 0. 0. 0 9 9 1 0 0
7.927 14 FBW_STATUS 2 0 1 12.5 0.
7.927 14 GPS 3 36028477 481359546 899 185000 0 -3 0 18453960 31 0
8.027 14 GPS_SOL 637 637 637 7
8.027 14 ENERGY 0 12.5 0. 0. 0. 0.
8.127 14 DL_VALUE 12 100.
8.127 14 WP_MOVED 16 361184. 4813643. 260. 31
8.160 14 NAVIGATION 2 2 0. 0. 0. 0. 0 9 9 1 0 0
8.176 14 GPS 3 36028477 481359546 899 185000 0 2 0 18454239 31 0
8.226 14 IR_SENSORS 0 0 23 -16 264
8.227 14 ESTIMATOR 185.009674 0.02
8.328 14 DESIRED 0. 0.00024 0. 0. 0. 235. 0. 13.
8.328 14 ATTITUDE 0.0023 0. -0.000365
8.411 14 NAVIGATION 2 2 0. 0. 0. 0. 0 9 9 1 0 0
8.427 14 GPS 3 36028477 481359546 899 185000 0 -9 0 18454480 31 0
8.427 14 SVINFO 0 7 0 0 47 76 11
8.626 14 WP_MOVED 17 361184. 4813643. 260. 31
8.660 14 NAVIGATION 2 2 0. 0. 0. 0. 0 9 9 1 0 0
8.677 14 GPS 3 36028477 481359546 899 185000 0 13 0 18454720 31 0
8.727 14 CALIBRATION 0. 0
8.727 14 NAVIGATION 2 2 0. 0. 0. 0. 0 9 9 1 0 0
8.727 14 ESTIMATOR 184.991379 0.13
8.827 14 AIRSPEED 0. 0. 0. 0.
8.827 14 ATTITUDE 0.0023 0. -0.000365
8.910 14 NAVIGATION 2 2 0. 0. 0. 0. 0 10 10 1 0 0
8.927 14 GPS 3 36028477 481359546 899 185000 0 10 0 18454960 31 0
9.011 14 COMMANDS 0,-17,7,0
9.110 14 FBW_STATUS 2 0 1 12.5 0.
9.127 14 ENERGY 0 12.5 0. 0. 0. 0.
9.127 14 WP_MOVED 18 360289. 4813605. 220. 31
9.161 14 NAVIGATION 2 2 0. 0. 0. 0. 0 10 10 1 0 0
9.177 14 GPS 3 36028477 481359546 899 185000 0 24 0 18455239 31 0
9.227 14 COMMANDS 0,-17,7,0
9.227 14 ESTIMATOR 185.031754 0.24
9.327 14 STATE_FILTER_STATUS 2 3 303
9.327 14 ATTITUDE 0.0023 0. -0.000365
9.378 14 DESIRED 0. 0.00024 0. 0. 0. 235. 0. 13.
9.410 14 NAVIGATION 2 2 0. 0. 0. 0. 0 10 10 1 0 0
9.427 14 IR_SENSORS 0 0 23 -16 264
9.427 14 GPS 3 36028477 481359546 899 185000 0 34 0 18455480 31 0
9.527 14 DATALINK_REPORT 20 0 514 529 0 0
9.527 14 PPRZ_MODE 2 1 2 0 0 6
9.629 14 ALIVE 179,209,69,119,115,11,176,21,181,244,80,210,55,176,198,136
9.629 14 DL_VALUE 13 1.
9.629 14 WP_MOVED 19 360289. 4813610. 500. 31
9.659 14 NAVIGATION 2 2 0. 0. 0. 0. 0 10 10 1 0 0
9.677 14 GPS 3 36028477 481359546 899 185000 0 18 0 18455720 31 0
9.727 14 NAVIGATION 2 2 0. 0. 0. 0. 0 10 10 1 0 0
9.728 14 ESTIMATOR 185.113815 0.18
9.826 14 AIRSPEED 0. 0. 0. 0.
9.827 14 ATTITUDE 0.0023 0. -0.000365
9.911 14 NAVIGATION 2 2 0. 0. 0. 0. 0 11 11 1 0 0
9.927 14 FBW_STATUS 2 0 1 12.5 0.
9.928 14 GPS 3 36028477 481359546 899 185000 0 21 0 18456000 31 0
10.027 14 GPS_SOL 648 648 648 7
10.126 14 WP_MOVED 20 360289. 4813620. 300. 31
10.160 14 NAVIGATION 2 2 0. 0. 0. 0. 0 11 11 1 0 0
10.177 14 GPS 3 36028477 481359546 899 185000 0 17 0 18456239 31 0
10.227 14 ENERGY 0 12.5 0. 0. 0. 0.
10.227 14 ESTIMATOR 185.126694 0.17
10.300 14 WIND_INFO 14 5 0. 0. 0. 0.
10.327 14 ATTITUDE 0.0023 0. -0.000365
10.409 14 NAVIGATION 2 2 0. 0. 0. 0. 0 11 11 1 0 0
10.427 14 DESIRED 0. 0.00024 0. 0. 0. 235. 0. 13.
10.428 14 GPS 3 36028477 481359546 899 185000 0 15 0 18456480 31 0
10.428 14 SVINFO 1 8 0 1 48 32 62
10.456 14 SETTING 9 14 1.
10.457 14 DL_VALUE 9 1.
10.627 14 IR_SENSORS 0 0 23 -16 264
10.627 14 WP_MOVED 21 360289. 4813625. 400. 31
10.661 14 NAVIGATION 2 2 0. 0. 0. 0. 0 11 11 1 0 0
10.677 14 GPS 3 36028477 481359546 899 185000 0 16 0 18456720 31 0
10.727 14 NAVIGATION 2 2 0. 0. 0. 0. 0 11 11 1 0 0
10.727 14 ESTIMATOR 185.121277 0.16
10.826 14 CALIBRATION 0. 0
10.827 14 AIRSPEED 0. 0. 0. 0.
10.827 14 ATTITUDE 0.0023 0. -0.000365
10.910 14 NAVIGATION 2 2 0. 0. 0. 0. 0 12 12 1 0 0
10.927 14 GPS 3 36028477 481359546 899 185000 0 -2 0 18456960 31 0
10.927 14 SVINFO 3 10 0 3 49 11 162
11.110 14 FBW_STATUS 2 0 1 12.5 0.
11.127 14 AUTOPILOT_VERSION 51500 v5.15_devel-179-g9a29798-dirty
11.128 14 DL_VALUE 14 0.
11.128 14 WP_MOVED 22 360289. 4813645. 250. 31
11.160 14 NAVIGATION 2 2 0. 0. 0. 0. 0 12 12 1 0 0
11.177 14 GPS 3 36028477 481359546 899 185000 0 4 0 18457239 31 0
11.227 14 ESTIMATOR 185.085312 0.04
11.305 14 BLOCK 3 14
11.305 14 NAVIGATION 3 0 0. 0. 0. 0. 0 0 0 1 0 0
11.327 14 ENERGY 0 12.5 0. 0. 0. 0.
11.327 14 ATTITUDE 0.0023 0. -0.000365
11.409 14 NAVIGATION 3 2 0. 0. 198.624115 0. 0 0 0 0 0 0
11.427 14 GPS 3 36028477 481359546 899 185000 0 0 0 18457480 31 0
11.477 14 DESIRED -0. 0.262039 0. -114.5 162.300003 235. 0. 13.
11.627 14 WP_MOVED 0 360326. 4813637. 260. 31
11.661 14 NAVIGATION 3 2 0. 2.5 196.586594 2.5 0 0 0 0 0 0
11.678 14 GPS 3 36028477 481359802 3599 184997 1063 8 0 18457720 31 0
11.730 14 NAVIGATION 3 2 0. 2.5 196.586594 2.5 0 0 0 0 0 0
11.730 14 ESTIMATOR 185.051849 0.08
11.827 14 IR_SENSORS 0 0 27 -18 263
11.827 14 AIRSPEED 0. 0. 0. 0.
11.827 14 ATTITUDE -0.005503 6.283179 0.015037
11.910 14 TAKEOFF 22
11.911 14 NAVIGATION 3 2 0. 5.5 194.155838 5.5 1 1 1 0 0 0
11.926 14 FBW_STATUS 2 0 1 12.5 0.32117
11.926 14 GPS 3 36028477 481360102 3599 184986 1250 0 0 18457960 31 0
12.027 14 GPS_SOL 659 659 659 7
12.127 14 WP_MOVED 1 360284. 4813595. 260. 31
12.161 14 NAVIGATION 3 2 -0.03125 9. 191.321671 9.000054 1 1 1 0 0 0
12.177 14 GPS 3 36028474 481360451 3595 184987 1246 -1 0 18458239 31 0
12.227 14 ESTIMATOR 185.033661 -0.01
12.327 14 ATTITUDE -0.10985 6.27558 0.07033
12.411 14 NAVIGATION 3 2 -0.0625 12. 188.907471 12.000163 1 1 1 0 0 0
12.427 14 ENERGY 51 12.5 0.741786 9.272321 0.000554 0.006925
12.427 14 GPS 3 36028467 481360754 3585 185039 1264 20 0 18458480 31 0
12.428 14 SVINFO 2 9 0 2 49 0 113
12.527 14 DESIRED -0.285684 0.278551 0. -114.5 162.300003 235. 0. 13.
12.627 14 DL_VALUE 15 0.
12.627 14 WP_MOVED 2 360333.5 4813695. 260. 31
12.661 14 NAVIGATION 3 2 -0.21875 15. 186.433624 15.001595 1 1 1 0 0 0
12.677 14 GPS 3 36028451 481361064 3570 185179 1295 79 0 18458720 31 0
12.726 14 NAVIGATION 3 2 -0.21875 15. 186.433624 15.001595 1 1 1 0 0 0
12.727 14 ESTIMATOR 185.107803 0.79
12.826 14 AIRSPEED 0. 0. 0. 0.
12.827 14 ATTITUDE -0.230843 6.231186 0.150108
12.911 14 NAVIGATION 3 2 -0.5 18.5 183.505966 18.506756 2 2 2 0 0 0
12.927 14 CALIBRATION 0. 0
12.928 14 GPS 3 36028422 481361383 3549 185438 1333 117 0 18458960 31 0
13.027 14 IR_SENSORS 0 0 67 -83 244
13.111 14 FBW_STATUS 2 0 1 12.5 1.505746
13.127 14 WP_MOVED 3 360294.09375 4813785. 260. 31
13.161 14 NAVIGATION 3 2 -1.0625 22. 180.422165 22.025642 2 2 2 0 0 0
13.177 14 GPS 3 36028370 481361766 3519 185924 1384 203 0 18459239 31 0
13.227 14 ESTIMATOR 185.706955 2.03
13.327 14 ATTITUDE -0.297314 6.14342 0.224409
13.411 14 NAVIGATION 3 2 -1.71875 25.5 177.295944 25.557858 2 2 2 0 0 0
13.426 14 GPS 3 36028306 481362103 3492 186520 1426 256 0 18459480 31 0
13.527 14 ENERGY 88 12.5 1.627817 20.347708 0.002932 0.036647
13.577 14 DESIRED -0.297974 0.294508 0. -114.5 162.300003 235. 0. 13.
13.627 14 WP_MOVED 4 360416.3125 4813734. 260. 31
13.660 14 NAVIGATION 3 2 -2.5 29. 174.105972 29.107559 2 2 2 0 0 0
13.677 14 GPS 3 36028225 481362442 3464 187284 1453 341 0 18459720 31 0
13.677 14 SVINFO 0 7 0 0 48 69 14
13.727 14 NAVIGATION 3 2 -2.5 29. 174.105972 29.107559 2 2 2 0 0 0
13.728 14 ESTIMATOR 187.023132 3.41
13.827 14 AIRSPEED 0. 0. 0. 0.
13.828 14 ATTITUDE -0.308059 6.047058 0.287332
13.910 14 NAVIGATION 3 2 -2.5 29. 174.105972 29.107559 3 3 3 0 0 0
13.927 14 FBW_STATUS 2 0 1 12.5 1.627817
13.927 14 GPS 3 36028108 481362836 3434 188366 1468 398 0 18460000 31 0
14.011 14 COMMANDS 8524,110,-123,0
14.027 14 GPS_SOL 668 668 668 7
14.127 14 DL_VALUE 16 80.
14.128 14 WP_MOVED 5 360421. 4813583.5 260. 31
14.161 14 NAVIGATION 3 2 -3.65625 33. 170.308044 33.201931 3 3 3 0 0 0
14.177 14 GPS 3 36027990 481363169 3405 189427 1471 436 0 18460239 31 0
14.227 14 COMMANDS 8524,201,-281,0
14.228 14 IR_SENSORS 0 0 100 -87 232
14.228 14 ESTIMATOR 189.098663 4.36
14.327 14 STATE_FILTER_STATUS 2 3 419
14.328 14 ATTITUDE -0.292155 5.944536 0.323334
14.410 14 NAVIGATION 3 2 -4.84375 36. 167.260818 36.324398 3 3 3 0 0 0
14.427 14 GPS 3 36027859 481363496 3380 190580 1467 481 0 18460480 31 0
14.527 14 PPRZ_MODE 2 1 2 0 0 6
14.627 14 DATALINK_REPORT 3 3 635 520 0 0
14.628 14 ALIVE 179,209,69,119,115,11,176,21,181,244,80,210,55,176,198,136
14.628 14 ENERGY 88 12.5 1.627817 20.347708 0.005916 0.073951
14.628 14 DESIRED -0.244429 0.291043 0. -114.5 162.300003 235. 0. 13.
14.629 14 WP_MOVED 6 360164.8125 4813664.5 260. 31
14.660 14 NAVIGATION 3 2 -6.15625 39.5 163.762665 39.97686 3 3 3 0 0 0
14.677 14 GPS 3 36027714 481363815 3355 191795 1459 492 0 18460720 31 0
14.727 14 NAVIGATION 3 2 -7.625 42.5 163.762665 39.97686 3 3 3 0 0 0
14.728 14 ESTIMATOR 191.569412 4.92
14.826 14 AIRSPEED 0. 0. 0. 0.
14.826 14 ATTITUDE -0.267904 5.85663 0.33255
14.910 14 NAVIGATION 3 2 -7.625 42.5 160.543777 43.178589 4 4 4 0 0 0
14.926 14 GPS 3 36027557 481364125 3331 193046 1450 519 0 18460960 31 0
15.027 14 CALIBRATION 0. 0
15.111 14 FBW_STATUS 2 0 1 12.5 1.627817
15.127 14 WP_MOVED 7 360558.40625 4813804.5 260. 31
15.160 14 NAVIGATION 3 2 -9.1875 46. 156.896194 46.908531 4 4 4 0 0 0
15.177 14 GPS 3 36027360 481364477 3305 194523 1439 519 0 18461239 31 0
15.227 14 ESTIMATOR 194.253342 5.19
15.327 14 ATTITUDE -0.225512 5.769872 0.327808
15.410 14 NAVIGATION 3 2 -11.15625 49.5 152.98291 50.741619 4 4 4 0 0 0
15.427 14 IR_SENSORS 0 0 103 -67 236
15.427 14 GPS 3 36027180 481364771 3285 195786 1431 510 0 18461480 31 0
15.627 14 DL_VALUE 17 0.
15.628 14 WP_MOVED 8 360461.40625 4813640. 215. 31
15.661 14 NAVIGATION 3 2 -12.9375 52. 149.936752 53.585251 4 4 4 0 0 0
15.677 14 DESIRED -0.123873 0.28139 0. -114.5 162.300003 235. 0. 13.
15.677 14 GPS 3 36026993 481365057 3267 197036 1424 515 0 18461720 31 0
15.678 14 SVINFO 1 8 0 1 49 23 65
15.728 14 ENERGY 88 12.5 1.627817 20.347708 0.0089 0.111255
15.728 14 NAVIGATION 3 2 -14.84375 55. 149.936752 53.585251 4 4 4 0 0 0
15.729 14 ESTIMATOR 196.924652 5.15
15.827 14 AIRSPEED 0. 0. 0. 0.
15.827 14 ATTITUDE -0.174288 5.702916 0.31107
15.910 14 NAVIGATION 3 2 -14.84375 55. 146.439957 56.967857 5 5 5 0 0 0
15.927 14 FBW_STATUS 2 0 1 12.5 1.627817
15.927 14 GPS 3 36026798 481365336 3251 198264 1420 514 0 18461960 31 0
16.027 14 NAVIGATION_REF 360284 4813595 31 185.
16.027 14 GPS_SOL 676 676 676 7
16.127 14 WP_MOVED 9 360312.8125 4813652. 185. 31
16.161 14 NAVIGATION 3 2 -16.75 58. 142.945984 60.370213 5 5 5 0 0 0
16.177 14 GPS 3 36026563 481365656 3235 199666 1417 478 0 18462239 31 0
16.227 14 ESTIMATOR 199.550354 4.78
16.327 14 ATTITUDE -0.128225 5.646672 0.29253
16.410 14 NAVIGATION 3 2 -19.125 61. 139.133331 63.927814 5 5 5 0 0 0
16.427 14 GPS 3 36026355 481365925 3223 200841 1416 467 0 18462480 31 0
16.627 14 IR_SENSORS 0 0 95 -41 245
16.628 14 WP_MOVED 10 360452.8125 4813581. 260. 31
16.659 14 NAVIGATION 3 2 -21.1875 63.5 135.89946 66.941467 5 5 5 0 0 0
16.677 14 GPS 3 36026143 481366191 3213 201992 1417 446 0 18462720 31 0
16.727 14 DESIRED -0.062766 0.271698 0. -114.5 162.300003 235. 0. 13.
16.727 14 NAVIGATION 3 2 -23.3125 66.5 135.89946 66.941467 5 5 5 0 0 0
16.727 14 ESTIMATOR 201.951385 4.46
16.827 14 ENERGY 88 12.5 1.627817 20.347708 0.011885 0.14856
16.827 14 AIRSPEED 0. 0. 0. 0.
16.827 14 ATTITUDE -0.082478 5.609097 0.277726
16.910 14 NAVIGATION 3 2 -23.3125 66.5 132.260345 70.46788 6 6 6 0 0 0
16.927 14 GPS 3 36025927 481366454 3205 203123 1418 437 0 18462960 31 0
17.111 14 FBW_STATUS 2 0 1 12.5 1.627817
17.127 14 CALIBRATION 0. 0
17.127 14 DL_VALUE 18 1.
17.128 14 WP_MOVED 11 360169.5 4813757.5 260. 31
17.160 14 NAVIGATION 3 2 -25.46875 69. 128.962997 73.550369 6 6 6 0 0 0
17.177 14 GPS 3 36025670 481366758 3198 204420 1421 465 0 18463239 31 0
17.177 14 SVINFO 0 7 0 0 49 64 16
17.227 14 ESTIMATOR 204.236725 4.65
17.327 14 ATTITUDE -0.054042 5.581821 0.269284
17.420 14 NAVIGATION 3 2 -28.03125 72. 125.023743 77.26416 6 6 6 0 0 0
17.428 14 GPS 3 36025447 481367018 3193 205518 1425 458 0 18463480 31 0
17.627 14 WP_MOVED 12 360287.59375 4813581. 260. 31
17.661 14 NAVIGATION 3 2 -30.28125 74.5 121.661987 80.41893 6 6 6 0 0 0
17.678 14 GPS 3 36025222 481367276 3189 206606 1428 453 0 18463720 31 0
17.728 14 NAVIGATION 3 2 -32.5 77. 121.661987 80.41893 6 6 6 0 0 0
17.728 14 ESTIMATOR 206.582733 4.53
17.777 14 DESIRED -0.034779 0.266135 0. -114.5 162.300003 235. 0. 13.
17.827 14 IR_SENSORS 0 0 90 -26 248
17.827 14 AIRSPEED 0. 0. 0. 0.
17.828 14 ATTITUDE -0.041625 5.566318 0.260857
17.910 14 NAVIGATION 3 2 -32.5 77. 118.321976 83.577805 7 7 7 0 0 0
17.928 14 FBW_STATUS 2 0 1 12.5 1.627817
17.928 14 ENERGY 88 12.5 1.627817 20.347708 0.014869 0.185864
17.928 14 GPS 3 36024995 481367534 3185 207688 1431 461 0 18463960 31 0
18.027 14 GPS_SOL 683 683 683 7
18.127 14 WP_MOVED 13 360311.5 4813547. 260. 31
18.161 14 NAVIGATION 3 2 -34.78125 79.5 114.938766 86.77549 7 7 7 0 0 0
18.177 14 GPS 3 36024727 481367833 3181 208947 1435 467 0 18464239 31 0
18.227 14 ESTIMATOR 208.882843 4.67
18.326 14 ATTITUDE -0.033257 5.553463 0.259568
18.410 14 NAVIGATION 3 2 -37.46875 83. 110.554535 91.065399 7 7 7 0 0 0
18.428 14 GPS 3 36024495 481368089 3179 210025 1437 465 0 18464480 31 0
18.627 14 DL_VALUE 19 0.
18.628 14 WP_MOVED 14 360300.6875 4813575.5 260. 31
18.661 14 NAVIGATION 4 0 -39.78125 85.5 0. 94.301636 7 0 0 0 0 0
18.677 14 GPS 3 36024263 481368345 3176 211105 1440 471 0 18464720 31 0
18.727 14 NAVIGATION 4 0 -42.125 88. 0. 94.301636 7 0 0 0 0 0
18.728 14 ESTIMATOR 211.180237 4.71
18.827 14 DESIRED -0.026585 0.264849 0. -114.5 162.300003 235. 0. 13.
18.828 14 AIRSPEED 0. 0. 0. 0.
18.828 14 ATTITUDE -0.029276 5.543906 0.259568
18.911 14 NAVIGATION 4 0 -42.125 88. 0. 97.562881 8 1 1 0 0 0
18.927 14 CIRCLE 49.5 100.099998 80.
18.928 14 GPS 3 36024028 481368599 3173 212188 1441 481 0 18464960 31 0
19.010 14 COMMANDS 8524,4209,511,0
19.026 14 IR_SENSORS 0 0 90 -19 249
19.027 14 ENERGY 88 12.5 1.627817 20.347708 0.017854 0.223168
19.111 14 FBW_STATUS 2 0 1 12.5 1.627817
19.127 14 WP_MOVED 15 360297.6875 4813554.5 260. 31
19.160 14 NAVIGATION 4 0 -44.46875 90.5 0. 100.835114 8 1 1 0 0 0
19.176 14 GPS 3 36023754 481368896 3172 213456 1443 470 0 18465239 31 0
19.227 14 COMMANDS 8524,3897,523,0
19.227 14 CALIBRATION 0. 1
19.227 14 ESTIMATOR 213.500977 4.7
19.327 14 STATE_FILTER_STATUS 2 3 340
19.327 14 ATTITUDE 0.062832 5.536891 0.263116
19.411 14 NAVIGATION 4 0 -47.21875 93.5 0. 104.746651 8 1 1 0 0 0
19.427 14 GPS 3 36023520 481369152 3176 214550 1444 459 0 18465480 31 0
19.527 14 PPRZ_MODE 2 3 2 2 0 6
19.627 14 ALIVE 179,209,69,119,115,11,176,21,181,244,80,210,55,176,198,136
19.627 14 WP_MOVED 16 361184. 4813643. 260. 31
19.661 14 NAVIGATION 4 0 -49.5625 96. 0. 108.03907 8 1 1 0 0 0
19.677 14 GPS 3 36023291 481369412 3185 215655 1444 463 0 18465720 31 0
19.727 14 DATALINK_REPORT 8 3 756 531 0 0
19.727 14 NAVIGATION 4 0 -51.84375 98.5 0. 108.03907 8 1 1 0 0 0
19.728 14 ESTIMATOR 215.756073 4.63
19.827 14 AIRSPEED 0. 0. 0. 0.
19.827 14 ATTITUDE 0.196182 5.559685 0.277726
19.880 14 DESIRED 0.566886 0.321681 0. -9.359406 154.280914 260. 1.360693 13.
19.911 14 NAVIGATION 4 0 -51.84375 98.5 0. 111.310486 9 2 2 0 0 0
19.927 14 FBW_STATUS 2 0 1 12.5 1.627817
19.928 14 GPS 3 36023068 481369678 3200 216773 1443 465 0 18465960 31 0
19.977 14 CIRCLE 49.5 100.099998 80.
20.028 14 GPS_SOL 689 689 689 7
20.127 14 DL_VALUE 20 0.
20.128 14 ENERGY 88 12.5 1.627817 20.347708 0.020838 0.260472
20.128 14 WP_MOVED 17 361184. 4813643. 260. 31
20.160 14 NAVIGATION 4 0 -54.0625 101. 0. 114.558952 9 2 2 0 0 0
20.176 14 GPS 3 36022822 481369997 3225 218096 1442 463 0 18466239 31 0
20.227 14 IR_SENSORS 0 0 98 59 240
20.227 14 ESTIMATOR 218.054291 4.63
20.301 14 WIND_INFO 14 5 -2.8 5.2 0. 8.7
20.327 14 ATTITUDE 0.324476 5.629472 0.305443
20.412 14 NAVIGATION 4 0 -56.5 104.5 0. 118.796043 9 2 2 0 0 0
20.428 14 GPS 3 36022625 481370282 3253 219243 1440 481 0 18466480 31 0
20.627 14 WP_MOVED 18 360289. 4813605. 220. 31
20.661 14 NAVIGATION 4 0 -58.5 107. 0. 121.947731 9 2 2 0 0 0
20.678 14 GPS 3 36022446 481370577 3287 220402 1438 502 0 18466720 31 0
20.727 14 NAVIGATION 4 0 -60.28125 110.5 0. 121.947731 9 2 2 0 0 0
20.728 14 ESTIMATOR 220.417023 5.02
20.827 14 AIRSPEED 8.7 0. 0. 0.
20.827 14 ATTITUDE 0.461354 5.701684 0.337045
20.911 14 NAVIGATION 4 0 -60.28125 110.5 0. 125.873268 10 3 3 0 0 0
20.927 14 DESIRED 0.568467 0.350324 0. -1.481323 161.75148 260. 1.187489 13.
20.927 14 GPS 3 36022288 481370883 3327 221566 1435 504 0 18466960 31 0
21.026 14 CIRCLE 49.5 100.099998 80.
21.111 14 FBW_STATUS 2 0 1 12.5 1.627817
21.127 14 WP_MOVED 19 360289. 4813610. 500. 31
21.160 14 NAVIGATION 4 0 -61.875 113.5 0. 129.270126 10 3 3 0 0 0
21.178 14 GPS 3 36022137 481371255 3382 222927 1433 495 0 18467239 31 0
21.227 14 ENERGY 88 12.5 1.627817 20.347708 0.023822 0.297775
21.227 14 ESTIMATOR 222.910416 4.95
21.327 14 CALIBRATION 0. 1
21.327 14 ATTITUDE 0.549941 5.983637 0.363514
21.409 14 NAVIGATION 4 0 -63.375 117. 0. 133.0616 10 3 3 0 0 0
21.427 14 IR_SENSORS 0 0 107 118 217
21.427 14 GPS 3 36022039 481371584 3434 224092 1431 492 0 18467480 31 0
21.627 14 DL_VALUE 21 0.
21.628 14 WP_MOVED 20 360289. 4813620. 300. 31
21.661 14 NAVIGATION 4 0 -64.34375 120.5 0. 136.602951 10 3 3 0 0 0
21.677 14 GPS 3 36021973 481371921 3489 225255 1429 491 0 18467720 31 0
21.727 14 NAVIGATION 4 0 -65.03125 124. 0. 136.602951 10 3 3 0 0 0
21.728 14 ESTIMATOR 225.327805 4.91
21.827 14 AIRSPEED 8.7 0. 0. 0.
21.828 14 ATTITUDE 0.573461 0.00667 0.376381
21.912 14 NAVIGATION 4 0 -65.03125 124. 0. 140.018082 11 4 4 0 0 0
21.932 14 FBW_STATUS 2 0 1 12.5 1.627817
21.932 14 GPS 3 36021941 481372262 3545 226417 1428 495 0 18467960 31 0
21.977 14 DESIRED 0.540747 0.359368 0. 5.679924 167.031311 260. 1.040166 13.
22.026 14 GPS_SOL 693 693 693 7
22.078 14 CIRCLE 49.5 100.099998 80.
22.127 14 WP_MOVED 21 360289. 4813625. 400. 31
22.161 14 NAVIGATION 4 0 -65.34375 127. 0. 142.824387 11 4 4 0 0 0
22.176 14 GPS 3 36021945 481372662 10 227773 1427 500 0 18468239 31 0
22.227 14 AUTOPILOT_VERSION 51500 v5.15_devel-179-g9a29798-dirty
22.228 14 ESTIMATOR 227.761276 5.
22.327 14 ENERGY 88 12.5 1.627817 20.347708 0.026807 0.335079
22.328 14 ATTITUDE 0.560886 0.325364 0.374536
22.412 14 NAVIGATION 4 0 -65.3125 131. 0. 146.378693 11 4 4 0 0 0
22.430 14 GPS 3 36021984 481373002 65 228936 1426 504 0 18468480 31 0
22.628 14 IR_SENSORS 0 0 107 114 219
22.628 14 WP_MOVED 22 360289. 4813645. 250. 31
22.660 14 NAVIGATION 4 0 -64.90625 134.5 0. 149.342133 11 4 4 0 0 0
22.677 14 GPS 3 36022054 481373337 118 230100 1425 494 0 18468720 31 0
22.727 14 NAVIGATION 4 0 -64.1875 138. 0. 149.342133 11 4 4 0 0 0
22.728 14 ESTIMATOR 230.21286 4.94
22.827 14 AIRSPEED 8.7 0. 0. 0.
22.827 14 ATTITUDE 0.528288 0.580018 0.363631
22.910 14 NAVIGATION 4 0 -64.1875 138. 0. 152.197357 12 5 5 0 0 0
22.926 14 GPS 3 36022154 481373664 170 231264 1424 473 0 18468960 31 0
23.027 14 DESIRED 0.479396 0.353709 0. 13.725273 171.655365 260. 0.893614 13.
23.111 14 FBW_STATUS 2 0 1 12.5 1.627817
23.127 14 DL_VALUE 22 0.
23.127 14 CIRCLE 49.5 100.099998 80.
23.128 14 WP_MOVED 0 360326. 4813637. 260. 31
23.160 14 NAVIGATION 4 0 -63.21875 141. 0. 154.523819 12 5 5 0 0 0
23.177 14 GPS 3 36022307 481374032 229 232622 1424 477 0 18469239 31 0
23.227 14 ESTIMATOR 232.593063 4.77
23.327 14 ATTITUDE 0.497502 0.81146 0.354724
23.412 14 NAVIGATION 4 0 -61.65625 144.5 0. 157.104233 12 5 5 0 0 0
23.426 14 CALIBRATION 0. 1
23.427 14 ENERGY 88 12.5 1.627817 20.347708 0.029791 0.372382
23.427 14 GPS 3 36022466 481374334 277 233786 1423 492 0 18469480 31 0
23.627 14 WP_MOVED 1 360284. 4813595. 260. 31
23.660 14 NAVIGATION 4 0 -60.125 148. 0. 159.746719 12 5 5 0 0 0
23.677 14 GPS 3 36022648 481374623 323 234952 1423 514 0 18469720 31 0
23.727 14 NAVIGATION 4 0 -58.28125 150.5 0. 159.746719 12 5 5 0 0 0
23.728 14 ESTIMATOR 234.999252 5.14
23.827 14 IR_SENSORS 0 0 105 92 229
23.827 14 AIRSPEED 8.7 0. 0. 0.
23.828 14 ATTITUDE 0.444843 0.990309 0.342646
23.918 14 NAVIGATION 4 0 -58.28125 150.5 0. 161.390686 13 6 6 0 0 0
23.927 14 FBW_STATUS 2 0 1 12.5 1.627817
23.928 14 GPS 3 36022852 481374897 366 236122 1422 517 0 18469960 31 0
24.011 14 COMMANDS 8524,-305,48,0
24.026 14 GPS_SOL 697 697 697 7
24.077 14 DESIRED 0.391281 0.344214 0. 22.219017 175.304703 260. 0.750022 13.
24.127 14 WP_MOVED 2 360333.5 4813695. 260. 31
24.159 14 NAVIGATION 4 0 -56.21875 153.5 0. 163.471085 13 6 6 0 0 0
24.178 14 CIRCLE 49.5 100.099998 80.
24.178 14 GPS 3 36023114 481375197 417 237491 1421 510 0 18470239 31 0
24.227 14 COMMANDS 8524,-339,46,0
24.227 14 ESTIMATOR 237.523666 5.1
24.327 14 STATE_FILTER_STATUS 2 3 419
24.327 14 ATTITUDE 0.407774 1.155414 0.339361
24.414 14 NAVIGATION 4 0 -53.625 156.5 0. 165.432434 13 6 6 0 0 0
24.427 14 GPS 3 36023356 481375437 452 238670 1421 515 0 18470480 31 0
24.527 14 PPRZ_MODE 2 3 2 2 0 6
24.527 14 ENERGY 88 12.5 1.627817 20.347708 0.032775 0.409685
24.627 14 ALIVE 179,209,69,119,115,11,176,21,181,244,80,210,55,176,198,136
24.628 14 DL_VALUE 23 0.
24.628 14 WP_MOVED 3 360294.09375 4813785. 260. 31
24.660 14 NAVIGATION 4 0 -51.1875 158.5 0. 166.560532 13 6 6 0 0 0
24.677 14 GPS 3 36023613 481375661 489 239852 1420 515 0 18470720 31 0
24.727 14 NAVIGATION 4 0 -48.625 161. 0. 166.560532 13 6 6 0 0 0
24.728 14 ESTIMATOR 240.001358 5.15
24.827 14 DATALINK_REPORT 4 4 878 535 0 0
24.827 14 AIRSPEED 8.7 0. 0. 0.
24.828 14 ATTITUDE 0.36912 1.27512 0.334521
24.915 14 NAVIGATION 4 0 -48.625 161. 0. 168.182617 14 7 7 0 0 0
24.927 14 GPS 3 36023883 481375868 525 241039 1419 514 0 18470960 31 0
25.027 14 NAVIGATION_REF 360284 4813595 31 185.
25.028 14 IR_SENSORS 0 0 105 69 235
25.110 14 FBW_STATUS 2 0 1 12.5 1.627532
25.128 14 DESIRED 0.297075 0.335849 0. 31.266279 177.994354 260. 0.599959 13.
25.128 14 WP_MOVED 4 360416.3125 4813734. 260. 31
25.161 14 NAVIGATION 4 0 -45.90625 163. 0. 169.341019 14 7 7 0 0 0
25.177 14 GPS 3 36024213 481376090 566 242431 1417 517 0 18471239 31 0
25.227 14 CIRCLE 49.5 100.099998 80.
25.228 14 ESTIMATOR 242.489365 5.17
25.328 14 ATTITUDE 0.318701 1.395354 0.329783
25.422 14 NAVIGATION 4 0 -42.625 165.5 0. 170.90097 14 7 7 0 0 0
25.427 14 GPS 3 36024505 481376262 594 243630 1412 507 0 18471480 31 0
25.527 14 CALIBRATION 17.522127 2
25.627 14 ENERGY 73 12.5 1.261498 15.768729 0.035611 0.445125
25.628 14 WP_MOVED 5 360421. 4813583.5 260. 31
25.660 14 NAVIGATION 4 0 -39.71875 167. 0. 171.658325 14 7 7 0 0 0
25.677 14 GPS 3 36024802 481376419 622 244822 1398 509 0 18471720 31 0
25.678 14 SVINFO 6 13 0 6 48 61 321
25.727 14 NAVIGATION 4 0 -36.75 168.5 0. 171.658325 14 7 7 0 0 0
25.728 14 ESTIMATOR 244.961884 5.09
25.827 14 AIRSPEED 8.7 0. 0. 0.
25.828 14 ATTITUDE 0.272217 1.48453 0.318128
25.911 14 NAVIGATION 4 0 -36.75 168.5 0. 172.461044 15 8 8 0 0 0
25.928 14 FBW_STATUS 2 0 1 12.5 1.070487
25.928 14 GPS 3 36025101 481376559 648 245990 1374 494 0 18471960 31 0
26.027 14 GPS_SOL 699 699 699 7
26.127 14 DL_VALUE 24 0.
26.128 14 WP_MOVED 6 360164.8125 4813664.5 260. 31
26.160 14 NAVIGATION 4 0 -33.75 170. 0. 173.31781 15 8 8 0 0 0
26.177 14 DESIRED 0.178498 0.152444 0. 42.552799 179.797791 260. 0.414854 13.
26.178 14 GPS 3 36025448 481376702 680 247285 1334 450 0 18472239 31 0
26.227 14 IR_SENSORS 0 0 98 43 243
26.227 14 ESTIMATOR 247.375275 4.5
26.277 14 CIRCLE 49.5 100.099998 80.
26.327 14 ATTITUDE 0.229309 1.584218 0.291118
26.419 14 NAVIGATION 4 0 -30.28125 171.5 0. 174.152817 15 8 8 0 0 0
26.427 14 GPS 3 36025741 481376808 701 248308 1298 407 0 18472480 31 0
26.627 14 WP_MOVED 7 360558.40625 4813804.5 260. 31
26.661 14 NAVIGATION 4 0 -27.34375 172.5 0. 174.653748 15 8 8 0 0 0
26.678 14 GPS 3 36026027 481376899 723 249222 1253 378 0 18472720 31 0
26.727 14 ENERGY 31 12.5 0.469672 5.870901 0.037193 0.464902
26.727 14 NAVIGATION 4 0 -24.46875 173.5 0. 174.653748 15 8 8 0 0 0
26.728 14 ESTIMATOR 249.404999 3.78
26.827 14 AIRSPEED 8.7 0. 0. 0.
26.827 14 ATTITUDE 0.182736 1.665791 0.245288
26.924 14 NAVIGATION 4 0 -24.46875 173.5 0. 175.216919 16 9 9 0 0 0
26.927 14 GPS 3 36026305 481376976 744 250005 1203 334 0 18472960 31 0
27.111 14 FBW_STATUS 2 0 1 12.5 0.258558
27.127 14 WP_MOVED 8 360461.40625 4813640. 215. 31
27.161 14 NAVIGATION 4 0 -21.71875 174. 0. 175.350235 16 9 9 0 0 0
27.177 14 GPS 3 36026618 481377051 768 250734 1140 251 0 18473239 31 0
27.177 14 SVINFO 5 12 1 5 48 88 271
27.227 14 DESIRED 0.084381 0.029746 0. 50.977852 180.086349 260. 0.29216 13.
27.228 14 ESTIMATOR 251.003189 2.51
27.326 14 CIRCLE 49.5 100.099998 80.
27.327 14 ATTITUDE 0.137204 1.75642 0.191551
27.413 14 NAVIGATION 4 0 -18.59375 175. 0. 175.985016 16 9 9 0 0 0
27.428 14 IR_SENSORS 0 0 69 17 256
27.428 14 GPS 3 36026877 481377104 784 251192 1100 195 0 18473480 31 0
27.627 14 CALIBRATION 150. 0
27.628 14 DL_VALUE 25 0.
27.628 14 WP_MOVED 9 360312.8125 4813652. 185. 31
27.660 14 NAVIGATION 4 0 -16. 175.5 0. 176.227829 16 9 9 0 0 0
27.677 14 GPS 3 36027130 481377148 800 251500 1068 120 0 18473720 31 0
27.727 14 NAVIGATION 4 0 -13.46875 176. 0. 176.227829 16 9 9 0 0 0
27.727 14 ESTIMATOR 251.875549 1.2
27.827 14 ENERGY 17 12.5 0.210006 2.625071 0.037671 0.470879
27.827 14 AIRSPEED 8.7 0. 0. 0.
27.827 14 ATTITUDE 0.09371 1.817131 0.133037
27.910 14 NAVIGATION 4 0 -13.46875 176. 0. 176.514603 17 10 10 0 0 0
27.926 14 FBW_STATUS 2 0 1 12.5 0.210006
27.926 14 GPS 3 36027380 481377186 813 251675 1053 74 0 18473960 31 0
28.027 14 GPS_SOL 699 699 699 7
28.127 14 WP_MOVED 10 360452.8125 4813581. 260. 31
28.160 14 NAVIGATION 4 0 -10.9375 176.5 0. 176.838562 17 10 10 0 0 0
28.177 14 GPS 3 36027672 481377224 826 251743 1052 15 0 18474239 31 0
28.227 14 ESTIMATOR 252.106277 0.15
28.277 14 DESIRED 0.037029 0.018475 0. 58.769379 179.561188 260. 0.238592 13.
28.327 14 ATTITUDE 0.062832 1.854727 0.087187
28.377 14 CIRCLE 49.5 100.099998 80.
28.433 14 NAVIGATION 4 0 -8.03125 176.5 0. 176.682632 17 10 10 0 0 0
28.434 14 GPS 3 36027925 481377253 834 251713 1061 -13 0 18474480 31 0
28.627 14 IR_SENSORS 0 0 39 -5 262
28.627 14 WP_MOVED 11 360169.5 4813757.5 260. 31
28.661 14 NAVIGATION 4 0 -5.5 177. 0. 177.085434 17 10 10 0 0 0
28.677 14 GPS 3 36028182 481377280 841 251624 1076 -45 0 18474719 31 0
28.727 14 NAVIGATION 4 0 -2.90625 177.5 0. 177.085434 17 10 10 0 0 0
28.727 14 ESTIMATOR 251.903809 -0.45
28.827 14 AIRSPEED 8.7 0. 0. 0.
28.828 14 ATTITUDE 0.036222 1.865522 0.04877
28.936 14 NAVIGATION 4 0 -2.90625 177.5 0. 177.523788 18 11 11 0 0 0
28.938 14 ENERGY 20 12.5 0.248882 3.111021 0.038083 0.476027
28.938 14 GPS 3 36028443 481377304 846 251494 1094 -74 0 18474960 31 0
29.009 14 COMMANDS 2031,17,-269,0
29.110 14 FBW_STATUS 2 0 1 12.5 0.268621
29.127 14 DL_VALUE 26 160.
29.127 14 WP_MOVED 12 360287.59375 4813581. 260. 31
29.160 14 NAVIGATION 4 0 -0.3125 177.5 0. 177.500275 18 11 11 0 0 0
29.178 14 GPS 3 36028755 481377331 850 251312 1120 -61 0 18475239 31 0
29.227 14 COMMANDS 2133,42,-130,0
29.228 14 ESTIMATOR 251.473907 -0.61
29.329 14 STATE_FILTER_STATUS 2 3 303
29.329 14 DESIRED 0.030601 0.015029 0. 66.454834 178.282684 260. 0.248553 13.
29.329 14 ATTITUDE 0.024971 1.865745 0.022143
29.430 14 NAVIGATION 4 0 2.8125 178. 0. 178.022217 18 11 11 0 0 0
29.431 14 CIRCLE 49.5 100.099998 80.
29.431 14 GPS 3 36029027 481377354 853 251142 1139 -62 0 18475480 31 0
29.527 14 PPRZ_MODE 2 3 2 2 0 6
29.627 14 ALIVE 179,209,69,119,115,11,176,21,181,244,80,210,55,176,198,136
29.627 14 WP_MOVED 13 360311.5 4813547. 260. 31
29.661 14 NAVIGATION 4 0 5.53125 178. 0. 178.085922 18 11 11 0 0 0
29.676 14 GPS 3 36029305 481377375 856 250969 1160 -79 0 18475719 31 0
29.727 14 CALIBRATION 86.816818 0
29.727 14 NAVIGATION 4 0 8.28125 178.5 0. 178.085922 18 11 11 0 0 0
29.728 14 ESTIMATOR 251.081436 -0.79
29.827 14 IR_SENSORS 0 0 24 -10 264
29.828 14 AIRSPEED 8.7 0. 0. 0.
29.828 14 ATTITUDE 0.024971 1.862508 0.007149
29.925 14 NAVIGATION 4 0 8.28125 178.5 0. 178.691986 19 12 12 0 0 0
29.928 14 DATALINK_REPORT 10 4 1002 535 0 0
29.928 14 FBW_STATUS 2 0 1 12.5 0.336284
29.929 14 GPS 3 36029588 481377395 858 250800 1180 -87 0 18475960 31 0
30.027 14 GPS_SOL 699 699 699 7
30.027 14 ENERGY 26 12.5 0.346548 4.331855 0.038627 0.482833
30.127 14 WP_MOVED 14 360300.6875 4813575.5 260. 31
30.161 14 NAVIGATION 4 0 11.125 178.5 0. 178.846344 19 12 12 0 0 0
30.177 14 GPS 3 36029924 481377418 862 250613 1204 -79 0 18476239 31 0
30.227 14 ESTIMATOR 250.636673 -0.79
30.302 14 WIND_INFO 14 5 0.5 3.8 0. 11.2
30.327 14 ATTITUDE 0.032538 1.860134 -0.004125
30.377 14 DESIRED 0.049383 0.01749 0. 75.438919 175.778076 260. 0.274129 13.
30.433 14 NAVIGATION 4 0 14.5 178.5 0. 179.087967 19 12 12 0 0 0
30.433 14 GPS 3 36030216 481377435 865 250467 1221 -70 0 18476480 31 0
30.434 14 SVINFO 4 11 1 4 48 81 223
30.477 14 CIRCLE 49.5 100.099998 80.
30.627 14 DL_VALUE 27 0.
30.627 14 WP_MOVED 15 360297.6875 4813554.5 260. 31
30.660 14 NAVIGATION 4 0 17.40625 179. 0. 179.844315 19 12 12 0 0 0
30.676 14 GPS 3 36030513 481377451 869 250338 1238 -50 0 18476719 31 0
30.729 14 NAVIGATION 4 0 20.375 179. 0. 179.844315 19 12 12 0 0 0
30.729 14 ESTIMATOR 250.288467 -0.5
30.827 14 AIRSPEED 11.2 0. 0. 0.
30.827 14 ATTITUDE 0.047739 1.829329 -0.004438
30.942 14 NAVIGATION 4 0 20.375 179. 0. 180.155884 20 13 13 0 0 0
30.942 14 GPS 3 36030813 481377465 873 250229 1253 -47 0 18476960 31 0
30.944 14 SVINFO 6 13 1 6 47 52 324
31.027 14 IR_SENSORS 0 0 22 -3 265
31.111 14 FBW_STATUS 2 0 1 12.5 0.437145
31.127 14 ENERGY 32 12.5 0.437145 5.464315 0.039353 0.491911
31.127 14 WP_MOVED 16 361184. 4813643. 260. 31
31.160 14 NAVIGATION 4 0 23.375 179. 0. 180.519775 20 13 13 0 0 0
31.176 14 GPS 3 36031168 481377478 880 250127 1269 -24 0 18477239 31 0
31.227 14 ESTIMATOR 250.079315 -0.24
31.326 14 ATTITUDE 0.062832 1.840364 -0.000365
31.432 14 NAVIGATION 4 0 26.9375 179. 0. 181.015549 20 13 13 0 0 0
31.432 14 DESIRED 0.089544 0.021426 0. 88.335342 170.041519 260. 0.297621 13.
31.433 14 GPS 3 36031475 481377485 885 250064 1278 -26 0 18477480 31 0
31.527 14 CIRCLE 49.5 100.099998 80.
31.627 14 WP_MOVED 17 361184. 4813643. 260. 31
31.660 14 NAVIGATION 4 0 30. 179. 0. 181.496552 20 13 13 0 0 0
31.678 14 GPS 3 36031784 481377489 892 250023 1287 -26 0 18477719 31 0
31.727 14 NAVIGATION 4 0 33.09375 179.5 0. 181.496552 20 13 13 0 0 0
31.727 14 ESTIMATOR 249.980484 -0.26
31.827 14 CALIBRATION -17.19175 0
31.827 14 AIRSPEED 11.2 0. 0. 0.
31.827 14 ATTITUDE 0.077982 1.856888 0.007149
31.935 14 NAVIGATION 4 0 33.09375 179.5 0. 182.525192 21 14 14 0 0 0
31.936 14 FBW_STATUS 2 0 1 12.5 0.478017
31.937 14 GPS 3 36032094 481377489 900 250003 1294 -19 0 18477960 31 0
32.027 14 GPS_SOL 697 697 697 7
32.127 14 DL_VALUE 28 0.32
32.127 14 WP_MOVED 18 360289. 4813605. 220. 31
32.161 14 NAVIGATION 4 0 36.21875 179.5 0. 183.117584 21 14 14 0 0 0
32.177 14 GPS 3 36032459 481377482 911 250005 1301 0 0 18478239 31 0
32.227 14 IR_SENSORS 0 0 26 8 264
32.227 14 ENERGY 35 12.5 0.492835 6.160441 0.040206 0.502564
32.228 14 ESTIMATOR 249.919907 0.
32.327 14 ATTITUDE 0.09691 1.884939 0.014652
32.416 14 NAVIGATION 4 0 39.84375 179. 0. 183.380814 21 14 14 0 0 0
32.426 14 GPS 3 36032772 481377471 920 250027 1305 7 0 18478480 31 0
32.427 14 SVINFO 5 12 1 5 47 85 274
32.477 14 DESIRED 0.127001 0.028285 0. 98.777672 163.121506 260. 0.302403 13.
32.577 14 CIRCLE 49.5 100.099998 80.
32.627 14 WP_MOVED 19 360289. 4813610. 500. 31
32.660 14 NAVIGATION 4 0 42.96875 179. 0. 184.085068 21 14 14 0 0 0
32.676 14 GPS 3 36033086 481377453 931 250067 1309 27 0 18478719 31 0
32.726 14 NAVIGATION 4 0 46.125 179. 0. 184.085068 21 14 14 0 0 0
32.726 14 ESTIMATOR 249.99115 0.27
32.827 14 AIRSPEED 11.2 0. 0. 0.
32.827 14 ATTITUDE 0.119804 1.916655 0.018798
32.917 14 NAVIGATION 4 0 46.125 179. 0. 184.847275 22 15 15 0 0 0
32.928 14 GPS 3 36033399 481377429 944 250123 1311 20 0 18478960 31 0
33.101 14 BLOCK 15 14
33.101 14 NAVIGATION 15 0 49.25 179. 0. 184.847275 22 0 0 0 0 0
33.110 14 FBW_STATUS 2 0 1 12.5 0.498575
33.127 14 WP_MOVED 20 360289. 4813620. 300. 31
33.160 14 NAVIGATION 15 1 49.25 179. 4812174. 185.651718 22 0 0 0 0 0
33.177 14 GPS 3 36033765 481377392 960 250204 1311 45 0 18479239 31 0
33.227 14 ESTIMATOR 250.145447 0.45
33.328 14 AUTOPILOT_VERSION 51500 v5.15_devel-179-g9a29798-dirty
33.328 14 ENERGY 26 12.5 0.387208 4.840103 0.041107 0.513828
33.328 14 ATTITUDE 0.150062 1.962229 0.022556
33.411 14 NAVIGATION 15 1 52.875 178.5 4812174. 186.166641 22 0 0 0 0 0
33.433 14 IR_SENSORS 0 0 28 31 262
33.434 14 GPS 3 36034076 481377352 973 250281 1306 53 0 18479480 31 0
33.527 14 DESIRED 0.491623 -0.229231 0. -1500. -4811995. 200. -1.504363 13.
33.626 14 DL_VALUE 29 0.
33.627 14 WP_MOVED 21 360289. 4813625. 400. 31
33.660 14 NAVIGATION 15 1 56. 178. 4812173. 186.601181 22 0 0 0 0 0
33.675 14 GPS 3 36034380 481377302 993 250336 1284 28 0 18479719 31 0
33.676 14 SVINFO 3 10 1 3 48 48 175
33.728 14 NAVIGATION 15 1 59.0625 177.5 4812173. 186.601181 22 0 0 0 0 0
33.728 14 ESTIMATOR 250.380844 0.28
33.826 14 AIRSPEED 11.2 0. 0. 0.
33.826 14 ATTITUDE 0.279456 2.021619 -0.014039
33.909 14 NAVIGATION 15 1 59.0625 177.5 4812172.5 187.068512 23 1 1 0 0 0
33.927 14 CALIBRATION -36.704227 1
33.928 14 FBW_STATUS 2 0 1 12.5 0.091552
33.928 14 GPS 3 36034673 481377239 1020 250327 1249 -4 0 18479960 31 0
34.010 14 COMMANDS 852,1143,-2209,0
34.027 14 NAVIGATION_REF 360284 4813595 31 185.
34.027 14 GPS_SOL 694 694 694 7
34.127 14 WP_MOVED 22 360289. 4813645. 250. 31
34.161 14 NAVIGATION 15 1 61.96875 177. 4812172.5 187.534332 23 1 1 0 0 0
34.177 14 GPS 3 36035001 481377146 1065 250190 1213 -56 0 18480239 31 0
34.227 14 COMMANDS 852,604,-1875,0
34.227 14 ESTIMATOR 250.352737 -0.56
34.328 14 STATE_FILTER_STATUS 2 3 340
34.328 14 ATTITUDE 0.389356 2.148837 -0.071332
34.410 14 NAVIGATION 15 1 65.25 176. 4812171. 187.706055 23 1 1 0 0 0
34.428 14 ENERGY 8 12.5 0.091552 1.144399 0.041366 0.517068
34.429 14 GPS 3 36035270 481377044 1106 249949 1199 -125 0 18480480 31 0
34.429 14 SVINFO 6 13 1 6 46 46 326
34.527 14 PPRZ_MODE 2 3 2 0 0 6
34.577 14 DESIRED 0.416031 -0.204841 0. -1500. -4811995. 200. -1.510582 13.
34.627 14 ALIVE 179,209,69,119,115,11,176,21,181,244,80,210,55,176,198,136
34.627 14 IR_SENSORS 0 0 -6 97 247
34.628 14 WP_MOVED 0 360326. 4813637. 260. 31
34.660 14 NAVIGATION 15 1 67.96875 175. 4812170.5 187.735855 23 1 1 0 0 0
34.677 14 GPS 3 36035529 481376920 1156 249591 1193 -169 0 18480719 31 0
34.727 14 NAVIGATION 15 1 70.53125 174. 4812170.5 187.735855 23 1 1 0 0 0
34.727 14 ESTIMATOR 249.770432 -1.69
34.827 14 AIRSPEED 11.2 0. 0. 0.
34.827 14 ATTITUDE 0.448933 2.288866 -0.136008
34.911 14 NAVIGATION 15 1 70.53125 174. 4812169. 187.751587 24 2 2 0 0 0
34.939 14 GPS 3 36035775 481376772 1209 249126 1197 -230 0 18480960 31 0
35.027 14 DATALINK_REPORT 2 6 1127 546 0 0
35.111 14 FBW_STATUS 2 0 1 12.5 0.091552
35.127 14 DL_VALUE 30 0.01
35.127 14 WP_MOVED 1 360284. 4813595. 260. 31
35.159 14 NAVIGATION 15 1 73. 172. 4812167.5 186.850204 24 2 2 0 0 0
35.178 14 GPS 3 36036046 481376569 1277 248466 1212 -277 0 18481239 31 0
35.178 14 SVINFO 2 9 0 2 48 10 126
35.227 14 ESTIMATOR 248.651703 -2.77
35.327 14 ATTITUDE 0.4349 2.460721 -0.18452
35.411 14 NAVIGATION 15 1 75.71875 170.5 4812165.5 186.557175 24 2 2 0 0 0
35.428 14 GPS 3 36036263 481376370 1324 247819 1227 -308 0 18481480 31 0
35.526 14 ENERGY 8 12.5 0.091552 1.144399 0.041534 0.519164
35.627 14 DESIRED 0.349102 -0.207192 0. -1500. -4811995. 200. -1.459551 13.
35.628 14 WP_MOVED 2 360333.5 4813695. 260. 31
35.661 14 NAVIGATION 15 1 77.875 168.5 4812164. 185.625336 24 2 2 0 0 0
35.678 14 GPS 3 36036466 481376150 1374 247115 1245 -345 0 18481719 31 0
35.679 14 SVINFO 4 11 1 4 47 86 226
35.727 14 NAVIGATION 15 1 79.875 166. 4812164. 185.625336 24 2 2 0 0 0
35.727 14 ESTIMATOR 247.143402 -3.45
35.827 14 IR_SENSORS 0 0 -32 85 249
35.827 14 AIRSPEED 11.2 0. 0. 0.
35.827 14 ATTITUDE 0.391794 2.592926 -0.21508
35.911 14 NAVIGATION 15 1 79.875 166. 4812161. 184.2173 25 3 3 0 0 0
35.950 14 FBW_STATUS 2 0 1 12.5 0.091552
35.950 14 GPS 3 36036653 481375911 1419 246370 1264 -367 0 18481960 31 0
35.951 14 SVINFO 5 12 0 5 46 82 276
36.026 14 CALIBRATION -36.704227 1
36.027 14 GPS_SOL 690 690 690 7
36.127 14 WP_MOVED 3 360294.09375 4813785. 260. 31
36.160 14 NAVIGATION 15 1 81.78125 163.5 4812159. 182.812531 25 3 3 0 0 0
36.177 14 GPS 3 36036851 481375611 1471 245465 1287 -364 0 18482239 31 0
36.227 14 ESTIMATOR 245.406555 -3.64
36.327 14 ATTITUDE 0.34374 2.724515 -0.232482
36.411 14 NAVIGATION 15 1 83.78125 160.5 4812155.5 181.051224 25 3 3 0 0 0
36.447 14 GPS 3 36037004 481375339 1506 244672 1302 -380 0 18482480 31 0
36.627 14 DL_VALUE 31 0.1
36.628 14 ENERGY 8 12.5 0.091552 1.144399 0.041702 0.521261
36.628 14 WP_MOVED 4 360416.3125 4813734. 260. 31
36.660 14 NAVIGATION 15 1 85.28125 158. 4812153.5 179.546341 25 3 3 0 0 0
36.678 14 DESIRED 0.25455 -0.216974 0. -1500. -4811995. 200. -1.33625 13.
36.678 14 GPS 3 36037142 481375054 1542 243872 1317 -372 0 18482719 31 0
36.727 14 NAVIGATION 15 1 86.6875 155. 4812153.5 179.546341 25 3 3 0 0 0
36.728 14 ESTIMATOR 243.663727 -3.72
36.827 14 AIRSPEED 11.2 0. 0. 0.
36.827 14 ATTITUDE 0.30504 2.81911 -0.239032
36.911 14 NAVIGATION 15 1 86.6875 155. 4812150.5 177.594269 26 4 4 0 0 0
36.950 14 GPS 3 36037264 481374759 1574 243072 1330 -372 0 18482960 31 0
37.026 14 IR_SENSORS 0 0 -39 59 256
37.111 14 FBW_STATUS 2 0 1 12.5 0.091552
37.127 14 WP_MOVED 5 360421. 4813583.5 260. 31
37.160 14 NAVIGATION 15 1 87.875 152. 4812147. 175.573395 26 4 4 0 0 0
37.177 14 GPS 3 36037388 481374404 1612 242146 1344 -360 0 18483239 31 0
37.178 14 SVINFO 3 10 1 3 47 54 177
37.227 14 ESTIMATOR 241.956314 -3.6
37.327 14 ATTITUDE 0.266206 2.914445 -0.237868
37.411 14 NAVIGATION 15 1 89.125 148.5 4812143.5 173.192139 26 4 4 0 0 0
37.458 14 GPS 3 36037479 481374092 1637 241363 1352 -350 0 18483480 31 0
37.627 14 WP_MOVED 6 360164.8125 4813664.5 260. 31
37.661 14 NAVIGATION 15 1 90.0625 145.5 4812140.5 171.118393 26 4 4 0 0 0
37.677 14 GPS 3 36037556 481373775 1663 240594 1358 -354 0 18483719 31 0
37.727 14 ENERGY 8 12.5 0.091552 1.144399 0.04187 0.523358
37.727 14 DESIRED 0.158664 -0.226317 0. -1500. -4811995. 200. -1.234054 13.
37.728 14 NAVIGATION 15 1 90.8125 142. 4812140.5 171.118393 26 4 4 0 0 0
37.728 14 ESTIMATOR 240.345963 -3.54
37.827 14 AIRSPEED 11.2 0. 0. 0.
37.827 14 ATTITUDE 0.215481 2.983334 -0.232393
37.910 14 NAVIGATION 15 1 90.8125 142. 4812137. 168.555359 27 5 5 0 0 0
37.948 14 FBW_STATUS 2 0 1 12.5 0.091552
37.948 14 GPS 3 36037620 481373455 1685 239838 1363 -344 0 18483960 31 0
37.948 14 SVINFO 6 13 1 6 45 40 328
38.027 14 GPS_SOL 685 685 685 7
38.127 14 CALIBRATION -36.704227 1
38.127 14 DL_VALUE 32 0.
38.127 14 WP_MOVED 7 360558.40625 4813804.5 260. 31
38.160 14 NAVIGATION 15 1 91.4375 139. 4812134. 166.37854 27 5 5 0 0 0
38.178 14 GPS 3 36037682 481373077 1710 238975 1367 -304 0 18484239 31 0
38.227 14 IR_SENSORS 0 0 -37 29 261
38.227 14 ESTIMATOR 238.769119 -3.04
38.327 14 ATTITUDE 0.165913 3.048343 -0.228091
38.410 14 NAVIGATION 15 1 92.0625 135.5 4812130.5 163.816223 27 5 5 0 0 0
38.450 14 GPS 3 36037724 481372751 1726 238250 1369 -307 0 18484480 31 0
38.451 14 SVINFO 1 8 1 1 48 0 78
38.627 14 WP_MOVED 8 358784. 1600. 200. 31
38.661 14 NAVIGATION 15 1 92.5 132. 4812127. 161.183899 27 5 5 0 0 0
38.677 14 GPS 3 36037757 481372424 1741 237534 1369 -300 0 18484719 31 0
38.727 14 NAVIGATION 15 1 92.8125 128.5 4812127. 161.183899 27 5 5 0 0 0
38.728 14 ESTIMATOR 237.362778 -3.
38.778 14 DESIRED 0.074718 -0.237498 0. -1500. -4811995. 200. -1.142131 13.
38.826 14 ENERGY 8 12.5 0.091552 1.144399 0.042038 0.525455
38.827 14 AIRSPEED 11.2 0. 0. 0.
38.827 14 ATTITUDE 0.116216 3.090413 -0.22756
38.910 14 NAVIGATION 15 1 92.8125 128.5 4812123.5 158.513123 28 6 6 0 0 0
38.949 14 GPS 3 36037783 481372096 1754 236826 1370 -286 0 18484960 31 0
39.010 14 COMMANDS 852,-308,-149,0
39.111 14 FBW_STATUS 2 0 1 12.5 0.091552
39.127 14 WP_MOVED 9 360312.8125 4813652. 185. 31
39.160 14 NAVIGATION 15 1 93.09375 125.5 4812120.5 156.258423 28 6 6 0 0 0
39.177 14 GPS 3 36037806 481371713 1767 236005 1369 -284 0 18485239 31 0
39.178 14 SVINFO 4 11 0 4 46 88 228
39.227 14 COMMANDS 852,-318,-119,0
39.227 14 ESTIMATOR 235.96608 -2.84
39.327 14 STATE_FILTER_STATUS 2 3 305
39.328 14 ATTITUDE 0.07804 3.125577 -0.23076
39.410 14 NAVIGATION 15 1 93.34375 121.5 4812116.5 153.216522 28 6 6 0 0 0
39.449 14 IR_SENSORS 0 0 -38 2 263
39.449 14 GPS 3 36037821 481371385 1775 235302 1369 -289 0 18485480 31 0
39.449 14 SVINFO 5 12 1 5 45 78 278
39.526 14 PPRZ_MODE 2 3 2 0 0 6
39.627 14 ALIVE 179,209,69,119,115,11,176,21,181,244,80,210,55,176,198,136
39.628 14 DL_VALUE 33 0.15
39.628 14 WP_MOVED 10 360452.8125 4813581. 260. 31
39.661 14 NAVIGATION 15 1 93.4375 118.5 4812113.5 150.906647 28 6 6 0 0 0
39.676 14 GPS 3 36037831 481371056 1782 234597 1368 -302 0 18485719 31 0
39.677 14 SVINFO 6 13 1 6 44 37 329
39.727 14 NAVIGATION 15 1 93.5625 115. 4812113.5 150.906647 28 6 6 0 0 0
39.728 14 ESTIMATOR 234.558685 -3.02
39.827 14 DESIRED 0.025509 -0.245039 0. -1500. -4811995. 200. -1.058037 13.
39.827 14 AIRSPEED 11.2 0. 0. 0.
39.828 14 ATTITUDE 0.047624 3.145658 -0.234483
39.910 14 NAVIGATION 15 1 93.5625 115. 4812110. 148.25296 29 7 7 0 0 0
39.944 14 FBW_STATUS 2 0 1 12.5 0.091552
39.944 14 ENERGY 8 12.5 0.091552 1.144399 0.042206 0.527551
39.945 14 GPS 3 36037839 481370673 1787 233769 1368 -309 0 18486000 31 0
39.945 14 SVINFO 0 7 0 0 48 24 29
40.027 14 GPS_SOL 678 678 678 7
40.126 14 DATALINK_REPORT 7 6 1252 530 0 0
40.126 14 WP_MOVED 11 360169.5 4813757.5 260. 31
40.161 14 NAVIGATION 15 1 93.65625 111.5 4812106.5 145.615051 29 7 7 0 0 0
40.178 14 GPS 3 36037844 481370345 1792 233054 1368 -310 0 18486239 31 0
40.227 14 CALIBRATION -36.704227 1
40.228 14 ESTIMATOR 233.030457 -3.1
40.303 14 WIND_INFO 14 5 0.2 1.6 0. 13.1
40.327 14 ATTITUDE 0.024682 3.159768 -0.238768
40.410 14 NAVIGATION 15 1 93.6875 108. 4812103. 142.973236 29 7 7 0 0 0
40.447 14 GPS 3 36037847 481370016 1794 232332 1369 -321 0 18486480 31 0
40.448 14 SVINFO 2 9 1 2 47 17 129
40.629 14 IR_SENSORS 0 0 -41 -13 262
40.631 14 WP_MOVED 12 360287.59375 4813581. 260. 31
40.660 14 NAVIGATION 15 1 93.71875 104.5 4812099.5 140.368988 29 7 7 0 0 0
40.676 14 GPS 3 36037848 481369687 1796 231603 1370 -332 0 18486719 31 0
40.676 14 SVINFO 3 10 0 3 46 60 179
40.727 14 NAVIGATION 15 1 93.71875 101.5 4812099.5 140.368988 29 7 7 0 0 0
40.728 14 ESTIMATOR 231.506165 -3.32
40.828 14 AIRSPEED 13.1 0. 0. 0.
40.829 14 ATTITUDE 0.009448 3.149615 -0.242496
40.877 14 DESIRED 0.005344 -0.249016 0. -1500. -4811995. 200. -0.968254 13.
40.910 14 NAVIGATION 15 1 93.71875 101.5 4812096.5 138.150116 30 8 8 0 0 0
40.927 14 GPS 3 36037850 481369358 1797 230866 1371 -325 0 18486960 31 0
41.025 14 ENERGY 8 12.5 0.091552 1.144399 0.042374 0.529648
41.110 14 FBW_STATUS 2 0 1 12.5 0.091552
41.127 14 DL_VALUE 34 0.05
41.127 14 WP_MOVED 13 360311.5 4813547. 260. 31
41.160 14 NAVIGATION 15 1 93.71875 98. 4812093. 135.599426 30 8 8 0 0 0
41.177 14 GPS 3 36037851 481368974 1798 229998 1373 -326 0 18487239 31 0
41.227 14 ESTIMATOR 229.934464 -3.26
41.327 14 ATTITUDE 0.001839 3.152206 -0.246219
41.410 14 NAVIGATION 15 1 93.78125 94. 4812089. 132.781479 30 8 8 0 0 0
41.427 14 GPS 3 36037852 481368643 1798 229248 1375 -333 0 18487480 31 0
41.627 14 WP_MOVED 14 360300.6875 4813575.5 260. 31
41.660 14 NAVIGATION 15 1 93.78125 91. 4812086. 130.674866 30 8 8 0 0 0
41.677 14 GPS 3 36037852 481368313 1798 228492 1377 -340 0 18487719 31 0
41.727 14 NAVIGATION 15 1 93.78125 87.5 4812086. 130.674866 30 8 8 0 0 0
41.727 14 ESTIMATOR 228.364227 -3.4
41.826 14 IR_SENSORS 0 0 -43 -16 261
41.826 14 AIRSPEED 13.1 0. 0. 0.
41.827 14 ATTITUDE 0.001606 3.152648 -0.250551
41.910 14 NAVIGATION 15 1 93.78125 87.5 4812082.5 128.262115 31 9 9 0 0 0
41.927 14 FBW_STATUS 2 0 1 12.5 0.091552
41.927 14 DESIRED 0.001491 -0.249833 0. -1500. -4811995. 200. -0.850927 13.
41.927 14 GPS 3 36037853 481367982 1798 227731 1379 -328 0 18487960 31 0
41.927 14 SVINFO 1 8 1 1 47 0 80
42.027 14 GPS_SOL 670 670 670 7
42.127 14 ENERGY 8 12.5 0.091552 1.144399 0.042542 0.531745
42.128 14 WP_MOVED 15 360297.6875 4813554.5 260. 31
42.160 14 NAVIGATION 15 1 93.78125 84. 4812079. 125.900452 31 9 9 0 0 0
42.178 14 GPS 3 36037854 481367595 1798 226838 1381 -332 0 18488239 31 0
42.227 14 ESTIMATOR 226.772614 -3.32
42.328 14 CALIBRATION -36.704227 1
42.328 14 ATTITUDE 0.001606 3.152953 -0.250551
42.411 14 NAVIGATION 15 1 93.8125 80.5 4812075.5 123.616486 31 9 9 0 0 0
42.426 14 GPS 3 36037854 481367263 1799 226071 1383 -307 0 18488480 31 0
42.627 14 DL_VALUE 35 0.
42.628 14 WP_MOVED 16 361184. 4813643. 260. 31
42.661 14 NAVIGATION 15 1 93.8125 77. 4812072.5 121.366325 31 9 9 0 0 0
42.678 14 GPS 3 36037855 481366931 1799 225302 1384 -312 0 18488719 31 0
42.679 14 SVINFO 4 11 1 4 45 89 230
42.729 14 NAVIGATION 15 1 93.8125 74. 4812072.5 121.366325 31 9 9 0 0 0
42.729 14 ESTIMATOR 225.232269 -3.12
42.827 14 AIRSPEED 13.1 0. 0. 0.
42.827 14 ATTITUDE 0.001606 3.153116 -0.254278
42.911 14 NAVIGATION 15 1 93.8125 74. 4812069. 119.485504 32 10 10 0 0 0
42.928 14 GPS 3 36037855 481366598 1799 224532 1386 -309 0 18488960 31 0
42.928 14 SVINFO 5 12 1 5 44 73 280
42.977 14 DESIRED 0.001066 -0.249833 0. -1500. -4811995. 200. -0.756968 13.
43.027 14 NAVIGATION_REF 360284 4813595 31 185.
43.027 14 IR_SENSORS 0 0 -44 -16 261
43.110 14 FBW_STATUS 2 0 1 12.5 0.091552
43.128 14 WP_MOVED 17 361184. 4813643. 260. 31
43.161 14 NAVIGATION 15 1 93.8125 70.5 4812065.5 117.350052 32 10 10 0 0 0
43.177 14 GPS 3 36037856 481366210 1799 223635 1388 -292 0 18489239 31 0
43.178 14 SVINFO 6 13 0 6 43 31 331
43.227 14 ENERGY 8 12.5 0.091552 1.144399 0.04271 0.533842
43.227 14 ESTIMATOR 223.683517 -2.92
43.327 14 ATTITUDE 0.001606 3.153085 -0.250551
43.410 14 NAVIGATION 15 1 93.8125 66.5 4812062. 114.991455 32 10 10 0 0 0
43.427 14 GPS 3 36037856 481365876 1799 222868 1388 -313 0 18489480 31 0
43.627 14 WP_MOVED 18 360289. 4813605. 220. 31
43.661 14 NAVIGATION 15 1 93.8125 63.5 4812058.5 113.28299 32 10 10 0 0 0
43.677 14 GPS 3 36037857 481365543 1798 222102 1389 -297 0 18489719 31 0
43.726 14 NAVIGATION 15 1 93.8125 60. 4812058.5 113.28299 32 10 10 0 0 0
43.727 14 ESTIMATOR 222.136993 -2.97
43.827 14 AIRSPEED 13.1 0. 0. 0.
43.827 14 ATTITUDE 0.001606 3.152838 -0.250551
43.910 14 NAVIGATION 15 1 93.8125 60. 4812055.5 111.35881 33 11 11 0 0 0
43.927 14 FBW_STATUS 2 0 1 12.5 0.091552
43.927 14 GPS 3 36037858 481365209 1798 221338 1390 -298 0 18489960 31 0
43.927 14 SVINFO 2 9 1 2 46 22 131
44.010 14 COMMANDS 852,24,9,0
44.026 14 GPS_SOL 661 661 661 7
44.027 14 DESIRED 0.001071 -0.249833 0. -1500. -4811995. 200. -0.66411 13.
44.128 14 DL_VALUE 36 0.
44.129 14 WP_MOVED 19 360289. 4813610. 500. 31
44.160 14 NAVIGATION 15 1 93.8125 56.5 4812052. 109.512718 33 11 11 0 0 0
44.177 14 GPS 3 36037859 481364820 1798 220449 1390 -271 0 18490239 31 0
44.178 14 SVINFO 3 10 1 3 45 66 181
44.227 14 COMMANDS 852,-4,8,0
44.227 14 IR_SENSORS 0 0 -43 -16 261
44.227 14 ESTIMATOR 220.587219 -2.71
44.326 14 STATE_FILTER_STATUS 2 3 320
44.327 14 ENERGY 8 12.5 0.091552 1.144399 0.042877 0.535939
44.327 14 ATTITUDE 0.001606 3.152548 -0.250551
44.410 14 NAVIGATION 15 1 93.84375 53. 4812048.5 107.775925 33 11 11 0 0 0
44.427 14 AUTOPILOT_VERSION 51500 v5.15_devel-179-g9a29798-dirty
44.427 14 CALIBRATION -36.704227 1
44.427 14 GPS 3 36037859 481364486 1798 219689 1390 -267 0 18490480 31 0
44.427 14 SVINFO 4 11 1 4 44 89 231
44.526 14 PPRZ_MODE 2 3 2 0 0 6
44.626 14 ALIVE 179,209,69,119,115,11,176,21,181,244,80,210,55,176,198,136
44.627 14 WP_MOVED 20 360289. 4813620. 300. 31
44.661 14 NAVIGATION 15 1 93.84375 49.5 4812045. 106.098534 33 11 11 0 0 0
44.678 14 GPS 3 36037860 481364152 1799 218930 1391 -269 0 18490719 31 0
44.726 14 NAVIGATION 15 1 93.84375 46. 4812045. 106.098534 33 11 11 0 0 0
44.727 14 ESTIMATOR 219.119873 -2.69
44.827 14 AIRSPEED 13.1 0. 0. 0.
44.828 14 ATTITUDE 0.005424 3.152935 -0.250551
44.910 14 NAVIGATION 15 1 93.84375 46. 4812041.5 104.511482 34 12 12 0 0 0
44.927 14 GPS 3 36037860 481363818 1799 218172 1391 -271 0 18490960 31 0
44.927 14 SVINFO 6 13 1 6 42 28 332
45.077 14 DESIRED 0.001073 -0.230354 0. -1500. -4811995. 200. -0.573596 13.
45.111 14 FBW_STATUS 2 0 1 12.5 0.110797
45.127 14 WP_MOVED 21 360289. 4813625. 400. 31
45.160 14 NAVIGATION 15 1 93.84375 42.5 4812038. 103.018929 34 12 12 0 0 0
45.177 14 GPS 3 36037861 481363428 1799 217289 1392 -298 0 18491239 31 0
45.177 14 SVINFO 0 7 0 0 47 16 32
45.226 14 DATALINK_REPORT 5 7 1380 548 0 0
45.226 14 ESTIMATOR 217.593765 -2.98
45.328 14 ATTITUDE 0.001839 3.153877 -0.246219
45.411 14 NAVIGATION 15 1 93.84375 38.5 4812033.5 101.434212 34 12 12 0 0 0
45.430 14 IR_SENSORS 0 0 -42 -16 262
45.430 14 ENERGY 13 12.5 0.129829 1.622865 0.043069 0.538331
45.431 14 GPS 3 36037861 481363093 1799 216538 1395 -315 0 18491480 31 0
45.626 14 DL_VALUE 37 0.
45.627 14 WP_MOVED 22 360289. 4813645. 250. 31
45.660 14 NAVIGATION 15 1 93.84375 35.5 4812030.5 100.333939 34 12 12 0 0 0
45.677 14 GPS 3 36037861 481362757 1799 215795 1400 -308 0 18491719 31 0
45.727 14 NAVIGATION 15 1 93.84375 32. 4812030.5 100.333939 34 12 12 0 0 0
45.727 14 ESTIMATOR 215.933548 -3.08
45.827 14 AIRSPEED 13.1 0. 0. 0.
45.827 14 ATTITUDE -0.001963 3.154128 -0.238768
45.910 14 NAVIGATION 15 1 93.84375 32. 4812027. 99.149628 35 13 13 0 0 0
45.927 14 FBW_STATUS 2 0 1 12.5 0.182217
45.927 14 GPS 3 36037861 481362420 1799 215069 1406 -293 0 18491960 31 0
46.028 14 GPS_SOL 651 651 651 7
46.127 14 DESIRED 0.000203 -0.157853 0. -1500. -4811995. 200. -0.478006 13.
46.128 14 WP_MOVED 0 360326. 4813637. 260. 31
46.160 14 NAVIGATION 15 1 93.84375 29. 4812024.5 98.22245 35 13 13 0 0 0
46.178 14 GPS 3 36037861 481362024 1799 214252 1415 -270 0 18492239 31 0
46.227 14 ESTIMATOR 214.36702 -2.7
46.327 14 ATTITUDE -0.001717 3.153528 -0.215831
46.410 14 NAVIGATION 15 1 93.84375 24.5 4812019.5 96.989174 35 13 13 0 0 0
46.427 14 GPS 3 36037862 481361682 1799 213589 1422 -259 0 18492480 31 0
46.427 14 SVINFO 5 12 1 5 43 68 282
46.526 14 CALIBRATION -108.914398 2
46.526 14 ENERGY 23 12.5 0.288969 3.612107 0.043441 0.542977
46.627 14 IR_SENSORS 0 0 -29 -17 263
46.627 14 WP_MOVED 1 360284. 4813595. 260. 31
46.660 14 NAVIGATION 15 1 93.875 21.5 4812016.5 96.305588 35 13 13 0 0 0
46.677 14 GPS 3 36037862 481361339 1799 212972 1431 -228 0 18492719 31 0
46.727 14 NAVIGATION 15 1 93.875 18. 4812016.5 96.305588 35 13 13 0 0 0
46.727 14 ESTIMATOR 213.006256 -2.28
46.827 14 AIRSPEED 13.1 0. 0. 0.
46.827 14 ATTITUDE 0.0023 3.152693 -0.185435
46.910 14 NAVIGATION 15 1 93.875 18. 4812013. 95.585121 36 14 14 0 0 0
46.927 14 GPS 3 36037863 481360993 1798 212411 1439 -200 0 18492960 31 0
47.111 14 FBW_STATUS 2 0 1 12.5 0.385
47.127 14 DL_VALUE 38 0.
47.127 14 WP_MOVED 2 360333.5 4813695. 260. 31
47.160 14 NAVIGATION 15 1 93.875 14.5 4812009.5 94.988243 36 14 14 0 0 0
47.177 14 DESIRED 0.001117 -0.074619 0. -1500. -4811995. 200. -0.372893 13.
47.178 14 GPS 3 36037864 481360588 1798 211836 1448 -180 0 18493239 31 0
47.178 14 SVINFO 1 8 1 1 46 0 83
47.226 14 ESTIMATOR 211.905685 -1.8
47.327 14 ATTITUDE 0.0023 3.152268 -0.147798
47.411 14 NAVIGATION 15 1 93.875 10.5 4812006. 94.460388 36 14 14 0 0 0
47.427 14 GPS 3 36037864 481360239 1798 211420 1454 -157 0 18493480 31 0
47.428 14 SVINFO 2 9 1 2 45 28 133
47.627 14 ENERGY 32 12.5 0.442909 5.536367 0.044128 0.551573
47.627 14 WP_MOVED 3 360294.09375 4813785. 260. 31
47.661 14 NAVIGATION 15 1 93.875 6.5 4812001.5 94.099762 36 14 14 0 0 0
47.677 14 GPS 3 36037865 481359889 1798 211078 1457 -129 0 18493719 31 0
47.678 14 SVINFO 3 10 1 3 44 71 183
47.727 14 NAVIGATION 15 1 93.875 3.5 4812001.5 94.099762 36 14 14 0 0 0
47.728 14 ESTIMATOR 211.060196 -1.29
47.827 14 IR_SENSORS 0 0 -5 -16 265
47.827 14 AIRSPEED 13.1 0. 0. 0.
47.827 14 ATTITUDE 0.002528 3.152292 -0.106132
47.911 14 NAVIGATION 15 1 93.875 3.5 4811999. 93.940224 37 15 15 0 0 0
47.927 14 FBW_STATUS 2 0 1 12.5 0.464539
47.927 14 GPS 3 36037866 481359539 1798 210810 1457 -99 0 18493960 31 0
47.928 14 SVINFO 4 11 1 4 43 89 233
48.026 14 GPS_SOL 640 640 640 7
48.127 14 WP_MOVED 4 360416.3125 4813734. 260. 31
48.161 14 NAVIGATION 15 1 93.875 0. 4811995. 93.875 37 15 15 0 0 0
48.177 14 GPS 3 36037866 481359132 1798 210586 1453 -66 0 18494239 31 0
48.178 14 SVINFO 5 12 1 5 42 65 283
48.228 14 DESIRED 0.001134 -0.033558 0. -1500. -4811995. 200. -0.322689 13.
48.228 14 ESTIMATOR 210.528625 -0.66
48.327 14 ATTITUDE -0.001231 3.152174 -0.072173
48.411 14 NAVIGATION 15 1 93.875 -4. 4811991. 93.960182 37 15 15 0 0 0
48.427 14 GPS 3 36037867 481358784 1798 210463 1448 -39 0 18494480 31 0
48.427 14 SVINFO 6 13 1 6 41 22 334
48.627 14 CALIBRATION -150. 2
48.627 14 DL_VALUE 39 0.
48.628 14 WP_MOVED 5 360421. 4813583.5 260. 31
48.660 14 NAVIGATION 15 1 93.9375 -7.5 4811987.5 94.236427 37 15 15 0 0 0
48.678 14 GPS 3 36037868 481358439 1798 210399 1440 4 0 18494719 31 0
48.678 14 SVINFO 0 7 0 0 46 12 34
48.726 14 ENERGY 36 12.5 0.504871 6.310888 0.045016 0.562668
48.726 14 NAVIGATION 15 1 93.9375 -11. 4811987.5 94.236427 37 15 15 0 0 0
48.726 14 ESTIMATOR 210.319244 0.04
48.827 14 AIRSPEED 13.1 0. 0. 0.
48.828 14 ATTITUDE 0.002528 3.152052 -0.038249
48.911 14 NAVIGATION 15 1 93.9375 -11. 4811984. 94.579353 38 16 16 0 0 0
48.928 14 GPS 3 36037869 481358096 1798 210383 1430 8 0 18494960 31 0
48.928 14 SVINFO 1 8 0 1 45 1 84
49.011 14 COMMANDS 3433,-7,96,0
49.027 14 IR_SENSORS 0 0 16 -16 265
49.115 14 FBW_STATUS 2 0 1 12.5 0.495703
49.128 14 WP_MOVED 6 360164.8125 4813664.5 260. 31
49.160 14 NAVIGATION 15 1 93.9375 -14.5 4811980.5 95.050011 38 16 16 0 0 0
49.177 14 GPS 3 36037869 481357699 1798 210415 1415 22 0 18495239 31 0
49.226 14 COMMANDS 3369,-5,-4,0
49.226 14 ESTIMATOR 210.376404 0.22
49.277 14 DESIRED 0.001557 -0.023319 0. -1500. -4811995. 200. -0.310291 13.
49.327 14 STATE_FILTER_STATUS 2 3 299
49.328 14 ATTITUDE 0.0023 3.152603 -0.015421
49.409 14 NAVIGATION 15 1 93.9375 -18.5 4811977. 95.741859 38 16 16 0 0 0
49.427 14 GPS 3 36037870 481357362 1799 210473 1402 18 0 18495480 31 0
49.527 14 PPRZ_MODE 2 3 2 0 0 6
49.627 14 ALIVE 179,209,69,119,115,11,176,21,181,244,80,210,55,176,198,136
49.627 14 WP_MOVED 7 360558.40625 4813804.5 260. 31
49.661 14 NAVIGATION 15 1 93.96875 -21.5 4811974. 96.396973 38 16 16 0 0 0
49.677 14 GPS 3 36037870 481357029 1799 210550 1388 41 0 18495719 31 0
49.727 14 NAVIGATION 15 1 93.96875 -25.5 4811974. 96.396973 38 16 16 0 0 0
49.728 14 ESTIMATOR 210.50325 0.41
49.827 14 ENERGY 32 12.5 0.453256 5.665705 0.045904 0.573772
49.827 14 AIRSPEED 13.1 0. 0. 0.
49.827 14 ATTITUDE 0.0023 3.153331 -0.004125
49.910 14 NAVIGATION 15 1 93.96875 -25.5 4811969.5 97.367226 39 17 17 0 0 0
49.927 14 FBW_STATUS 2 0 1 12.5 0.446236
49.927 14 GPS 3 36037871 481356699 1799 210634 1373 39 0 18495960 31 0
50.027 14 GPS_SOL 629 629 629 7
50.127 14 DL_VALUE 40 0.
50.127 14 WP_MOVED 8 358784. 1600. 200. 31
50.160 14 NAVIGATION 15 1 93.96875 -28.5 4811967. 98.195602 39 17 17 0 0 0
50.177 14 GPS 3 36037871 481356319 1799 210732 1354 26 0 18496239 31 0
50.178 14 SVINFO 6 13 1 6 40 19 335
50.227 14 IR_SENSORS 0 0 22 -16 264
50.227 14 ESTIMATOR 210.716034 0.26
50.305 14 WIND_INFO 14 5 -1. 0.5 0. 13.8
50.327 14 DATALINK_REPORT 0 8 1505 525 0 0
50.327 14 DESIRED 0.000626 -0.030029 0. -1500. -4811995. 200. -0.31839 13.
50.327 14 ATTITUDE 0.0023 3.154065 -0.004125
50.410 14 NAVIGATION 15 1 93.96875 -32.5 4811962.5 99.43026 39 17 17 0 0 0
50.428 14 GPS 3 36037871 481355997 1799 210806 1342 31 0 18496480 31 0
50.626 14 WP_MOVED 9 360312.8125 4813652. 185. 31
50.661 14 NAVIGATION 15 1 93.96875 -35.5 4811960. 100.450867 39 17 17 0 0 0
50.677 14 GPS 3 36037872 481355678 1799 210865 1329 0 0 18496719 31 0
50.727 14 CALIBRATION -85.657478 2
50.727 14 NAVIGATION 15 1 93.96875 -38.5 4811960. 100.450867 39 17 17 0 0 0
50.727 14 ESTIMATOR 210.86496 0.
50.827 14 AIRSPEED 13.8 0. 0. 0.
50.827 14 ATTITUDE 0.0023 3.068315 -0.007888
50.911 14 NAVIGATION 15 1 93.96875 -38.5 4811957. 101.549866 40 18 18 0 0 0
50.927 14 ENERGY 29 12.5 0.392484 4.906049 0.04667 0.583339
50.927 14 GPS 3 36037872 481355362 1799 210905 1317 -15 0 18496960 31 0
50.927 14 SVINFO 2 9 0 2 44 34 135
51.111 14 FBW_STATUS 2 0 1 12.5 0.388228
51.127 14 WP_MOVED 10 360452.8125 4813581. 260. 31
51.161 14 NAVIGATION 15 1 93.96875 -42. 4811953.5 102.927773 40 18 18 0 0 0
51.177 14 GPS 3 36037872 481354996 1799 210925 1306 -10 0 18497239 31 0
51.177 14 SVINFO 3 10 0 3 43 76 185
51.227 14 ESTIMATOR 210.860168 -0.1
51.327 14 ATTITUDE 0.0023 3.066821 -0.015421
51.377 14 DESIRED 0.000593 -0.036527 0. -1500. -4811995. 200. -0.326257 13.
51.410 14 NAVIGATION 15 1 93.96875 -45.5 4811950. 104.404869 40 18 18 0 0 0
51.428 14 IR_SENSORS 0 0 19 -16 264
51.428 14 GPS 3 36037873 481354683 1799 210918 1301 -20 0 18497480 31 0
51.429 14 SVINFO 4 11 0 4 42 88 235
51.627 14 DL_VALUE 41 0.
51.628 14 WP_MOVED 11 360169.5 4813757.5 260. 31
51.660 14 NAVIGATION 15 1 93.96875 -48.5 4811946.5 105.746758 40 18 18 0 0 0
51.677 14 GPS 3 36037873 481354372 1799 210889 1296 -35 0 18497719 31 0
51.678 14 SVINFO 5 12 1 5 41 60 285
51.727 14 NAVIGATION 15 1 93.96875 -52. 4811946.5 105.746758 40 18 18 0 0 0
51.727 14 ESTIMATOR 210.827667 -0.35
51.827 14 AIRSPEED 13.8 0. 0. 0.
51.827 14 ATTITUDE 0.0023 3.066294 -0.022961
51.911 14 NAVIGATION 15 1 93.96875 -52. 4811943. 107.397049 41 19 19 0 0 0
51.928 14 FBW_STATUS 2 0 1 12.5 0.384152
51.928 14 GPS 3 36037874 481354061 1799 210841 1294 -57 0 18497960 31 0
52.027 14 NAVIGATION_REF 360284 4813595 31 185.
52.027 14 GPS_SOL 616 616 616 7
52.027 14 ENERGY 29 12.5 0.389419 4.867735 0.047376 0.59217
52.127 14 WP_MOVED 12 360287.59375 4813581. 260. 31
52.161 14 NAVIGATION 15 1 93.96875 -55. 4811940. 108.881248 41 19 19 0 0 0
52.177 14 GPS 3 36037874 481353699 1799 210762 1294 -53 0 18498239 31 0
52.178 14 SVINFO 0 7 0 0 45 8 36
52.227 14 ESTIMATOR 210.659149 -0.53
52.327 14 ATTITUDE -0.001231 3.065886 -0.030723
52.411 14 NAVIGATION 15 1 93.96875 -58.5 4811936.5 110.690453 41 19 19 0 0 0
52.427 14 DESIRED 0.000579 -0.031285 0. -1500. -4811995. 200. -0.319774 13.
52.427 14 GPS 3 36037875 481353388 1798 210680 1296 -55 0 18498480 31 0
52.427 14 SVINFO 1 8 1 1 44 3 86
52.627 14 IR_SENSORS 0 0 14 -17 265
52.627 14 WP_MOVED 13 360311.5 4813547. 260. 31
52.661 14 NAVIGATION 15 1 94. -61.5 4811933.5 112.330986 41 19 19 0 0 0
52.678 14 GPS 3 36037875 481353076 1798 210588 1299 -52 0 18498719 31 0
52.678 14 SVINFO 2 9 1 2 43 37 136
52.727 14 NAVIGATION 15 1 94. -64.5 4811933.5 112.330986 41 19 19 0 0 0
52.728 14 ESTIMATOR 210.469528 -0.52
52.827 14 CALIBRATION -87.350014 2
52.828 14 AIRSPEED 13.8 0. 0. 0.
52.828 14 ATTITUDE -0.001231 3.06559 -0.038249
52.910 14 NAVIGATION 15 1 94. -64.5 4811930.5 114.001099 42 20 20 0 0 0
52.927 14 GPS 3 36037876 481352763 1798 210490 1303 -52 0 18498960 31 0
52.928 14 SVINFO 3 10 1 3 42 78 186
53.111 14 FBW_STATUS 2 0 1 12.5 0.422894
53.127 14 DL_VALUE 42 0.6
53.127 14 ENERGY 31 12.5 0.422894 5.28617 0.04812 0.601472
53.127 14 WP_MOVED 14 360300.6875 4813575.5 260. 31
53.161 14 NAVIGATION 15 1 94. -68. 4811927. 116.017242 42 20 20 0 0 0
53.177 14 GPS 3 36037877 481352396 1798 210373 1309 -57 0 18499239 31 0
53.177 14 SVINFO 4 11 0 4 41 88 236
53.226 14 ESTIMATOR 210.280273 -0.57
53.328 14 ATTITUDE 0.002528 3.065657 -0.038249
53.410 14 NAVIGATION 15 1 94. -71.5 4811923.5 118.102707 42 20 20 0 0 0
53.427 14 GPS 3 36037878 481352081 1798 210274 1314 -56 0 18499480 31 0
53.428 14 SVINFO 5 12 1 5 40 57 286
53.501 14 DESIRED 0.001409 -0.021732 0. -1500. -4811995. 200. -0.308408 13.
53.628 14 WP_MOVED 15 360297.6875 4813554.5 260. 31
53.661 14 NAVIGATION 15 1 94.0625 -74.5 4811921. 119.991684 42 20 20 0 0 0
53.677 14 GPS 3 36037879 481351764 1798 210179 1319 -73 0 18499719 31 0
53.677 14 SVINFO 6 13 1 6 39 14 337
53.727 14 NAVIGATION 15 1 94.0625 -77.5 4811921. 119.991684 42 20 20 0 0 0
53.728 14 ESTIMATOR 210.070358 -0.73
53.827 14 IR_SENSORS 0 0 14 -16 265
53.828 14 AIRSPEED 13.8 0. 0. 0.
53.828 14 ATTITUDE 0.002528 3.066019 -0.034485
53.910 14 NAVIGATION 15 1 94.0625 -77.5 4811918. 121.877007 43 21 21 0 0 0
53.926 14 FBW_STATUS 2 0 1 12.5 0.460654
53.926 14 GPS 3 36037880 481351446 1798 210092 1324 -81 0 18499960 31 0
54.010 14 COMMANDS 3281,-8,215,0
54.029 14 GPS_SOL 603 603 603 7
54.127 14 WP_MOVED 16 361184. 4813643. 260. 31
54.160 14 NAVIGATION 15 1 94.0625 -81. 4811914.5 124.132004 43 21 21 0 0 0
54.177 14 GPS 3 36037881 481351074 1798 210003 1330 -93 0 18500239 31 0
54.227 14 COMMANDS 3373,-8,192,0
54.227 14 ENERGY 35 12.5 0.48586 6.07325 0.048946 0.611787
54.228 14 ESTIMATOR 209.805969 -0.93
54.327 14 STATE_FILTER_STATUS 2 3 296
54.327 14 ATTITUDE 0.002528 3.066698 -0.030723
54.410 14 NAVIGATION 15 1 94.0625 -85. 4811910. 126.778366 43 21 21 0 0 0
54.427 14 GPS 3 36037881 481350753 1798 209939 1335 -81 0 18500480 31 0
54.528 14 PPRZ_MODE 2 3 2 0 0 6
54.528 14 DESIRED 0.001434 -0.014469 0. -1500. -4811995. 200. -0.294179 13.
54.627 14 ALIVE 179,209,69,119,115,11,176,21,181,244,80,210,55,176,198,136
54.627 14 DL_VALUE 43 12000.
54.627 14 WP_MOVED 17 361184. 4813643. 260. 31
54.661 14 NAVIGATION 15 1 94.0625 -88. 4811907.5 128.808975 43 21 21 0 0 0
54.677 14 GPS 3 36037882 481350432 1798 209890 1340 -61 0 18500719 31 0
54.728 14 NAVIGATION 15 1 94.0625 -91. 4811907.5 128.808975 43 21 21 0 0 0
54.728 14 ESTIMATOR 209.574142 -0.61
54.827 14 AIRSPEED 13.8 0. 0. 0.
54.827 14 ATTITUDE 0.0023 3.067154 -0.022961
54.911 14 NAVIGATION 15 1 94.0625 -91. 4811904. 130.876862 44 22 22 0 0 0
54.928 14 CALIBRATION -134.84729 0
54.929 14 GPS 3 36037883 481350109 1798 209856 1345 -56 0 18500960 31 0
55.027 14 IR_SENSORS 0 0 17 -16 264
55.111 14 FBW_STATUS 2 0 1 12.5 0.520054
55.127 14 WP_MOVED 18 360289. 4813605. 220. 31
55.160 14 NAVIGATION 15 1 94.09375 -94.5 4811901. 133.356232 44 22 22 0 0 0
55.177 14 GPS 3 36037884 481349731 1798 209834 1349 -44 0 18501239 31 0
55.178 14 SVINFO 5 12 1 5 39 54 287
55.227 14 ESTIMATOR 209.506516 -0.44
55.327 14 ENERGY 37 12.5 0.52205 6.525624 0.049879 0.623451
55.328 14 ATTITUDE 0.0023 3.067467 -0.01919
55.411 14 NAVIGATION 15 1 94.09375 -98. 4811897.5 135.858871 44 22 22 0 0 0
55.427 14 DATALINK_REPORT 5 8 1633 541 0 0
55.427 14 GPS 3 36037885 481349407 1798 209831 1351 -28 0 18501480 31 0
55.429 14 SVINFO 6 13 1 6 38 12 338
55.527 14 AUTOPILOT_VERSION 51500 v5.15_devel-179-g9a29798-dirty
55.577 14 DESIRED 0.001457 -0.01402 0. -1500. -4811995. 200. -0.285195 13.
55.627 14 WP_MOVED 19 360289. 4813610. 500. 31
55.661 14 NAVIGATION 15 1 94.09375 -101.5 4811894. 138.404785 44 22 22 0 0 0
55.676 14 GPS 3 36037886 481349082 1798 209839 1352 -9 0 18501719 31 0
55.677 14 SVINFO 0 7 0 0 44 4 38
55.728 14 NAVIGATION 15 1 94.125 -104.5 4811894. 138.404785 44 22 22 0 0 0
55.728 14 ESTIMATOR 209.541168 -0.09
55.827 14 AIRSPEED 13.8 0. 0. 0.
55.828 14 ATTITUDE 0.0023 3.068102 -0.015421
55.911 14 NAVIGATION 15 1 94.125 -104.5 4811890.5 140.640549 45 23 23 0 0 0
55.926 14 FBW_STATUS 2 0 1 12.5 0.514439
55.927 14 GPS 3 36037887 481348758 1798 209857 1352 0 0 18501960 31 0
55.927 14 SVINFO 1 8 0 1 43 6 88
56.029 14 GPS_SOL 589 589 589 7
56.127 14 DL_VALUE 44 1.5
56.127 14 WP_MOVED 20 360289. 4813620. 300. 31
56.161 14 NAVIGATION 15 1 94.125 -108. 4811887. 143.2603 45 23 23 0 0 0
56.177 14 GPS 3 36037887 481348379 1799 209888 1350 -10 0 18502239 31 0
56.178 14 SVINFO 2 9 1 2 42 43 138
56.227 14 IR_SENSORS 0 0 20 -16 264
56.227 14 ESTIMATOR 209.678177 -0.1
56.326 14 ATTITUDE 0.0023 3.068792 -0.011653
56.410 14 NAVIGATION 15 1 94.125 -111.5 4811884. 145.916977 45 23 23 0 0 0
56.428 14 ENERGY 35 12.5 0.50325 6.290629 0.050822 0.635239
56.428 14 GPS 3 36037888 481348056 1799 209918 1348 -5 0 18502480 31 0
56.429 14 SVINFO 3 10 1 3 41 82 188
56.627 14 DESIRED 0.001036 -0.014278 0. -1500. -4811995. 200. -0.290345 13.
56.628 14 WP_MOVED 21 360289. 4813625. 400. 31
56.661 14 NAVIGATION 15 1 94.125 -115. 4811880.5 148.608597 45 23 23 0 0 0
56.678 14 GPS 3 36037888 481347733 1799 209950 1346 -21 0 18502720 31 0
56.678 14 SVINFO 4 11 1 4 40 85 238
56.726 14 NAVIGATION 15 1 94.125 -118. 4811880.5 148.608597 45 23 23 0 0 0
56.727 14 ESTIMATOR 209.770737 -0.21
56.827 14 AIRSPEED 13.8 0. 0. 0.
56.828 14 ATTITUDE 0.0023 3.069121 -0.011653
56.911 14 NAVIGATION 15 1 94.125 -118. 4811877. 150.942093 46 24 24 0 0 0
56.929 14 GPS 3 36037888 481347410 1799 209983 1343 0 0 18502960 31 0
57.026 14 CALIBRATION -123.406151 0
57.111 14 FBW_STATUS 2 0 1 12.5 0.488004
57.126 14 WP_MOVED 22 360289. 4813645. 250. 31
57.161 14 NAVIGATION 15 1 94.125 -121.5 4811873.5 153.693741 46 24 24 0 0 0
57.177 14 GPS 3 36037889 481347035 1799 210018 1340 3 0 18503239 31 0
57.227 14 ESTIMATOR 209.845825 0.03
57.327 14 ATTITUDE 0.0023 3.068911 -0.011653
57.410 14 NAVIGATION 15 1 94.125 -125. 4811870. 156.475281 46 24 24 0 0 0
57.427 14 IR_SENSORS 0 0 20 -16 264
57.428 14 GPS 3 36037889 481346714 1799 210047 1337 4 0 18503480 31 0
57.428 14 SVINFO 0 7 0 0 43 3 39
57.527 14 ENERGY 34 12.5 0.475173 5.93966 0.051721 0.646486
57.627 14 DL_VALUE 45 1250.
57.628 14 WP_MOVED 0 360326. 4813637. 260. 31
57.661 14 NAVIGATION 15 1 94.125 -128.5 4811867. 159.285172 46 24 24 0 0 0
57.678 14 DESIRED 0.000605 -0.014615 0. -1500. -4811995. 200. -0.297093 13.
57.678 14 GPS 3 36037889 481346393 1799 210071 1334 -5 0 18503720 31 0
57.679 14 SVINFO 1 8 1 1 42 8 89
57.728 14 NAVIGATION 15 1 94.125 -131.5 4811867. 159.285172 46 24 24 0 0 0
57.728 14 ESTIMATOR 209.953659 -0.05
57.827 14 AIRSPEED 13.8 0. 0. 0.
57.828 14 ATTITUDE 0.0023 3.068453 -0.011653
57.911 14 NAVIGATION 15 1 94.125 -131.5 4811863.5 161.715073 47 25 25 0 0 0
57.927 14 FBW_STATUS 2 0 1 12.5 0.465423
57.927 14 GPS 3 36037890 481346074 1799 210092 1331 -17 0 18503960 31 0
57.928 14 SVINFO 2 9 0 2 41 47 139
58.027 14 GPS_SOL 574 574 574 7
58.127 14 WP_MOVED 1 360284. 4813595. 260. 31
58.161 14 NAVIGATION 15 1 94.125 -134.5 4811860.5 164.163834 47 25 25 0 0 0
58.177 14 GPS 3 36037890 481345701 1799 210110 1328 -19 0 18504239 31 0
58.177 14 SVINFO 3 10 1 3 40 84 189
58.227 14 ESTIMATOR 209.981766 -0.19
58.327 14 ATTITUDE 0.0023 3.068121 -0.011653
58.410 14 NAVIGATION 15 1 94.125 -138.5 4811856.5 167.456757 47 25 25 0 0 0
58.427 14 GPS 3 36037890 481345383 1799 210120 1326 -22 0 18504480 31 0
58.428 14 SVINFO 4 11 1 4 39 84 239
58.627 14 IR_SENSORS 0 0 20 -16 264
58.627 14 ENERGY 33 12.5 0.460477 5.755967 0.052575 0.657156
58.628 14 WP_MOVED 2 360333.5 4813695. 260. 31
58.661 14 NAVIGATION 15 1 94.125 -141.5 4811853.5 169.946365 47 25 25 0 0 0
58.677 14 GPS 3 36037891 481345065 1799 210126 1325 -30 0 18504720 31 0
58.677 14 SVINFO 5 12 1 5 38 47 289
58.727 14 DESIRED 0.000598 -0.014733 0. -1500. -4811995. 200. -0.29946 13.
58.727 14 NAVIGATION 15 1 94.15625 -145. 4811853.5 169.946365 47 25 25 0 0 0
58.727 14 ESTIMATOR 209.978134 -0.3
58.827 14 AIRSPEED 13.8 0. 0. 0.
58.827 14 ATTITUDE 0.0023 3.067716 -0.011653
58.911 14 NAVIGATION 15 1 94.15625 -145. 4811850. 172.888397 48 26 26 0 0 0
58.927 14 GPS 3 36037891 481344747 1799 210128 1323 -26 0 18504960 31 0
58.927 14 SVINFO 6 13 0 6 37 8 340
59.010 14 COMMANDS 3218,-12,8,0
59.110 14 FBW_STATUS 2 0 1 12.5 0.459948
59.127 14 CALIBRATION -102.458939 0
59.127 14 DL_VALUE 46 0.
59.128 14 WP_MOVED 3 360294.09375 4813785. 260. 31
59.160 14 NAVIGATION 15 1 94.15625 -148. 4811847. 175.412079 48 26 26 0 0 0
59.177 14 GPS 3 36037892 481344377 1799 210125 1322 -14 0 18505239 31 0
59.227 14 COMMANDS 3201,-12,8,0
59.227 14 ESTIMATOR 209.954788 -0.14
59.327 14 STATE_FILTER_STATUS 2 3 299
59.327 14 ATTITUDE 0.0023 3.067644 -0.015421
59.410 14 NAVIGATION 15 1 94.15625 -151.5 4811843.5 178.375015 48 26 26 0 0 0
59.427 14 GPS 3 36037892 481344059 1799 210120 1322 -18 0 18505480 31 0
59.527 14 PPRZ_MODE 2 3 2 0 0 6
59.626 14 ALIVE 179,209,69,119,115,11,176,21,181,244,80,210,55,176,198,136
59.627 14 WP_MOVED 4 360416.3125 4813734. 260. 31
59.660 14 NAVIGATION 15 1 94.15625 -155. 4811840. 181.357101 48 26 26 0 0 0
59.677 14 GPS 3 36037893 481343742 1799 210112 1321 -15 0 18505720 31 0
59.727 14 ENERGY 32 12.5 0.451499 5.643737 0.053414 0.667646
59.727 14 NAVIGATION 15 1 94.15625 -158. 4811840. 181.357101 48 26 26 0 0 0
59.727 14 ESTIMATOR 209.973969 -0.15
59.777 14 DESIRED 0.000596 -0.014717 0. -1500. -4811995. 200. -0.299137 13.
59.827 14 IR_SENSORS 0 0 19 -17 264
59.827 14 AIRSPEED 13.8 0. 0. 0.
59.828 14 ATTITUDE -0.001473 3.067549 -0.015421
59.911 14 NAVIGATION 15 1 94.15625 -158. 4811837. 183.927704 49 27 27 0 0 0
59.928 14 FBW_STATUS 2 0 1 12.5 0.44869
59.928 14 GPS 3 36037893 481343425 1799 210101 1320 0 0 18505960 31 0
60.027 14 GPS_SOL 559 559 559 7
60.127 14 WP_MOVED 5 360421. 4813583.5 260. 31
60.160 14 NAVIGATION 15 1 94.15625 -161.5 4811833.5 186.942902 49 27 27 0 0 0
60.177 14 GPS 3 36037894 481343056 1798 210087 1319 0 0 18506240 31 0
60.178 14 SVINFO 4 11 1 4 38 82 240
60.227 14 ESTIMATOR 210.006561 0.
60.307 14 WIND_INFO 14 5 -0.9 0.6 0. 13.7
60.327 14 ATTITUDE -0.001473 3.066868 -0.015421
60.410 14 NAVIGATION 15 1 94.21875 -165. 4811830. 190.005722 49 27 27 0 0 0
60.427 14 GPS 3 36037894 481342739 1798 210073 1318 -1 0 18506480 31 0
60.428 14 SVINFO 5 12 1 5 37 44 290
60.527 14 DATALINK_REPORT 0 9 1762 546 0 0
60.627 14 DL_VALUE 47 7500.
60.627 14 WP_MOVED 6 360164.8125 4813664.5 260. 31
60.660 14 NAVIGATION 15 1 94.21875 -168. 4811827.5 192.616638 49 27 27 0 0 0
60.678 14 GPS 3 36037895 481342423 1798 210057 1316 12 0 18506720 31 0
60.678 14 SVINFO 6 13 0 6 36 6 341
60.727 14 NAVIGATION 15 1 94.21875 -171. 4811827.5 192.616638 49 27 27 0 0 0
60.727 14 ESTIMATOR 210.03035 0.12
60.827 14 ENERGY 30 12.5 0.418915 5.236435 0.054216 0.677663
60.828 14 DESIRED 0.001006 -0.015437 0. -1500. -4811995. 200. -0.300709 13.
60.828 14 AIRSPEED 13.7 0. 0. 0.
60.828 14 ATTITUDE -0.001473 3.073914 -0.015421
60.910 14 NAVIGATION 15 1 94.21875 -171. 4811824.5 195.238754 50 28 28 0 0 0
60.927 14 GPS 3 36037896 481342108 1798 210039 1314 4 0 18506960 31 0
60.928 14 SVINFO 0 7 0 0 42 1 41
61.027 14 NAVIGATION_REF 360284 4813595 31 185.
61.027 14 IR_SENSORS 0 0 19 -17 264
61.111 14 FBW_STATUS 2 0 1 12.5 0.409949
61.127 14 WP_MOVED 7 360558.40625 4813804.5 260. 31
61.160 14 NAVIGATION 15 1 94.21875 -174.5 4811821. 198.311432 50 28 28 0 0 0
61.177 14 GPS 3 36037897 481341740 1798 210014 1311 -11 0 18507240 31 0
61.178 14 SVINFO 1 8 0 1 41 12 91
61.227 14 CALIBRATION -70.344742 2
61.228 14 ESTIMATOR 210.051804 -0.11
61.327 14 ATTITUDE -0.001473 3.073224 -0.015421
61.410 14 NAVIGATION 15 1 94.21875 -178. 4811817.5 201.398041 50 28 28 0 0 0
61.427 14 GPS 3 36037898 481341426 1798 209989 1308 -15 0 18507480 31 0
61.428 14 SVINFO 2 9 1 2 40 53 141
61.627 14 WP_MOVED 8 358784. 1600. 200. 31
61.661 14 NAVIGATION 15 1 94.21875 -181. 4811814. 204.054337 50 28 28 0 0 0
61.677 14 GPS 3 36037899 481341113 1798 209961 1306 -20 0 18507720 31 0
61.677 14 SVINFO 3 10 1 3 39 86 191
61.726 14 NAVIGATION 15 1 94.25 -184.5 4811814. 204.054337 50 28 28 0 0 0
61.727 14 ESTIMATOR 209.973419 -0.2
61.826 14 AIRSPEED 13.7 0. 0. 0.
61.826 14 ATTITUDE -0.001473 3.072621 -0.015421
61.877 14 DESIRED 0.001817 -0.015227 0. -1500. -4811995. 200. -0.300457 13.
61.910 14 NAVIGATION 15 1 94.25 -184.5 4811811. 207.179428 51 29 29 0 0 0
61.927 14 FBW_STATUS 2 0 1 12.5 0.402224
61.928 14 ENERGY 30 12.5 0.402224 5.027798 0.054962 0.686998
61.928 14 GPS 3 36037900 481340800 1797 209930 1304 -13 0 18507960 31 0
62.028 14 GPS_SOL 543 543 543 7
62.127 14 DL_VALUE 48 1500.
62.127 14 WP_MOVED 9 360312.8125 4813652. 185. 31
62.160 14 NAVIGATION 15 1 94.25 -187.5 4811807.5 209.855453 51 29 29 0 0 0
62.177 14 GPS 3 36037902 481340435 1797 209889 1302 -15 0 18508240 31 0
62.227 14 IR_SENSORS 0 0 19 -17 264
62.227 14 ESTIMATOR 209.891678 -0.15
62.327 14 ATTITUDE -0.001473 3.071892 -0.015421
62.410 14 NAVIGATION 15 1 94.28125 -191. 4811804. 213.002243 51 29 29 0 0 0
62.427 14 GPS 3 36037903 481340123 1797 209852 1300 -21 0 18508480 31 0
62.627 14 WP_MOVED 10 360452.8125 4813581. 260. 31
62.661 14 NAVIGATION 15 1 94.28125 -194. 4811801. 215.696442 51 29 29 0 0 0
62.677 14 GPS 3 36037904 481339811 1797 209813 1299 -19 0 18508720 31 0
62.678 14 SVINFO 0 7 0 0 41 0 42
62.727 14 NAVIGATION 15 1 94.28125 -197.5 4811801. 215.696442 51 29 29 0 0 0
62.728 14 ESTIMATOR 209.804169 -0.19
62.827 14 AIRSPEED 13.7 0. 0. 0.
62.827 14 ATTITUDE 0.0023 3.071171 -0.015421
62.911 14 NAVIGATION 15 1 94.28125 -197.5 4811797.5 218.849731 52 30 30 0 0 0
62.928 14 DESIRED 0.002211 -0.014553 0. -1500. -4811995. 200. -0.294125 13.
62.928 14 GPS 3 36037906 481339499 1797 209771 1298 -15 0 18508960 31 0
62.928 14 SVINFO 1 8 1 1 40 14 92
63.026 14 ENERGY 29 12.5 0.391291 4.891142 0.055689 0.696079
63.111 14 FBW_STATUS 2 0 1 12.5 0.3901
63.127 14 WP_MOVED 11 360169.5 4813757.5 260. 31
63.161 14 NAVIGATION 15 1 94.28125 -200.5 4811794.5 221.560837 52 30 30 0 0 0
63.178 14 GPS 3 36037908 481339136 1797 209721 1296 -32 0 18509240 31 0
63.178 14 SVINFO 2 9 1 2 39 56 142
63.227 14 ESTIMATOR 209.722366 -0.32
63.327 14 CALIBRATION -55.170086 0
63.328 14 ATTITUDE 0.0023 3.070573 -0.015421
63.411 14 NAVIGATION 15 1 94.34375 -204. 4811791. 224.759293 52 30 30 0 0 0
63.428 14 IR_SENSORS 0 0 19 -16 264
63.428 14 GPS 3 36037909 481338825 1797 209676 1296 -38 0 18509480 31 0
63.428 14 SVINFO 3 10 1 3 38 87 192
63.627 14 DL_VALUE 49 1.
63.627 14 WP_MOVED 12 360287.59375 4813581. 260. 31
63.660 14 NAVIGATION 15 1 94.34375 -207.5 4811787.5 227.940765 52 30 30 0 0 0
63.677 14 GPS 3 36037911 481338514 1796 209631 1295 -41 0 18509720 31 0
63.678 14 SVINFO 4 11 1 4 37 79 242
63.727 14 NAVIGATION 15 1 94.375 -210. 4811787.5 227.940765 52 30 30 0 0 0
63.727 14 ESTIMATOR 209.575272 -0.41
63.827 14 AIRSPEED 13.7 0. 0. 0.
63.828 14 ATTITUDE 0.0023 3.070215 -0.015421
63.910 14 NAVIGATION 15 1 94.375 -210. 4811785.5 230.231705 53 31 31 0 0 0
63.927 14 FBW_STATUS 2 0 1 12.5 0.398801
63.927 14 GPS 3 36037912 481338203 1796 209585 1295 -41 0 18509960 31 0
63.928 14 SVINFO 5 12 0 5 36 38 292
63.977 14 DESIRED 0.002609 -0.014123 0. -1500. -4811995. 200. -0.287258 13.
64.011 14 COMMANDS 2873,2,15,0
64.026 14 GPS_SOL 528 528 528 7
64.128 14 ENERGY 30 12.5 0.401196 5.014953 0.056413 0.705129
64.129 14 WP_MOVED 13 360311.5 4813547. 260. 31
64.160 14 NAVIGATION 15 1 94.375 -213.5 4811782. 233.428558 53 31 31 0 0 0
64.177 14 GPS 3 36037914 481337840 1797 209531 1295 -53 0 18510240 31 0
64.178 14 SVINFO 6 13 1 6 35 3 343
64.227 14 COMMANDS 2903,2,16,0
64.227 14 ESTIMATOR 209.433014 -0.53
64.328 14 STATE_FILTER_STATUS 2 3 299
64.328 14 ATTITUDE 0.0023 3.070435 -0.015421
64.410 14 NAVIGATION 15 1 94.375 -217. 4811778.5 236.633987 53 31 31 0 0 0
64.427 14 GPS 3 36037916 481337529 1797 209486 1296 -36 0 18510480 31 0
64.527 14 PPRZ_MODE 2 3 2 0 0 6
64.627 14 ALIVE 179,209,69,119,115,11,176,21,181,244,80,210,55,176,198,136
64.627 14 IR_SENSORS 0 0 19 -16 264
64.627 14 WP_MOVED 14 360300.6875 4813575.5 260. 31
64.660 14 NAVIGATION 15 1 94.40625 -220. 4811775. 239.400375 53 31 31 0 0 0
64.677 14 GPS 3 36037917 481337218 1797 209442 1297 -40 0 18510720 31 0
64.726 14 NAVIGATION 15 1 94.40625 -223.5 4811775. 239.400375 53 31 31 0 0 0
64.726 14 ESTIMATOR 209.30542 -0.4
64.827 14 AIRSPEED 13.7 0. 0. 0.
64.828 14 ATTITUDE 0.0023 3.071152 -0.011653
64.909 14 NAVIGATION 15 1 94.40625 -223.5 4811772. 242.620667 54 32 32 0 0 0
64.927 14 GPS 3 36037918 481336906 1797 209400 1298 -55 0 18510960 31 0
65.027 14 DESIRED 0.002207 -0.013719 0. -1500. -4811995. 200. -0.279163 13.
65.110 14 FBW_STATUS 2 0 1 12.5 0.419952
65.128 14 DL_VALUE 50 0.3
65.128 14 WP_MOVED 15 360297.6875 4813554.5 260. 31
65.161 14 NAVIGATION 15 1 94.4375 -226.5 4811768.5 245.399048 54 32 32 0 0 0
65.177 14 GPS 3 36037920 481336542 1798 209353 1300 -43 0 18511240 31 0
65.178 14 SVINFO 3 10 1 3 37 88 193
65.228 14 ENERGY 31 12.5 0.420644 5.258046 0.057167 0.714552
65.229 14 ESTIMATOR 209.178345 -0.43
65.327 14 ATTITUDE 0.0023 3.072289 -0.011653
65.410 14 NAVIGATION 15 1 94.4375 -230. 4811765. 248.633148 54 32 32 0 0 0
65.427 14 CALIBRATION -73.35157 0
65.428 14 GPS 3 36037921 481336230 1798 209315 1301 -34 0 18511480 31 0
65.430 14 SVINFO 4 11 0 4 36 77 243
65.627 14 DATALINK_REPORT 5 9 1891 539 0 0
65.627 14 WP_MOVED 16 361184. 4813643. 260. 31
65.660 14 NAVIGATION 15 1 94.4375 -233.5 4811761.5 251.874359 54 32 32 0 0 0
65.677 14 GPS 3 36037921 481335917 1798 209278 1302 -29 0 18511720 31 0
65.678 14 SVINFO 5 12 0 5 35 35 293
65.728 14 NAVIGATION 15 1 94.4375 -236.5 4811761.5 251.874359 54 32 32 0 0 0
65.728 14 ESTIMATOR 209.107544 -0.29
65.827 14 IR_SENSORS 0 0 19 -16 264
65.827 14 AIRSPEED 13.7 0. 0. 0.
65.828 14 ATTITUDE 0.0023 3.073139 -0.015421
65.913 14 NAVIGATION 15 1 94.4375 -236.5 4811758.5 254.65799 55 33 33 0 0 0
65.927 14 FBW_STATUS 2 0 1 12.5 0.424279
65.928 14 GPS 3 36037922 481335604 1798 209243 1303 -16 0 18511960 31 0
65.928 14 SVINFO 6 13 1 6 34 2 344
66.026 14 GPS_SOL 512 512 512 7
66.079 14 DESIRED 0.0014 -0.013422 0. -1500. -4811995. 200. -0.273226 13.
66.126 14 WP_MOVED 17 361184. 4813643. 260. 31
66.161 14 NAVIGATION 15 1 94.4375 -239.5 4811755.5 257.446472 55 33 33 0 0 0
66.177 14 GPS 3 36037923 481335239 1799 209203 1304 -15 0 18512240 31 0
66.177 14 SVINFO 0 7 0 0 40 0 44
66.227 14 ESTIMATOR 209.088196 -0.15
66.327 14 ENERGY 31 12.5 0.418915 5.236435 0.057942 0.724234
66.328 14 ATTITUDE 0.0023 3.074202 -0.011653
66.411 14 NAVIGATION 15 1 94.5 -243. 4811752. 260.728302 55 33 33 0 0 0
66.427 14 GPS 3 36037923 481334926 1799 209171 1304 -11 0 18512480 31 0
66.428 14 SVINFO 1 8 1 1 39 19 94
66.627 14 AUTOPILOT_VERSION 51500 v5.15_devel-179-g9a29798-dirty
66.627 14 DL_VALUE 51 1.
66.628 14 WP_MOVED 18 360289. 4813605. 220. 31
66.660 14 NAVIGATION 15 1 94.5 -246.5 4811748.5 263.993378 55 33 33 0 0 0
66.677 14 GPS 3 36037923 481334613 1799 209139 1304 -5 0 18512720 31 0
66.678 14 SVINFO 2 9 1 2 38 62 144
66.729 14 NAVIGATION 15 1 94.5 -249.5 4811748.5 263.993378 55 33 33 0 0 0
66.729 14 ESTIMATOR 209.075928 -0.05
66.827 14 AIRSPEED 13.7 0. 0. 0.
66.827 14 ATTITUDE 0.0023 3.074755 -0.015421
66.910 14 NAVIGATION 15 1 94.5 -249.5 4811746. 266.796753 56 34 34 0 0 0
66.927 14 GPS 3 36037924 481334300 1799 209107 1303 -5 0 18512960 31 0
67.028 14 IR_SENSORS 0 0 19 -16 264
67.114 14 FBW_STATUS 2 0 1 12.5 0.404281
67.128 14 DESIRED 0.000585 -0.013374 0. -1500. -4811995. 200. -0.272278 13.
67.129 14 WP_MOVED 19 360289. 4813610. 500. 31
67.160 14 NAVIGATION 15 1 94.5 -252.5 4811743. 269.60434 56 34 34 0 0 0
67.176 14 GPS 3 36037924 481333935 1799 209070 1302 -9 0 18513240 31 0
67.226 14 ESTIMATOR 209.064163 -0.09
67.327 14 ATTITUDE -0.001473 3.074779 -0.011653
67.410 14 NAVIGATION 15 1 94.5 -256.5 4811738.5 273.354156 56 34 34 0 0 0
67.426 14 ENERGY 29 12.5 0.399827 4.997838 0.058692 0.73361
67.426 14 GPS 3 36037924 481333623 1799 209036 1301 -9 0 18513480 31 0
67.528 14 CALIBRATION -57.594051 0
67.625 14 WP_MOVED 20 360289. 4813620. 300. 31
67.660 14 NAVIGATION 15 1 94.5 -259. 4811736. 275.701385 56 34 34 0 0 0
67.676 14 GPS 3 36037925 481333311 1799 209001 1300 -12 0 18513720 31 0
67.727 14 NAVIGATION 15 1 94.5 -262.5 4811736. 275.701385 56 34 34 0 0 0
67.728 14 ESTIMATOR 209.013412 -0.12
67.827 14 AIRSPEED 13.7 0. 0. 0.
67.827 14 ATTITUDE -0.001473 3.074145 -0.015421
67.910 14 NAVIGATION 15 1 94.5 -262.5 4811732.5 278.991943 57 35 35 0 0 0
67.926 14 FBW_STATUS 2 0 1 12.5 0.392995
67.927 14 GPS 3 36037925 481332999 1798 208965 1298 -11 0 18513960 31 0
67.927 14 SVINFO 0 7 0 0 39 0 45
68.027 14 GPS_SOL 496 496 496 7
68.126 14 DL_VALUE 52 0.1
68.126 14 WP_MOVED 21 360289. 4813625. 400. 31
68.161 14 NAVIGATION 15 1 94.5 -265.5 4811729.5 281.816437 57 35 35 0 0 0
68.176 14 DESIRED 0.000988 -0.013315 0. -1500. -4811995. 200. -0.269361 13.
68.177 14 GPS 3 36037926 481332636 1798 208920 1296 -17 0 18514240 31 0
68.177 14 SVINFO 1 8 1 1 38 21 95
68.227 14 IR_SENSORS 0 0 20 -16 264
68.227 14 ESTIMATOR 208.943176 -0.17
68.328 14 ATTITUDE 0.0023 3.073146 -0.011653
68.411 14 NAVIGATION 15 1 94.53125 -269. 4811726. 285.126556 57 35 35 0 0 0
68.427 14 GPS 3 36037927 481332325 1798 208879 1295 -29 0 18514480 31 0
68.428 14 SVINFO 2 9 1 2 37 65 145
68.530 14 ENERGY 29 12.5 0.39027 4.87837 0.059412 0.742615
68.627 14 WP_MOVED 22 360289. 4813645. 250. 31
68.660 14 NAVIGATION 15 1 94.53125 -272.5 4811722.5 288.430939 57 35 35 0 0 0
68.677 14 GPS 3 36037928 481332014 1798 208837 1294 -40 0 18514720 31 0
68.678 14 SVINFO 3 10 1 3 36 89 195
68.727 14 NAVIGATION 15 1 94.53125 -275.5 4811722.5 288.430939 57 35 35 0 0 0
68.727 14 ESTIMATOR 208.826309 -0.4
68.826 14 AIRSPEED 13.7 0. 0. 0.
68.826 14 ATTITUDE 0.0023 3.072847 -0.015421
68.911 14 NAVIGATION 15 1 94.53125 -275.5 4811719.5 291.266907 58 36 36 0 0 0
68.928 14 GPS 3 36037929 481331704 1798 208793 1293 -39 0 18514960 31 0
68.929 14 SVINFO 4 11 1 4 35 72 245
69.010 14 COMMANDS 2852,-6,29,0
69.111 14 FBW_STATUS 2 0 1 12.5 0.397604
69.127 14 WP_MOVED 0 360326. 4813637. 260. 31
69.162 14 NAVIGATION 15 1 94.53125 -278.5 4811716.5 294.10611 58 36 36 0 0 0
69.179 14 GPS 3 36037929 481331342 1798 208740 1293 -44 0 18515240 31 0
69.181 14 SVINFO 5 12 1 5 34 29 295
69.227 14 COMMANDS 2874,-6,-14,0
69.227 14 DESIRED 0.001389 -0.012876 0. -1500. -4811995. 200. -0.262304 13.
69.228 14 ESTIMATOR 208.67012 -0.44
69.326 14 STATE_FILTER_STATUS 2 3 300
69.326 14 ATTITUDE 0.0023 3.0728 -0.011653
69.410 14 NAVIGATION 15 1 94.53125 -282. 4811713. 297.422516 58 36 36 0 0 0
69.427 14 IR_SENSORS 0 0 20 -16 264
69.428 14 GPS 3 36037930 481331031 1798 208695 1294 -51 0 18515480 31 0
69.429 14 SVINFO 6 13 1 6 33 0 346
69.532 14 PPRZ_MODE 2 3 2 0 0 6
69.627 14 ALIVE 179,209,69,119,115,11,176,21,181,244,80,210,55,176,198,136
69.628 14 CALIBRATION -60.468445 0
69.628 14 DL_VALUE 53 -0.062832
69.628 14 ENERGY 30 12.5 0.408917 5.111464 0.060142 0.751735
69.628 14 WP_MOVED 1 360284. 4813595. 260. 31
69.661 14 NAVIGATION 15 1 94.53125 -285. 4811710.5 300.268463 58 36 36 0 0 0
69.677 14 GPS 3 36037931 481330720 1798 208650 1295 -55 0 18515720 31 0
69.727 14 NAVIGATION 15 1 94.5625 -288.5 4811710.5 300.268463 58 36 36 0 0 0
69.728 14 ESTIMATOR 208.514236 -0.55
69.827 14 AIRSPEED 13.7 0. 0. 0.
69.827 14 ATTITUDE -0.001473 3.072784 -0.015421
69.910 14 NAVIGATION 15 1 94.5625 -288.5 4811707. 303.602234 59 37 37 0 0 0
69.931 14 FBW_STATUS 2 0 1 12.5 0.417705
69.932 14 GPS 3 36037932 481330409 1798 208607 1296 -51 0 18515960 31 0
70.028 14 NAVIGATION_REF 360284 4813595 31 185.
70.028 14 GPS_SOL 480 480 480 7
70.126 14 WP_MOVED 2 360333.5 4813695. 260. 31
70.160 14 NAVIGATION 15 1 94.5625 -291.5 4811704. 306.454407 59 37 37 0 0 0
70.179 14 GPS 3 36037933 481330045 1798 208557 1299 -54 0 18516240 31 0
70.180 14 SVINFO 2 9 1 2 36 68 146
70.227 14 ESTIMATOR 208.372299 -0.54
70.277 14 DESIRED 0.001393 -0.012414 0. -1500. -4811995. 200. -0.253077 13.
70.309 14 WIND_INFO 14 5 -0.8 0.7 0. 13.7
70.327 14 ATTITUDE 0.0023 3.072507 -0.011653
70.410 14 NAVIGATION 15 1 94.5625 -295. 4811700.5 309.785522 59 37 37 0 0 0
70.427 14 GPS 3 36037934 481329733 1798 208517 1300 -55 0 18516480 31 0
70.428 14 SVINFO 3 10 0 3 35 89 196
70.627 14 IR_SENSORS 0 0 20 -16 264
70.627 14 WP_MOVED 3 360294.09375 4813785. 260. 31
70.660 14 NAVIGATION 15 1 94.625 -298. 4811697. 312.662598 59 37 37 0 0 0
70.677 14 GPS 3 36037935 481329420 1798 208480 1303 -30 0 18516720 31 0
70.679 14 SVINFO 4 11 1 4 34 69 246
70.728 14 DATALINK_REPORT 0 10 2024 561 0 0
70.728 14 ENERGY 32 12.5 0.435402 5.44252 0.060919 0.761453
70.729 14 NAVIGATION 15 1 94.625 -301.5 4811697. 312.662598 59 37 37 0 0 0
70.730 14 ESTIMATOR 208.2509 -0.3
70.827 14 AIRSPEED 13.7 0. 0. 0.
70.828 14 ATTITUDE 0.0023 3.080109 -0.011653
70.910 14 NAVIGATION 15 1 94.625 -301.5 4811693.5 316.000214 60 38 38 0 0 0
70.927 14 GPS 3 36037936 481329107 1797 208445 1305 -32 0 18516960 31 0
71.110 14 FBW_STATUS 2 0 1 12.5 0.438192
71.127 14 DL_VALUE 54 0.087266
71.128 14 WP_MOVED 4 360416.3125 4813734. 260. 31
71.161 14 NAVIGATION 15 1 94.625 -304.5 4811690.5 318.863831 60 38 38 0 0 0
71.177 14 GPS 3 36037938 481328741 1798 208408 1307 -18 0 18517240 31 0
71.227 14 ESTIMATOR 208.227478 -0.18
71.327 14 DESIRED 0.001813 -0.012128 0. -1500. -4811995. 200. -0.247352 13.
71.328 14 ATTITUDE 0.0023 3.080309 -0.011653
71.409 14 NAVIGATION 15 1 94.625 -308. 4811687. 322.207825 60 38 38 0 0 0
71.426 14 GPS 3 36037939 481328427 1798 208380 1308 -24 0 18517480 31 0
71.427 14 SVINFO 0 7 0 0 38 0 47
