3.314 14 NAVIGATION 2 2 0. 0. 0. 0. 0 6 6 1 0 0
3.330 14 GPS 3 36028477 481359546 899 185000 0 20 0 18263960 31 0
3.513 14 FBW_STATUS 2 0 1 12.5 0.
3.530 14 DL_VALUE 10 1.
3.530 14 WP_MOVED 10 360452.8125 4813581. 260. 31
3.563 14 NAVIGATION 2 2 0. 0. 0. 0. 0 6 6 1 0 0
3.580 14 DESIRED 0. 0.00024 0. 0. 0. 235. 0. 13.
3.580 14 GPS 3 36028477 481359546 899 185000 0 32 0 18264240 31 0
3.630 14 ESTIMATOR 185.066971 0.32
3.730 14 ATTITUDE 0.0023 0. -0.000365
3.813 14 NAVIGATION 2 2 0. 0. 0. 0. 0 6 6 1 0 0
3.830 14 GPS 3 36028477 481359546 899 185000 0 33 0 18264480 31 0
4.030 14 WP_MOVED 11 360169.5 4813757.5 260. 31
4.063 14 NAVIGATION 2 2 0. 0. 0. 0. 0 6 6 1 0 0
4.081 14 GPS 3 36028477 481359546 899 185000 0 34 0 18264720 31 0
4.081 14 SVINFO 3 10 1 3 48 6 159
4.131 14 NAVIGATION 2 2 0. 0. 0. 0. 0 6 6 1 0 0
4.132 14 ESTIMATOR 185.142426 0.34
4.230 14 IR_SENSORS 0 0 23 -16 264
4.230 14 ENERGY 0 12.5 0. 0. 0. 0.
4.231 14 AIRSPEED 0. 0. 0. 0.
4.231 14 ATTITUDE 0.0023 0. -0.000365
4.314 14 NAVIGATION 2 2 0. 0. 0. 0. 0 7 7 1 0 0
4.330 14 FBW_STATUS 2 0 1 12.5 0.
4.330 14 GPS 3 36028477 481359546 899 185000 0 21 0 18265000 31 0
4.430 14 GPS_SOL 625 625 625 7
4.531 14 WP_MOVED 12 360287.59375 4813581. 260. 31
4.564 14 NAVIGATION 2 2 0. 0. 0. 0. 0 7 7 1 0 0
4.582 14 GPS 3 36028477 481359546 899 185000 0 26 0 18265240 31 0
4.630 14 DESIRED 0. 0.00024 0. 0. 0. 235. 0. 13.
4.630 14 ESTIMATOR 185.164597 0.26
4.730 14 ATTITUDE 0.0023 0. -0.000365
4.813 14 NAVIGATION 2 2 0. 0. 0. 0. 0 7 7 1 0 0
4.830 14 GPS 3 36028477 481359546 899 185000 0 18 0 18265480 31 0
5.030 14 CALIBRATION 0. 0
5.030 14 DL_VALUE 11 5.
5.030 14 WP_MOVED 13 360311.5 4813547. 260. 31
5.064 14 NAVIGATION 2 2 0. 0. 0. 0. 0 7 7 1 0 0
5.080 14 GPS 3 36028477 481359546 899 185000 0 6 0 18265720 31 0
5.081 14 SVINFO 0 7 0 0 46 79 10
5.130 14 NAVIGATION 2 2 0. 0. 0. 0. 0 7 7 1 0 0
5.130 14 ESTIMATOR 185.160294 0.06
5.230 14 AIRSPEED 0. 0. 0. 0.
5.231 14 ATTITUDE 0.0023 0. -0.000365
5.314 14 NAVIGATION 2 2 0. 0. 0. 0. 0 8 8 1 0 0
5.330 14 ENERGY 0 12.5 0. 0. 0. 0.
5.330 14 GPS 3 36028477 481359546 899 185000 0 0 0 18265960 31 0
5.331 14 SVINFO 1 8 1 1 47 38 60
5.430 14 NAVIGATION_REF 360284 4813595 31 185.
5.431 14 IR_SENSORS 0 0 23 -16 264
5.513 14 FBW_STATUS 2 0 1 12.5 0.
5.530 14 WP_MOVED 14 360300.6875 4813575.5 260. 31
5.563 14 NAVIGATION 2 2 0. 0. 0. 0. 0 8 8 1 0 0
5.580 14 GPS 3 36028477 481359546 899 185000 0 13 0 18266240 31 0
5.581 14 SVINFO 2 9 1 2 48 3 110
5.630 14 ESTIMATOR 185.096817 0.13
5.681 14 DESIRED 0. 0.00024 0. 0. 0. 235. 0. 13.
5.730 14 ATTITUDE 0.0023 0. -0.000365
5.814 14 NAVIGATION 2 2 0. 0. 0. 0. 0 8 8 1 0 0
5.829 14 GPS 3 36028477 481359546 899 185000 0 -2 0 18266480 31 0
6.030 14 WP_MOVED 15 360297.6875 4813554.5 260. 31
6.064 14 NAVIGATION 2 2 0. 0. 0. 0. 0 8 8 1 0 0
6.080 14 GPS 3 36028477 481359546 899 185000 0 -16 0 18266720 31 0
6.080 14 SVINFO 4 11 1 4 49 46 210
6.131 14 NAVIGATION 2 2 0. 0. 0. 0. 0 8 8 1 0 0
6.131 14 ESTIMATOR 185.067688 -0.16
6.231 14 AIRSPEED 0. 0. 0. 0.
6.231 14 ATTITUDE 0.0023 0. -0.000365
6.313 14 NAVIGATION 2 2 0. 0. 0. 0. 0 9 9 1 0 0
6.330 14 FBW_STATUS 2 0 1 12.5 0.
6.330 14 GPS 3 36028477 481359546 899 185000 0 -3 0 18266960 31 0
6.430 14 GPS_SOL 637 637 637 7
6.430 14 ENERGY 0 12.5 0. 0. 0. 0.
6.530 14 DL_VALUE 12 100.
6.531 14 WP_MOVED 16 361184. 4813643. 260. 31
6.563 14 NAVIGATION 2 2 0. 0. 0. 0. 0 9 9 1 0 0
6.580 14 GPS 3 36028477 481359546 899 185000 0 2 0 18267239 31 0
6.630 14 IR_SENSORS 0 0 23 -16 264
6.630 14 ESTIMATOR 185.00972 0.02
6.729 14 DESIRED 0. 0.00024 0. 0. 0. 235. 0. 13.
6.729 14 ATTITUDE 0.0023 0. -0.000365
6.814 14 NAVIGATION 2 2 0. 0. 0. 0. 0 9 9 1 0 0
6.832 14 GPS 3 36028477 481359546 899 185000 0 -9 0 18267480 31 0
6.833 14 SVINFO 0 7 0 0 47 76 11
7.030 14 WP_MOVED 17 361184. 4813643. 260. 31
7.063 14 NAVIGATION 2 2 0. 0. 0. 0. 0 9 9 1 0 0
7.080 14 GPS 3 36028477 481359546 899 185000 0 13 0 18267720 31 0
7.131 14 CALIBRATION 0. 0
7.131 14 NAVIGATION 2 2 0. 0. 0. 0. 0 9 9 1 0 0
7.132 14 ESTIMATOR 184.991409 0.13
7.230 14 AIRSPEED 0. 0. 0. 0.
7.230 14 ATTITUDE 0.0023 0. -0.000365
7.314 14 NAVIGATION 2 2 0. 0. 0. 0. 0 10 10 1 0 0
7.330 14 GPS 3 36028477 481359546 899 185000 0 10 0 18267960 31 0
7.413 14 COMMANDS 0,-17,7,0
7.514 14 FBW_STATUS 2 0 1 12.5 0.
7.530 14 ENERGY 0 12.5 0. 0. 0. 0.
7.530 14 WP_MOVED 18 360289. 4813605. 220. 31
7.563 14 NAVIGATION 2 2 0. 0. 0. 0. 0 10 10 1 0 0
7.580 14 GPS 3 36028477 481359546 899 185000 0 24 0 18268239 31 0
7.630 14 COMMANDS 0,-17,7,0
7.631 14 ESTIMATOR 185.031769 0.24
7.731 14 STATE_FILTER_STATUS 2 3 303
7.731 14 ATTITUDE 0.0023 0. -0.000365
7.782 14 DESIRED 0. 0.00024 0. 0. 0. 235. 0. 13.
7.813 14 NAVIGATION 2 2 0. 0. 0. 0. 0 10 10 1 0 0
7.830 14 IR_SENSORS 0 0 23 -16 264
7.830 14 GPS 3 36028477 481359546 899 185000 0 34 0 18268480 31 0
7.930 14 DATALINK_REPORT 9 1 514 529 0 0
7.931 14 PPRZ_MODE 2 1 2 0 0 6
8.032 14 ALIVE 179,209,69,119,115,11,176,21,181,244,80,210,55,176,198,136
8.032 14 DL_VALUE 13 1.
8.032 14 WP_MOVED 19 360289. 4813610. 500. 31
8.064 14 NAVIGATION 2 2 0. 0. 0. 0. 0 10 10 1 0 0
8.080 14 GPS 3 36028477 481359546 899 185000 0 18 0 18268720 31 0
8.131 14 NAVIGATION 2 2 0. 0. 0. 0. 0 10 10 1 0 0
8.131 14 ESTIMATOR 185.113815 0.18
8.231 14 AIRSPEED 0. 0. 0. 0.
8.231 14 ATTITUDE 0.0023 0. -0.000365
8.314 14 NAVIGATION 2 2 0. 0. 0. 0. 0 11 11 1 0 0
8.329 14 FBW_STATUS 2 0 1 12.5 0.
8.329 14 GPS 3 36028477 481359546 899 185000 0 21 0 18268960 31 0
8.431 14 GPS_SOL 648 648 648 7
8.530 14 WP_MOVED 20 360289. 4813620. 300. 31
8.563 14 NAVIGATION 2 2 0. 0. 0. 0. 0 11 11 1 0 0
8.580 14 GPS 3 36028477 481359546 899 185000 0 17 0 18269239 31 0
8.630 14 ENERGY 0 12.5 0. 0. 0. 0.
8.631 14 ESTIMATOR 185.126694 0.17
8.679 14 WIND_INFO 14 5 0. 0. 0. 0.
8.730 14 ATTITUDE 0.0023 0. -0.000365
8.806 14 SETTING 9 14 1.
8.806 14 DL_VALUE 9 1.
8.813 14 NAVIGATION 2 2 0. 0. 0. 0. 0 11 11 1 0 0
8.829 14 DESIRED 0. 0.00024 0. 0. 0. 235. 0. 13.
8.830 14 GPS 3 36028477 481359546 899 185000 0 15 0 18269480 31 0
8.830 14 SVINFO 1 8 0 1 48 32 62
9.030 14 IR_SENSORS 0 0 23 -16 264
9.031 14 WP_MOVED 21 360289. 4813625. 400. 31
9.064 14 NAVIGATION 2 2 0. 0. 0. 0. 0 11 11 1 0 0
9.080 14 GPS 3 36028477 481359546 899 185000 0 16 0 18269720 31 0
9.130 14 NAVIGATION 2 2 0. 0. 0. 0. 0 11 11 1 0 0
9.130 14 ESTIMATOR 185.121277 0.16
9.230 14 CALIBRATION 0. 0
9.230 14 AIRSPEED 0. 0. 0. 0.
9.230 14 ATTITUDE 0.0023 0. -0.000365
9.313 14 NAVIGATION 2 2 0. 0. 0. 0. 0 12 12 1 0 0
9.329 14 GPS 3 36028477 481359546 899 185000 0 -2 0 18269960 31 0
9.330 14 SVINFO 3 10 0 3 49 11 162
9.513 14 FBW_STATUS 2 0 1 12.5 0.
9.532 14 AUTOPILOT_VERSION 51500 v5.15_devel-179-g9a29798-dirty
9.533 14 DL_VALUE 14 0.
9.533 14 WP_MOVED 22 360289. 4813645. 250. 31
9.564 14 NAVIGATION 2 2 0. 0. 0. 0. 0 12 12 1 0 0
9.583 14 GPS 3 36028477 481359546 899 185000 0 4 0 18270239 31 0
9.613 14 BLOCK 3 14
9.614 14 NAVIGATION 3 0 0. 0. 0. 0. 0 0 0 1 0 0
9.630 14 ESTIMATOR 185.085312 0.04
9.730 14 ENERGY 0 12.5 0. 0. 0. 0.
9.730 14 ATTITUDE 0.0023 0. -0.000365
9.813 14 NAVIGATION 3 2 0. 0. 198.624115 0. 0 0 0 0 0 0
9.830 14 GPS 3 36028477 481359546 899 185000 0 0 0 18270480 31 0
9.879 14 DESIRED -0. 0.262039 0. -114.5 162.300003 235. 0. 13.
10.031 14 WP_MOVED 0 360326. 4813637. 260. 31
10.063 14 NAVIGATION 3 2 0. 0. 198.624115 0. 0 0 0 0 0 0
10.080 14 GPS 3 36028477 481359802 3599 184997 1063 8 0 18270720 31 0
10.131 14 NAVIGATION 3 2 0. 2.5 198.624115 0. 0 0 0 0 0 0
10.132 14 ESTIMATOR 185.051849 0.08
10.230 14 IR_SENSORS 0 0 27 -16 264
10.230 14 AIRSPEED 0. 0. 0. 0.
10.231 14 ATTITUDE 0.0023 6.283179 0.010902
10.313 14 TAKEOFF 22
10.313 14 NAVIGATION 3 2 0. 2.5 196.586594 2.5 1 1 1 0 0 0
10.332 14 FBW_STATUS 2 0 1 12.5 0.32117
10.332 14 GPS 3 36028477 481360102 3599 184986 1250 0 0 18270960 31 0
10.430 14 GPS_SOL 659 659 659 7
10.531 14 WP_MOVED 1 360284. 4813595. 260. 31
10.564 14 NAVIGATION 3 2 0. 5.5 194.155838 5.5 1 1 1 0 0 0
10.580 14 GPS 3 36028477 481360451 3599 184987 1246 -1 0 18271239 31 0
10.630 14 ESTIMATOR 185.033661 -0.01
10.730 14 ATTITUDE -0.051608 6.282077 0.068548
10.814 14 NAVIGATION 3 2 0. 9. 191.340378 9. 1 1 1 0 0 0
10.831 14 ENERGY 51 12.5 0.741786 9.272321 0.000554 0.006925
10.831 14 GPS 3 36028474 481360754 3595 185042 1264 20 0 18271480 31 0
10.832 14 SVINFO 2 9 0 2 49 0 113
10.929 14 DESIRED -0.282825 0.272457 0. -114.5 162.300003 235. 0. 13.
11.030 14 DL_VALUE 15 0.
11.031 14 WP_MOVED 2 360333.5 4813695. 260. 31
11.064 14 NAVIGATION 3 2 -0.03125 12. 188.926407 12.000041 1 1 1 0 0 0
11.080 14 GPS 3 36028467 481361065 3586 185186 1295 81 0 18271720 31 0
11.130 14 NAVIGATION 3 2 -0.0625 15. 188.926407 12.000041 1 1 1 0 0 0
11.130 14 ESTIMATOR 185.110184 0.81
11.230 14 AIRSPEED 0. 0. 0. 0.
11.230 14 ATTITUDE -0.179333 6.258817 0.147374
11.313 14 NAVIGATION 3 2 -0.0625 15. 186.529449 15.000131 2 2 2 0 0 0
11.331 14 CALIBRATION 0. 0
11.332 14 GPS 3 36028450 481361385 3570 185451 1333 119 0 18271960 31 0
11.431 14 IR_SENSORS 0 0 67 -73 247
11.513 14 FBW_STATUS 2 0 1 12.5 1.505746
11.530 14 WP_MOVED 3 360294.09375 4813785. 260. 31
11.563 14 NAVIGATION 3 2 -0.28125 18.5 183.641937 18.502138 2 2 2 0 0 0
11.585 14 GPS 3 36028415 481361770 3546 185944 1383 206 0 18272239 31 0
11.629 14 ESTIMATOR 185.722351 2.06
11.730 14 ATTITUDE -0.276244 6.189752 0.221985
11.813 14 NAVIGATION 3 2 -0.59375 22. 180.717255 22.008011 2 2 2 0 0 0
11.830 14 GPS 3 36028369 481362109 3521 186543 1425 257 0 18272480 31 0
11.930 14 ENERGY 88 12.5 1.627817 20.347708 0.002932 0.036647
11.980 14 DESIRED -0.321036 0.294508 0. -114.5 162.300003 235. 0. 13.
12.030 14 WP_MOVED 4 360416.3125 4813734. 260. 31
12.063 14 NAVIGATION 3 2 -1.0625 25.5 177.714111 25.522125 2 2 2 0 0 0
12.080 14 GPS 3 36028305 481362451 3494 187305 1453 340 0 18272720 31 0
12.081 14 SVINFO 0 7 0 0 48 69 14
12.130 14 NAVIGATION 3 2 -1.71875 29. 177.714111 25.522125 2 2 2 0 0 0
12.131 14 ESTIMATOR 187.04744 3.4
12.230 14 AIRSPEED 0. 0. 0. 0.
12.231 14 ATTITUDE -0.329508 6.099056 0.290264
12.314 14 NAVIGATION 3 2 -1.71875 29. 174.609558 29.050888 3 3 3 0 0 0
12.332 14 FBW_STATUS 2 0 1 12.5 1.627817
12.333 14 GPS 3 36028223 481362794 3465 188214 1467 391 0 18272960 31 0
12.412 14 COMMANDS 8524,135,-74,0
12.430 14 GPS_SOL 668 668 668 7
12.530 14 DL_VALUE 16 80.
12.531 14 WP_MOVED 5 360421. 4813583.5 260. 31
12.564 14 NAVIGATION 3 2 -2.5 32.5 171.441071 32.596012 3 3 3 0 0 0
12.580 14 GPS 3 36028105 481363189 3431 189427 1471 431 0 18273239 31 0
12.630 14 COMMANDS 8524,239,-273,0
12.630 14 IR_SENSORS 0 0 99 -96 229
12.630 14 ESTIMATOR 189.077194 4.31
12.730 14 STATE_FILTER_STATUS 2 3 424
12.731 14 ATTITUDE -0.330408 5.988873 0.324457
12.813 14 NAVIGATION 3 2 -3.71875 36.5 167.624954 36.68895 3 3 3 0 0 0
12.830 14 GPS 3 36027986 481363521 3402 190565 1468 475 0 18273480 31 0
12.930 14 PPRZ_MODE 2 1 2 0 0 6
13.030 14 DATALINK_REPORT 3 4 635 520 0 0
13.030 14 ALIVE 179,209,69,119,115,11,176,21,181,244,80,210,55,176,198,136
13.031 14 ENERGY 88 12.5 1.627817 20.347708 0.005916 0.073951
13.032 14 DESIRED -0.274252 0.295047 0. -114.5 162.300003 235. 0. 13.
13.032 14 WP_MOVED 6 360164.8125 4813664.5 260. 31
13.063 14 NAVIGATION 3 2 -4.90625 39.5 164.592316 39.803535 3 3 3 0 0 0
13.080 14 GPS 3 36027851 481363844 3373 191764 1461 485 0 18273720 31 0
13.131 14 NAVIGATION 3 2 -6.21875 43. 164.592316 39.803535 3 3 3 0 0 0
13.132 14 ESTIMATOR 191.52887 4.85
13.230 14 AIRSPEED 0. 0. 0. 0.
13.230 14 ATTITUDE -0.302593 5.888599 0.337394
13.315 14 NAVIGATION 3 2 -6.21875 43. 161.112762 43.447357 4 4 4 0 0 0
13.329 14 GPS 3 36027702 481364160 3346 193000 1452 513 0 18273960 31 0
13.431 14 CALIBRATION 0. 0
13.513 14 FBW_STATUS 2 0 1 12.5 1.627817
13.531 14 WP_MOVED 7 360558.40625 4813804.5 260. 31
13.564 14 NAVIGATION 3 2 -7.71875 46. 157.885803 46.643105 4 4 4 0 0 0
13.581 14 GPS 3 36027512 481364516 3317 194463 1442 514 0 18274239 31 0
13.631 14 ESTIMATOR 194.18602 5.14
13.730 14 ATTITUDE -0.251207 5.789664 0.327384
13.816 14 NAVIGATION 3 2 -9.625 49.5 154.021439 50.427082 4 4 4 0 0 0
13.831 14 IR_SENSORS 0 0 103 -73 235
13.831 14 GPS 3 36027337 481364813 3294 195716 1434 506 0 18274480 31 0
14.030 14 DL_VALUE 17 0.
14.031 14 WP_MOVED 8 360461.40625 4813640. 215. 31
14.063 14 NAVIGATION 3 2 -11.375 52.5 150.634674 53.718159 4 4 4 0 0 0
14.080 14 DESIRED -0.139974 0.283953 0. -114.5 162.300003 235. 0. 13.
14.081 14 GPS 3 36027152 481365101 3273 196957 1428 512 0 18274720 31 0
14.081 14 SVINFO 1 8 0 1 49 23 65
14.131 14 ENERGY 88 12.5 1.627817 20.347708 0.0089 0.111255
14.131 14 NAVIGATION 3 2 -13.21875 55.5 150.634674 53.718159 4 4 4 0 0 0
14.132 14 ESTIMATOR 196.839523 5.12
14.230 14 AIRSPEED 0. 0. 0. 0.
14.231 14 ATTITUDE -0.194904 5.713955 0.309009
14.313 14 NAVIGATION 3 2 -13.21875 55.5 147.187408 57.052479 5 5 5 0 0 0
14.330 14 FBW_STATUS 2 0 1 12.5 1.627817
14.330 14 GPS 3 36026959 481365383 3255 198179 1423 512 0 18274960 31 0
14.430 14 NAVIGATION_REF 360284 4813595 31 185.
14.430 14 GPS_SOL 676 676 676 7
14.531 14 WP_MOVED 9 360312.8125 4813652. 185. 31
14.564 14 NAVIGATION 3 2 -15.15625 58.5 143.678879 60.431465 5 5 5 0 0 0
14.580 14 GPS 3 36026724 481365704 3237 199577 1419 476 0 18275239 31 0
14.630 14 ESTIMATOR 199.456421 4.76
14.730 14 ATTITUDE -0.144873 5.650328 0.293952
14.814 14 NAVIGATION 3 2 -17.5 61.5 139.891525 63.94138 5 5 5 0 0 0
14.831 14 GPS 3 36026517 481365974 3224 200749 1418 466 0 18275480 31 0
15.030 14 IR_SENSORS 0 0 95 -45 244
15.031 14 WP_MOVED 10 360452.8125 4813581. 260. 31
15.064 14 NAVIGATION 3 2 -19.59375 64.5 136.279266 67.410423 5 5 5 0 0 0
15.080 14 GPS 3 36026304 481366240 3212 201899 1419 446 0 18275720 31 0
15.130 14 DESIRED -0.071595 0.273839 0. -114.5 162.300003 235. 0. 13.
15.131 14 NAVIGATION 3 2 -21.71875 67. 136.279266 67.410423 5 5 5 0 0 0
15.131 14 ESTIMATOR 201.853439 4.46
15.231 14 ENERGY 88 12.5 1.627817 20.347708 0.011885 0.14856
15.231 14 AIRSPEED 0. 0. 0. 0.
15.231 14 ATTITUDE -0.106946 5.60714 0.279087
15.315 14 NAVIGATION 3 2 -21.71875 67. 133.005463 70.432266 6 6 6 0 0 0
15.334 14 GPS 3 36026086 481366502 3202 203030 1420 437 0 18275960 31 0
15.514 14 FBW_STATUS 2 0 1 12.5 1.627817
15.530 14 CALIBRATION 0. 0
15.530 14 DL_VALUE 18 1.
15.531 14 WP_MOVED 11 360169.5 4813757.5 260. 31
15.563 14 NAVIGATION 3 2 -23.875 69.5 129.710175 73.486496 6 6 6 0 0 0
15.580 14 GPS 3 36025826 481366804 3193 204329 1423 465 0 18276239 31 0
15.582 14 SVINFO 0 7 0 0 49 64 16
15.630 14 ESTIMATOR 204.14151 4.65
15.731 14 ATTITUDE -0.077931 5.572847 0.269284
15.820 14 NAVIGATION 3 2 -26.5 72.5 125.730034 77.191322 6 6 6 0 0 0
15.831 14 GPS 3 36025600 481367061 3185 205429 1426 459 0 18276480 31 0
16.030 14 WP_MOVED 12 360287.59375 4813581. 260. 31
16.063 14 NAVIGATION 3 2 -28.75 75. 122.369743 80.321617 6 6 6 0 0 0
16.079 14 GPS 3 36025370 481367316 3179 206521 1429 454 0 18276720 31 0
16.130 14 NAVIGATION 3 2 -31.0625 78. 122.369743 80.321617 6 6 6 0 0 0
16.131 14 ESTIMATOR 206.493179 4.54
16.180 14 DESIRED -0.034123 0.26738 0. -114.5 162.300003 235. 0. 13.
16.230 14 IR_SENSORS 0 0 91 -29 248
16.231 14 AIRSPEED 0. 0. 0. 0.
16.231 14 ATTITUDE -0.053575 5.549873 0.264415
16.331 14 NAVIGATION 3 2 -31.0625 78. 118.609894 83.957603 7 7 7 0 0 0
16.331 14 FBW_STATUS 2 0 1 12.5 1.627817
16.332 14 ENERGY 88 12.5 1.627817 20.347708 0.014869 0.185864
16.333 14 GPS 3 36025138 481367569 3174 207608 1432 463 0 18276960 31 0
16.430 14 GPS_SOL 683 683 683 7
16.530 14 WP_MOVED 13 360311.5 4813547. 260. 31
16.564 14 NAVIGATION 3 2 -33.375 80.5 115.20636 87.144363 7 7 7 0 0 0
16.581 14 GPS 3 36024864 481367863 3170 208873 1435 469 0 18277239 31 0
16.630 14 ESTIMATOR 208.804199 4.69
16.730 14 ATTITUDE -0.037635 5.532853 0.260857
16.817 14 NAVIGATION 3 2 -36.125 83. 111.49498 90.520805 7 7 7 0 0 0
16.830 14 GPS 3 36024627 481368115 3166 209957 1437 467 0 18277480 31 0
17.030 14 DL_VALUE 19 0.
17.030 14 WP_MOVED 14 360300.6875 4813575.5 260. 31
17.063 14 NAVIGATION 3 2 -38.46875 86. 107.71463 94.2117 7 7 7 0 0 0
17.080 14 GPS 3 36024389 481368365 3164 211043 1439 473 0 18277720 31 0
17.130 14 NAVIGATION 3 2 -40.875 88. 107.71463 94.2117 7 7 7 0 0 0
17.134 14 ESTIMATOR 211.114365 4.73
17.231 14 DESIRED -0.017967 0.264434 0. -114.5 162.300003 235. 0. 13.
17.231 14 AIRSPEED 0. 0. 0. 0.
17.231 14 ATTITUDE -0.025293 5.522815 0.259568
17.315 14 NAVIGATION 4 0 -40.875 88. 0. 97.029716 8 0 0 0 0 0
17.331 14 GPS 3 36024150 481368615 3162 212132 1441 484 0 18277960 31 0
17.414 14 COMMANDS 8524,25,53,0
17.430 14 IR_SENSORS 0 0 90 -21 249
17.430 14 ENERGY 88 12.5 1.627817 20.347708 0.017854 0.223168
17.513 14 FBW_STATUS 2 0 1 12.5 1.627817
17.530 14 WP_MOVED 15 360297.6875 4813554.5 260. 31
17.563 14 NAVIGATION 4 0 -43.21875 90.5 0. 100.290131 8 0 0 0 0 0
17.580 14 GPS 3 36023869 481368905 3160 213407 1442 472 0 18278239 31 0
17.630 14 COMMANDS 8524,4294,511,0
17.630 14 CALIBRATION 0. 1
17.631 14 ESTIMATOR 213.449646 4.72
17.730 14 STATE_FILTER_STATUS 2 3 354
17.731 14 ATTITUDE 0.006666 5.515275 0.263116
17.813 14 NAVIGATION 4 0 -46.0625 93.5 0. 104.23053 8 0 0 0 0 0
17.830 14 GPS 3 36023629 481369154 3159 214504 1443 460 0 18278480 31 0
17.930 14 PPRZ_MODE 2 3 2 2 0 6
18.030 14 ALIVE 179,209,69,119,115,11,176,21,181,244,80,210,55,176,198,136
18.031 14 WP_MOVED 16 361184. 4813643. 260. 31
18.064 14 NAVIGATION 4 0 -48.46875 96. 0. 107.54171 8 0 0 0 0 0
18.080 14 GPS 3 36023390 481369405 3164 215608 1443 463 0 18278720 31 0
18.130 14 DATALINK_REPORT 8 4 755 528 0 0
18.131 14 NAVIGATION 4 0 -50.84375 98.5 0. 107.54171 8 0 0 0 0 0
18.131 14 ESTIMATOR 215.711487 4.63
18.230 14 AIRSPEED 0. 0. 0. 0.
18.231 14 ATTITUDE 0.139295 5.522264 0.271504
18.281 14 DESIRED 0.56813 0.315761 0. -9.384392 154.253754 260. 1.36208 13.
18.314 14 NAVIGATION 4 0 -53.1875 101. 0. 114.148628 9 1 1 0 0 0
18.329 14 FBW_STATUS 2 0 1 12.5 1.627817
18.330 14 GPS 3 36023155 481369660 3174 216721 1443 463 0 18278960 31 0
18.379 14 CIRCLE 49.5 100.099998 80.
18.429 14 GPS_SOL 689 689 689 7
18.530 14 DL_VALUE 20 0.
18.531 14 ENERGY 88 12.5 1.627817 20.347708 0.020838 0.260472
18.531 14 WP_MOVED 17 361184. 4813643. 260. 31
18.564 14 NAVIGATION 4 0 -55.84375 104. 0. 118.044586 9 1 1 0 0 0
18.581 14 GPS 3 36022891 481369966 3193 218035 1442 459 0 18279239 31 0
18.630 14 IR_SENSORS 0 0 96 46 244
18.631 14 ESTIMATOR 218.000351 4.59
18.680 14 WIND_INFO 14 5 -1.5 3.3 0. 10.9
18.730 14 ATTITUDE 0.270536 5.573153 0.293952
18.815 14 NAVIGATION 4 0 -58. 107. 0. 121.708672 9 1 1 0 0 0
18.830 14 GPS 3 36022676 481370237 3215 219174 1440 477 0 18279480 31 0
19.030 14 WP_MOVED 18 360289. 4813605. 220. 31
19.064 14 NAVIGATION 4 0 -60. 110. 0. 125.299644 9 1 1 0 0 0
19.082 14 GPS 3 36022476 481370518 3244 220325 1439 499 0 18279720 31 0
19.130 14 NAVIGATION 4 0 -60. 110. 0. 125.299644 9 1 1 0 0 0
19.131 14 ESTIMATOR 220.341339 4.99
19.230 14 AIRSPEED 10.9 0. 0. 0.
19.231 14 ATTITUDE 0.408843 5.598612 0.321762
19.313 14 NAVIGATION 4 0 -60. 110. 0. 125.299644 10 2 2 0 0 0
19.330 14 DESIRED 0.572905 0.344853 0. -1.74511 161.532394 260. 1.18976 13.
19.331 14 GPS 3 36022264 481370860 3282 221677 1436 502 0 18280000 31 0
19.430 14 CIRCLE 49.5 100.099998 80.
19.513 14 FBW_STATUS 2 0 1 12.5 1.627817
19.531 14 WP_MOVED 19 360289. 4813610. 500. 31
19.564 14 NAVIGATION 4 0 -62.125 113. 0. 128.951599 10 2 2 0 0 0
19.584 14 GPS 3 36022107 481371166 3328 222841 1434 494 0 18280239 31 0
19.630 14 ENERGY 88 12.5 1.627817 20.347708 0.023822 0.297775
19.631 14 ESTIMATOR 222.859879 4.94
19.730 14 CALIBRATION 0. 1
19.730 14 ATTITUDE 0.522869 5.793292 0.354527
19.822 14 NAVIGATION 4 0 -63.65625 116. 0. 132.318237 10 2 2 0 0 0
19.833 14 IR_SENSORS 0 0 106 114 220
19.833 14 GPS 3 36021977 481371484 3376 224004 1432 491 0 18280480 31 0
20.031 14 DL_VALUE 21 0.
20.031 14 WP_MOVED 20 360289. 4813620. 300. 31
20.064 14 NAVIGATION 4 0 -65. 119.5 0. 136.033997 10 2 2 0 0 0
20.083 14 GPS 3 36021876 481371812 3429 225164 1430 490 0 18280720 31 0
20.130 14 NAVIGATION 4 0 -66. 122.5 0. 136.033997 10 2 2 0 0 0
20.131 14 ESTIMATOR 225.27948 4.9
20.230 14 AIRSPEED 10.9 0. 0. 0.
20.230 14 ATTITUDE 0.573461 6.029042 0.372671
20.320 14 NAVIGATION 4 0 -66. 122.5 0. 139.1483 11 3 3 0 0 0
20.330 14 FBW_STATUS 2 0 1 12.5 1.627817
20.330 14 GPS 3 36021807 481372148 3484 226322 1429 494 0 18280960 31 0
20.380 14 DESIRED 0.55496 0.359736 0. 4.736401 166.403992 260. 1.041616 13.
20.430 14 GPS_SOL 693 693 693 7
20.480 14 CIRCLE 49.5 100.099998 80.
20.531 14 WP_MOVED 21 360289. 4813625. 400. 31
20.563 14 NAVIGATION 4 0 -66.65625 126. 0. 142.544922 11 3 3 0 0 0
20.580 14 GPS 3 36021769 481372546 3550 227672 1428 497 0 18281239 31 0
20.630 14 AUTOPILOT_VERSION 51500 v5.15_devel-179-g9a29798-dirty
20.631 14 ESTIMATOR 227.687119 4.97
20.730 14 ENERGY 88 12.5 1.627817 20.347708 0.026807 0.335079
20.731 14 ATTITUDE 0.573461 0.02391 0.376381
20.822 14 NAVIGATION 4 0 -67.0625 130. 0. 146.278427 11 3 3 0 0 0
20.831 14 GPS 3 36021773 481372889 6 228828 1427 501 0 18281480 31 0
21.031 14 IR_SENSORS 0 0 107 118 217
21.031 14 WP_MOVED 22 360289. 4813645. 250. 31
21.063 14 NAVIGATION 4 0 -66.65625 136.5 0. 151.905579 11 3 3 0 0 0
21.080 14 GPS 3 36021810 481373229 61 229985 1426 491 0 18281720 31 0
21.130 14 NAVIGATION 4 0 -66.65625 136.5 0. 151.905579 11 3 3 0 0 0
21.130 14 ESTIMATOR 230.120071 4.91
21.230 14 AIRSPEED 10.9 0. 0. 0.
21.230 14 ATTITUDE 0.542782 0.272533 0.367207
21.318 14 NAVIGATION 4 0 -65.9375 140. 0. 154.750626 12 4 4 0 0 0
21.332 14 GPS 3 36021879 481373565 115 231144 1426 471 0 18281960 31 0
21.430 14 DESIRED 0.489196 0.354274 0. 14.514763 172.044647 260. 0.861147 13.
21.513 14 FBW_STATUS 2 0 1 12.5 1.627817
21.530 14 DL_VALUE 22 0.
21.530 14 CIRCLE 49.5 100.099998 80.
21.531 14 WP_MOVED 0 360326. 4813637. 260. 31
21.564 14 NAVIGATION 4 0 -64.78125 144. 0. 157.900635 12 4 4 0 0 0
21.580 14 GPS 3 36021996 481373946 175 232500 1425 476 0 18282239 31 0
21.630 14 ESTIMATOR 232.479614 4.76
21.731 14 ATTITUDE 0.497502 0.512446 0.354724
21.826 14 NAVIGATION 4 0 -63.46875 147. 0. 160.116455 12 4 4 0 0 0
21.833 14 CALIBRATION 0. 1
21.833 14 ENERGY 88 12.5 1.627817 20.347708 0.029791 0.372382
21.833 14 GPS 3 36022126 481374263 223 233667 1424 493 0 18282480 31 0
22.030 14 WP_MOVED 1 360284. 4813595. 260. 31
22.063 14 NAVIGATION 4 0 -61.9375 150. 0. 162.284485 12 4 4 0 0 0
22.080 14 GPS 3 36022281 481374567 269 234836 1424 515 0 18282720 31 0
22.131 14 NAVIGATION 4 0 -61.9375 150. 0. 162.284485 12 4 4 0 0 0
22.132 14 ESTIMATOR 234.884552 5.15
22.231 14 IR_SENSORS 0 0 105 96 227
22.231 14 AIRSPEED 10.9 0. 0. 0.
22.232 14 ATTITUDE 0.462929 0.703422 0.345979
22.334 14 NAVIGATION 4 0 -60.15625 153. 0. 164.40126 13 5 5 0 0 0
22.336 14 FBW_STATUS 2 0 1 12.5 1.627817
22.336 14 GPS 3 36022460 481374859 314 236007 1423 518 0 18282960 31 0
22.413 14 COMMANDS 8524,-296,30,0
22.429 14 GPS_SOL 697 697 697 7
22.480 14 DESIRED 0.410561 0.346496 0. 23.129292 175.628708 260. 0.716113 13.
22.530 14 WP_MOVED 2 360333.5 4813695. 260. 31
22.564 14 NAVIGATION 4 0 -57.78125 156. 0. 166.357056 13 5 5 0 0 0
22.580 14 CIRCLE 49.5 100.099998 80.
22.580 14 GPS 3 36022695 481375180 364 237375 1422 509 0 18283239 31 0
22.631 14 COMMANDS 8524,-392,34,0
22.631 14 ESTIMATOR 237.411789 5.09
22.730 14 STATE_FILTER_STATUS 2 3 424
22.730 14 ATTITUDE 0.432044 0.88547 0.340998
22.828 14 NAVIGATION 4 0 -55.59375 158.5 0. 167.96701 13 5 5 0 0 0
22.830 14 GPS 3 36022916 481375440 405 238550 1421 514 0 18283480 31 0
22.929 14 PPRZ_MODE 2 3 2 2 0 6
22.930 14 ENERGY 88 12.5 1.627817 20.347708 0.032775 0.409685
23.029 14 ALIVE 179,209,69,119,115,11,176,21,181,244,80,210,55,176,198,136
23.030 14 DL_VALUE 23 0.
23.031 14 WP_MOVED 3 360294.09375 4813785. 260. 31
23.064 14 NAVIGATION 4 0 -53.1875 161.5 0. 170.032822 13 5 5 0 0 0
23.080 14 GPS 3 36023156 481375683 445 239728 1420 514 0 18283720 31 0
23.130 14 NAVIGATION 4 0 -53.1875 161.5 0. 170.032822 13 5 5 0 0 0
23.131 14 ESTIMATOR 239.881531 5.14
23.230 14 DATALINK_REPORT 4 5 877 535 0 0
23.231 14 AIRSPEED 10.9 0. 0. 0.
23.231 14 ATTITUDE 0.394891 1.033626 0.337736
23.330 14 NAVIGATION 4 0 -50.65625 163.5 0. 171.16748 14 6 6 0 0 0
23.331 14 GPS 3 36023410 481375909 482 240910 1420 512 0 18283960 31 0
23.431 14 NAVIGATION_REF 360284 4813595 31 185.
23.431 14 IR_SENSORS 0 0 105 76 233
23.512 14 FBW_STATUS 2 0 1 12.5 1.46333
23.530 14 DESIRED 0.320006 0.308957 0. 31.958981 178.153259 260. 0.566983 13.
23.530 14 WP_MOVED 4 360416.3125 4813734. 260. 31
23.565 14 NAVIGATION 4 0 -47.5 166. 0. 172.662247 14 6 6 0 0 0
23.580 14 GPS 3 36023723 481376153 524 242293 1414 513 0 18284239 31 0
23.631 14 CIRCLE 49.5 100.099998 80.
23.631 14 ESTIMATOR 242.358017 5.13
23.730 14 ATTITUDE 0.352336 1.174306 0.329377
23.844 14 NAVIGATION 4 0 -44.75 168. 0. 173.85788 14 6 6 0 0 0
23.845 14 GPS 3 36024001 481376342 557 243473 1401 499 0 18284480 31 0
23.930 14 CALIBRATION 36.733967 2
24.030 14 ENERGY 66 12.5 1.097838 13.722977 0.035441 0.443002
24.030 14 WP_MOVED 5 360421. 4813583.5 260. 31
24.064 14 NAVIGATION 4 0 -41.90625 169.5 0. 174.6035 14 6 6 0 0 0
24.081 14 GPS 3 36024284 481376513 589 244629 1378 494 0 18284720 31 0
24.082 14 SVINFO 6 13 0 6 48 61 321
24.130 14 NAVIGATION 4 0 -41.90625 169.5 0. 174.6035 14 6 6 0 0 0
24.131 14 ESTIMATOR 244.789398 4.94
24.230 14 AIRSPEED 10.9 0. 0. 0.
24.230 14 ATTITUDE 0.296012 1.291493 0.307525
24.349 14 NAVIGATION 4 0 -39.0625 171. 0. 175.404907 15 7 7 0 0 0
24.350 14 FBW_STATUS 2 0 1 12.5 0.906264
24.350 14 GPS 3 36024570 481376665 618 245738 1348 470 0 18284960 31 0
24.429 14 GPS_SOL 699 699 699 7
24.529 14 DL_VALUE 24 0.
24.530 14 WP_MOVED 6 360164.8125 4813664.5 260. 31
24.563 14 NAVIGATION 4 0 -35.75 173. 0. 176.655212 15 7 7 0 0 0
24.580 14 DESIRED 0.179391 0.128188 0. 43.271729 179.857178 260. 0.387691 13.
24.580 14 GPS 3 36024901 481376821 651 246936 1304 417 0 18285239 31 0
24.631 14 IR_SENSORS 0 0 94 47 244
24.631 14 ESTIMATOR 247.076965 4.17
24.680 14 CIRCLE 49.5 100.099998 80.
24.730 14 ATTITUDE 0.244481 1.407987 0.271951
24.830 14 NAVIGATION 4 0 -32.9375 174. 0. 177.090027 15 7 7 0 0 0
24.831 14 GPS 3 36025181 481376936 676 247853 1260 363 0 18285480 31 0
25.030 14 WP_MOVED 7 360558.40625 4813804.5 260. 31
25.064 14 NAVIGATION 4 0 -30.1875 174.5 0. 177.091888 15 7 7 0 0 0
25.080 14 GPS 3 36025455 481377035 700 248646 1213 328 0 18285720 31 0
25.130 14 ENERGY 26 12.5 0.389929 4.874118 0.03675 0.459373
25.130 14 NAVIGATION 4 0 -30.1875 174.5 0. 177.091888 15 7 7 0 0 0
25.130 14 ESTIMATOR 248.878143 3.28
25.231 14 AIRSPEED 10.9 0. 0. 0.
25.232 14 ATTITUDE 0.185716 1.506564 0.22128
25.325 14 NAVIGATION 4 0 -30.1875 174.5 0. 177.091888 15 8 8 0 0 0
25.329 14 GPS 3 36025766 481377133 724 249394 1162 274 0 18286000 31 0
25.514 14 FBW_STATUS 2 0 1 12.5 0.32756
25.531 14 WP_MOVED 8 360461.40625 4813640. 215. 31
25.563 14 NAVIGATION 4 0 -27.0625 175.5 0. 177.574295 16 8 8 0 0 0
25.581 14 GPS 3 36026025 481377204 746 249879 1122 203 0 18286239 31 0
25.586 14 SVINFO 5 12 1 5 48 88 271
25.631 14 DESIRED 0.102178 0.041484 0. 48.88802 180.097656 260. 0.311401 13.
25.631 14 ESTIMATOR 250.19548 2.03
25.731 14 CIRCLE 49.5 100.099998 80.
25.732 14 ATTITUDE 0.140798 1.597745 0.172363
25.840 14 NAVIGATION 4 0 -24.5 176.5 0. 178.192307 16 8 8 0 0 0
25.843 14 IR_SENSORS 0 0 64 17 257
25.843 14 GPS 3 36026282 481377266 764 250229 1098 150 0 18286480 31 0
26.031 14 CALIBRATION 150. 0
26.032 14 DL_VALUE 25 0.
26.032 14 WP_MOVED 9 360312.8125 4813652. 185. 31
26.065 14 NAVIGATION 4 0 -21.9375 177.5 0. 178.85051 16 8 8 0 0 0
26.079 14 GPS 3 36026535 481377320 779 250457 1079 87 0 18286720 31 0
26.130 14 NAVIGATION 4 0 -19.375 177.5 0. 178.85051 16 8 8 0 0 0
26.130 14 ESTIMATOR 250.827881 0.87
26.231 14 ENERGY 18 12.5 0.220138 2.75172 0.037255 0.465687
26.232 14 AIRSPEED 10.9 0. 0. 0.
26.232 14 ATTITUDE 0.097433 1.657876 0.117514
26.326 14 NAVIGATION 4 0 -19.375 177.5 0. 178.554306 17 9 9 0 0 0
26.329 14 FBW_STATUS 2 0 1 12.5 0.220138
26.330 14 GPS 3 36026787 481377367 793 250579 1069 52 0 18286960 31 0
26.430 14 GPS_SOL 699 699 699 7
26.531 14 WP_MOVED 10 360452.8125 4813581. 260. 31
26.564 14 NAVIGATION 4 0 -16.875 178.5 0. 179.295883 17 9 9 0 0 0
26.580 14 GPS 3 36027083 481377416 806 250612 1071 7 0 18287239 31 0
26.630 14 ESTIMATOR 250.941559 0.07
26.680 14 DESIRED 0.059542 0.021349 0. 56.122002 179.82547 260. 0.272234 13.
26.730 14 ATTITUDE 0.074282 1.700082 0.075405
26.780 14 CIRCLE 49.5 100.099998 80.
26.838 14 NAVIGATION 4 0 -13.90625 178.5 0. 179.040863 17 9 9 0 0 0
26.838 14 GPS 3 36027340 481377454 816 250568 1081 -18 0 18287480 31 0
27.029 14 IR_SENSORS 0 0 37 0 263
27.029 14 WP_MOVED 11 360169.5 4813757.5 260. 31
27.063 14 NAVIGATION 4 0 -11.34375 179. 0. 179.359085 17 9 9 0 0 0
27.080 14 GPS 3 36027601 481377488 825 250476 1095 -47 0 18287719 31 0
27.130 14 NAVIGATION 4 0 -8.75 179. 0. 179.359085 17 9 9 0 0 0
27.130 14 ESTIMATOR 250.726822 -0.47
27.230 14 AIRSPEED 10.9 0. 0. 0.
27.230 14 ATTITUDE 0.062832 1.72208 0.041298
27.327 14 NAVIGATION 4 0 -8.75 179. 0. 179.21373 18 10 10 0 0 0
27.331 14 ENERGY 21 12.5 0.261695 3.271186 0.037686 0.471071
27.332 14 GPS 3 36027866 481377519 833 250351 1111 -72 0 18287960 31 0
27.413 14 COMMANDS 2110,-88,-165,0
27.513 14 FBW_STATUS 2 0 1 12.5 0.281304
27.530 14 DL_VALUE 26 160.
27.531 14 WP_MOVED 12 360287.59375 4813581. 260. 31
27.564 14 NAVIGATION 4 0 -6.125 179.5 0. 179.604477 18 10 10 0 0 0
27.580 14 GPS 3 36028181 481377551 841 250180 1133 -56 0 18288239 31 0
27.631 14 COMMANDS 2211,-54,-71,0
27.631 14 ESTIMATOR 250.315948 -0.56
27.729 14 STATE_FILTER_STATUS 2 3 295
27.729 14 DESIRED 0.047924 0.019547 0. 63.372868 178.88797 260. 0.283711 13.
27.730 14 ATTITUDE 0.051469 1.737273 0.018399
27.852 14 NAVIGATION 4 0 -2.9375 180. 0. 180.023972 18 10 10 0 0 0
27.853 14 CIRCLE 49.5 100.099998 80.
27.854 14 GPS 3 36028457 481377576 847 250023 1153 -57 0 18288480 31 0
27.929 14 PPRZ_MODE 2 3 2 2 0 6
28.030 14 ALIVE 179,209,69,119,115,11,176,21,181,244,80,210,55,176,198,136
28.031 14 WP_MOVED 13 360311.5 4813547. 260. 31
28.063 14 NAVIGATION 4 0 -0.1875 180. 0. 180.000092 18 10 10 0 0 0
28.080 14 GPS 3 36028737 481377599 853 249866 1172 -72 0 18288719 31 0
28.130 14 CALIBRATION 83.410561 0
28.131 14 NAVIGATION 4 0 2.625 180.5 0. 180.000092 18 10 10 0 0 0
28.132 14 ESTIMATOR 249.961212 -0.72
28.230 14 IR_SENSORS 0 0 25 -4 264
28.231 14 AIRSPEED 10.9 0. 0. 0.
28.231 14 ATTITUDE 0.047681 1.746877 0.007149
28.315 14 NAVIGATION 4 0 2.625 180.5 0. 180.519089 19 11 11 0 0 0
28.341 14 DATALINK_REPORT 10 5 1001 535 0 0
28.341 14 FBW_STATUS 2 0 1 12.5 0.347379
28.341 14 GPS 3 36029023 481377620 858 249713 1191 -80 0 18288960 31 0
28.430 14 GPS_SOL 699 699 699 7
28.430 14 ENERGY 27 12.5 0.361225 4.515314 0.038253 0.47816
28.531 14 WP_MOVED 14 360300.6875 4813575.5 260. 31
28.563 14 NAVIGATION 4 0 5.5 181. 0. 181.083542 19 11 11 0 0 0
28.580 14 GPS 3 36029361 481377641 864 249548 1211 -72 0 18289239 31 0
28.631 14 ESTIMATOR 249.559662 -0.72
28.684 14 WIND_INFO 14 5 0.1 3.1 0. 11.6
28.730 14 ATTITUDE 0.051469 1.756661 -0.000365
28.779 14 DESIRED 0.059309 0.027442 0. 72.16642 176.821793 260. 0.307089 13.
28.814 14 NAVIGATION 4 0 8.84375 181. 0. 181.215927 19 11 11 0 0 0
28.850 14 GPS 3 36029656 481377657 869 249422 1230 -62 0 18289480 31 0
28.851 14 SVINFO 4 11 1 4 48 81 223
28.880 14 CIRCLE 49.5 100.099998 80.
29.030 14 DL_VALUE 27 0.
29.031 14 WP_MOVED 15 360297.6875 4813554.5 260. 31
29.063 14 NAVIGATION 4 0 11.8125 181. 0. 181.38504 19 11 11 0 0 0
29.080 14 GPS 3 36029955 481377670 875 249316 1248 -41 0 18289719 31 0
29.130 14 NAVIGATION 4 0 14.8125 181. 0. 181.38504 19 11 11 0 0 0
29.131 14 ESTIMATOR 249.256226 -0.41
29.230 14 AIRSPEED 11.6 0. 0. 0.
29.231 14 ATTITUDE 0.055256 1.775171 0.003393
29.314 14 NAVIGATION 4 0 14.8125 181. 0. 181.605087 20 12 12 0 0 0
29.347 14 GPS 3 36030258 481377680 880 249235 1265 -35 0 18289960 31 0
29.349 14 SVINFO 6 13 1 6 47 52 324
29.430 14 IR_SENSORS 0 0 24 -1 264
29.514 14 FBW_STATUS 2 0 1 12.5 0.510462
29.530 14 ENERGY 36 12.5 0.510462 6.380775 0.039067 0.488336
29.531 14 WP_MOVED 16 361184. 4813643. 260. 31
29.564 14 NAVIGATION 4 0 17.8125 181. 0. 181.874359 20 12 12 0 0 0
29.582 14 GPS 3 36030618 481377688 887 249175 1283 -10 0 18290239 31 0
29.630 14 ESTIMATOR 249.109711 -0.1
29.730 14 ATTITUDE 0.062832 1.789455 0.010902
29.814 14 NAVIGATION 4 0 21.40625 181.5 0. 182.757965 20 12 12 0 0 0
29.841 14 DESIRED 0.08704 0.048135 0. 84.51799 172.028717 260. 0.326709 13.
29.843 14 GPS 3 36030929 481377691 894 249158 1297 -7 0 18290480 31 0
29.931 14 CIRCLE 49.5 100.099998 80.
30.031 14 WP_MOVED 17 361184. 4813643. 260. 31
30.064 14 NAVIGATION 4 0 24.53125 181.5 0. 183.150299 20 12 12 0 0 0
30.080 14 GPS 3 36031243 481377690 900 249172 1307 -3 0 18290719 31 0
30.130 14 NAVIGATION 4 0 27.6875 181.5 0. 183.150299 20 12 12 0 0 0
30.131 14 ESTIMATOR 249.108139 -0.03
30.230 14 CALIBRATION -6.059268 2
30.231 14 AIRSPEED 11.6 0. 0. 0.
30.232 14 ATTITUDE 0.077982 1.807016 0.022143
30.314 14 NAVIGATION 4 0 27.6875 181.5 0. 183.599701 21 13 13 0 0 0
30.349 14 FBW_STATUS 2 0 1 12.5 0.548892
30.350 14 GPS 3 36031558 481377685 908 249218 1314 8 0 18290960 31 0
30.430 14 GPS_SOL 697 697 697 7
30.530 14 DL_VALUE 28 0.32
30.531 14 WP_MOVED 18 360289. 4813605. 220. 31
30.563 14 NAVIGATION 4 0 30.84375 181.5 0. 184.102112 21 13 13 0 0 0
30.580 14 GPS 3 36031927 481377674 918 249308 1320 30 0 18291239 31 0
30.631 14 IR_SENSORS 0 0 32 8 263
30.631 14 ENERGY 38 12.5 0.546506 6.831323 0.040053 0.500661
30.631 14 ESTIMATOR 249.191193 0.3
30.731 14 ATTITUDE 0.097039 1.833942 0.033811
30.813 14 NAVIGATION 4 0 34.53125 181. 0. 184.264496 21 13 13 0 0 0
30.858 14 GPS 3 36032244 481377658 928 249413 1321 41 0 18291480 31 0
30.858 14 SVINFO 5 12 1 5 47 85 274
30.882 14 DESIRED 0.114283 0.04967 0. 94.832336 166.016449 260. 0.324264 13.
30.980 14 CIRCLE 49.5 100.099998 80.
31.030 14 WP_MOVED 19 360289. 4813610. 500. 31
31.064 14 NAVIGATION 4 0 37.6875 181. 0. 184.881989 21 13 13 0 0 0
31.080 14 GPS 3 36032561 481377637 938 249541 1321 63 0 18291719 31 0
31.130 14 NAVIGATION 4 0 40.84375 181. 0. 184.881989 21 13 13 0 0 0
31.131 14 ESTIMATOR 249.440994 0.63
31.230 14 AIRSPEED 11.6 0. 0. 0.
31.230 14 ATTITUDE 0.112221 1.866899 0.045036
31.313 14 NAVIGATION 4 0 40.84375 181. 0. 185.551102 22 14 14 0 0 0
31.347 14 GPS 3 36032876 481377609 949 249687 1318 58 0 18291960 31 0
31.514 14 FBW_STATUS 2 0 1 12.5 0.499294
31.531 14 WP_MOVED 20 360289. 4813620. 300. 31
31.564 14 NAVIGATION 4 0 44. 180.5 0. 185.785492 22 14 14 0 0 0
31.583 14 GPS 3 36033241 481377569 964 249871 1311 81 0 18292239 31 0
31.630 14 ESTIMATOR 249.793152 0.81
31.731 14 AUTOPILOT_VERSION 51500 v5.15_devel-179-g9a29798-dirty
31.732 14 ENERGY 34 12.5 0.470558 5.881979 0.041006 0.512564
31.732 14 ATTITUDE 0.123825 1.910223 0.053027
31.814 14 NAVIGATION 4 0 47.65625 180. 0. 186.201813 22 14 14 0 0 0
31.852 14 IR_SENSORS 0 0 37 17 262
31.852 14 GPS 3 36033551 481377527 976 250034 1303 89 0 18292480 31 0
31.931 14 DESIRED 0.135886 0.034493 0. 104.748482 157.958496 260. 0.306205 13.
32.030 14 DL_VALUE 29 0.
32.031 14 CIRCLE 49.5 100.099998 80.
32.032 14 WP_MOVED 21 360289. 4813625. 400. 31
32.063 14 NAVIGATION 4 0 50.78125 180. 0. 187.026031 22 14 14 0 0 0
32.080 14 GPS 3 36033857 481377478 990 250195 1293 73 0 18292719 31 0
32.081 14 SVINFO 3 10 1 3 48 48 175
32.130 14 NAVIGATION 4 0 53.8125 179. 0. 187.026031 22 14 14 0 0 0
32.131 14 ESTIMATOR 250.219513 0.73
32.231 14 AIRSPEED 11.6 0. 0. 0.
32.233 14 ATTITUDE 0.135224 1.955508 0.053027
32.316 14 NAVIGATION 4 0 53.8125 179. 0. 186.913849 23 15 15 0 0 0
32.339 14 CALIBRATION 21.034184 0
32.340 14 FBW_STATUS 2 0 1 12.5 0.405653
32.340 14 GPS 3 36034160 481377423 1004 250349 1282 63 0 18292960 31 0
32.353 14 BLOCK 15 14
32.354 14 NAVIGATION 15 0 56.84375 178.5 0. 186.913849 23 0 0 0 0 0
32.413 14 COMMANDS 2886,46,-291,0
32.430 14 NAVIGATION_REF 360284 4813595 31 185.
32.430 14 GPS_SOL 694 694 694 7
32.531 14 WP_MOVED 22 360289. 4813645. 250. 31
32.563 14 NAVIGATION 15 1 56.84375 178.5 4812174. 187.332489 23 0 0 0 0 0
32.580 14 GPS 3 36034508 481377349 1021 250510 1269 56 0 18293239 31 0
32.630 14 COMMANDS 2540,2472,-3462,0
32.631 14 ESTIMATOR 250.536667 0.56
32.731 14 STATE_FILTER_STATUS 2 3 322
32.732 14 ATTITUDE 0.15418 2.009059 0.049283
32.814 14 NAVIGATION 15 1 60.34375 178. 4812173. 187.950439 23 0 0 0 0 0
32.847 14 ENERGY 15 12.5 0.217104 2.713798 0.041735 0.52168
32.848 14 GPS 3 36034801 481377277 1037 250625 1256 23 0 18293480 31 0
32.849 14 SVINFO 6 13 1 6 46 46 326
32.929 14 PPRZ_MODE 2 3 2 0 0 6
32.980 14 DESIRED 0.458255 -0.226772 0. -1500. -4811995. 200. -1.5161 13.
33.031 14 ALIVE 179,209,69,119,115,11,176,21,181,244,80,210,55,176,198,136
33.031 14 IR_SENSORS 0 0 29 44 260
33.031 14 WP_MOVED 0 360326. 4813637. 260. 31
33.063 14 NAVIGATION 15 1 63.25 177.5 4812172.5 188.43251 23 0 0 0 0 0
33.080 14 GPS 3 36035085 481377197 1058 250694 1228 8 0 18293719 31 0
33.130 14 NAVIGATION 15 1 66.09375 176.5 4812172.5 188.43251 23 0 0 0 0 0
33.131 14 ESTIMATOR 250.713974 0.08
33.230 14 AIRSPEED 11.6 0. 0. 0.
33.231 14 ATTITUDE 0.280269 2.073944 0.001646
33.313 14 NAVIGATION 15 1 66.09375 176.5 4812171.5 188.469177 24 1 1 0 0 0
33.359 14 GPS 3 36035356 481377105 1086 250681 1195 -41 0 18293960 31 0
33.429 14 DATALINK_REPORT 1 7 1127 549 0 0
33.513 14 FBW_STATUS 2 0 1 12.5 0.091552
33.531 14 DL_VALUE 30 0.01
33.531 14 WP_MOVED 1 360284. 4813595. 260. 31
33.563 14 NAVIGATION 15 1 68.8125 175.5 4812170.5 188.508377 24 1 1 0 0 0
33.583 14 GPS 3 36035659 481376979 1130 250530 1169 -93 0 18294239 31 0
33.584 14 SVINFO 2 9 0 2 48 10 126
33.630 14 ESTIMATOR 250.595291 -0.93
33.730 14 ATTITUDE 0.384582 2.194441 -0.059496
33.814 14 NAVIGATION 15 1 71.84375 174.5 4812169.5 188.710815 24 1 1 0 0 0
33.863 14 GPS 3 36035906 481376850 1175 250274 1160 -145 0 18294480 31 0
33.930 14 ENERGY 8 12.5 0.091552 1.144399 0.04192 0.523991
34.030 14 DESIRED 0.375719 -0.206221 0. -1500. -4811995. 200. -1.517859 13.
34.031 14 WP_MOVED 2 360333.5 4813695. 260. 31
34.063 14 NAVIGATION 15 1 74.28125 173. 4812168. 188.272949 24 1 1 0 0 0
34.080 14 GPS 3 36036141 481376700 1225 249906 1161 -206 0 18294719 31 0
34.081 14 SVINFO 4 11 1 4 47 86 226
34.131 14 NAVIGATION 15 1 76.65625 171.5 4812168. 188.272949 24 1 1 0 0 0
34.131 14 ESTIMATOR 249.959122 -2.06
34.232 14 IR_SENSORS 0 0 -9 94 248
34.233 14 AIRSPEED 11.6 0. 0. 0.
34.233 14 ATTITUDE 0.425133 2.338126 -0.123541
34.312 14 NAVIGATION 15 1 76.65625 171.5 4812167. 187.852142 25 2 2 0 0 0
34.335 14 FBW_STATUS 2 0 1 12.5 0.091552
34.335 14 GPS 3 36036363 481376528 1277 249435 1170 -253 0 18294960 31 0
34.335 14 SVINFO 5 12 0 5 46 82 276
34.430 14 CALIBRATION 25.409801 1
34.430 14 GPS_SOL 690 690 690 7
34.530 14 WP_MOVED 3 360294.09375 4813785. 260. 31
34.564 14 NAVIGATION 15 1 78.875 169.5 4812164.5 186.953247 25 2 2 0 0 0
34.582 14 GPS 3 36036605 481376300 1337 248775 1188 -278 0 18295239 31 0
34.631 14 ESTIMATOR 248.800491 -2.78
34.729 14 ATTITUDE 0.401287 2.498466 -0.17504
34.815 14 NAVIGATION 15 1 81.28125 167.5 4812162.5 186.179733 25 2 2 0 0 0
34.861 14 GPS 3 36036796 481376082 1386 248133 1208 -317 0 18295480 31 0
35.030 14 DL_VALUE 31 0.1
35.031 14 ENERGY 8 12.5 0.091552 1.144399 0.042088 0.526088
35.031 14 WP_MOVED 4 360416.3125 4813734. 260. 31
35.064 14 NAVIGATION 15 1 83.21875 165.5 4812160.5 185.244736 25 2 2 0 0 0
35.080 14 DESIRED 0.293565 -0.21181 0. -1500. -4811995. 200. -1.443377 13.
35.081 14 GPS 3 36036973 481375846 1431 247437 1229 -329 0 18295719 31 0
35.130 14 NAVIGATION 15 1 84.96875 163. 4812160.5 185.244736 25 2 2 0 0 0
35.130 14 ESTIMATOR 247.350143 -3.29
35.230 14 AIRSPEED 11.6 0. 0. 0.
35.230 14 ATTITUDE 0.347385 2.629002 -0.213081
35.314 14 NAVIGATION 15 1 84.96875 163. 4812158.5 183.817001 26 3 3 0 0 0
35.354 14 GPS 3 36037136 481375594 1472 246699 1249 -346 0 18295960 31 0
35.430 14 IR_SENSORS 0 0 -35 70 254
35.514 14 FBW_STATUS 2 0 1 12.5 0.091552
35.530 14 WP_MOVED 5 360421. 4813583.5 260. 31
35.564 14 NAVIGATION 15 1 86.625 160.5 4812155.5 182.384598 26 3 3 0 0 0
35.583 14 GPS 3 36037307 481375282 1515 245801 1273 -352 0 18296239 31 0
35.584 14 SVINFO 3 10 1 3 47 54 177
35.630 14 ESTIMATOR 245.730957 -3.52
35.730 14 ATTITUDE 0.30504 2.746625 -0.231359
35.813 14 NAVIGATION 15 1 88.34375 157.5 4812152.5 180.584793 26 3 3 0 0 0
35.830 14 GPS 3 36037438 481375001 1549 245010 1291 -354 0 18296480 31 0
36.030 14 WP_MOVED 6 360164.8125 4813664.5 260. 31
36.068 14 NAVIGATION 15 1 89.65625 154.5 4812150. 178.629486 26 3 3 0 0 0
36.082 14 GPS 3 36037556 481374710 1580 244207 1308 -368 0 18296719 31 0
36.131 14 ENERGY 8 12.5 0.091552 1.144399 0.042256 0.528185
36.131 14 DESIRED 0.217611 -0.221882 0. -1500. -4811995. 200. -1.346756 13.
36.131 14 NAVIGATION 15 1 90.8125 151.5 4812150. 178.629486 26 3 3 0 0 0
36.131 14 ESTIMATOR 244.058319 -3.68
36.231 14 AIRSPEED 11.6 0. 0. 0.
36.232 14 ATTITUDE 0.262471 2.837056 -0.24167
36.314 14 NAVIGATION 15 1 90.8125 151.5 4812147. 176.632843 27 4 4 0 0 0
36.330 14 FBW_STATUS 2 0 1 12.5 0.091552
36.331 14 GPS 3 36037659 481374409 1608 243400 1323 -366 0 18296960 31 0
36.331 14 SVINFO 6 13 1 6 45 40 328
36.430 14 GPS_SOL 685 685 685 7
36.530 14 CALIBRATION 25.409801 1
36.531 14 DL_VALUE 32 0.
36.531 14 WP_MOVED 7 360558.40625 4813804.5 260. 31
36.563 14 NAVIGATION 15 1 91.84375 148.5 4812143.5 174.606766 27 4 4 0 0 0
36.579 14 GPS 3 36037765 481374050 1641 242461 1339 -332 0 18297239 31 0
36.630 14 IR_SENSORS 0 0 -41 43 259
36.630 14 ESTIMATOR 242.334396 -3.32
36.730 14 ATTITUDE 0.21983 2.922024 -0.244265
36.813 14 NAVIGATION 15 1 92.875 145. 4812140. 172.19397 27 4 4 0 0 0
36.830 14 GPS 3 36037842 481373736 1662 241663 1348 -337 0 18297480 31 0
36.831 14 SVINFO 1 8 1 1 48 0 78
37.030 14 WP_MOVED 8 358784. 1600. 200. 31
37.064 14 NAVIGATION 15 1 93.65625 142. 4812137. 170.104355 27 4 4 0 0 0
37.081 14 GPS 3 36037907 481373417 1683 240875 1356 -330 0 18297719 31 0
37.130 14 NAVIGATION 15 1 94.34375 138.5 4812137. 170.104355 27 4 4 0 0 0
37.130 14 ESTIMATOR 240.746979 -3.3
37.181 14 DESIRED 0.134615 -0.231093 0. -1500. -4811995. 200. -1.246355 13.
37.230 14 ENERGY 8 12.5 0.091552 1.144399 0.042424 0.530282
37.231 14 AIRSPEED 11.6 0. 0. 0.
37.231 14 ATTITUDE 0.181502 2.981769 -0.239916
37.313 14 NAVIGATION 15 1 94.34375 138.5 4812133.5 167.579803 28 5 5 0 0 0
37.330 14 GPS 3 36037963 481373095 1702 240100 1362 -314 0 18297960 31 0
37.413 14 COMMANDS 852,-372,79,0
37.514 14 FBW_STATUS 2 0 1 12.5 0.091552
37.530 14 WP_MOVED 9 360312.8125 4813652. 185. 31
37.565 14 NAVIGATION 15 1 94.875 135.5 4812130.5 165.413162 28 5 5 0 0 0
37.580 14 GPS 3 36038016 481372715 1722 239212 1368 -308 0 18298239 31 0
37.581 14 SVINFO 4 11 0 4 46 88 228
37.629 14 COMMANDS 852,-423,65,0
37.629 14 ESTIMATOR 239.190292 -3.08
37.730 14 STATE_FILTER_STATUS 2 3 322
37.730 14 ATTITUDE 0.142814 3.036635 -0.235036
37.812 14 NAVIGATION 15 1 95.40625 131.5 4812126.5 162.464157 28 5 5 0 0 0
37.830 14 IR_SENSORS 0 0 -39 18 262
37.831 14 GPS 3 36038052 481372388 1736 238463 1371 -308 0 18298480 31 0
37.831 14 SVINFO 5 12 1 5 45 78 278
37.929 14 PPRZ_MODE 2 3 2 0 0 6
38.032 14 ALIVE 179,209,69,119,115,11,176,21,181,244,80,210,55,176,198,136
38.032 14 DL_VALUE 33 0.15
38.033 14 WP_MOVED 10 360452.8125 4813581. 260. 31
38.063 14 NAVIGATION 15 1 95.78125 128.5 4812123.5 160.269455 28 5 5 0 0 0
38.080 14 GPS 3 36038081 481372060 1749 237726 1373 -316 0 18298719 31 0
38.081 14 SVINFO 6 13 1 6 44 37 329
38.131 14 NAVIGATION 15 1 96.0625 125. 4812123.5 160.269455 28 5 5 0 0 0
38.132 14 ESTIMATOR 237.677933 -3.16
38.230 14 DESIRED 0.064571 -0.239878 0. -1500. -4811995. 200. -1.152939 13.
38.231 14 AIRSPEED 11.6 0. 0. 0.
38.231 14 ATTITUDE 0.097169 3.076064 -0.235036
38.313 14 NAVIGATION 15 1 96.0625 125. 4812120. 157.648361 29 6 6 0 0 0
38.331 14 FBW_STATUS 2 0 1 12.5 0.091552
38.331 14 ENERGY 8 12.5 0.091552 1.144399 0.042592 0.532378
38.332 14 GPS 3 36038103 481371731 1760 236998 1374 -317 0 18298960 31 0
38.333 14 SVINFO 0 7 0 0 48 24 29
38.429 14 GPS_SOL 678 678 678 7
38.531 14 DATALINK_REPORT 6 7 1252 530 0 0
38.532 14 WP_MOVED 11 360169.5 4813757.5 260. 31
38.563 14 NAVIGATION 15 1 96.28125 122. 4812117. 155.415817 29 6 6 0 0 0
38.580 14 GPS 3 36038123 481371346 1771 236157 1374 -312 0 18299239 31 0
38.630 14 CALIBRATION 25.409801 1
38.631 14 ESTIMATOR 236.132309 -3.12
38.683 14 WIND_INFO 14 5 -0.6 0.7 0. 13.5
38.730 14 ATTITUDE 0.062832 3.106801 -0.234483
38.817 14 NAVIGATION 15 1 96.5 118. 4812113. 152.434418 29 6 6 0 0 0
38.831 14 GPS 3 36038136 481371017 1777 235440 1374 -318 0 18299480 31 0
38.832 14 SVINFO 2 9 1 2 47 17 129
39.030 14 IR_SENSORS 0 0 -39 -3 263
39.031 14 WP_MOVED 12 360287.59375 4813581. 260. 31
39.064 14 NAVIGATION 15 1 96.625 114.5 4812109.5 149.822037 29 6 6 0 0 0
39.080 14 GPS 3 36038146 481370687 1783 234725 1373 -326 0 18299719 31 0
39.081 14 SVINFO 3 10 0 3 46 60 179
39.131 14 NAVIGATION 15 1 96.6875 111.5 4812109.5 149.822037 29 6 6 0 0 0
39.131 14 ESTIMATOR 234.617188 -3.26
39.230 14 AIRSPEED 13.5 0. 0. 0.
39.231 14 ATTITUDE 0.039935 3.072703 -0.235036
39.280 14 DESIRED 0.023017 -0.24584 0. -1500. -4811995. 200. -1.061246 13.
39.313 14 NAVIGATION 15 1 96.6875 111.5 4812106.5 147.582932 30 7 7 0 0 0
39.331 14 GPS 3 36038153 481370358 1788 234009 1373 -317 0 18299960 31 0
39.431 14 ENERGY 8 12.5 0.091552 1.144399 0.04276 0.534475
39.513 14 FBW_STATUS 2 0 1 12.5 0.091552
39.530 14 DL_VALUE 34 0.05
39.530 14 WP_MOVED 13 360311.5 4813547. 260. 31
39.563 14 NAVIGATION 15 1 96.78125 108. 4812103. 145.019348 30 7 7 0 0 0
39.579 14 GPS 3 36038158 481369973 1792 233170 1373 -316 0 18300239 31 0
39.630 14 ESTIMATOR 233.090408 -3.16
39.730 14 ATTITUDE 0.020872 3.086955 -0.238768
39.813 14 NAVIGATION 15 1 96.84375 104.5 4812099.5 142.474426 30 7 7 0 0 0
39.830 14 GPS 3 36038162 481369644 1794 232447 1373 -322 0 18300480 31 0
40.030 14 WP_MOVED 14 360300.6875 4813575.5 260. 31
40.063 14 NAVIGATION 15 1 96.84375 101. 4812096. 139.927521 30 7 7 0 0 0
40.083 14 GPS 3 36038164 481369314 1795 231718 1374 -328 0 18300719 31 0
40.130 14 NAVIGATION 15 1 96.875 97.5 4812096. 139.927521 30 7 7 0 0 0
40.131 14 ESTIMATOR 231.580643 -3.28
40.230 14 IR_SENSORS 0 0 -41 -14 262
40.230 14 AIRSPEED 13.5 0. 0. 0.
40.231 14 ATTITUDE 0.009448 3.093143 -0.242496
40.313 14 NAVIGATION 15 1 96.875 97.5 4812092.5 137.444595 31 8 8 0 0 0
40.332 14 FBW_STATUS 2 0 1 12.5 0.091552
40.332 14 DESIRED 0.004503 -0.249016 0. -1500. -4811995. 200. -0.947419 13.
40.333 14 GPS 3 36038166 481368984 1796 230984 1374 -317 0 18300960 31 0
40.333 14 SVINFO 1 8 1 1 47 0 80
40.430 14 GPS_SOL 670 670 670 7
40.531 14 ENERGY 8 12.5 0.091552 1.144399 0.042927 0.536572
40.531 14 WP_MOVED 15 360297.6875 4813554.5 260. 31
40.563 14 NAVIGATION 15 1 96.9375 94.5 4812089.5 135.377731 31 8 8 0 0 0
40.580 14 GPS 3 36038167 481368599 1797 230119 1375 -322 0 18301239 31 0
40.631 14 ESTIMATOR 230.049606 -3.22
40.730 14 CALIBRATION 25.409801 1
40.731 14 ATTITUDE 0.005642 3.096138 -0.246219
40.814 14 NAVIGATION 15 1 96.9375 90.5 4812086. 132.61647 31 8 8 0 0 0
40.830 14 GPS 3 36038169 481368268 1798 229372 1377 -298 0 18301480 31 0
41.030 14 DL_VALUE 35 0.
41.031 14 WP_MOVED 16 361184. 4813643. 260. 31
41.063 14 NAVIGATION 15 1 96.9375 87. 4812082.5 130.253128 31 8 8 0 0 0
41.080 14 GPS 3 36038169 481367937 1798 228620 1378 -305 0 18301719 31 0
41.080 14 SVINFO 4 11 1 4 45 89 230
41.130 14 NAVIGATION 15 1 96.9375 84. 4812082.5 130.253128 31 8 8 0 0 0
41.131 14 ESTIMATOR 228.554916 -3.05
41.230 14 AIRSPEED 13.5 0. 0. 0.
41.231 14 ATTITUDE 0.001606 3.097429 -0.250551
41.313 14 NAVIGATION 15 1 96.9375 84. 4812079. 128.268784 32 9 9 0 0 0
41.330 14 GPS 3 36038170 481367606 1798 227863 1379 -304 0 18301960 31 0
41.332 14 SVINFO 5 12 1 5 44 73 280
41.381 14 DESIRED 0.001493 -0.249833 0. -1500. -4811995. 200. -0.856647 13.
41.430 14 NAVIGATION_REF 360284 4813595 31 185.
41.430 14 IR_SENSORS 0 0 -43 -16 261
41.514 14 FBW_STATUS 2 0 1 12.5 0.091552
41.531 14 WP_MOVED 17 361184. 4813643. 260. 31
41.564 14 NAVIGATION 15 1 96.9375 80.5 4812075.5 126.004478 32 9 9 0 0 0
41.582 14 GPS 3 36038171 481367219 1798 226976 1381 -289 0 18302239 31 0
41.583 14 SVINFO 6 13 0 6 43 31 331
41.630 14 ENERGY 8 12.5 0.091552 1.144399 0.043095 0.538669
41.630 14 ESTIMATOR 227.031433 -2.89
41.730 14 ATTITUDE 0.001606 3.09818 -0.250551
41.813 14 NAVIGATION 15 1 96.96875 77. 4812072.5 123.822205 32 9 9 0 0 0
41.831 14 GPS 3 36038172 481366887 1798 226212 1383 -312 0 18302480 31 0
42.030 14 WP_MOVED 18 360289. 4813605. 220. 31
42.063 14 NAVIGATION 15 1 96.96875 73.5 4812069. 121.676575 32 9 9 0 0 0
42.080 14 GPS 3 36038173 481366555 1798 225447 1384 -297 0 18302719 31 0
42.130 14 NAVIGATION 15 1 96.96875 70. 4812069. 121.676575 32 9 9 0 0 0
42.131 14 ESTIMATOR 225.48941 -2.97
42.229 14 AIRSPEED 13.5 0. 0. 0.
42.230 14 ATTITUDE -0.00221 3.09799 -0.250551
42.313 14 NAVIGATION 15 1 96.96875 70. 4812065.5 119.594894 33 10 10 0 0 0
42.330 14 FBW_STATUS 2 0 1 12.5 0.091552
42.330 14 GPS 3 36038174 481366222 1798 224681 1386 -299 0 18302960 31 0
42.330 14 SVINFO 2 9 1 2 46 22 131
42.413 14 COMMANDS 852,0,8,0
42.430 14 GPS_SOL 661 661 661 7
42.430 14 DESIRED 0.0015 -0.249833 0. -1500. -4811995. 200. -0.764682 13.
42.529 14 DL_VALUE 36 0.
42.530 14 WP_MOVED 19 360289. 4813610. 500. 31
42.564 14 NAVIGATION 15 1 97. 66.5 4812062. 117.606339 33 10 10 0 0 0
42.581 14 GPS 3 36038175 481365834 1798 223787 1387 -274 0 18303239 31 0
42.581 14 SVINFO 3 10 1 3 45 66 181
42.630 14 COMMANDS 852,0,8,0
42.630 14 IR_SENSORS 0 0 -43 -16 261
42.630 14 ESTIMATOR 223.932281 -2.74
42.730 14 STATE_FILTER_STATUS 2 3 322
42.730 14 ENERGY 8 12.5 0.091552 1.144399 0.043263 0.540765
42.731 14 ATTITUDE -0.00221 3.097558 -0.254278
42.814 14 NAVIGATION 15 1 97. 62.5 4812057.5 115.391724 33 10 10 0 0 0
42.831 14 AUTOPILOT_VERSION 51500 v5.15_devel-179-g9a29798-dirty
42.833 14 CALIBRATION 25.409801 1
42.833 14 GPS 3 36038176 481365501 1798 223020 1388 -270 0 18303480 31 0
42.834 14 SVINFO 4 11 1 4 44 89 231
42.930 14 PPRZ_MODE 2 3 2 0 0 6
43.030 14 ALIVE 179,209,69,119,115,11,176,21,181,244,80,210,55,176,198,136
43.031 14 WP_MOVED 20 360289. 4813620. 300. 31
43.063 14 NAVIGATION 15 1 97. 59.5 4812055. 113.794769 33 10 10 0 0 0
43.081 14 GPS 3 36038177 481365167 1798 222254 1389 -272 0 18303719 31 0
43.130 14 NAVIGATION 15 1 97. 56. 4812055. 113.794769 33 10 10 0 0 0
43.131 14 ESTIMATOR 222.447144 -2.72
43.231 14 AIRSPEED 13.5 0. 0. 0.
43.231 14 ATTITUDE 0.001606 3.097322 -0.250551
43.314 14 NAVIGATION 15 1 97. 56. 4812051. 112.004463 34 11 11 0 0 0
43.330 14 GPS 3 36038178 481364834 1797 221488 1389 -275 0 18303960 31 0
43.331 14 SVINFO 6 13 1 6 42 28 332
43.480 14 DESIRED 0.001942 -0.249833 0. -1500. -4811995. 200. -0.673414 13.
43.514 14 FBW_STATUS 2 0 1 12.5 0.091552
43.530 14 WP_MOVED 21 360289. 4813625. 400. 31
43.563 14 NAVIGATION 15 1 97. 53. 4812048.5 110.535065 34 11 11 0 0 0
43.583 14 GPS 3 36038179 481364444 1798 220596 1390 -302 0 18304239 31 0
43.585 14 SVINFO 0 7 0 0 47 16 32
43.630 14 DATALINK_REPORT 5 8 1380 548 0 0
43.630 14 ESTIMATOR 220.9021 -3.02
43.730 14 ATTITUDE 0.005424 3.097311 -0.250551
43.814 14 NAVIGATION 15 1 97.0625 49. 4812044. 108.729614 34 11 11 0 0 0
43.832 14 IR_SENSORS 0 0 -43 -15 261
43.832 14 ENERGY 8 12.5 0.091552 1.144399 0.043431 0.542862
43.833 14 GPS 3 36038180 481364110 1798 219833 1390 -320 0 18304480 31 0
44.030 14 DL_VALUE 37 0.
44.030 14 WP_MOVED 22 360289. 4813645. 250. 31
44.064 14 NAVIGATION 15 1 97.0625 45.5 4812040.5 107.197853 34 11 11 0 0 0
44.082 14 GPS 3 36038181 481363777 1798 219070 1391 -317 0 18304719 31 0
44.130 14 NAVIGATION 15 1 97.0625 42.5 4812040.5 107.197853 34 11 11 0 0 0
44.130 14 ESTIMATOR 219.215958 -3.17
44.230 14 AIRSPEED 13.5 0. 0. 0.
44.230 14 ATTITUDE 0.005424 3.098139 -0.250551
44.313 14 NAVIGATION 15 1 97.0625 42.5 4812038. 105.959328 35 12 12 0 0 0
44.330 14 FBW_STATUS 2 0 1 12.5 0.091552
44.330 14 GPS 3 36038182 481363443 1798 218309 1391 -308 0 18304960 31 0
44.430 14 GPS_SOL 651 651 651 7
44.531 14 DESIRED 0.001509 -0.232492 0. -1500. -4811995. 200. -0.576479 13.
44.532 14 WP_MOVED 0 360326. 4813637. 260. 31
44.563 14 NAVIGATION 15 1 97.09375 39. 4812034. 104.633629 35 12 12 0 0 0
44.580 14 GPS 3 36038183 481363053 1799 217421 1392 -297 0 18305239 31 0
44.630 14 ESTIMATOR 217.571915 -2.97
44.730 14 ATTITUDE 0.001606 3.099205 -0.250551
44.813 14 NAVIGATION 15 1 97.09375 35. 4812030. 103.20948 35 12 12 0 0 0
44.830 14 GPS 3 36038183 481362718 1799 216665 1394 -298 0 18305480 31 0
44.831 14 SVINFO 5 12 1 5 43 68 282
44.949 14 CALIBRATION 11.875793 2
44.949 14 ENERGY 12 12.5 0.13356 1.669504 0.04362 0.545224
45.030 14 IR_SENSORS 0 0 -41 -16 262
45.030 14 WP_MOVED 1 360284. 4813595. 260. 31
45.063 14 NAVIGATION 15 1 97.09375 31.5 4812026.5 102.075691 35 12 12 0 0 0
45.080 14 GPS 3 36038183 481362382 1799 215916 1398 -283 0 18305719 31 0
45.131 14 NAVIGATION 15 1 97.09375 28. 4812026.5 102.075691 35 12 12 0 0 0
45.131 14 ESTIMATOR 216.009781 -2.83
45.231 14 AIRSPEED 13.5 0. 0. 0.
45.232 14 ATTITUDE 0.001839 3.099909 -0.238768
45.313 14 NAVIGATION 15 1 97.09375 28. 4812023. 101.050461 36 13 13 0 0 0
45.330 14 GPS 3 36038184 481362046 1799 215181 1402 -272 0 18305960 31 0
45.513 14 FBW_STATUS 2 0 1 12.5 0.177537
45.530 14 DL_VALUE 38 0.
45.530 14 WP_MOVED 2 360333.5 4813695. 260. 31
45.563 14 NAVIGATION 15 1 97.09375 25. 4812020. 100.260643 36 13 13 0 0 0
45.582 14 DESIRED 0.000644 -0.142406 0. -1500. -4811995. 200. -0.458134 13.
45.582 14 GPS 3 36038184 481361652 1799 214353 1408 -273 0 18306239 31 0
45.583 14 SVINFO 1 8 1 1 46 0 83
45.630 14 ESTIMATOR 214.529953 -2.73
45.730 14 ATTITUDE -0.001717 3.099905 -0.219569
45.813 14 NAVIGATION 15 1 97.09375 21. 4812016. 99.338799 36 13 13 0 0 0
45.830 14 GPS 3 36038185 481361313 1799 213680 1413 -264 0 18306480 31 0
45.831 14 SVINFO 2 9 1 2 45 28 133
46.031 14 ENERGY 19 12.5 0.239432 2.992895 0.043951 0.549354
46.032 14 WP_MOVED 3 360294.09375 4813785. 260. 31
46.064 14 NAVIGATION 15 1 97.09375 17.5 4812013. 98.658226 36 13 13 0 0 0
46.082 14 GPS 3 36038185 481360972 1798 213048 1418 -249 0 18306719 31 0
46.085 14 SVINFO 3 10 1 3 44 71 183
46.130 14 NAVIGATION 15 1 97.09375 14. 4812013. 98.658226 36 13 13 0 0 0
46.131 14 ESTIMATOR 213.119675 -2.49
46.230 14 IR_SENSORS 0 0 -27 -17 264
46.230 14 AIRSPEED 13.5 0. 0. 0.
46.230 14 ATTITUDE -0.001473 3.099597 -0.189185
46.314 14 NAVIGATION 15 1 97.09375 14. 4812009.5 98.097893 37 14 14 0 0 0
46.331 14 FBW_STATUS 2 0 1 12.5 0.282419
46.331 14 GPS 3 36038186 481360630 1798 212469 1423 -229 0 18306960 31 0
46.333 14 SVINFO 4 11 1 4 43 89 233
46.429 14 GPS_SOL 640 640 640 7
46.530 14 WP_MOVED 4 360416.3125 4813734. 260. 31
46.563 14 NAVIGATION 15 1 97.09375 11. 4812006. 97.714874 37 14 14 0 0 0
46.580 14 GPS 3 36038187 481360230 1798 211867 1430 -202 0 18307239 31 0
46.581 14 SVINFO 5 12 1 5 42 65 283
46.630 14 DESIRED 0.001103 -0.076165 0. -1500. -4811995. 200. -0.374698 13.
46.631 14 ESTIMATOR 211.904495 -2.02
46.730 14 ATTITUDE -0.001473 3.099273 -0.151572
46.814 14 NAVIGATION 15 1 97.125 6.5 4812001.5 97.342262 37 14 14 0 0 0
46.830 14 GPS 3 36038188 481359886 1798 211423 1434 -174 0 18307480 31 0
46.833 14 SVINFO 6 13 1 6 41 22 334
47.030 14 CALIBRATION -124.180923 2
47.030 14 DL_VALUE 39 0.
47.031 14 WP_MOVED 5 360421. 4813583.5 260. 31
47.064 14 NAVIGATION 15 1 97.125 3. 4811998. 97.171318 37 14 14 0 0 0
47.080 14 GPS 3 36038189 481359541 1798 211049 1437 -124 0 18307719 31 0
47.081 14 SVINFO 0 7 0 0 46 12 34
47.130 14 ENERGY 32 12.5 0.435402 5.44252 0.044565 0.557038
47.131 14 NAVIGATION 15 1 97.125 0. 4811998. 97.171318 37 14 14 0 0 0
47.133 14 ESTIMATOR 210.990723 -1.24
47.229 14 AIRSPEED 13.5 0. 0. 0.
47.230 14 ATTITUDE 0.002528 3.098734 -0.109904
47.313 14 NAVIGATION 15 1 97.125 0. 4811995. 97.125 38 15 15 0 0 0
47.330 14 GPS 3 36038190 481359196 1798 210745 1439 -110 0 18307960 31 0
47.331 14 SVINFO 1 8 0 1 45 1 84
47.412 14 COMMANDS 3298,-3,665,0
47.429 14 IR_SENSORS 0 0 -2 -17 265
47.513 14 FBW_STATUS 2 0 1 12.5 0.479263
47.530 14 WP_MOVED 6 360164.8125 4813664.5 260. 31
47.563 14 NAVIGATION 15 1 97.15625 -3.5 4811991.5 97.219269 38 15 15 0 0 0
47.585 14 GPS 3 36038192 481358792 1797 210481 1440 -80 0 18308239 31 0
47.631 14 COMMANDS 3431,24,615,0
47.631 14 ESTIMATOR 210.437347 -0.8
47.680 14 DESIRED 0.002019 -0.03223 0. -1500. -4811995. 200. -0.320918 13.
47.730 14 STATE_FILTER_STATUS 2 3 285
47.731 14 ATTITUDE -0.001231 3.098367 -0.075946
47.813 14 NAVIGATION 15 1 97.15625 -7.5 4811987.5 97.445305 38 15 15 0 0 0
47.830 14 GPS 3 36038193 481358447 1797 210328 1438 -69 0 18308480 31 0
47.931 14 PPRZ_MODE 2 3 2 0 0 6
48.030 14 ALIVE 179,209,69,119,115,11,176,21,181,244,80,210,55,176,198,136
48.030 14 WP_MOVED 7 360558.40625 4813804.5 260. 31
48.063 14 NAVIGATION 15 1 97.15625 -11. 4811984. 97.776978 38 15 15 0 0 0
48.081 14 GPS 3 36038194 481358103 1797 210237 1434 -27 0 18308719 31 0
48.130 14 NAVIGATION 15 1 97.15625 -14.5 4811984. 97.776978 38 15 15 0 0 0
48.131 14 ESTIMATOR 210.126404 -0.27
48.231 14 ENERGY 36 12.5 0.516973 6.462161 0.04546 0.568226
48.232 14 AIRSPEED 13.5 0. 0. 0.
48.232 14 ATTITUDE 0.002528 3.097813 -0.042014
48.313 14 NAVIGATION 15 1 97.15625 -14.5 4811980.5 98.232307 39 16 16 0 0 0
48.330 14 FBW_STATUS 2 0 1 12.5 0.516611
48.330 14 GPS 3 36038196 481357760 1797 210202 1427 -10 0 18308960 31 0
48.429 14 GPS_SOL 629 629 629 7
48.531 14 DL_VALUE 40 0.
48.531 14 WP_MOVED 8 358784. 1600. 200. 31
48.564 14 NAVIGATION 15 1 97.21875 -18. 4811977. 98.871056 39 16 16 0 0 0
48.580 14 GPS 3 36038197 481357363 1797 210219 1416 0 0 18309239 31 0
48.581 14 SVINFO 6 13 1 6 40 19 335
48.630 14 IR_SENSORS 0 0 18 -16 264
48.631 14 ESTIMATOR 210.108795 0.
48.684 14 WIND_INFO 14 5 -1.2 0.6 0. 13.8
48.731 14 DATALINK_REPORT 0 9 1505 525 0 0
48.731 14 DESIRED 0.002448 -0.017151 0. -1500. -4811995. 200. -0.30287 13.
48.731 14 ATTITUDE 0.0023 3.097373 -0.01919
48.814 14 NAVIGATION 15 1 97.21875 -21.5 4811974. 99.567741 39 16 16 0 0 0
48.830 14 GPS 3 36038199 481357025 1797 210272 1406 22 0 18309480 31 0
49.030 14 WP_MOVED 9 360312.8125 4813652. 185. 31
49.064 14 NAVIGATION 15 1 97.25 -25.5 4811969.5 100.537621 39 16 16 0 0 0
49.081 14 GPS 3 36038200 481356691 1798 210350 1394 7 0 18309719 31 0
49.131 14 CALIBRATION -132.321548 2
49.131 14 NAVIGATION 15 1 97.25 -28.5 4811969.5 100.537621 39 16 16 0 0 0
49.132 14 ESTIMATOR 210.242813 0.07
49.229 14 AIRSPEED 13.8 0. 0. 0.
49.229 14 ATTITUDE 0.0023 3.056029 -0.004125
49.313 14 NAVIGATION 15 1 97.25 -28.5 4811967. 101.34008 40 17 17 0 0 0
49.330 14 ENERGY 34 12.5 0.487289 6.091112 0.046391 0.579859
49.331 14 GPS 3 36038201 481356359 1798 210444 1381 7 0 18309960 31 0
49.331 14 SVINFO 2 9 0 2 44 34 135
49.514 14 FBW_STATUS 2 0 1 12.5 0.475884
49.530 14 WP_MOVED 10 360452.8125 4813581. 260. 31
49.563 14 NAVIGATION 15 1 97.25 -32. 4811963.5 102.379501 40 17 17 0 0 0
49.581 14 GPS 3 36038202 481355976 1798 210561 1365 25 0 18310239 31 0
49.582 14 SVINFO 3 10 0 3 43 76 185
49.630 14 ESTIMATOR 210.385651 0.25
49.730 14 ATTITUDE 0.0023 3.055251 0.003393
49.781 14 DESIRED 0.00193 -0.022434 0. -1500. -4811995. 200. -0.309225 13.
49.813 14 NAVIGATION 15 1 97.25 -36. 4811959. 103.699387 40 17 17 0 0 0
49.830 14 IR_SENSORS 0 0 24 -16 264
49.830 14 GPS 3 36038202 481355651 1798 210659 1353 23 0 18310480 31 0
49.831 14 SVINFO 4 11 0 4 42 88 235
50.030 14 DL_VALUE 41 0.
50.031 14 WP_MOVED 11 360169.5 4813757.5 260. 31
50.064 14 NAVIGATION 15 1 97.25 -39. 4811956.5 104.778633 40 17 17 0 0 0
50.080 14 GPS 3 36038203 481355329 1799 210746 1341 13 0 18310719 31 0
50.081 14 SVINFO 5 12 1 5 41 60 285
50.131 14 NAVIGATION 15 1 97.28125 -42. 4811956.5 104.778633 40 17 17 0 0 0
50.132 14 ESTIMATOR 210.607666 0.13
50.230 14 AIRSPEED 13.8 0. 0. 0.
50.230 14 ATTITUDE 0.0023 3.054634 -0.000365
50.314 14 NAVIGATION 15 1 97.28125 -42. 4811953.5 105.960564 41 18 18 0 0 0
50.330 14 FBW_STATUS 2 0 1 12.5 0.428096
50.330 14 GPS 3 36038203 481355010 1799 210819 1330 -7 0 18310960 31 0
50.431 14 NAVIGATION_REF 360284 4813595 31 185.
50.431 14 GPS_SOL 616 616 616 7
50.431 14 ENERGY 31 12.5 0.424106 5.301327 0.047221 0.590234
50.531 14 WP_MOVED 12 360287.59375 4813581. 260. 31
50.564 14 NAVIGATION 15 1 97.28125 -45.5 4811950. 107.395958 41 18 18 0 0 0
50.580 14 GPS 3 36038204 481354640 1799 210881 1319 -4 0 18311239 31 0
50.580 14 SVINFO 0 7 0 0 45 8 36
50.630 14 ESTIMATOR 210.72319 -0.04
50.730 14 ATTITUDE 0.0023 3.054138 -0.007888
50.813 14 NAVIGATION 15 1 97.28125 -49.5 4811945.5 109.150772 41 18 18 0 0 0
50.831 14 DESIRED 0.000181 -0.032762 0. -1500. -4811995. 200. -0.321696 13.
50.831 14 GPS 3 36038204 481354325 1799 210911 1312 -8 0 18311480 31 0
50.832 14 SVINFO 1 8 1 1 44 3 86
51.029 14 IR_SENSORS 0 0 20 -16 264
51.030 14 WP_MOVED 13 360311.5 4813547. 260. 31
51.063 14 NAVIGATION 15 1 97.28125 -52. 4811943. 110.30703 41 18 18 0 0 0
51.080 14 GPS 3 36038204 481354012 1799 210920 1306 -10 0 18311719 31 0
51.081 14 SVINFO 2 9 1 2 43 37 136
51.130 14 NAVIGATION 15 1 97.28125 -55.5 4811943. 110.30703 41 18 18 0 0 0
51.131 14 ESTIMATOR 210.789246 -0.1
51.230 14 CALIBRATION -87.784233 2
51.231 14 AIRSPEED 13.8 0. 0. 0.
51.231 14 ATTITUDE 0.0023 3.053656 -0.015421
51.314 14 NAVIGATION 15 1 97.28125 -55.5 4811940. 111.999519 42 19 19 0 0 0
51.330 14 GPS 3 36038204 481353699 1799 210908 1302 -16 0 18311960 31 0
51.331 14 SVINFO 3 10 1 3 42 78 186
51.514 14 FBW_STATUS 2 0 1 12.5 0.397433
51.530 14 DL_VALUE 42 0.6
51.530 14 ENERGY 29 12.5 0.397433 4.967913 0.04797 0.599595
51.530 14 WP_MOVED 14 360300.6875 4813575.5 260. 31
51.563 14 NAVIGATION 15 1 97.28125 -58.5 4811936.5 113.516045 42 19 19 0 0 0
51.582 14 GPS 3 36038204 481353335 1799 210869 1299 -30 0 18312239 31 0
51.583 14 SVINFO 4 11 0 4 41 88 236
51.630 14 ESTIMATOR 210.788895 -0.3
51.731 14 ATTITUDE 0.0023 3.052883 -0.026734
51.814 14 NAVIGATION 15 1 97.28125 -62. 4811933. 115.358749 42 19 19 0 0 0
51.831 14 GPS 3 36038204 481353023 1799 210817 1299 -37 0 18312480 31 0
51.831 14 SVINFO 5 12 1 5 40 57 286
51.901 14 DESIRED 0.000176 -0.034389 0. -1500. -4811995. 200. -0.323667 13.
52.030 14 WP_MOVED 15 360297.6875 4813554.5 260. 31
52.063 14 NAVIGATION 15 1 97.28125 -65.5 4811929.5 117.276985 42 19 19 0 0 0
52.080 14 GPS 3 36038205 481352711 1799 210749 1299 -62 0 18312719 31 0
52.080 14 SVINFO 6 13 1 6 39 14 337
52.130 14 NAVIGATION 15 1 97.28125 -68.5 4811929.5 117.276985 42 19 19 0 0 0
52.130 14 ESTIMATOR 210.673874 -0.62
52.230 14 IR_SENSORS 0 0 14 -16 265
52.231 14 AIRSPEED 13.8 0. 0. 0.
52.231 14 ATTITUDE 0.002528 3.05262 -0.034485
52.313 14 NAVIGATION 15 1 97.28125 -68.5 4811926.5 118.978531 43 20 20 0 0 0
52.330 14 FBW_STATUS 2 0 1 12.5 0.410465
52.331 14 GPS 3 36038205 481352399 1799 210670 1301 -78 0 18312960 31 0
52.413 14 COMMANDS 2981,13,34,0
52.430 14 GPS_SOL 603 603 603 7
52.530 14 WP_MOVED 16 361184. 4813643. 260. 31
52.563 14 NAVIGATION 15 1 97.28125 -71.5 4811923.5 120.730659 43 20 20 0 0 0
52.580 14 GPS 3 36038205 481352033 1799 210567 1306 -99 0 18313239 31 0
52.630 14 COMMANDS 3079,13,68,0
52.631 14 ENERGY 32 12.5 0.434008 5.4251 0.048715 0.608908
52.631 14 ESTIMATOR 210.415207 -0.99
52.731 14 STATE_FILTER_STATUS 2 3 295
52.732 14 ATTITUDE -0.001231 3.052726 -0.038249
52.814 14 NAVIGATION 15 1 97.28125 -75. 4811920. 122.835831 43 20 20 0 0 0
52.833 14 GPS 3 36038206 481351719 1799 210474 1311 -93 0 18313480 31 0
52.928 14 PPRZ_MODE 2 3 2 0 0 6
52.929 14 DESIRED 0.000586 -0.025226 0. -1500. -4811995. 200. -0.312456 13.
53.030 14 ALIVE 179,209,69,119,115,11,176,21,181,244,80,210,55,176,198,136
53.030 14 DL_VALUE 43 12000.
53.031 14 WP_MOVED 17 361184. 4813643. 260. 31
53.063 14 NAVIGATION 15 1 97.34375 -78.5 4811916.5 125.052208 43 20 20 0 0 0
53.080 14 GPS 3 36038207 481351402 1798 210380 1317 -79 0 18313719 31 0
53.130 14 NAVIGATION 15 1 97.34375 -81.5 4811916.5 125.052208 43 20 20 0 0 0
53.130 14 ESTIMATOR 210.107986 -0.79
53.230 14 AIRSPEED 13.8 0. 0. 0.
53.231 14 ATTITUDE -0.001231 3.0529 -0.038249
53.313 14 NAVIGATION 15 1 97.34375 -81.5 4811913.5 126.956902 44 21 21 0 0 0
53.330 14 CALIBRATION -122.01416 2
53.330 14 GPS 3 36038207 481351085 1798 210290 1324 -79 0 18313960 31 0
53.431 14 IR_SENSORS 0 0 13 -17 265
53.514 14 FBW_STATUS 2 0 1 12.5 0.497139
53.530 14 WP_MOVED 18 360289. 4813605. 220. 31
53.564 14 NAVIGATION 15 1 97.34375 -85. 4811910. 129.231598 44 21 21 0 0 0
53.580 14 GPS 3 36038208 481350711 1798 210195 1334 -71 0 18314239 31 0
53.581 14 SVINFO 5 12 1 5 39 54 287
53.630 14 ESTIMATOR 209.909317 -0.71
53.730 14 ENERGY 36 12.5 0.509559 6.369493 0.049583 0.619758
53.731 14 ATTITUDE -0.001231 3.053355 -0.034485
53.813 14 NAVIGATION 15 1 97.34375 -88.5 4811906.5 131.560074 44 21 21 0 0 0
53.830 14 DATALINK_REPORT 5 9 1633 541 0 0
53.830 14 GPS 3 36038209 481350390 1798 210126 1340 -56 0 18314480 31 0
53.831 14 SVINFO 6 13 1 6 38 12 338
53.932 14 AUTOPILOT_VERSION 51500 v5.15_devel-179-g9a29798-dirty
53.980 14 DESIRED 0.001439 -0.014736 0. -1500. -4811995. 200. -0.29728 13.
54.030 14 WP_MOVED 19 360289. 4813610. 500. 31
54.063 14 NAVIGATION 15 1 97.34375 -91.5 4811904. 133.596619 44 21 21 0 0 0
54.080 14 GPS 3 36038210 481350066 1798 210071 1346 -35 0 18314719 31 0
54.081 14 SVINFO 0 7 0 0 44 4 38
54.130 14 NAVIGATION 15 1 97.34375 -94.5 4811904. 133.596619 44 21 21 0 0 0
54.131 14 ESTIMATOR 209.790222 -0.35
54.230 14 AIRSPEED 13.8 0. 0. 0.
54.231 14 ATTITUDE 0.0023 3.053326 -0.026734
54.314 14 NAVIGATION 15 1 97.34375 -94.5 4811901. 135.668915 45 22 22 0 0 0
54.331 14 FBW_STATUS 2 0 1 12.5 0.51806
54.332 14 GPS 3 36038211 481349742 1797 210031 1351 -24 0 18314960 31 0
54.332 14 SVINFO 1 8 0 1 43 6 88
54.430 14 GPS_SOL 589 589 589 7
54.530 14 DL_VALUE 44 1.5
54.530 14 WP_MOVED 20 360289. 4813620. 300. 31
54.563 14 NAVIGATION 15 1 97.375 -98. 4811897.5 138.151688 45 22 22 0 0 0
54.581 14 GPS 3 36038213 481349363 1797 210004 1355 -29 0 18315239 31 0
54.582 14 SVINFO 2 9 1 2 42 43 138
54.630 14 IR_SENSORS 0 0 17 -16 264
54.630 14 ESTIMATOR 209.798233 -0.29
54.732 14 ATTITUDE 0.0023 3.053523 -0.022961
54.814 14 NAVIGATION 15 1 97.375 -101.5 4811894. 140.656113 45 22 22 0 0 0
54.830 14 ENERGY 36 12.5 0.516068 6.450844 0.050529 0.631583
54.831 14 GPS 3 36038214 481349037 1797 209995 1356 -21 0 18315480 31 0
54.832 14 SVINFO 3 10 1 3 41 82 188
55.030 14 DESIRED 0.00189 -0.014458 0. -1500. -4811995. 200. -0.293947 13.
55.030 14 WP_MOVED 21 360289. 4813625. 400. 31
55.063 14 NAVIGATION 15 1 97.40625 -105.5 4811889.5 143.590485 45 22 22 0 0 0
55.079 14 GPS 3 36038215 481348712 1798 209999 1356 -33 0 18315720 31 0
55.080 14 SVINFO 4 11 1 4 40 85 238
55.130 14 NAVIGATION 15 1 97.40625 -108.5 4811889.5 143.590485 45 22 22 0 0 0
55.132 14 ESTIMATOR 209.80835 -0.33
55.230 14 AIRSPEED 13.8 0. 0. 0.
55.230 14 ATTITUDE 0.0023 3.053862 -0.015421
55.313 14 NAVIGATION 15 1 97.40625 -108.5 4811887. 145.808868 46 23 23 0 0 0
55.331 14 GPS 3 36038216 481348386 1798 210013 1355 -8 0 18315960 31 0
55.430 14 CALIBRATION -135.890121 0
55.512 14 FBW_STATUS 2 0 1 12.5 0.508476
55.530 14 WP_MOVED 22 360289. 4813645. 250. 31
55.564 14 NAVIGATION 15 1 97.40625 -111.5 4811884. 148.05481 46 23 23 0 0 0
55.584 14 GPS 3 36038217 481348007 1798 210039 1353 0 0 18316239 31 0
55.630 14 ESTIMATOR 209.846283 0.
55.729 14 ATTITUDE 0.0023 3.054276 -0.011653
55.813 14 NAVIGATION 15 1 97.40625 -115.5 4811879.5 151.090134 46 23 23 0 0 0
55.832 14 IR_SENSORS 0 0 20 -16 264
55.832 14 GPS 3 36038218 481347683 1798 210067 1351 4 0 18316480 31 0
55.833 14 SVINFO 0 7 0 0 43 3 39
55.930 14 ENERGY 35 12.5 0.495703 6.196293 0.051463 0.643254
56.030 14 DL_VALUE 45 1250.
56.031 14 WP_MOVED 0 360326. 4813637. 260. 31
56.063 14 NAVIGATION 15 1 97.40625 -118.5 4811877. 153.39566 46 23 23 0 0 0
56.081 14 DESIRED 0.00146 -0.014615 0. -1500. -4811995. 200. -0.29709 13.
56.082 14 GPS 3 36038218 481347359 1798 210099 1348 -2 0 18316720 31 0
56.082 14 SVINFO 1 8 1 1 42 8 89
56.129 14 NAVIGATION 15 1 97.40625 -122. 4811877. 153.39566 46 23 23 0 0 0
56.130 14 ESTIMATOR 209.960785 -0.02
56.230 14 AIRSPEED 13.8 0. 0. 0.
56.231 14 ATTITUDE 0.0023 3.054498 -0.011653
56.313 14 NAVIGATION 15 1 97.40625 -122. 4811873.5 156.115265 47 24 24 0 0 0
56.331 14 FBW_STATUS 2 0 1 12.5 0.48461
56.332 14 GPS 3 36038219 481347037 1798 210131 1344 -12 0 18316960 31 0
56.332 14 SVINFO 2 9 0 2 41 47 139
56.430 14 GPS_SOL 574 574 574 7
56.531 14 WP_MOVED 1 360284. 4813595. 260. 31
56.563 14 NAVIGATION 15 1 97.4375 -125. 4811870. 158.48996 47 24 24 0 0 0
56.580 14 GPS 3 36038220 481346661 1799 210167 1340 -12 0 18317239 31 0
56.580 14 SVINFO 3 10 1 3 40 84 189
56.630 14 ESTIMATOR 210.021225 -0.12
56.731 14 ATTITUDE 0.0023 3.054432 -0.011653
56.813 14 NAVIGATION 15 1 97.4375 -129. 4811866.5 161.663437 47 24 24 0 0 0
56.830 14 GPS 3 36038220 481346340 1799 210195 1337 -15 0 18317480 31 0
56.831 14 SVINFO 4 11 1 4 39 84 239
57.030 14 IR_SENSORS 0 0 20 -16 264
57.030 14 ENERGY 34 12.5 0.474107 5.926338 0.052349 0.654334
57.031 14 WP_MOVED 2 360333.5 4813695. 260. 31
57.064 14 NAVIGATION 15 1 97.4375 -132. 4811863.5 164.067261 47 24 24 0 0 0
57.081 14 GPS 3 36038221 481346020 1798 210219 1334 -22 0 18317720 31 0
57.083 14 SVINFO 5 12 1 5 38 47 289
57.131 14 DESIRED 0.001024 -0.015936 0. -1500. -4811995. 200. -0.301308 13.
57.132 14 NAVIGATION 15 1 97.4375 -135.5 4811863.5 164.067261 47 24 24 0 0 0
57.133 14 ESTIMATOR 210.060791 -0.22
57.230 14 AIRSPEED 13.8 0. 0. 0.
57.230 14 ATTITUDE 0.0023 3.05403 -0.011653
57.313 14 NAVIGATION 15 1 97.4375 -135.5 4811860. 166.896118 48 25 25 0 0 0
57.331 14 GPS 3 36038222 481345700 1798 210240 1331 -18 0 18317960 31 0
57.332 14 SVINFO 6 13 0 6 37 8 340
57.413 14 COMMANDS 3265,-9,-55,0
57.515 14 FBW_STATUS 2 0 1 12.5 0.467724
57.531 14 CALIBRATION -110.246559 2
57.532 14 DL_VALUE 46 0.
57.532 14 WP_MOVED 3 360294.09375 4813785. 260. 31
57.563 14 NAVIGATION 15 1 97.5 -138.5 4811856.5 169.376801 48 25 25 0 0 0
57.584 14 GPS 3 36038222 481345328 1798 210259 1329 -6 0 18318239 31 0
57.630 14 COMMANDS 3237,-9,-57,0
57.630 14 ESTIMATOR 210.082138 -0.06
57.731 14 STATE_FILTER_STATUS 2 3 301
57.731 14 ATTITUDE -0.001473 3.053309 -0.011653
57.814 14 NAVIGATION 15 1 97.5 -142. 4811853.5 172.250549 48 25 25 0 0 0
57.831 14 GPS 3 36038223 481345010 1798 210270 1327 -11 0 18318480 31 0
57.930 14 PPRZ_MODE 2 3 2 0 0 6
58.031 14 ALIVE 179,209,69,119,115,11,176,21,181,244,80,210,55,176,198,136
58.031 14 WP_MOVED 4 360416.3125 4813734. 260. 31
58.063 14 NAVIGATION 15 1 97.5 -145.5 4811850. 175.147079 48 25 25 0 0 0
58.080 14 GPS 3 36038224 481344692 1798 210277 1325 -9 0 18318720 31 0
58.131 14 ENERGY 33 12.5 0.452553 5.656913 0.053202 0.664992
58.132 14 NAVIGATION 15 1 97.5 -148.5 4811850. 175.147079 48 25 25 0 0 0
58.133 14 ESTIMATOR 210.139359 -0.09
58.184 14 DESIRED 0.001431 -0.01774 0. -1500. -4811995. 200. -0.303578 13.
58.230 14 IR_SENSORS 0 0 19 -16 264
58.231 14 AIRSPEED 13.8 0. 0. 0.
58.231 14 ATTITUDE 0.0023 3.052786 -0.015421
58.314 14 NAVIGATION 15 1 97.5 -148.5 4811846.5 177.647125 49 26 26 0 0 0
58.334 14 FBW_STATUS 2 0 1 12.5 0.448515
58.334 14 GPS 3 36038225 481344374 1798 210278 1323 4 0 18318960 31 0
58.430 14 GPS_SOL 559 559 559 7
58.530 14 WP_MOVED 5 360421. 4813583.5 260. 31
58.564 14 NAVIGATION 15 1 97.5 -151.5 4811843.5 180.16243 49 26 26 0 0 0
58.581 14 GPS 3 36038225 481344004 1798 210274 1320 3 0 18319240 31 0
58.581 14 SVINFO 4 11 1 4 38 82 240
58.629 14 ESTIMATOR 210.195435 0.03
58.686 14 WIND_INFO 14 5 -1. 0.7 0. 13.6
58.730 14 ATTITUDE 0.0023 3.052776 -0.015421
58.813 14 NAVIGATION 15 1 97.5 -155.5 4811839.5 183.538818 49 26 26 0 0 0
58.830 14 GPS 3 36038226 481343688 1798 210264 1318 0 0 18319480 31 0
58.831 14 SVINFO 5 12 1 5 37 44 290
58.930 14 DATALINK_REPORT 0 10 1762 546 0 0
59.032 14 DL_VALUE 47 7500.
59.032 14 WP_MOVED 6 360164.8125 4813664.5 260. 31
59.064 14 NAVIGATION 15 1 97.5 -158.5 4811836.5 186.087341 49 26 26 0 0 0
59.080 14 GPS 3 36038227 481343372 1799 210248 1316 12 0 18319720 31 0
59.080 14 SVINFO 6 13 0 6 36 6 341
59.131 14 NAVIGATION 15 1 97.53125 -162. 4811836.5 186.087341 49 26 26 0 0 0
59.132 14 ESTIMATOR 210.226181 0.12
59.230 14 ENERGY 30 12.5 0.415116 5.188955 0.053999 0.674961
59.231 14 DESIRED 0.001007 -0.020219 0. -1500. -4811995. 200. -0.306559 13.
59.231 14 AIRSPEED 13.6 0. 0. 0.
59.231 14 ATTITUDE 0.0023 3.067936 -0.01919
59.313 14 NAVIGATION 15 1 97.53125 -162. 4811833. 189.093475 50 27 27 0 0 0
59.331 14 GPS 3 36038227 481343056 1799 210226 1313 3 0 18319960 31 0
59.332 14 SVINFO 0 7 0 0 42 1 41
59.429 14 NAVIGATION_REF 360284 4813595 31 185.
59.429 14 IR_SENSORS 0 0 18 -16 264
59.514 14 FBW_STATUS 2 0 1 12.5 0.406512
59.530 14 WP_MOVED 7 360558.40625 4813804.5 260. 31
59.563 14 NAVIGATION 15 1 97.53125 -165. 4811830. 191.669876 50 27 27 0 0 0
59.583 14 GPS 3 36038228 481342689 1799 210194 1310 -14 0 18320240 31 0
59.583 14 SVINFO 1 8 0 1 41 12 91
59.631 14 CALIBRATION -73.918274 2
59.632 14 ESTIMATOR 210.240021 -0.14
59.730 14 ATTITUDE 0.0023 3.067806 -0.01919
59.813 14 NAVIGATION 15 1 97.53125 -168.5 4811826.5 194.691025 50 27 27 0 0 0
59.830 14 GPS 3 36038228 481342375 1799 210159 1308 -19 0 18320480 31 0
59.831 14 SVINFO 2 9 1 2 40 53 141
60.029 14 WP_MOVED 8 358784. 1600. 200. 31
60.063 14 NAVIGATION 15 1 97.53125 -175. 4811820. 200.343063 50 27 27 0 0 0
60.080 14 GPS 3 36038229 481342061 1798 210119 1306 -25 0 18320720 31 0
60.080 14 SVINFO 3 10 1 3 39 86 191
60.130 14 NAVIGATION 15 1 97.53125 -175. 4811820. 200.343063 50 27 27 0 0 0
60.130 14 ESTIMATOR 210.13884 -0.25
60.232 14 AIRSPEED 13.6 0. 0. 0.
60.232 14 ATTITUDE 0.0023 3.067299 -0.01919
60.280 14 DESIRED 0.000996 -0.018229 0. -1500. -4811995. 200. -0.304165 13.
60.314 14 NAVIGATION 15 1 97.53125 -178. 4811817.5 202.968826 51 28 28 0 0 0
60.330 14 FBW_STATUS 2 0 1 12.5 0.404967
60.331 14 ENERGY 30 12.5 0.405138 5.064231 0.054743 0.684258
60.332 14 GPS 3 36038229 481341748 1798 210074 1305 -19 0 18320960 31 0
60.430 14 GPS_SOL 543 543 543 7
60.530 14 DL_VALUE 48 1500.
60.530 14 WP_MOVED 9 360312.8125 4813652. 185. 31
60.563 14 NAVIGATION 15 1 97.5625 -181.5 4811814. 206.059921 51 28 28 0 0 0
60.580 14 GPS 3 36038230 481341383 1798 210018 1305 -21 0 18321240 31 0
60.630 14 IR_SENSORS 0 0 18 -16 264
60.630 14 ESTIMATOR 210.02562 -0.21
60.730 14 ATTITUDE 0.0023 3.067172 -0.01919
60.813 14 NAVIGATION 15 1 97.5625 -181.5 4811814. 206.059921 51 28 28 0 0 0
60.831 14 GPS 3 36038231 481341069 1798 209966 1305 -27 0 18321480 31 0
61.046 14 WP_MOVED 10 360452.8125 4813581. 260. 31
61.063 14 NAVIGATION 15 1 97.5625 -185. 4811810.5 209.149323 51 28 28 0 0 0
61.080 14 GPS 3 36038231 481340756 1799 209914 1304 -24 0 18321720 31 0
61.080 14 SVINFO 0 7 0 0 41 0 42
61.130 14 NAVIGATION 15 1 97.5625 -188. 4811810.5 209.149323 51 28 28 0 0 0
61.130 14 ESTIMATOR 209.906403 -0.24
61.231 14 AIRSPEED 13.6 0. 0. 0.
61.232 14 ATTITUDE 0.0023 3.067302 -0.01919
61.314 14 NAVIGATION 15 1 97.5625 -188. 4811807.5 211.807556 52 29 29 0 0 0
61.331 14 DESIRED 0.000994 -0.01462 0. -1500. -4811995. 200. -0.297192 13.
61.331 14 GPS 3 36038232 481340443 1799 209861 1304 -19 0 18321960 31 0
61.332 14 SVINFO 1 8 1 1 40 14 92
61.431 14 ENERGY 30 12.5 0.403424 5.042794 0.055486 0.693544
61.513 14 FBW_STATUS 2 0 1 12.5 0.402567
61.530 14 WP_MOVED 11 360169.5 4813757.5 260. 31
61.563 14 NAVIGATION 15 1 97.5625 -191. 4811804. 214.474808 52 29 29 0 0 0
61.582 14 GPS 3 36038232 481340078 1798 209800 1304 -35 0 18322240 31 0
61.583 14 SVINFO 2 9 1 2 39 56 142
61.631 14 ESTIMATOR 209.801971 -0.35
61.732 14 CALIBRATION -64.320862 0
61.733 14 ATTITUDE -0.001473 3.067269 -0.01919
61.813 14 NAVIGATION 15 1 97.5625 -195. 4811800.5 218.044586 52 29 29 0 0 0
61.832 14 IR_SENSORS 0 0 18 -16 264
61.832 14 GPS 3 36038233 481339765 1798 209748 1304 -41 0 18322480 31 0
61.833 14 SVINFO 3 10 1 3 38 87 192
62.030 14 DL_VALUE 49 1.
62.031 14 WP_MOVED 12 360287.59375 4813581. 260. 31
62.063 14 NAVIGATION 15 1 97.5625 -197.5 4811797.5 220.283203 52 29 29 0 0 0
62.082 14 GPS 3 36038234 481339451 1798 209698 1304 -43 0 18322720 31 0
62.083 14 SVINFO 4 11 1 4 37 79 242
62.130 14 NAVIGATION 15 1 97.5625 -201. 4811797.5 220.283203 52 29 29 0 0 0
62.131 14 ESTIMATOR 209.640488 -0.43
62.229 14 AIRSPEED 13.6 0. 0. 0.
62.229 14 ATTITUDE -0.001473 3.066919 -0.01919
62.313 14 NAVIGATION 15 1 97.5625 -201. 4811794. 223.42659 53 30 30 0 0 0
62.331 14 FBW_STATUS 2 0 1 12.5 0.41322
62.332 14 GPS 3 36038234 481339138 1798 209651 1305 -42 0 18322960 31 0
62.332 14 SVINFO 5 12 0 5 36 38 292
62.380 14 DESIRED 0.000994 -0.014307 0. -1500. -4811995. 200. -0.289215 13.
62.417 14 COMMANDS 2957,18,13,0
62.432 14 GPS_SOL 528 528 528 7
62.534 14 ENERGY 30 12.5 0.415634 5.195424 0.056235 0.702904
62.534 14 WP_MOVED 13 360311.5 4813547. 260. 31
62.567 14 NAVIGATION 15 1 97.5625 -204. 4811791. 226.129257 53 30 30 0 0 0
62.580 14 GPS 3 36038235 481338773 1798 209598 1305 -52 0 18323240 31 0
62.580 14 SVINFO 6 13 1 6 35 3 343
62.630 14 COMMANDS 2985,21,14,0
62.631 14 ESTIMATOR 209.494217 -0.52
62.730 14 STATE_FILTER_STATUS 2 3 300
62.730 14 ATTITUDE -0.001473 3.066449 -0.015421
62.814 14 NAVIGATION 15 1 97.625 -207.5 4811787.5 229.318314 53 30 30 0 0 0
62.831 14 GPS 3 36038236 481338459 1798 209556 1306 -35 0 18323480 31 0
62.930 14 PPRZ_MODE 2 3 2 0 0 6
63.030 14 ALIVE 179,209,69,119,115,11,176,21,181,244,80,210,55,176,198,136
63.031 14 IR_SENSORS 0 0 19 -16 264
63.031 14 WP_MOVED 14 360300.6875 4813575.5 260. 31
63.063 14 NAVIGATION 15 1 97.625 -211. 4811784. 232.490082 53 30 30 0 0 0
63.080 14 GPS 3 36038237 481338146 1798 209517 1306 -38 0 18323720 31 0
63.130 14 NAVIGATION 15 1 97.625 -214. 4811784. 232.490082 53 30 30 0 0 0
63.130 14 ESTIMATOR 209.375092 -0.38
63.230 14 AIRSPEED 13.6 0. 0. 0.
63.231 14 ATTITUDE 0.0023 3.066103 -0.015421
63.314 14 NAVIGATION 15 1 97.625 -214. 4811781. 235.216156 54 31 31 0 0 0
63.331 14 GPS 3 36038238 481337832 1798 209481 1307 -52 0 18323960 31 0
63.437 14 DESIRED 0.001815 -0.013823 0. -1500. -4811995. 200. -0.281253 13.
63.514 14 FBW_STATUS 2 0 1 12.5 0.432267
63.531 14 DL_VALUE 50 0.3
63.532 14 WP_MOVED 15 360297.6875 4813554.5 260. 31
63.563 14 NAVIGATION 15 1 97.65625 -217.5 4811777.5 238.417679 54 31 31 0 0 0
63.579 14 GPS 3 36038239 481337466 1798 209443 1308 -40 0 18324240 31 0
63.580 14 SVINFO 3 10 1 3 37 88 193
63.632 14 ENERGY 31 12.5 0.432615 5.407691 0.057013 0.712636
63.632 14 ESTIMATOR 209.263733 -0.4
63.733 14 ATTITUDE 0.0023 3.066168 -0.015421
63.813 14 NAVIGATION 15 1 97.65625 -221. 4811774. 241.614868 54 31 31 0 0 0
63.829 14 CALIBRATION -81.678436 0
63.829 14 GPS 3 36038240 481337151 1798 209413 1309 -30 0 18324480 31 0
63.829 14 SVINFO 4 11 0 4 36 77 243
64.030 14 DATALINK_REPORT 5 10 1891 539 0 0
64.030 14 WP_MOVED 16 361184. 4813643. 260. 31
64.063 14 NAVIGATION 15 1 97.65625 -224. 4811771.5 244.361908 54 31 31 0 0 0
64.080 14 GPS 3 36038241 481336837 1798 209385 1309 -26 0 18324720 31 0
64.080 14 SVINFO 5 12 0 5 35 35 293
64.132 14 NAVIGATION 15 1 97.65625 -227. 4811771.5 244.361908 54 31 31 0 0 0
64.133 14 ESTIMATOR 209.212463 -0.26
64.231 14 IR_SENSORS 0 0 20 -16 264
64.231 14 AIRSPEED 13.6 0. 0. 0.
64.232 14 ATTITUDE 0.0023 3.066276 -0.011653
64.314 14 NAVIGATION 15 1 97.65625 -227. 4811768.5 247.114838 55 32 32 0 0 0
64.330 14 FBW_STATUS 2 0 1 12.5 0.434008
64.331 14 GPS 3 36038242 481336522 1798 209360 1310 -12 0 18324960 31 0
64.332 14 SVINFO 6 13 1 6 34 2 344
64.430 14 GPS_SOL 512 512 512 7
64.479 14 DESIRED 0.001819 -0.013579 0. -1500. -4811995. 200. -0.276374 13.
64.530 14 WP_MOVED 17 361184. 4813643. 260. 31
64.563 14 NAVIGATION 15 1 97.65625 -230.5 4811765. 250.333755 55 32 32 0 0 0
64.581 14 GPS 3 36038244 481336156 1798 209332 1310 -10 0 18325240 31 0
64.581 14 SVINFO 0 7 0 0 40 0 44
64.630 14 ESTIMATOR 209.213165 -0.1
64.730 14 ENERGY 31 12.5 0.426534 5.33167 0.057806 0.722548
64.730 14 ATTITUDE 0.0023 3.066305 -0.011653
64.814 14 NAVIGATION 15 1 97.6875 -234. 4811761.5 253.572174 55 32 32 0 0 0
64.829 14 GPS 3 36038245 481335841 1798 209309 1309 -7 0 18325480 31 0
64.830 14 SVINFO 1 8 1 1 39 19 94
65.031 14 AUTOPILOT_VERSION 51500 v5.15_devel-179-g9a29798-dirty
65.031 14 DL_VALUE 51 1.
65.032 14 WP_MOVED 18 360289. 4813605. 220. 31
65.063 14 NAVIGATION 15 1 97.6875 -237. 4811758. 256.343201 55 32 32 0 0 0
65.080 14 GPS 3 36038246 481335527 1798 209286 1309 -1 0 18325720 31 0
65.081 14 SVINFO 2 9 1 2 38 62 144
65.131 14 NAVIGATION 15 1 97.71875 -240.5 4811758. 256.343201 55 32 32 0 0 0
65.132 14 ESTIMATOR 209.223373 -0.01
65.232 14 AIRSPEED 13.6 0. 0. 0.
65.232 14 ATTITUDE -0.001473 3.066072 -0.011653
65.313 14 NAVIGATION 15 1 97.71875 -240.5 4811755. 259.594299 56 33 33 0 0 0
65.331 14 GPS 3 36038247 481335213 1797 209262 1307 -2 0 18325960 31 0
65.429 14 IR_SENSORS 0 0 19 -17 264
65.513 14 FBW_STATUS 2 0 1 12.5 0.408917
65.530 14 DESIRED 0.001819 -0.013595 0. -1500. -4811995. 200. -0.276701 13.
65.531 14 WP_MOVED 19 360289. 4813610. 500. 31
65.564 14 NAVIGATION 15 1 97.71875 -243.5 4811751.5 262.376068 56 33 33 0 0 0
65.581 14 GPS 3 36038248 481334847 1797 209232 1305 -7 0 18326240 31 0
65.629 14 ESTIMATOR 209.227875 -0.07
65.730 14 ATTITUDE 0.0023 3.065438 -0.015421
65.813 14 NAVIGATION 15 1 97.71875 -247. 4811748. 265.627472 56 33 33 0 0 0
65.831 14 ENERGY 30 12.5 0.403766 5.04708 0.058567 0.732051
65.832 14 GPS 3 36038249 481334534 1797 209203 1304 -7 0 18326480 31 0
65.930 14 CALIBRATION -61.022633 0
66.030 14 WP_MOVED 20 360289. 4813620. 300. 31
66.063 14 NAVIGATION 15 1 97.71875 -250. 4811745. 268.419373 56 33 33 0 0 0
66.080 14 GPS 3 36038251 481334222 1797 209172 1302 -11 0 18326720 31 0
66.130 14 NAVIGATION 15 1 97.78125 -253.5 4811745. 268.419373 56 33 33 0 0 0
66.131 14 ESTIMATOR 209.186096 -0.11
66.229 14 AIRSPEED 13.6 0. 0. 0.
66.230 14 ATTITUDE 0.0023 3.065072 -0.015421
66.314 14 NAVIGATION 15 1 97.78125 -253.5 4811741.5 271.704651 57 34 34 0 0 0
66.330 14 FBW_STATUS 2 0 1 12.5 0.395896
66.331 14 GPS 3 36038252 481333910 1797 209139 1300 -9 0 18326960 31 0
66.331 14 SVINFO 0 7 0 0 39 0 45
66.439 14 GPS_SOL 496 496 496 7
66.530 14 DL_VALUE 52 0.1
66.530 14 WP_MOVED 21 360289. 4813625. 400. 31
66.564 14 NAVIGATION 15 1 97.78125 -256.5 4811738.5 274.505768 57 34 34 0 0 0
66.581 14 DESIRED 0.002213 -0.013491 0. -1500. -4811995. 200. -0.274607 13.
66.582 14 GPS 3 36038253 481333546 1797 209098 1298 -16 0 18327240 31 0
66.583 14 SVINFO 1 8 1 1 38 21 95
66.629 14 IR_SENSORS 0 0 20 -16 264
66.629 14 ESTIMATOR 209.122559 -0.16
66.731 14 ATTITUDE 0.0023 3.064996 -0.011653
66.814 14 NAVIGATION 15 1 97.78125 -260. 4811735. 277.778992 57 34 34 0 0 0
66.830 14 GPS 3 36038254 481333234 1797 209061 1297 -28 0 18327480 31 0
66.830 14 SVINFO 2 9 1 2 37 65 145
66.930 14 ENERGY 29 12.5 0.392314 4.90392 0.059292 0.741122
67.030 14 WP_MOVED 22 360289. 4813645. 250. 31
67.064 14 NAVIGATION 15 1 97.8125 -263. 4811732.5 280.599854 57 34 34 0 0 0
67.079 14 GPS 3 36038255 481332923 1797 209021 1296 -39 0 18327720 31 0
67.079 14 SVINFO 3 10 1 3 36 89 195
67.131 14 NAVIGATION 15 1 97.8125 -266. 4811732.5 280.599854 57 34 34 0 0 0
67.131 14 ESTIMATOR 209.01062 -0.39
67.229 14 AIRSPEED 13.6 0. 0. 0.
67.230 14 ATTITUDE 0.0023 3.06519 -0.015421
67.313 14 NAVIGATION 15 1 97.8125 -266. 4811729.5 283.413635 58 35 35 0 0 0
67.334 14 GPS 3 36038256 481332613 1798 208979 1295 -38 0 18327960 31 0
67.334 14 SVINFO 4 11 1 4 35 72 245
67.416 14 COMMANDS 2860,-3,-19,0
67.514 14 FBW_STATUS 2 0 1 12.5 0.398801
67.532 14 WP_MOVED 0 360326. 4813637. 260. 31
67.566 14 NAVIGATION 15 1 97.8125 -269.5 4811726. 286.701111 58 35 35 0 0 0
67.603 14 GPS 3 36038258 481332250 1798 208929 1295 -44 0 18328240 31 0
67.604 14 SVINFO 5 12 1 5 34 29 295
67.630 14 COMMANDS 2882,-3,-18,0
67.630 14 DESIRED 0.001798 -0.013156 0. -1500. -4811995. 200. -0.267902 13.
67.630 14 ESTIMATOR 208.859192 -0.44
67.730 14 STATE_FILTER_STATUS 2 3 300
67.730 14 ATTITUDE 0.0023 3.065558 -0.011653
67.831 14 NAVIGATION 15 1 97.8125 -273. 4811722.5 289.993591 58 35 35 0 0 0
67.832 14 IR_SENSORS 0 0 19 -16 264
67.833 14 GPS 3 36038258 481331939 1798 208886 1295 -50 0 18328480 31 0
67.833 14 SVINFO 6 13 1 6 33 0 346
67.930 14 PPRZ_MODE 2 3 2 0 0 6
68.034 14 ALIVE 179,209,69,119,115,11,176,21,181,244,80,210,55,176,198,136
68.034 14 CALIBRATION -61.944141 0
68.034 14 DL_VALUE 53 -0.062832
68.034 14 ENERGY 30 12.5 0.409605 5.120061 0.060025 0.750274
68.035 14 WP_MOVED 1 360284. 4813595. 260. 31
68.063 14 NAVIGATION 15 1 97.8125 -276. 4811719. 292.81955 58 35 35 0 0 0
68.087 14 GPS 3 36038259 481331628 1798 208842 1296 -54 0 18328720 31 0
68.132 14 NAVIGATION 15 1 97.84375 -279.5 4811719. 292.81955 58 35 35 0 0 0
68.133 14 ESTIMATOR 208.706284 -0.54
68.229 14 AIRSPEED 13.6 0. 0. 0.
68.230 14 ATTITUDE 0.0023 3.065896 -0.011653
68.314 14 NAVIGATION 15 1 97.84375 -279.5 4811715.5 296.131134 59 36 36 0 0 0
68.340 14 FBW_STATUS 2 0 1 12.5 0.418051
68.340 14 GPS 3 36038260 481331317 1798 208800 1297 -51 0 18328960 31 0
68.430 14 NAVIGATION_REF 360284 4813595 31 185.
68.432 14 GPS_SOL 480 480 480 7
68.529 14 WP_MOVED 2 360333.5 4813695. 260. 31
68.563 14 NAVIGATION 15 1 97.84375 -282. 4811713. 298.491882 59 36 36 0 0 0
68.580 14 GPS 3 36038261 481330953 1798 208751 1299 -54 0 18329240 31 0
68.580 14 SVINFO 2 9 1 2 36 68 146
68.630 14 ESTIMATOR 208.566406 -0.54
68.679 14 DESIRED 0.001394 -0.012706 0. -1500. -4811995. 200. -0.258902 13.
68.687 14 WIND_INFO 14 5 -1. 0.7 0. 13.6
68.730 14 ATTITUDE 0.0023 3.066141 -0.011653
68.813 14 NAVIGATION 15 1 97.84375 -286. 4811709. 302.273712 59 36 36 0 0 0
68.833 14 GPS 3 36038262 481330641 1798 208712 1301 -55 0 18329480 31 0
68.833 14 SVINFO 3 10 0 3 35 89 196
69.030 14 IR_SENSORS 0 0 20 -16 264
69.030 14 WP_MOVED 3 360294.09375 4813785. 260. 31
69.064 14 NAVIGATION 15 1 97.875 -289. 4811706. 305.123779 59 36 36 0 0 0
69.080 14 GPS 3 36038263 481330328 1798 208675 1303 -30 0 18329720 31 0
69.080 14 SVINFO 4 11 1 4 34 69 246
69.130 14 DATALINK_REPORT 0 11 2024 561 0 0
69.133 14 ENERGY 32 12.5 0.435402 5.44252 0.060802 0.759997
69.134 14 NAVIGATION 15 1 97.875 -292. 4811706. 305.123779 59 36 36 0 0 0
69.134 14 ESTIMATOR 208.445419 -0.3
69.229 14 AIRSPEED 13.6 0. 0. 0.
69.230 14 ATTITUDE 0.0023 3.066098 -0.015421
69.313 14 NAVIGATION 15 1 97.875 -292. 4811703.5 307.966736 60 37 37 0 0 0
69.331 14 GPS 3 36038264 481330014 1798 208641 1305 -31 0 18329960 31 0
69.514 14 FBW_STATUS 2 0 1 12.5 0.437669
69.530 14 DL_VALUE 54 0.087266
69.530 14 WP_MOVED 4 360416.3125 4813734. 260. 31
69.564 14 NAVIGATION 15 1 97.875 -295.5 4811699.5 311.287262 60 37 37 0 0 0
69.582 14 GPS 3 36038265 481329648 1798 208605 1307 -18 0 18330240 31 0
69.630 14 ESTIMATOR 208.424789 -0.18
69.729 14 DESIRED 0.001813 -0.01242 0. -1500. -4811995. 200. -0.253199 13.
69.729 14 ATTITUDE 0.0023 3.06614 -0.011653
69.814 14 NAVIGATION 15 1 97.875 -299. 4811696. 314.611694 60 37 37 0 0 0
69.830 14 GPS 3 36038266 481329334 1798 208576 1308 -24 0 18330480 31 0
69.830 14 SVINFO 0 7 0 0 38 0 47
70.030 14 WP_MOVED 5 360421. 4813583.5 260. 31
70.065 14 NAVIGATION 15 1 97.875 -302. 4811693.5 317.464203 60 37 37 0 0 0
70.082 14 GPS 3 36038267 481329020 1798 208549 1309 -36 0 18330720 31 0
70.082 14 SVINFO 1 8 1 1 37 27 97
70.130 14 CALIBRATION -79.398483 0
70.130 14 NAVIGATION 15 1 97.9375 -305.5 4811693.5 317.464203 60 37 37 0 0 0
70.130 14 ESTIMATOR 208.416153 -0.36
70.229 14 IR_SENSORS 0 0 20 -16 264
70.230 14 ENERGY 32 12.5 0.438192 5.477399 0.061602 0.769992
70.230 14 AIRSPEED 13.6 0. 0. 0.
70.230 14 ATTITUDE 0.0023 3.066702 -0.011653
70.313 14 NAVIGATION 15 1 97.9375 -305.5 4811690. 320.814575 61 38 38 0 0 0
70.331 14 FBW_STATUS 2 0 1 12.5 0.439239
70.331 14 GPS 3 36038268 481328705 1798 208524 1310 -31 0 18330960 31 0
70.451 14 GPS_SOL 464 464 464 7
70.528 14 WP_MOVED 6 360164.8125 4813664.5 260. 31
70.564 14 NAVIGATION 15 1 97.9375 -308.5 4811687. 323.672668 61 38 38 0 0 0
70.583 14 GPS 3 36038268 481328338 1799 208496 1311 -43 0 18331240 31 0
70.634 14 ESTIMATOR 208.349991 -0.43
70.730 14 ATTITUDE 0.0023 3.067715 -0.011653
70.780 14 DESIRED 0.001 -0.012326 0. -1500. -4811995. 200. -0.25131 13.
70.812 14 NAVIGATION 15 1 97.9375 -312. 4811683.5 327.010315 61 38 38 0 0 0
70.829 14 GPS 3 36038269 481328023 1799 208473 1311 -23 0 18331480 31 0
71.030 14 DL_VALUE 55 1.
71.030 14 WP_MOVED 7 360558.40625 4813804.5 260. 31
71.063 14 NAVIGATION 15 1 97.9375 -315. 4811680. 329.87384 61 38 38 0 0 0
71.080 14 GPS 3 36038269 481327708 1799 208451 1312 -33 0 18331720 31 0
71.081 14 SVINFO 5 12 1 5 33 23 297
71.131 14 NAVIGATION 15 1 97.9375 -318.5 4811680. 329.87384 61 38 38 0 0 0
71.131 14 ESTIMATOR 208.297363 -0.33
71.230 14 AIRSPEED 13.6 0. 0. 0.
71.235 14 ATTITUDE 0.0023 3.068429 -0.015421
71.313 14 NAVIGATION 15 1 97.9375 -318.5 4811676.5 333.217651 62 39 39 0 0 0
71.331 14 ENERGY 32 12.5 0.446236 5.577946 0.062413 0.780132
71.332 14 GPS 3 36038269 481327393 1799 208430 1313 -31 0 18331960 31 0
71.333 14 SVINFO 6 13 1 6 32 0 348
71.447 14 IR_SENSORS 0 0 20 -16 264
71.514 14 FBW_STATUS 2 0 1 12.5 0.447112
71.531 14 WP_MOVED 8 358784. 1600. 200. 31
71.563 14 NAVIGATION 15 1 97.9375 -321.5 4811673.5 336.086304 62 39 39 0 0 0
71.579 14 GPS 3 36038269 481327025 1799 208407 1314 -6 0 18332240 31 0
71.580 14 SVINFO 0 7 0 0 37 1 48
71.630 14 ESTIMATOR 208.247726 -0.06
71.729 14 ATTITUDE 0.0023 3.068904 -0.011653
71.814 14 NAVIGATION 15 1 97.9375 -325. 4811670. 339.435944 62 39 39 0 0 0
71.833 14 DESIRED 0.00018 -0.012218 0. -1500. -4811995. 200. -0.247432 13.
71.834 14 GPS 3 36038270 481326710 1799 208388 1314 -14 0 18332480 31 0
71.835 14 SVINFO 1 8 1 1 36 30 98
72.030 14 WP_MOVED 9 360312.8125 4813652. 185. 31
72.064 14 NAVIGATION 15 1 97.96875 -328.5 4811666.5 342.797485 62 39 39 0 0 0
72.080 14 GPS 3 36038270 481326394 1799 208369 1314 -8 0 18332720 31 0
72.081 14 SVINFO 2 9 0 2 35 73 148
72.130 14 NAVIGATION 15 1 97.96875 -331.5 4811666.5 342.797485 62 39 39 0 0 0
72.131 14 ESTIMATOR 208.271378 -0.08
72.232 14 CALIBRATION -79.552452 0
72.233 14 AIRSPEED 13.6 0. 0. 0.
72.234 14 ATTITUDE 0.0023 3.068646 -0.011653
72.313 14 NAVIGATION 15 1 97.96875 -331.5 4811663.5 345.673431 63 40 40 0 0 0
72.331 14 FBW_STATUS 2 0 1 12.5 0.434182
72.332 14 GPS 3 36038270 481326079 1799 208351 1314 -5 0 18332960 31 0
72.333 14 SVINFO 3 10 1 3 34 89 198
72.413 14 COMMANDS 3057,-12,-6,0
72.444 14 GPS_SOL 448 448 448 7
72.445 14 ENERGY 31 12.5 0.432441 5.405516 0.063221 0.790231
72.531 14 DL_VALUE 56 1.
72.531 14 WP_MOVED 10 360452.8125 4813581. 260. 31
72.563 14 NAVIGATION 15 1 97.96875 -334.5 4811660.5 348.551453 63 40 40 0 0 0
72.580 14 GPS 3 36038271 481325711 1799 208329 1312 -15 0 18333240 31 0
72.580 14 SVINFO 4 11 1 4 33 64 248
72.630 14 COMMANDS 3045,-12,-6,0
72.630 14 IR_SENSORS 0 0 20 -16 264
72.630 14 ESTIMATOR 208.281052 -0.15
72.731 14 STATE_FILTER_STATUS 2 3 300
72.731 14 ATTITUDE 0.0023 3.068212 -0.011653
72.814 14 NAVIGATION 15 1 97.96875 -338.5 4811656.5 352.391998 63 40 40 0 0 0
72.830 14 GPS 3 36038271 481325396 1799 208310 1312 -19 0 18333480 31 0
72.830 14 SVINFO 5 12 1 5 32 20 298
72.881 14 DESIRED 0.00059 -0.012182 0. -1500. -4811995. 200. -0.248432 13.
72.950 14 PPRZ_MODE 2 3 2 0 0 6
73.031 14 ALIVE 179,209,69,119,115,11,176,21,181,244,80,210,55,176,198,136
73.031 14 WP_MOVED 11 360169.5 4813757.5 260. 31
73.064 14 NAVIGATION 15 1 97.96875 -341.5 4811653.5 355.274719 63 40 40 0 0 0
73.080 14 GPS 3 36038271 481325082 1799 208290 1311 -50 0 18333720 31 0
73.131 14 NAVIGATION 15 1 97.96875 -344.5 4811653.5 355.274719 63 40 40 0 0 0
73.131 14 ESTIMATOR 208.23288 -0.5
73.231 14 AIRSPEED 13.6 0. 0. 0.
73.231 14 ATTITUDE -0.001473 3.068033 -0.011653
73.314 14 NAVIGATION 15 1 97.96875 -344.5 4811651. 358.159363 64 41 41 0 0 0
73.330 14 GPS 3 36038272 481324767 1799 208268 1310 -68 0 18333960 31 0
73.513 14 FBW_STATUS 2 0 1 12.5 0.447287
