3.025 14 NAVIGATION 2 2 0. 0. 0. 0. 0 6 6 1 0 0
3.043 14 GPS 3 36028477 481359546 899 185000 0 20 0 18622960 31 0
3.225 14 FBW_STATUS 2 0 1 12.5 0.
3.242 14 DL_VALUE 10 1.
3.242 14 WP_MOVED 10 360452.8125 4813581. 260. 31
3.274 14 NAVIGATION 2 2 0. 0. 0. 0. 0 6 6 1 0 0
3.291 14 DESIRED 0. 0.00024 0. 0. 0. 235. 0. 13.
3.292 14 GPS 3 36028477 481359546 899 185000 0 32 0 18623240 31 0
3.341 14 ESTIMATOR 185.066559 0.32
3.441 14 ATTITUDE 0.0023 0. -0.000365
3.524 14 NAVIGATION 2 2 0. 0. 0. 0. 0 6 6 1 0 0
3.542 14 GPS 3 36028477 481359546 899 185000 0 33 0 18623480 31 0
3.742 14 WP_MOVED 11 360169.5 4813757.5 260. 31
3.774 14 NAVIGATION 2 2 0. 0. 0. 0. 0 6 6 1 0 0
3.791 14 GPS 3 36028477 481359546 899 185000 0 34 0 18623720 31 0
3.792 14 SVINFO 3 10 1 3 48 6 159
3.842 14 NAVIGATION 2 2 0. 0. 0. 0. 0 6 6 1 0 0
3.843 14 ESTIMATOR 185.142273 0.34
3.942 14 IR_SENSORS 0 0 23 -16 264
3.943 14 ENERGY 0 12.5 0. 0. 0. 0.
3.943 14 AIRSPEED 0. 0. 0. 0.
3.943 14 ATTITUDE 0.0023 0. -0.000365
4.027 14 NAVIGATION 2 2 0. 0. 0. 0. 0 7 7 1 0 0
4.043 14 FBW_STATUS 2 0 1 12.5 0.
4.043 14 GPS 3 36028477 481359546 899 185000 0 21 0 18623960 31 0
4.142 14 GPS_SOL 625 625 625 7
4.242 14 WP_MOVED 12 360287.59375 4813581. 260. 31
4.275 14 NAVIGATION 2 2 0. 0. 0. 0. 0 7 7 1 0 0
4.291 14 GPS 3 36028477 481359546 899 185000 0 26 0 18624240 31 0
4.342 14 DESIRED 0. 0.00024 0. 0. 0. 235. 0. 13.
4.342 14 ESTIMATOR 185.164505 0.26
4.442 14 ATTITUDE 0.0023 0. -0.000365
4.525 14 NAVIGATION 2 2 0. 0. 0. 0. 0 7 7 1 0 0
4.541 14 GPS 3 36028477 481359546 899 185000 0 18 0 18624480 31 0
4.741 14 CALIBRATION 0. 0
4.741 14 DL_VALUE 11 5.
4.741 14 WP_MOVED 13 360311.5 4813547. 260. 31
4.774 14 NAVIGATION 2 2 0. 0. 0. 0. 0 7 7 1 0 0
4.791 14 GPS 3 36028477 481359546 899 185000 0 6 0 18624720 31 0
4.792 14 SVINFO 0 7 0 0 46 79 10
4.842 14 NAVIGATION 2 2 0. 0. 0. 0. 0 7 7 1 0 0
4.843 14 ESTIMATOR 185.160141 0.06
4.941 14 AIRSPEED 0. 0. 0. 0.
4.941 14 ATTITUDE 0.0023 0. -0.000365
5.025 14 NAVIGATION 2 2 0. 0. 0. 0. 0 8 8 1 0 0
5.043 14 ENERGY 0 12.5 0. 0. 0. 0.
5.043 14 GPS 3 36028477 481359546 899 185000 0 0 0 18624960 31 0
5.044 14 SVINFO 1 8 1 1 47 38 60
5.142 14 NAVIGATION_REF 360284 4813595 31 185.
5.143 14 IR_SENSORS 0 0 23 -16 264
5.226 14 FBW_STATUS 2 0 1 12.5 0.
5.241 14 WP_MOVED 14 360300.6875 4813575.5 260. 31
5.275 14 NAVIGATION 2 2 0. 0. 0. 0. 0 8 8 1 0 0
5.292 14 GPS 3 36028477 481359546 899 185000 0 13 0 18625240 31 0
5.293 14 SVINFO 2 9 1 2 48 3 110
5.342 14 ESTIMATOR 185.09668 0.13
5.391 14 DESIRED 0. 0.00024 0. 0. 0. 235. 0. 13.
5.442 14 ATTITUDE 0.0023 0. -0.000365
5.525 14 NAVIGATION 2 2 0. 0. 0. 0. 0 8 8 1 0 0
5.543 14 GPS 3 36028477 481359546 899 185000 0 -2 0 18625480 31 0
5.742 14 WP_MOVED 15 360297.6875 4813554.5 260. 31
5.775 14 NAVIGATION 2 2 0. 0. 0. 0. 0 8 8 1 0 0
5.794 14 GPS 3 36028477 481359546 899 185000 0 -16 0 18625720 31 0
5.795 14 SVINFO 4 11 1 4 49 46 210
5.841 14 NAVIGATION 2 2 0. 0. 0. 0. 0 8 8 1 0 0
5.841 14 ESTIMATOR 185.067596 -0.16
5.942 14 AIRSPEED 0. 0. 0. 0.
5.942 14 ATTITUDE 0.0023 0. -0.000365
6.024 14 NAVIGATION 2 2 0. 0. 0. 0. 0 9 9 1 0 0
6.041 14 FBW_STATUS 2 0 1 12.5 0.
6.042 14 GPS 3 36028477 481359546 899 185000 0 -3 0 18625960 31 0
6.142 14 GPS_SOL 637 637 637 7
6.143 14 ENERGY 0 12.5 0. 0. 0. 0.
6.242 14 DL_VALUE 12 100.
6.243 14 WP_MOVED 16 361184. 4813643. 260. 31
6.274 14 NAVIGATION 2 2 0. 0. 0. 0. 0 9 9 1 0 0
6.291 14 GPS 3 36028477 481359546 899 185000 0 2 0 18626239 31 0
6.342 14 IR_SENSORS 0 0 23 -16 264
6.342 14 ESTIMATOR 185.00946 0.02
6.442 14 DESIRED 0. 0.00024 0. 0. 0. 235. 0. 13.
6.443 14 ATTITUDE 0.0023 0. -0.000365
6.525 14 NAVIGATION 2 2 0. 0. 0. 0. 0 9 9 1 0 0
6.542 14 GPS 3 36028477 481359546 899 185000 0 -9 0 18626480 31 0
6.542 14 SVINFO 0 7 0 0 47 76 11
6.742 14 WP_MOVED 17 361184. 4813643. 260. 31
6.775 14 NAVIGATION 2 2 0. 0. 0. 0. 0 9 9 1 0 0
6.792 14 GPS 3 36028477 481359546 899 185000 0 13 0 18626720 31 0
6.842 14 CALIBRATION 0. 0
6.843 14 NAVIGATION 2 2 0. 0. 0. 0. 0 9 9 1 0 0
6.843 14 ESTIMATOR 184.99118 0.13
6.942 14 AIRSPEED 0. 0. 0. 0.
6.942 14 ATTITUDE 0.0023 0. -0.000365
7.024 14 NAVIGATION 2 2 0. 0. 0. 0. 0 10 10 1 0 0
7.041 14 GPS 3 36028477 481359546 899 185000 0 10 0 18626960 31 0
7.125 14 COMMANDS 0,-17,7,0
7.226 14 FBW_STATUS 2 0 1 12.5 0.
7.242 14 ENERGY 0 12.5 0. 0. 0. 0.
7.243 14 WP_MOVED 18 360289. 4813605. 220. 31
7.275 14 NAVIGATION 2 2 0. 0. 0. 0. 0 10 10 1 0 0
7.292 14 GPS 3 36028477 481359546 899 185000 0 24 0 18627239 31 0
7.341 14 COMMANDS 0,-17,7,0
7.342 14 ESTIMATOR 185.031662 0.24
7.442 14 STATE_FILTER_STATUS 2 3 303
7.443 14 ATTITUDE 0.0023 0. -0.000365
7.492 14 DESIRED 0. 0.00024 0. 0. 0. 235. 0. 13.
7.526 14 NAVIGATION 2 2 0. 0. 0. 0. 0 10 10 1 0 0
7.541 14 IR_SENSORS 0 0 23 -16 264
7.541 14 GPS 3 36028477 481359546 899 185000 0 34 0 18627480 31 0
7.641 14 DATALINK_REPORT 9 1 514 529 0 0
7.642 14 PPRZ_MODE 2 1 2 0 0 6
7.743 14 ALIVE 179,209,69,119,115,11,176,21,181,244,80,210,55,176,198,136
7.743 14 DL_VALUE 13 1.
7.743 14 WP_MOVED 19 360289. 4813610. 500. 31
7.775 14 NAVIGATION 2 2 0. 0. 0. 0. 0 10 10 1 0 0
7.792 14 GPS 3 36028477 481359546 899 185000 0 18 0 18627720 31 0
7.842 14 NAVIGATION 2 2 0. 0. 0. 0. 0 10 10 1 0 0
7.843 14 ESTIMATOR 185.113785 0.18
7.941 14 AIRSPEED 0. 0. 0. 0.
7.941 14 ATTITUDE 0.0023 0. -0.000365
8.025 14 NAVIGATION 2 2 0. 0. 0. 0. 0 11 11 1 0 0
8.042 14 FBW_STATUS 2 0 1 12.5 0.
8.043 14 GPS 3 36028477 481359546 899 185000 0 21 0 18627960 31 0
8.142 14 GPS_SOL 648 648 648 7
8.242 14 WP_MOVED 20 360289. 4813620. 300. 31
8.275 14 NAVIGATION 2 2 0. 0. 0. 0. 0 11 11 1 0 0
8.292 14 GPS 3 36028477 481359546 899 185000 0 17 0 18628239 31 0
8.342 14 ENERGY 0 12.5 0. 0. 0. 0.
8.342 14 ESTIMATOR 185.126694 0.17
8.442 14 ATTITUDE 0.0023 0. -0.000365
8.525 14 NAVIGATION 2 2 0. 0. 0. 0. 0 11 11 1 0 0
8.541 14 DESIRED 0. 0.00024 0. 0. 0. 235. 0. 13.
8.542 14 GPS 3 36028477 481359546 899 185000 0 15 0 18628480 31 0
8.542 14 SVINFO 1 8 0 1 48 32 62
8.608 14 WIND_INFO 14 5 0. 0. 0. 0.
8.626 14 SETTING 9 14 1.
8.626 14 DL_VALUE 9 1.
8.741 14 IR_SENSORS 0 0 23 -16 264
8.742 14 WP_MOVED 21 360289. 4813625. 400. 31
8.774 14 NAVIGATION 2 2 0. 0. 0. 0. 0 11 11 1 0 0
8.792 14 GPS 3 36028477 481359546 899 185000 0 16 0 18628720 31 0
8.841 14 NAVIGATION 2 2 0. 0. 0. 0. 0 11 11 1 0 0
8.841 14 ESTIMATOR 185.121277 0.16
8.942 14 CALIBRATION 0. 0
8.942 14 AIRSPEED 0. 0. 0. 0.
8.943 14 ATTITUDE 0.0023 0. -0.000365
9.026 14 NAVIGATION 2 2 0. 0. 0. 0. 0 12 12 1 0 0
9.041 14 GPS 3 36028477 481359546 899 185000 0 -2 0 18628960 31 0
9.044 14 SVINFO 3 10 0 3 49 11 162
9.225 14 FBW_STATUS 2 0 1 12.5 0.
9.241 14 AUTOPILOT_VERSION 51500 v5.15_devel-179-g9a29798-dirty
9.242 14 DL_VALUE 14 0.
9.242 14 WP_MOVED 22 360289. 4813645. 250. 31
9.275 14 NAVIGATION 2 2 0. 0. 0. 0. 0 12 12 1 0 0
9.291 14 GPS 3 36028477 481359546 899 185000 0 4 0 18629239 31 0
9.342 14 ESTIMATOR 185.085312 0.04
9.442 14 ENERGY 0 12.5 0. 0. 0. 0.
9.442 14 ATTITUDE 0.0023 0. -0.000365
9.470 14 BLOCK 3 14
9.470 14 NAVIGATION 3 0 0. 0. 0. 0. 0 0 0 1 0 0
9.525 14 NAVIGATION 3 2 0. 0. 198.624115 0. 0 0 0 0 0 0
9.541 14 GPS 3 36028477 481359546 899 185000 0 0 0 18629480 31 0
9.590 14 DESIRED -0. 0.262039 0. -114.5 162.300003 235. 0. 13.
9.742 14 WP_MOVED 0 360326. 4813637. 260. 31
9.776 14 NAVIGATION 3 2 0. 2.5 196.586594 2.5 0 0 0 0 0 0
9.793 14 GPS 3 36028477 481359802 3599 184997 1064 8 0 18629720 31 0
9.841 14 NAVIGATION 3 2 0. 2.5 196.586594 2.5 0 0 0 0 0 0
9.842 14 ESTIMATOR 185.051849 0.08
9.941 14 IR_SENSORS 0 0 27 -18 263
9.942 14 AIRSPEED 0. 0. 0. 0.
9.942 14 ATTITUDE -0.005503 6.283179 0.015037
10.025 14 TAKEOFF 22
10.025 14 NAVIGATION 3 2 0. 5.5 194.155838 5.5 1 1 1 0 0 0
10.041 14 FBW_STATUS 2 0 1 12.5 0.32117
10.042 14 GPS 3 36028477 481360102 3599 184986 1250 0 0 18629960 31 0
10.141 14 GPS_SOL 659 659 659 7
10.241 14 WP_MOVED 1 360284. 4813595. 260. 31
10.276 14 NAVIGATION 3 2 -0.03125 9. 191.321671 9.000054 1 1 1 0 0 0
10.291 14 GPS 3 36028474 481360451 3595 184988 1246 -1 0 18630239 31 0
10.341 14 ESTIMATOR 185.03392 -0.01
10.441 14 ATTITUDE -0.10985 6.275564 0.07033
10.527 14 NAVIGATION 3 2 -0.0625 12. 188.907471 12.000163 1 1 1 0 0 0
10.542 14 ENERGY 51 12.5 0.741786 9.272321 0.000554 0.006925
10.543 14 GPS 3 36028467 481360754 3585 185041 1264 20 0 18630480 31 0
10.543 14 SVINFO 2 9 0 2 49 0 113
10.642 14 DESIRED -0.285399 0.278551 0. -114.5 162.300003 235. 0. 13.
10.741 14 DL_VALUE 15 0.
10.743 14 WP_MOVED 2 360333.5 4813695. 260. 31
10.775 14 NAVIGATION 3 2 -0.21875 15. 186.433624 15.001595 1 1 1 0 0 0
10.791 14 GPS 3 36028451 481361065 3570 185182 1295 79 0 18630720 31 0
10.842 14 NAVIGATION 3 2 -0.21875 15. 186.433624 15.001595 1 1 1 0 0 0
10.843 14 ESTIMATOR 185.1091 0.79
10.942 14 AIRSPEED 0. 0. 0. 0.
10.942 14 ATTITUDE -0.230843 6.230929 0.150108
11.029 14 NAVIGATION 3 2 -0.5 18.5 183.505966 18.506756 2 2 2 0 0 0
11.041 14 CALIBRATION 0. 0
11.041 14 GPS 3 36028422 481361384 3548 185441 1334 117 0 18630960 31 0
11.142 14 IR_SENSORS 0 0 67 -83 244
11.225 14 FBW_STATUS 2 0 1 12.5 1.505746
11.242 14 WP_MOVED 3 360294.09375 4813785. 260. 31
11.275 14 NAVIGATION 3 2 -1.0625 22. 180.422165 22.025642 2 2 2 0 0 0
11.292 14 GPS 3 36028370 481361767 3519 185930 1384 204 0 18631239 31 0
11.342 14 ESTIMATOR 185.709778 2.04
11.442 14 ATTITUDE -0.293644 6.143188 0.224409
11.528 14 NAVIGATION 3 2 -1.71875 25.5 177.295944 25.557858 2 2 2 0 0 0
11.542 14 GPS 3 36028306 481362103 3492 186528 1426 257 0 18631480 31 0
11.642 14 ENERGY 88 12.5 1.627817 20.347708 0.002932 0.036647
11.692 14 DESIRED -0.297974 0.29359 0. -114.5 162.300003 235. 0. 13.
11.742 14 WP_MOVED 4 360416.3125 4813734. 260. 31
11.775 14 NAVIGATION 3 2 -2.5 29. 174.105972 29.107559 2 2 2 0 0 0
11.792 14 GPS 3 36028225 481362443 3465 187294 1453 342 0 18631720 31 0
11.792 14 SVINFO 0 7 0 0 48 69 14
11.842 14 NAVIGATION 3 2 -2.5 29. 174.105972 29.107559 2 2 2 0 0 0
11.843 14 ESTIMATOR 187.032028 3.42
11.942 14 AIRSPEED 0. 0. 0. 0.
11.943 14 ATTITUDE -0.308059 6.048195 0.287332
12.025 14 NAVIGATION 3 2 -3.46875 32.5 170.809784 32.684586 3 3 3 0 0 0
12.041 14 FBW_STATUS 2 0 1 12.5 1.627817
12.041 14 GPS 3 36028126 481362781 3437 188212 1467 394 0 18631960 31 0
12.124 14 COMMANDS 8524,259,-118,0
12.141 14 GPS_SOL 668 668 668 7
12.242 14 DL_VALUE 16 80.
12.243 14 WP_MOVED 5 360421. 4813583.5 260. 31
12.275 14 NAVIGATION 3 2 -4.84375 36. 167.260818 36.324398 3 3 3 0 0 0
12.292 14 GPS 3 36027992 481363170 3406 189440 1471 436 0 18632239 31 0
12.341 14 COMMANDS 8524,407,-276,0
12.342 14 IR_SENSORS 0 0 100 -87 232
12.342 14 ESTIMATOR 189.079971 4.36
12.442 14 STATE_FILTER_STATUS 2 3 419
12.443 14 ATTITUDE -0.292155 5.945861 0.323334
12.533 14 NAVIGATION 3 2 -6.15625 39.5 163.762665 39.97686 3 3 3 0 0 0
12.541 14 GPS 3 36027860 481363497 3381 190592 1467 481 0 18632480 31 0
12.641 14 PPRZ_MODE 2 1 2 0 0 6
12.742 14 DATALINK_REPORT 3 4 635 520 0 0
12.743 14 ALIVE 179,209,69,119,115,11,176,21,181,244,80,210,55,176,198,136
12.743 14 ENERGY 88 12.5 1.627817 20.347708 0.005916 0.073951
12.743 14 DESIRED -0.222109 0.289306 0. -114.5 162.300003 235. 0. 13.
12.743 14 WP_MOVED 6 360164.8125 4813664.5 260. 31
12.776 14 NAVIGATION 3 2 -7.59375 42.5 160.56459 43.17308 3 3 3 0 0 0
12.791 14 GPS 3 36027716 481363816 3357 191808 1459 492 0 18632720 31 0
12.841 14 NAVIGATION 3 2 -7.59375 42.5 160.56459 43.17308 3 3 3 0 0 0
12.841 14 ESTIMATOR 191.564911 4.92
12.942 14 AIRSPEED 0. 0. 0. 0.
12.943 14 ATTITUDE -0.247336 5.859534 0.330958
13.033 14 NAVIGATION 3 2 -9.15625 46. 156.91716 46.90242 4 4 4 0 0 0
13.041 14 GPS 3 36027561 481364128 3335 193060 1450 520 0 18632960 31 0
13.141 14 CALIBRATION 0. 0
13.225 14 FBW_STATUS 2 0 1 12.5 1.627817
13.242 14 WP_MOVED 7 360558.40625 4813804.5 260. 31
13.275 14 NAVIGATION 3 2 -11.0625 49.5 153.046249 50.721088 4 4 4 0 0 0
13.292 14 GPS 3 36027368 481364482 3311 194540 1439 520 0 18633239 31 0
13.341 14 ESTIMATOR 194.259827 5.2
13.441 14 ATTITUDE -0.200919 5.780143 0.32625
13.534 14 NAVIGATION 3 2 -12.84375 52. 150.000275 53.562691 4 4 4 0 0 0
13.542 14 IR_SENSORS 0 0 103 -61 238
13.543 14 GPS 3 36027193 481364777 3293 195806 1431 511 0 18633480 31 0
13.742 14 DL_VALUE 17 0.
13.743 14 WP_MOVED 8 360461.40625 4813640. 215. 31
13.775 14 NAVIGATION 3 2 -14.625 55. 146.588898 56.911251 4 4 4 0 0 0
13.791 14 DESIRED -0.11764 0.279229 0. -114.5 162.300003 235. 0. 13.
13.792 14 GPS 3 36027011 481365067 3277 197058 1424 516 0 18633720 31 0
13.793 14 SVINFO 1 8 0 1 49 23 65
13.842 14 ENERGY 88 12.5 1.627817 20.347708 0.0089 0.111255
13.843 14 NAVIGATION 3 2 -14.625 55. 146.588898 56.911251 4 4 4 0 0 0
13.843 14 ESTIMATOR 196.940964 5.16
13.942 14 AIRSPEED 0. 0. 0. 0.
13.943 14 ATTITUDE -0.153639 5.721016 0.309585
14.039 14 NAVIGATION 3 2 -16.5 58. 143.11705 60.301327 5 5 5 0 0 0
14.041 14 FBW_STATUS 2 0 1 12.5 1.627817
14.042 14 GPS 3 36026822 481365350 3263 198287 1419 515 0 18633960 31 0
14.142 14 NAVIGATION_REF 360284 4813595 31 185.
14.142 14 GPS_SOL 676 676 676 7
14.241 14 WP_MOVED 9 360312.8125 4813652. 185. 31
14.275 14 NAVIGATION 3 2 -18.84375 61. 139.326263 63.844238 5 5 5 0 0 0
14.292 14 GPS 3 36026594 481365675 3249 199690 1416 478 0 18634239 31 0
14.342 14 ESTIMATOR 199.573181 4.78
14.441 14 ATTITUDE -0.120279 5.671098 0.29253
14.544 14 NAVIGATION 3 2 -20.84375 64. 135.77327 67.308708 5 5 5 0 0 0
14.545 14 GPS 3 36026394 481365950 3238 200864 1416 467 0 18634480 31 0
14.742 14 IR_SENSORS 0 0 95 -40 245
14.743 14 WP_MOVED 10 360452.8125 4813581. 260. 31
14.776 14 NAVIGATION 3 2 -22.875 66.5 132.562363 70.324364 5 5 5 0 0 0
14.792 14 GPS 3 36026189 481366221 3229 202014 1416 445 0 18634720 31 0
14.842 14 DESIRED -0.072327 0.271698 0. -114.5 162.300003 235. 0. 13.
14.843 14 NAVIGATION 3 2 -22.875 66.5 132.562363 70.324364 5 5 5 0 0 0
14.843 14 ESTIMATOR 201.974045 4.45
14.942 14 ENERGY 88 12.5 1.627817 20.347708 0.011885 0.14856
14.942 14 AIRSPEED 0. 0. 0. 0.
14.942 14 ATTITUDE -0.090428 5.63577 0.277726
15.038 14 NAVIGATION 3 2 -24.9375 69.5 128.970078 73.838531 6 6 6 0 0 0
15.041 14 GPS 3 36025980 481366490 3220 203142 1418 436 0 18634960 31 0
15.226 14 FBW_STATUS 2 0 1 12.5 1.627817
15.242 14 CALIBRATION 0. 0
15.242 14 DL_VALUE 18 1.
15.244 14 WP_MOVED 11 360169.5 4813757.5 260. 31
15.276 14 NAVIGATION 3 2 -27.46875 72.5 125.053902 77.529236 6 6 6 0 0 0
15.291 14 GPS 3 36025730 481366800 3212 204437 1421 464 0 18635239 31 0
15.292 14 SVINFO 0 7 0 0 49 64 16
15.342 14 ESTIMATOR 204.253998 4.64
15.442 14 ATTITUDE -0.07396 5.606124 0.269284
15.547 14 NAVIGATION 3 2 -29.625 75. 121.758186 80.638954 6 6 6 0 0 0
15.547 14 GPS 3 36025513 481367064 3205 205533 1425 457 0 18635480 31 0
15.743 14 WP_MOVED 12 360287.59375 4813581. 260. 31
15.775 14 NAVIGATION 3 2 -31.84375 78. 118.061623 84.249771 6 6 6 0 0 0
15.792 14 GPS 3 36025293 481367327 3199 206619 1428 452 0 18635720 31 0
15.842 14 NAVIGATION 3 2 -31.84375 78. 118.061623 84.249771 6 6 6 0 0 0
15.843 14 ESTIMATOR 206.59523 4.52
15.892 14 DESIRED -0.04909 0.267794 0. -114.5 162.300003 235. 0. 13.
15.942 14 IR_SENSORS 0 0 90 -30 248
15.943 14 AIRSPEED 0. 0. 0. 0.
15.943 14 ATTITUDE -0.057551 5.58466 0.260857
16.048 14 NAVIGATION 3 2 -34.0625 80.5 114.723282 87.409973 7 7 7 0 0 0
16.049 14 FBW_STATUS 2 0 1 12.5 1.627817
16.049 14 ENERGY 88 12.5 1.627817 20.347708 0.014869 0.185864
16.049 14 GPS 3 36025069 481367588 3194 207701 1431 461 0 18635960 31 0
16.142 14 GPS_SOL 683 683 683 7
16.242 14 WP_MOVED 13 360311.5 4813547. 260. 31
16.275 14 NAVIGATION 3 2 -36.71875 83.5 110.722008 91.216866 7 7 7 0 0 0
16.292 14 GPS 3 36024805 481367891 3189 208961 1435 467 0 18636239 31 0
16.342 14 ESTIMATOR 208.89444 4.67
16.442 14 ATTITUDE -0.049595 5.56601 0.260857
16.557 14 NAVIGATION 4 0 -39. 86. 0. 94.429871 7 0 0 0 0 0
16.559 14 GPS 3 36024577 481368149 3184 210041 1437 466 0 18636480 31 0
16.741 14 DL_VALUE 19 0.
16.742 14 WP_MOVED 14 360300.6875 4813575.5 260. 31
16.775 14 NAVIGATION 4 0 -41.3125 88.5 0. 97.667664 7 0 0 0 0 0
16.792 14 GPS 3 36024346 481368407 3180 211124 1440 472 0 18636720 31 0
16.843 14 NAVIGATION 4 0 -41.3125 88.5 0. 97.667664 7 0 0 0 0 0
16.843 14 ESTIMATOR 211.196411 4.72
16.942 14 DESIRED 0.53667 0.301804 0. -13.780197 149.045044 260. 1.464108 13.
16.942 14 AIRSPEED 0. 0. 0. 0.
16.943 14 ATTITUDE -0.017317 5.551851 0.259568
17.048 14 NAVIGATION 4 0 -43.625 91. 0. 100.916504 8 1 1 0 0 0
17.048 14 CIRCLE 49.5 100.099998 80.
17.049 14 GPS 3 36024113 481368663 3178 212211 1441 483 0 18636960 31 0
17.123 14 COMMANDS 8524,3909,475,0
17.142 14 IR_SENSORS 0 0 91 -6 249
17.142 14 ENERGY 88 12.5 1.627817 20.347708 0.017854 0.223168
17.225 14 FBW_STATUS 2 0 1 12.5 1.627817
17.242 14 WP_MOVED 15 360297.6875 4813554.5 260. 31
17.275 14 NAVIGATION 4 0 -46.3125 94. 0. 104.789543 8 1 1 0 0 0
17.292 14 GPS 3 36023843 481368963 3180 213488 1442 474 0 18637239 31 0
17.341 14 COMMANDS 8524,3623,493,0
17.341 14 CALIBRATION 0. 1
17.342 14 ESTIMATOR 213.527618 4.74
17.442 14 STATE_FILTER_STATUS 2 3 352
17.443 14 ATTITUDE 0.10698 5.550932 0.266654
17.525 14 NAVIGATION 4 0 -48.59375 96.5 0. 108.044449 8 1 1 0 0 0
17.560 14 GPS 3 36023615 481369224 3188 214594 1443 464 0 18637480 31 0
17.641 14 PPRZ_MODE 2 3 2 2 0 6
17.742 14 ALIVE 179,209,69,119,115,11,176,21,181,244,80,210,55,176,198,136
17.742 14 WP_MOVED 16 361184. 4813643. 260. 31
17.776 14 NAVIGATION 4 0 -50.84375 99.5 0. 111.737801 8 1 1 0 0 0
17.791 14 GPS 3 36023394 481369490 3202 215713 1442 469 0 18637720 31 0
17.842 14 DATALINK_REPORT 8 4 756 531 0 0
17.843 14 NAVIGATION 4 0 -50.84375 99.5 0. 111.737801 8 1 1 0 0 0
17.843 14 ESTIMATOR 215.808899 4.69
17.942 14 AIRSPEED 0. 0. 0. 0.
17.942 14 ATTITUDE 0.249169 5.589341 0.287574
17.992 14 DESIRED 0.566034 0.32686 0. -7.405777 156.329285 260. 1.325733 13.
18.025 14 NAVIGATION 4 0 -52.90625 102. 0. 114.904617 9 2 2 0 0 0
18.063 14 FBW_STATUS 2 0 1 12.5 1.627817
18.063 14 GPS 3 36023182 481369764 3222 216847 1441 471 0 18637960 31 0
18.092 14 CIRCLE 49.5 100.099998 80.
18.141 14 GPS_SOL 689 689 689 7
18.243 14 DL_VALUE 20 0.
18.243 14 ENERGY 88 12.5 1.627817 20.347708 0.020838 0.260472
18.243 14 WP_MOVED 17 361184. 4813643. 260. 31
18.275 14 NAVIGATION 4 0 -55.21875 105.5 0. 119.077118 9 2 2 0 0 0
18.292 14 GPS 3 36022951 481370094 3252 218186 1439 469 0 18638239 31 0
18.342 14 IR_SENSORS 0 0 100 71 237
18.342 14 ESTIMATOR 218.140137 4.69
18.442 14 ATTITUDE 0.37562 5.676833 0.318652
18.525 14 NAVIGATION 4 0 -57.03125 108.5 0. 122.575745 9 2 2 0 0 0
18.556 14 GPS 3 36022771 481370388 3285 219345 1437 485 0 18638480 31 0
18.610 14 WIND_INFO 14 5 -2.9 5.2 0. 8.7
18.741 14 WP_MOVED 18 360289. 4813605. 220. 31
18.775 14 NAVIGATION 4 0 -58.625 111.5 0. 125.972778 9 2 2 0 0 0
18.792 14 GPS 3 36022611 481370694 3324 220511 1435 505 0 18638720 31 0
18.842 14 NAVIGATION 4 0 -58.625 111.5 0. 125.972778 9 2 2 0 0 0
18.843 14 ESTIMATOR 220.527618 5.05
18.942 14 AIRSPEED 8.7 0. 0. 0.
18.942 14 ATTITUDE 0.501168 5.822236 0.35107
19.025 14 NAVIGATION 4 0 -60. 114.5 0. 129.268127 10 3 3 0 0 0
19.051 14 DESIRED 0.553479 0.353709 0. 0.790009 163.561295 260. 1.147162 13.
19.051 14 GPS 3 36022477 481371010 3369 221678 1432 505 0 18638960 31 0
19.141 14 CIRCLE 49.5 100.099998 80.
19.225 14 FBW_STATUS 2 0 1 12.5 1.627817
19.241 14 WP_MOVED 19 360289. 4813610. 500. 31
19.275 14 NAVIGATION 4 0 -61.1875 118.5 0. 133.364761 10 3 3 0 0 0
19.292 14 GPS 3 36022356 481371392 3428 223038 1430 495 0 18639239 31 0
19.341 14 ENERGY 88 12.5 1.627817 20.347708 0.023822 0.297775
19.341 14 ESTIMATOR 223.02739 4.95
19.442 14 CALIBRATION 0. 1
19.442 14 ATTITUDE 0.555404 6.128482 0.369015
19.525 14 NAVIGATION 4 0 -61.90625 121.5 0. 136.362137 10 3 3 0 0 0
19.564 14 IR_SENSORS 0 0 107 118 217
19.565 14 GPS 3 36022285 481371728 3481 224203 1428 492 0 18639480 31 0
19.741 14 DL_VALUE 21 0.
19.742 14 WP_MOVED 20 360289. 4813620. 300. 31
19.775 14 NAVIGATION 4 0 -62.28125 125. 0. 139.656555 10 3 3 0 0 0
19.792 14 GPS 3 36022247 481372068 3536 225368 1427 492 0 18639720 31 0
19.842 14 NAVIGATION 4 0 -62.28125 125. 0. 139.656555 10 3 3 0 0 0
19.843 14 ESTIMATOR 225.450409 4.92
19.942 14 AIRSPEED 8.7 0. 0. 0.
19.942 14 ATTITUDE 0.557323 0.144929 0.374536
20.026 14 NAVIGATION 4 0 -62.34375 128.5 0. 142.825043 11 4 4 0 0 0
20.054 14 FBW_STATUS 2 0 1 12.5 1.627817
20.054 14 GPS 3 36022242 481372411 3590 226533 1426 497 0 18639960 31 0
20.091 14 DESIRED 0.50955 0.357483 0. 8.593849 168.850906 260. 1.000725 13.
20.142 14 GPS_SOL 693 693 693 7
20.192 14 CIRCLE 49.5 100.099998 80.
20.241 14 WP_MOVED 21 360289. 4813625. 400. 31
20.275 14 NAVIGATION 4 0 -62. 132.5 0. 146.288239 11 4 4 0 0 0
20.292 14 GPS 3 36022276 481372808 53 227894 1425 502 0 18640239 31 0
20.341 14 AUTOPILOT_VERSION 51500 v5.15_devel-179-g9a29798-dirty
20.342 14 ESTIMATOR 227.887268 5.02
20.443 14 ENERGY 88 12.5 1.627817 20.347708 0.026807 0.335079
20.444 14 ATTITUDE 0.530109 0.43878 0.365413
20.525 14 NAVIGATION 4 0 -61.375 136. 0. 149.207535 11 4 4 0 0 0
20.559 14 GPS 3 36022338 481373144 104 229063 1424 507 0 18640480 31 0
20.742 14 IR_SENSORS 0 0 107 107 222
20.743 14 WP_MOVED 22 360289. 4813645. 250. 31
20.775 14 NAVIGATION 4 0 -60.46875 139. 0. 151.583206 11 4 4 0 0 0
20.792 14 GPS 3 36022429 481373474 155 230234 1423 497 0 18640720 31 0
20.841 14 NAVIGATION 4 0 -60.46875 139. 0. 151.583206 11 4 4 0 0 0
20.842 14 ESTIMATOR 230.349396 4.97
20.942 14 AIRSPEED 8.7 0. 0. 0.
20.942 14 ATTITUDE 0.497502 0.667368 0.354724
21.025 14 NAVIGATION 4 0 -59.28125 142.5 0. 154.338959 12 5 5 0 0 0
21.053 14 GPS 3 36022548 481373794 203 231405 1422 476 0 18640960 31 0
21.141 14 DESIRED 0.438606 0.350496 0. 17.337158 173.349915 260. 0.853685 13.
21.224 14 FBW_STATUS 2 0 1 12.5 1.627817
21.241 14 DL_VALUE 22 0.
21.242 14 CIRCLE 49.5 100.099998 80.
21.242 14 WP_MOVED 0 360326. 4813637. 260. 31
21.275 14 NAVIGATION 4 0 -57.5625 146. 0. 156.937698 12 5 5 0 0 0
21.292 14 GPS 3 36022719 481374154 257 232772 1422 480 0 18641239 31 0
21.342 14 ESTIMATOR 232.743607 4.8
21.442 14 ATTITUDE 0.462929 0.874176 0.349602
21.525 14 NAVIGATION 4 0 -55.84375 149. 0. 159.121094 12 5 5 0 0 0
21.563 14 CALIBRATION 0. 1
21.564 14 ENERGY 88 12.5 1.627817 20.347708 0.029791 0.372382
21.564 14 GPS 3 36022891 481374448 302 233945 1421 495 0 18641480 31 0
21.742 14 WP_MOVED 1 360284. 4813595. 260. 31
21.776 14 NAVIGATION 4 0 -53.90625 151.5 0. 160.804642 12 5 5 0 0 0
21.792 14 GPS 3 36023084 481374729 345 235119 1420 517 0 18641720 31 0
21.843 14 NAVIGATION 4 0 -53.90625 151.5 0. 160.804642 12 5 5 0 0 0
21.843 14 ESTIMATOR 235.165359 5.17
21.942 14 IR_SENSORS 0 0 105 86 230
21.942 14 AIRSPEED 8.7 0. 0. 0.
21.943 14 ATTITUDE 0.420649 1.034956 0.340998
22.025 14 NAVIGATION 4 0 -51.78125 154.5 0. 162.946457 13 6 6 0 0 0
22.061 14 FBW_STATUS 2 0 1 12.5 1.627817
22.061 14 GPS 3 36023297 481374996 385 236296 1420 520 0 18641960 31 0
22.125 14 COMMANDS 8524,-375,50,0
22.142 14 GPS_SOL 697 697 697 7
22.192 14 DESIRED 0.35249 0.341535 0. 26.432339 176.702118 260. 0.707513 13.
22.242 14 WP_MOVED 2 360333.5 4813695. 260. 31
22.275 14 NAVIGATION 4 0 -49.0625 157.5 0. 164.964783 13 6 6 0 0 0
22.291 14 CIRCLE 49.5 100.099998 80.
22.292 14 GPS 3 36023566 481375288 430 237674 1419 513 0 18642239 31 0
22.341 14 COMMANDS 8524,-432,48,0
22.342 14 ESTIMATOR 237.705338 5.13
22.442 14 STATE_FILTER_STATUS 2 3 414
22.443 14 ATTITUDE 0.378131 1.180483 0.336123
22.525 14 NAVIGATION 4 0 -46.59375 159.5 0. 166.16626 13 6 6 0 0 0
22.565 14 GPS 3 36023814 481375522 466 238860 1418 518 0 18642480 31 0
22.641 14 PPRZ_MODE 2 3 2 2 0 6
22.642 14 ENERGY 88 12.5 1.627817 20.347708 0.032775 0.409685
22.741 14 ALIVE 179,209,69,119,115,11,176,21,181,244,80,210,55,176,198,136
22.742 14 DL_VALUE 23 0.
22.742 14 WP_MOVED 3 360294.09375 4813785. 260. 31
22.775 14 NAVIGATION 4 0 -44.03125 162. 0. 167.877182 13 6 6 0 0 0
22.792 14 GPS 3 36024074 481375740 500 240050 1417 519 0 18642720 31 0
22.842 14 NAVIGATION 4 0 -44.03125 162. 0. 167.877182 13 6 6 0 0 0
22.842 14 ESTIMATOR 240.198532 5.19
22.941 14 DATALINK_REPORT 4 5 878 535 0 0
22.942 14 AIRSPEED 8.7 0. 0. 0.
22.942 14 ATTITUDE 0.335526 1.29397 0.331351
23.025 14 NAVIGATION 4 0 -41.3125 164. 0. 169.123398 14 7 7 0 0 0
23.054 14 GPS 3 36024346 481375944 532 241246 1415 518 0 18642960 31 0
23.142 14 NAVIGATION_REF 360284 4813595 31 185.
23.143 14 IR_SENSORS 0 0 105 61 237
23.226 14 FBW_STATUS 2 0 1 12.5 1.41459
23.242 14 DESIRED 0.266954 0.292995 0. 35.789757 178.916428 260. 0.557048 13.
23.242 14 WP_MOVED 4 360416.3125 4813734. 260. 31
23.275 14 NAVIGATION 4 0 -38. 166. 0. 170.293869 14 7 7 0 0 0
23.292 14 GPS 3 36024675 481376162 569 242645 1407 519 0 18643239 31 0
23.342 14 CIRCLE 49.5 100.099998 80.
23.342 14 ESTIMATOR 242.705704 5.19
23.442 14 ATTITUDE 0.289019 1.40343 0.323167
23.525 14 NAVIGATION 4 0 -35.125 167.5 0. 171.143265 14 7 7 0 0 0
23.563 14 GPS 3 36024963 481376332 594 243833 1392 502 0 18643480 31 0
23.642 14 CALIBRATION 44.631992 2
23.741 14 ENERGY 63 12.5 1.042296 13.028698 0.035376 0.442196
23.742 14 WP_MOVED 5 360421. 4813583.5 260. 31
23.775 14 NAVIGATION 4 0 -32.21875 169.5 0. 172.534912 14 7 7 0 0 0
23.792 14 GPS 3 36025252 481376486 620 244990 1367 494 0 18643720 31 0
23.792 14 SVINFO 6 13 0 6 48 61 321
23.842 14 NAVIGATION 4 0 -32.21875 169.5 0. 172.534912 14 7 7 0 0 0
23.842 14 ESTIMATOR 245.156723 4.94
23.941 14 AIRSPEED 8.7 0. 0. 0.
23.942 14 ATTITUDE 0.242685 1.489799 0.304587
24.025 14 NAVIGATION 4 0 -29.34375 171. 0. 173.499435 15 8 8 0 0 0
24.063 14 FBW_STATUS 2 0 1 12.5 0.846086
24.063 14 GPS 3 36025541 481376624 644 246089 1334 466 0 18643960 31 0
24.142 14 GPS_SOL 699 699 699 7
24.241 14 DL_VALUE 24 0.
24.242 14 WP_MOVED 6 360164.8125 4813664.5 260. 31
24.275 14 NAVIGATION 4 0 -26.03125 172. 0. 173.958694 15 8 8 0 0 0
24.291 14 DESIRED 0.145021 0.113391 0. 47.530201 180.075745 260. 0.377291 13.
24.292 14 GPS 3 36025874 481376766 672 247264 1284 404 0 18644239 31 0
24.342 14 IR_SENSORS 0 0 93 36 246
24.342 14 ESTIMATOR 247.423645 4.04
24.391 14 CIRCLE 49.5 100.099998 80.
24.442 14 ATTITUDE 0.199624 1.587327 0.265724
24.526 14 NAVIGATION 4 0 -23.21875 173. 0. 174.551163 15 8 8 0 0 0
24.560 14 GPS 3 36026153 481376872 692 248149 1241 350 0 18644480 31 0
24.741 14 WP_MOVED 7 360558.40625 4813804.5 260. 31
24.774 14 NAVIGATION 4 0 -20.5 174. 0. 175.203461 15 8 8 0 0 0
24.791 14 GPS 3 36026424 481376964 712 248901 1193 311 0 18644720 31 0
24.840 14 ENERGY 24 12.5 0.353704 4.421304 0.03659 0.457367
24.840 14 NAVIGATION 4 0 -20.5 174. 0. 175.203461 15 8 8 0 0 0
24.840 14 ESTIMATOR 249.149506 3.11
24.941 14 AIRSPEED 8.7 0. 0. 0.
24.941 14 ATTITUDE 0.157411 1.667035 0.211788
25.025 14 NAVIGATION 4 0 -17.875 175. 0. 175.910538 16 9 9 0 0 0
25.045 14 GPS 3 36026688 481377043 731 249508 1148 260 0 18644960 31 0
25.226 14 FBW_STATUS 2 0 1 12.5 0.221354
25.242 14 WP_MOVED 8 360461.40625 4813640. 215. 31
25.275 14 NAVIGATION 4 0 -14.875 175.5 0. 176.129257 16 9 9 0 0 0
25.293 14 GPS 3 36026987 481377123 751 250029 1102 182 0 18645239 31 0
25.294 14 SVINFO 5 12 1 5 48 88 271
25.341 14 DESIRED 0.07414 0.027513 0. 55.790619 179.852295 260. 0.289316 13.
25.342 14 ESTIMATOR 250.35614 1.82
25.442 14 CIRCLE 49.5 100.099998 80.
25.442 14 ATTITUDE 0.117253 1.744786 0.160457
25.525 14 NAVIGATION 4 0 -12.34375 176.5 0. 176.931107 16 9 9 0 0 0
25.563 14 IR_SENSORS 0 0 61 12 258
25.563 14 GPS 3 36027238 481377182 767 250322 1073 126 0 18645480 31 0
25.741 14 CALIBRATION 150. 0
25.741 14 DL_VALUE 25 0.
25.742 14 WP_MOVED 9 360312.8125 4813652. 185. 31
25.775 14 NAVIGATION 4 0 -9.875 177. 0. 177.275253 16 9 9 0 0 0
25.792 14 GPS 3 36027486 481377235 780 250490 1059 62 0 18645720 31 0
25.841 14 NAVIGATION 4 0 -9.875 177. 0. 177.275253 16 9 9 0 0 0
25.841 14 ESTIMATOR 250.869263 0.62
25.942 14 ENERGY 18 12.5 0.221506 2.768819 0.037021 0.462752
25.942 14 AIRSPEED 8.7 0. 0. 0.
25.942 14 ATTITUDE 0.085905 1.794216 0.106428
26.026 14 NAVIGATION 4 0 -7.375 177.5 0. 177.653152 17 10 10 0 0 0
26.059 14 FBW_STATUS 2 0 1 12.5 0.221506
26.059 14 GPS 3 36027736 481377282 792 250553 1058 28 0 18645960 31 0
26.141 14 GPS_SOL 699 699 699 7
26.241 14 WP_MOVED 10 360452.8125 4813581. 260. 31
26.275 14 NAVIGATION 4 0 -4.4375 178. 0. 178.055298 17 10 10 0 0 0
26.291 14 GPS 3 36028030 481377332 804 250527 1067 -13 0 18646239 31 0
26.342 14 ESTIMATOR 250.858505 -0.13
26.391 14 DESIRED 0.054643 0.020655 0. 63.80624 178.810425 260. 0.274245 13.
26.442 14 ATTITUDE 0.066649 1.821345 0.067963
26.492 14 CIRCLE 49.5 100.099998 80.
26.525 14 NAVIGATION 4 0 -1.875 178.5 0. 178.509842 17 10 10 0 0 0
26.570 14 GPS 3 36028287 481377371 813 250443 1082 -35 0 18646480 31 0
26.742 14 IR_SENSORS 0 0 35 0 263
26.742 14 WP_MOVED 11 360169.5 4813757.5 260. 31
26.775 14 NAVIGATION 4 0 0.71875 178.5 0. 178.50145 17 10 10 0 0 0
26.792 14 GPS 3 36028549 481377407 821 250320 1099 -59 0 18646719 31 0
26.842 14 NAVIGATION 4 0 0.71875 178.5 0. 178.50145 17 10 10 0 0 0
26.843 14 ESTIMATOR 250.557846 -0.59
26.942 14 AIRSPEED 8.7 0. 0. 0.
26.942 14 ATTITUDE 0.05903 1.83334 0.033811
27.025 14 NAVIGATION 4 0 3.40625 179. 0. 179.03241 18 11 11 0 0 0
27.042 14 ENERGY 22 12.5 0.275107 3.438836 0.037463 0.468287
27.042 14 GPS 3 36028815 481377440 829 250173 1119 -81 0 18646960 31 0
27.123 14 COMMANDS 2203,15,-67,0
27.224 14 FBW_STATUS 2 0 1 12.5 0.296834
27.242 14 DL_VALUE 26 160.
27.242 14 WP_MOVED 12 360287.59375 4813581. 260. 31
27.276 14 NAVIGATION 4 0 6.5625 179. 0. 179.120255 18 11 11 0 0 0
27.291 14 GPS 3 36029133 481377475 837 249986 1145 -62 0 18647239 31 0
27.343 14 COMMANDS 2314,23,26,0
27.343 14 ESTIMATOR 250.10553 -0.62
27.442 14 STATE_FILTER_STATUS 2 3 293
27.443 14 DESIRED 0.058324 0.020598 0. 72.147469 176.827393 260. 0.296834 13.
27.443 14 ATTITUDE 0.055256 1.840624 0.014652
27.525 14 NAVIGATION 4 0 9.375 179.5 0. 179.744659 18 11 11 0 0 0
27.542 14 CIRCLE 49.5 100.099998 80.
27.572 14 GPS 3 36029411 481377503 842 249823 1164 -59 0 18647480 31 0
27.640 14 PPRZ_MODE 2 3 2 2 0 6
27.742 14 ALIVE 179,209,69,119,115,11,176,21,181,244,80,210,55,176,198,136
27.742 14 WP_MOVED 13 360311.5 4813547. 260. 31
27.775 14 NAVIGATION 4 0 12.21875 180. 0. 180.41423 18 11 11 0 0 0
27.793 14 GPS 3 36029695 481377528 848 249665 1184 -72 0 18647719 31 0
27.842 14 CALIBRATION 72.885986 2
27.843 14 NAVIGATION 4 0 12.21875 180. 0. 180.41423 18 11 11 0 0 0
27.843 14 ESTIMATOR 249.74321 -0.72
27.943 14 IR_SENSORS 0 0 24 -2 264
27.943 14 AIRSPEED 8.7 0. 0. 0.
27.943 14 ATTITUDE 0.055256 1.845864 0.003393
28.026 14 NAVIGATION 4 0 15.09375 180. 0. 180.631729 19 12 12 0 0 0
28.043 14 DATALINK_REPORT 10 5 1002 535 0 0
28.056 14 FBW_STATUS 2 0 1 12.5 0.39027
28.057 14 GPS 3 36029983 481377551 854 249518 1205 -78 0 18647960 31 0
28.141 14 GPS_SOL 699 699 699 7
28.141 14 ENERGY 31 12.5 0.418915 5.236435 0.038081 0.476
28.242 14 WP_MOVED 14 360300.6875 4813575.5 260. 31
28.275 14 NAVIGATION 4 0 18.53125 180. 0. 180.951385 19 12 12 0 0 0
28.292 14 GPS 3 36030326 481377574 862 249366 1230 -66 0 18648239 31 0
28.342 14 ESTIMATOR 249.359024 -0.66
28.442 14 ATTITUDE 0.062832 1.852983 0.003393
28.492 14 DESIRED 0.080422 0.040713 0. 81.801483 173.288895 260. 0.319229 13.
28.525 14 NAVIGATION 4 0 21.5 180.5 0. 181.775955 19 12 12 0 0 0
28.542 14 GPS 3 36030625 481377591 868 249261 1249 -54 0 18648480 31 0
28.543 14 SVINFO 4 11 1 4 48 81 223
28.592 14 CIRCLE 49.5 100.099998 80.
28.611 14 WIND_INFO 14 5 -0.1 2.7 0. 11.9
28.742 14 DL_VALUE 27 0.
28.742 14 WP_MOVED 15 360297.6875 4813554.5 260. 31
28.775 14 NAVIGATION 4 0 24.53125 180.5 0. 182.159363 19 12 12 0 0 0
28.792 14 GPS 3 36030929 481377603 875 249183 1268 -29 0 18648719 31 0
28.841 14 NAVIGATION 4 0 24.53125 180.5 0. 182.159363 19 12 12 0 0 0
28.842 14 ESTIMATOR 249.103683 -0.29
28.941 14 AIRSPEED 11.9 0. 0. 0.
28.942 14 ATTITUDE 0.077982 1.738787 0.007149
29.025 14 NAVIGATION 4 0 27.65625 180.5 0. 182.606461 20 13 13 0 0 0
29.042 14 GPS 3 36031238 481377612 883 249135 1284 -21 0 18648960 31 0
29.043 14 SVINFO 6 13 1 6 47 52 324
29.142 14 IR_SENSORS 0 0 26 6 264
29.226 14 FBW_STATUS 2 0 1 12.5 0.534427
29.241 14 ENERGY 37 12.5 0.534427 6.680343 0.038976 0.487195
29.242 14 WP_MOVED 16 361184. 4813643. 260. 31
29.275 14 NAVIGATION 4 0 31.25 180.5 0. 183.185181 20 13 13 0 0 0
29.292 14 GPS 3 36031601 481377616 894 249122 1301 7 0 18649239 31 0
29.342 14 ESTIMATOR 249.035324 0.07
29.442 14 ATTITUDE 0.09691 1.765257 0.018399
29.525 14 NAVIGATION 4 0 34.40625 180.5 0. 183.749939 20 13 13 0 0 0
29.542 14 DESIRED 0.120669 0.05305 0. 94.659843 166.13475 260. 0.327689 13.
29.543 14 GPS 3 36031916 481377614 903 249147 1309 10 0 18649480 31 0
29.641 14 CIRCLE 49.5 100.099998 80.
29.741 14 WP_MOVED 17 361184. 4813643. 260. 31
29.774 14 NAVIGATION 4 0 34.40625 180.5 0. 183.749939 20 13 13 0 0 0
29.792 14 GPS 3 36032231 481377606 914 249204 1315 14 0 18649719 31 0
29.843 14 NAVIGATION 4 0 37.5625 180.5 0. 183.749939 20 13 13 0 0 0
29.844 14 ESTIMATOR 249.12822 0.14
29.941 14 CALIBRATION -2.730587 2
29.941 14 AIRSPEED 11.9 0. 0. 0.
29.942 14 ATTITUDE 0.116014 1.795723 0.033811
30.025 14 NAVIGATION 4 0 37.5625 180.5 0. 184.367004 21 14 14 0 0 0
30.042 14 FBW_STATUS 2 0 1 12.5 0.543755
30.043 14 GPS 3 36032548 481377592 926 249291 1318 25 0 18649960 31 0
30.140 14 GPS_SOL 697 697 697 7
30.243 14 DL_VALUE 28 0.32
30.243 14 WP_MOVED 18 360289. 4813605. 220. 31
30.275 14 NAVIGATION 4 0 40.71875 180.5 0. 185.035843 21 14 14 0 0 0
30.291 14 GPS 3 36032916 481377567 941 249425 1319 46 0 18650239 31 0
30.341 14 IR_SENSORS 0 0 35 16 263
30.341 14 ENERGY 37 12.5 0.528412 6.605153 0.039964 0.499542
30.342 14 ESTIMATOR 249.301331 0.46
30.442 14 ATTITUDE 0.127381 1.839938 0.045036
30.524 14 NAVIGATION 4 0 44.40625 180. 0. 185.396637 21 14 14 0 0 0
30.541 14 GPS 3 36033231 481377537 953 249563 1317 55 0 18650480 31 0
30.542 14 SVINFO 5 12 1 5 47 85 274
30.592 14 DESIRED 0.138145 0.049181 0. 102.354912 160.152954 260. 0.32096 13.
30.691 14 CIRCLE 49.5 100.099998 80.
30.742 14 WP_MOVED 19 360289. 4813610. 500. 31
30.772 14 BLOCK 15 14
30.772 14 NAVIGATION 15 0 47.5625 180. 0. 185.396637 21 0 0 0 0 0
30.774 14 NAVIGATION 15 1 47.5625 180. 4812175.5 186.177856 21 0 0 0 0 0
30.792 14 GPS 3 36033544 481377501 966 249717 1313 75 0 18650719 31 0
30.842 14 NAVIGATION 15 1 50.6875 179.5 4812175.5 186.177856 21 0 0 0 0 0
30.843 14 ESTIMATOR 249.623749 0.75
30.941 14 AIRSPEED 11.9 0. 0. 0.
30.942 14 ATTITUDE 0.169703 1.882023 0.0498
31.024 14 NAVIGATION 15 1 50.6875 179.5 4812174.5 186.519363 22 1 1 0 0 0
31.041 14 GPS 3 36033854 481377456 982 249876 1303 63 0 18650960 31 0
31.225 14 FBW_STATUS 2 0 1 12.5 0.168533
31.242 14 WP_MOVED 20 360289. 4813620. 300. 31
31.276 14 NAVIGATION 15 1 53.8125 179. 4812174. 186.913849 22 1 1 0 0 0
31.292 14 GPS 3 36034205 481377390 1009 250019 1271 62 0 18651239 31 0
31.341 14 ESTIMATOR 249.994034 0.62
31.442 14 AUTOPILOT_VERSION 51500 v5.15_devel-179-g9a29798-dirty
31.443 14 ENERGY 8 12.5 0.091552 1.144399 0.04064 0.50799
31.443 14 ATTITUDE 0.291328 1.957259 0.001646
31.524 14 NAVIGATION 15 1 57.28125 178.5 4812174. 187.465698 22 1 1 0 0 0
31.542 14 IR_SENSORS 0 0 19 67 256
31.543 14 GPS 3 36034493 481377320 1037 250053 1235 35 0 18651480 31 0
31.641 14 DESIRED 0.461074 -0.214789 0. -1500. -4811995. 200. -1.499821 13.
31.742 14 DL_VALUE 29 0.
31.742 14 WP_MOVED 21 360289. 4813625. 400. 31
31.777 14 NAVIGATION 15 1 60.15625 177.5 4812172.5 187.416718 22 1 1 0 0 0
31.791 14 GPS 3 36034769 481377233 1075 249972 1204 -27 0 18651719 31 0
31.791 14 SVINFO 3 10 1 3 48 48 175
31.841 14 NAVIGATION 15 1 62.9375 177. 4812172.5 187.416718 22 1 1 0 0 0
31.841 14 ESTIMATOR 250.150223 -0.27
31.942 14 AIRSPEED 11.9 0. 0. 0.
31.942 14 ATTITUDE 0.404842 2.070837 -0.067269
32.025 14 NAVIGATION 15 1 62.9375 177. 4812172.5 187.856674 23 2 2 0 0 0
32.041 14 CALIBRATION 0.615162 1
32.042 14 FBW_STATUS 2 0 1 12.5 0.091552
32.042 14 GPS 3 36035033 481377126 1120 249762 1186 -87 0 18651960 31 0
32.124 14 COMMANDS 852,-147,-1416,0
32.141 14 NAVIGATION_REF 360284 4813595 31 185.
32.141 14 GPS_SOL 694 694 694 7
32.242 14 WP_MOVED 22 360289. 4813645. 250. 31
32.274 14 NAVIGATION 15 1 65.5625 175.5 4812170.5 187.346451 23 2 2 0 0 0
32.292 14 GPS 3 36035325 481376972 1185 249358 1181 -152 0 18652239 31 0
32.341 14 COMMANDS 852,-407,-1059,0
32.341 14 ESTIMATOR 249.673645 -1.52
32.441 14 STATE_FILTER_STATUS 2 3 356
32.442 14 ATTITUDE 0.445439 2.243383 -0.131952
32.525 14 NAVIGATION 15 1 68.5 174. 4812169. 186.998001 23 2 2 0 0 0
32.541 14 ENERGY 8 12.5 0.091552 1.144399 0.040808 0.510087
32.542 14 GPS 3 36035563 481376815 1235 248888 1186 -220 0 18652480 31 0
32.542 14 SVINFO 6 13 1 6 46 46 326
32.642 14 PPRZ_MODE 2 3 2 0 0 6
32.692 14 DESIRED 0.366653 -0.204331 0. -1500. -4811995. 200. -1.490209 13.
32.742 14 ALIVE 179,209,69,119,115,11,176,21,181,244,80,210,55,176,198,136
32.743 14 IR_SENSORS 0 0 -20 97 246
32.743 14 WP_MOVED 0 360326. 4813637. 260. 31
32.774 14 NAVIGATION 15 1 70.875 172.5 4812167.5 186.492676 23 2 2 0 0 0
32.791 14 GPS 3 36035787 481376634 1288 248321 1199 -256 0 18652719 31 0
32.842 14 NAVIGATION 15 1 73.125 171. 4812167.5 186.492676 23 2 2 0 0 0
32.843 14 ESTIMATOR 248.557602 -2.56
32.941 14 AIRSPEED 11.9 0. 0. 0.
32.942 14 ATTITUDE 0.422933 2.396445 -0.188138
33.025 14 NAVIGATION 15 1 73.125 171. 4812166. 185.979202 24 3 3 0 0 0
33.043 14 GPS 3 36035997 481376431 1340 247676 1217 -304 0 18652960 31 0
33.141 14 DATALINK_REPORT 3 7 1127 546 0 0
33.226 14 FBW_STATUS 2 0 1 12.5 0.091552
33.241 14 DL_VALUE 30 0.01
33.242 14 WP_MOVED 1 360284. 4813595. 260. 31
33.274 14 NAVIGATION 15 1 75.21875 168.5 4812164. 184.526718 24 3 3 0 0 0
33.292 14 GPS 3 36036224 481376169 1399 246848 1242 -335 0 18653239 31 0
33.293 14 SVINFO 2 9 0 2 48 10 126
33.342 14 ESTIMATOR 247.031967 -3.35
33.442 14 ATTITUDE 0.37499 2.556757 -0.217991
33.525 14 NAVIGATION 15 1 77.5 166. 4812161. 183.200027 24 3 3 0 0 0
33.543 14 GPS 3 36036402 481375924 1439 246092 1260 -353 0 18653480 31 0
33.641 14 ENERGY 8 12.5 0.091552 1.144399 0.040976 0.512183
33.743 14 DESIRED 0.301381 -0.213703 0. -1500. -4811995. 200. -1.410959 13.
33.743 14 WP_MOVED 2 360333.5 4813695. 260. 31
33.774 14 NAVIGATION 15 1 79.25 164. 4812159. 182.144348 24 3 3 0 0 0
33.793 14 GPS 3 36036565 481375663 1479 245307 1280 -379 0 18653719 31 0
33.793 14 SVINFO 4 11 1 4 47 86 226
33.842 14 NAVIGATION 15 1 80.875 161. 4812159. 182.144348 24 3 3 0 0 0
33.842 14 ESTIMATOR 245.291183 -3.79
33.942 14 IR_SENSORS 0 0 -38 69 253
33.942 14 AIRSPEED 11.9 0. 0. 0.
33.943 14 ATTITUDE 0.329084 2.671417 -0.23635
34.025 14 NAVIGATION 15 1 80.875 161. 4812156. 180.171494 25 4 4 0 0 0
34.043 14 FBW_STATUS 2 0 1 12.5 0.091552
34.043 14 GPS 3 36036713 481375389 1516 244505 1298 -391 0 18653960 31 0
34.044 14 SVINFO 5 12 0 5 46 82 276
34.142 14 CALIBRATION 0.615162 1
34.142 14 GPS_SOL 690 690 690 7
34.242 14 WP_MOVED 3 360294.09375 4813785. 260. 31
34.275 14 NAVIGATION 15 1 82.375 158.5 4812153.5 178.627792 25 4 4 0 0 0
34.294 14 GPS 3 36036867 481375054 1558 243558 1319 -378 0 18654239 31 0
34.342 14 ESTIMATOR 243.44632 -3.78
34.443 14 ATTITUDE 0.289345 2.785037 -0.242263
34.530 14 NAVIGATION 15 1 83.9375 155. 4812150.5 176.26828 25 4 4 0 0 0
34.545 14 GPS 3 36036983 481374756 1587 242747 1331 -388 0 18654480 31 0
34.741 14 DL_VALUE 31 0.1
34.741 14 ENERGY 8 12.5 0.091552 1.144399 0.041143 0.51428
34.741 14 WP_MOVED 4 360416.3125 4813734. 260. 31
34.775 14 NAVIGATION 15 1 85.09375 152. 4812147. 174.198013 25 4 4 0 0 0
34.791 14 DESIRED 0.199097 -0.223049 0. -1500. -4811995. 200. -1.276935 13.
34.791 14 GPS 3 36037084 481374450 1615 241942 1343 -375 0 18654719 31 0
34.843 14 NAVIGATION 15 1 86.09375 149. 4812147. 174.198013 25 4 4 0 0 0
34.845 14 ESTIMATOR 241.683823 -3.75
34.941 14 AIRSPEED 11.9 0. 0. 0.
34.942 14 ATTITUDE 0.243026 2.86725 -0.241081
35.025 14 NAVIGATION 15 1 86.09375 149. 4812144. 172.084671 26 5 5 0 0 0
35.042 14 GPS 3 36037173 481374138 1641 241148 1352 -369 0 18654960 31 0
35.140 14 IR_SENSORS 0 0 -39 43 259
35.225 14 FBW_STATUS 2 0 1 12.5 0.091552
35.241 14 WP_MOVED 5 360421. 4813583.5 260. 31
35.276 14 NAVIGATION 15 1 86.96875 146. 4812141.5 169.93988 26 5 5 0 0 0
35.295 14 GPS 3 36037261 481373767 1670 240240 1361 -354 0 18655239 31 0
35.296 14 SVINFO 3 10 1 3 47 54 177
35.342 14 ESTIMATOR 240.007507 -3.54
35.442 14 ATTITUDE 0.200419 2.947319 -0.236156
35.525 14 NAVIGATION 15 1 87.84375 142. 4812137. 166.974625 26 5 5 0 0 0
35.541 14 GPS 3 36037323 481373445 1689 239478 1366 -341 0 18655480 31 0
35.742 14 WP_MOVED 6 360164.8125 4813664.5 260. 31
35.775 14 NAVIGATION 15 1 88.5 139. 4812134. 164.782425 26 5 5 0 0 0
35.792 14 GPS 3 36037375 481373121 1708 238731 1369 -345 0 18655719 31 0
35.842 14 ENERGY 8 12.5 0.091552 1.144399 0.041311 0.516377
35.842 14 DESIRED 0.111483 -0.232717 0. -1500. -4811995. 200. -1.176416 13.
35.843 14 NAVIGATION 15 1 89. 135.5 4812134. 164.782425 26 5 5 0 0 0
35.843 14 ESTIMATOR 238.45639 -3.45
35.942 14 AIRSPEED 11.9 0. 0. 0.
35.943 14 ATTITUDE 0.15418 3.002053 -0.2313
36.025 14 NAVIGATION 15 1 89. 135.5 4812130.5 162.114929 27 6 6 0 0 0
36.042 14 FBW_STATUS 2 0 1 12.5 0.091552
36.043 14 GPS 3 36037418 481372795 1724 237997 1371 -335 0 18655960 31 0
36.044 14 SVINFO 6 13 1 6 45 40 328
36.142 14 GPS_SOL 685 685 685 7
36.242 14 CALIBRATION 0.615162 1
36.243 14 DL_VALUE 32 0.
36.243 14 WP_MOVED 7 360558.40625 4813804.5 260. 31
36.275 14 NAVIGATION 15 1 89.40625 132.5 4812128. 159.842819 27 6 6 0 0 0
36.292 14 GPS 3 36037458 481372413 1742 237156 1372 -297 0 18656239 31 0
36.342 14 IR_SENSORS 0 0 -38 15 262
36.342 14 ESTIMATOR 236.936081 -2.97
36.443 14 ATTITUDE 0.116216 3.052001 -0.2313
36.526 14 NAVIGATION 15 1 89.8125 128.5 4812123.5 156.775436 27 6 6 0 0 0
36.541 14 GPS 3 36037485 481372084 1753 236444 1372 -301 0 18656480 31 0
36.542 14 SVINFO 1 8 1 1 48 0 78
36.743 14 WP_MOVED 8 358784. 1600. 200. 31
36.775 14 NAVIGATION 15 1 90.09375 125.5 4812120.5 154.489914 27 6 6 0 0 0
36.791 14 GPS 3 36037506 481371756 1763 235737 1371 -296 0 18656719 31 0
36.842 14 NAVIGATION 15 1 90.28125 122. 4812120.5 154.489914 27 6 6 0 0 0
36.842 14 ESTIMATOR 235.564972 -2.96
36.892 14 DESIRED 0.047475 -0.241871 0. -1500. -4811995. 200. -1.087739 13.
36.941 14 ENERGY 8 12.5 0.091552 1.144399 0.041479 0.518474
36.941 14 AIRSPEED 11.9 0. 0. 0.
36.941 14 ATTITUDE 0.074238 3.082964 -0.23076
37.026 14 NAVIGATION 15 1 90.28125 122. 4812117. 151.771881 28 7 7 0 0 0
37.041 14 GPS 3 36037521 481371427 1772 235034 1371 -284 0 18656960 31 0
37.124 14 COMMANDS 852,-192,-152,0
37.226 14 FBW_STATUS 2 0 1 12.5 0.091552
37.242 14 WP_MOVED 9 360312.8125 4813652. 185. 31
37.275 14 NAVIGATION 15 1 90.4375 118.5 4812113.5 149.067734 28 7 7 0 0 0
37.291 14 GPS 3 36037535 481371043 1780 234212 1370 -284 0 18657239 31 0
37.292 14 SVINFO 4 11 0 4 46 88 228
37.342 14 COMMANDS 852,-203,-161,0
37.342 14 ESTIMATOR 234.179855 -2.84
37.442 14 STATE_FILTER_STATUS 2 3 304
37.442 14 ATTITUDE 0.051426 3.10752 -0.23076
37.525 14 NAVIGATION 15 1 90.625 115. 4812110. 146.41684 28 7 7 0 0 0
37.542 14 IR_SENSORS 0 0 -39 -5 263
37.543 14 GPS 3 36037543 481370715 1785 233506 1370 -291 0 18657480 31 0
37.543 14 SVINFO 5 12 1 5 45 78 278
37.643 14 PPRZ_MODE 2 3 2 0 0 6
37.742 14 ALIVE 179,209,69,119,115,11,176,21,181,244,80,210,55,176,198,136
37.743 14 DL_VALUE 33 0.15
37.743 14 WP_MOVED 10 360452.8125 4813581. 260. 31
37.775 14 NAVIGATION 15 1 90.6875 111.5 4812106.5 143.723602 28 7 7 0 0 0
37.792 14 GPS 3 36037549 481370386 1789 232794 1369 -305 0 18657719 31 0
37.792 14 SVINFO 6 13 1 6 44 37 329
37.842 14 NAVIGATION 15 1 90.71875 108.5 4812106.5 143.723602 28 7 7 0 0 0
37.843 14 ESTIMATOR 232.762558 -3.05
37.941 14 DESIRED 0.014797 -0.247032 0. -1500. -4811995. 200. -1.004375 13.
37.942 14 AIRSPEED 11.9 0. 0. 0.
37.943 14 ATTITUDE 0.028494 3.120182 -0.238768
38.025 14 NAVIGATION 15 1 90.71875 108.5 4812103.5 141.428925 29 8 8 0 0 0
38.042 14 FBW_STATUS 2 0 1 12.5 0.091552
38.042 14 ENERGY 8 12.5 0.091552 1.144399 0.041647 0.52057
38.042 14 GPS 3 36037553 481370057 1792 232077 1370 -313 0 18657960 31 0
38.043 14 SVINFO 0 7 0 0 48 24 29
38.140 14 GPS_SOL 678 678 678 7
38.242 14 DATALINK_REPORT 8 7 1252 530 0 0
38.243 14 WP_MOVED 11 360169.5 4813757.5 260. 31
38.275 14 NAVIGATION 15 1 90.78125 105. 4812100. 138.802856 29 8 8 0 0 0
38.293 14 GPS 3 36037557 481369673 1795 231231 1370 -315 0 18658239 31 0
38.342 14 CALIBRATION 0.615162 1
38.342 14 ESTIMATOR 231.235748 -3.15
38.442 14 ATTITUDE 0.013254 3.128943 -0.242496
38.524 14 NAVIGATION 15 1 90.8125 101. 4812096. 135.82309 29 8 8 0 0 0
38.541 14 GPS 3 36037558 481369344 1796 230499 1371 -325 0 18658480 31 0
38.541 14 SVINFO 2 9 1 2 47 17 129
38.613 14 WIND_INFO 14 5 -0.7 0.7 0. 13.6
38.742 14 IR_SENSORS 0 0 -42 -15 262
38.743 14 WP_MOVED 12 360287.59375 4813581. 260. 31
38.775 14 NAVIGATION 15 1 90.84375 98. 4812093. 133.62854 29 8 8 0 0 0
38.792 14 GPS 3 36037560 481369015 1797 229759 1373 -336 0 18658719 31 0
38.792 14 SVINFO 3 10 0 3 46 60 179
38.842 14 NAVIGATION 15 1 90.84375 94.5 4812093. 133.62854 29 8 8 0 0 0
38.843 14 ESTIMATOR 229.677139 -3.36
38.942 14 AIRSPEED 13.6 0. 0. 0.
38.943 14 ATTITUDE 0.001839 3.089403 -0.246219
38.992 14 DESIRED 0.003203 -0.249808 0. -1500. -4811995. 200. -0.913839 13.
39.025 14 NAVIGATION 15 1 90.84375 94.5 4812089.5 131.083313 30 9 9 0 0 0
39.042 14 GPS 3 36037561 481368685 1798 229013 1374 -330 0 18658960 31 0
39.141 14 ENERGY 8 12.5 0.091552 1.144399 0.041815 0.522667
39.225 14 FBW_STATUS 2 0 1 12.5 0.091552
39.242 14 DL_VALUE 34 0.05
39.243 14 WP_MOVED 13 360311.5 4813547. 260. 31
39.275 14 NAVIGATION 15 1 90.84375 91. 4812086. 128.582993 30 9 9 0 0 0
39.291 14 GPS 3 36037562 481368299 1798 228135 1376 -330 0 18659239 31 0
39.342 14 ESTIMATOR 228.077332 -3.3
39.441 14 ATTITUDE -0.00221 3.090233 -0.250551
39.525 14 NAVIGATION 15 1 90.84375 87.5 4812082.5 126.130241 30 9 9 0 0 0
39.543 14 GPS 3 36037563 481367969 1798 227377 1378 -336 0 18659480 31 0
39.742 14 WP_MOVED 14 360300.6875 4813575.5 260. 31
39.775 14 NAVIGATION 15 1 90.875 84. 4812079. 123.750824 30 9 9 0 0 0
39.792 14 GPS 3 36037564 481367637 1797 226615 1380 -342 0 18659719 31 0
39.841 14 NAVIGATION 15 1 90.875 81. 4812079. 123.750824 30 9 9 0 0 0
39.842 14 ESTIMATOR 226.488266 -3.42
39.942 14 IR_SENSORS 0 0 -43 -17 261
39.943 14 AIRSPEED 13.6 0. 0. 0.
39.943 14 ATTITUDE -0.00221 3.089791 -0.250551
40.026 14 NAVIGATION 15 1 90.875 81. 4812076. 121.734406 31 10 10 0 0 0
40.042 14 FBW_STATUS 2 0 1 12.5 0.091552
40.042 14 DESIRED 0.00236 -0.24977 0. -1500. -4811995. 200. -0.794648 13.
40.043 14 GPS 3 36037566 481367306 1797 225850 1382 -330 0 18659960 31 0
40.043 14 SVINFO 1 8 1 1 47 0 80
40.141 14 GPS_SOL 670 670 670 7
40.243 14 ENERGY 8 12.5 0.091552 1.144399 0.041983 0.524764
40.243 14 WP_MOVED 15 360297.6875 4813554.5 260. 31
40.275 14 NAVIGATION 15 1 90.9375 77.5 4812072.5 119.481712 31 10 10 0 0 0
40.292 14 GPS 3 36037567 481366918 1797 224956 1384 -333 0 18660239 31 0
40.342 14 ESTIMATOR 224.88765 -3.33
40.441 14 CALIBRATION 0.615162 1
40.442 14 ATTITUDE 0.001606 3.089461 -0.254278
40.525 14 NAVIGATION 15 1 90.9375 73.5 4812069. 116.926811 31 10 10 0 0 0
40.541 14 GPS 3 36037569 481366586 1797 224188 1385 -307 0 18660480 31 0
40.742 14 DL_VALUE 35 0.
40.743 14 WP_MOVED 16 361184. 4813643. 260. 31
40.775 14 NAVIGATION 15 1 90.9375 70.5 4812065.5 115.064674 31 10 10 0 0 0
40.791 14 GPS 3 36037570 481366253 1797 223419 1386 -312 0 18660719 31 0
40.792 14 SVINFO 4 11 1 4 45 89 230
40.843 14 NAVIGATION 15 1 90.9375 67. 4812065.5 115.064674 31 10 10 0 0 0
40.843 14 ESTIMATOR 223.346802 -3.12
40.942 14 AIRSPEED 13.6 0. 0. 0.
40.943 14 ATTITUDE 0.005424 3.089523 -0.250551
41.025 14 NAVIGATION 15 1 90.96875 63.5 4812058.5 110.939461 32 11 11 0 0 0
41.043 14 GPS 3 36037572 481365920 1797 222652 1388 -308 0 18660960 31 0
41.043 14 SVINFO 5 12 1 5 44 73 280
41.103 14 DESIRED 0.002374 -0.249435 0. -1500. -4811995. 200. -0.677661 13.
41.142 14 NAVIGATION_REF 360284 4813595 31 185.
41.143 14 IR_SENSORS 0 0 -43 -15 261
41.225 14 FBW_STATUS 2 0 1 12.5 0.091552
41.242 14 WP_MOVED 17 361184. 4813643. 260. 31
41.275 14 NAVIGATION 15 1 90.96875 60. 4812055.5 108.973915 32 11 11 0 0 0
41.292 14 GPS 3 36037573 481365531 1798 221758 1389 -291 0 18661239 31 0
41.292 14 SVINFO 6 13 0 6 43 31 331
41.342 14 ENERGY 8 12.5 0.091552 1.144399 0.042151 0.526861
41.342 14 ESTIMATOR 221.803131 -2.91
41.442 14 ATTITUDE 0.005424 3.090664 -0.250551
41.526 14 NAVIGATION 15 1 91. 56.5 4812052. 107.113258 32 11 11 0 0 0
41.541 14 GPS 3 36037574 481365197 1798 220993 1389 -312 0 18661480 31 0
41.742 14 WP_MOVED 18 360289. 4813605. 220. 31
41.775 14 NAVIGATION 15 1 91. 53. 4812048.5 105.309067 32 11 11 0 0 0
41.792 14 GPS 3 36037574 481364863 1798 220229 1390 -296 0 18661719 31 0
41.843 14 NAVIGATION 15 1 91. 53. 4812048.5 105.309067 32 11 11 0 0 0
41.843 14 ESTIMATOR 220.262772 -2.96
41.942 14 AIRSPEED 13.6 0. 0. 0.
41.942 14 ATTITUDE 0.005424 3.091766 -0.250551
42.025 14 NAVIGATION 15 1 91. 50. 4812045. 103.831596 33 12 12 0 0 0
42.042 14 FBW_STATUS 2 0 1 12.5 0.091552
42.042 14 GPS 3 36037575 481364530 1799 219467 1390 -297 0 18661960 31 0
42.043 14 SVINFO 2 9 1 2 46 22 131
42.124 14 COMMANDS 917,-4,138,0
42.143 14 GPS_SOL 661 661 661 7
42.143 14 DESIRED 0.001071 -0.238585 0. -1500. -4811995. 200. -0.585254 13.
42.242 14 DL_VALUE 36 0.
42.243 14 WP_MOVED 19 360289. 4813610. 500. 31
42.275 14 NAVIGATION 15 1 91. 46. 4812041.5 101.965683 33 12 12 0 0 0
42.292 14 GPS 3 36037575 481364140 1799 218580 1391 -271 0 18662239 31 0
42.293 14 SVINFO 3 10 1 3 45 66 181
42.343 14 COMMANDS 1025,-35,354,0
42.343 14 IR_SENSORS 0 0 -43 -15 261
42.343 14 ESTIMATOR 218.718185 -2.71
42.443 14 STATE_FILTER_STATUS 2 3 319
42.443 14 ENERGY 10 12.5 0.114695 1.433687 0.042328 0.529065
42.444 14 ATTITUDE 0.005424 3.092838 -0.250551
42.525 14 NAVIGATION 15 1 91. 42.5 4812038. 100.435303 33 12 12 0 0 0
42.542 14 AUTOPILOT_VERSION 51500 v5.15_devel-179-g9a29798-dirty
42.542 14 CALIBRATION -6.128679 2
42.543 14 GPS 3 36037575 481363806 1799 217823 1393 -266 0 18662480 31 0
42.543 14 SVINFO 4 11 1 4 44 89 231
42.641 14 PPRZ_MODE 2 3 2 0 0 6
42.742 14 ALIVE 179,209,69,119,115,11,176,21,181,244,80,210,55,176,198,136
42.743 14 WP_MOVED 20 360289. 4813620. 300. 31
42.775 14 NAVIGATION 15 1 91. 39. 4812034. 99.005051 33 12 12 0 0 0
42.792 14 GPS 3 36037575 481363470 1800 217072 1396 -265 0 18662719 31 0
42.841 14 NAVIGATION 15 1 91. 39. 4812034. 99.005051 33 12 12 0 0 0
42.842 14 ESTIMATOR 217.256119 -2.65
42.943 14 AIRSPEED 13.6 0. 0. 0.
42.943 14 ATTITUDE 0.001839 3.09396 -0.242496
43.026 14 NAVIGATION 15 1 91. 36. 4812031.5 97.862144 34 13 13 0 0 0
43.041 14 GPS 3 36037575 481363134 1800 216333 1400 -263 0 18662960 31 0
43.042 14 SVINFO 6 13 1 6 42 28 332
43.192 14 DESIRED 0.000203 -0.171585 0. -1500. -4811995. 200. -0.4958 13.
43.225 14 FBW_STATUS 2 0 1 12.5 0.170849
43.242 14 WP_MOVED 21 360289. 4813625. 400. 31
43.275 14 NAVIGATION 15 1 91. 32. 4812027. 96.462425 34 13 13 0 0 0
43.292 14 GPS 3 36037575 481362740 1800 215496 1407 -281 0 18663239 31 0
43.292 14 SVINFO 0 7 0 0 47 16 32
43.342 14 DATALINK_REPORT 5 8 1380 548 0 0
43.342 14 ESTIMATOR 215.773285 -2.81
43.442 14 ATTITUDE 0.001839 3.095126 -0.223816
43.525 14 NAVIGATION 15 1 91. 28.5 4812023.5 95.358536 34 13 13 0 0 0
43.541 14 IR_SENSORS 0 0 -35 -16 263
43.542 14 ENERGY 18 12.5 0.20101 2.512622 0.042613 0.532632
43.542 14 GPS 3 36037574 481362402 1800 214809 1412 -288 0 18663480 31 0
43.742 14 DL_VALUE 37 0.
43.743 14 WP_MOVED 22 360289. 4813645. 250. 31
43.775 14 NAVIGATION 15 1 91. 25. 4812020. 94.371605 34 13 13 0 0 0
43.792 14 GPS 3 36037574 481362061 1800 214159 1417 -270 0 18663719 31 0
43.843 14 NAVIGATION 15 1 91. 25. 4812020. 94.371605 34 13 13 0 0 0
43.843 14 ESTIMATOR 214.251556 -2.7
43.942 14 AIRSPEED 13.6 0. 0. 0.
43.942 14 ATTITUDE -0.001717 3.095792 -0.197089
44.026 14 NAVIGATION 15 1 91. 22. 4812017. 93.621582 35 14 14 0 0 0
44.042 14 FBW_STATUS 2 0 1 12.5 0.278123
44.042 14 GPS 3 36037574 481361719 1800 213555 1423 -242 0 18663960 31 0
44.142 14 GPS_SOL 651 651 651 7
44.243 14 DESIRED -0.000236 -0.102209 0. -1500. -4811995. 200. -0.407131 13.
44.243 14 WP_MOVED 0 360326. 4813637. 260. 31
44.275 14 NAVIGATION 15 1 90.96875 17.5 4812013. 92.636726 35 14 14 0 0 0
44.292 14 GPS 3 36037573 481361319 1800 212920 1431 -204 0 18664239 31 0
44.342 14 ESTIMATOR 212.954208 -2.04
44.443 14 ATTITUDE -0.001473 3.095894 -0.16288
44.543 14 NAVIGATION 15 1 90.96875 14. 4812009.5 92.039742 35 14 14 0 0 0
44.544 14 GPS 3 36037573 481360974 1800 212442 1436 -182 0 18664480 31 0
44.546 14 SVINFO 5 12 1 5 43 68 282
44.642 14 CALIBRATION -129.809845 2
44.642 14 ENERGY 29 12.5 0.389419 4.867735 0.043157 0.539436
44.742 14 IR_SENSORS 0 0 -13 -17 265
44.743 14 WP_MOVED 1 360284. 4813595. 260. 31
44.775 14 NAVIGATION 15 1 90.96875 11. 4812006. 91.631401 35 14 14 0 0 0
44.792 14 GPS 3 36037573 481360628 1800 212031 1441 -143 0 18664719 31 0
44.841 14 NAVIGATION 15 1 90.96875 11. 4812006. 91.631401 35 14 14 0 0 0
44.842 14 ESTIMATOR 211.999542 -1.43
44.942 14 AIRSPEED 13.6 0. 0. 0.
44.943 14 ATTITUDE -0.001231 3.095593 -0.121216
45.025 14 NAVIGATION 15 1 90.96875 7.5 4812002.5 91.277397 36 15 15 0 0 0
45.043 14 GPS 3 36037573 481360282 1799 211689 1444 -108 0 18664960 31 0
45.225 14 FBW_STATUS 2 0 1 12.5 0.450621
45.241 14 DL_VALUE 38 0.
45.241 14 WP_MOVED 2 360333.5 4813695. 260. 31
45.275 14 NAVIGATION 15 1 90.96875 3. 4811998. 91.018204 36 15 15 0 0 0
45.292 14 DESIRED 0.000669 -0.049149 0. -1500. -4811995. 200. -0.341477 13.
45.293 14 GPS 3 36037573 481359877 1799 211378 1444 -86 0 18665239 31 0
45.293 14 SVINFO 1 8 1 1 46 0 83
45.342 14 ESTIMATOR 211.382553 -0.86
45.442 14 ATTITUDE -0.001231 3.094365 -0.087266
45.525 14 NAVIGATION 15 1 91. -0.5 4811994.5 91.001373 36 15 15 0 0 0
45.541 14 GPS 3 36037574 481359531 1799 211183 1442 -65 0 18665480 31 0
45.542 14 SVINFO 2 9 1 2 45 28 133
45.742 14 ENERGY 34 12.5 0.471622 5.895278 0.04397 0.549597
45.742 14 WP_MOVED 3 360294.09375 4813785. 260. 31
45.775 14 NAVIGATION 15 1 91. -3.5 4811991.5 91.067284 36 15 15 0 0 0
45.792 14 GPS 3 36037575 481359186 1798 211047 1436 -43 0 18665719 31 0
45.792 14 SVINFO 3 10 1 3 44 71 183
45.842 14 NAVIGATION 15 1 91. -3.5 4811991.5 91.067284 36 15 15 0 0 0
45.843 14 ESTIMATOR 211.018784 -0.43
45.942 14 IR_SENSORS 0 0 8 -17 265
45.943 14 AIRSPEED 13.6 0. 0. 0.
45.943 14 ATTITUDE -0.001231 3.093063 -0.060858
46.024 14 NAVIGATION 15 1 91. -3.5 4811991.5 91.067284 37 16 16 0 0 0
46.042 14 FBW_STATUS 2 0 1 12.5 0.477128
46.043 14 GPS 3 36037576 481358786 1798 210954 1428 -21 0 18666000 31 0
46.044 14 SVINFO 4 11 1 4 43 89 233
46.141 14 GPS_SOL 640 640 640 7
46.242 14 WP_MOVED 4 360416.3125 4813734. 260. 31
46.275 14 NAVIGATION 15 1 91. -7.5 4811987.5 91.30854 37 16 16 0 0 0
46.292 14 GPS 3 36037577 481358446 1798 210920 1416 -4 0 18666239 31 0
46.292 14 SVINFO 5 12 1 5 42 65 283
46.342 14 DESIRED 0.001554 -0.037801 0. -1500. -4811995. 200. -0.327668 13.
46.342 14 ESTIMATOR 210.88266 -0.04
46.442 14 ATTITUDE -0.001231 3.091886 -0.034485
46.525 14 NAVIGATION 15 1 91. -11. 4811984. 91.662422 37 16 16 0 0 0
46.543 14 GPS 3 36037578 481358108 1798 210917 1406 10 0 18666480 31 0
46.543 14 SVINFO 6 13 1 6 41 22 334
46.742 14 CALIBRATION -139.123291 2
46.743 14 DL_VALUE 39 0.
46.743 14 WP_MOVED 5 360421. 4813583.5 260. 31
46.774 14 NAVIGATION 15 1 91. -14.5 4811980.5 92.14798 37 16 16 0 0 0
46.791 14 GPS 3 36037579 481357774 1798 210937 1394 39 0 18666719 31 0
46.792 14 SVINFO 0 7 0 0 46 12 34
46.841 14 ENERGY 33 12.5 0.456776 5.709696 0.044835 0.560407
46.842 14 NAVIGATION 15 1 91.0625 -18. 4811980.5 92.14798 37 16 16 0 0 0
46.843 14 ESTIMATOR 210.916245 0.39
46.942 14 AIRSPEED 13.6 0. 0. 0.
46.942 14 ATTITUDE -0.001473 3.090772 -0.022961
47.028 14 NAVIGATION 15 1 91.0625 -18. 4811977. 92.824455 38 17 17 0 0 0
47.041 14 GPS 3 36037580 481357442 1798 210970 1382 29 0 18666960 31 0
47.045 14 SVINFO 1 8 0 1 45 1 84
47.132 14 COMMANDS 3104,25,-221,0
47.141 14 IR_SENSORS 0 0 18 -17 264
47.225 14 FBW_STATUS 2 0 1 12.5 0.436448
47.241 14 WP_MOVED 6 360164.8125 4813664.5 260. 31
47.274 14 NAVIGATION 15 1 91.0625 -21. 4811974. 93.452545 38 17 17 0 0 0
47.292 14 GPS 3 36037581 481357059 1797 211013 1366 24 0 18667239 31 0
47.342 14 COMMANDS 3028,25,-246,0
47.342 14 ESTIMATOR 211.059067 0.24
47.392 14 DESIRED 0.00193 -0.039758 0. -1500. -4811995. 200. -0.330075 13.
47.442 14 STATE_FILTER_STATUS 2 3 299
47.443 14 ATTITUDE -0.001473 3.089285 -0.01919
47.525 14 NAVIGATION 15 1 91.0625 -25. 4811970.5 94.431877 38 17 17 0 0 0
47.541 14 GPS 3 36037583 481356734 1797 211047 1355 8 0 18667480 31 0
47.642 14 PPRZ_MODE 2 3 2 0 0 6
47.742 14 ALIVE 179,209,69,119,115,11,176,21,181,244,80,210,55,176,198,136
47.743 14 WP_MOVED 7 360558.40625 4813804.5 260. 31
47.775 14 NAVIGATION 15 1 91.09375 -28. 4811967. 95.299904 38 17 17 0 0 0
47.792 14 GPS 3 36037584 481356411 1797 211071 1344 20 0 18667719 31 0
47.841 14 NAVIGATION 15 1 91.09375 -31.5 4811967. 95.299904 38 17 17 0 0 0
47.842 14 ESTIMATOR 211.107819 0.2
47.943 14 ENERGY 29 12.5 0.403252 5.04065 0.04562 0.570222
47.943 14 AIRSPEED 13.6 0. 0. 0.
47.943 14 ATTITUDE 0.0023 3.088036 -0.01919
48.025 14 NAVIGATION 15 1 91.09375 -31.5 4811963.5 96.386314 39 18 18 0 0 0
48.042 14 FBW_STATUS 2 0 1 12.5 0.398801
48.042 14 GPS 3 36037585 481356091 1797 211082 1334 8 0 18667960 31 0
48.141 14 GPS_SOL 629 629 629 7
48.243 14 DL_VALUE 40 0.
48.243 14 WP_MOVED 8 358784. 1600. 200. 31
48.275 14 NAVIGATION 15 1 91.09375 -34.5 4811960.5 97.408012 39 18 18 0 0 0
48.292 14 GPS 3 36037587 481355720 1797 211074 1323 -12 0 18668239 31 0
48.292 14 SVINFO 6 13 1 6 40 19 335
48.341 14 IR_SENSORS 0 0 17 -16 264
48.342 14 ESTIMATOR 211.136673 -0.12
48.442 14 DATALINK_REPORT 10 8 1505 525 0 0
48.443 14 DESIRED 0.002275 -0.043024 0. -1500. -4811995. 200. -0.33415 13.
48.443 14 ATTITUDE 0.0023 3.08693 -0.026734
48.526 14 NAVIGATION 15 1 91.125 -38.5 4811957. 98.924294 39 18 18 0 0 0
48.541 14 GPS 3 36037589 481355403 1797 211048 1317 -10 0 18668480 31 0
48.613 14 WIND_INFO 14 5 -1.2 0.4 0. 13.9
48.742 14 WP_MOVED 9 360312.8125 4813652. 185. 31
48.775 14 NAVIGATION 15 1 91.125 -41.5 4811953.5 100.129997 39 18 18 0 0 0
48.791 14 GPS 3 36037590 481355088 1797 211004 1313 -42 0 18668719 31 0
48.841 14 CALIBRATION -89.064217 2
48.842 14 NAVIGATION 15 1 91.15625 -45. 4811953.5 100.129997 39 18 18 0 0 0
48.843 14 ESTIMATOR 211.050522 -0.42
48.941 14 AIRSPEED 13.9 0. 0. 0.
48.941 14 ATTITUDE 0.002528 3.048378 -0.034485
49.026 14 NAVIGATION 15 1 91.15625 -45. 4811950. 101.658554 40 19 19 0 0 0
49.043 14 ENERGY 29 12.5 0.393166 4.914573 0.046341 0.579228
49.043 14 GPS 3 36037592 481354774 1797 210944 1310 -56 0 18668960 31 0
49.044 14 SVINFO 2 9 0 2 44 34 135
49.226 14 FBW_STATUS 2 0 1 12.5 0.399656
49.242 14 WP_MOVED 10 360452.8125 4813581. 260. 31
49.275 14 NAVIGATION 15 1 91.15625 -47.5 4811948. 102.78965 40 19 19 0 0 0
49.291 14 GPS 3 36037594 481354407 1796 210856 1309 -48 0 18669239 31 0
49.292 14 SVINFO 3 10 0 3 43 76 185
49.342 14 ESTIMATOR 210.818207 -0.48
49.442 14 ATTITUDE 0.002528 3.047825 -0.038249
49.492 14 DESIRED 0.002641 -0.038231 0. -1500. -4811995. 200. -0.328354 13.
49.526 14 NAVIGATION 15 1 91.15625 -51.5 4811943.5 104.698196 40 19 19 0 0 0
49.542 14 IR_SENSORS 0 0 13 -16 265
49.542 14 GPS 3 36037595 481354093 1796 210768 1310 -53 0 18669480 31 0
49.543 14 SVINFO 4 11 0 4 42 88 235
49.742 14 DL_VALUE 41 0.
49.742 14 WP_MOVED 11 360169.5 4813757.5 260. 31
49.775 14 NAVIGATION 15 1 91.21875 -54.5 4811940.5 106.259636 40 19 19 0 0 0
49.793 14 GPS 3 36037597 481353777 1796 210671 1313 -63 0 18669719 31 0
49.793 14 SVINFO 5 12 1 5 41 60 285
49.842 14 NAVIGATION 15 1 91.21875 -57.5 4811940.5 106.259636 40 19 19 0 0 0
49.842 14 ESTIMATOR 210.606094 -0.63
49.942 14 AIRSPEED 13.9 0. 0. 0.
49.942 14 ATTITUDE 0.002528 3.047827 -0.042014
50.024 14 NAVIGATION 15 1 91.21875 -57.5 4811938. 107.829079 41 20 20 0 0 0
50.042 14 FBW_STATUS 2 0 1 12.5 0.429312
50.043 14 GPS 3 36037599 481353461 1796 210570 1316 -79 0 18669960 31 0
50.141 14 NAVIGATION_REF 360284 4813595 31 185.
50.142 14 GPS_SOL 616 616 616 7
50.142 14 ENERGY 32 12.5 0.439589 5.494857 0.047099 0.588704
50.241 14 WP_MOVED 12 360287.59375 4813581. 260. 31
50.275 14 NAVIGATION 15 1 91.25 -61. 4811934.5 109.761391 41 20 20 0 0 0
50.292 14 GPS 3 36037601 481353091 1796 210452 1322 -67 0 18670239 31 0
50.292 14 SVINFO 0 7 0 0 45 8 36
50.342 14 ESTIMATOR 210.325912 -0.67
50.442 14 ATTITUDE 0.002528 3.048116 -0.042014
50.525 14 NAVIGATION 15 1 91.25 -64.5 4811930.5 111.744408 41 20 20 0 0 0
50.544 14 DESIRED 0.003081 -0.022869 0. -1500. -4811995. 200. -0.309777 13.
50.544 14 GPS 3 36037603 481352773 1796 210353 1327 -62 0 18670480 31 0
50.545 14 SVINFO 1 8 1 1 44 3 86
50.743 14 IR_SENSORS 0 0 12 -16 265
50.743 14 WP_MOVED 13 360311.5 4813547. 260. 31
50.775 14 NAVIGATION 15 1 91.28125 -68. 4811927. 113.8256 41 20 20 0 0 0
50.792 14 GPS 3 36037605 481352453 1796 210261 1332 -52 0 18670719 31 0
50.793 14 SVINFO 2 9 1 2 43 37 136
50.843 14 NAVIGATION 15 1 91.28125 -71. 4811927. 113.8256 41 20 20 0 0 0
50.843 14 ESTIMATOR 210.106766 -0.52
50.942 14 CALIBRATION -120.624825 2
50.943 14 AIRSPEED 13.9 0. 0. 0.
50.943 14 ATTITUDE 0.002528 3.048609 -0.038249
51.025 14 NAVIGATION 15 1 91.28125 -71. 4811924.5 115.642838 42 21 21 0 0 0
51.043 14 GPS 3 36037607 481352131 1796 210179 1338 -46 0 18670960 31 0
51.044 14 SVINFO 3 10 1 3 42 78 186
51.225 14 FBW_STATUS 2 0 1 12.5 0.488004
51.242 14 DL_VALUE 42 0.6
51.242 14 ENERGY 35 12.5 0.488004 6.100047 0.047955 0.599403
51.242 14 WP_MOVED 14 360300.6875 4813575.5 260. 31
51.274 14 NAVIGATION 15 1 91.34375 -74. 4811921. 117.557137 42 21 21 0 0 0
51.292 14 GPS 3 36037609 481351755 1796 210097 1343 -43 0 18671239 31 0
51.292 14 SVINFO 4 11 0 4 41 88 236
51.342 14 ESTIMATOR 209.960846 -0.43
51.444 14 ATTITUDE 0.002528 3.049385 -0.034485
51.525 14 NAVIGATION 15 1 91.34375 -78. 4811917.5 120.11528 42 21 21 0 0 0
51.543 14 GPS 3 36037611 481351432 1796 210042 1347 -38 0 18671480 31 0
51.544 14 SVINFO 5 12 1 5 40 57 286
51.592 14 DESIRED 0.003133 -0.014678 0. -1500. -4811995. 200. -0.298825 13.
51.743 14 WP_MOVED 15 360297.6875 4813554.5 260. 31
51.776 14 NAVIGATION 15 1 91.375 -81.5 4811913.5 122.440353 42 21 21 0 0 0
51.793 14 GPS 3 36037613 481351108 1796 210001 1349 -51 0 18671719 31 0
51.793 14 SVINFO 6 13 1 6 39 14 337
51.842 14 NAVIGATION 15 1 91.375 -84.5 4811913.5 122.440353 42 21 21 0 0 0
51.843 14 ESTIMATOR 209.85672 -0.51
51.942 14 IR_SENSORS 0 0 16 -16 264
51.943 14 AIRSPEED 13.9 0. 0. 0.
51.943 14 ATTITUDE 0.0023 3.050123 -0.026734
52.025 14 NAVIGATION 15 1 91.375 -84.5 4811911. 124.457382 43 22 22 0 0 0
52.042 14 FBW_STATUS 2 0 1 12.5 0.505592
52.043 14 GPS 3 36037614 481350784 1797 209974 1351 -56 0 18671960 31 0
52.124 14 COMMANDS 3492,6,100,0
52.141 14 GPS_SOL 603 603 603 7
52.242 14 WP_MOVED 16 361184. 4813643. 260. 31
52.275 14 NAVIGATION 15 1 91.40625 -87.5 4811907.5 126.535973 43 22 22 0 0 0
52.292 14 GPS 3 36037616 481350405 1797 209959 1353 -66 0 18672239 31 0
52.341 14 COMMANDS 3536,-25,61,0
52.343 14 ENERGY 36 12.5 0.515705 6.446317 0.048873 0.610884
52.343 14 ESTIMATOR 209.730972 -0.66
52.442 14 STATE_FILTER_STATUS 2 3 297
52.443 14 ATTITUDE 0.006075 3.05127 -0.01919
52.525 14 NAVIGATION 15 1 91.40625 -91.5 4811904. 129.334259 43 22 22 0 0 0
52.542 14 GPS 3 36037617 481350080 1797 209961 1353 -54 0 18672480 31 0
52.641 14 PPRZ_MODE 2 3 2 0 0 6
52.642 14 DESIRED 0.002734 -0.014357 0. -1500. -4811995. 200. -0.291929 13.
52.743 14 ALIVE 179,209,69,119,115,11,176,21,181,244,80,210,55,176,198,136
52.744 14 DL_VALUE 43 12000.
52.744 14 WP_MOVED 17 361184. 4813643. 260. 31
52.774 14 NAVIGATION 15 1 91.40625 -94.5 4811901. 131.47377 43 22 22 0 0 0
52.793 14 GPS 3 36037619 481349755 1797 209973 1354 -35 0 18672719 31 0
52.841 14 NAVIGATION 15 1 91.4375 -98. 4811901. 131.47377 43 22 22 0 0 0
52.842 14 ESTIMATOR 209.645691 -0.35
52.942 14 AIRSPEED 13.9 0. 0. 0.
52.943 14 ATTITUDE 0.006075 3.052217 -0.015421
53.025 14 NAVIGATION 15 1 91.4375 -98. 4811897.5 134.032898 44 23 23 0 0 0
53.042 14 CALIBRATION -144.292465 0
53.043 14 GPS 3 36037620 481349430 1798 209995 1354 -33 0 18672960 31 0
53.142 14 IR_SENSORS 0 0 20 -15 264
53.225 14 FBW_STATUS 2 0 1 12.5 0.527502
53.243 14 WP_MOVED 18 360289. 4813605. 220. 31
53.274 14 NAVIGATION 15 1 91.4375 -101. 4811894. 136.24176 44 23 23 0 0 0
53.293 14 GPS 3 36037621 481349051 1798 210029 1353 -24 0 18673239 31 0
53.294 14 SVINFO 5 12 1 5 39 54 287
53.341 14 ESTIMATOR 209.701279 -0.24
53.441 14 ENERGY 37 12.5 0.525683 6.571043 0.049836 0.622915
53.443 14 ATTITUDE 0.006075 3.05329 -0.011653
53.525 14 NAVIGATION 15 1 91.4375 -105. 4811890.5 139.232956 44 23 23 0 0 0
53.542 14 DATALINK_REPORT 5 9 1633 541 0 0
53.544 14 GPS 3 36037621 481348726 1798 210065 1352 -12 0 18673480 31 0
53.545 14 SVINFO 6 13 1 6 38 12 338
53.641 14 AUTOPILOT_VERSION 51500 v5.15_devel-179-g9a29798-dirty
53.691 14 DESIRED 0.001462 -0.014312 0. -1500. -4811995. 200. -0.291038 13.
53.742 14 WP_MOVED 19 360289. 4813610. 500. 31
53.775 14 NAVIGATION 15 1 91.4375 -108. 4811887. 141.509064 44 23 23 0 0 0
53.794 14 GPS 3 36037622 481348402 1799 210104 1351 3 0 18673719 31 0
53.796 14 SVINFO 0 7 0 0 44 4 38
53.842 14 NAVIGATION 15 1 91.5 -111.5 4811887. 141.509064 44 23 23 0 0 0
53.842 14 ESTIMATOR 209.818802 0.03
53.943 14 AIRSPEED 13.9 0. 0. 0.
53.943 14 ATTITUDE 0.0023 3.053931 -0.011653
54.025 14 NAVIGATION 15 1 91.5 -111.5 4811884. 144.237656 45 24 24 0 0 0
54.041 14 FBW_STATUS 2 0 1 12.5 0.509379
54.042 14 GPS 3 36037622 481348078 1799 210144 1349 9 0 18673960 31 0
54.043 14 SVINFO 1 8 0 1 43 6 88
54.141 14 GPS_SOL 589 589 589 7
54.244 14 DL_VALUE 44 1.5
54.244 14 WP_MOVED 20 360289. 4813620. 300. 31
54.275 14 NAVIGATION 15 1 91.5 -115. 4811880.5 146.960022 45 24 24 0 0 0
54.292 14 GPS 3 36037622 481347701 1799 210190 1345 -4 0 18674239 31 0
54.292 14 SVINFO 2 9 1 2 42 43 138
54.342 14 IR_SENSORS 0 0 20 -16 264
54.343 14 ESTIMATOR 209.997147 -0.04
54.441 14 ATTITUDE 0.0023 3.054542 -0.011653
54.524 14 NAVIGATION 15 1 91.5 -118.5 4811877. 149.714722 45 24 24 0 0 0
54.543 14 ENERGY 35 12.5 0.494807 6.185084 0.050772 0.634617
54.543 14 GPS 3 36037623 481347379 1799 210227 1343 -2 0 18674480 31 0
54.544 14 SVINFO 3 10 1 3 41 82 188
54.742 14 DESIRED 0.000187 -0.014756 0. -1500. -4811995. 200. -0.299914 13.
54.742 14 WP_MOVED 21 360289. 4813625. 400. 31
54.775 14 NAVIGATION 15 1 91.5 -121.5 4811873.5 152.100296 45 24 24 0 0 0
54.792 14 GPS 3 36037623 481347057 1799 210261 1340 -21 0 18674720 31 0
54.793 14 SVINFO 4 11 1 4 40 85 238
54.842 14 NAVIGATION 15 1 91.5 -125. 4811873.5 152.100296 45 24 24 0 0 0
54.843 14 ESTIMATOR 210.099594 -0.21
54.942 14 AIRSPEED 13.9 0. 0. 0.
54.942 14 ATTITUDE 0.0023 3.054731 -0.011653
55.025 14 NAVIGATION 15 1 91.5 -125. 4811870. 154.910461 46 25 25 0 0 0
55.043 14 GPS 3 36037623 481346736 1799 210290 1338 -2 0 18674960 31 0
55.142 14 CALIBRATION -119.233513 2
55.224 14 FBW_STATUS 2 0 1 12.5 0.47535
55.242 14 WP_MOVED 22 360289. 4813645. 250. 31
55.275 14 NAVIGATION 15 1 91.5 -128. 4811867. 157.341187 46 25 25 0 0 0
55.292 14 GPS 3 36037623 481346362 1799 210318 1334 0 0 18675239 31 0
55.341 14 ESTIMATOR 210.159363 0.
55.442 14 ATTITUDE 0.0023 3.054229 -0.011653
55.525 14 NAVIGATION 15 1 91.5 -132. 4811863.5 160.612106 46 25 25 0 0 0
55.541 14 IR_SENSORS 0 0 20 -16 264
55.541 14 GPS 3 36037623 481346042 1799 210337 1332 0 0 18675480 31 0
55.541 14 SVINFO 0 7 0 0 43 3 39
55.644 14 ENERGY 33 12.5 0.46136 5.766997 0.051651 0.645602
55.743 14 DL_VALUE 45 1250.
55.743 14 WP_MOVED 0 360326. 4813637. 260. 31
55.775 14 NAVIGATION 15 1 91.5 -135. 4811860. 163.086639 46 25 25 0 0 0
55.792 14 DESIRED 0.000184 -0.01988 0. -1500. -4811995. 200. -0.30615 13.
55.793 14 GPS 3 36037623 481345723 1799 210349 1329 -10 0 18675720 31 0
55.794 14 SVINFO 1 8 1 1 42 8 89
55.842 14 NAVIGATION 15 1 91.5 -138. 4811860. 163.086639 46 25 25 0 0 0
55.842 14 ESTIMATOR 210.24202 -0.1
55.941 14 AIRSPEED 13.9 0. 0. 0.
55.942 14 ATTITUDE 0.0023 3.053727 -0.015421
56.025 14 NAVIGATION 15 1 91.5 -138. 4811857. 165.578537 47 26 26 0 0 0
56.044 14 FBW_STATUS 2 0 1 12.5 0.451675
56.044 14 GPS 3 36037623 481345405 1799 210355 1326 -23 0 18675960 31 0
56.045 14 SVINFO 2 9 0 2 41 47 139
56.141 14 GPS_SOL 574 574 574 7
56.241 14 WP_MOVED 1 360284. 4813595. 260. 31
56.275 14 NAVIGATION 15 1 91.5 -141.5 4811853.5 168.506683 47 26 26 0 0 0
56.291 14 GPS 3 36037623 481345034 1799 210354 1324 -26 0 18676239 31 0
56.292 14 SVINFO 3 10 1 3 40 84 189
56.341 14 ESTIMATOR 210.235855 -0.26
56.442 14 ATTITUDE 0.0023 3.053153 -0.015421
56.525 14 NAVIGATION 15 1 91.5 -145.5 4811850. 171.879318 47 26 26 0 0 0
56.543 14 GPS 3 36037624 481344716 1799 210346 1322 -30 0 18676480 31 0
56.544 14 SVINFO 4 11 1 4 39 84 239
56.742 14 IR_SENSORS 0 0 18 -16 264
56.742 14 ENERGY 32 12.5 0.449919 5.623981 0.052479 0.655963
56.742 14 WP_MOVED 2 360333.5 4813695. 260. 31
56.775 14 NAVIGATION 15 1 91.5 -148.5 4811846.5 174.426208 47 26 26 0 0 0
56.791 14 GPS 3 36037624 481344399 1799 210331 1321 -39 0 18676720 31 0
56.792 14 SVINFO 5 12 1 5 38 47 289
56.842 14 DESIRED 0.000181 -0.02015 0. -1500. -4811995. 200. -0.306476 13.
56.842 14 NAVIGATION 15 1 91.5 -151.5 4811846.5 174.426208 47 26 26 0 0 0
56.843 14 ESTIMATOR 210.189713 -0.39
56.942 14 AIRSPEED 13.9 0. 0. 0.
56.942 14 ATTITUDE 0.0023 3.053015 -0.01919
57.025 14 NAVIGATION 15 1 91.5 -151.5 4811843.5 176.987289 48 27 27 0 0 0
57.041 14 GPS 3 36037624 481344082 1799 210312 1321 -35 0 18676960 31 0
57.043 14 SVINFO 6 13 0 6 37 8 340
57.135 14 COMMANDS 3187,12,-4,0
57.225 14 FBW_STATUS 2 0 1 12.5 0.455191
57.241 14 CALIBRATION -105.110931 2
57.242 14 DL_VALUE 46 0.
57.242 14 WP_MOVED 3 360294.09375 4813785. 260. 31
57.275 14 NAVIGATION 15 1 91.5 -154.5 4811840.5 179.561966 48 27 27 0 0 0
57.292 14 GPS 3 36037624 481343712 1799 210284 1322 -23 0 18677239 31 0
57.342 14 COMMANDS 3189,12,6,0
57.343 14 ESTIMATOR 210.117325 -0.23
57.441 14 STATE_FILTER_STATUS 2 3 298
57.441 14 ATTITUDE 0.0023 3.052759 -0.01919
57.525 14 NAVIGATION 15 1 91.5 -158.5 4811836.5 183.01503 48 27 27 0 0 0
57.542 14 GPS 3 36037625 481343394 1799 210257 1322 -27 0 18677480 31 0
57.641 14 PPRZ_MODE 2 3 2 0 0 6
57.743 14 ALIVE 179,209,69,119,115,11,176,21,181,244,80,210,55,176,198,136
57.743 14 WP_MOVED 4 360416.3125 4813734. 260. 31
57.775 14 NAVIGATION 15 1 91.5 -161.5 4811833.5 185.619232 48 27 27 0 0 0
57.792 14 GPS 3 36037625 481343077 1799 210229 1323 -24 0 18677720 31 0
57.842 14 ENERGY 33 12.5 0.455367 5.692089 0.053313 0.666378
57.843 14 NAVIGATION 15 1 91.5 -165. 4811833.5 185.619232 48 27 27 0 0 0
57.843 14 ESTIMATOR 210.091003 -0.24
57.893 14 DESIRED 0.000595 -0.017525 0. -1500. -4811995. 200. -0.303319 13.
57.943 14 IR_SENSORS 0 0 17 -16 264
57.943 14 AIRSPEED 13.9 0. 0. 0.
57.943 14 ATTITUDE 0.0023 3.052624 -0.022961
58.025 14 NAVIGATION 15 1 91.5 -165. 4811830. 188.672333 49 28 28 0 0 0
58.045 14 FBW_STATUS 2 0 1 12.5 0.454136
58.045 14 GPS 3 36037626 481342759 1799 210199 1324 -8 0 18677960 31 0
58.143 14 GPS_SOL 559 559 559 7
58.241 14 WP_MOVED 5 360421. 4813583.5 260. 31
58.274 14 NAVIGATION 15 1 91.5 -168. 4811827.5 191.301468 49 28 28 0 0 0
58.290 14 GPS 3 36037626 481342388 1799 210165 1324 -6 0 18678240 31 0
58.290 14 SVINFO 4 11 1 4 38 82 240
58.342 14 ESTIMATOR 210.082748 -0.06
58.442 14 ATTITUDE -0.001473 3.052527 -0.01919
58.525 14 NAVIGATION 15 1 91.5 -171.5 4811823.5 194.382355 49 28 28 0 0 0
58.543 14 GPS 3 36037627 481342070 1799 210137 1324 -7 0 18678480 31 0
58.544 14 SVINFO 5 12 1 5 37 44 290
58.641 14 WIND_INFO 14 5 -1.2 0.4 0. 13.8
58.643 14 DATALINK_REPORT 0 10 1762 546 0 0
58.741 14 DL_VALUE 47 7500.
58.741 14 WP_MOVED 6 360164.8125 4813664.5 260. 31
58.775 14 NAVIGATION 15 1 91.53125 -174.5 4811821. 197.048767 49 28 28 0 0 0
58.792 14 GPS 3 36037627 481341752 1798 210110 1323 7 0 18678720 31 0
58.793 14 SVINFO 6 13 0 6 36 6 341
58.842 14 NAVIGATION 15 1 91.53125 -178. 4811821. 197.048767 49 28 28 0 0 0
58.843 14 ESTIMATOR 210.078842 0.07
58.942 14 ENERGY 31 12.5 0.431397 5.392468 0.05413 0.676594
58.943 14 DESIRED 0.001012 -0.016984 0. -1500. -4811995. 200. -0.302567 13.
58.943 14 AIRSPEED 13.8 0. 0. 0.
58.943 14 ATTITUDE -0.001473 3.052009 -0.01919
59.024 14 NAVIGATION 15 1 91.53125 -178. 4811817.5 200.154861 50 29 29 0 0 0
59.041 14 GPS 3 36037628 481341435 1798 210083 1322 1 0 18678960 31 0
59.042 14 SVINFO 0 7 0 0 42 1 41
59.144 14 NAVIGATION_REF 360284 4813595 31 185.
59.145 14 IR_SENSORS 0 0 18 -16 264
59.224 14 FBW_STATUS 2 0 1 12.5 0.42376
59.242 14 WP_MOVED 7 360558.40625 4813804.5 260. 31
59.275 14 NAVIGATION 15 1 91.53125 -181. 4811814. 202.827438 50 29 29 0 0 0
59.292 14 GPS 3 36037629 481341065 1798 210052 1319 -13 0 18679240 31 0
59.293 14 SVINFO 1 8 0 1 41 12 91
59.342 14 CALIBRATION -81.195961 2
59.342 14 ESTIMATOR 210.084259 -0.13
59.442 14 ATTITUDE 0.0023 3.051254 -0.01919
59.525 14 NAVIGATION 15 1 91.53125 -185. 4811810.5 206.404861 50 29 29 0 0 0
59.546 14 GPS 3 36037629 481340749 1798 210024 1318 -16 0 18679480 31 0
59.547 14 SVINFO 2 9 1 2 40 53 141
59.741 14 WP_MOVED 8 358784. 1600. 200. 31
59.775 14 NAVIGATION 15 1 91.53125 -188. 4811807.5 209.097992 50 29 29 0 0 0
59.792 14 GPS 3 36037630 481340433 1798 209996 1316 -21 0 18679720 31 0
59.793 14 SVINFO 3 10 1 3 39 86 191
59.842 14 NAVIGATION 15 1 91.5625 -191. 4811807.5 209.097992 50 29 29 0 0 0
59.843 14 ESTIMATOR 210.002411 -0.21
59.941 14 AIRSPEED 13.8 0. 0. 0.
59.942 14 ATTITUDE 0.0023 3.051001 -0.01919
59.992 14 DESIRED 0.001419 -0.015876 0. -1500. -4811995. 200. -0.301338 13.
60.025 14 NAVIGATION 15 1 91.5625 -191. 4811804. 211.812866 51 30 30 0 0 0
60.041 14 FBW_STATUS 2 0 1 12.5 0.417533
60.042 14 ENERGY 30 12.5 0.417533 5.219159 0.054903 0.68626
60.042 14 GPS 3 36037631 481340118 1798 209966 1314 -12 0 18679960 31 0
60.141 14 GPS_SOL 543 543 543 7
60.243 14 DL_VALUE 48 1500.
60.243 14 WP_MOVED 9 360312.8125 4813652. 185. 31
60.275 14 NAVIGATION 15 1 91.5625 -194. 4811801. 214.522003 51 30 30 0 0 0
60.292 14 GPS 3 36037632 481339750 1798 209931 1311 -13 0 18680240 31 0
60.342 14 IR_SENSORS 0 0 19 -16 264
60.343 14 ESTIMATOR 209.925827 -0.13
60.442 14 ATTITUDE 0.0023 3.050637 -0.015421
60.525 14 NAVIGATION 15 1 91.5625 -198. 4811797. 218.146027 51 30 30 0 0 0
60.542 14 GPS 3 36037633 481339436 1798 209900 1310 -18 0 18680480 31 0
60.742 14 WP_MOVED 10 360452.8125 4813581. 260. 31
60.775 14 NAVIGATION 15 1 91.5625 -201.5 4811794. 221.327682 51 30 30 0 0 0
60.792 14 GPS 3 36037633 481339121 1798 209868 1308 -15 0 18680720 31 0
60.793 14 SVINFO 0 7 0 0 41 0 42
60.841 14 NAVIGATION 15 1 91.5625 -204. 4811794. 221.327682 51 30 30 0 0 0
60.842 14 ESTIMATOR 209.854645 -0.15
60.941 14 AIRSPEED 13.8 0. 0. 0.
60.942 14 ATTITUDE 0.0023 3.050202 -0.015421
61.025 14 NAVIGATION 15 1 91.5625 -204. 4811791. 223.60611 52 31 31 0 0 0
61.042 14 DESIRED 0.001407 -0.014542 0. -1500. -4811995. 200. -0.295639 13.
61.043 14 GPS 3 36037634 481338808 1798 209835 1307 -11 0 18680960 31 0
61.044 14 SVINFO 1 8 1 1 40 14 92
61.146 14 ENERGY 30 12.5 0.404281 5.05351 0.055657 0.695685
61.225 14 FBW_STATUS 2 0 1 12.5 0.402567
61.243 14 WP_MOVED 11 360169.5 4813757.5 260. 31
61.275 14 NAVIGATION 15 1 91.5625 -207.5 4811787.5 226.803757 52 31 31 0 0 0
61.291 14 GPS 3 36037635 481338442 1798 209796 1305 -28 0 18681240 31 0
61.292 14 SVINFO 2 9 1 2 39 56 142
61.342 14 ESTIMATOR 209.794693 -0.28
61.442 14 CALIBRATION -63.855263 0
61.443 14 ATTITUDE 0.0023 3.050143 -0.015421
61.525 14 NAVIGATION 15 1 91.625 -211. 4811784. 230.03508 52 31 31 0 0 0
61.542 14 IR_SENSORS 0 0 19 -16 264
61.542 14 GPS 3 36037636 481338129 1798 209761 1303 -34 0 18681480 31 0
61.543 14 SVINFO 3 10 1 3 38 87 192
61.741 14 DL_VALUE 49 1.
61.742 14 WP_MOVED 12 360287.59375 4813581. 260. 31
61.775 14 NAVIGATION 15 1 91.625 -214. 4811781. 232.789902 52 31 31 0 0 0
61.792 14 GPS 3 36037637 481337816 1798 209725 1302 -37 0 18681720 31 0
61.792 14 SVINFO 4 11 1 4 37 79 242
61.842 14 NAVIGATION 15 1 91.625 -217.5 4811781. 232.789902 52 31 31 0 0 0
61.842 14 ESTIMATOR 209.668549 -0.37
61.942 14 AIRSPEED 13.8 0. 0. 0.
61.943 14 ATTITUDE 0.0023 3.050546 -0.015421
62.025 14 NAVIGATION 15 1 91.625 -217.5 4811777.5 236.011414 53 32 32 0 0 0
62.041 14 FBW_STATUS 2 0 1 12.5 0.40823
62.042 14 GPS 3 36037637 481337504 1799 209688 1302 -37 0 18681960 31 0
62.042 14 SVINFO 5 12 0 5 36 38 292
62.092 14 DESIRED 0.000992 -0.014263 0. -1500. -4811995. 200. -0.290056 13.
62.148 14 COMMANDS 2926,-9,13,0
62.148 14 GPS_SOL 528 528 528 7
62.242 14 ENERGY 30 12.5 0.409949 5.124363 0.056401 0.704983
62.242 14 WP_MOVED 13 360311.5 4813547. 260. 31
62.275 14 NAVIGATION 15 1 91.625 -220.5 4811775. 238.778961 53 32 32 0 0 0
62.292 14 GPS 3 36037638 481337139 1799 209645 1301 -49 0 18682240 31 0
62.293 14 SVINFO 6 13 1 6 35 3 343
62.342 14 COMMANDS 2951,-9,15,0
62.342 14 ESTIMATOR 209.546417 -0.49
62.442 14 STATE_FILTER_STATUS 2 3 299
62.442 14 ATTITUDE 0.0023 3.051307 -0.015421
62.524 14 NAVIGATION 15 1 91.65625 -224. 4811771.5 242.026581 53 32 32 0 0 0
62.541 14 GPS 3 36037638 481336827 1799 209607 1301 -33 0 18682480 31 0
62.648 14 PPRZ_MODE 2 3 2 0 0 6
62.742 14 ALIVE 179,209,69,119,115,11,176,21,181,244,80,210,55,176,198,136
62.743 14 IR_SENSORS 0 0 19 -16 264
62.743 14 WP_MOVED 14 360300.6875 4813575.5 260. 31
62.775 14 NAVIGATION 15 1 91.65625 -227. 4811768.5 244.805771 53 32 32 0 0 0
62.791 14 GPS 3 36037638 481336515 1799 209571 1302 -37 0 18682720 31 0
62.842 14 NAVIGATION 15 1 91.65625 -230.5 4811768.5 244.805771 53 32 32 0 0 0
62.843 14 ESTIMATOR 209.435364 -0.37
62.942 14 AIRSPEED 13.8 0. 0. 0.
62.942 14 ATTITUDE 0.0023 3.051778 -0.011653
63.025 14 NAVIGATION 15 1 91.65625 -230.5 4811765. 248.054672 54 33 33 0 0 0
63.043 14 GPS 3 36037638 481336202 1799 209536 1302 -52 0 18682960 31 0
63.151 14 DESIRED 0.000176 -0.013913 0. -1500. -4811995. 200. -0.283061 13.
63.225 14 FBW_STATUS 2 0 1 12.5 0.425319
63.242 14 DL_VALUE 50 0.3
63.242 14 WP_MOVED 15 360297.6875 4813554.5 260. 31
63.275 14 NAVIGATION 15 1 91.65625 -233.5 4811761.5 250.844803 54 33 33 0 0 0
63.291 14 GPS 3 36037638 481335837 1799 209496 1303 -40 0 18683240 31 0
63.292 14 SVINFO 3 10 1 3 37 88 193
63.342 14 ENERGY 31 12.5 0.425666 5.320829 0.057168 0.714563
63.343 14 ESTIMATOR 209.322495 -0.4
63.443 14 ATTITUDE 0.0023 3.051683 -0.011653
63.524 14 NAVIGATION 15 1 91.65625 -237. 4811758. 254.106018 54 33 33 0 0 0
63.541 14 CALIBRATION -77.215996 0
63.542 14 GPS 3 36037639 481335524 1799 209463 1304 -31 0 18683480 31 0
63.542 14 SVINFO 4 11 0 4 36 77 243
63.742 14 DATALINK_REPORT 5 10 1891 539 0 0
63.742 14 WP_MOVED 16 361184. 4813643. 260. 31
63.776 14 NAVIGATION 15 1 91.65625 -240.5 4811755. 257.373505 54 33 33 0 0 0
63.792 14 GPS 3 36037639 481335211 1799 209431 1305 -27 0 18683720 31 0
63.792 14 SVINFO 5 12 0 5 35 35 293
63.843 14 NAVIGATION 15 1 91.65625 -243.5 4811755. 257.373505 54 33 33 0 0 0
63.843 14 ESTIMATOR 209.26442 -0.27
63.942 14 IR_SENSORS 0 0 19 -16 264
63.943 14 AIRSPEED 13.8 0. 0. 0.
63.943 14 ATTITUDE 0.0023 3.051591 -0.015421
64.025 14 NAVIGATION 15 1 91.65625 -243.5 4811751.5 260.179016 55 34 34 0 0 0
64.041 14 FBW_STATUS 2 0 1 12.5 0.427575
64.042 14 GPS 3 36037639 481334897 1799 209401 1306 -14 0 18683960 31 0
64.043 14 SVINFO 6 13 1 6 34 2 344
64.161 14 GPS_SOL 512 512 512 7
64.191 14 DESIRED 0.000586 -0.013657 0. -1500. -4811995. 200. -0.277933 13.
64.242 14 WP_MOVED 17 361184. 4813643. 260. 31
64.274 14 NAVIGATION 15 1 91.65625 -246.5 4811748.5 262.988831 55 34 34 0 0 0
64.292 14 GPS 3 36037640 481334531 1799 209366 1306 -13 0 18684240 31 0
64.292 14 SVINFO 0 7 0 0 40 0 44
64.342 14 ESTIMATOR 209.253326 -0.13
64.441 14 ENERGY 31 12.5 0.421163 5.264533 0.057949 0.724327
64.441 14 ATTITUDE 0.0023 3.051427 -0.011653
64.525 14 NAVIGATION 15 1 91.65625 -250. 4811745. 266.272156 55 34 34 0 0 0
64.542 14 GPS 3 36037640 481334218 1799 209337 1306 -9 0 18684480 31 0
64.543 14 SVINFO 1 8 1 1 39 19 94
64.741 14 AUTOPILOT_VERSION 51500 v5.15_devel-179-g9a29798-dirty
64.741 14 DL_VALUE 51 1.
64.741 14 WP_MOVED 18 360289. 4813605. 220. 31
64.775 14 NAVIGATION 15 1 91.65625 -253.5 4811741.5 269.560974 55 34 34 0 0 0
64.792 14 GPS 3 36037641 481333904 1799 209308 1306 -4 0 18684720 31 0
64.793 14 SVINFO 2 9 1 2 38 62 144
64.843 14 NAVIGATION 15 1 91.65625 -256.5 4811741.5 269.560974 55 34 34 0 0 0
64.844 14 ESTIMATOR 209.248688 -0.04
64.941 14 AIRSPEED 13.8 0. 0. 0.
64.941 14 ATTITUDE 0.0023 3.051316 -0.011653
65.026 14 NAVIGATION 15 1 91.65625 -256.5 4811738.5 272.384125 56 35 35 0 0 0
65.040 14 GPS 3 36037641 481333591 1799 209278 1305 -4 0 18684960 31 0
65.167 14 IR_SENSORS 0 0 20 -16 264
65.224 14 FBW_STATUS 2 0 1 12.5 0.405138
65.241 14 DESIRED 0.000586 -0.013633 0. -1500. -4811995. 200. -0.277461 13.
65.242 14 WP_MOVED 19 360289. 4813610. 500. 31
65.279 14 NAVIGATION 15 1 91.65625 -259.5 4811736. 275.211029 56 35 35 0 0 0
65.292 14 GPS 3 36037642 481333226 1799 209243 1303 -9 0 18685240 31 0
65.343 14 ESTIMATOR 209.239883 -0.09
65.442 14 ATTITUDE 0.0023 3.051326 -0.015421
65.526 14 NAVIGATION 15 1 91.65625 -263.5 4811731.5 278.98587 56 35 35 0 0 0
65.543 14 ENERGY 29 12.5 0.400683 5.008532 0.058701 0.733733
65.544 14 GPS 3 36037642 481332913 1799 209211 1302 -9 0 18685480 31 0
65.646 14 CALIBRATION -58.952885 0
65.744 14 WP_MOVED 20 360289. 4813620. 300. 31
65.775 14 NAVIGATION 15 1 91.65625 -266. 4811729.5 281.348297 56 35 35 0 0 0
65.791 14 GPS 3 36037642 481332601 1799 209177 1300 -12 0 18685720 31 0
65.841 14 NAVIGATION 15 1 91.65625 -269.5 4811729.5 281.348297 56 35 35 0 0 0
65.842 14 ESTIMATOR 209.189072 -0.12
65.943 14 AIRSPEED 13.8 0. 0. 0.
65.943 14 ATTITUDE -0.001473 3.051019 -0.015421
66.024 14 NAVIGATION 15 1 91.65625 -269.5 4811726. 284.659637 57 36 36 0 0 0
66.046 14 FBW_STATUS 2 0 1 12.5 0.393507
66.046 14 GPS 3 36037643 481332289 1799 209142 1299 -10 0 18685960 31 0
66.048 14 SVINFO 0 7 0 0 39 0 45
66.141 14 GPS_SOL 496 496 496 7
66.243 14 DL_VALUE 52 0.1
66.243 14 WP_MOVED 21 360289. 4813625. 400. 31
66.274 14 NAVIGATION 15 1 91.6875 -272.5 4811722.5 287.511475 57 36 36 0 0 0
66.292 14 DESIRED 0.000989 -0.013579 0. -1500. -4811995. 200. -0.27464 13.
66.293 14 GPS 3 36037644 481331926 1798 209098 1297 -17 0 18686240 31 0
66.293 14 SVINFO 1 8 1 1 38 21 95
66.341 14 IR_SENSORS 0 0 19 -17 264
66.341 14 ESTIMATOR 209.121552 -0.17
66.442 14 ATTITUDE -0.001473 3.050107 -0.015421
66.524 14 NAVIGATION 15 1 91.6875 -276. 4811719. 290.830872 57 36 36 0 0 0
66.542 14 GPS 3 36037644 481331615 1798 209058 1295 -29 0 18686480 31 0
66.544 14 SVINFO 2 9 1 2 37 65 145
66.670 14 ENERGY 29 12.5 0.39027 4.87837 0.059422 0.742748
66.742 14 WP_MOVED 22 360289. 4813645. 250. 31
66.775 14 NAVIGATION 15 1 91.6875 -279.5 4811715.5 294.154449 57 36 36 0 0 0
66.792 14 GPS 3 36037645 481331304 1798 209016 1294 -40 0 18686720 31 0
66.793 14 SVINFO 3 10 1 3 36 89 195
66.841 14 NAVIGATION 15 1 91.6875 -282.5 4811715.5 294.154449 57 36 36 0 0 0
66.842 14 ESTIMATOR 209.004959 -0.4
66.942 14 AIRSPEED 13.8 0. 0. 0.
66.943 14 ATTITUDE -0.001473 3.049443 -0.015421
67.025 14 NAVIGATION 15 1 91.6875 -282.5 4811712.5 297.00647 58 37 37 0 0 0
67.043 14 GPS 3 36037646 481330994 1798 208973 1294 -39 0 18686960 31 0
67.044 14 SVINFO 4 11 1 4 35 72 245
67.125 14 COMMANDS 2851,21,-20,0
67.224 14 FBW_STATUS 2 0 1 12.5 0.397433
67.242 14 WP_MOVED 0 360326. 4813637. 260. 31
67.280 14 NAVIGATION 15 1 91.71875 -285.5 4811709.5 299.870941 58 37 37 0 0 0
67.292 14 GPS 3 36037647 481330631 1798 208921 1294 -44 0 18687240 31 0
67.293 14 SVINFO 5 12 1 5 34 29 295
67.341 14 COMMANDS 2873,21,26,0
67.343 14 DESIRED 0.00139 -0.01323 0. -1500. -4811995. 200. -0.267674 13.
67.343 14 ESTIMATOR 208.84964 -0.44
67.443 14 STATE_FILTER_STATUS 2 3 301
67.444 14 ATTITUDE -0.001473 3.048755 -0.011653
67.525 14 NAVIGATION 15 1 91.71875 -289.5 4811705.5 303.681702 58 37 37 0 0 0
67.541 14 IR_SENSORS 0 0 20 -17 264
67.542 14 GPS 3 36037648 481330321 1798 208876 1294 -51 0 18687480 31 0
67.543 14 SVINFO 6 13 1 6 33 0 346
67.667 14 PPRZ_MODE 2 3 2 0 0 6
67.742 14 ALIVE 179,209,69,119,115,11,176,21,181,244,80,210,55,176,198,136
67.742 14 CALIBRATION -61.058746 0
67.742 14 DL_VALUE 53 -0.062832
67.742 14 ENERGY 30 12.5 0.408401 5.105019 0.060152 0.751865
67.742 14 WP_MOVED 1 360284. 4813595. 260. 31
67.776 14 NAVIGATION 15 1 91.71875 -292. 4811703.5 306.065887 58 37 37 0 0 0
67.792 14 GPS 3 36037649 481330010 1797 208831 1295 -55 0 18687720 31 0
67.842 14 NAVIGATION 15 1 91.71875 -295.5 4811703.5 306.065887 58 37 37 0 0 0
67.843 14 ESTIMATOR 208.694412 -0.55
67.943 14 AIRSPEED 13.8 0. 0. 0.
67.943 14 ATTITUDE -0.001473 3.048368 -0.011653
68.025 14 NAVIGATION 15 1 91.71875 -295.5 4811699.5 309.40683 59 38 38 0 0 0
68.044 14 FBW_STATUS 2 0 1 12.5 0.41736
68.047 14 GPS 3 36037651 481329699 1797 208787 1296 -51 0 18687960 31 0
68.169 14 NAVIGATION_REF 360284 4813595 31 185.
68.169 14 GPS_SOL 480 480 480 7
68.241 14 WP_MOVED 2 360333.5 4813695. 260. 31
68.275 14 NAVIGATION 15 1 91.78125 -298.5 4811697. 312.291595 59 38 38 0 0 0
68.292 14 GPS 3 36037652 481329335 1797 208738 1299 -54 0 18688240 31 0
68.293 14 SVINFO 2 9 1 2 36 68 146
68.341 14 ESTIMATOR 208.552643 -0.54
68.392 14 DESIRED 0.002205 -0.012684 0. -1500. -4811995. 200. -0.258481 13.
68.441 14 ATTITUDE 0.0023 3.048057 -0.011653
68.525 14 NAVIGATION 15 1 91.78125 -302. 4811693.5 315.638702 59 38 38 0 0 0
68.541 14 GPS 3 36037654 481329023 1797 208698 1300 -55 0 18688480 31 0
68.542 14 SVINFO 3 10 0 3 35 89 196
68.615 14 WIND_INFO 14 5 -1.2 0.5 0. 13.8
68.741 14 IR_SENSORS 0 0 20 -16 264
68.742 14 WP_MOVED 3 360294.09375 4813785. 260. 31
68.775 14 NAVIGATION 15 1 91.8125 -305.5 4811690. 318.998077 59 38 38 0 0 0
68.792 14 GPS 3 36037655 481328710 1797 208660 1303 -30 0 18688720 31 0
68.793 14 SVINFO 4 11 1 4 34 69 246
68.842 14 DATALINK_REPORT 0 11 2024 561 0 0
68.842 14 ENERGY 31 12.5 0.434356 5.429454 0.060928 0.761568
68.843 14 NAVIGATION 15 1 91.8125 -308.5 4811690. 318.998077 59 38 38 0 0 0
68.843 14 ESTIMATOR 208.43129 -0.3
68.943 14 AIRSPEED 13.8 0. 0. 0.
68.943 14 ATTITUDE 0.0023 3.049036 -0.015421
69.025 14 NAVIGATION 15 1 91.8125 -308.5 4811687. 321.872314 60 39 39 0 0 0
69.043 14 GPS 3 36037656 481328397 1797 208625 1305 -32 0 18688960 31 0
69.225 14 FBW_STATUS 2 0 1 12.5 0.436971
69.241 14 DL_VALUE 54 0.087266
69.241 14 WP_MOVED 4 360416.3125 4813734. 260. 31
69.274 14 NAVIGATION 15 1 91.8125 -311.5 4811683.5 324.74881 60 39 39 0 0 0
69.291 14 GPS 3 36037658 481328031 1797 208588 1307 -18 0 18689240 31 0
69.342 14 ESTIMATOR 208.4077 -0.18
69.442 14 DESIRED 0.002221 -0.012398 0. -1500. -4811995. 200. -0.25276 13.
69.443 14 ATTITUDE 0.0023 3.049785 -0.011653
69.525 14 NAVIGATION 15 1 91.8125 -315. 4811680. 328.107513 60 39 39 0 0 0
69.542 14 GPS 3 36037659 481327717 1797 208559 1308 -24 0 18689480 31 0
69.543 14 SVINFO 0 7 0 0 38 0 47
69.741 14 WP_MOVED 5 360421. 4813583.5 260. 31
69.773 14 NAVIGATION 15 1 91.84375 -318.5 4811676.5 331.477783 60 39 39 0 0 0
69.790 14 GPS 3 36037660 481327402 1798 208531 1309 -37 0 18689720 31 0
69.790 14 SVINFO 1 8 1 1 37 27 97
