2.897 14 NAVIGATION 2 2 0. 0. 0. 0. 0 6 6 1 0 0
2.913 14 GPS 3 36028477 481359546 899 185000 0 20 0 18174960 31 0
3.098 14 FBW_STATUS 2 0 1 12.5 0.
3.114 14 DL_VALUE 10 1.
3.115 14 WP_MOVED 10 360452.8125 4813581. 260. 31
3.147 14 NAVIGATION 2 2 0. 0. 0. 0. 0 6 6 1 0 0
3.165 14 DESIRED 0. 0.00024 0. 0. 0. 235. 0. 13.
3.165 14 GPS 3 36028477 481359546 899 185000 0 32 0 18175240 31 0
3.214 14 ESTIMATOR 185.066971 0.32
3.314 14 ATTITUDE 0.0023 0. -0.000365
3.398 14 NAVIGATION 2 2 0. 0. 0. 0. 0 6 6 1 0 0
3.415 14 GPS 3 36028477 481359546 899 185000 0 33 0 18175480 31 0
3.615 14 WP_MOVED 11 360169.5 4813757.5 260. 31
3.648 14 NAVIGATION 2 2 0. 0. 0. 0. 0 6 6 1 0 0
3.666 14 GPS 3 36028477 481359546 899 185000 0 34 0 18175720 31 0
3.666 14 SVINFO 3 10 1 3 48 6 159
3.716 14 NAVIGATION 2 2 0. 0. 0. 0. 0 6 6 1 0 0
3.716 14 ESTIMATOR 185.142426 0.34
3.817 14 IR_SENSORS 0 0 23 -16 264
3.817 14 ENERGY 0 12.5 0. 0. 0. 0.
3.817 14 AIRSPEED 0. 0. 0. 0.
3.817 14 ATTITUDE 0.0023 0. -0.000365
3.898 14 NAVIGATION 2 2 0. 0. 0. 0. 0 7 7 1 0 0
3.914 14 FBW_STATUS 2 0 1 12.5 0.
3.915 14 GPS 3 36028477 481359546 899 185000 0 21 0 18176000 31 0
4.015 14 GPS_SOL 625 625 625 7
4.118 14 WP_MOVED 12 360287.59375 4813581. 260. 31
4.147 14 NAVIGATION 2 2 0. 0. 0. 0. 0 7 7 1 0 0
4.164 14 GPS 3 36028477 481359546 899 185000 0 26 0 18176240 31 0
4.214 14 DESIRED 0. 0.00024 0. 0. 0. 235. 0. 13.
4.215 14 ESTIMATOR 185.164536 0.26
4.314 14 ATTITUDE 0.0023 0. -0.000365
4.398 14 NAVIGATION 2 2 0. 0. 0. 0. 0 7 7 1 0 0
4.418 14 GPS 3 36028477 481359546 899 185000 0 18 0 18176480 31 0
4.614 14 CALIBRATION 0. 0
4.615 14 DL_VALUE 11 5.
4.615 14 WP_MOVED 13 360311.5 4813547. 260. 31
4.648 14 NAVIGATION 2 2 0. 0. 0. 0. 0 7 7 1 0 0
4.665 14 GPS 3 36028477 481359546 899 185000 0 6 0 18176720 31 0
4.666 14 SVINFO 0 7 0 0 46 79 10
4.714 14 NAVIGATION 2 2 0. 0. 0. 0. 0 7 7 1 0 0
4.715 14 ESTIMATOR 185.160126 0.06
4.814 14 AIRSPEED 0. 0. 0. 0.
4.815 14 ATTITUDE 0.0023 0. -0.000365
4.898 14 NAVIGATION 2 2 0. 0. 0. 0. 0 8 8 1 0 0
4.917 14 ENERGY 0 12.5 0. 0. 0. 0.
4.918 14 GPS 3 36028477 481359546 899 185000 0 0 0 18176960 31 0
4.918 14 SVINFO 1 8 1 1 47 38 60
5.016 14 NAVIGATION_REF 360284 4813595 31 185.
5.016 14 IR_SENSORS 0 0 23 -16 264
5.098 14 FBW_STATUS 2 0 1 12.5 0.
5.116 14 WP_MOVED 14 360300.6875 4813575.5 260. 31
5.149 14 NAVIGATION 2 2 0. 0. 0. 0. 0 8 8 1 0 0
5.165 14 GPS 3 36028477 481359546 899 185000 0 13 0 18177240 31 0
5.165 14 SVINFO 2 9 1 2 48 3 110
5.215 14 ESTIMATOR 185.096664 0.13
5.265 14 DESIRED 0. 0.00024 0. 0. 0. 235. 0. 13.
5.315 14 ATTITUDE 0.0023 0. -0.000365
5.397 14 NAVIGATION 2 2 0. 0. 0. 0. 0 8 8 1 0 0
5.414 14 GPS 3 36028477 481359546 899 185000 0 -2 0 18177480 31 0
5.614 14 WP_MOVED 15 360297.6875 4813554.5 260. 31
5.648 14 NAVIGATION 2 2 0. 0. 0. 0. 0 8 8 1 0 0
5.665 14 GPS 3 36028477 481359546 899 185000 0 -16 0 18177720 31 0
5.666 14 SVINFO 4 11 1 4 49 46 210
5.714 14 NAVIGATION 2 2 0. 0. 0. 0. 0 8 8 1 0 0
5.715 14 ESTIMATOR 185.067581 -0.16
5.815 14 AIRSPEED 0. 0. 0. 0.
5.816 14 ATTITUDE 0.0023 0. -0.000365
5.899 14 NAVIGATION 2 2 0. 0. 0. 0. 0 9 9 1 0 0
5.915 14 FBW_STATUS 2 0 1 12.5 0.
5.916 14 GPS 3 36028477 481359546 899 185000 0 -3 0 18177960 31 0
6.014 14 GPS_SOL 637 637 637 7
6.014 14 ENERGY 0 12.5 0. 0. 0. 0.
6.115 14 DL_VALUE 12 100.
6.115 14 WP_MOVED 16 361184. 4813643. 260. 31
6.148 14 NAVIGATION 2 2 0. 0. 0. 0. 0 9 9 1 0 0
6.165 14 GPS 3 36028477 481359546 899 185000 0 2 0 18178239 31 0
6.215 14 IR_SENSORS 0 0 23 -16 264
6.215 14 ESTIMATOR 185.009644 0.02
6.316 14 DESIRED 0. 0.00024 0. 0. 0. 235. 0. 13.
6.316 14 ATTITUDE 0.0023 0. -0.000365
6.399 14 NAVIGATION 2 2 0. 0. 0. 0. 0 9 9 1 0 0
6.414 14 GPS 3 36028477 481359546 899 185000 0 -9 0 18178480 31 0
6.415 14 SVINFO 0 7 0 0 47 76 11
6.615 14 WP_MOVED 17 361184. 4813643. 260. 31
6.649 14 NAVIGATION 2 2 0. 0. 0. 0. 0 9 9 1 0 0
6.666 14 GPS 3 36028477 481359546 899 185000 0 13 0 18178720 31 0
6.715 14 CALIBRATION 0. 0
6.716 14 NAVIGATION 2 2 0. 0. 0. 0. 0 9 9 1 0 0
6.717 14 ESTIMATOR 184.991364 0.13
6.816 14 AIRSPEED 0. 0. 0. 0.
6.816 14 ATTITUDE 0.0023 0. -0.000365
6.902 14 NAVIGATION 2 2 0. 0. 0. 0. 0 10 10 1 0 0
6.919 14 GPS 3 36028477 481359546 899 185000 0 10 0 18178960 31 0
6.998 14 COMMANDS 0,-17,7,0
7.098 14 FBW_STATUS 2 0 1 12.5 0.
7.114 14 ENERGY 0 12.5 0. 0. 0. 0.
7.115 14 WP_MOVED 18 360289. 4813605. 220. 31
7.148 14 NAVIGATION 2 2 0. 0. 0. 0. 0 10 10 1 0 0
7.166 14 GPS 3 36028477 481359546 899 185000 0 24 0 18179239 31 0
7.215 14 COMMANDS 0,-17,7,0
7.216 14 ESTIMATOR 185.031738 0.24
7.314 14 STATE_FILTER_STATUS 2 3 303
7.315 14 ATTITUDE 0.0023 0. -0.000365
7.373 14 DESIRED 0. 0.00024 0. 0. 0. 235. 0. 13.
7.399 14 NAVIGATION 2 2 0. 0. 0. 0. 0 10 10 1 0 0
7.415 14 IR_SENSORS 0 0 23 -16 264
7.415 14 GPS 3 36028477 481359546 899 185000 0 34 0 18179480 31 0
7.515 14 DATALINK_REPORT 9 1 514 529 0 0
7.515 14 PPRZ_MODE 2 1 2 0 0 6
7.616 14 ALIVE 179,209,69,119,115,11,176,21,181,244,80,210,55,176,198,136
7.616 14 DL_VALUE 13 1.
7.616 14 WP_MOVED 19 360289. 4813610. 500. 31
7.648 14 NAVIGATION 2 2 0. 0. 0. 0. 0 10 10 1 0 0
7.665 14 GPS 3 36028477 481359546 899 185000 0 18 0 18179720 31 0
7.715 14 NAVIGATION 2 2 0. 0. 0. 0. 0 10 10 1 0 0
7.716 14 ESTIMATOR 185.1138 0.18
7.815 14 AIRSPEED 0. 0. 0. 0.
7.816 14 ATTITUDE 0.0023 0. -0.000365
7.900 14 NAVIGATION 2 2 0. 0. 0. 0. 0 11 11 1 0 0
7.915 14 FBW_STATUS 2 0 1 12.5 0.
7.915 14 GPS 3 36028477 481359546 899 185000 0 21 0 18179960 31 0
8.016 14 GPS_SOL 648 648 648 7
8.114 14 WP_MOVED 20 360289. 4813620. 300. 31
8.149 14 NAVIGATION 2 2 0. 0. 0. 0. 0 11 11 1 0 0
8.164 14 GPS 3 36028477 481359546 899 185000 0 17 0 18180239 31 0
8.215 14 ENERGY 0 12.5 0. 0. 0. 0.
8.215 14 ESTIMATOR 185.126694 0.17
8.310 14 WIND_INFO 14 5 0. 0. 0. 0.
8.315 14 ATTITUDE 0.0023 0. -0.000365
8.400 14 NAVIGATION 2 2 0. 0. 0. 0. 0 11 11 1 0 0
8.418 14 DESIRED 0. 0.00024 0. 0. 0. 235. 0. 13.
8.418 14 GPS 3 36028477 481359546 899 185000 0 15 0 18180480 31 0
8.419 14 SVINFO 1 8 0 1 48 32 62
8.566 14 SETTING 9 14 1.
8.566 14 DL_VALUE 9 1.
8.616 14 IR_SENSORS 0 0 23 -16 264
8.616 14 WP_MOVED 21 360289. 4813625. 400. 31
8.651 14 NAVIGATION 2 2 0. 0. 0. 0. 0 11 11 1 0 0
8.668 14 GPS 3 36028477 481359546 899 185000 0 16 0 18180720 31 0
8.714 14 NAVIGATION 2 2 0. 0. 0. 0. 0 11 11 1 0 0
8.715 14 ESTIMATOR 185.121277 0.16
8.815 14 CALIBRATION 0. 0
8.815 14 AIRSPEED 0. 0. 0. 0.
8.815 14 ATTITUDE 0.0023 0. -0.000365
8.900 14 NAVIGATION 2 2 0. 0. 0. 0. 0 12 12 1 0 0
8.915 14 GPS 3 36028477 481359546 899 185000 0 -2 0 18180960 31 0
8.916 14 SVINFO 3 10 0 3 49 11 162
9.098 14 FBW_STATUS 2 0 1 12.5 0.
9.116 14 AUTOPILOT_VERSION 51500 v5.15_devel-179-g9a29798-dirty
9.116 14 DL_VALUE 14 0.
9.117 14 WP_MOVED 22 360289. 4813645. 250. 31
9.149 14 NAVIGATION 2 2 0. 0. 0. 0. 0 12 12 1 0 0
9.165 14 GPS 3 36028477 481359546 899 185000 0 4 0 18181239 31 0
9.191 14 BLOCK 3 14
9.191 14 NAVIGATION 3 0 0. 0. 0. 0. 0 0 0 1 0 0
9.215 14 ESTIMATOR 185.085312 0.04
9.315 14 ENERGY 0 12.5 0. 0. 0. 0.
9.316 14 ATTITUDE 0.0023 0. -0.000365
9.399 14 NAVIGATION 3 2 0. 0. 198.624115 0. 0 0 0 0 0 0
9.414 14 GPS 3 36028477 481359546 899 185000 0 0 0 18181480 31 0
9.464 14 DESIRED -0. 0.262039 0. -114.5 162.300003 235. 0. 13.
9.615 14 WP_MOVED 0 360326. 4813637. 260. 31
9.648 14 NAVIGATION 3 2 0. 2.5 196.586594 2.5 0 0 0 0 0 0
9.665 14 GPS 3 36028477 481359802 3599 184997 1063 8 0 18181720 31 0
9.716 14 NAVIGATION 3 2 0. 2.5 196.586594 2.5 0 0 0 0 0 0
9.716 14 ESTIMATOR 185.051849 0.08
9.816 14 IR_SENSORS 0 0 27 -18 263
9.816 14 AIRSPEED 0. 0. 0. 0.
9.816 14 ATTITUDE -0.005503 6.283179 0.015037
9.898 14 TAKEOFF 22
9.899 14 NAVIGATION 3 2 0. 5.5 194.155838 5.5 1 1 1 0 0 0
9.914 14 FBW_STATUS 2 0 1 12.5 0.32117
9.914 14 GPS 3 36028477 481360102 3599 184986 1250 0 0 18181960 31 0
10.015 14 GPS_SOL 659 659 659 7
10.116 14 WP_MOVED 1 360284. 4813595. 260. 31
10.148 14 NAVIGATION 3 2 -0.03125 9. 191.321671 9.000054 1 1 1 0 0 0
10.165 14 GPS 3 36028474 481360451 3595 184987 1246 -1 0 18182239 31 0
10.215 14 ESTIMATOR 185.033661 -0.01
10.316 14 ATTITUDE -0.113609 6.275425 0.07033
10.398 14 NAVIGATION 3 2 -0.0625 12. 188.907471 12.000163 1 1 1 0 0 0
10.415 14 ENERGY 51 12.5 0.741786 9.272321 0.000554 0.006925
10.415 14 GPS 3 36028467 481360754 3585 185040 1264 20 0 18182480 31 0
10.415 14 SVINFO 2 9 0 2 49 0 113
10.516 14 DESIRED -0.285399 0.278551 0. -114.5 162.300003 235. 0. 13.
10.614 14 DL_VALUE 15 0.
10.615 14 WP_MOVED 2 360333.5 4813695. 260. 31
10.649 14 NAVIGATION 3 2 -0.28125 15. 186.395325 15.002637 1 1 1 0 0 0
10.665 14 GPS 3 36028450 481361065 3569 185180 1295 79 0 18182720 31 0
10.714 14 NAVIGATION 3 2 -0.28125 15. 186.395325 15.002637 1 1 1 0 0 0
10.715 14 ESTIMATOR 185.108246 0.79
10.815 14 AIRSPEED 0. 0. 0. 0.
10.816 14 ATTITUDE -0.230843 6.230283 0.150108
10.898 14 NAVIGATION 3 2 -0.5 18.5 183.505966 18.506756 2 2 2 0 0 0
10.915 14 CALIBRATION 0. 0
10.916 14 GPS 3 36028422 481361383 3548 185440 1333 117 0 18182960 31 0
11.015 14 IR_SENSORS 0 0 67 -83 244
11.098 14 FBW_STATUS 2 0 1 12.5 1.505746
11.114 14 WP_MOVED 3 360294.09375 4813785. 260. 31
11.149 14 NAVIGATION 3 2 -1.0625 22. 180.422165 22.025642 2 2 2 0 0 0
11.164 14 GPS 3 36028369 481361766 3519 185928 1384 204 0 18183239 31 0
11.216 14 ESTIMATOR 185.708603 2.04
11.315 14 ATTITUDE -0.297314 6.142742 0.224409
11.399 14 NAVIGATION 3 2 -1.71875 25.5 177.295944 25.557858 2 2 2 0 0 0
11.414 14 GPS 3 36028305 481362103 3492 186525 1426 256 0 18183480 31 0
11.516 14 ENERGY 88 12.5 1.627817 20.347708 0.002932 0.036647
11.566 14 DESIRED -0.297242 0.294124 0. -114.5 162.300003 235. 0. 13.
11.615 14 WP_MOVED 4 360416.3125 4813734. 260. 31
11.648 14 NAVIGATION 3 2 -2.5 29. 174.105972 29.107559 2 2 2 0 0 0
11.665 14 GPS 3 36028223 481362442 3464 187289 1453 341 0 18183720 31 0
11.666 14 SVINFO 0 7 0 0 48 69 14
11.714 14 NAVIGATION 3 2 -2.5 29. 174.105972 29.107559 2 2 2 0 0 0
11.715 14 ESTIMATOR 187.027664 3.41
11.816 14 AIRSPEED 0. 0. 0. 0.
11.817 14 ATTITUDE -0.313227 6.046457 0.288792
11.898 14 NAVIGATION 3 2 -3.5 32.5 170.789459 32.68792 3 3 3 0 0 0
11.915 14 FBW_STATUS 2 0 1 12.5 1.627817
11.916 14 GPS 3 36028124 481362780 3436 188205 1467 394 0 18183960 31 0
11.998 14 COMMANDS 8524,298,-114,0
12.015 14 GPS_SOL 668 668 668 7
12.115 14 DL_VALUE 16 80.
12.116 14 WP_MOVED 5 360421. 4813583.5 260. 31
12.148 14 NAVIGATION 3 2 -4.875 36. 167.240341 36.328579 3 3 3 0 0 0
12.165 14 GPS 3 36027988 481363169 3405 189430 1471 435 0 18184239 31 0
12.216 14 COMMANDS 8524,422,-276,0
12.216 14 IR_SENSORS 0 0 100 -87 232
12.216 14 ESTIMATOR 189.072281 4.35
12.315 14 STATE_FILTER_STATUS 2 3 419
12.316 14 ATTITUDE -0.292155 5.942951 0.323334
12.399 14 NAVIGATION 3 2 -6.1875 39.5 163.741989 39.981686 3 3 3 0 0 0
12.416 14 GPS 3 36027856 481363495 3379 190581 1467 481 0 18184480 31 0
12.515 14 PPRZ_MODE 2 1 2 0 0 6
12.615 14 DATALINK_REPORT 3 4 635 520 0 0
12.616 14 ALIVE 179,209,69,119,115,11,176,21,181,244,80,210,55,176,198,136
12.616 14 ENERGY 88 12.5 1.627817 20.347708 0.005916 0.073951
12.616 14 DESIRED -0.219803 0.289306 0. -114.5 162.300003 235. 0. 13.
12.617 14 WP_MOVED 6 360164.8125 4813664.5 260. 31
12.649 14 NAVIGATION 3 2 -7.625 42.5 160.543777 43.178589 3 3 3 0 0 0
12.665 14 GPS 3 36027711 481363814 3355 191795 1460 491 0 18184720 31 0
12.715 14 NAVIGATION 3 2 -7.625 42.5 160.543777 43.178589 3 3 3 0 0 0
12.715 14 ESTIMATOR 191.553848 4.91
12.815 14 AIRSPEED 0. 0. 0. 0.
12.816 14 ATTITUDE -0.247336 5.856295 0.330958
12.900 14 NAVIGATION 3 2 -9.21875 46. 156.875214 46.914661 4 4 4 0 0 0
12.914 14 GPS 3 36027554 481364125 3333 193046 1450 519 0 18184960 31 0
13.015 14 CALIBRATION 0. 0
13.099 14 FBW_STATUS 2 0 1 12.5 1.627817
13.115 14 WP_MOVED 7 360558.40625 4813804.5 260. 31
13.148 14 NAVIGATION 3 2 -11.15625 49.5 152.98291 50.741619 4 4 4 0 0 0
13.166 14 GPS 3 36027360 481364479 3310 194524 1439 519 0 18185239 31 0
13.215 14 ESTIMATOR 194.243713 5.19
13.316 14 ATTITUDE -0.196983 5.777276 0.322707
13.409 14 NAVIGATION 3 2 -12.90625 52. 149.957932 53.577713 4 4 4 0 0 0
13.416 14 IR_SENSORS 0 0 103 -61 238
13.416 14 GPS 3 36027184 481364774 3292 195788 1431 510 0 18185480 31 0
13.615 14 DL_VALUE 17 0.
13.615 14 WP_MOVED 8 360461.40625 4813640. 215. 31
13.648 14 NAVIGATION 3 2 -14.75 55. 146.503769 56.943504 4 4 4 0 0 0
13.666 14 DESIRED -0.116417 0.279133 0. -114.5 162.300003 235. 0. 13.
13.666 14 GPS 3 36027001 481365063 3276 197038 1425 515 0 18185720 31 0
13.667 14 SVINFO 1 8 0 1 49 23 65
13.714 14 ENERGY 88 12.5 1.627817 20.347708 0.0089 0.111255
13.715 14 NAVIGATION 3 2 -14.75 55. 146.503769 56.943504 4 4 4 0 0 0
13.715 14 ESTIMATOR 196.920258 5.15
13.815 14 AIRSPEED 0. 0. 0. 0.
13.816 14 ATTITUDE -0.153639 5.71892 0.306051
13.899 14 NAVIGATION 3 2 -16.625 58. 143.031479 60.335651 5 5 5 0 0 0
13.915 14 FBW_STATUS 2 0 1 12.5 1.627817
13.915 14 GPS 3 36026812 481365346 3262 198265 1420 514 0 18185960 31 0
14.015 14 NAVIGATION_REF 360284 4813595 31 185.
14.016 14 GPS_SOL 676 676 676 7
14.116 14 WP_MOVED 9 360312.8125 4813652. 185. 31
14.148 14 NAVIGATION 3 2 -18.90625 61. 139.283371 63.862713 5 5 5 0 0 0
14.165 14 GPS 3 36026584 481365671 3248 199666 1417 477 0 18186239 31 0
14.216 14 ESTIMATOR 199.548126 4.77
14.316 14 ATTITUDE -0.120279 5.669006 0.29253
14.401 14 NAVIGATION 3 2 -20.90625 64. 135.730179 67.328087 5 5 5 0 0 0
14.416 14 GPS 3 36026383 481365945 3237 200838 1416 466 0 18186480 31 0
14.616 14 IR_SENSORS 0 0 95 -40 245
14.616 14 WP_MOVED 10 360452.8125 4813581. 260. 31
14.648 14 NAVIGATION 3 2 -23. 66.5 132.475998 70.36512 5 5 5 0 0 0
14.665 14 GPS 3 36026177 481366216 3227 201987 1417 445 0 18186720 31 0
14.715 14 DESIRED -0.07098 0.271698 0. -114.5 162.300003 235. 0. 13.
14.716 14 NAVIGATION 3 2 -23. 66.5 132.475998 70.36512 5 5 5 0 0 0
14.716 14 ESTIMATOR 201.945068 4.45
14.815 14 ENERGY 88 12.5 1.627817 20.347708 0.011885 0.14856
14.816 14 AIRSPEED 0. 0. 0. 0.
14.816 14 ATTITUDE -0.090428 5.633743 0.277726
14.899 14 NAVIGATION 3 2 -25.0625 69.5 128.883301 73.880844 6 6 6 0 0 0
14.915 14 GPS 3 36025967 481366484 3219 203115 1419 436 0 18186960 31 0
15.098 14 FBW_STATUS 2 0 1 12.5 1.627817
15.115 14 CALIBRATION 0. 0
15.116 14 DL_VALUE 18 1.
15.117 14 WP_MOVED 11 360169.5 4813757.5 260. 31
15.148 14 NAVIGATION 3 2 -27.5625 72.5 124.988678 77.5625 6 6 6 0 0 0
15.165 14 GPS 3 36025718 481366795 3211 204410 1422 464 0 18187239 31 0
15.166 14 SVINFO 0 7 0 0 49 64 16
15.215 14 ESTIMATOR 204.225906 4.64
15.316 14 ATTITUDE -0.066005 5.604825 0.269284
15.411 14 NAVIGATION 3 2 -29.75 75. 121.671089 80.684959 6 6 6 0 0 0
15.416 14 GPS 3 36025500 481367059 3205 205506 1425 457 0 18187480 31 0
15.615 14 WP_MOVED 12 360287.59375 4813581. 260. 31
15.649 14 NAVIGATION 3 2 -31.9375 78. 117.996002 84.285255 6 6 6 0 0 0
15.665 14 GPS 3 36025280 481367321 3199 206594 1428 453 0 18187720 31 0
15.717 14 NAVIGATION 3 2 -31.9375 78. 117.996002 84.285255 6 6 6 0 0 0
15.719 14 ESTIMATOR 206.56813 4.53
15.764 14 DESIRED -0.048729 0.26738 0. -114.5 162.300003 235. 0. 13.
15.814 14 IR_SENSORS 0 0 90 -29 248
15.814 14 AIRSPEED 0. 0. 0. 0.
15.814 14 ATTITUDE -0.053575 5.584932 0.260857
15.906 14 NAVIGATION 3 2 -34.1875 80.5 114.635674 87.458763 7 7 7 0 0 0
15.916 14 FBW_STATUS 2 0 1 12.5 1.627817
15.917 14 ENERGY 88 12.5 1.627817 20.347708 0.014869 0.185864
15.917 14 GPS 3 36025056 481367583 3195 207677 1432 461 0 18187960 31 0
16.014 14 GPS_SOL 683 683 683 7
16.116 14 WP_MOVED 13 360311.5 4813547. 260. 31
16.148 14 NAVIGATION 3 2 -36.84375 83. 110.990921 90.810036 7 7 7 0 0 0
16.165 14 GPS 3 36024793 481367886 3190 208937 1435 468 0 18188239 31 0
16.215 14 ESTIMATOR 208.870117 4.68
16.315 14 ATTITUDE -0.045612 5.567986 0.260857
16.406 14 NAVIGATION 4 0 -39.125 86. 0. 94.48156 7 0 0 0 0 0
16.415 14 GPS 3 36024565 481368145 3186 210018 1438 466 0 18188480 31 0
16.616 14 DL_VALUE 19 0.
16.616 14 WP_MOVED 14 360300.6875 4813575.5 260. 31
16.649 14 NAVIGATION 4 0 -41.375 88.5 0. 97.694115 7 0 0 0 0 0
16.665 14 GPS 3 36024335 481368403 3182 211102 1440 472 0 18188720 31 0
16.715 14 NAVIGATION 4 0 -41.375 88.5 0. 97.694115 7 0 0 0 0 0
16.716 14 ESTIMATOR 211.174332 4.72
16.815 14 DESIRED 0.536922 0.301388 0. -13.775963 149.050507 260. 1.46477 13.
16.816 14 AIRSPEED 0. 0. 0. 0.
16.816 14 ATTITUDE -0.013326 5.554266 0.259568
16.908 14 NAVIGATION 4 0 -43.71875 91. 0. 100.957069 8 1 1 0 0 0
16.915 14 CIRCLE 49.5 100.099998 80.
16.915 14 GPS 3 36024103 481368660 3179 212189 1441 483 0 18188960 31 0
16.997 14 COMMANDS 8524,3912,475,0
17.015 14 IR_SENSORS 0 0 91 -6 249
17.015 14 ENERGY 88 12.5 1.627817 20.347708 0.017854 0.223168
17.099 14 FBW_STATUS 2 0 1 12.5 1.627817
17.116 14 WP_MOVED 15 360297.6875 4813554.5 260. 31
17.148 14 NAVIGATION 4 0 -46.4375 94. 0. 104.844841 8 1 1 0 0 0
17.165 14 GPS 3 36023834 481368961 3182 213467 1442 474 0 18189239 31 0
17.215 14 COMMANDS 8524,3589,498,0
17.215 14 CALIBRATION 0. 1
17.215 14 ESTIMATOR 213.505844 4.74
17.315 14 STATE_FILTER_STATUS 2 3 353
17.316 14 ATTITUDE 0.110987 5.553811 0.266654
17.411 14 NAVIGATION 4 0 -48.65625 96.5 0. 108.072571 8 1 1 0 0 0
17.414 14 GPS 3 36023607 481369223 3190 214574 1443 464 0 18189480 31 0
17.515 14 PPRZ_MODE 2 3 2 2 0 6
17.615 14 ALIVE 179,209,69,119,115,11,176,21,181,244,80,210,55,176,198,136
17.616 14 WP_MOVED 16 361184. 4813643. 260. 31
17.649 14 NAVIGATION 4 0 -50.90625 99.5 0. 111.766258 8 1 1 0 0 0
17.665 14 GPS 3 36023386 481369490 3204 215693 1442 469 0 18189720 31 0
17.715 14 DATALINK_REPORT 8 4 756 531 0 0
17.716 14 NAVIGATION 4 0 -50.90625 99.5 0. 111.766258 8 1 1 0 0 0
17.716 14 ESTIMATOR 215.787918 4.69
17.816 14 AIRSPEED 0. 0. 0. 0.
17.816 14 ATTITUDE 0.249919 5.592667 0.288976
17.866 14 DESIRED 0.565593 0.327272 0. -7.40556 156.329498 260. 1.326362 13.
17.917 14 NAVIGATION 4 0 -50.90625 99.5 0. 111.766258 9 2 2 0 0 0
17.918 14 FBW_STATUS 2 0 1 12.5 1.627817
17.919 14 GPS 3 36023141 481369810 3226 217017 1441 472 0 18190000 31 0
17.965 14 CIRCLE 49.5 100.099998 80.
18.014 14 GPS_SOL 689 689 689 7
18.115 14 DL_VALUE 20 0.
18.115 14 ENERGY 88 12.5 1.627817 20.347708 0.020838 0.260472
18.116 14 WP_MOVED 17 361184. 4813643. 260. 31
18.148 14 NAVIGATION 4 0 -53.34375 102.5 0. 115.550011 9 2 2 0 0 0
18.166 14 GPS 3 36022945 481370095 3254 218166 1439 469 0 18190239 31 0
18.216 14 IR_SENSORS 0 0 100 72 237
18.216 14 ESTIMATOR 218.15773 4.69
18.312 14 WIND_INFO 14 5 -2.9 5.2 0. 8.6
18.316 14 ATTITUDE 0.379467 5.680669 0.318652
18.419 14 NAVIGATION 4 0 -55.3125 105.5 0. 119.120621 9 2 2 0 0 0
18.420 14 GPS 3 36022766 481370390 3287 219326 1437 485 0 18190480 31 0
18.615 14 WP_MOVED 18 360289. 4813605. 220. 31
18.648 14 NAVIGATION 4 0 -57.0625 108.5 0. 122.590286 9 2 2 0 0 0
18.665 14 GPS 3 36022608 481370696 3326 220491 1434 505 0 18190720 31 0
18.716 14 NAVIGATION 4 0 -58.65625 111.5 0. 122.590286 9 2 2 0 0 0
18.717 14 ESTIMATOR 220.528564 5.05
18.815 14 AIRSPEED 8.6 0. 0. 0.
18.815 14 ATTITUDE 0.506555 5.829595 0.352792
18.908 14 NAVIGATION 4 0 -58.65625 111.5 0. 125.98732 10 3 3 0 0 0
18.915 14 DESIRED 0.558813 0.354466 0. -0.827244 162.28656 260. 1.184143 13.
18.915 14 GPS 3 36022475 481371013 3372 221658 1432 505 0 18190960 31 0
19.015 14 CIRCLE 49.5 100.099998 80.
19.099 14 FBW_STATUS 2 0 1 12.5 1.627817
19.116 14 WP_MOVED 19 360289. 4813610. 500. 31
19.148 14 NAVIGATION 4 0 -60. 114.5 0. 129.268127 10 3 3 0 0 0
19.165 14 GPS 3 36022357 481371396 3432 223016 1430 494 0 18191239 31 0
19.216 14 ENERGY 88 12.5 1.627817 20.347708 0.023822 0.297775
19.216 14 ESTIMATOR 223.018448 4.94
19.316 14 CALIBRATION 0. 1
19.316 14 ATTITUDE 0.564436 6.138994 0.370836
19.423 14 NAVIGATION 4 0 -61.1875 118.5 0. 133.364761 10 3 3 0 0 0
19.424 14 IR_SENSORS 0 0 107 120 217
19.424 14 GPS 3 36022289 481371732 3486 224178 1429 491 0 18191480 31 0
19.616 14 DL_VALUE 21 0.
19.616 14 WP_MOVED 20 360289. 4813620. 300. 31
19.648 14 NAVIGATION 4 0 -61.875 122. 0. 136.793701 10 3 3 0 0 0
19.665 14 GPS 3 36022254 481372073 3541 225339 1427 490 0 18191720 31 0
19.716 14 NAVIGATION 4 0 -62.1875 125. 0. 136.793701 10 3 3 0 0 0
19.716 14 ESTIMATOR 225.430008 4.9
19.816 14 AIRSPEED 8.6 0. 0. 0.
19.816 14 ATTITUDE 0.564436 0.159978 0.374536
19.921 14 NAVIGATION 4 0 -62.1875 125. 0. 139.614777 11 4 4 0 0 0
19.921 14 FBW_STATUS 2 0 1 12.5 1.627817
19.923 14 GPS 3 36022253 481372415 3597 226500 1427 495 0 18191960 31 0
19.966 14 DESIRED 0.520731 0.358426 0. 6.596363 167.622421 260. 1.0371 13.
20.016 14 GPS_SOL 693 693 693 7
20.066 14 CIRCLE 49.5 100.099998 80.
20.115 14 WP_MOVED 21 360289. 4813625. 400. 31
20.149 14 NAVIGATION 4 0 -62.21875 128.5 0. 142.770523 11 4 4 0 0 0
20.165 14 GPS 3 36022292 481372813 60 227856 1426 500 0 18192239 31 0
20.215 14 AUTOPILOT_VERSION 51500 v5.15_devel-179-g9a29798-dirty
20.216 14 ESTIMATOR 227.85347 5.
20.316 14 ENERGY 88 12.5 1.627817 20.347708 0.026807 0.335079
20.316 14 ATTITUDE 0.539183 0.456207 0.367207
20.426 14 NAVIGATION 4 0 -61.84375 132.5 0. 146.222092 11 4 4 0 0 0
20.429 14 GPS 3 36022359 481373148 113 229020 1425 505 0 18192480 31 0
20.616 14 IR_SENSORS 0 0 107 109 221
20.616 14 WP_MOVED 22 360289. 4813645. 250. 31
20.649 14 NAVIGATION 4 0 -61.15625 136. 0. 149.117691 11 4 4 0 0 0
20.664 14 GPS 3 36022456 481373476 164 230186 1424 495 0 18192720 31 0
20.716 14 NAVIGATION 4 0 -60.1875 139. 0. 149.117691 11 4 4 0 0 0
20.716 14 ESTIMATOR 230.303726 4.95
20.815 14 AIRSPEED 8.6 0. 0. 0.
20.816 14 ATTITUDE 0.506555 0.687027 0.356456
20.920 14 NAVIGATION 4 0 -60.1875 139. 0. 151.471237 12 5 5 0 0 0
20.921 14 GPS 3 36022581 481373794 214 231352 1424 474 0 18192960 31 0
21.014 14 DESIRED 0.45107 0.35144 0. 15.092823 172.322891 260. 0.890888 13.
21.098 14 FBW_STATUS 2 0 1 12.5 1.627817
21.116 14 DL_VALUE 22 0.
21.116 14 CIRCLE 49.5 100.099998 80.
21.116 14 WP_MOVED 0 360326. 4813637. 260. 31
21.148 14 NAVIGATION 4 0 -58.9375 142.5 0. 154.20726 12 5 5 0 0 0
21.166 14 GPS 3 36022759 481374150 270 232713 1423 478 0 18193239 31 0
21.215 14 ESTIMATOR 232.68663 4.78
21.315 14 ATTITUDE 0.471988 0.896672 0.347664
21.421 14 NAVIGATION 4 0 -57.15625 146. 0. 156.789139 12 5 5 0 0 0
21.421 14 CALIBRATION 0. 1
21.422 14 ENERGY 88 12.5 1.627817 20.347708 0.029791 0.372382
21.422 14 GPS 3 36022938 481374441 315 233881 1422 494 0 18193480 31 0
21.615 14 WP_MOVED 1 360284. 4813595. 260. 31
21.648 14 NAVIGATION 4 0 -55.375 149. 0. 158.957199 12 5 5 0 0 0
21.665 14 GPS 3 36023138 481374718 359 235051 1422 515 0 18193720 31 0
21.715 14 NAVIGATION 4 0 -53.375 151.5 0. 158.957199 12 5 5 0 0 0
21.716 14 ESTIMATOR 235.099579 5.15
21.815 14 IR_SENSORS 0 0 105 89 229
21.815 14 AIRSPEED 8.6 0. 0. 0.
21.816 14 ATTITUDE 0.433512 1.059237 0.342646
21.898 14 NAVIGATION 4 0 -53.375 151.5 0. 160.627335 13 6 6 0 0 0
21.928 14 FBW_STATUS 2 0 1 12.5 1.627817
21.929 14 GPS 3 36023358 481374979 401 236224 1421 518 0 18193960 31 0
21.997 14 COMMANDS 8524,-448,33,0
22.015 14 GPS_SOL 697 697 697 7
22.066 14 DESIRED 0.360855 0.342875 0. 24.179649 175.987274 260. 0.747013 13.
22.116 14 WP_MOVED 2 360333.5 4813695. 260. 31
22.148 14 NAVIGATION 4 0 -51.15625 154.5 0. 162.748917 13 6 6 0 0 0
22.165 14 CIRCLE 49.5 100.099998 80.
22.166 14 GPS 3 36023637 481375263 447 237598 1420 511 0 18194239 31 0
22.216 14 COMMANDS 8524,-446,45,0
22.216 14 ESTIMATOR 237.629272 5.11
22.316 14 STATE_FILTER_STATUS 2 3 417
22.316 14 ATTITUDE 0.389724 1.208405 0.336123
22.398 14 NAVIGATION 4 0 -48.375 157. 0. 164.283722 13 6 6 0 0 0
22.433 14 GPS 3 36023892 481375489 484 238780 1420 517 0 18194480 31 0
22.515 14 PPRZ_MODE 2 3 2 2 0 6
22.515 14 ENERGY 88 12.5 1.627817 20.347708 0.032775 0.409685
22.616 14 ALIVE 179,209,69,119,115,11,176,21,181,244,80,210,55,176,198,136
22.616 14 DL_VALUE 23 0.
22.616 14 WP_MOVED 3 360294.09375 4813785. 260. 31
22.649 14 NAVIGATION 4 0 -45.84375 159.5 0. 165.95752 13 6 6 0 0 0
22.664 14 GPS 3 36024160 481375699 519 239969 1419 518 0 18194720 31 0
22.716 14 NAVIGATION 4 0 -43.15625 161.5 0. 165.95752 13 6 6 0 0 0
22.716 14 ESTIMATOR 240.115829 5.18
22.816 14 DATALINK_REPORT 4 5 878 535 0 0
22.816 14 AIRSPEED 8.6 0. 0. 0.
22.816 14 ATTITUDE 0.339452 1.323504 0.331351
22.898 14 NAVIGATION 4 0 -43.15625 161.5 0. 167.166718 14 7 7 0 0 0
22.922 14 GPS 3 36024439 481375893 551 241163 1417 517 0 18194960 31 0
23.014 14 NAVIGATION_REF 360284 4813595 31 185.
23.015 14 IR_SENSORS 0 0 105 62 237
23.099 14 FBW_STATUS 2 0 1 12.5 1.609974
23.116 14 DESIRED 0.266152 0.329244 0. 33.593018 178.502594 260. 0.596525 13.
23.116 14 WP_MOVED 4 360416.3125 4813734. 260. 31
23.148 14 NAVIGATION 4 0 -40.34375 163.5 0. 168.403885 14 7 7 0 0 0
23.183 14 GPS 3 36024777 481376101 586 242565 1415 520 0 18195239 31 0
23.215 14 CIRCLE 49.5 100.099998 80.
23.216 14 ESTIMATOR 242.620392 5.2
23.315 14 ATTITUDE 0.289938 1.427873 0.328226
23.398 14 NAVIGATION 4 0 -37. 165.5 0. 169.585526 14 7 7 0 0 0
23.433 14 GPS 3 36025074 481376263 614 243770 1409 510 0 18195480 31 0
23.515 14 CALIBRATION 19.76952 2
23.615 14 ENERGY 73 12.5 1.241938 15.52422 0.035591 0.444875
23.616 14 WP_MOVED 5 360421. 4813583.5 260. 31
23.648 14 NAVIGATION 4 0 -34.03125 167. 0. 170.432175 14 7 7 0 0 0
23.665 14 GPS 3 36025375 481376410 639 244969 1394 511 0 18195720 31 0
23.666 14 SVINFO 6 13 0 6 48 61 321
23.716 14 NAVIGATION 4 0 -31. 168.5 0. 170.432175 14 7 7 0 0 0
23.716 14 ESTIMATOR 245.108429 5.11
23.816 14 AIRSPEED 8.6 0. 0. 0.
23.816 14 ATTITUDE 0.239397 1.511098 0.316623
23.899 14 NAVIGATION 4 0 -31. 168.5 0. 171.327896 15 8 8 0 0 0
23.924 14 FBW_STATUS 2 0 1 12.5 1.048487
23.925 14 GPS 3 36025676 481376542 663 246139 1369 495 0 18195960 31 0
24.015 14 GPS_SOL 699 699 699 7
24.116 14 DL_VALUE 24 0.
24.116 14 WP_MOVED 6 360164.8125 4813664.5 260. 31
24.148 14 NAVIGATION 4 0 -28. 170. 0. 172.290451 15 8 8 0 0 0
24.166 14 DESIRED 0.15995 0.145102 0. 45.380657 179.993866 260. 0.410327 13.
24.166 14 GPS 3 36026024 481376678 688 247433 1331 452 0 18196239 31 0
24.216 14 IR_SENSORS 0 0 98 35 244
24.216 14 ESTIMATOR 247.527298 4.52
24.264 14 CIRCLE 49.5 100.099998 80.
24.315 14 ATTITUDE 0.200727 1.596917 0.289716
24.398 14 NAVIGATION 4 0 -24.5 171. 0. 172.746201 15 8 8 0 0 0
24.429 14 GPS 3 36026316 481376779 709 248450 1290 404 0 18196480 31 0
24.615 14 WP_MOVED 7 360558.40625 4813804.5 260. 31
24.648 14 NAVIGATION 4 0 -21.59375 172. 0. 173.350189 15 8 8 0 0 0
24.666 14 GPS 3 36026602 481376867 728 249353 1244 374 0 18196720 31 0
24.714 14 ENERGY 30 12.5 0.450445 5.630565 0.037132 0.464138
24.714 14 NAVIGATION 4 0 -18.75 173. 0. 173.350189 15 8 8 0 0 0
24.715 14 ESTIMATOR 249.546906 3.74
24.816 14 AIRSPEED 8.6 0. 0. 0.
24.816 14 ATTITUDE 0.158539 1.673985 0.240472
24.898 14 NAVIGATION 4 0 -18.75 173. 0. 174.013107 16 9 9 0 0 0
24.932 14 GPS 3 36026878 481376943 746 250122 1194 327 0 18196960 31 0
25.098 14 FBW_STATUS 2 0 1 12.5 0.243296
25.115 14 WP_MOVED 8 360461.40625 4813640. 215. 31
25.148 14 NAVIGATION 4 0 -15.9375 174. 0. 174.728378 16 9 9 0 0 0
25.166 14 GPS 3 36027189 481377017 766 250829 1136 248 0 18197239 31 0
25.167 14 SVINFO 5 12 1 5 48 88 271
25.215 14 DESIRED 0.080947 0.027922 0. 54.349785 179.95285 260. 0.288318 13.
25.216 14 ESTIMATOR 251.109756 2.48
25.316 14 CIRCLE 49.5 100.099998 80.
25.316 14 ATTITUDE 0.125495 1.753485 0.187923
25.398 14 NAVIGATION 4 0 -12.875 174.5 0. 174.974335 16 9 9 0 0 0
25.428 14 IR_SENSORS 0 0 68 13 256
25.429 14 GPS 3 36027445 481377071 782 251265 1092 186 0 18197480 31 0
25.614 14 CALIBRATION 150. 0
25.615 14 DL_VALUE 25 0.
25.615 14 WP_MOVED 9 360312.8125 4813652. 185. 31
25.649 14 NAVIGATION 4 0 -10.3125 175. 0. 175.303589 16 9 9 0 0 0
25.664 14 GPS 3 36027696 481377117 796 251552 1063 112 0 18197720 31 0
25.716 14 NAVIGATION 4 0 -7.78125 175.5 0. 175.303589 16 9 9 0 0 0
25.716 14 ESTIMATOR 251.940826 1.12
25.815 14 ENERGY 17 12.5 0.210458 2.63072 0.037595 0.469932
25.815 14 AIRSPEED 8.6 0. 0. 0.
25.816 14 ATTITUDE 0.089852 1.812108 0.129358
25.898 14 NAVIGATION 4 0 -7.78125 175.5 0. 175.672409 17 10 10 0 0 0
25.933 14 FBW_STATUS 2 0 1 12.5 0.210458
25.934 14 GPS 3 36027945 481377157 808 251709 1050 66 0 18197960 31 0
26.014 14 GPS_SOL 699 699 699 7
26.115 14 WP_MOVED 10 360452.8125 4813581. 260. 31
26.149 14 NAVIGATION 4 0 -5.3125 176. 0. 176.080154 17 10 10 0 0 0
26.165 14 GPS 3 36028237 481377198 820 251759 1051 12 0 18198239 31 0
26.215 14 ESTIMATOR 252.127014 0.12
26.266 14 DESIRED 0.03903 0.018411 0. 62.241459 179.078827 260. 0.237321 13.
26.315 14 ATTITUDE 0.062832 1.845764 0.08283
26.365 14 CIRCLE 49.5 100.099998 80.
26.398 14 NAVIGATION 4 0 -2.375 176.5 0. 176.515976 17 10 10 0 0 0
26.433 14 GPS 3 36028490 481377229 829 251716 1062 -18 0 18198480 31 0
26.615 14 IR_SENSORS 0 0 39 -4 263
26.616 14 WP_MOVED 11 360169.5 4813757.5 260. 31
26.649 14 NAVIGATION 4 0 0.125 176.5 0. 176.500046 17 10 10 0 0 0
26.665 14 GPS 3 36028747 481377258 836 251617 1078 -49 0 18198719 31 0
26.715 14 NAVIGATION 4 0 2.71875 177. 0. 176.500046 17 10 10 0 0 0
26.716 14 ESTIMATOR 251.900604 -0.49
26.815 14 AIRSPEED 8.6 0. 0. 0.
26.816 14 ATTITUDE 0.040022 1.857111 0.045036
26.898 14 NAVIGATION 4 0 2.71875 177. 0. 177.020874 18 11 11 0 0 0
26.938 14 ENERGY 20 12.5 0.251684 3.146046 0.038009 0.475105
26.939 14 GPS 3 36029009 481377284 841 251481 1096 -77 0 18198960 31 0
26.997 14 COMMANDS 2050,24,-264,0
27.098 14 FBW_STATUS 2 0 1 12.5 0.271781
27.115 14 DL_VALUE 26 160.
27.116 14 WP_MOVED 12 360287.59375 4813581. 260. 31
27.148 14 NAVIGATION 4 0 5.34375 177.5 0. 177.580414 18 11 11 0 0 0
27.165 14 GPS 3 36029321 481377314 846 251294 1121 -62 0 18199239 31 0
27.215 14 COMMANDS 2154,51,-120,0
27.215 14 ESTIMATOR 251.453964 -0.62
27.316 14 STATE_FILTER_STATUS 2 3 301
27.316 14 DESIRED 0.039466 0.015443 0. 70.60379 177.266251 260. 0.248947 13.
27.317 14 ATTITUDE 0.028754 1.85823 0.018399
27.398 14 NAVIGATION 4 0 8.4375 177.5 0. 177.700424 18 11 11 0 0 0
27.426 14 CIRCLE 49.5 100.099998 80.
27.427 14 GPS 3 36029594 481377337 850 251121 1143 -63 0 18199480 31 0
27.515 14 PPRZ_MODE 2 3 2 2 0 6
27.616 14 ALIVE 179,209,69,119,115,11,176,21,181,244,80,210,55,176,198,136
27.617 14 WP_MOVED 13 360311.5 4813547. 260. 31
27.648 14 NAVIGATION 4 0 11.15625 178. 0. 178.349274 18 11 11 0 0 0
27.665 14 GPS 3 36029873 481377360 853 250947 1164 -79 0 18199719 31 0
27.715 14 CALIBRATION 84.280319 0
27.716 14 NAVIGATION 4 0 13.96875 178. 0. 178.349274 18 11 11 0 0 0
27.716 14 ESTIMATOR 251.05751 -0.79
27.814 14 IR_SENSORS 0 0 24 -8 264
27.815 14 AIRSPEED 8.6 0. 0. 0.
27.815 14 ATTITUDE 0.032538 1.85601 0.003393
27.898 14 NAVIGATION 4 0 13.96875 178. 0. 178.547256 19 12 12 0 0 0
27.919 14 DATALINK_REPORT 10 5 1002 535 0 0
27.920 14 FBW_STATUS 2 0 1 12.5 0.339919
27.920 14 GPS 3 36030156 481377382 856 250777 1184 -88 0 18199960 31 0
28.014 14 GPS_SOL 699 699 699 7
28.014 14 ENERGY 27 12.5 0.350539 4.381734 0.03856 0.481991
28.115 14 WP_MOVED 14 360300.6875 4813575.5 260. 31
28.148 14 NAVIGATION 4 0 16.8125 178.5 0. 179.290024 19 12 12 0 0 0
28.164 14 GPS 3 36030493 481377405 860 250591 1206 -80 0 18200239 31 0
28.215 14 ESTIMATOR 250.611588 -0.8
28.313 14 WIND_INFO 14 5 0.1 3.1 0. 11.7
28.315 14 ATTITUDE 0.040108 1.855775 -0.004125
28.366 14 DESIRED 0.063448 0.018314 0. 79.943237 174.081146 260. 0.274839 13.
28.398 14 NAVIGATION 4 0 20.15625 178.5 0. 179.634415 19 12 12 0 0 0
28.437 14 GPS 3 36030786 481377423 864 250446 1224 -70 0 18200480 31 0
28.438 14 SVINFO 4 11 1 4 48 81 223
28.466 14 CIRCLE 49.5 100.099998 80.
28.615 14 DL_VALUE 27 0.
28.616 14 WP_MOVED 15 360297.6875 4813554.5 260. 31
28.649 14 NAVIGATION 4 0 23.09375 178.5 0. 179.987701 19 12 12 0 0 0
28.665 14 GPS 3 36031084 481377439 869 250319 1241 -50 0 18200719 31 0
28.716 14 NAVIGATION 4 0 26.09375 179. 0. 179.987701 19 12 12 0 0 0
28.716 14 ESTIMATOR 250.264343 -0.5
28.815 14 AIRSPEED 11.7 0. 0. 0.
28.815 14 ATTITUDE 0.059058 1.76729 -0.004438
28.898 14 NAVIGATION 4 0 26.09375 179. 0. 180.891907 20 13 13 0 0 0
28.937 14 GPS 3 36031385 481377452 875 250211 1256 -46 0 18200960 31 0
28.938 14 SVINFO 6 13 1 6 47 52 324
29.015 14 IR_SENSORS 0 0 22 0 265
29.098 14 FBW_STATUS 2 0 1 12.5 0.44151
29.115 14 ENERGY 32 12.5 0.44151 5.51888 0.039294 0.49117
29.115 14 WP_MOVED 16 361184. 4813643. 260. 31
29.148 14 NAVIGATION 4 0 29.09375 179. 0. 181.348953 20 13 13 0 0 0
29.165 14 GPS 3 36031740 481377462 883 250113 1271 -23 0 18201239 31 0
29.216 14 ESTIMATOR 250.060822 -0.23
29.315 14 ATTITUDE 0.074195 1.784952 -0.000365
29.398 14 NAVIGATION 4 0 32.65625 179. 0. 181.954468 20 13 13 0 0 0
29.435 14 DESIRED 0.110092 0.023032 0. 93.011688 167.232208 260. 0.298175 13.
29.435 14 GPS 3 36032048 481377467 890 250053 1281 -25 0 18201480 31 0
29.515 14 CIRCLE 49.5 100.099998 80.
29.615 14 WP_MOVED 17 361184. 4813643. 260. 31
29.648 14 NAVIGATION 4 0 35.71875 179. 0. 182.528976 20 13 13 0 0 0
29.665 14 GPS 3 36032357 481377467 899 250015 1289 -25 0 18201719 31 0
29.715 14 NAVIGATION 4 0 38.8125 179. 0. 182.528976 20 13 13 0 0 0
29.715 14 ESTIMATOR 249.96936 -0.25
29.816 14 CALIBRATION -19.633451 0
29.817 14 AIRSPEED 11.7 0. 0. 0.
29.817 14 ATTITUDE 0.100693 1.808109 0.007149
29.898 14 NAVIGATION 4 0 38.8125 179. 0. 183.159515 21 14 14 0 0 0
29.942 14 FBW_STATUS 2 0 1 12.5 0.481579
29.943 14 GPS 3 36032668 481377462 909 249999 1296 -17 0 18201960 31 0
30.015 14 GPS_SOL 697 697 697 7
30.115 14 DL_VALUE 28 0.32
30.116 14 WP_MOVED 18 360289. 4813605. 220. 31
30.148 14 NAVIGATION 4 0 41.9375 179. 0. 183.847092 21 14 14 0 0 0
30.165 14 GPS 3 36033033 481377448 923 250006 1303 0 0 18202239 31 0
30.216 14 IR_SENSORS 0 0 27 14 264
30.216 14 ENERGY 35 12.5 0.496959 6.211993 0.040154 0.501914
30.216 14 ESTIMATOR 249.91835 0.
30.315 14 ATTITUDE 0.119589 1.845586 0.014652
30.398 14 NAVIGATION 4 0 45.5625 179. 0. 184.707718 21 14 14 0 0 0
30.446 14 GPS 3 36033346 481377429 935 250033 1307 8 0 18202480 31 0
30.449 14 SVINFO 5 12 1 5 47 85 274
30.465 14 DESIRED 0.148991 0.030299 0. 103.178696 159.417755 260. 0.302449 13.
30.565 14 CIRCLE 49.5 100.099998 80.
30.615 14 WP_MOVED 19 360289. 4813610. 500. 31
30.648 14 NAVIGATION 4 0 48.6875 179. 0. 185.503296 21 14 14 0 0 0
30.665 14 GPS 3 36033660 481377403 948 250078 1310 29 0 18202719 31 0
30.716 14 NAVIGATION 4 0 51.84375 178.5 0. 185.503296 21 14 14 0 0 0
30.716 14 ESTIMATOR 249.99614 0.29
30.781 14 BLOCK 15 14
30.782 14 NAVIGATION 15 0 51.84375 178.5 0. 185.503296 21 0 0 0 0 0
30.814 14 AIRSPEED 11.7 0. 0. 0.
30.814 14 ATTITUDE 0.138731 1.884205 0.022556
30.899 14 NAVIGATION 15 1 51.84375 178.5 4812174. 185.876373 22 1 0 0 0 0
30.915 14 GPS 3 36033973 481377369 961 250139 1312 23 0 18202960 31 0
31.099 14 FBW_STATUS 2 0 1 12.5 0.350039
31.115 14 WP_MOVED 20 360289. 4813620. 300. 31
31.148 14 NAVIGATION 15 1 54.96875 178.5 4812174. 186.772079 22 1 0 0 0 0
31.166 14 GPS 3 36034336 481377318 981 250223 1306 45 0 18203239 31 0
31.214 14 ESTIMATOR 250.164459 0.45
31.315 14 AUTOPILOT_VERSION 51500 v5.15_devel-179-g9a29798-dirty
31.315 14 ENERGY 14 12.5 0.198326 2.479069 0.040971 0.512128
31.316 14 ATTITUDE 0.222384 1.939383 0.012023
31.399 14 NAVIGATION 15 1 58.625 177.5 4812172.5 186.930847 22 1 0 0 0 0
31.415 14 IR_SENSORS 0 0 23 50 260
31.415 14 GPS 3 36034640 481377264 1001 250276 1285 43 0 18203480 31 0
31.513 14 DESIRED 0.486525 -0.221658 0. -1500. -4811995. 200. -1.504934 13.
31.616 14 DL_VALUE 29 0.
31.616 14 WP_MOVED 21 360289. 4813625. 400. 31
31.648 14 NAVIGATION 15 1 61.65625 177.5 4812172.5 187.903549 22 1 0 0 0 0
31.666 14 GPS 3 36034932 481377196 1030 250266 1250 1 0 18203719 31 0
31.666 14 SVINFO 3 10 1 3 48 48 175
31.715 14 NAVIGATION 15 1 64.5625 176.5 4812172.5 187.903549 22 1 0 0 0 0
31.715 14 ESTIMATOR 250.353836 0.01
31.814 14 AIRSPEED 11.7 0. 0. 0.
31.815 14 ATTITUDE 0.349949 2.025964 -0.040057
31.898 14 NAVIGATION 15 1 64.5625 176.5 4812171.5 187.937668 23 2 1 0 0 0
31.945 14 CALIBRATION -36.855541 1
31.945 14 FBW_STATUS 2 0 1 12.5 0.091552
31.946 14 GPS 3 36035212 481377113 1066 250158 1219 -45 0 18203960 31 0
31.997 14 COMMANDS 852,452,-1805,0
32.015 14 NAVIGATION_REF 360284 4813595 31 185.
32.015 14 GPS_SOL 694 694 694 7
32.115 14 WP_MOVED 22 360289. 4813645. 250. 31
32.148 14 NAVIGATION 15 1 67.375 175.5 4812170.5 187.988403 23 2 1 0 0 0
32.164 14 GPS 3 36035525 481376990 1122 249889 1198 -104 0 18204239 31 0
32.214 14 COMMANDS 852,-7,-1427,0
32.215 14 ESTIMATOR 250.114792 -1.04
32.315 14 STATE_FILTER_STATUS 2 3 346
32.316 14 ATTITUDE 0.433528 2.17777 -0.099412
32.398 14 NAVIGATION 15 1 70.5 174.5 4812169.5 188.203354 23 2 1 0 0 0
32.415 14 ENERGY 8 12.5 0.091552 1.144399 0.041151 0.51438
32.416 14 GPS 3 36035781 481376860 1169 249534 1194 -172 0 18204480 31 0
32.417 14 SVINFO 6 13 1 6 46 46 326
32.514 14 PPRZ_MODE 2 3 2 0 0 6
32.566 14 DESIRED 0.394268 -0.202724 0. -1500. -4811995. 200. -1.503444 13.
32.616 14 ALIVE 179,209,69,119,115,11,176,21,181,244,80,210,55,176,198,136
32.616 14 IR_SENSORS 0 0 -12 101 245
32.616 14 WP_MOVED 0 360326. 4813637. 260. 31
32.648 14 NAVIGATION 15 1 73.0625 173. 4812168. 187.795441 23 2 1 0 0 0
32.665 14 GPS 3 36036024 481376706 1223 249071 1197 -212 0 18204719 31 0
32.715 14 NAVIGATION 15 1 75.5 171.5 4812168. 187.795441 23 2 1 0 0 0
32.716 14 ESTIMATOR 249.272644 -2.12
32.815 14 AIRSPEED 11.7 0. 0. 0.
32.816 14 ATTITUDE 0.450356 2.329787 -0.160604
32.898 14 NAVIGATION 15 1 75.5 171.5 4812167. 187.383301 24 3 2 0 0 0
32.915 14 GPS 3 36036253 481376529 1277 248517 1208 -267 0 18204960 31 0
33.014 14 DATALINK_REPORT 3 7 1127 546 0 0
33.098 14 FBW_STATUS 2 0 1 12.5 0.091552
33.116 14 DL_VALUE 30 0.01
33.116 14 WP_MOVED 1 360284. 4813595. 260. 31
33.148 14 NAVIGATION 15 1 77.78125 170. 4812165.5 186.948975 24 3 2 0 0 0
33.165 14 GPS 3 36036502 481376293 1342 247774 1228 -305 0 18205239 31 0
33.166 14 SVINFO 2 9 0 2 48 10 126
33.216 14 ESTIMATOR 247.954697 -3.05
33.316 14 ATTITUDE 0.414514 2.501531 -0.199694
33.398 14 NAVIGATION 15 1 80.28125 167.5 4812162.5 185.745331 24 3 2 0 0 0
33.415 14 GPS 3 36036699 481376068 1387 247076 1244 -329 0 18205480 31 0
33.514 14 ENERGY 8 12.5 0.091552 1.144399 0.041319 0.516476
33.616 14 DESIRED 0.326454 -0.210064 0. -1500. -4811995. 200. -1.438641 13.
33.616 14 WP_MOVED 2 360333.5 4813695. 260. 31
33.649 14 NAVIGATION 15 1 82.25 165. 4812160.5 184.363937 24 3 2 0 0 0
33.665 14 GPS 3 36036881 481375825 1432 246335 1263 -360 0 18205719 31 0
33.665 14 SVINFO 4 11 1 4 47 86 226
33.715 14 NAVIGATION 15 1 84.0625 163. 4812160.5 184.363937 24 3 2 0 0 0
33.716 14 ESTIMATOR 246.338654 -3.6
33.815 14 IR_SENSORS 0 0 -35 78 252
33.817 14 AIRSPEED 11.7 0. 0. 0.
33.817 14 ATTITUDE 0.363003 2.62825 -0.225272
33.898 14 NAVIGATION 15 1 84.0625 163. 4812158.5 183.399841 25 4 3 0 0 0
33.917 14 FBW_STATUS 2 0 1 12.5 0.091552
33.917 14 GPS 3 36037046 481375566 1474 245567 1281 -377 0 18205960 31 0
33.918 14 SVINFO 5 12 0 5 46 82 276
34.015 14 CALIBRATION -36.855541 1
34.015 14 GPS_SOL 690 690 690 7
34.116 14 WP_MOVED 3 360294.09375 4813785. 260. 31
34.147 14 NAVIGATION 15 1 85.71875 160. 4812155.5 181.515015 25 4 3 0 0 0
34.166 14 GPS 3 36037220 481375246 1521 244648 1302 -369 0 18206239 31 0
34.214 14 ESTIMATOR 244.559723 -3.69
34.314 14 ATTITUDE 0.317052 2.752775 -0.235771
34.398 14 NAVIGATION 15 1 87.4375 157. 4812152. 179.706192 25 4 3 0 0 0
34.415 14 GPS 3 36037352 481374959 1552 243851 1316 -382 0 18206480 31 0
34.616 14 DL_VALUE 31 0.1
34.617 14 ENERGY 8 12.5 0.091552 1.144399 0.041487 0.518573
34.617 14 WP_MOVED 4 360416.3125 4813734. 260. 31
34.648 14 NAVIGATION 15 1 88.78125 154. 4812149. 177.758575 25 4 3 0 0 0
34.665 14 DESIRED 0.223309 -0.220247 0. -1500. -4811995. 200. -1.310094 13.
34.666 14 GPS 3 36037469 481374662 1584 243054 1329 -371 0 18206719 31 0
34.715 14 NAVIGATION 15 1 89.9375 151. 4812149. 177.758575 25 4 3 0 0 0
34.716 14 ESTIMATOR 242.8255 -3.71
34.815 14 AIRSPEED 11.7 0. 0. 0.
34.816 14 ATTITUDE 0.269936 2.841952 -0.237868
34.898 14 NAVIGATION 15 1 89.9375 151. 4812146. 175.754807 26 5 4 0 0 0
34.915 14 GPS 3 36037572 481374357 1613 242262 1340 -368 0 18206960 31 0
35.014 14 IR_SENSORS 0 0 -39 49 258
35.098 14 FBW_STATUS 2 0 1 12.5 0.091552
35.116 14 WP_MOVED 5 360421. 4813583.5 260. 31
35.149 14 NAVIGATION 15 1 90.96875 148. 4812143.5 173.721939 26 5 4 0 0 0
35.166 14 GPS 3 36037674 481373994 1646 241348 1351 -356 0 18207239 31 0
35.167 14 SVINFO 3 10 1 3 47 54 177
35.215 14 ESTIMATOR 241.142456 -3.56
35.315 14 ATTITUDE 0.227354 2.929772 -0.236723
35.398 14 NAVIGATION 15 1 91.96875 144.5 4812140. 171.284851 26 5 4 0 0 0
35.415 14 GPS 3 36037748 481373676 1668 240578 1357 -345 0 18207480 31 0
35.616 14 WP_MOVED 6 360164.8125 4813664.5 260. 31
35.648 14 NAVIGATION 15 1 92.71875 141. 4812136.5 168.753571 26 5 4 0 0 0
35.665 14 GPS 3 36037811 481373355 1689 239821 1362 -349 0 18207719 31 0
35.716 14 ENERGY 8 12.5 0.091552 1.144399 0.041655 0.52067
35.716 14 DESIRED 0.130478 -0.230354 0. -1500. -4811995. 200. -1.210082 13.
35.717 14 NAVIGATION 15 1 93.375 138. 4812136.5 168.753571 26 5 4 0 0 0
35.717 14 ESTIMATOR 239.56282 -3.49
35.815 14 AIRSPEED 11.7 0. 0. 0.
35.815 14 ATTITUDE 0.181052 2.9906 -0.231844
35.898 14 NAVIGATION 15 1 93.375 138. 4812133.5 166.621994 27 6 5 0 0 0
35.915 14 FBW_STATUS 2 0 1 12.5 0.091552
35.916 14 GPS 3 36037863 481373031 1708 239077 1366 -340 0 18207960 31 0
35.916 14 SVINFO 6 13 1 6 45 40 328
36.014 14 GPS_SOL 685 685 685 7
36.116 14 CALIBRATION -36.855541 1
36.116 14 DL_VALUE 32 0.
36.116 14 WP_MOVED 7 360558.40625 4813804.5 260. 31
36.148 14 NAVIGATION 15 1 93.875 134.5 4812130. 164.02063 27 6 5 0 0 0
36.165 14 GPS 3 36037912 481372651 1729 238224 1369 -301 0 18208239 31 0
36.216 14 IR_SENSORS 0 0 -38 21 262
36.216 14 ESTIMATOR 238.012741 -3.01
36.316 14 ATTITUDE 0.13902 3.047118 -0.2313
36.398 14 NAVIGATION 15 1 94.375 131. 4812126.5 161.454758 27 6 5 0 0 0
36.416 14 GPS 3 36037945 481372324 1742 237503 1370 -305 0 18208480 31 0
36.417 14 SVINFO 1 8 1 1 48 0 78
36.615 14 WP_MOVED 8 358784. 1600. 200. 31
36.648 14 NAVIGATION 15 1 94.6875 127.5 4812123. 158.81427 27 6 5 0 0 0
36.666 14 GPS 3 36037970 481371996 1754 236789 1370 -299 0 18208719 31 0
36.717 14 NAVIGATION 15 1 94.9375 124.5 4812123. 158.81427 27 6 5 0 0 0
36.717 14 ESTIMATOR 236.618958 -2.99
36.765 14 DESIRED 0.058989 -0.239892 0. -1500. -4811995. 200. -1.119679 13.
36.815 14 ENERGY 8 12.5 0.091552 1.144399 0.041823 0.522767
36.816 14 AIRSPEED 11.7 0. 0. 0.
36.816 14 ATTITUDE 0.097039 3.083314 -0.23076
36.898 14 NAVIGATION 15 1 94.9375 124.5 4812120. 156.56749 28 7 6 0 0 0
36.916 14 GPS 3 36037990 481371668 1765 236080 1370 -287 0 18208960 31 0
36.999 14 COMMANDS 852,-296,-123,0
37.098 14 FBW_STATUS 2 0 1 12.5 0.091552
37.116 14 WP_MOVED 9 360312.8125 4813652. 185. 31
37.148 14 NAVIGATION 15 1 95.15625 121.5 4812116.5 154.327454 28 7 6 0 0 0
37.166 14 GPS 3 36038007 481371285 1776 235255 1370 -285 0 18209239 31 0
37.166 14 SVINFO 4 11 0 4 46 88 228
37.216 14 COMMANDS 852,-262,-142,0
37.216 14 ESTIMATOR 235.219772 -2.85
37.315 14 STATE_FILTER_STATUS 2 3 302
37.316 14 ATTITUDE 0.066634 3.113686 -0.23076
37.399 14 NAVIGATION 15 1 95.34375 117.5 4812113. 151.316483 28 7 6 0 0 0
37.415 14 IR_SENSORS 0 0 -38 0 263
37.415 14 GPS 3 36038017 481370956 1782 234548 1369 -291 0 18209480 31 0
37.416 14 SVINFO 5 12 1 5 45 78 278
37.515 14 PPRZ_MODE 2 3 2 0 0 6
37.616 14 ALIVE 179,209,69,119,115,11,176,21,181,244,80,210,55,176,198,136
37.616 14 DL_VALUE 33 0.15
37.616 14 WP_MOVED 10 360452.8125 4813581. 260. 31
37.649 14 NAVIGATION 15 1 95.40625 114. 4812109.5 148.655136 28 7 6 0 0 0
37.665 14 GPS 3 36038024 481370627 1788 233838 1369 -304 0 18209719 31 0
37.665 14 SVINFO 6 13 1 6 44 37 329
37.715 14 NAVIGATION 15 1 95.5 110.5 4812109.5 148.655136 28 7 6 0 0 0
37.715 14 ESTIMATOR 233.802551 -3.04
37.816 14 DESIRED 0.017793 -0.24584 0. -1500. -4811995. 200. -1.035533 13.
37.817 14 AIRSPEED 11.7 0. 0. 0.
37.817 14 ATTITUDE 0.039935 3.130885 -0.235036
37.898 14 NAVIGATION 15 1 95.5 110.5 4812106. 146.049652 29 8 7 0 0 0
37.916 14 FBW_STATUS 2 0 1 12.5 0.091552
37.916 14 ENERGY 8 12.5 0.091552 1.144399 0.041991 0.524863
37.917 14 GPS 3 36038028 481370299 1792 233124 1369 -311 0 18209960 31 0
37.917 14 SVINFO 0 7 0 0 48 24 29
38.015 14 GPS_SOL 678 678 678 7
38.116 14 DATALINK_REPORT 8 7 1252 530 0 0
38.116 14 WP_MOVED 11 360169.5 4813757.5 260. 31
38.147 14 NAVIGATION 15 1 95.53125 107.5 4812103. 143.814011 29 8 7 0 0 0
38.166 14 GPS 3 36038031 481369915 1796 232283 1370 -313 0 18210239 31 0
38.216 14 CALIBRATION -36.855541 1
38.217 14 ESTIMATOR 232.285263 -3.13
38.314 14 WIND_INFO 14 5 -0.4 0.7 0. 13.5
38.315 14 ATTITUDE 0.020872 3.142807 -0.238768
38.399 14 NAVIGATION 15 1 95.5625 103.5 4812098.5 140.8703 29 8 7 0 0 0
38.415 14 GPS 3 36038031 481369586 1798 231556 1370 -323 0 18210480 31 0
38.416 14 SVINFO 2 9 1 2 47 17 129
38.616 14 IR_SENSORS 0 0 -41 -13 262
38.616 14 WP_MOVED 12 360287.59375 4813581. 260. 31
38.648 14 NAVIGATION 15 1 95.5625 100.5 4812096. 138.681076 29 8 7 0 0 0
38.665 14 GPS 3 36038031 481369257 1800 230821 1372 -334 0 18210719 31 0
38.666 14 SVINFO 3 10 0 3 46 60 179
38.715 14 NAVIGATION 15 1 95.5625 97. 4812096. 138.681076 29 8 7 0 0 0
38.716 14 ESTIMATOR 230.737778 -3.34
38.815 14 AIRSPEED 13.5 0. 0. 0.
38.815 14 ATTITUDE 0.005642 3.11446 -0.246219
38.866 14 DESIRED 0.001054 -0.249412 0. -1500. -4811995. 200. -0.945494 13.
38.898 14 NAVIGATION 15 1 95.5625 97. 4812092.5 136.166046 30 9 8 0 0 0
38.916 14 GPS 3 36038030 481368927 1801 230080 1373 -327 0 18210960 31 0
39.014 14 ENERGY 8 12.5 0.091552 1.144399 0.042159 0.52696
39.098 14 FBW_STATUS 2 0 1 12.5 0.091552
39.115 14 DL_VALUE 34 0.05
39.115 14 WP_MOVED 13 360311.5 4813547. 260. 31
39.148 14 NAVIGATION 15 1 95.5625 94. 4812089. 134.045486 30 9 8 0 0 0
39.165 14 GPS 3 36038029 481368542 1801 229208 1375 -328 0 18211239 31 0
39.214 14 ESTIMATOR 229.150696 -3.28
39.314 14 ATTITUDE -0.00221 3.116457 -0.246818
39.397 14 NAVIGATION 15 1 95.53125 90. 4812085.5 131.248688 30 9 8 0 0 0
39.415 14 GPS 3 36038029 481368211 1801 228454 1376 -334 0 18211480 31 0
39.615 14 WP_MOVED 14 360300.6875 4813575.5 260. 31
39.648 14 NAVIGATION 15 1 95.53125 86.5 4812081.5 128.873856 30 9 8 0 0 0
39.664 14 GPS 3 36038028 481367881 1800 227696 1378 -341 0 18211719 31 0
39.715 14 NAVIGATION 15 1 95.53125 83. 4812081.5 128.873856 30 9 8 0 0 0
39.715 14 ESTIMATOR 227.570755 -3.41
39.816 14 IR_SENSORS 0 0 -43 -17 261
39.816 14 AIRSPEED 13.5 0. 0. 0.
39.817 14 ATTITUDE -0.00221 3.11555 -0.250551
39.898 14 NAVIGATION 15 1 95.53125 83. 4812078. 126.551254 31 10 9 0 0 0
39.916 14 FBW_STATUS 2 0 1 12.5 0.091552
39.916 14 DESIRED -0.000667 -0.24977 0. -1500. -4811995. 200. -0.827123 13.
39.917 14 GPS 3 36038028 481367549 1800 226933 1380 -329 0 18211960 31 0
39.917 14 SVINFO 1 8 1 1 47 0 80
40.014 14 GPS_SOL 670 670 670 7
40.115 14 ENERGY 8 12.5 0.091552 1.144399 0.042327 0.529057
40.116 14 WP_MOVED 15 360297.6875 4813554.5 260. 31
40.148 14 NAVIGATION 15 1 95.53125 80. 4812075.5 124.604256 31 10 9 0 0 0
40.165 14 GPS 3 36038028 481367162 1799 226040 1382 -333 0 18212239 31 0
40.216 14 ESTIMATOR 225.973877 -3.33
40.315 14 CALIBRATION -36.855541 1
40.316 14 ATTITUDE -0.00221 3.113957 -0.250551
40.399 14 NAVIGATION 15 1 95.53125 76. 4812071. 122.074646 31 10 9 0 0 0
40.415 14 GPS 3 36038028 481366830 1799 225273 1384 -307 0 18212480 31 0
40.614 14 DL_VALUE 35 0.
40.615 14 WP_MOVED 16 361184. 4813643. 260. 31
40.648 14 NAVIGATION 15 1 95.53125 72.5 4812067.5 119.926933 31 10 9 0 0 0
40.665 14 GPS 3 36038028 481366497 1799 224504 1385 -312 0 18212719 31 0
40.665 14 SVINFO 4 11 1 4 45 89 230
40.716 14 NAVIGATION 15 1 95.53125 69.5 4812067.5 119.926933 31 10 9 0 0 0
40.717 14 ESTIMATOR 224.43248 -3.12
40.816 14 AIRSPEED 13.5 0. 0. 0.
40.816 14 ATTITUDE -0.00221 3.112721 -0.254278
40.898 14 NAVIGATION 15 1 95.53125 69.5 4812064.5 118.137505 32 11 10 0 0 0
40.916 14 GPS 3 36038029 481366164 1798 223736 1387 -308 0 18212960 31 0
40.916 14 SVINFO 5 12 1 5 44 73 280
40.966 14 DESIRED 0.001067 -0.249833 0. -1500. -4811995. 200. -0.732974 13.
41.015 14 NAVIGATION_REF 360284 4813595 31 185.
41.015 14 IR_SENSORS 0 0 -43 -16 261
41.098 14 FBW_STATUS 2 0 1 12.5 0.091552
41.115 14 WP_MOVED 17 361184. 4813643. 260. 31
41.148 14 NAVIGATION 15 1 95.53125 66.5 4812062. 116.397896 32 11 10 0 0 0
41.166 14 GPS 3 36038030 481365776 1798 222841 1388 -292 0 18213239 31 0
41.167 14 SVINFO 6 13 0 6 43 31 331
41.216 14 ENERGY 8 12.5 0.091552 1.144399 0.042494 0.531154
41.216 14 ESTIMATOR 222.887802 -2.92
41.316 14 ATTITUDE 0.001606 3.112041 -0.250551
41.398 14 NAVIGATION 15 1 95.5625 62. 4812057. 113.913086 32 11 10 0 0 0
41.415 14 GPS 3 36038031 481365442 1798 222075 1389 -313 0 18213480 31 0
41.616 14 WP_MOVED 18 360289. 4813605. 220. 31
41.648 14 NAVIGATION 15 1 95.5625 59. 4812054. 112.308464 32 11 10 0 0 0
41.666 14 GPS 3 36038032 481365109 1798 221311 1389 -297 0 18213719 31 0
41.716 14 NAVIGATION 15 1 95.5625 55.5 4812054. 112.308464 32 11 10 0 0 0
41.716 14 ESTIMATOR 221.343018 -2.97
41.816 14 AIRSPEED 13.5 0. 0. 0.
41.816 14 ATTITUDE 0.001606 3.111771 -0.250551
41.898 14 NAVIGATION 15 1 95.5625 55.5 4812050.5 110.509918 33 12 11 0 0 0
41.915 14 FBW_STATUS 2 0 1 12.5 0.091552
41.916 14 GPS 3 36038033 481364775 1798 220548 1390 -298 0 18213960 31 0
41.916 14 SVINFO 2 9 1 2 46 22 131
41.997 14 COMMANDS 852,0,8,0
42.015 14 GPS_SOL 661 661 661 7
42.015 14 DESIRED 0.001507 -0.249833 0. -1500. -4811995. 200. -0.64029 13.
42.116 14 DL_VALUE 36 0.
42.116 14 WP_MOVED 19 360289. 4813610. 500. 31
42.148 14 NAVIGATION 15 1 95.5625 52. 4812047. 108.794258 33 12 11 0 0 0
42.166 14 GPS 3 36038034 481364385 1798 219659 1390 -271 0 18214239 31 0
42.167 14 SVINFO 3 10 1 3 45 66 181
42.215 14 COMMANDS 852,0,8,0
42.216 14 IR_SENSORS 0 0 -43 -16 261
42.216 14 ESTIMATOR 219.795029 -2.71
42.316 14 STATE_FILTER_STATUS 2 3 319
42.316 14 ENERGY 8 12.5 0.091552 1.144399 0.042662 0.533251
42.317 14 ATTITUDE 0.005424 3.111746 -0.250551
42.399 14 NAVIGATION 15 1 95.5625 48.5 4812043.5 107.165489 33 12 11 0 0 0
42.415 14 AUTOPILOT_VERSION 51500 v5.15_devel-179-g9a29798-dirty
42.416 14 CALIBRATION -36.940655 2
42.416 14 GPS 3 36038034 481364052 1798 218898 1391 -267 0 18214480 31 0
42.417 14 SVINFO 4 11 1 4 44 89 231
42.514 14 PPRZ_MODE 2 3 2 0 0 6
42.616 14 ALIVE 179,209,69,119,115,11,176,21,181,244,80,210,55,176,198,136
42.617 14 WP_MOVED 20 360289. 4813620. 300. 31
42.648 14 NAVIGATION 15 1 95.5625 45. 4812040. 105.627609 33 12 11 0 0 0
42.665 14 GPS 3 36038035 481363718 1799 218139 1391 -269 0 18214719 31 0
42.716 14 NAVIGATION 15 1 95.625 41.5 4812040. 105.627609 33 12 11 0 0 0
42.716 14 ESTIMATOR 218.328217 -2.69
42.815 14 AIRSPEED 13.5 0. 0. 0.
42.816 14 ATTITUDE 0.005424 3.112593 -0.250551
42.898 14 NAVIGATION 15 1 95.625 41.5 4812036.5 104.241982 33 13 12 0 0 0
42.915 14 GPS 3 36038035 481363383 1799 217381 1392 -271 0 18214960 31 0
42.915 14 SVINFO 6 13 1 6 42 28 332
43.066 14 DESIRED 0.001073 -0.212214 0. -1500. -4811995. 200. -0.549846 13.
43.098 14 FBW_STATUS 2 0 1 12.5 0.130243
43.116 14 WP_MOVED 21 360289. 4813625. 400. 31
43.148 14 NAVIGATION 15 1 95.625 38.5 4812033.5 103.084389 34 13 12 0 0 0
43.165 14 GPS 3 36038036 481362992 1799 216502 1396 -297 0 18215239 31 0
43.166 14 SVINFO 0 7 0 0 47 16 32
43.216 14 DATALINK_REPORT 5 8 1380 548 0 0
43.216 14 ESTIMATOR 216.803421 -2.97
43.314 14 ATTITUDE 0.005642 3.113748 -0.242496
43.399 14 NAVIGATION 15 1 95.625 34.5 4812030. 101.658203 34 13 12 0 0 0
43.415 14 IR_SENSORS 0 0 -41 -15 262
43.415 14 ENERGY 15 12.5 0.152777 1.909709 0.042879 0.535962
43.416 14 GPS 3 36038036 481362656 1799 215760 1401 -312 0 18215480 31 0
43.615 14 DL_VALUE 37 0.
43.616 14 WP_MOVED 22 360289. 4813645. 250. 31
43.649 14 NAVIGATION 15 1 95.625 31. 4812026.5 100.52433 34 13 12 0 0 0
43.666 14 GPS 3 36038035 481362318 1800 215034 1407 -301 0 18215719 31 0
43.716 14 NAVIGATION 15 1 95.625 27.5 4812026.5 100.52433 34 13 12 0 0 0
43.716 14 ESTIMATOR 215.160049 -3.01
43.816 14 AIRSPEED 13.5 0. 0. 0.
43.816 14 ATTITUDE 0.005642 3.114835 -0.22756
43.898 14 NAVIGATION 15 1 95.625 27.5 4812023. 99.50071 35 14 13 0 0 0
43.916 14 FBW_STATUS 2 0 1 12.5 0.214682
43.917 14 GPS 3 36038035 481361979 1800 214333 1413 -283 0 18215960 31 0
44.016 14 GPS_SOL 651 651 651 7
44.116 14 DESIRED 0.000205 -0.139397 0. -1500. -4811995. 200. -0.454801 13.
44.116 14 WP_MOVED 0 360326. 4813637. 260. 31
44.148 14 NAVIGATION 15 1 95.625 24.5 4812019.5 98.713676 35 14 13 0 0 0
44.165 14 GPS 3 36038035 481361581 1800 213559 1423 -254 0 18216239 31 0
44.216 14 ESTIMATOR 213.649612 -2.54
44.316 14 ATTITUDE 0.005859 3.116185 -0.204596
44.398 14 NAVIGATION 15 1 95.625 20. 4812015. 97.694115 35 14 13 0 0 0
44.415 14 GPS 3 36038034 481361237 1801 212944 1431 -239 0 18216480 31 0
44.416 14 SVINFO 5 12 1 5 43 68 282
44.514 14 CALIBRATION -127.581253 2
44.514 14 ENERGY 26 12.5 0.334469 4.180868 0.043314 0.541398
44.615 14 IR_SENSORS 0 0 -25 -16 264
44.616 14 WP_MOVED 1 360284. 4813595. 260. 31
44.648 14 NAVIGATION 15 1 95.5625 17. 4812012. 97.06282 35 14 13 0 0 0
44.665 14 GPS 3 36038033 481360892 1801 212385 1439 -205 0 18216719 31 0
44.716 14 NAVIGATION 15 1 95.5625 13.5 4812012. 97.06282 35 14 13 0 0 0
44.717 14 ESTIMATOR 212.395401 -2.05
44.815 14 AIRSPEED 13.5 0. 0. 0.
44.816 14 ATTITUDE 0.0023 3.11728 -0.166645
44.898 14 NAVIGATION 15 1 95.5625 13.5 4812008.5 96.511353 36 15 14 0 0 0
44.915 14 GPS 3 36038032 481360544 1801 211888 1447 -172 0 18216960 31 0
45.099 14 FBW_STATUS 2 0 1 12.5 0.418051
45.116 14 DL_VALUE 38 0.
45.116 14 WP_MOVED 2 360333.5 4813695. 260. 31
45.148 14 NAVIGATION 15 1 95.5625 10. 4812005. 96.08429 36 15 14 0 0 0
45.165 14 DESIRED -0.001143 -0.06131 0. -1500. -4811995. 200. -0.356527 13.
45.166 14 GPS 3 36038031 481360137 1801 211398 1455 -150 0 18217239 31 0
45.166 14 SVINFO 1 8 1 1 46 0 83
45.216 14 ESTIMATOR 211.439804 -1.5
45.315 14 ATTITUDE 0.002528 3.118341 -0.128752
45.399 14 NAVIGATION 15 1 95.5625 6. 4812001. 95.750671 36 15 14 0 0 0
45.415 14 GPS 3 36038030 481359787 1801 211057 1457 -126 0 18217480 31 0
45.416 14 SVINFO 2 9 1 2 45 28 133
45.615 14 ENERGY 33 12.5 0.464539 5.806741 0.044068 0.55082
45.616 14 WP_MOVED 3 360294.09375 4813785. 260. 31
45.648 14 NAVIGATION 15 1 95.5625 2.5 4811997.5 95.595192 36 15 14 0 0 0
45.665 14 GPS 3 36038029 481359437 1801 210790 1457 -97 0 18217719 31 0
45.666 14 SVINFO 3 10 1 3 44 71 183
45.715 14 NAVIGATION 15 1 95.53125 -1.5 4811997.5 95.595192 36 15 14 0 0 0
45.716 14 ESTIMATOR 210.758652 -0.97
45.816 14 IR_SENSORS 0 0 0 -17 265
45.816 14 AIRSPEED 13.5 0. 0. 0.
45.816 14 ATTITUDE -0.001231 3.118251 -0.087266
45.899 14 NAVIGATION 15 1 95.53125 -1.5 4811994. 95.543022 37 16 15 0 0 0
45.915 14 FBW_STATUS 2 0 1 12.5 0.481935
45.915 14 GPS 3 36038028 481359088 1801 210594 1454 -69 0 18217960 31 0
45.916 14 SVINFO 4 11 1 4 43 89 233
46.015 14 GPS_SOL 640 640 640 7
46.116 14 WP_MOVED 4 360416.3125 4813734. 260. 31
46.148 14 NAVIGATION 15 1 95.53125 -4.5 4811991. 95.637177 37 16 15 0 0 0
46.166 14 GPS 3 36038027 481358683 1801 210448 1447 -39 0 18218239 31 0
46.166 14 SVINFO 5 12 1 5 42 65 283
46.216 14 DESIRED -0.001148 -0.028233 0. -1500. -4811995. 200. -0.316085 13.
46.216 14 ESTIMATOR 210.38533 -0.39
46.316 14 ATTITUDE -0.001231 3.117344 -0.053317
46.399 14 NAVIGATION 15 1 95.53125 -8.5 4811986.5 95.908653 37 16 15 0 0 0
46.416 14 GPS 3 36038026 481358337 1801 210385 1440 -14 0 18218480 31 0
46.416 14 SVINFO 6 13 1 6 41 22 334
46.616 14 CALIBRATION -147.690735 2
46.616 14 DL_VALUE 39 0.
46.617 14 WP_MOVED 5 360421. 4813583.5 260. 31
46.648 14 NAVIGATION 15 1 95.5 -12. 4811983. 96.250977 37 16 15 0 0 0
46.665 14 GPS 3 36038026 481357994 1800 210371 1430 25 0 18218719 31 0
46.665 14 SVINFO 0 7 0 0 46 12 34
46.716 14 ENERGY 35 12.5 0.502171 6.277133 0.044975 0.562163
46.717 14 NAVIGATION 15 1 95.5 -15.5 4811983. 96.250977 37 16 15 0 0 0
46.717 14 ESTIMATOR 210.301743 0.25
46.816 14 AIRSPEED 13.5 0. 0. 0.
46.816 14 ATTITUDE -0.001473 3.116304 -0.026734
46.898 14 NAVIGATION 15 1 95.5 -15.5 4811979.5 96.74968 38 17 16 0 0 0
46.915 14 GPS 3 36038026 481357653 1800 210398 1418 26 0 18218960 31 0
46.916 14 SVINFO 1 8 0 1 45 1 84
46.997 14 COMMANDS 3369,5,-38,0
47.015 14 IR_SENSORS 0 0 18 -17 264
47.098 14 FBW_STATUS 2 0 1 12.5 0.483183
47.115 14 WP_MOVED 6 360164.8125 4813664.5 260. 31
47.148 14 NAVIGATION 15 1 95.5 -19. 4811976. 97.371712 38 17 16 0 0 0
47.165 14 GPS 3 36038025 481357260 1800 210464 1401 34 0 18219239 31 0
47.216 14 COMMANDS 3282,9,-149,0
47.217 14 ESTIMATOR 210.444611 0.34
47.265 14 DESIRED -0.000236 -0.024148 0. -1500. -4811995. 200. -0.311187 13.
47.316 14 STATE_FILTER_STATUS 2 3 301
47.317 14 ATTITUDE -0.001473 3.114849 -0.011653
47.399 14 NAVIGATION 15 1 95.5 -23. 4811972. 98.230598 38 17 16 0 0 0
47.416 14 GPS 3 36038025 481356927 1800 210541 1388 26 0 18219480 31 0
47.515 14 PPRZ_MODE 2 3 2 0 0 6
47.616 14 ALIVE 179,209,69,119,115,11,176,21,181,244,80,210,55,176,198,136
47.617 14 WP_MOVED 7 360558.40625 4813804.5 260. 31
47.648 14 NAVIGATION 15 1 95.5 -26. 4811969. 98.976006 38 17 16 0 0 0
47.666 14 GPS 3 36038025 481356598 1799 210625 1372 45 0 18219719 31 0
47.716 14 NAVIGATION 15 1 95.5 -29.5 4811969. 98.976006 38 17 16 0 0 0
47.716 14 ESTIMATOR 210.604599 0.45
47.815 14 ENERGY 31 12.5 0.432441 5.405516 0.045838 0.57294
47.816 14 AIRSPEED 13.5 0. 0. 0.
47.817 14 ATTITUDE -0.001473 3.113706 -0.004125
47.898 14 NAVIGATION 15 1 95.5 -29.5 4811965.5 99.952492 39 18 17 0 0 0
47.916 14 FBW_STATUS 2 0 1 12.5 0.425319
47.916 14 GPS 3 36038025 481356272 1799 210707 1358 38 0 18219960 31 0
48.014 14 GPS_SOL 629 629 629 7
48.115 14 DL_VALUE 40 0.
48.116 14 WP_MOVED 8 358784. 1600. 200. 31
48.147 14 NAVIGATION 15 1 95.5 -32.5 4811962.5 100.878639 39 18 17 0 0 0
48.166 14 GPS 3 36038026 481355896 1799 210792 1340 21 0 18220239 31 0
48.166 14 SVINFO 6 13 1 6 40 19 335
48.215 14 IR_SENSORS 0 0 22 -17 264
48.215 14 ESTIMATOR 210.805008 0.21
48.315 14 WIND_INFO 14 5 -1.1 0.5 0. 13.8
48.316 14 DATALINK_REPORT 0 9 1505 525 0 0
48.316 14 DESIRED 0.000191 -0.032633 0. -1500. -4811995. 200. -0.321435 13.
48.316 14 ATTITUDE -0.001473 3.112649 -0.004125
48.413 14 NAVIGATION 15 1 95.5 -36.5 4811958.5 102.237465 39 18 17 0 0 0
48.416 14 GPS 3 36038026 481355577 1799 210848 1328 23 0 18220480 31 0
48.622 14 WP_MOVED 9 360312.8125 4813652. 185. 31
48.648 14 NAVIGATION 15 1 95.5 -39.5 4811955.5 103.346504 39 18 17 0 0 0
48.670 14 GPS 3 36038026 481355261 1799 210884 1316 -9 0 18220719 31 0
48.714 14 CALIBRATION -76.735809 2
48.714 14 NAVIGATION 15 1 95.5 -43. 4811955.5 103.346504 39 18 17 0 0 0
48.714 14 ESTIMATOR 210.905228 -0.09
48.815 14 AIRSPEED 13.8 0. 0. 0.
48.816 14 ATTITUDE -0.001473 3.060214 -0.011653
48.898 14 NAVIGATION 15 1 95.5 -43. 4811952. 104.734184 40 19 18 0 0 0
48.915 14 ENERGY 28 12.5 0.379746 4.746824 0.046571 0.582103
48.916 14 GPS 3 36038027 481354947 1799 210898 1307 -25 0 18220960 31 0
48.916 14 SVINFO 2 9 0 2 44 34 135
49.098 14 FBW_STATUS 2 0 1 12.5 0.378223
49.115 14 WP_MOVED 10 360452.8125 4813581. 260. 31
49.148 14 NAVIGATION 15 1 95.53125 -46. 4811949. 106.029335 40 19 18 0 0 0
49.165 14 GPS 3 36038027 481354583 1798 210887 1299 -21 0 18221239 31 0
49.165 14 SVINFO 3 10 0 3 43 76 185
49.214 14 ESTIMATOR 210.840286 -0.21
49.315 14 ATTITUDE -0.001473 3.058323 -0.01919
49.365 14 DESIRED 0.000587 -0.036895 0. -1500. -4811995. 200. -0.326599 13.
49.398 14 NAVIGATION 15 1 95.53125 -49.5 4811945.5 107.594002 40 19 18 0 0 0
49.414 14 IR_SENSORS 0 0 17 -17 264
49.414 14 GPS 3 36038028 481354272 1798 210853 1295 -31 0 18221480 31 0
49.414 14 SVINFO 4 11 0 4 42 88 235
49.616 14 DL_VALUE 41 0.
49.617 14 WP_MOVED 11 360169.5 4813757.5 260. 31
49.651 14 NAVIGATION 15 1 95.53125 -53. 4811942. 109.248428 40 19 18 0 0 0
49.667 14 GPS 3 36038029 481353962 1798 210799 1293 -45 0 18221719 31 0
49.667 14 SVINFO 5 12 1 5 41 60 285
49.714 14 NAVIGATION 15 1 95.53125 -56. 4811942. 109.248428 40 19 18 0 0 0
49.714 14 ESTIMATOR 210.745529 -0.45
49.815 14 AIRSPEED 13.8 0. 0. 0.
49.815 14 ATTITUDE 0.0023 3.05742 -0.026734
49.897 14 NAVIGATION 15 1 95.53125 -56. 4811939. 110.734909 41 20 19 0 0 0
49.914 14 FBW_STATUS 2 0 1 12.5 0.384491
49.915 14 GPS 3 36038030 481353652 1798 210729 1292 -67 0 18221960 31 0
50.015 14 NAVIGATION_REF 360284 4813595 31 185.
50.016 14 GPS_SOL 616 616 616 7
50.016 14 ENERGY 29 12.5 0.391632 4.8954 0.047268 0.590821
50.116 14 WP_MOVED 12 360287.59375 4813581. 260. 31
50.148 14 NAVIGATION 15 1 95.5625 -59. 4811936.5 112.308464 41 20 19 0 0 0
50.165 14 GPS 3 36038031 481353289 1798 210630 1295 -61 0 18222239 31 0
50.166 14 SVINFO 0 7 0 0 45 8 36
50.215 14 ESTIMATOR 210.526123 -0.61
50.316 14 ATTITUDE 0.002528 3.057263 -0.034485
50.399 14 NAVIGATION 15 1 95.5625 -62.5 4811933. 114.185997 41 20 19 0 0 0
50.415 14 DESIRED 0.001392 -0.027848 0. -1500. -4811995. 200. -0.315784 13.
50.416 14 GPS 3 36038032 481352977 1798 210534 1298 -61 0 18222480 31 0
50.416 14 SVINFO 1 8 1 1 44 3 86
50.616 14 IR_SENSORS 0 0 13 -16 265
50.616 14 WP_MOVED 13 360311.5 4813547. 260. 31
50.649 14 NAVIGATION 15 1 95.5625 -65.5 4811929.5 115.855263 41 20 19 0 0 0
50.664 14 GPS 3 36038033 481352665 1798 210433 1302 -56 0 18222719 31 0
50.665 14 SVINFO 2 9 1 2 43 37 136
50.715 14 NAVIGATION 15 1 95.5625 -69. 4811929.5 115.855263 41 20 19 0 0 0
50.716 14 ESTIMATOR 210.306198 -0.56
50.815 14 CALIBRATION -89.145981 2
50.816 14 AIRSPEED 13.8 0. 0. 0.
50.816 14 ATTITUDE 0.002528 3.057835 -0.038249
50.898 14 NAVIGATION 15 1 95.5625 -69. 4811926.5 117.869385 42 21 20 0 0 0
50.915 14 GPS 3 36038033 481352351 1798 210330 1307 -54 0 18222960 31 0
50.916 14 SVINFO 3 10 1 3 42 78 186
51.098 14 FBW_STATUS 2 0 1 12.5 0.434008
51.116 14 DL_VALUE 42 0.6
51.116 14 ENERGY 32 12.5 0.434008 5.4251 0.048026 0.600295
51.117 14 WP_MOVED 14 360300.6875 4813575.5 260. 31
51.149 14 NAVIGATION 15 1 95.5625 -72. 4811923. 119.650291 42 21 20 0 0 0
51.165 14 GPS 3 36038034 481351983 1798 210212 1314 -57 0 18223239 31 0
51.165 14 SVINFO 4 11 0 4 41 88 236
51.214 14 ESTIMATOR 210.108948 -0.57
51.316 14 ATTITUDE 0.002528 3.058667 -0.038249
51.398 14 NAVIGATION 15 1 95.5625 -76. 4811919.5 122.099106 42 21 20 0 0 0
51.415 14 GPS 3 36038035 481351666 1798 210117 1319 -54 0 18223480 31 0
51.416 14 SVINFO 5 12 1 5 40 57 286
51.465 14 DESIRED 0.001415 -0.017459 0. -1500. -4811995. 200. -0.303268 13.
51.615 14 WP_MOVED 15 360297.6875 4813554.5 260. 31
51.647 14 NAVIGATION 15 1 95.625 -78.5 4811916.5 123.719002 42 21 20 0 0 0
51.665 14 GPS 3 36038036 481351349 1798 210031 1324 -70 0 18223719 31 0
51.666 14 SVINFO 6 13 1 6 39 14 337
51.715 14 NAVIGATION 15 1 95.625 -82. 4811916.5 123.719002 42 21 20 0 0 0
51.716 14 ESTIMATOR 209.911484 -0.7
51.815 14 IR_SENSORS 0 0 15 -17 265
51.816 14 AIRSPEED 13.8 0. 0. 0.
51.816 14 ATTITUDE -0.001231 3.059022 -0.030723
51.898 14 NAVIGATION 15 1 95.625 -82. 4811913. 125.968811 43 22 21 0 0 0
51.915 14 FBW_STATUS 2 0 1 12.5 0.4718
51.916 14 GPS 3 36038037 481351029 1798 209956 1329 -77 0 18223960 31 0
51.998 14 COMMANDS 3318,21,189,0
52.014 14 GPS_SOL 603 603 603 7
52.116 14 WP_MOVED 16 361184. 4813643. 260. 31
52.148 14 NAVIGATION 15 1 95.625 -85. 4811910. 127.94194 43 22 21 0 0 0
52.165 14 GPS 3 36038038 481350656 1798 209883 1334 -87 0 18224239 31 0
52.216 14 COMMANDS 3386,-3,147,0
52.216 14 ENERGY 35 12.5 0.48854 6.106752 0.04887 0.610839
52.216 14 ESTIMATOR 209.673019 -0.87
52.315 14 STATE_FILTER_STATUS 2 3 297
52.316 14 ATTITUDE -0.001473 3.059078 -0.026734
52.398 14 NAVIGATION 15 1 95.65625 -89. 4811906. 130.656479 43 22 21 0 0 0
52.415 14 GPS 3 36038039 481350335 1797 209837 1338 -74 0 18224480 31 0
52.515 14 PPRZ_MODE 2 3 2 0 0 6
52.515 14 DESIRED 0.001857 -0.014356 0. -1500. -4811995. 200. -0.290191 13.
52.616 14 ALIVE 179,209,69,119,115,11,176,21,181,244,80,210,55,176,198,136
52.616 14 DL_VALUE 43 12000.
52.616 14 WP_MOVED 17 361184. 4813643. 260. 31
52.648 14 NAVIGATION 15 1 95.65625 -92. 4811903. 132.718185 43 22 21 0 0 0
52.665 14 GPS 3 36038041 481350013 1797 209804 1342 -54 0 18224719 31 0
52.716 14 NAVIGATION 15 1 95.65625 -95.5 4811903. 132.718185 43 22 21 0 0 0
52.716 14 ESTIMATOR 209.480438 -0.54
52.815 14 AIRSPEED 13.8 0. 0. 0.
52.815 14 ATTITUDE -0.001473 3.059131 -0.01919
52.899 14 NAVIGATION 15 1 95.65625 -95.5 4811899.5 135.167923 44 23 22 0 0 0
52.915 14 CALIBRATION -133.544189 0
52.915 14 GPS 3 36038042 481349690 1797 209786 1345 -50 0 18224960 31 0
53.016 14 IR_SENSORS 0 0 18 -16 264
53.098 14 FBW_STATUS 2 0 1 12.5 0.516973
53.115 14 WP_MOVED 18 360289. 4813605. 220. 31
53.148 14 NAVIGATION 15 1 95.65625 -98.5 4811896.5 137.303925 44 23 22 0 0 0
53.165 14 GPS 3 36038043 481349312 1797 209781 1347 -38 0 18225239 31 0
53.166 14 SVINFO 5 12 1 5 39 54 287
53.215 14 ESTIMATOR 209.448608 -0.38
53.316 14 ENERGY 36 12.5 0.51806 6.475748 0.049801 0.622484
53.316 14 ATTITUDE -0.001473 3.058912 -0.015421
53.398 14 NAVIGATION 15 1 95.6875 -102.5 4811892.5 140.222488 44 23 22 0 0 0
53.415 14 DATALINK_REPORT 5 9 1633 541 0 0
53.415 14 GPS 3 36038045 481348989 1797 209789 1348 -24 0 18225480 31 0
53.416 14 SVINFO 6 13 1 6 38 12 338
53.515 14 AUTOPILOT_VERSION 51500 v5.15_devel-179-g9a29798-dirty
53.565 14 DESIRED 0.002299 -0.013933 0. -1500. -4811995. 200. -0.283458 13.
53.616 14 WP_MOVED 19 360289. 4813610. 500. 31
53.648 14 NAVIGATION 15 1 95.6875 -105.5 4811889.5 142.430145 44 23 22 0 0 0
53.665 14 GPS 3 36038046 481348665 1797 209806 1349 -5 0 18225719 31 0
53.666 14 SVINFO 0 7 0 0 44 4 38
53.714 14 NAVIGATION 15 1 95.71875 -109. 4811889.5 142.430145 44 23 22 0 0 0
53.715 14 ESTIMATOR 209.508408 -0.05
53.815 14 AIRSPEED 13.8 0. 0. 0.
53.816 14 ATTITUDE 0.0023 3.058708 -0.011653
53.898 14 NAVIGATION 15 1 95.71875 -109. 4811886. 145.062332 45 24 23 0 0 0
53.915 14 FBW_STATUS 2 0 1 12.5 0.507935
53.916 14 GPS 3 36038048 481348341 1797 209830 1348 2 0 18225960 31 0
53.916 14 SVINFO 1 8 0 1 43 6 88
54.015 14 GPS_SOL 589 589 589 7
54.116 14 DL_VALUE 44 1.5
54.116 14 WP_MOVED 20 360289. 4813620. 300. 31
54.148 14 NAVIGATION 15 1 95.71875 -112. 4811883.5 147.329834 45 24 23 0 0 0
54.166 14 GPS 3 36038050 481347964 1797 209863 1346 -9 0 18226239 31 0
54.166 14 SVINFO 2 9 1 2 42 43 138
54.215 14 IR_SENSORS 0 0 20 -16 264
54.216 14 ESTIMATOR 209.657745 -0.09
54.316 14 ATTITUDE 0.0023 3.058282 -0.011653
54.398 14 NAVIGATION 15 1 95.71875 -116. 4811879. 150.393082 45 24 23 0 0 0
54.415 14 ENERGY 35 12.5 0.496421 6.205264 0.050733 0.634135
54.416 14 GPS 3 36038051 481347642 1797 209893 1344 -5 0 18226480 31 0
54.416 14 SVINFO 3 10 1 3 41 82 188
54.616 14 DESIRED 0.002719 -0.014247 0. -1500. -4811995. 200. -0.289732 13.
54.617 14 WP_MOVED 21 360289. 4813625. 400. 31
54.648 14 NAVIGATION 15 1 95.78125 -119. 4811876. 152.758133 45 24 23 0 0 0
54.665 14 GPS 3 36038053 481347320 1797 209924 1341 -22 0 18226720 31 0
54.666 14 SVINFO 4 11 1 4 40 85 238
54.716 14 NAVIGATION 15 1 95.78125 -122. 4811876. 152.758133 45 24 23 0 0 0
54.717 14 ESTIMATOR 209.749374 -0.22
54.814 14 AIRSPEED 13.8 0. 0. 0.
54.815 14 ATTITUDE 0.0023 3.057888 -0.011653
54.898 14 NAVIGATION 15 1 95.78125 -122. 4811873.5 155.106567 46 25 24 0 0 0
54.915 14 GPS 3 36038055 481346998 1797 209953 1339 -2 0 18226960 31 0
55.018 14 CALIBRATION -119.24704 0
55.098 14 FBW_STATUS 2 0 1 12.5 0.482292
55.115 14 WP_MOVED 22 360289. 4813645. 250. 31
55.149 14 NAVIGATION 15 1 95.8125 -125.5 4811870. 157.893265 46 25 24 0 0 0
55.165 14 GPS 3 36038056 481346624 1797 209983 1336 1 0 18227239 31 0
55.215 14 ESTIMATOR 209.814209 0.01
55.315 14 ATTITUDE 0.0023 3.057649 -0.011653
55.398 14 NAVIGATION 15 1 95.8125 -129.5 4811865.5 161.090927 46 25 24 0 0 0
55.416 14 IR_SENSORS 0 0 20 -16 264
55.416 14 GPS 3 36038058 481346304 1797 210006 1334 2 0 18227480 31 0
55.417 14 SVINFO 0 7 0 0 43 3 39
55.515 14 ENERGY 34 12.5 0.470204 5.877547 0.051622 0.645243
55.615 14 DL_VALUE 45 1250.
55.616 14 WP_MOVED 0 360326. 4813637. 260. 31
55.649 14 NAVIGATION 15 1 95.8125 -132.5 4811862.5 163.512344 46 25 24 0 0 0
55.666 14 DESIRED 0.002693 -0.014558 0. -1500. -4811995. 200. -0.295961 13.
55.666 14 GPS 3 36038060 481345984 1797 210025 1331 -7 0 18227720 31 0
55.667 14 SVINFO 1 8 1 1 42 8 89
55.715 14 NAVIGATION 15 1 95.84375 -135.5 4811862.5 163.512344 46 25 24 0 0 0
55.715 14 ESTIMATOR 209.910095 -0.07
55.815 14 AIRSPEED 13.8 0. 0. 0.
55.815 14 ATTITUDE 0.0023 3.057616 -0.011653
55.898 14 NAVIGATION 15 1 95.84375 -135.5 4811860. 165.970703 47 26 25 0 0 0
55.915 14 FBW_STATUS 2 0 1 12.5 0.46136
55.915 14 GPS 3 36038061 481345665 1797 210040 1329 -19 0 18227960 31 0
55.916 14 SVINFO 2 9 0 2 41 47 139
56.014 14 GPS_SOL 574 574 574 7
56.115 14 WP_MOVED 1 360284. 4813595. 260. 31
56.148 14 NAVIGATION 15 1 95.84375 -139. 4811856.5 168.840225 47 26 25 0 0 0
56.165 14 GPS 3 36038062 481345293 1797 210052 1326 -21 0 18228239 31 0
56.166 14 SVINFO 3 10 1 3 40 84 189
56.215 14 ESTIMATOR 209.926407 -0.21
56.316 14 ATTITUDE 0.0023 3.057928 -0.011653
56.399 14 NAVIGATION 15 1 95.875 -142.5 4811853. 171.750595 47 26 25 0 0 0
56.415 14 GPS 3 36038064 481344976 1797 210057 1324 -25 0 18228480 31 0
56.416 14 SVINFO 4 11 1 4 39 84 239
56.615 14 IR_SENSORS 0 0 20 -16 264
56.616 14 ENERGY 33 12.5 0.458009 5.72511 0.052469 0.655828
56.616 14 WP_MOVED 2 360333.5 4813695. 260. 31
56.648 14 NAVIGATION 15 1 95.875 -146. 4811849. 174.665436 47 26 25 0 0 0
56.665 14 GPS 3 36038065 481344658 1798 210058 1323 -32 0 18228720 31 0
56.665 14 SVINFO 5 12 1 5 38 47 289
56.716 14 DESIRED 0.001842 -0.014642 0. -1500. -4811995. 200. -0.297629 13.
56.716 14 NAVIGATION 15 1 95.875 -149. 4811849. 174.665436 47 26 25 0 0 0
56.717 14 ESTIMATOR 209.909729 -0.32
56.815 14 AIRSPEED 13.8 0. 0. 0.
56.815 14 ATTITUDE 0.0023 3.058434 -0.015421
56.898 14 NAVIGATION 15 1 95.875 -149. 4811846.5 177.18074 48 27 26 0 0 0
56.916 14 GPS 3 36038066 481344340 1798 210055 1322 -28 0 18228960 31 0
56.916 14 SVINFO 6 13 0 6 37 8 340
57.005 14 COMMANDS 3209,-3,9,0
57.098 14 FBW_STATUS 2 0 1 12.5 0.458538
57.116 14 CALIBRATION -101.139977 0
57.116 14 DL_VALUE 46 0.
57.116 14 WP_MOVED 3 360294.09375 4813785. 260. 31
57.148 14 NAVIGATION 15 1 95.875 -152. 4811843. 179.710922 48 27 26 0 0 0
57.164 14 GPS 3 36038067 481343970 1798 210048 1321 -15 0 18229239 31 0
57.215 14 COMMANDS 3194,-6,9,0
57.215 14 ESTIMATOR 209.876831 -0.15
57.316 14 STATE_FILTER_STATUS 2 3 299
57.317 14 ATTITUDE 0.0023 3.059337 -0.015421
57.398 14 NAVIGATION 15 1 95.9375 -156. 4811839.5 183.139297 48 27 26 0 0 0
57.415 14 GPS 3 36038067 481343653 1798 210040 1321 -19 0 18229480 31 0
57.517 14 PPRZ_MODE 2 3 2 0 0 6
57.616 14 ALIVE 179,209,69,119,115,11,176,21,181,244,80,210,55,176,198,136
57.616 14 WP_MOVED 4 360416.3125 4813734. 260. 31
57.649 14 NAVIGATION 15 1 95.9375 -159. 4811836.5 185.701385 48 27 26 0 0 0
57.665 14 GPS 3 36038068 481343336 1799 210029 1321 -16 0 18229720 31 0
57.715 14 ENERGY 32 12.5 0.450796 5.634954 0.053305 0.666285
57.715 14 NAVIGATION 15 1 95.9375 -162. 4811836.5 185.701385 48 27 26 0 0 0
57.715 14 ESTIMATOR 209.891083 -0.16
57.765 14 DESIRED 0.001009 -0.014597 0. -1500. -4811995. 200. -0.296727 13.
57.815 14 IR_SENSORS 0 0 19 -16 264
57.816 14 AIRSPEED 13.8 0. 0. 0.
57.816 14 ATTITUDE 0.0023 3.060109 -0.015421
57.898 14 NAVIGATION 15 1 95.9375 -162. 4811833. 188.276398 49 28 27 0 0 0
57.915 14 FBW_STATUS 2 0 1 12.5 0.448164
57.916 14 GPS 3 36038068 481343019 1799 210017 1320 -1 0 18229960 31 0
58.021 14 GPS_SOL 559 559 559 7
58.116 14 WP_MOVED 5 360421. 4813583.5 260. 31
58.148 14 NAVIGATION 15 1 95.9375 -165.5 4811829.5 191.296249 49 28 27 0 0 0
58.166 14 GPS 3 36038068 481342650 1799 210002 1319 0 0 18230240 31 0
58.167 14 SVINFO 4 11 1 4 38 82 240
58.214 14 ESTIMATOR 209.919693 0.
58.316 14 WIND_INFO 14 5 -1. 0.5 0. 13.8
58.317 14 ATTITUDE 0.0023 3.060661 -0.015421
58.398 14 NAVIGATION 15 1 95.9375 -169. 4811826. 194.332199 49 28 27 0 0 0
58.415 14 GPS 3 36038069 481342333 1799 209987 1318 -2 0 18230480 31 0
58.416 14 SVINFO 5 12 1 5 37 44 290
58.519 14 DATALINK_REPORT 0 10 1762 546 0 0
58.616 14 DL_VALUE 47 7500.
58.616 14 WP_MOVED 6 360164.8125 4813664.5 260. 31
58.648 14 NAVIGATION 15 1 95.9375 -172. 4811823. 196.946701 49 28 27 0 0 0
58.665 14 GPS 3 36038069 481342017 1799 209971 1316 11 0 18230720 31 0
58.666 14 SVINFO 6 13 0 6 36 6 341
58.716 14 NAVIGATION 15 1 95.9375 -175.5 4811823. 196.946701 49 28 27 0 0 0
58.716 14 ESTIMATOR 209.942001 0.11
58.814 14 ENERGY 31 12.5 0.420298 5.253722 0.054107 0.676304
58.815 14 DESIRED 0.00018 -0.014752 0. -1500. -4811995. 200. -0.298109 13.
58.816 14 AIRSPEED 13.8 0. 0. 0.
58.816 14 ATTITUDE -0.001473 3.067766 -0.015421
58.899 14 NAVIGATION 15 1 95.9375 -175.5 4811819.5 200.010635 50 29 28 0 0 0
58.916 14 GPS 3 36038069 481341702 1799 209952 1314 5 0 18230960 31 0
58.916 14 SVINFO 0 7 0 0 42 1 41
59.021 14 NAVIGATION_REF 360284 4813595 31 185.
59.021 14 IR_SENSORS 0 0 19 -17 264
59.097 14 FBW_STATUS 2 0 1 12.5 0.411153
59.115 14 WP_MOVED 7 360558.40625 4813804.5 260. 31
59.148 14 NAVIGATION 15 1 95.9375 -178.5 4811816.5 202.648102 50 29 28 0 0 0
59.165 14 GPS 3 36038070 481341334 1799 209928 1311 -11 0 18231240 31 0
59.166 14 SVINFO 1 8 0 1 41 12 91
59.215 14 CALIBRATION -70.070366 0
59.215 14 ESTIMATOR 209.964767 -0.11
59.315 14 ATTITUDE -0.001473 3.066731 -0.015421
59.398 14 NAVIGATION 15 1 95.96875 -182. 4811813. 205.752274 50 29 28 0 0 0
59.415 14 GPS 3 36038070 481341020 1798 209904 1309 -14 0 18231480 31 0
59.416 14 SVINFO 2 9 1 2 40 53 141
59.615 14 WP_MOVED 8 358784. 1600. 200. 31
59.648 14 NAVIGATION 15 1 95.96875 -185.5 4811809.5 208.854614 50 29 28 0 0 0
59.667 14 GPS 3 36038071 481340707 1798 209878 1306 -20 0 18231720 31 0
59.667 14 SVINFO 3 10 1 3 39 86 191
59.715 14 NAVIGATION 15 1 95.96875 -188.5 4811809.5 208.854614 50 29 28 0 0 0
59.716 14 ESTIMATOR 209.889679 -0.2
59.814 14 AIRSPEED 13.8 0. 0. 0.
59.816 14 ATTITUDE 0.0023 3.065823 -0.015421
59.865 14 DESIRED 0.000999 -0.01474 0. -1500. -4811995. 200. -0.297862 13.
59.898 14 NAVIGATION 15 1 95.96875 -188.5 4811806.5 211.523636 51 30 29 0 0 0
59.915 14 FBW_STATUS 2 0 1 12.5 0.402738
59.916 14 ENERGY 29 12.5 0.402909 5.036366 0.054856 0.685672
59.917 14 GPS 3 36038072 481340394 1798 209849 1304 -12 0 18231960 31 0
60.029 14 GPS_SOL 543 543 543 7
60.115 14 DL_VALUE 48 1500.
60.115 14 WP_MOVED 9 360312.8125 4813652. 185. 31
60.148 14 NAVIGATION 15 1 95.96875 -191.5 4811804. 214.201431 51 30 29 0 0 0
60.165 14 GPS 3 36038073 481340029 1798 209811 1302 -14 0 18232240 31 0
60.215 14 IR_SENSORS 0 0 19 -17 264
60.215 14 ESTIMATOR 209.811798 -0.14
60.316 14 ATTITUDE -0.001473 3.06512 -0.015421
60.398 14 NAVIGATION 15 1 95.96875 -195. 4811800.5 217.336151 51 30 29 0 0 0
60.416 14 GPS 3 36038074 481339717 1798 209777 1300 -20 0 18232480 31 0
60.615 14 WP_MOVED 10 360452.8125 4813581. 260. 31
60.649 14 NAVIGATION 15 1 95.96875 -198.5 4811797. 220.481857 51 30 29 0 0 0
60.669 14 GPS 3 36038075 481339405 1798 209741 1299 -17 0 18232720 31 0
60.670 14 SVINFO 0 7 0 0 41 0 42
60.715 14 NAVIGATION 15 1 96. -201.5 4811797. 220.481857 51 30 29 0 0 0
60.716 14 ESTIMATOR 209.730469 -0.17
60.815 14 AIRSPEED 13.8 0. 0. 0.
60.816 14 ATTITUDE 0.0023 3.064444 -0.015421
60.898 14 NAVIGATION 15 1 96. -201.5 4811794. 223.200027 52 31 30 0 0 0
60.916 14 DESIRED 0.001804 -0.014356 0. -1500. -4811995. 200. -0.291914 13.
60.916 14 GPS 3 36038076 481339093 1797 209702 1297 -13 0 18232960 31 0
60.918 14 SVINFO 1 8 1 1 40 14 92
61.023 14 ENERGY 29 12.5 0.3901 4.876244 0.055582 0.694742
61.097 14 FBW_STATUS 2 0 1 12.5 0.388568
61.115 14 WP_MOVED 11 360169.5 4813757.5 260. 31
61.148 14 NAVIGATION 15 1 96. -204.5 4811790.5 225.912033 52 31 30 0 0 0
61.165 14 GPS 3 36038077 481338730 1797 209656 1295 -30 0 18233240 31 0
61.166 14 SVINFO 2 9 1 2 39 56 142
61.216 14 ESTIMATOR 209.658279 -0.3
61.315 14 CALIBRATION -53.757713 0
61.316 14 ATTITUDE 0.0023 3.063935 -0.011653
61.398 14 NAVIGATION 15 1 96. -208.5 4811787. 229.539215 52 31 30 0 0 0
61.415 14 IR_SENSORS 0 0 19 -16 264
61.415 14 GPS 3 36038078 481338420 1797 209614 1294 -37 0 18233480 31 0
61.416 14 SVINFO 3 10 1 3 38 87 192
61.615 14 DL_VALUE 49 1.
61.616 14 WP_MOVED 12 360287.59375 4813581. 260. 31
61.648 14 NAVIGATION 15 1 96.0625 -211. 4811784. 231.838318 52 31 30 0 0 0
61.667 14 GPS 3 36038079 481338109 1798 209571 1294 -40 0 18233720 31 0
61.668 14 SVINFO 4 11 1 4 37 79 242
61.716 14 NAVIGATION 15 1 96.0625 -214.5 4811784. 231.838318 52 31 30 0 0 0
61.717 14 ESTIMATOR 209.517258 -0.4
61.816 14 AIRSPEED 13.8 0. 0. 0.
61.817 14 ATTITUDE 0.0023 3.064083 -0.015421
61.898 14 NAVIGATION 15 1 96.0625 -214.5 4811780.5 235.028198 53 32 31 0 0 0
61.915 14 FBW_STATUS 2 0 1 12.5 0.396579
61.916 14 GPS 3 36038080 481337798 1798 209527 1293 -41 0 18233960 31 0
61.916 14 SVINFO 5 12 0 5 36 38 292
61.966 14 DESIRED 0.001796 -0.014036 0. -1500. -4811995. 200. -0.285518 13.
62.016 14 COMMANDS 2861,-3,-28,0
62.016 14 GPS_SOL 528 528 528 7
62.115 14 ENERGY 29 12.5 0.399143 4.989283 0.056303 0.703748
62.116 14 WP_MOVED 13 360311.5 4813547. 260. 31
62.148 14 NAVIGATION 15 1 96.0625 -217.5 4811777.5 237.769333 53 32 31 0 0 0
62.165 14 GPS 3 36038081 481337436 1798 209474 1294 -53 0 18234240 31 0
62.165 14 SVINFO 6 13 1 6 35 3 343
62.215 14 COMMANDS 2891,-3,-27,0
62.215 14 ESTIMATOR 209.376648 -0.53
62.315 14 STATE_FILTER_STATUS 2 3 299
62.316 14 ATTITUDE 0.0023 3.064571 -0.015421
62.398 14 NAVIGATION 15 1 96.0625 -221. 4811774. 240.975113 53 32 31 0 0 0
62.416 14 GPS 3 36038082 481337125 1798 209429 1294 -36 0 18234480 31 0
62.519 14 PPRZ_MODE 2 3 2 0 0 6
62.616 14 ALIVE 179,209,69,119,115,11,176,21,181,244,80,210,55,176,198,136
62.616 14 IR_SENSORS 0 0 19 -16 264
62.617 14 WP_MOVED 14 360300.6875 4813575.5 260. 31
62.649 14 NAVIGATION 15 1 96.0625 -224.5 4811770.5 244.188965 53 32 31 0 0 0
62.664 14 GPS 3 36038083 481336814 1798 209384 1295 -40 0 18234720 31 0
62.715 14 NAVIGATION 15 1 96.09375 -227.5 4811770.5 244.188965 53 32 31 0 0 0
62.715 14 ESTIMATOR 209.24852 -0.4
62.815 14 AIRSPEED 13.8 0. 0. 0.
62.815 14 ATTITUDE 0.0023 3.065009 -0.015421
62.898 14 NAVIGATION 15 1 96.09375 -227.5 4811767.5 246.962051 54 33 32 0 0 0
62.915 14 GPS 3 36038084 481336503 1798 209341 1296 -56 0 18234960 31 0
63.033 14 DESIRED 0.001392 -0.013633 0. -1500. -4811995. 200. -0.277456 13.
63.099 14 FBW_STATUS 2 0 1 12.5 0.418224
63.116 14 DL_VALUE 50 0.3
63.117 14 WP_MOVED 15 360297.6875 4813554.5 260. 31
63.149 14 NAVIGATION 15 1 96.09375 -230.5 4811765. 249.728363 54 33 32 0 0 0
63.166 14 GPS 3 36038084 481336139 1798 209291 1298 -44 0 18235240 31 0
63.166 14 SVINFO 3 10 1 3 37 88 193
63.216 14 ENERGY 31 12.5 0.419088 5.238594 0.057053 0.713126
63.216 14 ESTIMATOR 209.117859 -0.44
63.314 14 ATTITUDE 0.0023 3.065452 -0.015421
63.398 14 NAVIGATION 15 1 96.09375 -234. 4811761.5 252.962463 54 33 32 0 0 0
63.415 14 CALIBRATION -72.100601 0
63.415 14 GPS 3 36038085 481335827 1798 209251 1299 -35 0 18235480 31 0
63.415 14 SVINFO 4 11 0 4 36 77 243
63.615 14 DATALINK_REPORT 5 10 1891 539 0 0
63.615 14 WP_MOVED 16 361184. 4813643. 260. 31
63.648 14 NAVIGATION 15 1 96.09375 -237. 4811758. 255.740112 54 33 32 0 0 0
63.665 14 GPS 3 36038086 481335515 1798 209212 1301 -30 0 18235720 31 0
63.666 14 SVINFO 5 12 0 5 35 35 293
63.714 14 NAVIGATION 15 1 96.125 -240.5 4811758. 255.740112 54 33 32 0 0 0
63.714 14 ESTIMATOR 209.041733 -0.3
63.816 14 IR_SENSORS 0 0 20 -17 264
63.816 14 AIRSPEED 13.8 0. 0. 0.
63.816 14 ATTITUDE -0.001473 3.065497 -0.011653
63.898 14 NAVIGATION 15 1 96.125 -240.5 4811755. 258.998596 55 34 33 0 0 0
63.915 14 FBW_STATUS 2 0 1 12.5 0.423586
63.915 14 GPS 3 36038087 481335202 1798 209176 1302 -16 0 18235960 31 0
63.915 14 SVINFO 6 13 1 6 34 2 344
64.026 14 GPS_SOL 512 512 512 7
64.065 14 DESIRED 0.001399 -0.013409 0. -1500. -4811995. 200. -0.271252 13.
64.115 14 WP_MOVED 17 361184. 4813643. 260. 31
64.149 14 NAVIGATION 15 1 96.125 -243.5 4811751.5 261.786682 55 34 33 0 0 0
64.165 14 GPS 3 36038088 481334837 1798 209135 1303 -15 0 18236240 31 0
64.166 14 SVINFO 0 7 0 0 40 0 44
64.216 14 ESTIMATOR 209.020218 -0.15
64.315 14 ENERGY 30 12.5 0.418051 5.225635 0.057826 0.722783
64.316 14 ATTITUDE 0.0023 3.065021 -0.015421
64.399 14 NAVIGATION 15 1 96.125 -247. 4811748. 265.045319 55 34 33 0 0 0
64.416 14 GPS 3 36038089 481334524 1798 209102 1304 -11 0 18236480 31 0
64.416 14 SVINFO 1 8 1 1 39 19 94
64.616 14 AUTOPILOT_VERSION 51500 v5.15_devel-179-g9a29798-dirty
64.616 14 DL_VALUE 51 1.
64.616 14 WP_MOVED 18 360289. 4813605. 220. 31
64.648 14 NAVIGATION 15 1 96.125 -250. 4811745. 267.843262 55 34 33 0 0 0
64.665 14 GPS 3 36038090 481334211 1798 209069 1303 -5 0 18236720 31 0
64.666 14 SVINFO 2 9 1 2 38 62 144
64.716 14 NAVIGATION 15 1 96.125 -253.5 4811745. 267.843262 55 34 33 0 0 0
64.716 14 ESTIMATOR 209.007233 -0.05
64.816 14 AIRSPEED 13.8 0. 0. 0.
64.816 14 ATTITUDE 0.0023 3.064812 -0.011653
64.898 14 NAVIGATION 15 1 96.125 -253.5 4811741.5 271.113007 56 35 34 0 0 0
64.915 14 GPS 3 36038091 481333899 1798 209036 1303 -6 0 18236960 31 0
65.036 14 IR_SENSORS 0 0 20 -16 264
65.098 14 FBW_STATUS 2 0 1 12.5 0.403766
65.115 14 DESIRED 0.00181 -0.013271 0. -1500. -4811995. 200. -0.270217 13.
65.115 14 WP_MOVED 19 360289. 4813610. 500. 31
65.148 14 NAVIGATION 15 1 96.15625 -256.5 4811738.5 273.931152 56 35 34 0 0 0
65.165 14 GPS 3 36038092 481333534 1798 208998 1302 -10 0 18237240 31 0
65.216 14 ESTIMATOR 208.99231 -0.1
65.314 14 ATTITUDE 0.0023 3.064773 -0.011653
65.398 14 NAVIGATION 15 1 96.15625 -260. 4811735. 277.211151 56 35 34 0 0 0
65.415 14 ENERGY 29 12.5 0.399827 4.997838 0.058575 0.732147
65.415 14 GPS 3 36038093 481333222 1798 208964 1301 -9 0 18237480 31 0
65.526 14 CALIBRATION -57.176193 0
65.615 14 WP_MOVED 20 360289. 4813620. 300. 31
65.649 14 NAVIGATION 15 1 96.15625 -263.5 4811731.5 280.49649 56 35 34 0 0 0
65.665 14 GPS 3 36038094 481332910 1798 208928 1299 -12 0 18237720 31 0
65.715 14 NAVIGATION 15 1 96.21875 -266.5 4811731.5 280.49649 56 35 34 0 0 0
65.716 14 ESTIMATOR 208.93985 -0.12
65.816 14 AIRSPEED 13.8 0. 0. 0.
65.818 14 ATTITUDE 0.0023 3.064587 -0.015421
65.899 14 NAVIGATION 15 1 96.21875 -266.5 4811729. 283.337769 57 36 35 0 0 0
65.915 14 FBW_STATUS 2 0 1 12.5 0.392995
65.915 14 GPS 3 36038095 481332598 1798 208891 1298 -11 0 18237960 31 0
65.915 14 SVINFO 0 7 0 0 39 0 45
66.017 14 GPS_SOL 496 496 496 7
66.116 14 DL_VALUE 52 0.1
66.117 14 WP_MOVED 21 360289. 4813625. 400. 31
66.148 14 NAVIGATION 15 1 96.21875 -269.5 4811726. 286.161316 57 36 35 0 0 0
66.166 14 DESIRED 0.001802 -0.013118 0. -1500. -4811995. 200. -0.26715 13.
66.166 14 GPS 3 36038096 481332235 1798 208846 1296 -17 0 18238240 31 0
66.167 14 SVINFO 1 8 1 1 38 21 95
66.216 14 IR_SENSORS 0 0 20 -16 264
66.216 14 ESTIMATOR 208.869415 -0.17
66.316 14 ATTITUDE 0.0023 3.064214 -0.011653
66.399 14 NAVIGATION 15 1 96.21875 -273.5 4811721.5 289.931549 57 36 35 0 0 0
66.417 14 GPS 3 36038097 481331924 1797 208805 1295 -29 0 18238480 31 0
66.418 14 SVINFO 2 9 1 2 37 65 145
66.537 14 ENERGY 29 12.5 0.39027 4.87837 0.059295 0.741151
66.614 14 WP_MOVED 22 360289. 4813645. 250. 31
66.648 14 NAVIGATION 15 1 96.21875 -276. 4811719. 292.291046 57 36 35 0 0 0
66.664 14 GPS 3 36038098 481331613 1797 208762 1294 -40 0 18238720 31 0
66.664 14 SVINFO 3 10 1 3 36 89 195
66.714 14 NAVIGATION 15 1 96.21875 -279.5 4811719. 292.291046 57 36 35 0 0 0
66.715 14 ESTIMATOR 208.752182 -0.4
66.815 14 AIRSPEED 13.8 0. 0. 0.
66.815 14 ATTITUDE 0.0023 3.063879 -0.011653
66.898 14 NAVIGATION 15 1 96.21875 -279.5 4811715.5 295.598206 58 37 36 0 0 0
66.916 14 GPS 3 36038099 481331303 1798 208719 1293 -39 0 18238960 31 0
66.917 14 SVINFO 4 11 1 4 35 72 245
66.997 14 COMMANDS 2853,-3,30,0
67.098 14 FBW_STATUS 2 0 1 12.5 0.397775
67.115 14 WP_MOVED 0 360326. 4813637. 260. 31
67.148 14 NAVIGATION 15 1 96.25 -282.5 4811712.5 298.446503 58 37 36 0 0 0
67.167 14 GPS 3 36038100 481330941 1798 208666 1293 -44 0 18239240 31 0
67.167 14 SVINFO 5 12 1 5 34 29 295
67.215 14 COMMANDS 2876,-32,-8,0
67.216 14 DESIRED 0.001795 -0.012764 0. -1500. -4811995. 200. -0.260081 13.
67.216 14 ESTIMATOR 208.596039 -0.44
67.314 14 STATE_FILTER_STATUS 2 3 300
67.314 14 ATTITUDE 0.0023 3.064492 -0.011653
67.400 14 NAVIGATION 15 1 96.25 -286. 4811709. 301.761597 58 37 36 0 0 0
67.415 14 IR_SENSORS 0 0 19 -16 264
67.415 14 GPS 3 36038101 481330630 1798 208621 1294 -51 0 18239480 31 0
67.416 14 SVINFO 6 13 1 6 33 0 346
67.517 14 PPRZ_MODE 2 3 2 0 0 6
67.616 14 ALIVE 179,209,69,119,115,11,176,21,181,244,80,210,55,176,198,136
67.616 14 CALIBRATION -60.38187 0
67.616 14 DL_VALUE 53 -0.062832
67.616 14 ENERGY 30 12.5 0.409261 5.115762 0.060025 0.750277
67.617 14 WP_MOVED 1 360284. 4813595. 260. 31
67.649 14 NAVIGATION 15 1 96.25 -289.5 4811705.5 305.080841 58 37 36 0 0 0
67.666 14 GPS 3 36038102 481330319 1798 208576 1295 -55 0 18239720 31 0
67.714 14 NAVIGATION 15 1 96.28125 -292.5 4811705.5 305.080841 58 37 36 0 0 0
67.715 14 ESTIMATOR 208.440186 -0.55
67.815 14 AIRSPEED 13.8 0. 0. 0.
67.815 14 ATTITUDE 0.0023 3.065138 -0.011653
67.898 14 NAVIGATION 15 1 96.28125 -292.5 4811702.5 307.938843 59 38 37 0 0 0
67.915 14 FBW_STATUS 2 0 1 12.5 0.418224
67.915 14 GPS 3 36038102 481330008 1798 208532 1296 -51 0 18239960 31 0
68.014 14 NAVIGATION_REF 360284 4813595 31 185.
68.015 14 GPS_SOL 480 480 480 7
68.116 14 WP_MOVED 2 360333.5 4813695. 260. 31
68.148 14 NAVIGATION 15 1 96.28125 -295.5 4811699.5 310.789856 59 38 37 0 0 0
68.165 14 GPS 3 36038103 481329644 1798 208483 1299 -54 0 18240240 31 0
68.165 14 SVINFO 2 9 1 2 36 68 146
68.216 14 ESTIMATOR 208.298065 -0.54
68.265 14 DESIRED 0.001393 -0.012303 0. -1500. -4811995. 200. -0.250849 13.
68.316 14 ATTITUDE 0.0023 3.065082 -0.011653
68.317 14 WIND_INFO 14 5 -1. 0.6 0. 13.8
68.397 14 NAVIGATION 15 1 96.28125 -299. 4811696. 314.119537 59 38 37 0 0 0
68.414 14 GPS 3 36038104 481329332 1798 208443 1301 -55 0 18240480 31 0
68.414 14 SVINFO 3 10 0 3 35 89 196
68.615 14 IR_SENSORS 0 0 20 -16 264
68.615 14 WP_MOVED 3 360294.09375 4813785. 260. 31
68.648 14 NAVIGATION 15 1 96.28125 -302. 4811693.5 316.976471 59 38 37 0 0 0
68.666 14 GPS 3 36038105 481329019 1798 208406 1303 -30 0 18240720 31 0
68.666 14 SVINFO 4 11 1 4 34 69 246
68.716 14 DATALINK_REPORT 0 11 2024 561 0 0
68.716 14 ENERGY 32 12.5 0.435925 5.449057 0.060804 0.760006
68.716 14 NAVIGATION 15 1 96.28125 -305.5 4811693.5 316.976471 59 38 37 0 0 0
68.717 14 ESTIMATOR 208.176773 -0.3
68.816 14 AIRSPEED 13.8 0. 0. 0.
68.817 14 ATTITUDE 0.0023 3.065857 -0.011653
68.898 14 NAVIGATION 15 1 96.28125 -305.5 4811690. 320.312866 60 39 38 0 0 0
68.915 14 GPS 3 36038106 481328706 1798 208371 1305 -31 0 18240960 31 0
69.098 14 FBW_STATUS 2 0 1 12.5 0.438541
69.115 14 DL_VALUE 54 0.087266
69.115 14 WP_MOVED 4 360416.3125 4813734. 260. 31
69.148 14 NAVIGATION 15 1 96.28125 -308.5 4811687. 323.175385 60 39 38 0 0 0
69.165 14 GPS 3 36038107 481328340 1798 208335 1307 -18 0 18241240 31 0
69.216 14 ESTIMATOR 208.155533 -0.18
69.316 14 DESIRED 0.001404 -0.012017 0. -1500. -4811995. 200. -0.245129 13.
69.317 14 ATTITUDE 0.0023 3.066273 -0.015421
69.398 14 NAVIGATION 15 1 96.34375 -312. 4811683.5 326.53656 60 39 38 0 0 0
69.416 14 GPS 3 36038108 481328025 1798 208306 1309 -24 0 18241480 31 0
69.416 14 SVINFO 0 7 0 0 38 0 47
69.615 14 WP_MOVED 5 360421. 4813583.5 260. 31
69.649 14 NAVIGATION 15 1 96.34375 -315. 4811680. 329.404175 60 39 38 0 0 0
69.665 14 GPS 3 36038108 481327711 1798 208280 1309 -36 0 18241720 31 0
69.666 14 SVINFO 1 8 1 1 37 27 97
69.715 14 CALIBRATION -79.048332 0
69.715 14 NAVIGATION 15 1 96.34375 -318.5 4811680. 329.404175 60 39 38 0 0 0
69.716 14 ESTIMATOR 208.14682 -0.36
69.815 14 IR_SENSORS 0 0 20 -16 264
69.822 14 ENERGY 32 12.5 0.439589 5.494857 0.061605 0.770026
69.824 14 AIRSPEED 13.8 0. 0. 0.
69.825 14 ATTITUDE 0.0023 3.066414 -0.011653
69.898 14 NAVIGATION 15 1 96.34375 -318.5 4811676.5 332.752716 61 40 39 0 0 0
69.915 14 FBW_STATUS 2 0 1 12.5 0.440811
69.915 14 GPS 3 36038109 481327396 1798 208254 1310 -30 0 18241960 31 0
