2.748 14 FBW_STATUS 2 0 1 12.5 0.
2.764 14 DL_VALUE 10 0.
2.765 14 WP_MOVED 9 360459.6875 4813680. 235. 31
2.797 14 NAVIGATION 2 1 0. 0. 0. 0. 0 6 6 1 0 0
2.814 14 DESIRED 0. 0.00024 0. 0. 0. 235. 0. 13.
2.814 14 GPS 3 36028477 481359546 899 185000 0 32 0 175598240 31 0
2.864 14 ESTIMATOR 185.066971 0.32
2.964 14 ATTITUDE 0.0023 0. -0.000365
3.048 14 NAVIGATION 2 1 0. 0. 0. 0. 0 6 6 1 0 0
3.064 14 GPS 3 36028477 481359546 899 185000 0 33 0 175598480 31 0
3.264 14 WP_MOVED 10 360424. 4813592.5 235. 31
3.298 14 NAVIGATION 2 1 0. 0. 0. 0. 0 6 6 1 0 0
3.315 14 GPS 3 36028477 481359546 899 185000 0 34 0 175598720 31 0
3.315 14 SVINFO 3 10 1 3 48 6 159
3.364 14 NAVIGATION 2 1 0. 0. 0. 0. 0 6 6 1 0 0
3.365 14 ESTIMATOR 185.142426 0.34
3.464 14 IR_SENSORS 0 0 23 -16 264
3.464 14 ENERGY 0 12.5 0. 0. 0. 0.
3.464 14 AIRSPEED 0. 0. 0. 0.
3.464 14 ATTITUDE 0.0023 0. -0.000365
3.548 14 NAVIGATION 2 1 0. 0. 0. 0. 0 7 7 1 0 0
3.563 14 FBW_STATUS 2 0 1 12.5 0.
3.564 14 GPS 3 36028477 481359546 899 185000 0 21 0 175598960 31 0
3.664 14 GPS_SOL 625 625 625 7
3.766 14 WP_MOVED 11 360234.40625 4813661.5 235. 31
3.797 14 NAVIGATION 2 1 0. 0. 0. 0. 0 7 7 1 0 0
3.814 14 GPS 3 36028477 481359546 899 185000 0 26 0 175599240 31 0
3.864 14 DESIRED 0. 0.00024 0. 0. 0. 235. 0. 13.
3.864 14 ESTIMATOR 185.164536 0.26
3.965 14 ATTITUDE 0.0023 0. -0.000365
4.048 14 NAVIGATION 2 1 0. 0. 0. 0. 0 7 7 1 0 0
4.064 14 GPS 3 36028477 481359546 899 185000 0 18 0 175599480 31 0
4.264 14 CALIBRATION 0. 0
4.265 14 DL_VALUE 11 1.
4.265 14 WP_MOVED 0 360326. 4813637. 260. 31
4.298 14 NAVIGATION 2 1 0. 0. 0. 0. 0 7 7 1 0 0
4.314 14 GPS 3 36028477 481359546 899 185000 0 6 0 175599720 31 0
4.315 14 SVINFO 0 7 0 0 46 79 10
4.364 14 NAVIGATION 2 1 0. 0. 0. 0. 0 7 7 1 0 0
4.364 14 ESTIMATOR 185.160126 0.06
4.465 14 AIRSPEED 0. 0. 0. 0.
4.465 14 ATTITUDE 0.0023 0. -0.000365
4.548 14 NAVIGATION 2 1 0. 0. 0. 0. 0 8 8 1 0 0
4.565 14 ENERGY 0 12.5 0. 0. 0. 0.
4.565 14 GPS 3 36028477 481359546 899 185000 0 0 0 175599960 31 0
4.566 14 SVINFO 1 8 1 1 47 38 60
4.665 14 NAVIGATION_REF 360284 4813595 31 185.
4.665 14 IR_SENSORS 0 0 23 -16 264
4.748 14 FBW_STATUS 2 0 1 12.5 0.
4.765 14 WP_MOVED 1 360284. 4813595. 260. 31
4.798 14 NAVIGATION 2 1 0. 0. 0. 0. 0 8 8 1 0 0
4.815 14 GPS 3 36028477 481359546 899 185000 0 13 0 175600240 31 0
4.815 14 SVINFO 2 9 1 2 48 3 110
4.864 14 ESTIMATOR 185.096664 0.13
4.915 14 DESIRED 0. 0.00024 0. 0. 0. 235. 0. 13.
4.965 14 ATTITUDE 0.0023 0. -0.000365
5.048 14 NAVIGATION 2 1 0. 0. 0. 0. 0 8 8 1 0 0
5.064 14 GPS 3 36028477 481359546 899 185000 0 -2 0 175600480 31 0
5.265 14 WP_MOVED 2 360333.5 4813695. 235. 31
5.298 14 NAVIGATION 2 1 0. 0. 0. 0. 0 8 8 1 0 0
5.315 14 GPS 3 36028477 481359546 899 185000 0 -16 0 175600720 31 0
5.315 14 SVINFO 4 11 1 4 49 46 210
5.365 14 NAVIGATION 2 1 0. 0. 0. 0. 0 8 8 1 0 0
5.365 14 ESTIMATOR 185.067581 -0.16
5.464 14 AIRSPEED 0. 0. 0. 0.
5.464 14 ATTITUDE 0.0023 0. -0.000365
5.547 14 NAVIGATION 2 1 0. 0. 0. 0. 0 9 9 1 0 0
5.565 14 FBW_STATUS 2 0 1 12.5 0.
5.565 14 GPS 3 36028477 481359546 899 185000 0 -3 0 175600960 31 0
5.665 14 GPS_SOL 637 637 637 7
5.665 14 ENERGY 0 12.5 0. 0. 0. 0.
5.765 14 DL_VALUE 12 1.
5.765 14 WP_MOVED 3 360461.40625 4813640. 215. 31
5.798 14 NAVIGATION 2 1 0. 0. 0. 0. 0 9 9 1 0 0
5.815 14 GPS 3 36028477 481359546 899 185000 0 2 0 175601240 31 0
5.864 14 IR_SENSORS 0 0 23 -16 264
5.864 14 ESTIMATOR 185.009644 0.02
5.964 14 DESIRED 0. 0.00024 0. 0. 0. 235. 0. 13.
5.964 14 ATTITUDE 0.0023 0. -0.000365
6.048 14 NAVIGATION 2 1 0. 0. 0. 0. 0 9 9 1 0 0
6.065 14 GPS 3 36028477 481359546 899 185000 0 -9 0 175601480 31 0
6.065 14 SVINFO 0 7 0 0 47 76 11
6.264 14 WP_MOVED 4 360312.8125 4813652. 185. 31
6.297 14 NAVIGATION 2 1 0. 0. 0. 0. 0 9 9 1 0 0
6.315 14 GPS 3 36028477 481359546 899 185000 0 13 0 175601720 31 0
6.364 14 CALIBRATION 0. 0
6.365 14 NAVIGATION 2 1 0. 0. 0. 0. 0 9 9 1 0 0
6.365 14 ESTIMATOR 184.991364 0.13
6.465 14 AIRSPEED 0. 0. 0. 0.
6.465 14 ATTITUDE 0.0023 0. -0.000365
6.548 14 NAVIGATION 2 1 0. 0. 0. 0. 0 10 10 1 0 0
6.564 14 GPS 3 36028477 481359546 899 185000 0 10 0 175601960 31 0
6.648 14 COMMANDS 0,-17,7,0
6.748 14 FBW_STATUS 2 0 1 12.5 0.
6.765 14 ENERGY 0 12.5 0. 0. 0. 0.
6.765 14 WP_MOVED 5 360452.8125 4813581. 260. 31
6.798 14 NAVIGATION 2 1 0. 0. 0. 0. 0 10 10 1 0 0
6.814 14 GPS 3 36028477 481359546 899 185000 0 24 0 175602240 31 0
6.864 14 COMMANDS 0,-17,7,0
6.864 14 ESTIMATOR 185.031738 0.24
6.964 14 STATE_FILTER_STATUS 2 3 303
6.964 14 ATTITUDE 0.0023 0. -0.000365
7.014 14 DESIRED 0. 0.00024 0. 0. 0. 235. 0. 13.
7.048 14 NAVIGATION 2 1 0. 0. 0. 0. 0 10 10 1 0 0
7.065 14 IR_SENSORS 0 0 23 -16 264
7.065 14 GPS 3 36028477 481359546 899 185000 0 34 0 175602480 31 0
7.164 14 DATALINK_REPORT 9 1 514 529 0 0
7.164 14 PPRZ_MODE 2 1 2 0 0 6
7.265 14 ALIVE 158,87,147,219,247,235,138,154,89,223,120,51,202,91,226,10
7.265 14 DL_VALUE 13 1.
7.265 14 WP_MOVED 6 360169.5 4813757.5 260. 31
7.298 14 NAVIGATION 2 1 0. 0. 0. 0. 0 10 10 1 0 0
7.315 14 GPS 3 36028477 481359546 899 185000 0 18 0 175602720 31 0
7.364 14 NAVIGATION 2 1 0. 0. 0. 0. 0 10 10 1 0 0
7.365 14 ESTIMATOR 185.1138 0.18
7.465 14 AIRSPEED 0. 0. 0. 0.
7.465 14 ATTITUDE 0.0023 0. -0.000365
7.548 14 NAVIGATION 2 1 0. 0. 0. 0. 0 11 11 1 0 0
7.564 14 FBW_STATUS 2 0 1 12.5 0.
7.564 14 GPS 3 36028477 481359546 899 185000 0 21 0 175602960 31 0
7.663 14 GPS_SOL 648 648 648 7
7.765 14 WP_MOVED 7 360284.5 4813704. 235. 31
7.798 14 NAVIGATION 2 1 0. 0. 0. 0. 0 11 11 1 0 0
7.815 14 GPS 3 36028477 481359546 899 185000 0 17 0 175603240 31 0
7.864 14 ENERGY 0 12.5 0. 0. 0. 0.
7.865 14 ESTIMATOR 185.126694 0.17
7.965 14 ATTITUDE 0.0023 0. -0.000365
8.039 14 WIND_INFO 14 5 0. 0. 0. 0.
8.048 14 NAVIGATION 2 1 0. 0. 0. 0. 0 11 11 1 0 0
8.065 14 DESIRED 0. 0.00024 0. 0. 0. 235. 0. 13.
8.065 14 GPS 3 36028477 481359546 899 185000 0 15 0 175603480 31 0
8.065 14 SVINFO 1 8 0 1 48 32 62
8.264 14 IR_SENSORS 0 0 23 -16 264
8.264 14 WP_MOVED 8 360269.1875 4813753. 235. 31
8.297 14 NAVIGATION 2 1 0. 0. 0. 0. 0 11 11 1 0 0
8.315 14 GPS 3 36028477 481359546 899 185000 0 16 0 175603720 31 0
8.364 14 NAVIGATION 2 1 0. 0. 0. 0. 0 11 11 1 0 0
8.365 14 ESTIMATOR 185.121277 0.16
8.367 14 SETTING 10 14 1.
8.367 14 DL_VALUE 10 1.
8.465 14 CALIBRATION 0. 0
8.465 14 AIRSPEED 0. 0. 0. 0.
8.465 14 ATTITUDE 0.0023 0. -0.000365
8.548 14 NAVIGATION 2 1 0. 0. 0. 0. 0 12 12 1 0 0
8.564 14 GPS 3 36028477 481359546 899 185000 0 -2 0 175603960 31 0
8.565 14 SVINFO 3 10 0 3 49 11 162
8.747 14 FBW_STATUS 2 0 1 12.5 0.
8.764 14 AUTOPILOT_VERSION 51500 v5.15_devel-179-g9a29798-dirty
8.764 14 DL_VALUE 14 1.
8.766 14 WP_MOVED 9 360459.6875 4813680. 235. 31
8.799 14 NAVIGATION 2 1 0. 0. 0. 0. 0 12 12 1 0 0
8.814 14 GPS 3 36028477 481359546 899 185000 0 4 0 175604240 31 0
8.864 14 ESTIMATOR 185.085312 0.04
8.964 14 ENERGY 0 12.5 0. 0. 0. 0.
8.965 14 ATTITUDE 0.0023 0. -0.000365
9.047 14 NAVIGATION 2 1 0. 0. 0. 0. 0 12 12 1 0 0
9.064 14 GPS 3 36028477 481359546 899 185000 0 0 0 175604480 31 0
9.113 14 BLOCK 3 14
9.113 14 NAVIGATION 3 0 0. 0. 0. 0. 0 0 0 1 0 0
9.115 14 DESIRED 0. 0.00024 0. 0. 0. 235. 0. 13.
9.264 14 WP_MOVED 10 360424. 4813592.5 235. 31
9.297 14 NAVIGATION 3 2 0. 0. 198.624115 0. 0 0 0 0 0 0
9.313 14 GPS 3 36028477 481359546 899 185000 0 9 0 175604720 31 0
9.365 14 NAVIGATION 3 2 0. 0. 198.624115 0. 0 0 0 0 0 0
9.365 14 ESTIMATOR 185.052612 0.09
9.464 14 IR_SENSORS 0 0 23 -17 264
9.465 14 AIRSPEED 0. 0. 0. 0.
9.465 14 ATTITUDE -0.001473 0. -0.000365
9.548 14 NAVIGATION 3 2 0. 0. 198.624115 0. 0 1 1 0 0 0
9.566 14 FBW_STATUS 2 0 1 12.5 0.138425
9.566 14 GPS 3 36028477 481359802 3599 184997 1063 3 0 175604960 31 0
9.666 14 GPS_SOL 659 659 659 7
9.765 14 WP_MOVED 11 360234.40625 4813661.5 235. 31
9.798 14 NAVIGATION 3 2 0. 2.5 196.586594 2.5 0 1 1 0 0 0
9.816 14 GPS 3 36028476 481360151 3597 184983 1246 -8 0 175605240 31 0
9.865 14 ESTIMATOR 185.042099 -0.08
9.965 14 ATTITUDE -0.074234 6.279236 0.038503
10.048 14 NAVIGATION 3 2 0. 6. 193.752274 6. 0 1 1 0 0 0
10.065 14 ENERGY 39 12.5 0.514258 6.428222 0.00029 0.003624
10.066 14 GPS 3 36028471 481360450 3591 184984 1244 -1 0 175605480 31 0
10.066 14 SVINFO 2 9 0 2 49 0 113
10.163 14 DESIRED -0.4 0.274805 5.650936 -114.5 162.300003 235. 0. 13.
10.264 14 DL_VALUE 15 80.
10.265 14 WP_MOVED 0 360326. 4813637. 260. 31
10.299 14 NAVIGATION 3 2 -0.03125 9. 191.321671 9.000054 0 1 1 0 0 0
10.314 14 GPS 3 36028460 481360752 3578 185032 1261 41 0 175605720 31 0
10.364 14 NAVIGATION 3 2 -0.15625 12. 191.321671 9.000054 0 1 1 0 0 0
10.364 14 ESTIMATOR 185.015503 0.41
10.463 14 AIRSPEED 0. 0. 0. 0.
10.463 14 ATTITUDE -0.209142 6.246479 0.113192
10.548 14 TAKEOFF 23
10.548 14 NAVIGATION 3 2 -0.15625 12. 188.850693 12.001018 1 2 2 0 0 0
10.565 14 CALIBRATION 0. 0
10.565 14 GPS 3 36028439 481361062 3560 185166 1292 65 0 175605960 31 0
10.664 14 IR_SENSORS 0 0 59 -82 246
10.748 14 FBW_STATUS 2 0 1 12.5 1.206999
10.764 14 WP_MOVED 1 360284. 4813595. 260. 31
10.797 14 NAVIGATION 3 2 -0.34375 15. 186.357025 15.003939 1 2 2 0 0 0
10.814 14 GPS 3 36028395 481361433 3531 185470 1338 137 0 175606240 31 0
10.864 14 ESTIMATOR 185.338348 1.37
10.964 14 ATTITUDE -0.336445 6.162786 0.196042
11.047 14 NAVIGATION 3 2 -0.78125 19. 182.939453 19.016054 1 2 2 0 0 0
11.064 14 GPS 3 36028337 481361760 3499 185885 1382 180 0 175606480 31 0
11.165 14 ENERGY 88 12.5 1.627817 20.347708 0.002253 0.028169
11.214 14 DESIRED -0.554675 0.304828 5.612377 -114.5 162.300003 235. 0. 13.
11.264 14 WP_MOVED 2 360333.5 4813695. 235. 31
11.297 14 NAVIGATION 3 2 -1.375 22. 180.225845 22.042927 1 2 2 0 0 0
11.316 14 GPS 3 36028256 481362092 3463 186455 1425 260 0 175606720 31 0
11.317 14 SVINFO 0 7 0 0 48 69 14
11.364 14 NAVIGATION 3 2 -2.1875 25.5 180.225845 22.042927 1 2 2 0 0 0
11.364 14 ESTIMATOR 186.264725 2.6
11.464 14 AIRSPEED 0. 0. 0. 0.
11.464 14 ATTITUDE -0.460709 6.044428 0.281429
11.548 14 NAVIGATION 3 2 -2.1875 25.5 176.998123 25.593655 2 3 3 0 0 0
11.565 14 FBW_STATUS 2 0 1 12.5 1.627817
11.565 14 GPS 3 36028149 481362425 3421 187179 1454 313 0 175606960 31 0
11.647 14 COMMANDS 8524,184,53,0
11.663 14 GPS_SOL 668 668 668 7
11.764 14 DL_VALUE 16 80.
11.765 14 WP_MOVED 3 360461.40625 4813640. 215. 31
11.798 14 NAVIGATION 3 2 -3.28125 29. 173.604431 29.185041 2 3 3 0 0 0
11.815 14 GPS 3 36027989 481362804 3367 188191 1473 360 0 175607240 31 0
11.864 14 COMMANDS 8524,799,-223,0
11.865 14 IR_SENSORS 0 0 95 -137 212
11.865 14 ESTIMATOR 187.86232 3.6
11.964 14 STATE_FILTER_STATUS 2 3 445
11.965 14 ATTITUDE -0.507551 5.876918 0.341846
12.048 14 NAVIGATION 3 2 -4.875 32.5 169.899033 32.86359 2 3 3 0 0 0
12.065 14 GPS 3 36027822 481363118 3319 189180 1478 413 0 175607480 31 0
12.165 14 PPRZ_MODE 2 1 3 0 0 6
12.264 14 DATALINK_REPORT 3 4 635 520 0 0
12.265 14 ALIVE 158,87,147,219,247,235,138,154,89,223,120,51,202,91,226,10
12.265 14 ENERGY 88 12.5 1.627817 20.347708 0.005238 0.065473
12.266 14 DESIRED -0.307548 0.310262 5.581853 -114.5 162.300003 235. 0. 13.
12.266 14 WP_MOVED 4 360312.8125 4813652. 185. 31
12.302 14 NAVIGATION 3 2 -6.5 35.5 166.560028 36.090164 2 3 3 0 0 0
12.316 14 GPS 3 36027632 481363417 3274 190261 1477 436 0 175607720 31 0
12.365 14 NAVIGATION 3 2 -8.4375 38.5 166.560028 36.090164 2 3 3 0 0 0
12.365 14 ESTIMATOR 189.994156 4.36
12.464 14 AIRSPEED 0. 0. 0. 0.
12.464 14 ATTITUDE -0.413405 5.715612 0.345141
12.548 14 NAVIGATION 3 2 -8.4375 38.5 163.020538 39.413719 3 4 4 0 0 0
12.565 14 GPS 3 36027421 481363701 3234 191413 1472 478 0 175607960 31 0
12.664 14 CALIBRATION 0. 0
12.748 14 FBW_STATUS 2 0 1 12.5 1.627817
12.765 14 WP_MOVED 5 360452.8125 4813581. 260. 31
12.798 14 NAVIGATION 3 2 -10.5625 41.5 159.360107 42.823082 3 4 4 0 0 0
12.815 14 GPS 3 36027157 481364014 3195 192821 1462 495 0 175608240 31 0
12.866 14 ESTIMATOR 192.481033 4.95
12.965 14 ATTITUDE -0.28836 5.577973 0.326951
13.047 14 NAVIGATION 3 2 -13.1875 44.5 155.373947 46.41293 3 4 4 0 0 0
13.063 14 IR_SENSORS 0 0 102 -77 234
13.064 14 GPS 3 36026919 481364269 3168 194058 1453 499 0 175608480 31 0
13.264 14 DL_VALUE 17 0.
13.265 14 WP_MOVED 6 360169.5 4813757.5 260. 31
13.297 14 NAVIGATION 3 2 -15.5625 47. 151.929977 49.50951 3 4 4 0 0 0
13.315 14 DESIRED 0.06435 0.2818 5.574015 -114.5 162.300003 235. 0. 13.
13.315 14 GPS 3 36026673 481364513 3147 195303 1444 514 0 175608720 31 0
13.315 14 SVINFO 1 8 0 1 49 23 65
13.365 14 ENERGY 88 12.5 1.627817 20.347708 0.008222 0.102777
13.366 14 NAVIGATION 3 2 -18.03125 49.5 151.929977 49.50951 3 4 4 0 0 0
13.366 14 ESTIMATOR 195.117355 5.14
13.466 14 AIRSPEED 0. 0. 0. 0.
13.466 14 ATTITUDE -0.149678 5.4938 0.306051
13.547 14 NAVIGATION 3 2 -18.03125 49.5 148.425262 52.681839 4 5 5 0 0 0
13.565 14 FBW_STATUS 2 0 1 12.5 1.627817
13.566 14 GPS 3 36026421 481364749 3132 196544 1437 519 0 175608960 31 0
13.663 14 NAVIGATION_REF 360284 4813595 31 185.
13.663 14 GPS_SOL 676 676 676 7
13.765 14 WP_MOVED 7 360284.5 4813704. 235. 31
13.797 14 NAVIGATION 3 2 -20.5625 52. 144.880447 55.917942 4 5 5 0 0 0
13.815 14 GPS 3 36026124 481365018 3120 197972 1430 487 0 175609240 31 0
13.864 14 ESTIMATOR 197.796753 4.87
13.964 14 ATTITUDE -0.022328 5.447044 0.288324
14.048 14 NAVIGATION 3 2 -23.5 54.5 141.073883 59.350655 4 5 5 0 0 0
14.065 14 GPS 3 36025869 481365246 3117 199173 1426 478 0 175609480 31 0
14.265 14 IR_SENSORS 0 0 95 -1 248
14.265 14 WP_MOVED 8 360269.1875 4813753. 235. 31
14.299 14 NAVIGATION 3 2 -26.0625 57. 137.511017 62.675785 4 5 5 0 0 0
14.316 14 GPS 3 36025615 481365474 3119 200349 1423 456 0 175609720 31 0
14.365 14 DESIRED 0.160634 0.269184 5.584606 -114.5 162.300003 235. 0. 13.
14.365 14 NAVIGATION 3 2 -28.59375 59. 137.511017 62.675785 4 5 5 0 0 0
14.365 14 ESTIMATOR 200.275406 4.56
14.465 14 ENERGY 88 12.5 1.627817 20.347708 0.011207 0.140081
14.465 14 AIRSPEED 0. 0. 0. 0.
14.465 14 ATTITUDE 0.099106 5.444058 0.275035
14.548 14 NAVIGATION 3 2 -28.59375 59. 134.353165 65.563728 5 6 6 0 0 0
14.564 14 GPS 3 36025363 481365705 3126 201500 1423 446 0 175609960 31 0
14.747 14 FBW_STATUS 2 0 1 12.5 1.627817
14.764 14 CALIBRATION 0. 0
14.765 14 DL_VALUE 18 1.
14.766 14 WP_MOVED 9 360459.6875 4813680. 235. 31
14.798 14 NAVIGATION 3 2 -31.125 61.5 130.812958 68.927612 5 6 6 0 0 0
14.815 14 GPS 3 36025076 481365982 3139 202812 1424 470 0 175610240 31 0
14.815 14 SVINFO 0 7 0 0 49 64 16
14.869 14 ESTIMATOR 202.618851 4.7
14.964 14 ATTITUDE 0.159306 5.479446 0.267964
15.048 14 NAVIGATION 3 2 -34. 64.5 126.66922 72.912621 5 6 6 0 0 0
15.064 14 GPS 3 36024835 481366225 3153 203917 1426 461 0 175610480 31 0
15.264 14 WP_MOVED 10 360424. 4813592.5 235. 31
15.298 14 NAVIGATION 3 2 -36.375 67. 123.229889 76.237396 5 6 6 0 0 0
15.315 14 GPS 3 36024600 481366476 3168 205010 1429 455 0 175610720 31 0
15.365 14 NAVIGATION 3 2 -38.75 69. 123.229889 76.237396 5 6 6 0 0 0
15.365 14 ESTIMATOR 204.98616 4.55
15.414 14 DESIRED 0.093611 0.277977 5.596499 -114.5 162.300003 235. 0. 13.
15.465 14 IR_SENSORS 0 0 91 22 248
15.465 14 AIRSPEED 0. 0. 0. 0.
15.465 14 ATTITUDE 0.15131 5.530701 0.264415
15.548 14 NAVIGATION 3 2 -38.75 69. 120.178841 79.136353 6 7 7 0 0 0
15.564 14 FBW_STATUS 2 0 1 12.5 1.627817
15.564 14 ENERGY 88 12.5 1.627817 20.347708 0.014191 0.177386
15.565 14 GPS 3 36024372 481366733 3183 206097 1432 463 0 175610960 31 0
15.666 14 GPS_SOL 683 683 683 7
15.764 14 WP_MOVED 11 360234.40625 4813661.5 235. 31
15.798 14 NAVIGATION 3 2 -41.03125 71.5 116.800247 82.436722 6 7 7 0 0 0
15.815 14 GPS 3 36024112 481367039 3198 207367 1435 471 0 175611240 31 0
15.864 14 ESTIMATOR 207.298065 4.71
15.964 14 ATTITUDE 0.102971 5.582709 0.266654
16.047 14 NAVIGATION 3 2 -43.625 75. 112.448021 86.764854 6 7 7 0 0 0
16.064 14 GPS 3 36023895 481367307 3209 208461 1437 471 0 175611480 31 0
16.264 14 DL_VALUE 19 1.
16.265 14 WP_MOVED 0 360326. 4813637. 260. 31
16.297 14 NAVIGATION 3 2 -45.78125 77.5 109.148094 90.01207 6 7 7 0 0 0
16.314 14 GPS 3 36023681 481367578 3217 209562 1438 480 0 175611720 31 0
16.365 14 NAVIGATION 3 2 -47.9375 80.5 109.148094 90.01207 6 7 7 0 0 0
16.365 14 ESTIMATOR 209.626831 4.8
16.466 14 DESIRED -0.004093 0.266671 5.602158 -114.5 162.300003 235. 0. 13.
16.467 14 AIRSPEED 0. 0. 0. 0.
16.467 14 ATTITUDE 0.046769 5.615132 0.266654
16.547 14 NAVIGATION 3 2 -47.9375 80.5 105.459976 93.692337 7 8 8 0 0 0
16.564 14 GPS 3 36023470 481367852 3222 210670 1439 492 0 175611960 31 0
16.649 14 COMMANDS 8524,-395,-19,0
16.664 14 IR_SENSORS 0 0 92 -9 249
16.665 14 ENERGY 88 12.5 1.627817 20.347708 0.017175 0.21469
16.748 14 FBW_STATUS 2 0 1 12.5 1.627817
16.766 14 WP_MOVED 1 360284. 4813595. 260. 31
16.798 14 NAVIGATION 4 0 -50.03125 83. 0. 96.912979 7 0 0 0 0 0
16.815 14 GPS 3 36023225 481368172 3226 211970 1439 482 0 175612240 31 0
16.864 14 COMMANDS 8524,-308,-60,0
16.865 14 CALIBRATION 0. 0
16.865 14 ESTIMATOR 212.004517 4.82
16.965 14 STATE_FILTER_STATUS 2 3 356
16.965 14 ATTITUDE -0.001595 5.631337 0.267964
17.048 14 NAVIGATION 4 2 -52.5 86. 0. 100.758377 7 0 0 0 0 0
17.065 14 GPS 3 36023016 481368447 3227 213089 1439 469 0 175612480 31 0
17.165 14 PPRZ_MODE 2 3 2 2 0 6
17.264 14 ALIVE 158,87,147,219,247,235,138,154,89,223,120,51,202,91,226,10
17.264 14 WP_MOVED 2 360333.5 4813695. 235. 31
17.297 14 NAVIGATION 4 2 -54.59375 89. 0. 104.410141 7 0 0 0 0 0
17.316 14 GPS 3 36022807 481368722 3227 214210 1439 470 0 175612720 31 0
17.365 14 DATALINK_REPORT 8 4 755 528 0 0
17.366 14 NAVIGATION 4 2 -56.65625 92. 0. 104.410141 7 0 0 0 0 0
17.366 14 ESTIMATOR 214.314743 4.7
17.465 14 AIRSPEED 0. 0. 0. 0.
17.465 14 ATTITUDE 0.070896 5.632422 0.271504
17.515 14 DESIRED 0.6 0.308645 5.600133 -114.5 162.300003 235. 0.654645 13.
17.547 14 NAVIGATION 4 2 -56.65625 92. 0. 108.045967 8 1 1 0 0 0
17.564 14 FBW_STATUS 2 0 1 12.5 1.627817
17.565 14 GPS 3 36022599 481368998 3231 215334 1438 467 0 175612960 31 0
17.616 14 CIRCLE 49.5 100.099998 80.
17.666 14 GPS_SOL 689 689 689 7
17.764 14 DL_VALUE 20 0.
17.764 14 ENERGY 88 12.5 1.627817 20.347708 0.02016 0.251994
17.764 14 WP_MOVED 3 360461.40625 4813640. 215. 31
17.798 14 NAVIGATION 4 2 -58.75 94.5 0. 111.27359 8 1 1 0 0 0
17.815 14 GPS 3 36022364 481369324 3242 216650 1438 460 0 175613240 31 0
17.866 14 IR_SENSORS 0 0 95 28 246
17.867 14 ESTIMATOR 216.62558 4.6
17.963 14 ATTITUDE 0.200173 5.659752 0.281269
18.040 14 WIND_INFO 14 5 -4.1 7.8 0. 6.
18.048 14 NAVIGATION 4 2 -61.125 97.5 0. 115.076126 8 1 1 0 0 0
18.064 14 GPS 3 36022171 481369610 3259 217785 1435 475 0 175613480 31 0
18.264 14 WP_MOVED 4 360312.8125 4813652. 185. 31
18.298 14 NAVIGATION 4 2 -63.03125 100.5 0. 118.63047 8 1 1 0 0 0
18.322 14 GPS 3 36021990 481369901 3281 218922 1427 493 0 175613720 31 0
18.364 14 NAVIGATION 4 2 -64.84375 103.5 0. 118.63047 8 1 1 0 0 0
18.364 14 ESTIMATOR 218.954269 4.93
18.464 14 AIRSPEED 6. 0. 0. 0.
18.464 14 ATTITUDE 0.341132 5.611393 0.303341
18.547 14 NAVIGATION 4 2 -64.84375 103.5 0. 122.135017 9 2 2 0 0 0
18.564 14 DESIRED 0.6 0.228559 5.600133 -114.5 162.300003 235. 0.481372 13.
18.565 14 GPS 3 36021825 481370197 3309 220048 1411 488 0 175613960 31 0
18.664 14 CIRCLE 49.5 100.099998 80.
18.748 14 FBW_STATUS 2 0 1 12.5 1.043621
18.764 14 WP_MOVED 5 360452.8125 4813581. 260. 31
18.798 14 NAVIGATION 4 2 -66.5 106.5 0. 125.556763 9 2 2 0 0 0
18.813 14 GPS 3 36021660 481370548 3351 221321 1382 462 0 175614240 31 0
18.865 14 ENERGY 59 12.5 1.003472 12.5434 0.022624 0.2828
18.865 14 ESTIMATOR 221.35817 4.62
18.965 14 CALIBRATION 81.079277 2
18.966 14 ATTITUDE 0.454532 5.93831 0.311839
19.048 14 NAVIGATION 4 2 -68.15625 110. 0. 129.403534 9 2 2 0 0 0
19.064 14 IR_SENSORS 0 0 96 104 227
19.064 14 GPS 3 36021547 481370852 3395 222347 1350 434 0 175614480 31 0
19.265 14 DL_VALUE 21 0.
19.265 14 WP_MOVED 6 360169.5 4813757.5 260. 31
19.297 14 NAVIGATION 4 2 -69.28125 113. 0. 132.547699 9 2 2 0 0 0
19.314 14 GPS 3 36021465 481371156 3447 223283 1312 396 0 175614720 31 0
19.364 14 NAVIGATION 4 2 -70.125 116. 0. 132.547699 9 2 2 0 0 0
19.365 14 ESTIMATOR 223.485397 3.96
19.465 14 AIRSPEED 6. 0. 0. 0.
19.466 14 ATTITUDE 0.570698 0.134834 0.299466
19.547 14 NAVIGATION 4 2 -70.125 116. 0. 135.548935 10 3 3 0 0 0
19.564 14 FBW_STATUS 2 0 1 12.5 0.48711
19.564 14 GPS 3 36021416 481371456 3508 224105 1269 354 0 175614960 31 0
19.615 14 DESIRED 0.6 0.121529 5.600133 -114.5 162.300003 235. 0.345438 13.
19.664 14 GPS_SOL 693 693 693 7
19.713 14 CIRCLE 49.5 100.099998 80.
19.765 14 WP_MOVED 7 360284.5 4813704. 235. 31
19.797 14 NAVIGATION 4 2 -70.59375 119. 0. 138.363571 10 3 3 0 0 0
19.815 14 GPS 3 36021405 481371798 3587 224891 1215 291 0 175615240 31 0
19.864 14 AUTOPILOT_VERSION 51500 v5.15_devel-179-g9a29798-dirty
19.865 14 ESTIMATOR 225.169006 2.91
19.965 14 ENERGY 21 12.5 0.266729 3.334111 0.023713 0.296416
19.965 14 ATTITUDE 0.608606 0.723361 0.258936
20.047 14 NAVIGATION 4 2 -70.71875 122.5 0. 141.447479 10 3 3 0 0 0
20.064 14 GPS 3 36021436 481372077 62 225403 1171 233 0 175615480 31 0
20.264 14 IR_SENSORS 0 0 71 136 220
20.264 14 WP_MOVED 8 360269.1875 4813753. 235. 31
20.298 14 NAVIGATION 4 2 -70.375 125. 0. 143.449081 10 3 3 0 0 0
20.315 14 GPS 3 36021502 481372341 141 225763 1132 159 0 175615720 31 0
20.364 14 NAVIGATION 4 2 -69.71875 128. 0. 143.449081 10 3 3 0 0 0
20.365 14 ESTIMATOR 226.200745 1.59
20.467 14 AIRSPEED 6. 0. 0. 0.
20.468 14 ATTITUDE 0.614487 1.137547 0.198785
20.547 14 NAVIGATION 4 2 -69.71875 128. 0. 145.75563 11 4 4 0 0 0
20.563 14 GPS 3 36021603 481372586 223 225975 1105 77 0 175615960 31 0
20.665 14 DESIRED 0.6 0.076998 5.600133 -114.5 162.300003 235. 0.263978 13.
20.747 14 FBW_STATUS 2 0 1 12.5 0.217558
20.763 14 DL_VALUE 22 0.
20.763 14 CIRCLE 49.5 100.099998 80.
20.763 14 WP_MOVED 9 360459.6875 4813680. 235. 31
20.797 14 NAVIGATION 4 2 -68.71875 130.5 0. 147.487335 11 4 4 0 0 0
20.815 14 GPS 3 36021763 481372847 321 226059 1093 18 0 175616240 31 0
20.864 14 ESTIMATOR 226.483688 0.18
20.964 14 ATTITUDE 0.610474 1.425713 0.146073
21.047 14 NAVIGATION 4 2 -67.125 133. 0. 148.97908 11 4 4 0 0 0
21.064 14 CALIBRATION 148.136154 0
21.065 14 ENERGY 18 12.5 0.224856 2.810697 0.024119 0.301485
21.065 14 GPS 3 36021935 481373047 406 226016 1096 -10 0 175616480 31 0
21.264 14 WP_MOVED 10 360424. 4813592.5 235. 31
21.297 14 NAVIGATION 4 2 -65.375 135. 0. 149.996307 11 4 4 0 0 0
21.314 14 GPS 3 36022135 481373221 489 225893 1108 -23 0 175616720 31 0
21.365 14 NAVIGATION 4 2 -63.375 136.5 0. 149.996307 11 4 4 0 0 0
21.365 14 ESTIMATOR 226.248871 -0.23
21.465 14 IR_SENSORS 0 0 42 135 226
21.467 14 AIRSPEED 6. 0. 0. 0.
21.467 14 ATTITUDE 0.601297 1.613232 0.096478
21.547 14 NAVIGATION 4 2 -63.375 136.5 0. 150.494659 12 5 5 0 0 0
21.564 14 FBW_STATUS 2 0 1 12.5 0.246862
21.564 14 GPS 3 36022362 481373368 572 225711 1125 -45 0 175616960 31 0
21.647 14 COMMANDS 1993,-1802,-144,0
21.664 14 GPS_SOL 697 697 697 7
21.716 14 DESIRED 0.34723 0.07311 5.600133 -114.5 162.300003 235. 0.262534 13.
21.764 14 WP_MOVED 11 360234.40625 4813661.5 235. 31
21.797 14 NAVIGATION 4 2 -61.15625 138.5 0. 151.401245 12 5 5 0 0 0
21.814 14 CIRCLE 49.5 100.099998 80.
21.815 14 GPS 3 36022655 481373499 663 225457 1148 -70 0 175617240 31 0
21.865 14 COMMANDS 2107,-2858,2,0
21.865 14 ESTIMATOR 225.827347 -0.7
21.964 14 STATE_FILTER_STATUS 2 3 389
21.966 14 ATTITUDE 0.523084 1.78624 0.064109
22.047 14 NAVIGATION 4 2 -58.1875 139.5 0. 151.149048 12 5 5 0 0 0
22.065 14 GPS 3 36022924 481373580 733 225232 1169 -69 0 175617480 31 0
22.165 14 PPRZ_MODE 2 3 2 2 0 6
22.167 14 ENERGY 23 12.5 0.296512 3.706405 0.024587 0.30734
22.264 14 ALIVE 158,87,147,219,247,235,138,154,89,223,120,51,202,91,226,10
22.265 14 DL_VALUE 23 1.
22.265 14 WP_MOVED 0 360326. 4813637. 260. 31
22.298 14 NAVIGATION 4 2 -55.5 140. 0. 150.59964 12 5 5 0 0 0
22.315 14 GPS 3 36023204 481373632 793 225024 1189 -63 0 175617720 31 0
22.364 14 NAVIGATION 4 2 -52.71875 141. 0. 150.59964 12 5 5 0 0 0
22.365 14 ESTIMATOR 225.282455 -0.63
22.464 14 DATALINK_REPORT 4 5 877 535 0 0
22.465 14 AIRSPEED 6. 0. 0. 0.
22.465 14 ATTITUDE 0.395386 1.912049 0.036594
22.548 14 NAVIGATION 4 2 -52.71875 141. 0. 150.533264 13 6 6 0 0 0
22.565 14 GPS 3 36023493 481373661 844 224844 1206 -54 0 175617960 31 0
22.664 14 NAVIGATION_REF 360284 4813595 31 185.
22.664 14 IR_SENSORS 0 0 31 73 253
22.747 14 FBW_STATUS 2 0 1 12.5 0.343562
22.765 14 DESIRED -0.457326 0.048267 5.600133 -114.5 162.300003 235. 0.291526 13.
22.765 14 WP_MOVED 1 360284. 4813595. 260. 31
22.799 14 NAVIGATION 4 2 -49.84375 141. 0. 149.550659 13 6 6 0 0 0
22.813 14 GPS 3 36023835 481373667 892 224677 1223 -38 0 175618240 31 0
22.864 14 CIRCLE 49.5 100.099998 80.
22.864 14 ESTIMATOR 224.855896 -0.38
22.964 14 ATTITUDE 0.272866 2.008735 0.028493
23.047 14 NAVIGATION 4 2 -46.375 141. 0. 148.430588 13 6 6 0 0 0
23.066 14 GPS 3 36024131 481373653 925 224571 1234 -36 0 175618480 31 0
23.165 14 CALIBRATION 54.762749 2
23.265 14 ENERGY 29 12.5 0.388058 4.850727 0.025212 0.315154
23.266 14 WP_MOVED 2 360333.5 4813695. 235. 31
23.297 14 NAVIGATION 4 2 -43.4375 141. 0. 147.5392 13 6 6 0 0 0
23.315 14 GPS 3 36024428 481373626 951 224497 1243 -18 0 175618720 31 0
23.315 14 SVINFO 6 13 0 6 48 61 321
23.366 14 NAVIGATION 4 2 -40.46875 141. 0. 147.5392 13 6 6 0 0 0
23.366 14 ESTIMATOR 224.589951 -0.18
23.464 14 AIRSPEED 6. 0. 0. 0.
23.464 14 ATTITUDE 0.142511 2.066891 0.026311
23.548 14 NAVIGATION 4 2 -40.46875 141. 0. 146.692596 14 7 7 0 0 0
23.564 14 FBW_STATUS 2 0 1 12.5 0.414771
23.565 14 GPS 3 36024726 481373590 970 224453 1252 -10 0 175618960 31 0
23.666 14 GPS_SOL 699 699 699 7
23.764 14 DL_VALUE 24 1.
23.765 14 WP_MOVED 3 360461.40625 4813640. 215. 31
23.797 14 NAVIGATION 4 2 -37.46875 140.5 0. 145.410309 14 7 7 0 0 0
23.814 14 DESIRED -0.6 0.03666 5.600133 -114.5 162.300003 235. 0.31436 13.
23.815 14 GPS 3 36025076 481373538 984 224433 1261 -13 0 175619240 31 0
23.864 14 IR_SENSORS 0 0 30 -5 264
23.865 14 ESTIMATOR 224.480057 -0.13
23.915 14 CIRCLE 49.5 100.099998 80.
23.964 14 ATTITUDE 0.024971 2.097695 0.025885
24.047 14 NAVIGATION 4 2 -34. 140. 0. 144.069427 14 7 7 0 0 0
24.064 14 GPS 3 36025376 481373492 988 224440 1267 -15 0 175619480 31 0
24.266 14 WP_MOVED 4 360312.8125 4813652. 185. 31
24.297 14 NAVIGATION 4 2 -31. 139.5 0. 142.902939 14 7 7 0 0 0
24.314 14 GPS 3 36025678 481373446 986 224465 1273 8 0 175619720 31 0
24.364 14 ENERGY 33 12.5 0.467193 5.839908 0.026011 0.325137
24.365 14 NAVIGATION 4 2 -27.9375 139. 0. 142.902939 14 7 7 0 0 0
24.365 14 ESTIMATOR 224.422729 0.08
24.465 14 AIRSPEED 6. 0. 0. 0.
24.465 14 ATTITUDE -0.108547 2.098227 0.031404
24.548 14 NAVIGATION 4 2 -27.9375 139. 0. 141.77977 15 8 8 0 0 0
24.564 14 GPS 3 36025982 481373404 978 224502 1278 23 0 175619960 31 0
24.747 14 FBW_STATUS 2 0 1 12.5 0.473042
24.764 14 WP_MOVED 5 360452.8125 4813581. 260. 31
24.798 14 NAVIGATION 4 2 -24.90625 138.5 0. 140.721603 15 8 8 0 0 0
24.815 14 GPS 3 36026339 481373365 960 224557 1282 21 0 175620240 31 0
24.815 14 SVINFO 5 12 1 5 48 88 271
24.864 14 DESIRED -0.6 0.053065 5.600133 -114.5 162.300003 235. 0.316261 13.
24.865 14 ESTIMATOR 224.526138 0.21
24.964 14 CIRCLE 49.5 100.099998 80.
24.965 14 ATTITUDE -0.230081 2.068655 0.039042
25.047 14 NAVIGATION 4 2 -21.34375 138.5 0. 140.134949 15 8 8 0 0 0
25.065 14 IR_SENSORS 0 0 32 -83 250
25.066 14 GPS 3 36026647 481373344 938 224610 1285 26 0 175620480 31 0
25.267 14 CALIBRATION 17.297848 2
25.268 14 DL_VALUE 25 0.
25.268 14 WP_MOVED 6 360169.5 4813757.5 260. 31
25.297 14 NAVIGATION 4 2 -15.1875 138. 0. 138.833206 15 8 8 0 0 0
25.314 14 GPS 3 36026956 481373339 909 224664 1286 14 0 175620720 31 0
25.364 14 NAVIGATION 4 2 -15.1875 138. 0. 138.833206 15 8 8 0 0 0
25.364 14 ESTIMATOR 224.654251 0.14
25.464 14 ENERGY 33 12.5 0.455719 5.69649 0.026869 0.335864
25.464 14 AIRSPEED 6. 0. 0. 0.
25.464 14 ATTITUDE -0.360022 2.012602 0.049377
25.547 14 NAVIGATION 4 2 -12.125 138. 0. 138.531647 16 9 9 0 0 0
25.564 14 FBW_STATUS 2 0 1 12.5 0.45748
25.564 14 GPS 3 36027264 481373353 874 224714 1287 22 0 175620960 31 0
25.668 14 GPS_SOL 699 699 699 7
25.764 14 WP_MOVED 7 360284.5 4813704. 235. 31
25.798 14 NAVIGATION 4 2 -8.5 138.5 0. 138.76059 16 9 9 0 0 0
25.815 14 GPS 3 36027622 481373398 823 224764 1287 15 0 175621240 31 0
25.865 14 ESTIMATOR 224.754044 0.15
25.915 14 DESIRED -0.6 0.069951 5.600133 -114.5 162.300003 235. 0.307379 13.
25.963 14 ATTITUDE -0.478888 1.917533 0.06638
26.014 14 CIRCLE 49.5 100.099998 80.
26.049 14 NAVIGATION 4 2 -5.5 139. 0. 139.108765 16 9 9 0 0 0
26.064 14 GPS 3 36027924 481373466 772 224795 1288 12 0 175621480 31 0
26.264 14 IR_SENSORS 0 0 36 -151 216
26.264 14 WP_MOVED 8 360269.1875 4813753. 235. 31
26.299 14 NAVIGATION 4 2 -2.59375 140. 0. 140.024017 16 9 9 0 0 0
26.315 14 GPS 3 36028217 481373565 713 224810 1289 -2 0 175621720 31 0
26.365 14 NAVIGATION 4 2 -2.59375 140. 0. 140.024017 16 9 9 0 0 0
26.365 14 ESTIMATOR 224.819244 -0.02
26.465 14 AIRSPEED 6. 0. 0. 0.
26.465 14 ATTITUDE -0.579911 1.792865 0.081722
26.549 14 NAVIGATION 4 2 0.21875 141.5 0. 141.500168 17 10 10 0 0 0
26.565 14 ENERGY 33 12.5 0.458361 5.729514 0.027699 0.346242
26.565 14 GPS 3 36028498 481373697 648 224810 1292 -20 0 175621960 31 0
26.659 14 COMMANDS 3251,-48,-10,0
26.747 14 FBW_STATUS 2 0 1 12.5 0.469849
26.764 14 DL_VALUE 26 0.
26.764 14 WP_MOVED 9 360459.6875 4813680. 235. 31
26.798 14 NAVIGATION 4 2 3.28125 143.5 0. 143.537506 17 10 10 0 0 0
26.814 14 GPS 3 36028804 481373893 567 224793 1297 -1 0 175622240 31 0
26.867 14 COMMANDS 3309,765,-57,0
26.867 14 ESTIMATOR 224.770813 -0.01
26.964 14 STATE_FILTER_STATUS 2 3 407
26.964 14 DESIRED -0.502086 0.084806 5.600133 -114.5 162.300003 235. 0.306876 13.
26.964 14 ATTITUDE -0.604203 1.617338 0.08961
27.049 14 NAVIGATION 4 2 5.65625 145.5 0. 145.609894 17 10 10 0 0 0
27.066 14 CIRCLE 49.5 100.099998 80.
27.067 14 GPS 3 36029042 481374095 497 224774 1302 0 0 175622480 31 0
27.164 14 PPRZ_MODE 2 3 2 2 0 6
27.265 14 ALIVE 158,87,147,219,247,235,138,154,89,223,120,51,202,91,226,10
27.265 14 WP_MOVED 10 360424. 4813592.5 235. 31
27.298 14 NAVIGATION 4 2 7.8125 148. 0. 148.206055 17 10 10 0 0 0
27.315 14 GPS 3 36029255 481374325 428 224760 1308 -12 0 175622720 31 0
27.365 14 CALIBRATION -15.019361 2
27.365 14 NAVIGATION 4 2 7.8125 148. 0. 148.206055 17 10 10 0 0 0
27.365 14 ESTIMATOR 224.767258 -0.12
27.464 14 IR_SENSORS 0 0 37 -145 220
27.465 14 AIRSPEED 6. 0. 0. 0.
27.465 14 ATTITUDE -0.519908 1.433362 0.079356
27.548 14 NAVIGATION 4 2 9.6875 150.5 0. 150.811462 18 11 11 0 0 0
27.565 14 DATALINK_REPORT 10 5 1001 535 0 0
27.566 14 FBW_STATUS 2 0 1 12.5 0.499294
27.566 14 GPS 3 36029443 481374578 365 224767 1312 -14 0 175622960 31 0
27.664 14 GPS_SOL 699 699 699 7
27.665 14 ENERGY 36 12.5 0.505051 6.313139 0.028585 0.357306
27.764 14 WP_MOVED 11 360234.40625 4813661.5 235. 31
27.798 14 NAVIGATION 4 2 11.5625 153.5 0. 153.93486 18 11 11 0 0 0
27.818 14 GPS 3 36029632 481374895 303 224814 1316 3 0 175623240 31 0
27.865 14 ESTIMATOR 224.736649 0.03
27.964 14 ATTITUDE -0.39742 1.251455 0.068247
28.014 14 DESIRED 0.480358 0.062162 5.600133 -114.5 162.300003 235. 0.307901 13.
28.045 14 WIND_INFO 14 5 -0.3 0.2 0. 12.7
28.048 14 NAVIGATION 4 2 12.9375 156. 0. 156.535553 18 11 11 0 0 0
28.064 14 GPS 3 36029770 481375179 258 224889 1317 21 0 175623480 31 0
28.065 14 SVINFO 4 11 1 4 48 81 223
28.114 14 CIRCLE 49.5 100.099998 80.
28.263 14 DL_VALUE 27 0.
28.263 14 WP_MOVED 0 360326. 4813637. 260. 31
28.297 14 NAVIGATION 4 2 14.125 159.5 0. 160.124222 18 11 11 0 0 0
28.314 14 GPS 3 36029888 481375472 220 224993 1316 46 0 175623720 31 0
28.365 14 NAVIGATION 4 2 14.125 159.5 0. 160.124222 18 11 11 0 0 0
28.366 14 ESTIMATOR 224.874771 0.46
28.464 14 AIRSPEED 12.7 0. 0. 0.
28.465 14 ATTITUDE -0.26613 0.412249 0.060249
28.547 14 NAVIGATION 4 2 15.15625 162.5 0. 163.205276 19 12 12 0 0 0
28.564 14 GPS 3 36029991 481375770 189 225118 1313 50 0 175623960 31 0
28.564 14 SVINFO 6 13 1 6 47 52 324
28.666 14 IR_SENSORS 0 0 36 -72 253
28.749 14 FBW_STATUS 2 0 1 12.5 0.478729
28.765 14 ENERGY 34 12.5 0.478729 5.984116 0.029506 0.368828
28.766 14 WP_MOVED 1 360284. 4813595. 260. 31
28.799 14 NAVIGATION 4 2 16.21875 166. 0. 166.790421 19 12 12 0 0 0
28.814 14 GPS 3 36030094 481376121 159 225280 1306 68 0 175624240 31 0
28.864 14 ESTIMATOR 225.181702 0.68
28.965 14 ATTITUDE -0.144272 0.305654 0.051906
29.047 14 NAVIGATION 4 2 16.96875 168.5 0. 169.352264 19 12 12 0 0 0
29.063 14 DESIRED 0.6 0.026209 5.600133 -114.5 162.300003 235. 0.288884 13.
29.063 14 GPS 3 36030172 481376424 144 225425 1299 60 0 175624480 31 0
29.164 14 CIRCLE 49.5 100.099998 80.
29.264 14 WP_MOVED 2 360333.5 4813695. 235. 31
29.298 14 NAVIGATION 4 2 17.6875 172. 0. 172.907043 19 12 12 0 0 0
29.315 14 GPS 3 36030244 481376725 133 225566 1292 49 0 175624720 31 0
29.364 14 NAVIGATION 4 2 17.6875 172. 0. 172.907043 19 12 12 0 0 0
29.365 14 ESTIMATOR 225.532211 0.49
29.464 14 CALIBRATION -13.17011 0
29.464 14 AIRSPEED 12.7 0. 0. 0.
29.464 14 ATTITUDE -0.013356 0.259746 0.041783
29.547 14 NAVIGATION 4 2 17.6875 172. 0. 172.907043 20 13 13 0 0 0
29.565 14 FBW_STATUS 2 0 1 12.5 0.453432
29.566 14 GPS 3 36030324 481377076 129 225718 1285 43 0 175625000 31 0
29.671 14 GPS_SOL 697 697 697 7
29.764 14 DL_VALUE 28 0.
29.764 14 WP_MOVED 3 360461.40625 4813640. 215. 31
29.798 14 NAVIGATION 4 2 18.5 175.5 0. 176.472382 20 13 13 0 0 0
29.814 14 GPS 3 36030394 481377375 132 225833 1280 44 0 175625240 31 0
29.864 14 IR_SENSORS 0 0 32 6 263
29.865 14 ENERGY 32 12.5 0.449392 5.617401 0.03035 0.37938
29.865 14 ESTIMATOR 225.79248 0.44
29.965 14 ATTITUDE 0.104633 0.25718 0.033811
30.048 14 NAVIGATION 4 2 19.15625 178.5 0. 179.524963 20 13 13 0 0 0
30.065 14 GPS 3 36030468 481377673 140 225929 1277 37 0 175625480 31 0
30.066 14 SVINFO 5 12 1 5 47 85 274
30.115 14 DESIRED 0.6 0.02905 5.600133 -114.5 162.300003 235. 0.276226 13.
30.213 14 CIRCLE 49.5 100.099998 80.
30.264 14 WP_MOVED 4 360312.8125 4813652. 185. 31
30.297 14 NAVIGATION 4 2 19.9375 181. 0. 182.094772 20 13 13 0 0 0
30.315 14 GPS 3 36030551 481377967 156 226006 1275 42 0 175625720 31 0
30.365 14 NAVIGATION 4 2 20.78125 184. 0. 182.094772 20 13 13 0 0 0
30.365 14 ESTIMATOR 226.002884 0.42
30.466 14 AIRSPEED 12.7 0. 0. 0.
30.466 14 ATTITUDE 0.234211 0.299917 0.02761
30.547 14 NAVIGATION 4 2 20.78125 184. 0. 185.169815 21 14 14 0 0 0
30.566 14 GPS 3 36030645 481378259 178 226062 1274 21 0 175625960 31 0
30.747 14 FBW_STATUS 2 0 1 12.5 0.44256
30.764 14 WP_MOVED 5 360452.8125 4813581. 260. 31
30.798 14 NAVIGATION 4 2 21.6875 187. 0. 188.253418 21 14 14 0 0 0
30.815 14 GPS 3 36030773 481378592 215 226103 1275 28 0 175626240 31 0
30.865 14 ESTIMATOR 226.136871 0.28
30.964 14 AUTOPILOT_VERSION 51500 v5.15_devel-179-g9a29798-dirty
30.965 14 ENERGY 32 12.5 0.441161 5.514512 0.031164 0.389548
30.965 14 ATTITUDE 0.354651 0.403854 0.03076
31.048 14 NAVIGATION 4 2 22.96875 190.5 0. 191.879684 21 14 14 0 0 0
31.064 14 IR_SENSORS 0 0 30 84 250
31.065 14 GPS 3 36030902 481378870 249 226118 1277 27 0 175626480 31 0
31.168 14 DESIRED 0.6 0.055731 5.600133 -114.5 162.300003 235. 0.265894 13.
31.264 14 DL_VALUE 29 5.
31.264 14 CIRCLE 49.5 100.099998 80.
31.265 14 WP_MOVED 6 360169.5 4813757.5 260. 31
31.298 14 NAVIGATION 4 2 24.28125 193.5 0. 195.017502 21 14 14 0 0 0
31.314 14 GPS 3 36031053 481379138 293 226115 1281 4 0 175626720 31 0
31.315 14 SVINFO 3 10 1 3 48 48 175
31.365 14 NAVIGATION 4 2 25.78125 196. 0. 195.017502 21 14 14 0 0 0
31.365 14 ESTIMATOR 226.216446 0.04
31.465 14 AIRSPEED 12.7 0. 0. 0.
31.465 14 ATTITUDE 0.484132 0.5407 0.036578
31.551 14 NAVIGATION 4 2 25.78125 196. 0. 197.688324 22 15 15 0 0 0
31.566 14 CALIBRATION -8.837077 0
31.566 14 FBW_STATUS 2 0 1 12.5 0.44869
31.567 14 GPS 3 36031228 481379392 345 226096 1285 -8 0 175626960 31 0
31.647 14 COMMANDS 3178,614,292,0
31.664 14 NAVIGATION_REF 360284 4813595 31 185.
31.664 14 GPS_SOL 694 694 694 7
31.765 14 WP_MOVED 7 360284.5 4813704. 235. 31
31.798 14 NAVIGATION 4 2 27.53125 198.5 0. 200.400146 22 15 15 0 0 0
31.815 14 GPS 3 36031464 481379666 418 226053 1292 -16 0 175627240 31 0
31.866 14 COMMANDS 3226,322,257,0
31.866 14 ESTIMATOR 226.14209 -0.16
31.964 14 STATE_FILTER_STATUS 2 3 391
31.966 14 ATTITUDE 0.573982 0.758699 0.050977
32.047 14 NAVIGATION 4 2 32.21875 203. 0. 205.540863 22 15 15 0 0 0
32.065 14 ENERGY 34 12.5 0.467901 5.848758 0.031989 0.399862
32.066 14 GPS 3 36031695 481379874 479 226005 1298 -44 0 175627480 31 0
32.069 14 SVINFO 6 13 1 6 46 46 326
32.170 14 PPRZ_MODE 2 3 2 2 0 6
32.217 14 DESIRED 0.6 0.076358 5.600133 -114.5 162.300003 235. 0.267686 13.
32.264 14 ALIVE 158,87,147,219,247,235,138,154,89,223,120,51,202,91,226,10
32.264 14 IR_SENSORS 0 0 34 136 226
32.264 14 WP_MOVED 8 360269.1875 4813753. 235. 31
32.298 14 NAVIGATION 4 2 34.78125 205. 0. 207.929642 22 15 15 0 0 0
32.315 14 CIRCLE 49.5 100.099998 80.
32.315 14 GPS 3 36031951 481380055 548 225950 1305 -42 0 175627720 31 0
32.365 14 NAVIGATION 4 2 34.78125 205. 0. 207.929642 22 15 15 0 0 0
32.366 14 ESTIMATOR 225.962738 -0.42
32.465 14 AIRSPEED 12.7 0. 0. 0.
32.466 14 ATTITUDE 0.604552 0.982554 0.062056
32.547 14 NAVIGATION 4 2 34.78125 205. 0. 207.929642 22 16 16 0 0 0
32.566 14 GPS 3 36032230 481380203 618 225901 1313 -56 0 175627960 31 0
32.668 14 DATALINK_REPORT 5 6 1127 546 0 0
32.747 14 FBW_STATUS 2 0 1 12.5 0.521505
32.765 14 DL_VALUE 30 100.
32.766 14 WP_MOVED 9 360459.6875 4813680. 235. 31
32.797 14 NAVIGATION 4 2 37.5625 206.5 0. 209.888519 23 16 16 0 0 0
32.814 14 GPS 3 36032576 481380333 706 225860 1324 -49 0 175628240 31 0
32.814 14 SVINFO 2 9 0 2 48 10 126
32.866 14 ESTIMATOR 225.762558 -0.49
32.967 14 ATTITUDE 0.604552 1.253978 0.070698
33.048 14 NAVIGATION 4 2 41. 207.5 0. 211.511826 23 16 16 0 0 0
33.064 14 GPS 3 36032887 481380405 769 225845 1330 -45 0 175628480 31 0
33.175 14 ENERGY 38 12.5 0.550362 6.879526 0.032926 0.411569
33.264 14 DESIRED 0.6 0.07683 5.600133 -114.5 162.300003 235. 0.277123 13.
33.265 14 WP_MOVED 10 360424. 4813592.5 235. 31
33.300 14 NAVIGATION 4 2 44.125 208.5 0. 213.117966 23 16 16 0 0 0
33.315 14 GPS 3 36033207 481380439 839 225850 1337 -50 0 175628720 31 0
33.316 14 SVINFO 4 11 1 4 47 86 226
33.365 14 CIRCLE 49.5 100.099998 80.
33.365 14 NAVIGATION 4 2 47.34375 209. 0. 213.117966 23 16 16 0 0 0
33.365 14 ESTIMATOR 225.649536 -0.5
33.465 14 IR_SENSORS 0 0 38 136 226
33.465 14 AIRSPEED 12.7 0. 0. 0.
33.466 14 ATTITUDE 0.604552 1.481395 0.079317
33.548 14 NAVIGATION 4 2 47.34375 209. 0. 214.295197 24 17 17 0 0 0
33.564 14 FBW_STATUS 2 0 1 12.5 0.581257
33.565 14 GPS 3 36033529 481380435 907 225874 1343 -47 0 175628960 31 0
33.565 14 SVINFO 5 12 0 5 46 82 276
33.685 14 CALIBRATION -93.029541 0
33.686 14 GPS_SOL 690 690 690 7
33.764 14 WP_MOVED 11 360234.40625 4813661.5 235. 31
33.797 14 NAVIGATION 4 2 50.53125 209. 0. 215.021881 24 17 17 0 0 0
33.814 14 GPS 3 36033903 481380381 993 225924 1350 -21 0 175629240 31 0
33.865 14 ESTIMATOR 225.606613 -0.21
33.964 14 ATTITUDE 0.604552 1.744732 0.083617
34.047 14 NAVIGATION 4 2 54.28125 208.5 0. 215.449997 24 17 17 0 0 0
34.065 14 GPS 3 36034216 481380293 1056 225983 1354 -25 0 175629480 31 0
34.266 14 DL_VALUE 31 1.
34.266 14 ENERGY 42 12.5 0.617655 7.720682 0.034003 0.42504
34.266 14 WP_MOVED 0 360326. 4813637. 260. 31
34.297 14 NAVIGATION 4 2 57.40625 207.5 0. 215.29451 24 17 17 0 0 0
34.314 14 DESIRED 0.6 0.076639 5.600133 -114.5 162.300003 235. 0.28007 13.
34.314 14 GPS 3 36034517 481380169 1123 226055 1358 -9 0 175629720 31 0
34.365 14 NAVIGATION 4 2 60.40625 206. 0. 215.29451 24 17 17 0 0 0
34.366 14 ESTIMATOR 225.718277 -0.09
34.415 14 CIRCLE 49.5 100.099998 80.
34.464 14 AIRSPEED 12.7 0. 0. 0.
34.465 14 ATTITUDE 0.601297 1.966709 0.083617
34.548 14 NAVIGATION 4 2 60.40625 206. 0. 214.673965 25 18 18 0 0 0
34.565 14 GPS 3 36034803 481380010 1191 226138 1362 -4 0 175629960 31 0
34.676 14 IR_SENSORS 0 0 39 135 226
34.748 14 FBW_STATUS 2 0 1 12.5 0.631871
34.765 14 WP_MOVED 1 360284. 4813595. 260. 31
34.797 14 NAVIGATION 4 2 63.28125 204.5 0. 214.0672 25 18 18 0 0 0
34.814 14 GPS 3 36035110 481379783 1275 226246 1366 8 0 175630240 31 0
34.814 14 SVINFO 3 10 1 3 47 54 177
34.865 14 ESTIMATOR 225.914169 0.08
34.964 14 ATTITUDE 0.570668 2.224653 0.076472
35.048 14 NAVIGATION 4 2 66.375 202.5 0. 213.100662 25 18 18 0 0 0
35.065 14 GPS 3 36035349 481379557 1334 226350 1368 19 0 175630480 31 0
35.265 14 WP_MOVED 2 360333.5 4813695. 235. 31
35.299 14 NAVIGATION 4 2 68.71875 200. 0. 211.476395 25 18 18 0 0 0
35.314 14 GPS 3 36035564 481379308 1391 226476 1369 18 0 175630720 31 0
35.366 14 ENERGY 43 12.5 0.635105 7.938814 0.035158 0.439477
35.366 14 DESIRED -0.099015 0.062784 5.600133 -114.5 162.300003 235. 0.268769 13.
35.366 14 NAVIGATION 4 2 70.875 197.5 0. 211.476395 25 18 18 0 0 0
35.366 14 ESTIMATOR 226.188095 0.18
35.465 14 CIRCLE 49.5 100.099998 80.
35.466 14 AIRSPEED 12.7 0. 0. 0.
35.466 14 ATTITUDE 0.441217 2.422616 0.06723
35.548 14 NAVIGATION 4 2 70.875 197.5 0. 209.832108 26 19 19 0 0 0
35.566 14 FBW_STATUS 2 0 1 12.5 0.637009
35.566 14 GPS 3 36035756 481379042 1442 226628 1369 33 0 175630960 31 0
35.567 14 SVINFO 6 13 1 6 45 40 328
35.678 14 GPS_SOL 685 685 685 7
35.764 14 CALIBRATION -128.548477 0
35.764 14 DL_VALUE 32 0.
35.764 14 WP_MOVED 3 360461.40625 4813640. 215. 31
35.798 14 NAVIGATION 4 2 72.8125 195. 0. 208.150574 26 19 19 0 0 0
35.815 14 GPS 3 36035954 481378714 1494 226835 1366 77 0 175631240 31 0
35.864 14 IR_SENSORS 0 0 37 72 253
35.865 14 ESTIMATOR 226.524475 0.77
35.964 14 ATTITUDE 0.320737 2.597263 0.057385
36.047 14 NAVIGATION 4 2 74.78125 191.5 0. 205.583282 26 19 19 0 0 0
36.064 14 GPS 3 36036105 481378424 1526 227033 1362 77 0 175631480 31 0
36.065 14 SVINFO 1 8 1 1 48 0 78
36.265 14 WP_MOVED 4 360312.8125 4813652. 185. 31
36.298 14 NAVIGATION 4 2 76.28125 189. 0. 203.813217 26 19 19 0 0 0
36.315 14 GPS 3 36036240 481378128 1554 227242 1356 85 0 175631720 31 0
36.365 14 NAVIGATION 4 2 77.65625 185.5 0. 203.813217 26 19 19 0 0 0
36.365 14 ESTIMATOR 227.055252 0.85
36.415 14 DESIRED -0.6 0.03318 5.600133 -114.5 162.300003 235. 0.246055 13.
36.464 14 ENERGY 40 12.5 0.58741 7.342628 0.036292 0.453651
36.465 14 AIRSPEED 12.7 0. 0. 0.
36.465 14 ATTITUDE 0.188601 2.69982 0.0498
36.514 14 CIRCLE 49.5 100.099998 80.
36.547 14 NAVIGATION 4 2 77.65625 185.5 0. 201.098831 27 20 20 0 0 0
36.564 14 GPS 3 36036363 481377828 1576 227456 1349 97 0 175631960 31 0
36.648 14 COMMANDS 3825,-5627,-260,0
36.747 14 FBW_STATUS 2 0 1 12.5 0.564372
36.764 14 WP_MOVED 5 360452.8125 4813581. 260. 31
36.798 14 NAVIGATION 4 2 78.875 182.5 0. 198.815277 27 20 20 0 0 0
36.814 14 GPS 3 36036495 481377476 1596 227702 1339 96 0 175632240 31 0
36.815 14 SVINFO 4 11 0 4 46 88 228
36.864 14 COMMANDS 3734,-5227,-280,0
36.865 14 ESTIMATOR 227.595459 0.96
36.965 14 STATE_FILTER_STATUS 2 3 298
36.965 14 ATTITUDE 0.066634 2.770627 0.041298
37.047 14 NAVIGATION 4 2 80.21875 179. 0. 196.153122 27 20 20 0 0 0
37.064 14 IR_SENSORS 0 0 34 -6 263
37.065 14 GPS 3 36036602 481377175 1604 227903 1332 87 0 175632480 31 0
37.065 14 SVINFO 5 12 1 5 45 78 278
37.163 14 PPRZ_MODE 2 3 2 2 0 6
37.265 14 ALIVE 158,87,147,219,247,235,138,154,89,223,120,51,202,91,226,10
37.265 14 DL_VALUE 33 0.
37.265 14 WP_MOVED 6 360169.5 4813757.5 260. 31
37.298 14 NAVIGATION 4 2 81.25 176.5 0. 194.303406 27 20 20 0 0 0
37.315 14 GPS 3 36036707 481376875 1607 228089 1324 68 0 175632720 31 0
37.315 14 SVINFO 6 13 1 6 44 37 329
37.364 14 NAVIGATION 4 2 82.34375 173. 0. 194.303406 27 20 20 0 0 0
37.364 14 ESTIMATOR 228.075119 0.68
37.465 14 DESIRED -0.6 0.016836 5.600133 -114.5 162.300003 235. 0.214416 13.
37.465 14 AIRSPEED 12.7 0. 0. 0.
37.465 14 ATTITUDE -0.058704 2.789299 0.034269
37.548 14 NAVIGATION 4 2 82.34375 173. 0. 191.597214 28 21 21 0 0 0
37.566 14 FBW_STATUS 2 0 1 12.5 0.514801
37.566 14 ENERGY 36 12.5 0.515705 6.446317 0.037295 0.466185
37.566 14 CIRCLE 49.5 100.099998 80.
37.566 14 GPS 3 36036813 481376577 1604 228255 1317 54 0 175632960 31 0
37.567 14 SVINFO 0 7 0 0 48 24 29
37.666 14 GPS_SOL 678 678 678 7
37.766 14 DATALINK_REPORT 10 6 1257 546 0 0
37.767 14 WP_MOVED 7 360284.5 4813704. 235. 31
37.798 14 NAVIGATION 4 2 83.375 170.5 0. 189.793686 28 21 21 0 0 0
37.815 14 GPS 3 36036942 481376234 1591 228419 1310 44 0 175633240 31 0
37.865 14 CALIBRATION -59.24728 0
37.865 14 ESTIMATOR 228.391998 0.44
37.965 14 ATTITUDE -0.182147 2.762484 0.029389
38.045 14 WIND_INFO 14 5 -0.4 -0.5 0. 13.6
38.047 14 NAVIGATION 4 2 84.6875 166.5 0. 186.799957 28 21 21 0 0 0
38.065 14 GPS 3 36037061 481375943 1576 228532 1307 27 0 175633480 31 0
38.065 14 SVINFO 2 9 1 2 47 17 129
38.263 14 IR_SENSORS 0 0 29 -84 250
38.263 14 WP_MOVED 8 360269.1875 4813753. 235. 31
38.298 14 NAVIGATION 4 2 85.84375 164. 0. 185.108475 28 21 21 0 0 0
38.314 14 GPS 3 36037192 481375659 1553 228621 1306 8 0 175633720 31 0
38.315 14 SVINFO 3 10 0 3 46 60 179
38.365 14 NAVIGATION 4 2 87.15625 161. 0. 185.108475 28 21 21 0 0 0
38.365 14 ESTIMATOR 228.588455 0.08
38.466 14 AIRSPEED 13.6 0. 0. 0.
38.467 14 ATTITUDE -0.309236 2.665748 0.026067
38.515 14 DESIRED -0.6 0.043193 5.600133 -114.5 162.300003 235. 0.194709 13.
38.548 14 NAVIGATION 4 2 87.15625 161. 0. 183.077057 29 22 22 0 0 0
38.565 14 GPS 3 36037338 481375381 1523 228688 1306 8 0 175633960 31 0
38.614 14 CIRCLE 49.5 100.099998 80.
38.666 14 ENERGY 36 12.5 0.506493 6.331161 0.038222 0.477779
38.749 14 FBW_STATUS 2 0 1 12.5 0.507394
38.764 14 DL_VALUE 34 80.
38.764 14 WP_MOVED 9 360459.6875 4813680. 235. 31
38.797 14 NAVIGATION 4 2 88.625 158.5 0. 181.594711 29 22 22 0 0 0
38.815 14 GPS 3 36037530 481375069 1476 228738 1309 0 0 175634240 31 0
38.866 14 ESTIMATOR 228.671799 0.
38.964 14 ATTITUDE -0.421118 2.530181 0.031825
39.047 14 NAVIGATION 4 2 90.53125 155. 0. 179.501831 29 22 22 0 0 0
39.064 14 GPS 3 36037718 481374816 1435 228760 1312 -11 0 175634480 31 0
39.264 14 WP_MOVED 10 360424. 4813592.5 235. 31
39.297 14 NAVIGATION 4 2 92.4375 152.5 0. 178.328186 29 22 22 0 0 0
39.314 14 GPS 3 36037928 481374580 1383 228764 1317 -23 0 175634720 31 0
39.365 14 NAVIGATION 4 2 94.53125 150.5 0. 178.328186 29 22 22 0 0 0
39.365 14 ESTIMATOR 228.691895 -0.23
39.463 14 IR_SENSORS 0 0 30 -149 218
39.463 14 AIRSPEED 13.6 0. 0. 0.
39.463 14 ATTITUDE -0.536725 2.366256 0.049489
39.547 14 NAVIGATION 4 2 94.53125 150.5 0. 177.725647 30 23 23 0 0 0
39.564 14 FBW_STATUS 2 0 1 12.5 0.532968
39.564 14 DESIRED -0.286027 0.06592 5.600133 -114.5 162.300003 235. 0.189243 13.
39.564 14 GPS 3 36038162 481374365 1325 228754 1323 -16 0 175634960 31 0
39.565 14 SVINFO 1 8 1 1 47 0 80
39.663 14 GPS_SOL 670 670 670 7
39.664 14 CIRCLE 49.5 100.099998 80.
39.764 14 ENERGY 38 12.5 0.537715 6.72144 0.039176 0.489699
39.764 14 WP_MOVED 11 360234.40625 4813661.5 235. 31
39.797 14 NAVIGATION 4 2 96.84375 148. 0. 176.869186 30 23 23 0 0 0
39.814 14 GPS 3 36038463 481374146 1249 228738 1332 -19 0 175635240 31 0
39.865 14 ESTIMATOR 228.654144 -0.19
39.965 14 CALIBRATION -82.273682 0
39.965 14 ATTITUDE -0.48213 2.133725 0.049051
40.048 14 NAVIGATION 4 2 99.875 146. 0. 176.89267 30 23 23 0 0 0
40.067 14 GPS 3 36038742 481373986 1199 228742 1338 14 0 175635480 31 0
40.264 14 DL_VALUE 35 0.
40.264 14 WP_MOVED 0 360326. 4813637. 260. 31
40.300 14 NAVIGATION 4 2 102.6875 144.5 0. 177.270905 30 23 23 0 0 0
40.321 14 GPS 3 36039033 481373848 1152 228778 1342 22 0 175635720 31 0
40.321 14 SVINFO 4 11 1 4 45 89 230
40.366 14 NAVIGATION 4 2 105.5625 143. 0. 177.270905 30 23 23 0 0 0
40.366 14 ESTIMATOR 228.70253 0.22
40.463 14 AIRSPEED 13.6 0. 0. 0.
40.464 14 ATTITUDE -0.351536 1.965219 0.048817
40.547 14 NAVIGATION 4 2 105.5625 143. 0. 177.74263 31 24 24 0 0 0
40.564 14 GPS 3 36039334 481373732 1112 228849 1343 40 0 175635960 31 0
40.565 14 SVINFO 5 12 1 5 44 73 280
40.615 14 DESIRED 0.6 0.041802 5.600133 -114.5 162.300003 235. 0.188924 13.
40.664 14 NAVIGATION_REF 360284 4813595 31 185.
40.665 14 IR_SENSORS 0 0 33 -94 246
40.717 14 CIRCLE 49.5 100.099998 80.
40.748 14 FBW_STATUS 2 0 1 12.5 0.537715
40.764 14 WP_MOVED 1 360284. 4813595. 260. 31
40.801 14 NAVIGATION 4 2 108.625 142. 0. 178.783081 31 24 24 0 0 0
40.816 14 GPS 3 36039692 481373618 1071 228971 1341 73 0 175636240 31 0
40.816 14 SVINFO 6 13 0 6 43 31 331
40.864 14 ENERGY 37 12.5 0.529687 6.621087 0.040171 0.502141
40.864 14 ESTIMATOR 228.904144 0.73
40.964 14 ATTITUDE -0.230081 1.826234 0.042945
41.048 14 NAVIGATION 4 2 112.15625 141. 0. 180.166656 31 24 24 0 0 0
41.064 14 GPS 3 36040002 481373536 1048 229102 1336 60 0 175636480 31 0
41.265 14 WP_MOVED 2 360333.5 4813695. 235. 31
41.297 14 NAVIGATION 4 2 115.25 140. 0. 181.335495 31 24 24 0 0 0
41.315 14 GPS 3 36040313 481373465 1028 229248 1330 81 0 175636720 31 0
41.364 14 NAVIGATION 4 2 118.375 139. 0. 181.335495 31 24 24 0 0 0
41.365 14 ESTIMATOR 229.242493 0.81
41.465 14 AIRSPEED 13.6 0. 0. 0.
41.465 14 ATTITUDE -0.101069 1.752754 0.038982
41.548 14 NAVIGATION 4 2 118.375 139. 0. 182.575027 32 25 25 0 0 0
41.565 14 FBW_STATUS 2 0 1 12.5 0.491224
41.565 14 GPS 3 36040624 481373401 1015 229400 1322 82 0 175636960 31 0
41.565 14 SVINFO 2 9 1 2 46 22 131
41.647 14 COMMANDS 3352,4943,-284,0
41.664 14 GPS_SOL 661 661 661 7
41.665 14 DESIRED 0.6 0.013967 5.600133 -114.5 162.300003 235. 0.172725 13.
41.764 14 DL_VALUE 36 2.
41.764 14 CIRCLE 49.5 100.099998 80.
41.764 14 WP_MOVED 3 360461.40625 4813640. 215. 31
41.798 14 NAVIGATION 4 2 121.5 138.5 0. 184.240326 32 25 25 0 0 0
41.815 14 GPS 3 36040986 481373333 1007 229574 1312 107 0 175637240 31 0
41.815 14 SVINFO 3 10 1 3 45 66 181
41.865 14 COMMANDS 3244,4569,-293,0
41.866 14 IR_SENSORS 0 0 32 -16 263
41.866 14 ESTIMATOR 229.621857 1.07
41.964 14 STATE_FILTER_STATUS 2 3 306
41.965 14 ENERGY 33 12.5 0.459419 5.742738 0.041086 0.513578
41.965 14 ATTITUDE 0.021031 1.715579 0.033811
42.048 14 NAVIGATION 4 2 125.09375 138. 0. 186.259079 32 25 25 0 0 0
42.065 14 AUTOPILOT_VERSION 51500 v5.15_devel-179-g9a29798-dirty
42.066 14 CALIBRATION -31.994144 0
42.066 14 GPS 3 36041293 481373274 1007 229711 1304 106 0 175637480 31 0
42.067 14 SVINFO 4 11 1 4 44 89 231
42.165 14 PPRZ_MODE 2 3 2 2 0 6
42.266 14 ALIVE 158,87,147,219,247,235,138,154,89,223,120,51,202,91,226,10
42.266 14 WP_MOVED 4 360312.8125 4813652. 185. 31
42.296 14 NAVIGATION 4 2 128.15625 137.5 0. 187.963486 32 25 25 0 0 0
42.314 14 GPS 3 36041598 481373213 1013 229832 1296 97 0 175637720 31 0
42.365 14 NAVIGATION 4 2 131.25 136.5 0. 187.963486 32 25 25 0 0 0
42.365 14 ESTIMATOR 230.037445 0.97
42.464 14 AIRSPEED 13.6 0. 0. 0.
42.464 14 ATTITUDE 0.150062 1.726085 0.026311
42.548 14 NAVIGATION 4 2 131.25 136.5 0. 189.364227 33 26 26 0 0 0
42.565 14 GPS 3 36041900 481373145 1026 229930 1288 84 0 175637960 31 0
42.565 14 SVINFO 6 13 1 6 42 28 332
42.718 14 DESIRED 0.6 0.029049 5.600133 -114.5 162.300003 235. 0.148877 13.
42.747 14 FBW_STATUS 2 0 1 12.5 0.399656
42.765 14 WP_MOVED 5 360452.8125 4813581. 260. 31
42.798 14 NAVIGATION 4 2 134.25 136. 0. 191.099609 33 26 26 0 0 0
42.815 14 CIRCLE 49.5 100.099998 80.
42.815 14 GPS 3 36042247 481373054 1050 230013 1279 44 0 175638240 31 0
42.815 14 SVINFO 0 7 0 0 47 16 32
42.864 14 DATALINK_REPORT 5 7 1390 564 0 0
42.865 14 ESTIMATOR 230.300568 0.44
42.964 14 ATTITUDE 0.269156 1.789211 0.024667
43.050 14 NAVIGATION 4 2 137.71875 135. 0. 192.850861 33 26 26 0 0 0
43.067 14 IR_SENSORS 0 0 29 62 257
43.068 14 ENERGY 29 12.5 0.393677 4.920969 0.041853 0.523168
43.068 14 GPS 3 36042538 481372962 1075 230055 1274 15 0 175638480 31 0
43.265 14 DL_VALUE 37 0.
43.265 14 WP_MOVED 6 360169.5 4813757.5 260. 31
43.299 14 NAVIGATION 4 2 140.625 134. 0. 194.245697 33 26 26 0 0 0
43.315 14 GPS 3 36042823 481372853 1109 230072 1271 7 0 175638720 31 0
43.364 14 NAVIGATION 4 2 143.5 133. 0. 194.245697 33 26 26 0 0 0
43.365 14 ESTIMATOR 230.283539 0.07
43.465 14 AIRSPEED 13.6 0. 0. 0.
43.465 14 ATTITUDE 0.39897 1.889785 0.028677
43.548 14 NAVIGATION 4 2 143.5 133. 0. 195.655945 34 27 27 0 0 0
43.565 14 FBW_STATUS 2 0 1 12.5 0.398458
43.565 14 GPS 3 36043100 481372723 1150 230063 1271 5 0 175638960 31 0
43.665 14 GPS_SOL 651 651 651 7
43.764 14 DESIRED 0.6 0.055744 5.600133 -114.5 162.300003 235. 0.141494 13.
43.764 14 WP_MOVED 7 360284.5 4813704. 235. 31
43.798 14 NAVIGATION 4 2 146.25 132. 0. 197.010315 34 27 27 0 0 0
43.815 14 GPS 3 36043407 481372543 1212 230024 1273 3 0 175639240 31 0
43.864 14 CIRCLE 49.5 100.099998 80.
43.865 14 ESTIMATOR 230.19368 0.03
43.965 14 ATTITUDE 0.512944 2.066799 0.038123
44.047 14 NAVIGATION 4 2 149.34375 130. 0. 197.998871 34 27 27 0 0 0
44.064 14 GPS 3 36043653 481372360 1265 229968 1276 -6 0 175639480 31 0
44.064 14 SVINFO 5 12 1 5 43 68 282
44.164 14 CALIBRATION 1.191229 0
44.165 14 ENERGY 30 12.5 0.406855 5.085689 0.042586 0.532327
44.265 14 IR_SENSORS 0 0 31 128 231
44.265 14 WP_MOVED 8 360269.1875 4813753. 235. 31
44.297 14 NAVIGATION 4 2 151.78125 128. 0. 198.548599 34 27 27 0 0 0
44.315 14 GPS 3 36043879 481372151 1328 229895 1281 -2 0 175639720 31 0
44.364 14 NAVIGATION 4 2 154.0625 126. 0. 198.548599 34 27 27 0 0 0
44.365 14 ESTIMATOR 230.066833 -0.02
44.465 14 AIRSPEED 13.6 0. 0. 0.
44.465 14 ATTITUDE 0.587628 2.268804 0.04787
44.548 14 NAVIGATION 4 2 154.0625 126. 0. 199.025757 35 28 28 0 0 0
44.564 14 GPS 3 36044079 481371916 1396 229810 1287 -1 0 175639960 31 0
44.749 14 FBW_STATUS 2 0 1 12.5 0.416324
44.764 14 DL_VALUE 38 0.
44.764 14 WP_MOVED 9 360459.6875 4813680. 235. 31
44.797 14 NAVIGATION 4 2 156.0625 123.5 0. 199.016968 35 28 28 0 0 0
44.814 14 DESIRED 0.6 0.070478 5.600133 -114.5 162.300003 235. 0.150087 13.
44.814 14 GPS 3 36044274 481371611 1485 229706 1294 -17 0 175640240 31 0
44.814 14 SVINFO 1 8 1 1 46 0 83
44.864 14 ESTIMATOR 229.920441 -0.17
44.914 14 CIRCLE 49.5 100.099998 80.
44.965 14 ATTITUDE 0.604552 2.545112 0.057727
45.047 14 NAVIGATION 4 2 157.96875 120.5 0. 198.681595 35 28 28 0 0 0
45.064 14 GPS 3 36044406 481371328 1550 229622 1299 -18 0 175640480 31 0
45.065 14 SVINFO 2 9 1 2 45 28 133
45.265 14 ENERGY 31 12.5 0.432789 5.409866 0.043352 0.541903
45.265 14 WP_MOVED 10 360424. 4813592.5 235. 31
45.297 14 NAVIGATION 4 2 159.34375 118. 0. 198.278671 35 28 28 0 0 0
45.314 14 GPS 3 36044502 481371030 1621 229551 1304 -16 0 175640720 31 0
45.314 14 SVINFO 3 10 1 3 44 71 183
45.363 14 NAVIGATION 4 2 160.28125 115. 0. 198.278671 35 28 28 0 0 0
45.364 14 ESTIMATOR 229.711624 -0.16
45.464 14 IR_SENSORS 0 0 35 136 226
45.465 14 AIRSPEED 13.6 0. 0. 0.
45.465 14 ATTITUDE 0.604552 2.787871 0.06638
45.547 14 NAVIGATION 4 2 160.28125 115. 0. 197.269043 35 29 29 0 0 0
45.565 14 FBW_STATUS 2 0 1 12.5 0.442385
45.565 14 GPS 3 36044560 481370722 1692 229493 1308 -11 0 175640960 31 0
45.566 14 SVINFO 4 11 1 4 43 89 233
45.664 14 GPS_SOL 640 640 640 7
45.764 14 WP_MOVED 11 360234.40625 4813661.5 235. 31
45.798 14 NAVIGATION 4 2 160.84375 111.5 0. 195.711426 36 29 29 0 0 0
45.815 14 GPS 3 36044581 481370355 1780 229443 1312 -8 0 175641240 31 0
45.815 14 SVINFO 5 12 1 5 42 65 283
45.864 14 DESIRED 0.6 0.071036 5.600133 -114.5 162.300003 235. 0.161228 13.
45.865 14 ESTIMATOR 229.55835 -0.08
45.965 14 CIRCLE 49.5 100.099998 80.
45.966 14 ATTITUDE 0.604552 3.073823 0.070698
46.048 14 NAVIGATION 4 2 161.0625 108. 0. 193.920425 36 29 29 0 0 0
46.064 14 GPS 3 36044556 481370041 1844 229414 1313 0 0 175641480 31 0
46.065 14 SVINFO 6 13 1 6 41 22 334
46.264 14 CALIBRATION -29.389769 0
46.264 14 DL_VALUE 39 0.
46.264 14 WP_MOVED 0 360326. 4813637. 260. 31
46.297 14 NAVIGATION 4 2 160.8125 105. 0. 192.056396 36 29 29 0 0 0
46.314 14 GPS 3 36044494 481369732 1914 229397 1315 24 0 175641720 31 0
46.315 14 SVINFO 0 7 0 0 46 12 34
46.364 14 ENERGY 33 12.5 0.454136 5.676694 0.044172 0.552154
46.365 14 NAVIGATION 4 2 160.21875 102. 0. 192.056396 36 29 29 0 0 0
46.365 14 ESTIMATOR 229.478287 0.24
46.464 14 AIRSPEED 13.6 0. 0. 0.
46.464 14 ATTITUDE 0.601297 3.318285 0.075011
46.548 14 NAVIGATION 4 2 160.21875 102. 0. 189.931686 37 30 30 0 0 0
46.565 14 GPS 3 36044394 481369432 1984 229387 1316 11 0 175641960 31 0
46.565 14 SVINFO 1 8 0 1 45 1 84
46.648 14 COMMANDS 3188,-9,-49,0
46.664 14 IR_SENSORS 0 0 37 135 226
46.747 14 FBW_STATUS 2 0 1 12.5 0.455543
46.764 14 WP_MOVED 1 360284. 4813595. 260. 31
46.797 14 NAVIGATION 4 2 159.15625 99. 0. 187.434555 37 30 30 0 0 0
46.815 14 GPS 3 36044232 481369101 2071 229385 1316 8 0 175642240 31 0
46.864 14 COMMANDS 3197,-544,-49,0
46.865 14 ESTIMATOR 229.490433 0.08
46.915 14 DESIRED 0.528697 0.070886 5.600133 -114.5 162.300003 235. 0.165018 13.
46.964 14 STATE_FILTER_STATUS 2 3 398
46.964 14 ATTITUDE 0.596095 3.605922 0.074308
47.015 14 CIRCLE 49.5 100.099998 80.
47.047 14 NAVIGATION 4 2 157.5625 95.5 0. 184.244919 37 30 30 0 0 0
47.064 14 GPS 3 36044057 481368838 2135 229387 1315 -4 0 175642480 31 0
47.165 14 PPRZ_MODE 2 3 2 2 0 6
47.264 14 ALIVE 158,87,147,219,247,235,138,154,89,223,120,51,202,91,226,10
47.265 14 WP_MOVED 2 360333.5 4813695. 235. 31
47.297 14 NAVIGATION 4 2 155.8125 93. 0. 181.456711 37 30 30 0 0 0
47.315 14 GPS 3 36043853 481368597 2202 229397 1315 13 0 175642720 31 0
47.364 14 NAVIGATION 4 2 153.78125 90.5 0. 181.456711 37 30 30 0 0 0
47.364 14 ESTIMATOR 229.450287 0.13
47.465 14 ENERGY 33 12.5 0.462596 5.782445 0.045011 0.562643
47.465 14 AIRSPEED 13.6 0. 0. 0.
47.465 14 ATTITUDE 0.514595 3.846125 0.067602
47.547 14 NAVIGATION 4 2 153.78125 90.5 0. 178.434647 38 31 31 0 0 0
47.565 14 FBW_STATUS 2 0 1 12.5 0.462949
47.565 14 GPS 3 36043624 481368379 2264 229422 1315 14 0 175642960 31 0
47.664 14 GPS_SOL 629 629 629 7
47.766 14 DL_VALUE 40 0.
47.767 14 WP_MOVED 3 360461.40625 4813640. 215. 31
47.798 14 NAVIGATION 4 2 151.5 88.5 0. 175.455124 38 31 31 0 0 0
47.815 14 GPS 3 36043334 481368154 2330 229479 1313 13 0 175643240 31 0
47.815 14 SVINFO 6 13 1 6 40 19 335
47.865 14 IR_SENSORS 0 0 37 90 247
47.865 14 ESTIMATOR 229.496216 0.13
47.965 14 DATALINK_REPORT 10 7 1519 538 0 0
47.967 14 DESIRED -0.281368 0.049111 5.600133 -114.5 162.300003 235. 0.165985 13.
47.968 14 ATTITUDE 0.391794 4.079869 0.060249
48.047 14 WIND_INFO 14 5 -0.4 -0. 0. 13.2
48.048 14 NAVIGATION 4 2 148.625 86. 0. 171.713104 38 31 31 0 0 0
48.064 14 CIRCLE 49.5 100.099998 80.
48.065 14 GPS 3 36043070 481367983 2371 229553 1309 31 0 175643480 31 0
48.266 14 WP_MOVED 4 360312.8125 4813652. 185. 31
48.298 14 NAVIGATION 4 2 145.96875 84. 0. 168.412811 38 31 31 0 0 0
48.315 14 GPS 3 36042796 481367831 2408 229646 1305 13 0 175643720 31 0
48.365 14 CALIBRATION -33.082672 0
48.366 14 NAVIGATION 4 2 143.21875 83. 0. 168.412811 38 31 31 0 0 0
48.366 14 ESTIMATOR 229.621078 0.13
48.464 14 AIRSPEED 13.2 0. 0. 0.
48.465 14 ATTITUDE 0.261718 4.189059 0.051373
48.548 14 NAVIGATION 4 2 143.21875 83. 0. 165.531296 39 32 32 0 0 0
48.565 14 ENERGY 33 12.5 0.46136 5.766997 0.045859 0.573234
48.566 14 GPS 3 36042516 481367694 2440 229752 1300 12 0 175643960 31 0
48.566 14 SVINFO 2 9 0 2 44 34 135
48.749 14 FBW_STATUS 2 0 1 12.5 0.461713
48.763 14 WP_MOVED 5 360452.8125 4813581. 260. 31
48.798 14 NAVIGATION 4 2 140.40625 81.5 0. 162.34581 39 32 32 0 0 0
48.815 14 GPS 3 36042183 481367550 2469 229885 1293 31 0 175644240 31 0
48.815 14 SVINFO 3 10 0 3 43 76 185
48.865 14 ESTIMATOR 229.75412 0.31
48.965 14 ATTITUDE 0.13902 4.298019 0.045535
49.014 14 DESIRED -0.6 0.020461 5.600133 -114.5 162.300003 235. 0.159634 13.
49.048 14 NAVIGATION 4 2 137.09375 80. 0. 158.728363 39 32 32 0 0 0
49.064 14 IR_SENSORS 0 0 34 12 263
49.065 14 GPS 3 36041895 481367437 2484 230001 1289 31 0 175644480 31 0
49.066 14 SVINFO 4 11 0 4 42 88 235
49.115 14 CIRCLE 49.5 100.099998 80.
49.266 14 DL_VALUE 41 0.
49.267 14 WP_MOVED 6 360169.5 4813757.5 260. 31
49.298 14 NAVIGATION 4 2 134.21875 78.5 0. 155.489304 39 32 32 0 0 0
49.314 14 GPS 3 36041606 481367329 2495 230114 1284 23 0 175644720 31 0
49.315 14 SVINFO 5 12 1 5 41 60 285
49.364 14 NAVIGATION 4 2 131.34375 78. 0. 155.489304 39 32 32 0 0 0
49.365 14 ESTIMATOR 229.99411 0.23
49.464 14 AIRSPEED 13.2 0. 0. 0.
49.465 14 ATTITUDE 0.013442 4.344575 0.037556
49.548 14 NAVIGATION 4 2 131.34375 78. 0. 152.75856 40 33 33 0 0 0
49.564 14 FBW_STATUS 2 0 1 12.5 0.450094
49.565 14 GPS 3 36041317 481367224 2500 230218 1280 5 0 175644960 31 0
49.665 14 NAVIGATION_REF 360284 4813595 31 185.
49.666 14 GPS_SOL 616 616 616 7
49.667 14 ENERGY 33 12.5 0.452202 5.65252 0.046694 0.583671
49.765 14 WP_MOVED 7 360284.5 4813704. 235. 31
49.797 14 NAVIGATION 4 2 128.40625 77. 0. 149.723633 40 33 33 0 0 0
49.814 14 GPS 3 36040981 481367100 2496 230323 1277 11 0 175645240 31 0
49.814 14 SVINFO 0 7 0 0 45 8 36
49.864 14 ESTIMATOR 230.162399 0.11
49.965 14 ATTITUDE -0.108547 4.346358 0.02761
50.048 14 NAVIGATION 4 2 125.0625 75.5 0. 146.085175 40 33 33 0 0 0
50.065 14 DESIRED -0.6 0.021816 5.600133 -114.5 162.300003 235. 0.145128 13.
50.065 14 GPS 3 36040696 481366989 2487 230395 1276 8 0 175645480 31 0
50.067 14 SVINFO 1 8 1 1 44 3 86
50.165 14 CIRCLE 49.5 100.099998 80.
50.265 14 IR_SENSORS 0 0 29 -66 256
50.267 14 WP_MOVED 8 360269.1875 4813753. 235. 31
50.298 14 NAVIGATION 4 2 122.21875 74.5 0. 143.135147 40 33 33 0 0 0
50.315 14 GPS 3 36040413 481366871 2471 230451 1277 8 0 175645720 31 0
50.315 14 SVINFO 2 9 1 2 43 37 136
50.364 14 NAVIGATION 4 2 119.375 73.5 0. 143.135147 40 33 33 0 0 0
50.364 14 ESTIMATOR 230.31102 0.08
50.464 14 CALIBRATION -32.08102 0
50.465 14 AIRSPEED 13.2 0. 0. 0.
50.465 14 ATTITUDE -0.237339 4.30192 0.023391
50.548 14 NAVIGATION 4 2 119.375 73.5 0. 140.187881 41 34 34 0 0 0
50.564 14 GPS 3 36040135 481366741 2449 230488 1279 3 0 175645960 31 0
50.565 14 SVINFO 3 10 1 3 42 78 186
50.747 14 FBW_STATUS 2 0 1 12.5 0.45748
50.765 14 DL_VALUE 42 0.
50.765 14 ENERGY 33 12.5 0.45748 5.718503 0.047526 0.594078
50.765 14 WP_MOVED 9 360459.6875 4813680. 235. 31
50.797 14 NAVIGATION 4 2 116.625 72. 0. 137.059799 41 34 34 0 0 0
50.814 14 GPS 3 36039819 481366571 2412 230510 1282 -9 0 175646240 31 0
50.815 14 SVINFO 4 11 0 4 41 88 236
50.866 14 ESTIMATOR 230.412567 -0.09
50.965 14 ATTITUDE -0.358468 4.19504 0.028398
51.048 14 NAVIGATION 4 2 113.4375 70. 0. 133.296906 41 34 34 0 0 0
51.065 14 GPS 3 36039557 481366406 2378 230510 1286 -15 0 175646480 31 0
51.066 14 SVINFO 5 12 1 5 40 57 286
51.114 14 DESIRED -0.6 0.048633 5.600133 -114.5 162.300003 235. 0.137623 13.
51.218 14 CIRCLE 49.5 100.099998 80.
51.264 14 WP_MOVED 10 360424. 4813592.5 235. 31
51.298 14 NAVIGATION 4 2 110.8125 68.5 0. 130.27533 41 34 34 0 0 0
51.314 14 GPS 3 36039308 481366222 2334 230494 1292 -40 0 175646720 31 0
51.314 14 SVINFO 6 13 1 6 39 14 337
51.365 14 NAVIGATION 4 2 108.34375 66.5 0. 130.27533 41 34 34 0 0 0
51.365 14 ESTIMATOR 230.411804 -0.4
51.466 14 IR_SENSORS 0 0 28 -138 225
51.468 14 AIRSPEED 13.2 0. 0. 0.
51.821 14 ATTITUDE -0.487334 4.055042 0.036541
51.821 14 NAVIGATION 4 2 108.34375 66.5 0. 127.12442 42 35 35 0 0 0
51.821 14 FBW_STATUS 2 0 1 12.5 0.48711
51.822 14 GPS 3 36039076 481366014 2283 230463 1298 -58 0 175646960 31 0
51.822 14 COMMANDS 3419,-576,264,0
51.822 14 GPS_SOL 603 603 603 7
51.822 14 WP_MOVED 11 360234.40625 4813661.5 235. 31
51.823 14 NAVIGATION 4 2 106. 64.5 0. 124.081627 42 35 35 0 0 0
51.823 14 GPS 3 36038831 481365742 2209 230409 1308 -82 0 175647240 31 0
51.865 14 COMMANDS 3528,336,220,0
51.865 14 ENERGY 36 12.5 0.512811 6.410138 0.048401 0.605017
51.866 14 ESTIMATOR 230.257919 -0.82
51.964 14 STATE_FILTER_STATUS 2 3 399
51.964 14 ATTITUDE -0.572355 3.832964 0.048052
52.047 14 NAVIGATION 4 2 103.5625 62. 0. 120.702904 42 35 35 0 0 0
52.065 14 GPS 3 36038649 481365483 2150 230353 1317 -78 0 175647480 31 0
52.165 14 PPRZ_MODE 2 3 2 2 0 6
52.165 14 DESIRED -0.291303 0.067284 5.600133 -114.5 162.300003 235. 0.142262 13.
52.265 14 ALIVE 158,87,147,219,247,235,138,154,89,223,120,51,202,91,226,10
52.265 14 DL_VALUE 43 0.
52.265 14 CIRCLE 49.5 100.099998 80.
52.266 14 WP_MOVED 0 360326. 4813637. 260. 31
52.298 14 NAVIGATION 4 2 101.71875 59. 0. 117.591255 42 35 35 0 0 0
52.315 14 GPS 3 36038497 481365203 2084 230301 1328 -62 0 175647720 31 0
52.363 14 NAVIGATION 4 2 100.21875 56.5 0. 117.591255 42 35 35 0 0 0
52.364 14 ESTIMATOR 230.029083 -0.62
52.465 14 AIRSPEED 13.2 0. 0. 0.
52.466 14 ATTITUDE -0.514656 3.61158 0.052096
52.547 14 NAVIGATION 4 2 100.21875 56.5 0. 115.048027 43 36 36 0 0 0
52.564 14 CALIBRATION -101.660362 0
52.564 14 GPS 3 36038375 481364906 2024 230271 1339 -54 0 175647960 31 0
52.665 14 IR_SENSORS 0 0 32 -132 228
52.748 14 FBW_STATUS 2 0 1 12.5 0.582189
52.764 14 WP_MOVED 1 360284. 4813595. 260. 31
52.798 14 NAVIGATION 4 2 99. 53.5 0. 112.531105 43 36 36 0 0 0
52.815 14 GPS 3 36038266 481364544 1959 230287 1349 -29 0 175648240 31 0
52.815 14 SVINFO 5 12 1 5 39 54 287
52.864 14 ESTIMATOR 229.955673 -0.29
52.965 14 ENERGY 41 12.5 0.588904 7.361303 0.049423 0.617782
52.965 14 ATTITUDE -0.392341 3.391963 0.051085
53.049 14 NAVIGATION 4 2 97.875 50. 0. 109.906853 43 36 36 0 0 0
53.064 14 DATALINK_REPORT 5 8 1652 557 0 0
53.065 14 GPS 3 36038198 481364227 1920 230347 1353 -2 0 175648480 31 0
53.065 14 SVINFO 6 13 1 6 38 12 338
53.164 14 AUTOPILOT_VERSION 51500 v5.15_devel-179-g9a29798-dirty
53.214 14 DESIRED 0.6 0.041172 5.600133 -114.5 162.300003 235. 0.15133 13.
53.264 14 WP_MOVED 2 360333.5 4813695. 235. 31
53.298 14 NAVIGATION 4 2 97.25 46.5 0. 107.795235 43 36 36 0 0 0
53.315 14 CIRCLE 49.5 100.099998 80.
53.315 14 GPS 3 36038150 481363905 1884 230447 1355 28 0 175648720 31 0
53.316 14 SVINFO 0 7 0 0 44 4 38
53.364 14 NAVIGATION 4 2 96.78125 43.5 0. 107.795235 43 36 36 0 0 0
53.364 14 ESTIMATOR 230.1129 0.28
53.465 14 AIRSPEED 13.2 0. 0. 0.
53.466 14 ATTITUDE -0.261317 3.25907 0.043975
53.548 14 NAVIGATION 4 2 96.78125 43.5 0. 106.10778 44 37 37 0 0 0
53.564 14 FBW_STATUS 2 0 1 12.5 0.586664
53.565 14 GPS 3 36038119 481363581 1854 230579 1354 47 0 175648960 31 0
53.565 14 SVINFO 1 8 0 1 43 6 88
53.664 14 GPS_SOL 589 589 589 7
53.765 14 DL_VALUE 44 160.
53.765 14 WP_MOVED 3 360461.40625 4813640. 215. 31
53.798 14 NAVIGATION 4 2 96.4375 40.5 0. 104.596565 44 37 37 0 0 0
53.815 14 GPS 3 36038100 481363203 1826 230762 1350 45 0 175649240 31 0
53.815 14 SVINFO 2 9 1 2 42 43 138
53.864 14 IR_SENSORS 0 0 33 -58 257
53.865 14 ESTIMATOR 230.494644 0.45
53.963 14 ATTITUDE -0.139776 3.157502 0.03995
54.049 14 NAVIGATION 4 2 96.25 36.5 0. 102.938393 44 37 37 0 0 0
54.065 14 ENERGY 39 12.5 0.567517 7.093966 0.050493 0.631158
54.065 14 GPS 3 36038093 481362881 1811 230933 1345 53 0 175649480 31 0
54.066 14 SVINFO 3 10 1 3 41 82 188
54.264 14 DESIRED 0.6 0.012921 5.600133 -114.5 162.300003 235. 0.135161 13.
54.264 14 WP_MOVED 4 360312.8125 4813652. 185. 31
54.298 14 NAVIGATION 4 2 96.15625 33.5 0. 101.824722 44 37 37 0 0 0
54.315 14 GPS 3 36038092 481362559 1801 231108 1339 37 0 175649720 31 0
54.316 14 SVINFO 4 11 1 4 40 85 238
54.365 14 CIRCLE 49.5 100.099998 80.
54.366 14 NAVIGATION 4 2 96.15625 30. 0. 101.824722 44 37 37 0 0 0
54.366 14 ESTIMATOR 230.896515 0.37
54.464 14 AIRSPEED 13.2 0. 0. 0.
54.464 14 ATTITUDE -0.009286 3.114357 0.033811
54.547 14 NAVIGATION 4 2 96.15625 30. 0. 100.727478 45 38 38 0 0 0
54.563 14 GPS 3 36038094 481362239 1797 231278 1333 56 0 175649960 31 0
54.664 14 CALIBRATION -95.341087 0
54.748 14 FBW_STATUS 2 0 1 12.5 0.538446
54.764 14 WP_MOVED 5 360452.8125 4813581. 260. 31
54.798 14 NAVIGATION 4 2 96.21875 27. 0. 99.935219 45 38 38 0 0 0
54.815 14 GPS 3 36038094 481361867 1800 231462 1327 55 0 175650240 31 0
54.865 14 ESTIMATOR 231.26976 0.55
54.964 14 ATTITUDE 0.108428 3.112964 0.026311
55.049 14 NAVIGATION 4 2 96.21875 23. 0. 98.929512 45 38 38 0 0 0
55.066 14 IR_SENSORS 0 0 30 20 263
55.073 14 GPS 3 36038089 481361549 1809 231603 1322 51 0 175650480 31 0
55.074 14 SVINFO 0 7 0 0 43 3 39
55.163 14 ENERGY 36 12.5 0.520417 6.505208 0.05149 0.643623
55.263 14 DL_VALUE 45 0.
55.264 14 WP_MOVED 6 360169.5 4813757.5 260. 31
55.297 14 NAVIGATION 4 2 96.125 20. 0. 98.183578 45 38 38 0 0 0
55.316 14 DESIRED 0.6 0.026136 5.600133 -114.5 162.300003 235. 0.106273 13.
55.317 14 GPS 3 36038075 481361233 1825 231723 1319 34 0 175650720 31 0
55.317 14 SVINFO 1 8 1 1 42 8 89
55.368 14 NAVIGATION 4 2 96. 17. 0. 98.183578 45 38 38 0 0 0
55.371 14 ESTIMATOR 231.620499 0.34
55.415 14 CIRCLE 49.5 100.099998 80.
55.464 14 AIRSPEED 13.2 0. 0. 0.
55.465 14 ATTITUDE 0.237943 3.15494 0.020012
55.548 14 NAVIGATION 4 2 96. 17. 0. 97.493591 46 39 39 0 0 0
55.565 14 FBW_STATUS 2 0 1 12.5 0.509921
55.565 14 GPS 3 36038049 481360918 1846 231821 1316 15 0 175650960 31 0
55.565 14 SVINFO 2 9 0 2 41 47 139
55.665 14 GPS_SOL 574 574 574 7
55.765 14 WP_MOVED 7 360284.5 4813704. 235. 31
55.799 14 NAVIGATION 4 2 95.71875 14. 0. 96.737167 46 39 39 0 0 0
55.816 14 GPS 3 36037999 481360553 1883 231909 1315 4 0 175651240 31 0
55.817 14 SVINFO 3 10 1 3 40 84 189
55.864 14 ESTIMATOR 231.807709 0.04
55.965 14 ATTITUDE 0.359378 3.256719 0.023391
56.047 14 NAVIGATION 4 2 95.25 10. 0. 95.773499 46 39 39 0 0 0
56.065 14 GPS 3 36037935 481360244 1916 231961 1316 -5 0 175651480 31 0
56.065 14 SVINFO 4 11 1 4 39 84 239
56.266 14 IR_SENSORS 0 0 28 97 246
56.269 14 ENERGY 36 12.5 0.515343 6.441793 0.05243 0.655375
56.272 14 WP_MOVED 8 360269.1875 4813753. 235. 31
56.298 14 NAVIGATION 4 2 94.625 7. 0. 94.88356 46 39 39 0 0 0
56.315 14 GPS 3 36037848 481359940 1960 231995 1318 -19 0 175651720 31 0
56.316 14 SVINFO 5 12 1 5 38 47 289
56.363 14 DESIRED 0.6 0.051265 5.600133 -114.5 162.300003 235. 0.094364 13.
56.364 14 NAVIGATION 4 2 93.71875 4. 0. 94.88356 46 39 39 0 0 0
56.364 14 ESTIMATOR 231.881332 -0.19
56.464 14 CIRCLE 49.5 100.099998 80.
56.465 14 AIRSPEED 13.2 0. 0. 0.
56.465 14 ATTITUDE 0.489145 3.391662 0.032984
56.548 14 NAVIGATION 4 2 93.71875 4. 0. 93.80407 47 40 40 0 0 0
56.565 14 GPS 3 36037734 481359644 2010 232010 1321 -20 0 175651960 31 0
56.565 14 SVINFO 6 13 0 6 37 8 340
56.648 14 COMMANDS 3591,551,294,0
56.748 14 FBW_STATUS 2 0 1 12.5 0.529505
56.765 14 CALIBRATION -87.028793 0
56.765 14 DL_VALUE 46 0.32
56.765 14 WP_MOVED 9 360459.6875 4813680. 235. 31
56.798 14 NAVIGATION 4 2 92.625 1. 0. 92.630402 47 40 40 0 0 0
56.815 14 GPS 3 36037563 481359314 2083 232008 1328 -15 0 175652240 31 0
56.864 14 COMMANDS 3618,258,260,0
56.864 14 ESTIMATOR 231.875076 -0.15
56.965 14 STATE_FILTER_STATUS 2 3 391
56.965 14 ATTITUDE 0.582448 3.609855 0.047287
57.048 14 NAVIGATION 4 2 90.875 -2. 0. 90.897003 47 40 40 0 0 0
57.065 14 GPS 3 36037383 481359049 2143 231992 1333 -22 0 175652480 31 0
57.164 14 PPRZ_MODE 2 3 2 2 0 6
57.264 14 ALIVE 158,87,147,219,247,235,138,154,89,223,120,51,202,91,226,10
57.264 14 WP_MOVED 10 360424. 4813592.5 235. 31
57.298 14 NAVIGATION 4 2 89.09375 -5. 0. 89.23394 47 40 40 0 0 0
57.314 14 GPS 3 36037171 481358807 2211 231971 1339 -20 0 175652720 31 0
57.364 14 ENERGY 38 12.5 0.545222 6.815271 0.053403 0.667534
57.364 14 NAVIGATION 4 2 86.96875 -7.5 0. 89.23394 47 40 40 0 0 0
57.365 14 ESTIMATOR 231.860489 -0.2
57.415 14 DESIRED 0.6 0.067658 5.600133 -114.5 162.300003 235. 0.093682 13.
57.464 14 IR_SENSORS 0 0 33 136 226
57.465 14 AIRSPEED 13.2 0. 0. 0.
57.465 14 ATTITUDE 0.604552 3.836186 0.057727
57.515 14 CIRCLE 49.5 100.099998 80.
57.549 14 NAVIGATION 4 2 86.96875 -7.5 0. 87.291542 48 41 41 0 0 0
57.566 14 FBW_STATUS 2 0 1 12.5 0.551281
57.567 14 GPS 3 36036931 481358591 2279 231955 1345 -2 0 175652960 31 0
57.664 14 GPS_SOL 559 559 559 7
57.764 14 WP_MOVED 11 360234.40625 4813661.5 235. 31
57.797 14 NAVIGATION 4 2 84.5625 -9.5 0. 85.09446 48 41 41 0 0 0
57.815 14 GPS 3 36036620 481358376 2365 231952 1352 5 0 175653240 31 0
57.815 14 SVINFO 4 11 1 4 38 82 240
57.864 14 ESTIMATOR 231.870728 0.05
57.964 14 ATTITUDE 0.604552 4.111466 0.06638
58.049 14 NAVIGATION 4 2 81.4375 -12. 0. 82.316864 48 41 41 0 0 0
58.052 14 WIND_INFO 14 5 -0.2 -0. 0. 13.1
58.067 14 GPS 3 36036331 481358227 2427 231964 1355 9 0 175653480 31 0
58.069 14 SVINFO 5 12 1 5 37 44 290
58.165 14 DATALINK_REPORT 0 9 1786 561 0 0
58.264 14 DL_VALUE 47 0.
58.265 14 WP_MOVED 0 360326. 4813637. 260. 31
58.298 14 NAVIGATION 4 2 78.5625 -13. 0. 79.630814 48 41 41 0 0 0
58.314 14 GPS 3 36036025 481358114 2495 231991 1357 29 0 175653720 31 0
58.315 14 SVINFO 6 13 0 6 36 6 341
58.365 14 NAVIGATION 4 2 75.5 -14.5 0. 79.630814 48 41 41 0 0 0
58.366 14 ESTIMATOR 231.943054 0.29
58.465 14 ENERGY 38 12.5 0.545405 6.817564 0.054411 0.680133
58.465 14 DESIRED 0.6 0.067618 5.600133 -114.5 162.300003 235. 0.092881 13.
58.466 14 AIRSPEED 13.1 0. 0. 0.
58.466 14 ATTITUDE 0.604552 4.350692 0.070698
58.548 14 NAVIGATION 4 2 75.5 -14.5 0. 76.879776 49 42 42 0 0 0
58.565 14 CIRCLE 49.5 100.099998 80.
58.565 14 GPS 3 36035709 481358037 2563 232030 1357 28 0 175653960 31 0
58.565 14 SVINFO 0 7 0 0 42 1 41
58.664 14 NAVIGATION_REF 360284 4813595 31 185.
58.664 14 IR_SENSORS 0 0 36 135 226
58.747 14 FBW_STATUS 2 0 1 12.5 0.53991
58.765 14 WP_MOVED 1 360284. 4813595. 260. 31
58.798 14 NAVIGATION 4 2 72.34375 -15. 0. 73.882462 49 42 42 0 0 0
58.816 14 GPS 3 36035331 481357995 2648 232087 1356 18 0 175654240 31 0
58.817 14 SVINFO 1 8 0 1 41 12 91
58.865 14 CALIBRATION -96.293694 0
58.865 14 ESTIMATOR 232.088669 0.18
58.965 14 ATTITUDE 0.601297 4.621171 0.070698
59.048 14 NAVIGATION 4 2 68.5625 -15.5 0. 70.292717 49 42 42 0 0 0
59.065 14 GPS 3 36035006 481358001 2710 232141 1355 18 0 175654480 31 0
59.066 14 SVINFO 2 9 1 2 40 53 141
59.265 14 WP_MOVED 2 360333.5 4813695. 235. 31
59.298 14 NAVIGATION 4 2 65.34375 -15.5 0. 67.156944 49 42 42 0 0 0
59.314 14 GPS 3 36034684 481358046 2778 232199 1353 14 0 175654720 31 0
59.314 14 SVINFO 3 10 1 3 39 86 191
59.363 14 NAVIGATION 4 2 62.09375 -15. 0. 67.156944 49 42 42 0 0 0
59.364 14 ESTIMATOR 232.185303 0.14
59.463 14 AIRSPEED 13.1 0. 0. 0.
59.463 14 ATTITUDE 0.601297 4.851951 0.075011
59.515 14 DESIRED 0.6 0.066932 5.600133 -114.5 162.300003 235. 0.085933 13.
59.547 14 NAVIGATION 4 2 62.09375 -15. 0. 63.879837 50 43 43 0 0 0
59.564 14 FBW_STATUS 2 0 1 12.5 0.533698
59.564 14 ENERGY 37 12.5 0.53388 6.6735 0.055397 0.692465
59.565 14 GPS 3 36034370 481358128 2846 232257 1351 23 0 175654960 31 0
59.613 14 CIRCLE 49.5 100.099998 80.
59.664 14 GPS_SOL 543 543 543 7
59.765 14 DL_VALUE 48 0.01
59.766 14 WP_MOVED 3 360461.40625 4813640. 215. 31
59.798 14 NAVIGATION 4 2 58.9375 -14. 0. 60.577461 50 43 43 0 0 0
59.815 14 GPS 3 36034020 481358270 2937 232322 1349 22 0 175655240 31 0
59.868 14 IR_SENSORS 0 0 36 135 226
59.868 14 ESTIMATOR 232.296173 0.22
59.964 14 ATTITUDE 0.601297 5.13314 0.070698
60.050 14 NAVIGATION 4 2 55.4375 -13. 0. 56.941341 50 43 43 0 0 0
60.066 14 GPS 3 36033739 481358429 2994 232375 1347 16 0 175655480 31 0
60.265 14 WP_MOVED 4 360312.8125 4813652. 185. 31
60.298 14 NAVIGATION 4 2 52.65625 -11. 0. 53.792942 50 43 43 0 0 0
60.314 14 GPS 3 36033478 481358620 3061 232426 1345 18 0 175655720 31 0
60.314 14 SVINFO 0 7 0 0 41 0 42
60.365 14 NAVIGATION 4 2 50.0625 -9.5 0. 53.792942 50 43 43 0 0 0
60.365 14 ESTIMATOR 232.404663 0.18
60.464 14 AIRSPEED 13.1 0. 0. 0.
60.464 14 ATTITUDE 0.543427 5.352539 0.065383
60.548 14 NAVIGATION 4 2 50.0625 -9.5 0. 50.955902 51 44 44 0 0 0
60.565 14 DESIRED 0.037843 0.058381 5.600133 -114.5 162.300003 235. 0.07786 13.
60.565 14 GPS 3 36033240 481358838 3125 232483 1344 25 0 175655960 31 0
60.565 14 SVINFO 1 8 1 1 40 14 92
60.665 14 ENERGY 36 12.5 0.518241 6.478012 0.056361 0.704507
60.665 14 CIRCLE 49.5 100.099998 80.
60.749 14 FBW_STATUS 2 0 1 12.5 0.516611
60.765 14 WP_MOVED 5 360452.8125 4813581. 260. 31
60.797 14 NAVIGATION 4 2 47.65625 -7. 0. 48.167606 51 44 44 0 0 0
60.815 14 GPS 3 36032991 481359119 3194 232568 1341 17 0 175656240 31 0
60.815 14 SVINFO 2 9 1 2 39 56 142
60.875 14 ESTIMATOR 232.532867 0.17
60.963 14 CALIBRATION -82.642738 0
60.964 14 ATTITUDE 0.420711 5.586505 0.054061
61.048 14 NAVIGATION 4 2 45.15625 -4.5 0. 45.379917 51 44 44 0 0 0
61.064 14 IR_SENSORS 0 0 35 85 249
61.064 14 GPS 3 36032802 481359378 3237 232663 1338 19 0 175656480 31 0
61.065 14 SVINFO 3 10 1 3 38 87 192
61.265 14 DL_VALUE 49 0.1
61.265 14 WP_MOVED 6 360169.5 4813757.5 260. 31
61.298 14 NAVIGATION 4 2 43.25 -1.5 0. 43.276005 51 44 44 0 0 0
61.315 14 GPS 3 36032631 481359649 3277 232774 1333 24 0 175656720 31 0
61.316 14 SVINFO 4 11 1 4 37 79 242
61.367 14 NAVIGATION 4 2 41.5625 1. 0. 43.276005 51 44 44 0 0 0
61.369 14 ESTIMATOR 232.678436 0.24
61.464 14 AIRSPEED 13.1 0. 0. 0.
61.464 14 ATTITUDE 0.289345 5.733263 0.044773
61.548 14 NAVIGATION 4 2 41.5625 1. 0. 41.574528 52 45 45 0 0 0
61.564 14 FBW_STATUS 2 0 1 12.5 0.505592
61.564 14 GPS 3 36032477 481359928 3311 232900 1327 29 0 175656960 31 0
61.566 14 SVINFO 5 12 0 5 36 38 292
61.614 14 DESIRED -0.6 0.029504 5.600133 -114.5 162.300003 235. 0.069647 13.
61.647 14 COMMANDS 3453,-6373,-165,0
61.664 14 GPS_SOL 528 528 528 7
61.715 14 CIRCLE 49.5 100.099998 80.
61.763 14 ENERGY 35 12.5 0.500372 6.254653 0.057297 0.716209
61.764 14 WP_MOVED 7 360284.5 4813704. 235. 31
61.798 14 NAVIGATION 4 2 40. 4. 0. 40.199501 52 45 45 0 0 0
61.814 14 GPS 3 36032315 481360260 3345 233056 1319 22 0 175657240 31 0
61.815 14 SVINFO 6 13 1 6 35 3 343
61.866 14 COMMANDS 3432,-5999,-217,0
61.866 14 ESTIMATOR 232.904755 0.22
61.965 14 STATE_FILTER_STATUS 2 3 323
61.965 14 ATTITUDE 0.169298 5.853522 0.038028
62.048 14 NAVIGATION 4 2 38.40625 7. 0. 39.038956 52 45 45 0 0 0
62.064 14 GPS 3 36032187 481360549 3361 233192 1314 38 0 175657480 31 0
62.165 14 PPRZ_MODE 2 3 2 2 0 6
62.265 14 ALIVE 158,87,147,219,247,235,138,154,89,223,120,51,202,91,226,10
62.266 14 IR_SENSORS 0 0 32 7 263
62.267 14 WP_MOVED 8 360269.1875 4813753. 235. 31
62.298 14 NAVIGATION 4 2 37.125 10. 0. 38.448219 52 45 45 0 0 0
62.315 14 GPS 3 36032067 481360839 3375 233325 1309 33 0 175657720 31 0
62.364 14 NAVIGATION 4 2 35.9375 13. 0. 38.448219 52 45 45 0 0 0
62.365 14 ESTIMATOR 233.168533 0.33
62.464 14 AIRSPEED 13.1 0. 0. 0.
62.464 14 ATTITUDE 0.040022 5.904862 0.033811
62.547 14 NAVIGATION 4 2 35.9375 13. 0. 38.216541 53 46 46 0 0 0
62.566 14 GPS 3 36031951 481361130 3382 233450 1303 14 0 175657960 31 0
62.665 14 DESIRED -0.6 0.003715 5.600133 -114.5 162.300003 235. 0.054944 13.
62.748 14 FBW_STATUS 2 0 1 12.5 0.479263
62.764 14 DL_VALUE 50 0.
62.765 14 CIRCLE 49.5 100.099998 80.
62.765 14 WP_MOVED 9 360459.6875 4813680. 235. 31
62.797 14 NAVIGATION 4 2 34.78125 15.5 0. 38.078674 53 46 46 0 0 0
62.814 14 GPS 3 36031817 481361468 3382 233580 1298 18 0 175658240 31 0
62.815 14 SVINFO 3 10 1 3 37 88 193
62.876 14 ENERGY 34 12.5 0.476772 5.959655 0.05819 0.727379
62.876 14 ESTIMATOR 233.399567 0.18
62.965 14 ATTITUDE -0.077992 5.91775 0.023391
63.049 14 NAVIGATION 4 2 33.40625 19. 0. 38.431465 53 46 46 0 0 0
63.065 14 CALIBRATION -60.07082 0
63.066 14 GPS 3 36031698 481361755 3376 233674 1295 20 0 175658480 31 0
63.067 14 SVINFO 4 11 0 4 36 77 243
63.268 14 DATALINK_REPORT 5 9 1920 554 0 0
63.269 14 WP_MOVED 10 360424. 4813592.5 235. 31
63.297 14 NAVIGATION 4 2 32.21875 22. 0. 39.013432 53 46 46 0 0 0
63.314 14 GPS 3 36031574 481362040 3363 233749 1294 16 0 175658720 31 0
63.314 14 SVINFO 5 12 0 5 35 35 293
63.365 14 NAVIGATION 4 2 31. 25. 0. 39.013432 53 46 46 0 0 0
63.365 14 ESTIMATOR 233.60376 0.16
63.464 14 IR_SENSORS 0 0 27 -71 254
63.464 14 AIRSPEED 13.1 0. 0. 0.
63.464 14 ATTITUDE -0.209739 5.885417 0.018635
63.548 14 NAVIGATION 4 2 31. 25. 0. 39.824615 54 47 47 0 0 0
63.564 14 FBW_STATUS 2 0 1 12.5 0.467016
63.565 14 GPS 3 36031440 481362320 3344 233804 1293 21 0 175658960 31 0
63.565 14 SVINFO 6 13 1 6 34 2 344
63.664 14 GPS_SOL 512 512 512 7
63.715 14 DESIRED -0.6 0.030434 5.600133 -114.5 162.300003 235. 0.041887 13.
63.765 14 WP_MOVED 11 360234.40625 4813661.5 235. 31
63.798 14 NAVIGATION 4 2 29.65625 27.5 0. 40.444321 54 47 47 0 0 0
63.815 14 CIRCLE 49.5 100.099998 80.
63.815 14 GPS 3 36031268 481362639 3309 233844 1294 10 0 175659240 31 0
63.815 14 SVINFO 0 7 0 0 40 0 44
63.874 14 ESTIMATOR 233.764816 0.1
63.964 14 ENERGY 33 12.5 0.461889 5.773616 0.059049 0.738118
63.964 14 ATTITUDE -0.329629 5.789731 0.01889
64.048 14 NAVIGATION 4 2 27.9375 30.5 0. 41.361259 54 47 47 0 0 0
64.067 14 GPS 3 36031104 481362903 3280 233857 1296 7 0 175659480 31 0
64.068 14 SVINFO 1 8 1 1 39 19 94
64.265 14 AUTOPILOT_VERSION 51500 v5.15_devel-179-g9a29798-dirty
64.265 14 DL_VALUE 51 0.15
64.265 14 WP_MOVED 0 360326. 4813637. 260. 31
64.298 14 NAVIGATION 4 2 26.28125 33.5 0. 42.5788 54 47 47 0 0 0
64.314 14 GPS 3 36030921 481363156 3240 233852 1299 5 0 175659720 31 0
64.315 14 SVINFO 2 9 1 2 38 62 144
64.373 14 NAVIGATION 4 2 24.4375 36. 0. 42.5788 54 47 47 0 0 0
64.375 14 ESTIMATOR 233.831619 0.05
64.465 14 AIRSPEED 13.1 0. 0. 0.
64.465 14 ATTITUDE -0.460068 5.668532 0.030096
64.548 14 NAVIGATION 4 2 24.4375 36. 0. 43.510818 55 48 48 0 0 0
64.566 14 GPS 3 36030717 481363393 3193 233828 1302 -2 0 175659960 31 0
64.665 14 IR_SENSORS 0 0 27 -142 223
64.750 14 FBW_STATUS 2 0 1 12.5 0.461713
64.764 14 DESIRED -0.6 0.056239 5.600133 -114.5 162.300003 235. 0.035051 13.
64.765 14 WP_MOVED 1 360284. 4813595. 260. 31
64.797 14 NAVIGATION 4 2 22.40625 38.5 0. 44.545372 55 48 48 0 0 0
64.814 14 GPS 3 36030451 481363644 3118 233780 1308 -15 0 175660240 31 0
64.864 14 CIRCLE 49.5 100.099998 80.
64.865 14 ESTIMATOR 233.820847 -0.15
64.964 14 ATTITUDE -0.553465 5.453831 0.041644
65.048 14 NAVIGATION 4 2 19.78125 41. 0. 45.522499 55 48 48 0 0 0
65.065 14 ENERGY 34 12.5 0.467724 5.846547 0.059897 0.748706
65.066 14 GPS 3 36030198 481363832 3066 233722 1312 -19 0 175660480 31 0
65.164 14 CALIBRATION -57.63192 0
65.264 14 WP_MOVED 2 360333.5 4813695. 235. 31
65.298 14 NAVIGATION 4 2 17.25 43. 0. 46.331009 55 48 48 0 0 0
65.315 14 GPS 3 36029924 481363990 2999 233654 1318 -26 0 175660720 31 0
65.377 14 NAVIGATION 4 2 14.5 44.5 0. 46.331009 55 48 48 0 0 0
65.378 14 ESTIMATOR 233.703094 -0.26
65.465 14 AIRSPEED 13.1 0. 0. 0.
65.465 14 ATTITUDE -0.58294 5.243249 0.053967
65.550 14 NAVIGATION 4 2 14.5 44.5 0. 46.802776 56 49 49 0 0 0
65.567 14 FBW_STATUS 2 0 1 12.5 0.481935
65.567 14 GPS 3 36029632 481364115 2931 233586 1324 -24 0 175660960 31 0
65.569 14 SVINFO 0 7 0 0 39 0 45
65.664 14 GPS_SOL 496 496 496 7
65.764 14 DL_VALUE 52 0.05
65.764 14 WP_MOVED 3 360461.40625 4813640. 215. 31
65.797 14 NAVIGATION 4 2 11.5625 46. 0. 47.430912 56 49 49 0 0 0
65.815 14 DESIRED 0.195702 0.053705 5.600133 -114.5 162.300003 235. 0.041259 13.
65.815 14 GPS 3 36029275 481364221 2849 233531 1331 -18 0 175661240 31 0
65.815 14 SVINFO 1 8 1 1 38 21 95
65.871 14 IR_SENSORS 0 0 31 -138 225
65.871 14 ESTIMATOR 233.556046 -0.18
65.915 14 CIRCLE 49.5 100.099998 80.
65.964 14 ATTITUDE -0.465243 4.977934 0.04787
66.047 14 NAVIGATION 4 2 8. 46.5 0. 47.183155 56 49 49 0 0 0
66.065 14 GPS 3 36028960 481364280 2806 233520 1333 -17 0 175661480 31 0
66.066 14 SVINFO 2 9 1 2 37 65 145
66.165 14 ENERGY 35 12.5 0.495345 6.191808 0.060781 0.759762
66.264 14 WP_MOVED 4 360312.8125 4813652. 185. 31
66.298 14 NAVIGATION 4 2 4.84375 47.5 0. 47.74633 56 49 49 0 0 0
66.315 14 GPS 3 36028641 481364314 2760 233546 1334 -12 0 175661720 31 0
66.316 14 SVINFO 3 10 1 3 36 89 195
66.376 14 NAVIGATION 4 2 1.65625 47.5 0. 47.74633 56 49 49 0 0 0
66.377 14 ESTIMATOR 233.490173 -0.12
66.463 14 AIRSPEED 13.1 0. 0. 0.
66.463 14 ATTITUDE -0.334586 4.819476 0.043667
66.550 14 NAVIGATION 4 2 1.65625 47.5 0. 47.528866 57 50 50 0 0 0
66.565 14 GPS 3 36028322 481364326 2721 233606 1333 3 0 175661960 31 0
66.566 14 SVINFO 4 11 1 4 35 72 245
66.648 14 COMMANDS 3442,6729,-100,0
66.749 14 FBW_STATUS 2 0 1 12.5 0.500193
66.765 14 WP_MOVED 5 360452.8125 4813581. 260. 31
66.798 14 NAVIGATION 4 2 -1.5625 47.5 0. 47.525692 57 50 50 0 0 0
66.815 14 GPS 3 36027950 481364318 2680 233710 1328 13 0 175662240 31 0
66.816 14 SVINFO 5 12 1 5 34 29 295
66.864 14 COMMANDS 3433,6342,-140,0
66.864 14 DESIRED 0.6 0.026599 5.600133 -114.5 162.300003 235. 0.04507 13.
66.864 14 ESTIMATOR 233.5578 0.13
66.965 14 STATE_FILTER_STATUS 2 3 357
66.965 14 CIRCLE 49.5 100.099998 80.
66.965 14 ATTITUDE -0.214423 4.678059 0.038548
67.048 14 NAVIGATION 4 2 -5.21875 47.5 0. 47.785828 57 50 50 0 0 0
67.066 14 IR_SENSORS 0 0 32 -65 255
67.066 14 GPS 3 36027632 481364296 2660 233820 1324 13 0 175662480 31 0
67.066 14 SVINFO 6 13 1 6 33 0 346
67.164 14 PPRZ_MODE 2 3 2 2 0 6
67.267 14 ALIVE 158,87,147,219,247,235,138,154,89,223,120,51,202,91,226,10
67.267 14 CALIBRATION -74.57666 0
67.267 14 DL_VALUE 53 0.
67.268 14 ENERGY 35 12.5 0.495165 6.189567 0.061695 0.771185
67.270 14 WP_MOVED 6 360169.5 4813757.5 260. 31
67.301 14 NAVIGATION 4 2 -8.4375 47.5 0. 48.243565 57 50 50 0 0 0
67.317 14 GPS 3 36027317 481364265 2642 233940 1319 13 0 175662720 31 0
67.364 14 NAVIGATION 4 2 -11.59375 47. 0. 48.243565 57 50 50 0 0 0
67.364 14 ESTIMATOR 233.748169 0.13
67.465 14 AIRSPEED 13.1 0. 0. 0.
67.465 14 ATTITUDE -0.085496 4.611274 0.03473
67.548 14 NAVIGATION 4 2 -11.59375 47. 0. 48.408833 58 51 51 0 0 0
67.565 14 FBW_STATUS 2 0 1 12.5 0.491761
67.566 14 GPS 3 36027004 481364227 2631 234063 1313 17 0 175662960 31 0
67.664 14 NAVIGATION_REF 360284 4813595 31 185.
67.664 14 GPS_SOL 480 480 480 7
67.764 14 WP_MOVED 7 360284.5 4813704. 235. 31
67.798 14 NAVIGATION 4 2 -14.71875 46.5 0. 48.773884 58 51 51 0 0 0
67.815 14 GPS 3 36026641 481364179 2624 234202 1307 11 0 175663240 31 0
67.815 14 SVINFO 2 9 1 2 36 68 146
67.877 14 ESTIMATOR 233.974426 0.11
67.914 14 DESIRED 0.6 0.004715 5.600133 -114.5 162.300003 235. 0.034403 13.
67.963 14 ATTITUDE 0.036323 4.579185 0.025885
68.015 14 CIRCLE 49.5 100.099998 80.
68.047 14 NAVIGATION 4 2 -18.34375 46.5 0. 49.987431 58 51 51 0 0 0
68.050 14 WIND_INFO 14 5 -0.2 -0.2 0. 13.1
68.064 14 GPS 3 36026331 481364139 2626 234310 1304 6 0 175663480 31 0
68.065 14 SVINFO 3 10 0 3 35 89 196
68.264 14 IR_SENSORS 0 0 29 13 264
68.264 14 WP_MOVED 8 360269.1875 4813753. 235. 31
68.297 14 NAVIGATION 4 2 -21.4375 46. 0. 50.750038 58 51 51 0 0 0
68.314 14 GPS 3 36026020 481364104 2634 234405 1301 24 0 175663720 31 0
68.315 14 SVINFO 4 11 1 4 34 69 246
68.378 14 DATALINK_REPORT 0 10 2058 577 0 0
68.384 14 ENERGY 34 12.5 0.481222 6.015277 0.062591 0.782382
68.384 14 NAVIGATION 4 2 -24.5625 45.5 0. 50.750038 58 51 51 0 0 0
68.385 14 ESTIMATOR 234.175461 0.24
68.464 14 AIRSPEED 13.1 0. 0. 0.
68.464 14 ATTITUDE 0.165135 4.611901 0.018798
68.547 14 NAVIGATION 4 2 -24.5625 45.5 0. 51.706543 59 52 52 0 0 0
68.563 14 GPS 3 36025710 481364076 2648 234482 1299 14 0 175663960 31 0
68.748 14 FBW_STATUS 2 0 1 12.5 0.475706
68.765 14 DL_VALUE 54 0.
68.765 14 WP_MOVED 9 360459.6875 4813680. 235. 31
68.798 14 NAVIGATION 4 2 -27.625 45. 0. 52.802845 59 52 52 0 0 0
68.815 14 GPS 3 36025346 481364058 2677 234548 1299 15 0 175664240 31 0
68.879 14 ESTIMATOR 234.388855 0.15
68.965 14 DESIRED 0.6 0.029861 5.600133 -114.5 162.300003 235. 0.021036 13.
68.965 14 ATTITUDE 0.276571 4.687883 0.017005
69.047 14 NAVIGATION 4 2 -31.3125 45. 0. 54.822193 59 52 52 0 0 0
69.064 14 CIRCLE 49.5 100.099998 80.
69.064 14 GPS 3 36025034 481364058 2701 234585 1299 2 0 175664480 31 0
69.064 14 SVINFO 0 7 0 0 38 0 47
69.265 14 WP_MOVED 10 360424. 4813592.5 235. 31
69.298 14 NAVIGATION 4 2 -34.4375 45. 0. 56.665169 59 52 52 0 0 0
69.314 14 GPS 3 36024723 481364078 2736 234603 1301 -18 0 175664720 31 0
69.315 14 SVINFO 1 8 1 1 37 27 97
69.381 14 CALIBRATION -63.693535 0
69.382 14 NAVIGATION 4 2 -37.5 45. 0. 56.665169 59 52 52 0 0 0
69.383 14 ESTIMATOR 234.505768 -0.18
69.468 14 IR_SENSORS 0 0 27 91 248
69.468 14 ENERGY 34 12.5 0.476772 5.959655 0.063461 0.793264
69.469 14 AIRSPEED 13.1 0. 0. 0.
69.469 14 ATTITUDE 0.414514 4.792624 0.021177
69.547 14 NAVIGATION 4 2 -37.5 45. 0. 58.576874 60 53 53 0 0 0
69.565 14 FBW_STATUS 2 0 1 12.5 0.478729
69.565 14 GPS 3 36024412 481364121 2778 234603 1304 -20 0 175664960 31 0
69.665 14 GPS_SOL 464 464 464 7
69.764 14 WP_MOVED 11 360234.40625 4813661.5 235. 31
69.798 14 NAVIGATION 4 2 -40.625 46. 0. 61.370926 60 53 53 0 0 0
69.815 14 GPS 3 36024056 481364205 2845 234582 1310 -43 0 175665240 31 0
69.883 14 ESTIMATOR 234.481918 -0.43
69.963 14 ATTITUDE 0.526479 4.984951 0.030826
70.014 14 DESIRED 0.6 0.057361 5.600133 -114.5 162.300003 235. 0.015081 13.
70.048 14 NAVIGATION 4 2 -44.1875 46.5 0. 64.146591 60 53 53 0 0 0
70.065 14 GPS 3 36023758 481364310 2893 234548 1314 -28 0 175665480 31 0
70.115 14 CIRCLE 49.5 100.099998 80.
70.264 14 DL_VALUE 55 0.
70.265 14 WP_MOVED 0 360326. 4813637. 260. 31
70.298 14 NAVIGATION 4 2 -47.15625 47.5 0. 66.932518 60 53 53 0 0 0
70.315 14 GPS 3 36023472 481364447 2957 234502 1321 -43 0 175665720 31 0
70.315 14 SVINFO 5 12 1 5 33 23 297
70.388 14 NAVIGATION 4 2 -50.03125 49. 0. 66.932518 60 53 53 0 0 0
70.389 14 ESTIMATOR 234.388336 -0.43
70.465 14 AIRSPEED 13.1 0. 0. 0.
70.465 14 ATTITUDE 0.599355 5.181839 0.044131
70.548 14 NAVIGATION 4 2 -50.03125 49. 0. 70.029465 61 54 54 0 0 0
70.565 14 ENERGY 36 12.5 0.514077 6.425961 0.064366 0.804572
70.565 14 GPS 3 36023204 481364618 3024 234450 1328 -44 0 175665960 31 0
70.566 14 SVINFO 6 13 1 6 32 0 348
70.665 14 IR_SENSORS 0 0 31 136 226
70.748 14 FBW_STATUS 2 0 1 12.5 0.522776
70.765 14 WP_MOVED 1 360284. 4813595. 260. 31
70.798 14 NAVIGATION 4 2 -52.71875 50.5 0. 73.00354 61 54 54 0 0 0
70.815 14 GPS 3 36022917 481364859 3117 234394 1338 -17 0 175666240 31 0
70.817 14 SVINFO 0 7 0 0 37 1 48
70.864 14 ESTIMATOR 234.260483 -0.17
70.964 14 ATTITUDE 0.604552 5.461457 0.053391
71.047 14 NAVIGATION 4 2 -55.59375 53. 0. 76.80928 61 54 54 0 0 0
71.064 14 DESIRED 0.6 0.064083 5.600133 -114.5 162.300003 235. 0.022186 13.
71.065 14 GPS 3 36022699 481365096 3174 234359 1342 -21 0 175666480 31 0
71.065 14 SVINFO 1 8 1 1 36 30 98
71.164 14 CIRCLE 49.5 100.099998 80.
71.264 14 WP_MOVED 2 360333.5 4813695. 235. 31
71.298 14 NAVIGATION 4 2 -57.75 55.5 0. 80.09565 61 54 54 0 0 0
71.314 14 GPS 3 36022510 481365359 3243 234340 1347 -8 0 175666720 31 0
71.314 14 SVINFO 2 9 0 2 35 73 148
71.365 14 NAVIGATION 4 2 -59.625 58. 0. 80.09565 61 54 54 0 0 0
71.365 14 ESTIMATOR 234.237259 -0.08
71.464 14 CALIBRATION -101.034721 0
71.464 14 AIRSPEED 13.1 0. 0. 0.
71.464 14 ATTITUDE 0.604552 5.680779 0.062056
71.548 14 NAVIGATION 4 2 -59.625 58. 0. 83.181374 62 55 55 0 0 0
71.565 14 FBW_STATUS 2 0 1 12.5 0.53388
71.565 14 GPS 3 36022354 481365643 3311 234338 1350 1 0 175666960 31 0
71.566 14 SVINFO 3 10 1 3 34 89 198
71.648 14 COMMANDS 3623,-34,-27,0
71.665 14 GPS_SOL 448 448 448 7
71.665 14 ENERGY 37 12.5 0.532968 6.662097 0.065333 0.816661
71.764 14 DL_VALUE 56 0.
71.765 14 WP_MOVED 3 360461.40625 4813640. 215. 31
71.799 14 NAVIGATION 4 2 -61.21875 61. 0. 86.421844 62 55 55 0 0 0
71.815 14 GPS 3 36022215 481365995 3402 234354 1353 0 0 175667240 31 0
71.816 14 SVINFO 4 11 1 4 33 64 248
71.864 14 COMMANDS 3625,-34,-27,0
71.864 14 IR_SENSORS 0 0 35 136 226
71.864 14 ESTIMATOR 234.277298 0.
71.965 14 STATE_FILTER_STATUS 2 3 397
71.965 14 ATTITUDE 0.604552 5.956908 0.06638
72.048 14 NAVIGATION 4 2 -62.59375 64.5 0. 89.87896 62 55 55 0 0 0
72.067 14 GPS 3 36022136 481366310 3459 234381 1353 0 0 175667480 31 0
72.068 14 SVINFO 5 12 1 5 32 20 298
72.114 14 DESIRED 0.6 0.063719 5.600133 -114.5 162.300003 235. 0.021681 13.
72.165 14 PPRZ_MODE 2 3 2 2 0 6
72.215 14 CIRCLE 49.5 100.099998 80.
72.265 14 ALIVE 158,87,147,219,247,235,138,154,89,223,120,51,202,91,226,10
72.265 14 WP_MOVED 4 360312.8125 4813652. 185. 31
72.298 14 NAVIGATION 4 2 -63.375 67.5 0. 92.588554 62 55 55 0 0 0
72.315 14 GPS 3 36022095 481366632 3527 234416 1353 -26 0 175667720 31 0
72.364 14 NAVIGATION 4 2 -63.78125 70.5 0. 92.588554 62 55 55 0 0 0
72.366 14 ESTIMATOR 234.332733 -0.26
72.465 14 AIRSPEED 13.1 0. 0. 0.
72.465 14 ATTITUDE 0.601297 6.172325 0.070698
72.547 14 NAVIGATION 4 2 -63.78125 70.5 0. 95.069962 63 56 56 0 0 0
72.564 14 GPS 3 36022092 481366957 3595 234458 1352 -41 0 175667960 31 0
72.748 14 FBW_STATUS 2 0 1 12.5 0.553305
72.765 14 ENERGY 39 12.5 0.553305 6.916308 0.066319 0.828987
72.765 14 WP_MOVED 5 360452.8125 4813581. 260. 31
72.798 14 NAVIGATION 4 2 -63.84375 74. 0. 97.734459 63 56 56 0 0 0
72.815 14 GPS 3 36022137 481367333 85 234512 1353 -34 0 175668240 31 0
72.865 14 ESTIMATOR 234.290665 -0.34
72.964 14 ATTITUDE 0.601297 0.161112 0.070698
73.048 14 NAVIGATION 4 2 -63.375 78. 0. 100.500702 63 56 56 0 0 0
73.066 14 IR_SENSORS 0 0 36 135 226
73.066 14 GPS 3 36022217 481367648 141 234560 1353 -3 0 175668480 31 0
73.165 14 DESIRED 0.598397 0.063699 5.600133 -114.5 162.300003 235. 0.02128 13.
73.264 14 DL_VALUE 57 0.
73.264 14 CIRCLE 49.5 100.099998 80.
73.264 14 WP_MOVED 6 360169.5 4813757.5 260. 31
73.297 14 NAVIGATION 4 2 -62.59375 81. 0. 102.366875 63 56 56 0 0 0
73.316 14 GPS 3 36022333 481367952 209 234610 1354 5 0 175668720 31 0
73.364 14 NAVIGATION 4 2 -61.4375 84. 0. 102.366875 63 56 56 0 0 0
73.364 14 ESTIMATOR 234.371643 0.05
73.466 14 DATALINK_REPORT 5 10 2188 548 0 0
73.468 14 AIRSPEED 13.1 0. 0. 0.
73.468 14 ATTITUDE 0.562179 0.373313 0.063105
73.548 14 NAVIGATION 4 2 -61.4375 84. 0. 104.070007 64 57 57 0 0 0
73.566 14 CALIBRATION -118.725327 0
73.566 14 FBW_STATUS 2 0 1 12.5 0.559016
73.567 14 GPS 3 36022483 481368241 274 234665 1355 5 0 175668960 31 0
73.664 14 GPS_SOL 433 433 433 7
73.763 14 WP_MOVED 7 360284.5 4813704. 235. 31
73.797 14 NAVIGATION 4 2 -59.90625 87. 0. 105.630295 64 57 57 0 0 0
73.813 14 GPS 3 36022694 481368556 351 234748 1355 14 0 175669240 31 0
73.864 14 ENERGY 38 12.5 0.55533 6.941621 0.067344 0.841795
73.864 14 ESTIMATOR 234.540558 0.14
73.965 14 ATTITUDE 0.451789 0.617178 0.055204
74.047 14 NAVIGATION 4 2 -57.78125 90. 0. 106.951729 64 57 57 0 0 0
74.065 14 GPS 3 36022899 481368807 392 234843 1353 44 0 175669480 31 0
74.065 14 SVINFO 6 13 0 6 31 0 350
74.215 14 DESIRED -0.146993 0.040249 5.600133 -114.5 162.300003 235. 0.013783 13.
74.264 14 IR_SENSORS 0 0 34 80 251
74.264 14 WP_MOVED 8 360269.1875 4813753. 235. 31
74.297 14 NAVIGATION 4 2 -55.75 92.5 0. 108.00145 64 57 57 0 0 0
74.314 14 CIRCLE 49.5 100.099998 80.
74.315 14 GPS 3 36023123 481369042 436 234958 1349 53 0 175669720 31 0
74.315 14 SVINFO 0 7 0 0 36 3 50
74.365 14 NAVIGATION 4 2 -53.5 95. 0. 108.00145 64 57 57 0 0 0
74.366 14 ESTIMATOR 234.806641 0.53
74.465 14 AIRSPEED 13.1 0. 0. 0.
74.465 14 ATTITUDE 0.319769 0.761886 0.045285
74.548 14 NAVIGATION 4 2 -53.5 95. 0. 109.028664 65 58 58 0 0 0
74.565 14 GPS 3 36023360 481369261 472 235089 1344 63 0 175669960 31 0
74.565 14 SVINFO 1 8 1 1 35 36 100
74.747 14 FBW_STATUS 2 0 1 12.5 0.510643
74.766 14 DL_VALUE 58 0.
74.767 14 WP_MOVED 9 360459.6875 4813680. 235. 31
74.799 14 NAVIGATION 4 2 -51.15625 97. 0. 109.662949 65 58 58 0 0 0
74.816 14 GPS 3 36023648 481369499 511 235255 1334 53 0 175670240 31 0
74.817 14 SVINFO 2 9 1 2 34 77 150
74.864 14 ESTIMATOR 235.165939 0.53
74.964 14 ENERGY 35 12.5 0.500372 6.254653 0.068316 0.853952
74.964 14 ATTITUDE 0.199898 0.890201 0.038503
75.047 14 NAVIGATION 4 2 -48.28125 99.5 0. 110.595337 65 58 58 0 0 0
75.065 14 GPS 3 36023903 481369691 529 235401 1327 60 0 175670480 31 0
75.066 14 SVINFO 3 10 1 3 33 88 200
75.264 14 DESIRED -0.6 0.011836 5.600133 -114.5 162.300003 235. -0.004978 13.
75.265 14 WP_MOVED 10 360424. 4813592.5 235. 31
75.297 14 NAVIGATION 4 2 -45.71875 101.5 0. 111.321404 65 58 58 0 0 0
75.315 14 GPS 3 36024161 481369874 545 235543 1319 63 0 175670720 31 0
75.317 14 SVINFO 4 11 0 4 32 58 250
75.364 14 AUTOPILOT_VERSION 51500 v5.15_devel-179-g9a29798-dirty
75.364 14 CIRCLE 49.5 100.099998 80.
75.364 14 NAVIGATION 4 2 -43.15625 103.5 0. 111.321404 65 58 58 0 0 0
75.364 14 ESTIMATOR 235.49231 0.63
75.465 14 IR_SENSORS 0 0 31 1 264
75.465 14 AIRSPEED 13.1 0. 0. 0.
75.465 14 ATTITUDE 0.06662 0.94922 0.029623
75.548 14 NAVIGATION 4 2 -43.15625 103.5 0. 112.137024 66 59 59 0 0 0
75.565 14 FBW_STATUS 2 0 1 12.5 0.462596
75.566 14 GPS 3 36024421 481370052 556 235676 1311 62 0 175670960 31 0
75.665 14 CALIBRATION -61.230083 0
75.665 14 GPS_SOL 418 418 418 7
75.764 14 WP_MOVED 11 360234.40625 4813661.5 235. 31
75.799 14 NAVIGATION 4 2 -40.5625 105. 0. 112.5625 66 59 59 0 0 0
75.815 14 GPS 3 36024723 481370256 560 235812 1301 46 0 175671240 31 0
75.865 14 ESTIMATOR 235.811661 0.46
75.965 14 ATTITUDE -0.051175 0.973661 0.022972
76.048 14 NAVIGATION 4 2 -37.5 107. 0. 113.380997 66 59 59 0 0 0
76.066 14 ENERGY 31 12.5 0.438192 5.477399 0.069172 0.864648
76.066 14 GPS 3 36024980 481370431 556 235908 1295 53 0 175671480 31 0
76.067 14 SVINFO 0 7 0 0 35 4 51
76.265 14 DL_VALUE 59 0.
76.265 14 WP_MOVED 0 360326. 4813637. 260. 31
76.298 14 NAVIGATION 4 2 -34.9375 109. 0. 114.462349 66 59 59 0 0 0
76.315 14 DESIRED -0.6 0.013098 5.600133 -114.5 162.300003 235. -0.027656 13.
76.315 14 GPS 3 36025233 481370610 547 235982 1290 36 0 175671720 31 0
76.315 14 SVINFO 1 8 1 1 34 39 101
76.364 14 NAVIGATION 4 2 -32.4375 110.5 0. 114.462349 66 59 59 0 0 0
76.365 14 ESTIMATOR 236.035751 0.36
76.414 14 CIRCLE 49.5 100.099998 80.
76.464 14 AIRSPEED 13.1 0. 0. 0.
76.464 14 ATTITUDE -0.182147 0.951795 0.017814
76.548 14 NAVIGATION 4 2 -32.4375 110.5 0. 115.162674 67 60 60 0 0 0
76.565 14 GPS 3 36025480 481370795 531 236031 1285 41 0 175671960 31 0
76.566 14 SVINFO 2 9 0 2 33 79 151
76.650 14 COMMANDS 2933,-2845,80,0
76.665 14 NAVIGATION_REF 360284 4813595 31 185.
76.665 14 IR_SENSORS 0 0 26 -77 253
76.748 14 FBW_STATUS 2 0 1 12.5 0.40737
76.765 14 WP_MOVED 1 360284. 4813595. 260. 31
76.799 14 NAVIGATION 4 2 -29.9375 112.5 0. 116.415222 67 60 60 0 0 0
76.816 14 GPS 3 36025758 481371023 500 236058 1282 44 0 175672240 31 0
76.865 14 COMMANDS 2878,-2459,123,0
76.865 14 ESTIMATOR 236.166397 0.44
76.964 14 STATE_FILTER_STATUS 2 3 366
76.964 14 ATTITUDE -0.30081 0.871038 0.013605
77.047 14 NAVIGATION 4 2 -27.15625 114.5 0. 117.6763 67 60 60 0 0 0
77.064 14 GPS 3 36025984 481371231 474 236054 1281 47 0 175672480 31 0
77.164 14 PPRZ_MODE 2 3 2 2 0 6
77.164 14 ENERGY 29 12.5 0.389079 4.863482 0.069928 0.874106
77.266 14 ALIVE 158,87,147,219,247,235,138,154,89,223,120,51,202,91,226,10
77.267 14 WP_MOVED 2 360333.5 4813695. 235. 31
77.298 14 NAVIGATION 4 2 -24.90625 117. 0. 119.621574 67 60 60 0 0 0
77.315 14 GPS 3 36026196 481371453 436 236027 1280 45 0 175672720 31 0
77.316 14 SVINFO 5 12 0 5 31 13 301
77.364 14 DESIRED -0.6 0.039923 5.600133 -114.5 162.300003 235. -0.036578 13.
77.364 14 NAVIGATION 4 2 -22.78125 119. 0. 119.621574 67 60 60 0 0 0
77.364 14 ESTIMATOR 236.257156 0.45
77.464 14 CIRCLE 49.5 100.099998 80.
77.465 14 AIRSPEED 13.1 0. 0. 0.
77.465 14 ATTITUDE -0.421118 0.762907 0.019167
77.547 14 NAVIGATION 4 2 -22.78125 119. 0. 121.160988 68 61 61 0 0 0
77.565 14 FBW_STATUS 2 0 1 12.5 0.371304
77.565 14 GPS 3 36026390 481371691 392 235977 1280 37 0 175672960 31 0
