6.157 14 NAVIGATION 2 1 0. 0. 0. 0. 0 11 11 1 0 0
6.173 14 FBW_STATUS 2 0 1 12.5 0.
6.174 14 GPS 3 36028477 481359546 899 185000 0 21 0 175847960 31 0
6.272 14 GPS_SOL 648 648 648 7
6.372 14 WP_MOVED 7 360284.5 4813704. 235. 31
6.406 14 NAVIGATION 2 1 0. 0. 0. 0. 0 11 11 1 0 0
6.422 14 GPS 3 36028477 481359546 899 185000 0 17 0 175848240 31 0
6.471 14 ENERGY 0 12.5 0. 0. 0. 0.
6.471 14 ESTIMATOR 185.126694 0.17
6.557 14 WIND_INFO 14 5 0. 0. 0. 0.
6.572 14 ATTITUDE 0.0023 0. -0.000365
6.656 14 NAVIGATION 2 1 0. 0. 0. 0. 0 11 11 1 0 0
6.674 14 DESIRED 0. 0.00024 0. 0. 0. 235. 0. 13.
6.674 14 GPS 3 36028477 481359546 899 185000 0 15 0 175848480 31 0
6.675 14 SVINFO 1 8 0 1 48 32 62
6.872 14 IR_SENSORS 0 0 23 -16 264
6.873 14 WP_MOVED 8 360269.1875 4813753. 235. 31
6.905 14 NAVIGATION 2 1 0. 0. 0. 0. 0 11 11 1 0 0
6.922 14 GPS 3 36028477 481359546 899 185000 0 16 0 175848720 31 0
6.972 14 NAVIGATION 2 1 0. 0. 0. 0. 0 11 11 1 0 0
6.973 14 ESTIMATOR 185.121277 0.16
7.072 14 CALIBRATION 0. 0
7.073 14 AIRSPEED 0. 0. 0. 0.
7.074 14 ATTITUDE 0.0023 0. -0.000365
7.155 14 NAVIGATION 2 1 0. 0. 0. 0. 0 12 12 1 0 0
7.172 14 GPS 3 36028477 481359546 899 185000 0 -2 0 175848960 31 0
7.173 14 SVINFO 3 10 0 3 49 11 162
7.355 14 FBW_STATUS 2 0 1 12.5 0.
7.373 14 AUTOPILOT_VERSION 51500 v5.15_devel-179-g9a29798-dirty
7.373 14 DL_VALUE 14 1.
7.373 14 WP_MOVED 9 360459.6875 4813680. 235. 31
7.405 14 NAVIGATION 2 1 0. 0. 0. 0. 0 12 12 1 0 0
7.423 14 GPS 3 36028477 481359546 899 185000 0 4 0 175849240 31 0
7.472 14 ESTIMATOR 185.085312 0.04
7.574 14 ENERGY 0 12.5 0. 0. 0. 0.
7.574 14 ATTITUDE 0.0023 0. -0.000365
7.656 14 NAVIGATION 2 1 0. 0. 0. 0. 0 12 12 1 0 0
7.671 14 GPS 3 36028477 481359546 899 185000 0 0 0 175849480 31 0
7.723 14 DESIRED 0. 0.00024 0. 0. 0. 235. 0. 13.
7.872 14 WP_MOVED 10 360424. 4813592.5 235. 31
7.905 14 NAVIGATION 2 1 0. 0. 0. 0. 0 12 12 1 0 0
7.922 14 GPS 3 36028477 481359546 899 185000 0 9 0 175849720 31 0
7.972 14 NAVIGATION 2 1 0. 0. 0. 0. 0 12 12 1 0 0
7.973 14 ESTIMATOR 185.052612 0.09
8.072 14 IR_SENSORS 0 0 23 -16 264
8.073 14 AIRSPEED 0. 0. 0. 0.
8.073 14 ATTITUDE 0.0023 0. -0.000365
8.158 14 NAVIGATION 2 1 0. 0. 0. 0. 0 13 13 1 0 0
8.173 14 FBW_STATUS 2 0 1 12.5 0.
8.174 14 GPS 3 36028477 481359546 899 185000 0 4 0 175849960 31 0
8.272 14 GPS_SOL 659 659 659 7
8.373 14 WP_MOVED 11 360234.40625 4813661.5 235. 31
8.405 14 NAVIGATION 2 1 0. 0. 0. 0. 0 13 13 1 0 0
8.422 14 GPS 3 36028477 481359546 899 185000 0 -2 0 175850240 31 0
8.473 14 ESTIMATOR 185.048904 -0.02
8.571 14 ATTITUDE 0.0023 0. -0.000365
8.658 14 NAVIGATION 2 1 0. 0. 0. 0. 0 13 13 1 0 0
8.672 14 ENERGY 0 12.5 0. 0. 0. 0.
8.672 14 GPS 3 36028477 481359546 899 185000 0 -1 0 175850480 31 0
8.672 14 SVINFO 2 9 0 2 49 0 113
8.772 14 DESIRED 0. 0.00024 0. 0. 0. 235. 0. 13.
8.873 14 DL_VALUE 15 80.
8.873 14 WP_MOVED 0 360326. 4813637. 260. 31
8.905 14 NAVIGATION 2 1 0. 0. 0. 0. 0 13 13 1 0 0
8.922 14 GPS 3 36028477 481359546 899 185000 0 21 0 175850720 31 0
8.973 14 NAVIGATION 2 1 0. 0. 0. 0. 0 13 13 1 0 0
8.974 14 ESTIMATOR 185.022385 0.21
9.073 14 AIRSPEED 0. 0. 0. 0.
9.073 14 ATTITUDE 0.0023 0. -0.000365
9.155 14 NAVIGATION 2 1 0. 0. 0. 0. 0 14 14 1 0 0
9.172 14 CALIBRATION 0. 0
9.172 14 GPS 3 36028477 481359546 899 185000 0 9 0 175850960 31 0
9.272 14 IR_SENSORS 0 0 23 -16 264
9.356 14 FBW_STATUS 2 0 1 12.5 0.
9.372 14 WP_MOVED 1 360284. 4813595. 260. 31
9.406 14 NAVIGATION 2 1 0. 0. 0. 0. 0 14 14 1 0 0
9.422 14 GPS 3 36028477 481359546 899 185000 0 24 0 175851240 31 0
9.473 14 ESTIMATOR 185.058075 0.24
9.572 14 ATTITUDE 0.0023 0. -0.000365
9.657 14 NAVIGATION 2 1 0. 0. 0. 0. 0 14 14 1 0 0
9.671 14 GPS 3 36028477 481359546 899 185000 0 8 0 175851480 31 0
9.772 14 ENERGY 0 12.5 0. 0. 0. 0.
9.822 14 DESIRED 0. 0.00024 0. 0. 0. 235. 0. 13.
9.873 14 WP_MOVED 2 360333.5 4813695. 235. 31
9.906 14 NAVIGATION 2 1 0. 0. 0. 0. 0 14 14 1 0 0
9.923 14 GPS 3 36028477 481359546 899 185000 0 23 0 175851720 31 0
9.923 14 SVINFO 0 7 0 0 48 69 14
9.972 14 NAVIGATION 2 1 0. 0. 0. 0. 0 14 14 1 0 0
9.973 14 ESTIMATOR 185.080063 0.23
10.072 14 AIRSPEED 0. 0. 0. 0.
10.072 14 ATTITUDE 0.0023 0. -0.000365
10.155 14 NAVIGATION 2 1 0. 0. 0. 0. 0 15 15 1 0 0
10.174 14 FBW_STATUS 2 0 1 12.5 0.
10.174 14 GPS 3 36028477 481359546 899 185000 0 12 0 175852000 31 0
10.256 14 COMMANDS 0,-17,7,0
10.272 14 GPS_SOL 668 668 668 7
10.372 14 DL_VALUE 16 80.
10.373 14 WP_MOVED 3 360461.40625 4813640. 215. 31
10.406 14 NAVIGATION 2 1 0. 0. 0. 0. 0 15 15 1 0 0
10.422 14 GPS 3 36028477 481359546 899 185000 0 -5 0 175852240 31 0
10.473 14 COMMANDS 0,-17,7,0
10.473 14 IR_SENSORS 0 0 23 -16 264
10.473 14 ESTIMATOR 185.098236 -0.05
10.573 14 STATE_FILTER_STATUS 2 3 303
10.573 14 ATTITUDE 0.0023 0. -0.000365
10.657 14 NAVIGATION 2 1 0. 0. 0. 0. 0 15 15 1 0 0
10.672 14 GPS 3 36028477 481359546 899 185000 0 1 0 175852480 31 0
10.773 14 PPRZ_MODE 2 1 2 0 0 6
10.872 14 DATALINK_REPORT 4 2 632 510 0 0
10.873 14 ALIVE 158,87,147,219,247,235,138,154,89,223,120,51,202,91,226,10
10.873 14 ENERGY 0 12.5 0. 0. 0. 0.
10.873 14 DESIRED 0. 0.00024 0. 0. 0. 235. 0. 13.
10.873 14 WP_MOVED 4 360312.8125 4813652. 185. 31
10.905 14 NAVIGATION 2 1 0. 0. 0. 0. 0 15 15 1 0 0
10.923 14 GPS 3 36028477 481359546 899 185000 0 -13 0 175852720 31 0
10.972 14 NAVIGATION 2 1 0. 0. 0. 0. 0 15 15 1 0 0
10.972 14 ESTIMATOR 185.049194 -0.13
11.072 14 AIRSPEED 0. 0. 0. 0.
11.072 14 ATTITUDE 0.0023 0. -0.000365
11.157 14 NAVIGATION 2 1 0. 0. 0. 0. 0 16 16 1 0 0
11.173 14 GPS 3 36028477 481359546 899 185000 0 -1 0 175852960 31 0
11.272 14 CALIBRATION 0. 0
11.357 14 FBW_STATUS 2 0 1 12.5 0.
11.373 14 WP_MOVED 5 360452.8125 4813581. 260. 31
11.406 14 NAVIGATION 2 1 0. 0. 0. 0. 0 16 16 1 0 0
11.423 14 GPS 3 36028477 481359546 899 185000 0 -8 0 175853240 31 0
11.472 14 ESTIMATOR 185.007355 -0.08
11.573 14 ATTITUDE 0.0023 0. -0.000365
11.603 14 SETTING 10 14 1.
11.603 14 DL_VALUE 10 1.
11.655 14 NAVIGATION 2 1 0. 0. 0. 0. 0 16 16 1 0 0
11.672 14 IR_SENSORS 0 0 23 -16 264
11.672 14 GPS 3 36028477 481359546 899 185000 0 -16 0 175853480 31 0
11.872 14 DL_VALUE 17 0.
11.872 14 WP_MOVED 6 360169.5 4813757.5 260. 31
11.907 14 NAVIGATION 2 1 0. 0. 0. 0. 0 16 16 1 0 0
11.923 14 DESIRED 0. 0.00024 0. 0. 0. 235. 0. 13.
11.924 14 GPS 3 36028477 481359546 899 185000 0 -4 0 175853720 31 0
11.924 14 SVINFO 1 8 0 1 49 23 65
11.973 14 ENERGY 0 12.5 0. 0. 0. 0.
11.974 14 NAVIGATION 2 1 0. 0. 0. 0. 0 16 16 1 0 0
11.975 14 ESTIMATOR 184.963303 -0.04
12.072 14 AIRSPEED 0. 0. 0. 0.
12.072 14 ATTITUDE 0.0023 0. -0.000365
12.155 14 NAVIGATION 2 1 0. 0. 0. 0. 0 17 17 1 0 0
12.172 14 FBW_STATUS 2 0 1 12.5 0.
12.172 14 GPS 3 36028477 481359546 899 185000 0 3 0 175853960 31 0
12.272 14 NAVIGATION_REF 360284 4813595 31 185.
12.273 14 GPS_SOL 676 676 676 7
12.372 14 WP_MOVED 7 360284.5 4813704. 235. 31
12.406 14 NAVIGATION 2 1 0. 0. 0. 0. 0 17 17 1 0 0
12.422 14 GPS 3 36028477 481359546 899 185000 0 -21 0 175854240 31 0
12.443 14 BLOCK 3 14
12.443 14 NAVIGATION 3 0 0. 0. 0. 0. 0 0 0 1 0 0
12.472 14 ESTIMATOR 184.979797 -0.21
12.572 14 ATTITUDE 0.0023 0. -0.000365
12.656 14 NAVIGATION 3 2 0. 0. 198.624115 0. 0 0 0 0 0 0
12.672 14 GPS 3 36028477 481359546 899 185000 0 -21 0 175854480 31 0
12.873 14 IR_SENSORS 0 0 24 -18 264
12.873 14 WP_MOVED 8 360269.1875 4813753. 235. 31
12.906 14 NAVIGATION 3 2 0. 0. 198.624115 0. 0 0 0 0 0 0
12.922 14 GPS 3 36028477 481359802 3599 184997 1063 -34 0 175854720 31 0
12.973 14 DESIRED -0.2 0.263131 5.668788 -114.5 162.300003 235. 0. 13.
12.973 14 NAVIGATION 3 2 0. 2.5 198.624115 0. 0 0 0 0 0 0
12.974 14 ESTIMATOR 184.920074 -0.34
13.072 14 ENERGY 21 12.5 0.232352 2.9044 7e-05 0.00088
13.073 14 AIRSPEED 0. 0. 0. 0.
13.073 14 ATTITUDE -0.028171 6.282893 0.015037
13.156 14 TAKEOFF 27
13.156 14 NAVIGATION 3 2 0. 2.5 196.586594 2.5 1 1 1 0 0 0
13.172 14 GPS 3 36028476 481360102 3598 184986 1250 -38 0 175854960 31 0
13.356 14 FBW_STATUS 2 0 1 12.5 0.471268
13.372 14 CALIBRATION 0. 0
13.372 14 DL_VALUE 18 1.
13.372 14 WP_MOVED 9 360459.6875 4813680. 235. 31
13.405 14 NAVIGATION 3 2 0. 5.5 194.155838 5.5 1 1 1 0 0 0
13.422 14 GPS 3 36028471 481360451 3591 184987 1246 3 0 175855240 31 0
13.423 14 SVINFO 0 7 0 0 49 64 16
13.473 14 ESTIMATOR 184.832336 0.03
13.572 14 ATTITUDE -0.124855 6.267829 0.066548
13.656 14 NAVIGATION 3 2 -0.03125 9. 191.321671 9.000054 1 1 1 0 0 0
13.672 14 GPS 3 36028460 481360754 3578 185038 1264 22 0 175855480 31 0
13.871 14 WP_MOVED 10 360424. 4813592.5 235. 31
13.906 14 NAVIGATION 3 2 -0.15625 12. 188.850693 12.001018 1 1 1 0 0 0
13.924 14 GPS 3 36028438 481361064 3559 185176 1295 57 0 175855720 31 0
13.973 14 NAVIGATION 3 2 -0.34375 15. 188.850693 12.001018 1 1 1 0 0 0
13.974 14 ESTIMATOR 185.004913 0.57
14.023 14 DESIRED -0.592343 0.289151 5.632827 -114.5 162.300003 235. 0. 13.
14.072 14 IR_SENSORS 0 0 60 -85 245
14.073 14 AIRSPEED 0. 0. 0. 0.
14.073 14 ATTITUDE -0.271113 6.21306 0.152905
14.156 14 NAVIGATION 3 2 -0.34375 15. 186.357025 15.003939 2 2 2 0 0 0
14.173 14 FBW_STATUS 2 0 1 12.5 1.28314
14.173 14 ENERGY 76 12.5 1.263894 15.798673 0.00139 0.017377
14.173 14 GPS 3 36028402 481361382 3535 185431 1334 117 0 175855960 31 0
14.272 14 GPS_SOL 683 683 683 7
14.371 14 WP_MOVED 11 360234.40625 4813661.5 235. 31
14.406 14 NAVIGATION 3 2 -0.75 18.5 183.350769 18.515196 2 2 2 0 0 0
14.422 14 GPS 3 36028336 481361763 3499 185908 1384 193 0 175856240 31 0
14.473 14 ESTIMATOR 185.614349 1.93
14.572 14 ATTITUDE -0.402561 6.107073 0.24102
14.662 14 NAVIGATION 3 2 -1.375 22. 180.225845 22.042927 2 2 2 0 0 0
14.671 14 GPS 3 36028254 481362096 3462 186485 1427 256 0 175856480 31 0
14.872 14 DL_VALUE 19 1.
14.872 14 WP_MOVED 0 360326. 4813637. 260. 31
14.905 14 NAVIGATION 3 2 -2.1875 25.5 176.998123 25.593655 2 2 2 0 0 0
14.922 14 GPS 3 36028146 481362429 3420 187215 1456 325 0 175856720 31 0
14.973 14 NAVIGATION 3 2 -3.3125 29. 176.998123 25.593655 2 2 2 0 0 0
14.973 14 ESTIMATOR 186.933792 3.25
15.071 14 DESIRED -0.473031 0.314793 5.595771 -114.5 162.300003 235. 0. 13.
15.071 14 AIRSPEED 0. 0. 0. 0.
15.072 14 ATTITUDE -0.508743 5.969794 0.320455
15.155 14 NAVIGATION 3 2 -3.3125 29. 173.584427 29.18857 3 3 3 0 0 0
15.173 14 GPS 3 36028011 481362755 3374 188078 1472 390 0 175856960 31 0
15.255 14 COMMANDS 8524,809,-270,0
15.273 14 IR_SENSORS 0 0 96 -137 212
15.273 14 ENERGY 88 12.5 1.627817 20.347708 0.004288 0.053603
15.359 14 FBW_STATUS 2 0 1 12.5 1.627817
15.372 14 WP_MOVED 1 360284. 4813595. 260. 31
15.405 14 NAVIGATION 3 2 -4.625 32. 170.442383 32.3325 3 3 3 0 0 0
15.422 14 GPS 3 36027818 481363122 3318 189227 1479 431 0 175857240 31 0
15.472 14 COMMANDS 8524,1330,-408,0
15.472 14 CALIBRATION 0. 0
15.472 14 ESTIMATOR 188.914536 4.31
15.572 14 STATE_FILTER_STATUS 2 3 443
15.573 14 ATTITUDE -0.479647 5.792555 0.349872
15.655 14 NAVIGATION 3 2 -6.59375 36. 166.118774 36.598873 3 3 3 0 0 0
15.672 14 GPS 3 36027627 481363420 3273 190312 1477 454 0 175857480 31 0
15.773 14 PPRZ_MODE 2 1 3 0 0 6
15.873 14 ALIVE 158,87,147,219,247,235,138,154,89,223,120,51,202,91,226,10
15.873 14 WP_MOVED 2 360333.5 4813695. 235. 31
15.906 14 NAVIGATION 3 2 -8.46875 38.5 163.000198 39.420422 3 3 3 0 0 0
15.922 14 GPS 3 36027416 481363704 3233 191467 1472 484 0 175857720 31 0
15.972 14 DATALINK_REPORT 3 4 755 537 0 0
15.973 14 NAVIGATION 3 2 -10.59375 41.5 163.000198 39.420422 3 3 3 0 0 0
15.973 14 ESTIMATOR 191.275421 4.84
16.072 14 AIRSPEED 0. 0. 0. 0.
16.073 14 ATTITUDE -0.352118 5.644114 0.335038
16.141 14 DESIRED -0.13144 0.297707 5.574946 -114.5 162.300003 235. 0. 13.
16.155 14 NAVIGATION 3 2 -10.59375 41.5 159.339722 42.830803 4 4 4 0 0 0
16.172 14 FBW_STATUS 2 0 1 12.5 1.627817
16.172 14 GPS 3 36027151 481364017 3197 192877 1463 502 0 175858000 31 0
16.273 14 GPS_SOL 689 689 689 7
16.372 14 DL_VALUE 20 0.
16.372 14 ENERGY 88 12.5 1.627817 20.347708 0.007273 0.090908
16.373 14 WP_MOVED 3 360461.40625 4813640. 215. 31
16.406 14 NAVIGATION 3 2 -13.21875 45. 154.974777 46.901337 4 4 4 0 0 0
16.421 14 GPS 3 36026912 481364271 3167 194114 1453 505 0 175858240 31 0
16.471 14 IR_SENSORS 0 0 102 -75 235
16.471 14 ESTIMATOR 193.902664 5.05
16.558 14 WIND_INFO 14 5 -3.2 3.4 0. 10.2
16.572 14 ATTITUDE -0.225512 5.528473 0.32069
16.657 14 NAVIGATION 3 2 -15.625 47. 151.889282 49.52919 4 4 4 0 0 0
16.673 14 GPS 3 36026666 481364514 3146 195360 1444 521 0 175858480 31 0
16.872 14 WP_MOVED 4 360312.8125 4813652. 185. 31
16.906 14 NAVIGATION 3 2 -18.125 49.5 148.364349 52.713997 4 4 4 0 0 0
16.922 14 GPS 3 36026414 481364750 3130 196600 1436 537 0 175858720 31 0
16.972 14 NAVIGATION 3 2 -20.59375 52. 148.364349 52.713997 4 4 4 0 0 0
16.973 14 ESTIMATOR 196.538727 5.37
17.076 14 AIRSPEED 10.2 0. 0. 0.
17.076 14 ATTITUDE -0.087661 5.432726 0.298176
17.158 14 NAVIGATION 3 2 -20.59375 52. 144.860184 55.929443 5 5 5 0 0 0
17.173 14 DESIRED 0.135729 0.268783 5.577896 -114.5 162.300003 235. 0. 13.
17.173 14 GPS 3 36026159 481364980 3120 197826 1430 530 0 175858960 31 0
17.355 14 FBW_STATUS 2 0 1 12.5 1.627817
17.372 14 WP_MOVED 5 360452.8125 4813581. 260. 31
17.406 14 NAVIGATION 3 2 -23.15625 54.5 141.295868 59.215385 5 5 5 0 0 0
17.423 14 GPS 3 36025860 481365245 3115 199229 1426 509 0 175859240 31 0
17.472 14 ENERGY 88 12.5 1.627817 20.347708 0.010257 0.128212
17.473 14 ESTIMATOR 199.201477 5.09
17.572 14 CALIBRATION 0. 0
17.572 14 ATTITUDE 0.038545 5.393591 0.283429
17.655 14 NAVIGATION 3 2 -26.15625 57. 137.450745 62.714825 5 5 5 0 0 0
17.673 14 IR_SENSORS 0 0 95 0 248
17.673 14 GPS 3 36025605 481365472 3117 200405 1423 497 0 175859480 31 0
17.873 14 DL_VALUE 21 0.
17.874 14 WP_MOVED 6 360169.5 4813757.5 260. 31
17.906 14 NAVIGATION 3 2 -28.71875 59. 134.27327 65.61834 5 5 5 0 0 0
17.922 14 GPS 3 36025352 481365702 3124 201555 1423 486 0 175859720 31 0
17.973 14 NAVIGATION 3 2 -31.21875 61.5 134.27327 65.61834 5 5 5 0 0 0
17.973 14 ESTIMATOR 201.661758 4.86
18.071 14 AIRSPEED 10.2 0. 0. 0.
18.071 14 ATTITUDE 0.135285 5.415606 0.271504
18.158 14 NAVIGATION 3 2 -31.21875 61.5 130.75322 68.969994 6 6 6 0 0 0
18.173 14 FBW_STATUS 2 0 1 12.5 1.627817
18.173 14 GPS 3 36025104 481365938 3134 202682 1424 481 0 175859960 31 0
18.222 14 DESIRED 0.15004 0.277561 5.59267 -114.5 162.300003 235. 0. 13.
18.272 14 GPS_SOL 693 693 693 7
18.372 14 WP_MOVED 7 360284.5 4813704. 235. 31
18.405 14 NAVIGATION 3 2 -33.71875 64. 127.234039 72.339157 6 6 6 0 0 0
18.422 14 GPS 3 36024822 481366220 3151 203972 1426 475 0 175860240 31 0
18.471 14 AUTOPILOT_VERSION 51500 v5.15_devel-179-g9a29798-dirty
18.472 14 ESTIMATOR 204.014465 4.75
18.573 14 ENERGY 88 12.5 1.627817 20.347708 0.013241 0.165516
18.574 14 ATTITUDE 0.167289 5.485817 0.267964
18.658 14 NAVIGATION 3 2 -36.5 66.5 123.53801 75.858421 6 6 6 0 0 0
18.672 14 GPS 3 36024586 481366470 3166 205064 1429 475 0 175860480 31 0
18.872 14 IR_SENSORS 0 0 91 25 248
18.872 14 WP_MOVED 8 360269.1875 4813753. 235. 31
18.905 14 NAVIGATION 3 2 -38.90625 69. 120.080414 79.212982 6 6 6 0 0 0
18.922 14 GPS 3 36024357 481366726 3181 206150 1432 462 0 175860720 31 0
18.972 14 NAVIGATION 3 2 -41.1875 71.5 120.080414 79.212982 6 6 6 0 0 0
18.973 14 ESTIMATOR 206.301529 4.62
19.072 14 AIRSPEED 10.2 0. 0. 0.
19.072 14 ATTITUDE 0.143303 5.565494 0.267964
19.157 14 NAVIGATION 3 2 -41.1875 71.5 116.702026 82.514603 7 7 7 0 0 0
19.174 14 GPS 3 36024134 481366988 3196 207236 1435 441 0 175860960 31 0
19.271 14 DESIRED 0.046819 0.274612 5.603945 -114.5 162.300003 235. 0. 13.
19.357 14 FBW_STATUS 2 0 1 12.5 1.627817
19.373 14 DL_VALUE 22 0.
19.373 14 WP_MOVED 9 360459.6875 4813680. 235. 31
19.405 14 NAVIGATION 3 2 -43.375 74.5 112.993828 86.206963 7 7 7 0 0 0
19.421 14 GPS 3 36023880 481367301 3210 208511 1437 447 0 175861240 31 0
19.472 14 ESTIMATOR 208.504532 4.47
19.572 14 ATTITUDE 0.086924 5.63824 0.266654
19.656 14 NAVIGATION 3 2 -45.9375 77.5 109.049797 90.091644 7 7 7 0 0 0
19.671 14 CALIBRATION 0. 0
19.672 14 ENERGY 88 12.5 1.627817 20.347708 0.016226 0.20282
19.672 14 GPS 3 36023667 481367572 3219 209612 1438 466 0 175861480 31 0
19.871 14 WP_MOVED 10 360424. 4813592.5 235. 31
19.906 14 NAVIGATION 3 2 -48.0625 80.5 105.381126 93.756355 7 7 7 0 0 0
19.924 14 GPS 3 36023457 481367846 3225 210721 1439 490 0 175861720 31 0
19.973 14 NAVIGATION 3 2 -50.1875 83. 105.381126 93.756355 7 7 7 0 0 0
19.973 14 ESTIMATOR 210.768097 4.9
20.075 14 IR_SENSORS 0 0 93 -10 248
20.075 14 AIRSPEED 10.2 0. 0. 0.
20.076 14 ATTITUDE 0.026557 5.677298 0.271504
20.156 14 NAVIGATION 4 0 -50.1875 83. 0. 96.993736 8 0 0 0 0 0
20.172 14 FBW_STATUS 2 0 1 12.5 1.627817
20.172 14 GPS 3 36023248 481368122 3228 211838 1439 495 0 175861960 31 0
20.256 14 COMMANDS 8524,-306,-108,0
20.272 14 GPS_SOL 697 697 697 7
20.323 14 DESIRED -0.034486 0.261966 5.601053 -114.5 162.300003 235. 0. 13.
20.371 14 WP_MOVED 11 360234.40625 4813661.5 235. 31
20.407 14 NAVIGATION 4 2 -52.28125 86. 0. 100.644569 8 0 0 0 0 0
20.424 14 CIRCLE 49.5 100.099998 80.
20.425 14 GPS 3 36023005 481368444 3229 213146 1439 488 0 175862240 31 0
20.472 14 COMMANDS 8524,4602,358,0
20.472 14 ESTIMATOR 213.179184 4.88
20.574 14 STATE_FILTER_STATUS 2 3 354
20.574 14 ATTITUDE 0.01046 5.68866 0.271504
20.658 14 NAVIGATION 4 2 -54.71875 89. 0. 104.475555 8 0 0 0 0 0
20.672 14 GPS 3 36022797 481368719 3229 214270 1438 492 0 175862480 31 0
20.771 14 PPRZ_MODE 2 3 2 2 0 6
20.772 14 ENERGY 88 12.5 1.627817 20.347708 0.01921 0.240125
20.872 14 ALIVE 158,87,147,219,247,235,138,154,89,223,120,51,202,91,226,10
20.873 14 DL_VALUE 23 1.
20.873 14 WP_MOVED 0 360326. 4813637. 260. 31
20.905 14 NAVIGATION 4 2 -56.78125 91.5 0. 107.686401 8 0 0 0 0 0
20.923 14 GPS 3 36022592 481368997 3234 215396 1438 492 0 175862720 31 0
20.973 14 NAVIGATION 4 2 -58.84375 94.5 0. 107.686401 8 0 0 0 0 0
20.973 14 ESTIMATOR 215.544525 4.92
21.073 14 DATALINK_REPORT 4 5 873 523 0 0
21.073 14 AIRSPEED 10.2 0. 0. 0.
21.073 14 ATTITUDE 0.143627 5.701725 0.276376
21.156 14 NAVIGATION 4 2 -58.84375 94.5 0. 111.32312 9 1 1 0 0 0
21.171 14 GPS 3 36022392 481369278 3245 216526 1437 490 0 175862960 31 0
21.272 14 NAVIGATION_REF 360284 4813595 31 185.
21.273 14 IR_SENSORS 0 0 95 34 246
21.356 14 FBW_STATUS 2 0 1 12.5 1.545542
21.373 14 DESIRED 0.6 0.308242 5.601053 -114.5 162.300003 235. 0.583664 13.
21.373 14 WP_MOVED 1 360284. 4813595. 260. 31
21.406 14 NAVIGATION 4 2 -60.84375 97.5 0. 114.926987 9 1 1 0 0 0
21.423 14 GPS 3 36022169 481369612 3264 217850 1434 492 0 175863240 31 0
21.472 14 CIRCLE 49.5 100.099998 80.
21.472 14 ESTIMATOR 217.913589 4.92
21.572 14 ATTITUDE 0.27449 5.778931 0.293952
21.655 14 NAVIGATION 4 2 -63.0625 100.5 0. 118.647079 9 1 1 0 0 0
21.672 14 GPS 3 36021991 481369905 3287 218986 1425 481 0 175863480 31 0
21.772 14 CALIBRATION 24.758821 2
21.872 14 ENERGY 71 12.5 1.200207 15.002584 0.021963 0.274536
21.873 14 WP_MOVED 2 360333.5 4813695. 235. 31
21.906 14 NAVIGATION 4 2 -64.84375 103.5 0. 122.135017 9 1 1 0 0 0
21.922 14 GPS 3 36021832 481370203 3317 220108 1408 480 0 175863720 31 0
21.922 14 SVINFO 6 13 0 6 48 61 321
21.972 14 NAVIGATION 4 2 -66.4375 106.5 0. 122.135017 9 1 1 0 0 0
21.973 14 ESTIMATOR 220.254761 4.8
22.073 14 AIRSPEED 10.2 0. 0. 0.
22.073 14 ATTITUDE 0.41126 5.915825 0.305703
22.155 14 NAVIGATION 4 2 -67.84375 109.5 0. 128.813904 10 2 2 0 0 0
22.176 14 FBW_STATUS 2 0 1 12.5 1.01701
22.177 14 GPS 3 36021693 481370504 3353 221194 1382 460 0 175863960 31 0
22.272 14 GPS_SOL 699 699 699 7
22.371 14 DL_VALUE 24 1.
22.371 14 WP_MOVED 3 360461.40625 4813640. 215. 31
22.405 14 NAVIGATION 4 2 -69.125 113. 0. 132.466095 10 2 2 0 0 0
22.422 14 DESIRED 0.6 0.141589 5.601053 -114.5 162.300003 235. 0.375101 13.
22.423 14 GPS 3 36021565 481370860 3406 222378 1345 412 0 175864240 31 0
22.472 14 IR_SENSORS 0 0 94 109 226
22.473 14 ESTIMATOR 222.496628 4.12
22.522 14 CIRCLE 49.5 100.099998 80.
22.572 14 ATTITUDE 0.528256 6.147613 0.300879
22.658 14 NAVIGATION 4 2 -69.875 116. 0. 135.419769 10 2 2 0 0 0
22.673 14 GPS 3 36021489 481371163 3459 223290 1304 361 0 175864480 31 0
22.872 14 WP_MOVED 4 360312.8125 4813652. 185. 31
22.906 14 NAVIGATION 4 2 -70.28125 119. 0. 138.204391 10 2 2 0 0 0
22.923 14 GPS 3 36021448 481371462 3521 224073 1254 324 0 175864720 31 0
22.973 14 ENERGY 23 12.5 0.339754 4.246921 0.023393 0.292411
22.973 14 NAVIGATION 4 2 -70.28125 119. 0. 138.204391 10 2 2 0 0 0
22.973 14 ESTIMATOR 224.292389 3.24
23.072 14 AIRSPEED 10.2 0. 0. 0.
23.073 14 ATTITUDE 0.59654 0.162424 0.265513
23.157 14 NAVIGATION 4 2 -70.3125 122. 0. 140.811386 11 3 3 0 0 0
23.192 14 GPS 3 36021443 481371750 3590 224704 1200 270 0 175864960 31 0
23.356 14 FBW_STATUS 2 0 1 12.5 0.202205
23.373 14 WP_MOVED 5 360452.8125 4813581. 260. 31
23.405 14 NAVIGATION 4 2 -69.90625 125. 0. 143.219696 11 3 3 0 0 0
23.423 14 GPS 3 36021484 481372068 79 225230 1144 183 0 175865240 31 0
23.424 14 SVINFO 5 12 1 5 48 88 271
23.472 14 DESIRED 0.6 0.078376 5.601053 -114.5 162.300003 235. 0.283118 13.
23.473 14 ESTIMATOR 225.562744 1.83
23.572 14 CIRCLE 49.5 100.099998 80.
23.574 14 ATTITUDE 0.616513 0.5421 0.208355
23.659 14 NAVIGATION 4 2 -69.15625 127.5 0. 145.047699 11 3 3 0 0 0
23.673 14 IR_SENSORS 0 0 64 136 221
23.673 14 GPS 3 36021558 481372324 160 225502 1109 117 0 175865480 31 0
23.873 14 CALIBRATION 150. 0
23.873 14 DL_VALUE 25 0.
23.874 14 WP_MOVED 6 360169.5 4813757.5 260. 31
23.906 14 NAVIGATION 4 2 -68.125 130.5 0. 147.211639 11 3 3 0 0 0
23.924 14 GPS 3 36021666 481372563 244 225625 1093 43 0 175865720 31 0
23.973 14 NAVIGATION 4 2 -68.125 130.5 0. 147.211639 11 3 3 0 0 0
23.974 14 ESTIMATOR 226.036758 0.43
24.072 14 ENERGY 18 12.5 0.222875 2.785936 0.02381 0.29762
24.072 14 AIRSPEED 10.2 0. 0. 0.
24.072 14 ATTITUDE 0.610474 0.867636 0.146073
24.164 14 NAVIGATION 4 2 -66.65625 132. 0. 147.875137 12 4 4 0 0 0
24.178 14 FBW_STATUS 2 0 1 12.5 0.222875
24.178 14 GPS 3 36021809 481372783 329 225625 1091 1 0 175865960 31 0
24.274 14 GPS_SOL 699 699 699 7
24.373 14 WP_MOVED 7 360284.5 4813704. 235. 31
24.405 14 NAVIGATION 4 2 -66.65625 132. 0. 147.875137 12 4 4 0 0 0
24.430 14 GPS 3 36022015 481373012 427 225504 1103 -47 0 175866240 31 0
24.482 14 ESTIMATOR 225.881378 -0.47
24.524 14 DESIRED 0.591823 0.076323 5.601053 -114.5 162.300003 235. 0.269679 13.
24.588 14 ATTITUDE 0.603251 1.156323 0.101568
24.623 14 CIRCLE 49.5 100.099998 80.
24.656 14 NAVIGATION 4 2 -64.59375 134.5 0. 149.206573 12 4 4 0 0 0
24.672 14 GPS 3 36022224 481373181 510 225326 1120 -74 0 175866480 31 0
24.872 14 IR_SENSORS 0 0 38 133 227
24.874 14 WP_MOVED 8 360269.1875 4813753. 235. 31
24.905 14 NAVIGATION 4 2 -62.5 136.5 0. 150.128281 12 4 4 0 0 0
24.921 14 GPS 3 36022459 481373322 591 225105 1141 -100 0 175866720 31 0
24.971 14 NAVIGATION 4 2 -60.15625 137.5 0. 150.128281 12 4 4 0 0 0
24.971 14 ESTIMATOR 225.375885 -1.
25.073 14 AIRSPEED 10.2 0. 0. 0.
25.074 14 ATTITUDE 0.562179 1.384335 0.063105
25.160 14 NAVIGATION 4 2 -60.15625 137.5 0. 150.083389 13 5 5 0 0 0
25.174 14 ENERGY 24 12.5 0.306684 3.833556 0.024278 0.303476
25.175 14 GPS 3 36022717 481373432 667 224866 1165 -120 0 175866960 31 0
25.255 14 COMMANDS 2425,-3209,157,0
25.356 14 FBW_STATUS 2 0 1 12.5 0.335789
25.372 14 DL_VALUE 26 0.
25.373 14 WP_MOVED 9 360459.6875 4813680. 235. 31
25.406 14 NAVIGATION 4 2 -57.59375 139. 0. 150.459427 13 5 5 0 0 0
25.423 14 GPS 3 36023037 481373524 745 224599 1193 -89 0 175867240 31 0
25.472 14 COMMANDS 2568,-4382,238,0
25.472 14 ESTIMATOR 224.718033 -0.89
25.573 14 STATE_FILTER_STATUS 2 3 374
25.573 14 DESIRED -0.112096 0.061092 5.601053 -114.5 162.300003 235. 0.298225 13.
25.573 14 ATTITUDE 0.443338 1.585908 0.038595
25.655 14 NAVIGATION 4 2 -54.375 140. 0. 150.18869 13 5 5 0 0 0
25.672 14 CIRCLE 49.5 100.099998 80.
25.672 14 GPS 3 36023325 481373574 801 224403 1215 -73 0 175867480 31 0
25.772 14 PPRZ_MODE 2 3 2 2 0 6
25.873 14 ALIVE 158,87,147,219,247,235,138,154,89,223,120,51,202,91,226,10
25.873 14 WP_MOVED 10 360424. 4813592.5 235. 31
25.915 14 NAVIGATION 4 2 -51.5 140. 0. 149.171875 13 5 5 0 0 0
25.925 14 GPS 3 36023620 481373601 848 224247 1235 -71 0 175867720 31 0
25.973 14 CALIBRATION 40.93055 2
25.973 14 NAVIGATION 4 2 -48.5625 140.5 0. 149.171875 13 5 5 0 0 0
25.973 14 ESTIMATOR 224.278412 -0.71
26.073 14 IR_SENSORS 0 0 30 65 256
26.073 14 AIRSPEED 10.2 0. 0. 0.
26.073 14 ATTITUDE 0.311484 1.717024 0.029389
26.158 14 NAVIGATION 4 2 -48.5625 140.5 0. 148.655869 13 6 6 0 0 0
26.172 14 DATALINK_REPORT 10 5 997 535 0 0
26.173 14 FBW_STATUS 2 0 1 12.5 0.464009
26.173 14 GPS 3 36023972 481373607 889 224124 1255 -61 0 175868000 31 0
26.272 14 GPS_SOL 699 699 699 7
26.273 14 ENERGY 35 12.5 0.489434 6.117928 0.024998 0.31247
26.373 14 WP_MOVED 11 360234.40625 4813661.5 235. 31
26.405 14 NAVIGATION 4 2 -42. 140.5 0. 146.64328 14 6 6 0 0 0
26.423 14 GPS 3 36024277 481373596 924 224069 1275 -35 0 175868240 31 0
26.472 14 ESTIMATOR 223.98381 -0.35
26.561 14 WIND_INFO 14 5 -0.4 0.9 0. 11.6
26.573 14 ATTITUDE 0.192371 1.813141 0.030954
26.623 14 DESIRED -0.6 0.062966 5.601053 -114.5 162.300003 235. 0.330486 13.
26.665 14 NAVIGATION 4 2 -38.90625 140. 0. 145.305527 14 6 6 0 0 0
26.678 14 GPS 3 36024585 481373571 944 224061 1288 -13 0 175868480 31 0
26.678 14 SVINFO 4 11 1 4 48 81 223
26.726 14 CIRCLE 49.5 100.099998 80.
26.873 14 DL_VALUE 27 0.
26.874 14 WP_MOVED 0 360326. 4813637. 260. 31
26.905 14 NAVIGATION 4 2 -38.90625 140. 0. 145.305527 14 6 6 0 0 0
26.922 14 GPS 3 36024896 481373539 960 224097 1299 17 0 175868720 31 0
26.974 14 NAVIGATION 4 2 -35.78125 140. 0. 145.305527 14 6 6 0 0 0
26.974 14 ESTIMATOR 223.954727 0.17
27.071 14 AIRSPEED 11.6 0. 0. 0.
27.077 14 ATTITUDE 0.062832 1.739744 0.037556
27.157 14 NAVIGATION 4 2 -35.78125 140. 0. 144.500168 15 7 7 0 0 0
27.172 14 GPS 3 36025207 481373500 970 224172 1307 29 0 175868960 31 0
27.172 14 SVINFO 6 13 1 6 47 52 324
27.272 14 IR_SENSORS 0 0 34 -13 263
27.355 14 FBW_STATUS 2 0 1 12.5 0.549994
27.372 14 ENERGY 38 12.5 0.549994 6.874931 0.025984 0.324799
27.373 14 WP_MOVED 1 360284. 4813595. 260. 31
27.406 14 NAVIGATION 4 2 -32.65625 139.5 0. 143.271347 15 7 7 0 0 0
27.424 14 GPS 3 36025571 481373453 973 224302 1312 57 0 175869240 31 0
27.472 14 ESTIMATOR 224.16185 0.57
27.581 14 ATTITUDE -0.059165 1.760352 0.046038
27.658 14 NAVIGATION 4 2 -29.03125 139. 0. 141.999344 15 7 7 0 0 0
27.672 14 DESIRED -0.6 0.049395 5.601053 -114.5 162.300003 235. 0.325144 13.
27.672 14 GPS 3 36025884 481373415 969 224438 1311 56 0 175869480 31 0
27.772 14 CIRCLE 49.5 100.099998 80.
27.872 14 WP_MOVED 2 360333.5 4813695. 235. 31
27.905 14 NAVIGATION 4 2 -25.90625 138.5 0. 140.902039 15 7 7 0 0 0
27.923 14 GPS 3 36026197 481373383 959 224587 1309 52 0 175869720 31 0
27.972 14 NAVIGATION 4 2 -22.78125 138.5 0. 140.902039 15 7 7 0 0 0
27.973 14 ESTIMATOR 224.50647 0.52
28.073 14 CALIBRATION 8.342139 2
28.074 14 AIRSPEED 11.6 0. 0. 0.
28.074 14 ATTITUDE -0.190434 1.736833 0.056826
28.158 14 NAVIGATION 4 2 -22.78125 138.5 0. 140.361084 16 8 8 0 0 0
28.172 14 FBW_STATUS 2 0 1 12.5 0.493731
28.172 14 GPS 3 36026509 481373360 942 224741 1304 53 0 175869960 31 0
28.271 14 GPS_SOL 697 697 697 7
28.373 14 DL_VALUE 28 0.
28.374 14 WP_MOVED 3 360461.40625 4813640. 215. 31
28.404 14 NAVIGATION 4 2 -19.65625 138.5 0. 139.887878 16 8 8 0 0 0
28.422 14 GPS 3 36026872 481373349 912 224915 1296 58 0 175870240 31 0
28.472 14 IR_SENSORS 0 0 37 -91 247
28.473 14 ENERGY 33 12.5 0.453784 5.672297 0.026913 0.336413
28.473 14 ESTIMATOR 224.826416 0.58
28.572 14 ATTITUDE -0.310617 1.659783 0.062621
28.680 14 NAVIGATION 4 2 -16.03125 138. 0. 138.92804 16 8 8 0 0 0
28.681 14 GPS 3 36027181 481373357 884 225051 1289 54 0 175870480 31 0
28.682 14 SVINFO 5 12 1 5 47 85 274
28.722 14 DESIRED -0.6 0.056821 5.601053 -114.5 162.300003 235. 0.305208 13.
28.822 14 CIRCLE 49.5 100.099998 80.
28.871 14 WP_MOVED 4 360312.8125 4813652. 185. 31
28.905 14 NAVIGATION 4 2 -12.9375 138. 0. 138.605118 16 8 8 0 0 0
28.922 14 GPS 3 36027488 481373386 846 225167 1282 59 0 175870720 31 0
28.972 14 NAVIGATION 4 2 -9.875 138.5 0. 138.605118 16 8 8 0 0 0
28.973 14 ESTIMATOR 225.137161 0.59
29.073 14 AIRSPEED 11.6 0. 0. 0.
29.073 14 ATTITUDE -0.441679 1.547648 0.072237
29.171 14 NAVIGATION 4 2 -9.875 138.5 0. 138.851593 17 9 9 0 0 0
29.180 14 GPS 3 36027789 481373439 800 225257 1275 35 0 175870960 31 0
29.355 14 FBW_STATUS 2 0 1 12.5 0.403766
29.372 14 WP_MOVED 5 360452.8125 4813581. 260. 31
29.405 14 NAVIGATION 4 2 -6.875 139. 0. 139.169922 17 9 9 0 0 0
29.422 14 GPS 3 36028132 481373536 732 225323 1269 36 0 175871240 31 0
29.472 14 ESTIMATOR 225.354233 0.36
29.574 14 AUTOPILOT_VERSION 51500 v5.15_devel-179-g9a29798-dirty
29.574 14 ENERGY 29 12.5 0.401367 5.017093 0.027682 0.346025
29.574 14 ATTITUDE -0.552561 1.355154 0.083157
29.673 14 NAVIGATION 4 2 -3.4375 140. 0. 140.042191 17 9 9 0 0 0
29.676 14 IR_SENSORS 0 0 37 -157 212
29.677 14 GPS 3 36028413 481373652 675 225343 1267 29 0 175871480 31 0
29.772 14 DESIRED -0.6 0.07543 5.601053 -114.5 162.300003 235. 0.289373 13.
29.872 14 DL_VALUE 29 5.
29.872 14 CIRCLE 49.5 100.099998 80.
29.872 14 WP_MOVED 6 360169.5 4813757.5 260. 31
29.906 14 NAVIGATION 4 2 -0.625 141. 0. 141.001389 17 9 9 0 0 0
29.923 14 GPS 3 36028678 481373801 606 225329 1268 0 0 175871720 31 0
29.924 14 SVINFO 3 10 1 3 48 48 175
29.971 14 NAVIGATION 4 2 2.0625 142.5 0. 141.001389 17 9 9 0 0 0
29.972 14 ESTIMATOR 225.449158 0.
30.073 14 AIRSPEED 11.6 0. 0. 0.
30.073 14 ATTITUDE -0.604203 1.13643 0.084924
30.156 14 NAVIGATION 4 2 2.0625 142.5 0. 142.514923 18 10 10 0 0 0
30.178 14 CALIBRATION 20.485382 0
30.181 14 FBW_STATUS 2 0 1 12.5 0.410809
30.182 14 GPS 3 36028923 481373983 534 225288 1271 -17 0 175871960 31 0
30.254 14 COMMANDS 2969,125,-91,0
30.272 14 NAVIGATION_REF 360284 4813595 31 185.
30.272 14 GPS_SOL 694 694 694 7
30.372 14 WP_MOVED 7 360284.5 4813704. 235. 31
30.406 14 NAVIGATION 4 2 4.5 144.5 0. 144.570053 18 10 10 0 0 0
30.421 14 GPS 3 36029178 481374233 443 225221 1278 -24 0 175872240 31 0
30.473 14 COMMANDS 3029,1526,-91,0
30.474 14 ESTIMATOR 225.328186 -0.24
30.572 14 STATE_FILTER_STATUS 2 3 405
30.572 14 ATTITUDE -0.598877 0.848164 0.079441
30.656 14 NAVIGATION 4 2 7. 147. 0. 147.166565 18 10 10 0 0 0
30.693 14 ENERGY 32 12.5 0.435227 5.440342 0.028439 0.355483
30.694 14 GPS 3 36029367 481374476 378 225158 1283 -50 0 175872480 31 0
30.694 14 SVINFO 6 13 1 6 46 46 326
30.772 14 PPRZ_MODE 2 3 2 2 0 6
30.822 14 DESIRED -0.102294 0.071515 5.601053 -114.5 162.300003 235. 0.290154 13.
30.873 14 ALIVE 158,87,147,219,247,235,138,154,89,223,120,51,202,91,226,10
30.873 14 IR_SENSORS 0 0 35 -149 218
30.874 14 WP_MOVED 8 360269.1875 4813753. 235. 31
30.906 14 NAVIGATION 4 2 8.9375 149. 0. 149.267807 18 10 10 0 0 0
30.922 14 CIRCLE 49.5 100.099998 80.
30.923 14 GPS 3 36029527 481374742 311 225103 1291 -42 0 175872720 31 0
30.972 14 NAVIGATION 4 2 10.53125 152. 0. 149.267807 18 10 10 0 0 0
30.973 14 ESTIMATOR 225.111816 -0.42
31.073 14 AIRSPEED 11.6 0. 0. 0.
31.073 14 ATTITUDE -0.487334 0.608475 0.067052
31.155 14 NAVIGATION 4 2 10.53125 152. 0. 152.36438 19 11 11 0 0 0
31.183 14 GPS 3 36029680 481375072 248 225070 1298 -48 0 175873000 31 0
31.272 14 DATALINK_REPORT 5 6 1123 546 0 0
31.356 14 FBW_STATUS 2 0 1 12.5 0.488004
31.372 14 DL_VALUE 30 100.
31.372 14 WP_MOVED 9 360459.6875 4813680. 235. 31
31.405 14 NAVIGATION 4 2 12.0625 155. 0. 155.468658 19 11 11 0 0 0
31.423 14 GPS 3 36029784 481375367 190 225075 1304 -32 0 175873240 31 0
31.424 14 SVINFO 2 9 0 2 48 10 126
31.473 14 ESTIMATOR 224.947235 -0.32
31.574 14 ATTITUDE -0.363482 0.386688 0.053464
31.656 14 NAVIGATION 4 2 13.09375 158. 0. 158.541626 19 11 11 0 0 0
31.678 14 GPS 3 36029867 481375670 152 225111 1308 -23 0 175873480 31 0
31.772 14 ENERGY 36 12.5 0.513534 6.419179 0.029313 0.36641
31.872 14 DESIRED 0.6 0.0463 5.601053 -114.5 162.300003 235. 0.301583 13.
31.873 14 WP_MOVED 10 360424. 4813592.5 235. 31
31.905 14 NAVIGATION 4 2 13.9375 161.5 0. 162.100296 19 11 11 0 0 0
31.922 14 GPS 3 36029931 481375978 117 225177 1310 -25 0 175873720 31 0
31.923 14 SVINFO 4 11 1 4 47 86 226
31.972 14 CIRCLE 49.5 100.099998 80.
31.973 14 NAVIGATION 4 2 14.5625 164. 0. 162.100296 19 11 11 0 0 0
31.973 14 ESTIMATOR 224.950653 -0.25
32.073 14 IR_SENSORS 0 0 34 -77 252
32.073 14 AIRSPEED 11.6 0. 0. 0.
32.074 14 ATTITUDE -0.233714 0.252684 0.046844
32.156 14 NAVIGATION 4 2 14.5625 164. 0. 164.645279 20 12 12 0 0 0
32.180 14 FBW_STATUS 2 0 1 12.5 0.536253
32.180 14 GPS 3 36029980 481376289 90 225266 1312 -20 0 175873960 31 0
32.181 14 SVINFO 5 12 0 5 46 82 276
32.273 14 CALIBRATION -56.933006 2
32.273 14 GPS_SOL 690 690 690 7
32.372 14 WP_MOVED 11 360234.40625 4813661.5 235. 31
32.406 14 NAVIGATION 4 2 15.0625 167.5 0. 168.175888 20 12 12 0 0 0
32.423 14 GPS 3 36030024 481376654 64 225394 1313 6 0 175874240 31 0
32.472 14 ESTIMATOR 225.053131 0.06
32.572 14 ATTITUDE -0.112941 0.153476 0.039464
32.655 14 NAVIGATION 4 2 15.5 171. 0. 171.70105 20 12 12 0 0 0
32.679 14 GPS 3 36030053 481376968 52 225518 1314 1 0 175874480 31 0
32.872 14 DL_VALUE 31 1.
32.872 14 ENERGY 38 12.5 0.547607 6.845087 0.030295 0.378685
32.872 14 WP_MOVED 0 360326. 4813637. 260. 31
32.906 14 NAVIGATION 4 2 15.78125 174. 0. 174.714188 20 12 12 0 0 0
32.923 14 DESIRED 0.6 0.016906 5.601053 -114.5 162.300003 235. 0.294488 13.
32.924 14 GPS 3 36030077 481377283 44 225648 1313 14 0 175874720 31 0
32.972 14 NAVIGATION 4 2 16. 177.5 0. 174.714188 20 12 12 0 0 0
32.973 14 ESTIMATOR 225.304886 0.14
33.022 14 CIRCLE 49.5 100.099998 80.
33.073 14 AIRSPEED 11.6 0. 0. 0.
33.073 14 ATTITUDE 0.017236 0.116459 0.033811
33.156 14 NAVIGATION 4 2 16. 177.5 0. 178.219666 21 13 13 0 0 0
33.184 14 GPS 3 36030101 481377597 43 225781 1313 16 0 175874960 31 0
33.272 14 IR_SENSORS 0 0 32 1 264
33.357 14 FBW_STATUS 2 0 1 12.5 0.551465
33.373 14 WP_MOVED 1 360284. 4813595. 260. 31
33.406 14 NAVIGATION 4 2 16.25 180.5 0. 181.229996 21 13 13 0 0 0
33.421 14 GPS 3 36030133 481377964 50 225931 1313 22 0 175875240 31 0
33.422 14 SVINFO 3 10 1 3 47 54 177
33.472 14 ESTIMATOR 225.605728 0.22
33.573 14 ATTITUDE 0.13495 0.126746 0.030063
33.658 14 NAVIGATION 4 2 16.5625 184. 0. 184.743927 21 13 13 0 0 0
33.706 14 GPS 3 36030166 481378277 61 226050 1314 25 0 175875480 31 0
33.872 14 WP_MOVED 2 360333.5 4813695. 235. 31
33.906 14 NAVIGATION 4 2 16.9375 187. 0. 187.765488 21 13 13 0 0 0
33.923 14 GPS 3 36030210 481378590 80 226159 1315 11 0 175875720 31 0
33.973 14 ENERGY 38 12.5 0.552385 6.904808 0.031304 0.391295
33.973 14 DESIRED 0.6 0.038645 5.601053 -114.5 162.300003 235. 0.277177 13.
33.973 14 NAVIGATION 4 2 17.34375 190.5 0. 187.765488 21 13 13 0 0 0
33.973 14 ESTIMATOR 225.909531 0.11
34.072 14 CIRCLE 49.5 100.099998 80.
34.072 14 AIRSPEED 11.6 0. 0. 0.
34.073 14 ATTITUDE 0.26544 0.181962 0.028493
34.156 14 NAVIGATION 4 2 17.34375 190.5 0. 191.287888 22 14 14 0 0 0
34.171 14 FBW_STATUS 2 0 1 12.5 0.555882
34.172 14 GPS 3 36030268 481378901 104 226256 1317 10 0 175875960 31 0
34.172 14 SVINFO 6 13 1 6 45 40 328
34.272 14 GPS_SOL 685 685 685 7
34.372 14 CALIBRATION -79.03273 0
34.372 14 DL_VALUE 32 0.
34.373 14 WP_MOVED 3 360461.40625 4813640. 215. 31
34.405 14 NAVIGATION 4 2 17.9375 193.5 0. 194.32962 22 14 14 0 0 0
34.422 14 GPS 3 36030357 481379260 144 226353 1321 36 0 175876240 31 0
34.472 14 IR_SENSORS 0 0 30 79 252
34.472 14 ESTIMATOR 226.123398 0.36
34.572 14 ATTITUDE 0.38698 0.301938 0.032162
34.656 14 NAVIGATION 4 2 18.8125 197. 0. 197.89621 22 14 14 0 0 0
34.673 14 GPS 3 36030455 481379562 181 226422 1324 23 0 175876480 31 0
34.673 14 SVINFO 1 8 1 1 48 0 78
34.872 14 WP_MOVED 4 360312.8125 4813652. 185. 31
34.906 14 NAVIGATION 4 2 19.8125 200. 0. 200.978943 22 14 14 0 0 0
34.923 14 GPS 3 36030578 481379856 227 226479 1327 21 0 175876720 31 0
34.972 14 NAVIGATION 4 2 21. 203. 0. 200.978943 22 14 14 0 0 0
34.973 14 ESTIMATOR 226.364197 0.21
35.022 14 DESIRED 0.6 0.06565 5.601053 -114.5 162.300003 235. 0.26199 13.
35.073 14 ENERGY 38 12.5 0.554041 6.925511 0.03232 0.404001
35.073 14 AIRSPEED 11.6 0. 0. 0.
35.073 14 ATTITUDE 0.509532 0.453286 0.046386
35.123 14 CIRCLE 49.5 100.099998 80.
35.156 14 NAVIGATION 4 2 21. 203. 0. 204.083313 23 15 15 0 0 0
35.172 14 GPS 3 36030729 481380138 280 226522 1331 26 0 175876960 31 0
35.255 14 COMMANDS 3733,424,251,0
35.356 14 FBW_STATUS 2 0 1 12.5 0.553121
35.373 14 WP_MOVED 5 360452.8125 4813581. 260. 31
35.406 14 NAVIGATION 4 2 22.53125 206. 0. 207.228516 23 15 15 0 0 0
35.423 14 GPS 3 36030941 481380446 355 226557 1336 20 0 175877240 31 0
35.424 14 SVINFO 4 11 0 4 46 88 228
35.472 14 COMMANDS 3736,195,208,0
35.473 14 ESTIMATOR 226.521164 0.2
35.577 14 STATE_FILTER_STATUS 2 3 393
35.578 14 ATTITUDE 0.587628 0.686841 0.056472
35.655 14 NAVIGATION 4 2 24.65625 209. 0. 210.449356 23 15 15 0 0 0
35.672 14 IR_SENSORS 0 0 34 135 227
35.672 14 GPS 3 36031154 481380686 415 226578 1340 12 0 175877480 31 0
35.673 14 SVINFO 5 12 1 5 45 78 278
35.772 14 PPRZ_MODE 2 3 2 2 0 6
35.872 14 ALIVE 158,87,147,219,247,235,138,154,89,223,120,51,202,91,226,10
35.872 14 DL_VALUE 33 0.
35.872 14 WP_MOVED 6 360169.5 4813757.5 260. 31
35.906 14 NAVIGATION 4 2 26.78125 211. 0. 212.69281 23 15 15 0 0 0
35.922 14 GPS 3 36031396 481380901 484 226597 1345 -1 0 175877720 31 0
35.923 14 SVINFO 6 13 1 6 44 37 329
35.972 14 NAVIGATION 4 2 29.21875 213.5 0. 212.69281 23 15 15 0 0 0
35.973 14 ESTIMATOR 226.601395 -0.01
36.071 14 DESIRED 0.6 0.075615 5.601053 -114.5 162.300003 235. 0.252812 13.
36.072 14 AIRSPEED 11.6 0. 0. 0.
36.072 14 ATTITUDE 0.604552 0.916028 0.070698
36.155 14 NAVIGATION 4 2 29.21875 213.5 0. 215.490097 24 16 16 0 0 0
36.172 14 FBW_STATUS 2 0 1 12.5 0.566222
36.172 14 ENERGY 39 12.5 0.565667 7.070833 0.03334 0.416752
36.172 14 CIRCLE 49.5 100.099998 80.
36.173 14 GPS 3 36031662 481381085 552 226621 1349 -4 0 175877960 31 0
36.173 14 SVINFO 0 7 0 0 48 24 29
36.271 14 GPS_SOL 678 678 678 7
36.373 14 DATALINK_REPORT 10 6 1253 546 0 0
36.374 14 WP_MOVED 7 360284.5 4813704. 235. 31
36.406 14 NAVIGATION 4 2 31.875 215.5 0. 217.844589 24 16 16 0 0 0
36.423 14 GPS 3 36031998 481381259 637 226662 1353 2 0 175878240 31 0
36.473 14 CALIBRATION -91.504105 0
36.473 14 ESTIMATOR 226.611908 0.02
36.562 14 WIND_INFO 14 5 -0.9 -0.5 0. 13.8
36.573 14 ATTITUDE 0.604552 1.18605 0.075011
36.656 14 NAVIGATION 4 2 35.25 217. 0. 219.844406 24 16 16 0 0 0
36.672 14 GPS 3 36032304 481381370 700 226711 1355 0 0 175878480 31 0
36.672 14 SVINFO 2 9 1 2 47 17 129
36.873 14 IR_SENSORS 0 0 38 136 226
36.873 14 WP_MOVED 8 360269.1875 4813753. 235. 31
36.906 14 NAVIGATION 4 2 38.28125 218.5 0. 221.828094 24 16 16 0 0 0
36.946 14 GPS 3 36032621 481381445 768 226771 1357 -3 0 175878720 31 0
36.946 14 SVINFO 3 10 0 3 46 60 179
36.971 14 NAVIGATION 4 2 41.4375 219. 0. 221.828094 24 16 16 0 0 0
36.972 14 ESTIMATOR 226.674469 -0.03
37.072 14 AIRSPEED 13.8 0. 0. 0.
37.072 14 ATTITUDE 0.604552 1.321483 0.079317
37.123 14 DESIRED 0.6 0.075173 5.601053 -114.5 162.300003 235. 0.250767 13.
37.156 14 NAVIGATION 4 2 41.4375 219. 0. 222.885773 25 17 17 0 0 0
37.173 14 GPS 3 36032945 481381481 836 226842 1359 10 0 175878960 31 0
37.224 14 CIRCLE 49.5 100.099998 80.
37.273 14 ENERGY 41 12.5 0.590025 7.375316 0.034402 0.430026
37.356 14 FBW_STATUS 2 0 1 12.5 0.591521
37.374 14 DL_VALUE 34 80.
37.374 14 WP_MOVED 9 360459.6875 4813680. 235. 31
37.409 14 NAVIGATION 4 2 44.6875 219. 0. 223.512802 25 17 17 0 0 0
37.422 14 GPS 3 36033326 481381475 920 226934 1360 17 0 175879240 31 0
37.472 14 ESTIMATOR 226.787582 0.17
37.573 14 ATTITUDE 0.601297 1.570356 0.079317
37.656 14 NAVIGATION 4 2 48.53125 219. 0. 224.312912 25 17 17 0 0 0
37.673 14 GPS 3 36033650 481381428 982 227020 1361 15 0 175879480 31 0
37.873 14 WP_MOVED 10 360424. 4813592.5 235. 31
37.905 14 NAVIGATION 4 2 51.71875 219. 0. 225.024063 25 17 17 0 0 0
37.922 14 GPS 3 36033965 481381343 1050 227110 1361 12 0 175879720 31 0
37.972 14 NAVIGATION 4 2 54.875 218. 0. 225.024063 25 17 17 0 0 0
37.973 14 ESTIMATOR 226.966141 0.12
38.073 14 IR_SENSORS 0 0 38 135 226
38.074 14 AIRSPEED 13.8 0. 0. 0.
38.074 14 ATTITUDE 0.601297 1.78346 0.079317
38.157 14 NAVIGATION 4 2 54.875 218. 0. 224.800507 26 18 18 0 0 0
38.171 14 FBW_STATUS 2 0 1 12.5 0.5977
38.172 14 DESIRED 0.6 0.074686 5.601053 -114.5 162.300003 235. 0.241016 13.
38.172 14 GPS 3 36034268 481381222 1117 227202 1361 26 0 175879960 31 0
38.172 14 SVINFO 1 8 1 1 47 0 80
38.271 14 GPS_SOL 670 670 670 7
38.272 14 CIRCLE 49.5 100.099998 80.
38.374 14 ENERGY 41 12.5 0.594702 7.433776 0.035491 0.443636
38.374 14 WP_MOVED 11 360234.40625 4813661.5 235. 31
38.406 14 NAVIGATION 4 2 57.9375 216.5 0. 224.118286 26 18 18 0 0 0
38.422 14 GPS 3 36034602 481381036 1201 227312 1361 25 0 175880240 31 0
38.473 14 ESTIMATOR 227.164917 0.25
38.571 14 CALIBRATION -108.124214 0
38.571 14 ATTITUDE 0.601297 2.035302 0.079317
38.659 14 NAVIGATION 4 2 61.25 214.5 0. 223.073563 26 18 18 0 0 0
38.693 14 GPS 3 36034865 481380843 1263 227406 1361 51 0 175880480 31 0
38.873 14 DL_VALUE 35 0.
38.873 14 WP_MOVED 0 360326. 4813637. 260. 31
38.905 14 NAVIGATION 4 2 63.875 213. 0. 222.371353 26 18 18 0 0 0
38.924 14 GPS 3 36035104 481380620 1330 227500 1361 46 0 175880720 31 0
38.925 14 SVINFO 4 11 1 4 45 89 230
38.972 14 NAVIGATION 4 2 66.28125 210.5 0. 222.371353 26 18 18 0 0 0
38.973 14 ESTIMATOR 227.4263 0.46
39.074 14 AIRSPEED 13.8 0. 0. 0.
39.075 14 ATTITUDE 0.567343 2.251616 0.076472
39.157 14 NAVIGATION 4 2 66.28125 210.5 0. 220.688583 27 19 19 0 0 0
39.175 14 GPS 3 36035315 481380372 1395 227596 1359 51 0 175880960 31 0
39.179 14 SVINFO 5 12 1 5 44 73 280
39.222 14 DESIRED 0.161867 0.066733 5.601053 -114.5 162.300003 235. 0.227211 13.
39.272 14 NAVIGATION_REF 360284 4813595 31 185.
39.272 14 IR_SENSORS 0 0 37 116 236
39.323 14 CIRCLE 49.5 100.099998 80.
39.360 14 FBW_STATUS 2 0 1 12.5 0.570296
39.372 14 WP_MOVED 1 360284. 4813595. 260. 31
39.406 14 NAVIGATION 4 2 68.40625 208.5 0. 219.434875 27 19 19 0 0 0
39.422 14 GPS 3 36035529 481380057 1467 227724 1357 74 0 175881240 31 0
39.423 14 SVINFO 6 13 0 6 43 31 331
39.472 14 ENERGY 39 12.5 0.562709 7.033858 0.03656 0.456994
39.473 14 ESTIMATOR 227.69342 0.74
39.573 14 ATTITUDE 0.448275 2.486708 0.063226
39.655 14 NAVIGATION 4 2 70.53125 205. 0. 216.794037 27 19 19 0 0 0
39.673 14 GPS 3 36035685 481379772 1513 227853 1353 59 0 175881480 31 0
39.872 14 WP_MOVED 2 360333.5 4813695. 235. 31
39.905 14 NAVIGATION 4 2 72.09375 202.5 0. 214.950592 27 19 19 0 0 0
39.923 14 GPS 3 36035818 481379477 1556 228000 1348 82 0 175881720 31 0
39.971 14 NAVIGATION 4 2 73.40625 199.5 0. 214.950592 27 19 19 0 0 0
39.972 14 ESTIMATOR 228.014404 0.82
40.073 14 AIRSPEED 13.8 0. 0. 0.
40.073 14 ATTITUDE 0.317052 2.640194 0.053528
40.158 14 NAVIGATION 4 2 73.40625 199.5 0. 212.576401 28 20 20 0 0 0
40.178 14 FBW_STATUS 2 0 1 12.5 0.525683
40.179 14 GPS 3 36035932 481379176 1592 228160 1341 86 0 175881960 31 0
40.179 14 SVINFO 2 9 1 2 46 22 131
40.256 14 COMMANDS 3541,-6580,-150,0
40.273 14 GPS_SOL 661 661 661 7
40.273 14 DESIRED -0.6 0.038597 5.601053 -114.5 162.300003 235. 0.209568 13.
40.373 14 DL_VALUE 36 2.
40.373 14 CIRCLE 49.5 100.099998 80.
40.373 14 WP_MOVED 3 360461.40625 4813640. 215. 31
40.406 14 NAVIGATION 4 2 75.6875 192.5 0. 206.844986 28 20 20 0 0 0
40.424 14 GPS 3 36036044 481378820 1629 228357 1330 116 0 175882240 31 0
40.425 14 SVINFO 3 10 1 3 45 66 181
40.472 14 COMMANDS 3419,-6205,-207,0
40.473 14 IR_SENSORS 0 0 36 40 260
40.473 14 ESTIMATOR 228.403168 1.16
40.572 14 STATE_FILTER_STATUS 2 3 331
40.572 14 ENERGY 35 12.5 0.49015 6.126872 0.037536 0.469199
40.572 14 ATTITUDE 0.196136 2.766637 0.046038
40.656 14 NAVIGATION 4 2 76.53125 190. 0. 204.834152 28 20 20 0 0 0
40.672 14 AUTOPILOT_VERSION 51500 v5.15_devel-179-g9a29798-dirty
40.673 14 CALIBRATION -47.563793 0
40.674 14 GPS 3 36036127 481378514 1649 228527 1321 119 0 175882480 31 0
40.674 14 SVINFO 4 11 1 4 44 89 231
40.773 14 PPRZ_MODE 2 3 2 2 0 6
40.872 14 ALIVE 158,87,147,219,247,235,138,154,89,223,120,51,202,91,226,10
40.873 14 WP_MOVED 4 360312.8125 4813652. 185. 31
40.905 14 NAVIGATION 4 2 77.25 186.5 0. 201.865829 28 20 20 0 0 0
40.922 14 GPS 3 36036200 481378208 1665 228691 1311 115 0 175882720 31 0
40.973 14 NAVIGATION 4 2 77.25 186.5 0. 201.865829 28 20 20 0 0 0
40.973 14 ESTIMATOR 228.881927 1.15
41.072 14 AIRSPEED 13.8 0. 0. 0.
41.072 14 ATTITUDE 0.066634 2.830036 0.041298
41.156 14 NAVIGATION 4 2 77.9375 183.5 0. 199.36525 29 21 21 0 0 0
41.171 14 GPS 3 36036267 481377903 1675 228844 1300 107 0 175882960 31 0
41.172 14 SVINFO 6 13 1 6 42 28 332
41.323 14 DESIRED -0.6 0.009877 5.601053 -114.5 162.300003 235. 0.177426 13.
41.357 14 FBW_STATUS 2 0 1 12.5 0.417533
41.372 14 WP_MOVED 5 360452.8125 4813581. 260. 31
41.406 14 NAVIGATION 4 2 78.6875 180. 0. 196.447754 29 21 21 0 0 0
41.424 14 CIRCLE 49.5 100.099998 80.
41.424 14 GPS 3 36036342 481377550 1679 228999 1287 70 0 175883240 31 0
41.425 14 SVINFO 0 7 0 0 47 16 32
41.472 14 DATALINK_REPORT 5 7 1386 564 0 0
41.473 14 ESTIMATOR 229.262238 0.7
41.576 14 ATTITUDE -0.051175 2.853487 0.034269
41.655 14 NAVIGATION 4 2 79.34375 177. 0. 193.970184 29 21 21 0 0 0
41.672 14 IR_SENSORS 0 0 31 -38 261
41.672 14 ENERGY 30 12.5 0.405138 5.064231 0.038344 0.479295
41.672 14 GPS 3 36036408 481377250 1676 229107 1279 42 0 175883480 31 0
41.872 14 DL_VALUE 37 0.
41.873 14 WP_MOVED 6 360169.5 4813757.5 260. 31
41.910 14 NAVIGATION 4 2 80.0625 174. 0. 191.535904 29 21 21 0 0 0
41.927 14 GPS 3 36036479 481376953 1666 229189 1272 35 0 175883720 31 0
41.972 14 NAVIGATION 4 2 80.0625 174. 0. 191.535904 29 21 21 0 0 0
41.972 14 ESTIMATOR 229.388397 0.35
42.072 14 AIRSPEED 13.8 0. 0. 0.
42.072 14 ATTITUDE -0.17389 2.828921 0.025099
42.157 14 NAVIGATION 4 2 80.8125 171. 0. 189.133972 30 22 22 0 0 0
42.172 14 FBW_STATUS 2 0 1 12.5 0.398458
42.173 14 GPS 3 36036557 481376659 1650 229246 1267 32 0 175883960 31 0
42.273 14 GPS_SOL 651 651 651 7
42.373 14 DESIRED -0.6 0.034722 5.601053 -114.5 162.300003 235. 0.167495 13.
42.373 14 WP_MOVED 7 360284.5 4813704. 235. 31
42.407 14 NAVIGATION 4 2 81.875 167.5 0. 186.439713 30 22 22 0 0 0
42.423 14 GPS 3 36036664 481376321 1620 229279 1264 28 0 175884240 31 0
42.472 14 CIRCLE 49.5 100.099998 80.
42.472 14 ESTIMATOR 229.440857 0.28
42.572 14 ATTITUDE -0.305703 2.746922 0.026067
42.656 14 NAVIGATION 4 2 82.96875 165. 0. 184.685715 30 22 22 0 0 0
42.672 14 GPS 3 36036772 481376038 1591 229281 1264 17 0 175884480 31 0
42.673 14 SVINFO 5 12 1 5 43 68 282
42.773 14 CALIBRATION 11.731131 0
42.773 14 ENERGY 29 12.5 0.39453 4.931629 0.039075 0.488434
42.873 14 IR_SENSORS 0 0 28 -114 238
42.874 14 WP_MOVED 8 360269.1875 4813753. 235. 31
42.913 14 NAVIGATION 4 2 84.25 162.5 0. 183.04184 30 22 22 0 0 0
42.922 14 GPS 3 36036899 481375762 1553 229260 1265 19 0 175884720 31 0
42.973 14 NAVIGATION 4 2 84.25 162.5 0. 183.04184 30 22 22 0 0 0
42.973 14 ESTIMATOR 229.434082 0.19
43.073 14 AIRSPEED 13.8 0. 0. 0.
43.073 14 ATTITUDE -0.434701 2.629842 0.032842
43.156 14 NAVIGATION 4 2 85.71875 159.5 0. 181.074448 31 23 23 0 0 0
43.173 14 GPS 3 36037047 481375496 1508 229219 1268 16 0 175884960 31 0
43.357 14 FBW_STATUS 2 0 1 12.5 0.39453
43.372 14 DL_VALUE 38 0.
43.372 14 WP_MOVED 9 360459.6875 4813680. 235. 31
43.407 14 NAVIGATION 4 2 87.78125 156.5 0. 179.437439 31 23 23 0 0 0
43.422 14 DESIRED -0.564877 0.062378 5.601053 -114.5 162.300003 235. 0.16876 13.
43.423 14 GPS 3 36037251 481375204 1441 229145 1273 -7 0 175885240 31 0
43.423 14 SVINFO 1 8 1 1 46 0 83
43.473 14 ESTIMATOR 229.37468 -0.07
43.522 14 CIRCLE 49.5 100.099998 80.
43.572 14 ATTITUDE -0.539845 2.436007 0.044985
43.656 14 NAVIGATION 4 2 89.8125 154.5 0. 178.707962 31 23 23 0 0 0
43.672 14 GPS 3 36037454 481374974 1385 229062 1278 -18 0 175885480 31 0
43.673 14 SVINFO 2 9 1 2 45 28 133
43.873 14 ENERGY 30 12.5 0.410809 5.135115 0.039805 0.497559
43.873 14 WP_MOVED 10 360424. 4813592.5 235. 31
43.907 14 NAVIGATION 4 2 92.09375 152.5 0. 178.150238 31 23 23 0 0 0
43.922 14 GPS 3 36037684 481374768 1319 228968 1284 -25 0 175885720 31 0
43.922 14 SVINFO 3 10 1 3 44 71 183
43.972 14 NAVIGATION 4 2 92.09375 152.5 0. 178.150238 31 23 23 0 0 0
43.972 14 ESTIMATOR 229.167374 -0.25
44.072 14 IR_SENSORS 0 0 31 -150 217
44.072 14 AIRSPEED 13.8 0. 0. 0.
44.072 14 ATTITUDE -0.541994 2.229205 0.054631
44.163 14 NAVIGATION 4 2 94.625 150.5 0. 177.775528 32 24 24 0 0 0
44.176 14 FBW_STATUS 2 0 1 12.5 0.424106
44.176 14 GPS 3 36037936 481374588 1254 228876 1291 -26 0 175885960 31 0
44.177 14 SVINFO 4 11 1 4 43 89 233
44.274 14 GPS_SOL 640 640 640 7
44.372 14 WP_MOVED 11 360234.40625 4813661.5 235. 31
44.406 14 NAVIGATION 4 2 97.78125 148.5 0. 177.801636 32 24 24 0 0 0
44.423 14 GPS 3 36038253 481374411 1183 228798 1298 -17 0 175886240 31 0
44.424 14 SVINFO 5 12 1 5 42 65 283
44.472 14 DESIRED 0.35724 0.054916 5.601053 -114.5 162.300003 235. 0.181979 13.
44.473 14 ESTIMATOR 228.934021 -0.17
44.573 14 CIRCLE 49.5 100.099998 80.
44.573 14 ATTITUDE -0.417763 2.001315 0.048643
44.655 14 NAVIGATION 4 2 100.65625 147. 0. 178.159134 32 24 24 0 0 0
44.672 14 GPS 3 36038539 481374284 1139 228770 1302 0 0 175886480 31 0
44.672 14 SVINFO 6 13 1 6 41 22 334
44.872 14 CALIBRATION -17.679424 0
44.872 14 DL_VALUE 39 0.
44.872 14 WP_MOVED 0 360326. 4813637. 260. 31
44.905 14 NAVIGATION 4 2 103.5625 146.5 0. 179.408585 32 24 24 0 0 0
44.921 14 GPS 3 36038833 481374178 1098 228779 1303 35 0 175886720 31 0
44.922 14 SVINFO 0 7 0 0 46 12 34
44.973 14 ENERGY 32 12.5 0.439589 5.494857 0.040597 0.507454
44.973 14 NAVIGATION 4 2 103.5625 146.5 0. 179.408585 32 24 24 0 0 0
44.973 14 ESTIMATOR 228.839417 0.35
45.072 14 AIRSPEED 13.8 0. 0. 0.
45.072 14 ATTITUDE -0.290159 1.860026 0.04555
45.157 14 NAVIGATION 4 2 106.5625 145.5 0. 180.349152 33 25 25 0 0 0
45.172 14 GPS 3 36039133 481374090 1064 228820 1301 32 0 175886960 31 0
45.173 14 SVINFO 1 8 0 1 45 1 84
45.257 14 COMMANDS 3075,6369,-100,0
45.273 14 IR_SENSORS 0 0 33 -78 252
45.358 14 FBW_STATUS 2 0 1 12.5 0.434008
45.372 14 WP_MOVED 1 360284. 4813595. 260. 31
45.405 14 NAVIGATION 4 2 110.125 144.5 0. 181.680389 33 25 25 0 0 0
45.421 14 GPS 3 36039486 481374005 1030 228899 1297 38 0 175887240 31 0
45.471 14 COMMANDS 3051,5990,-145,0
45.471 14 ESTIMATOR 228.958771 0.38
45.521 14 DESIRED 0.6 0.027652 5.601053 -114.5 162.300003 235. 0.181237 13.
45.572 14 STATE_FILTER_STATUS 2 3 349
45.572 14 ATTITUDE -0.167388 1.748795 0.040933
45.622 14 CIRCLE 49.5 100.099998 80.
45.656 14 NAVIGATION 4 2 113.15625 144. 0. 183.140213 33 25 25 0 0 0
45.672 14 GPS 3 36039790 481373944 1012 228984 1292 30 0 175887480 31 0
45.778 14 PPRZ_MODE 2 3 2 2 0 6
45.872 14 ALIVE 158,87,147,219,247,235,138,154,89,223,120,51,202,91,226,10
45.872 14 WP_MOVED 2 360333.5 4813695. 235. 31
45.907 14 NAVIGATION 4 2 116.21875 143.5 0. 184.659271 33 25 25 0 0 0
45.922 14 GPS 3 36040094 481373891 999 229077 1286 48 0 175887720 31 0
45.973 14 NAVIGATION 4 2 116.21875 143.5 0. 184.659271 33 25 25 0 0 0
45.973 14 ESTIMATOR 229.102142 0.48
46.073 14 ENERGY 30 12.5 0.419088 5.238594 0.041386 0.517325
46.073 14 AIRSPEED 13.8 0. 0. 0.
46.073 14 ATTITUDE -0.036081 1.697084 0.038028
46.156 14 NAVIGATION 4 2 119.25 143. 0. 186.197647 34 26 26 0 0 0
46.171 14 FBW_STATUS 2 0 1 12.5 0.415979
46.172 14 GPS 3 36040398 481373842 992 229171 1280 43 0 175887960 31 0
46.272 14 GPS_SOL 629 629 629 7
46.373 14 DL_VALUE 40 0.
46.373 14 WP_MOVED 3 360461.40625 4813640. 215. 31
46.406 14 NAVIGATION 4 2 122.78125 142.5 0. 188.09967 34 26 26 0 0 0
46.421 14 GPS 3 36040750 481373785 992 229271 1273 27 0 175888240 31 0
46.422 14 SVINFO 6 13 1 6 40 19 335
46.471 14 IR_SENSORS 0 0 32 0 264
46.472 14 ESTIMATOR 229.30481 0.27
46.564 14 WIND_INFO 14 5 -0.4 0.2 0. 13.3
46.572 14 DATALINK_REPORT 0 8 1515 538 0 0
46.572 14 DESIRED 0.6 0.01706 5.601053 -114.5 162.300003 235. 0.170856 13.
46.573 14 ATTITUDE 0.081769 1.684763 0.029623
46.655 14 NAVIGATION 4 2 125.71875 142. 0. 189.655487 34 26 26 0 0 0
46.672 14 CIRCLE 49.5 100.099998 80.
46.672 14 GPS 3 36041050 481373733 998 229344 1269 30 0 175888480 31 0
46.873 14 WP_MOVED 4 360312.8125 4813652. 185. 31
46.907 14 NAVIGATION 4 2 128.71875 141. 0. 190.917557 34 26 26 0 0 0
46.922 14 GPS 3 36041348 481373674 1011 229400 1266 -1 0 175888720 31 0
46.972 14 CALIBRATION 2.422346 0
46.973 14 NAVIGATION 4 2 128.71875 141. 0. 190.917557 34 26 26 0 0 0
46.973 14 ESTIMATOR 229.429749 -0.01
47.072 14 AIRSPEED 13.3 0. 0. 0.
47.073 14 ATTITUDE 0.21116 1.774894 0.027174
47.157 14 NAVIGATION 4 2 131.6875 140.5 0. 192.566483 35 27 27 0 0 0
47.173 14 ENERGY 30 12.5 0.413048 5.163097 0.04214 0.526747
47.174 14 GPS 3 36041644 481373605 1031 229438 1264 -16 0 175888960 31 0
47.174 14 SVINFO 2 9 0 2 44 34 135
47.355 14 FBW_STATUS 2 0 1 12.5 0.420644
47.372 14 WP_MOVED 5 360452.8125 4813581. 260. 31
47.407 14 NAVIGATION 4 2 135.09375 139.5 0. 194.192093 35 27 27 0 0 0
47.422 14 GPS 3 36041984 481373507 1065 229459 1265 -9 0 175889240 31 0
47.423 14 SVINFO 3 10 0 3 43 76 185
47.473 14 ESTIMATOR 229.407745 -0.09
47.573 14 ATTITUDE 0.331747 1.865331 0.026415
47.623 14 DESIRED 0.6 0.044953 5.601053 -114.5 162.300003 235. 0.167768 13.
47.656 14 NAVIGATION 4 2 137.96875 138.5 0. 195.493286 35 27 27 0 0 0
47.673 14 IR_SENSORS 0 0 29 78 252
47.673 14 GPS 3 36042271 481373404 1097 229458 1268 -17 0 175889480 31 0
47.673 14 SVINFO 4 11 0 4 42 88 235
47.722 14 CIRCLE 49.5 100.099998 80.
47.873 14 DL_VALUE 41 0.
47.873 14 WP_MOVED 6 360169.5 4813757.5 260. 31
47.907 14 NAVIGATION 4 2 140.78125 137.5 0. 196.788239 35 27 27 0 0 0
47.922 14 GPS 3 36042550 481373281 1138 229440 1272 -30 0 175889720 31 0
47.922 14 SVINFO 5 12 1 5 41 60 285
47.972 14 NAVIGATION 4 2 140.78125 137.5 0. 196.788239 35 27 27 0 0 0
47.973 14 ESTIMATOR 229.381622 -0.3
48.073 14 AIRSPEED 13.3 0. 0. 0.
48.073 14 ATTITUDE 0.463744 1.988859 0.031513
48.157 14 NAVIGATION 4 2 143.4375 135.5 0. 197.318436 36 28 28 0 0 0
48.172 14 FBW_STATUS 2 0 1 12.5 0.448515
48.173 14 GPS 3 36042819 481373133 1187 229407 1278 -51 0 175889960 31 0
48.272 14 NAVIGATION_REF 360284 4813595 31 185.
48.277 14 GPS_SOL 616 616 616 7
48.277 14 ENERGY 33 12.5 0.456776 5.709696 0.042931 0.53664
48.372 14 WP_MOVED 7 360284.5 4813704. 235. 31
48.406 14 NAVIGATION 4 2 146.40625 134. 0. 198.47113 36 28 28 0 0 0
48.422 14 GPS 3 36043115 481372927 1257 229350 1288 -45 0 175890240 31 0
48.422 14 SVINFO 0 7 0 0 45 8 36
48.473 14 ESTIMATOR 229.242203 -0.45
48.573 14 ATTITUDE 0.560365 2.190179 0.045567
48.657 14 NAVIGATION 4 2 148.71875 132. 0. 198.849854 36 28 28 0 0 0
48.673 14 DESIRED 0.6 0.068533 5.601053 -114.5 162.300003 235. 0.174866 13.
48.673 14 GPS 3 36043348 481372721 1316 229291 1296 -46 0 175890480 31 0
48.674 14 SVINFO 1 8 1 1 44 3 86
48.772 14 CIRCLE 49.5 100.099998 80.
48.871 14 IR_SENSORS 0 0 32 134 227
48.872 14 WP_MOVED 8 360269.1875 4813753. 235. 31
48.905 14 NAVIGATION 4 2 150.8125 129.5 0. 198.782944 36 28 28 0 0 0
48.922 14 GPS 3 36043556 481372487 1383 229227 1305 -41 0 175890720 31 0
48.923 14 SVINFO 2 9 1 2 43 37 136
48.971 14 NAVIGATION 4 2 150.8125 129.5 0. 198.782944 36 28 28 0 0 0
48.972 14 ESTIMATOR 229.100052 -0.41
49.072 14 CALIBRATION -55.739613 0
49.073 14 AIRSPEED 13.3 0. 0. 0.
49.073 14 ATTITUDE 0.604552 2.402322 0.057727
49.156 14 NAVIGATION 4 2 152.625 126.5 0. 198.23381 37 29 29 0 0 0
49.172 14 GPS 3 36043735 481372227 1453 229166 1315 -37 0 175890960 31 0
49.173 14 SVINFO 3 10 1 3 42 78 186
49.355 14 FBW_STATUS 2 0 1 12.5 0.518603
49.371 14 DL_VALUE 42 0.
49.372 14 ENERGY 37 12.5 0.518603 6.482543 0.043828 0.54785
49.372 14 WP_MOVED 9 360459.6875 4813680. 235. 31
49.407 14 NAVIGATION 4 2 154.28125 123.5 0. 197.62326 37 29 29 0 0 0
49.422 14 GPS 3 36043904 481371897 1540 229111 1326 -34 0 175891240 31 0
49.423 14 SVINFO 4 11 0 4 41 88 236
49.473 14 ESTIMATOR 228.990143 -0.34
49.572 14 ATTITUDE 0.604552 2.669004 0.06638
49.655 14 NAVIGATION 4 2 155.375 120.5 0. 196.625641 37 29 29 0 0 0
49.672 14 GPS 3 36044011 481371595 1604 229083 1333 -27 0 175891480 31 0
49.673 14 SVINFO 5 12 1 5 40 57 286
49.723 14 DESIRED 0.6 0.072048 5.601053 -114.5 162.300003 235. 0.181474 13.
49.822 14 CIRCLE 49.5 100.099998 80.
49.873 14 WP_MOVED 10 360424. 4813592.5 235. 31
49.906 14 NAVIGATION 4 2 156.0625 117.5 0. 195.350342 37 29 29 0 0 0
49.921 14 GPS 3 36044082 481371282 1673 229074 1339 -37 0 175891720 31 0
49.922 14 SVINFO 6 13 1 6 39 14 337
49.973 14 NAVIGATION 4 2 156.0625 117.5 0. 195.350342 37 29 29 0 0 0
49.973 14 ESTIMATOR 228.932343 -0.37
50.072 14 IR_SENSORS 0 0 36 136 226
50.072 14 AIRSPEED 13.3 0. 0. 0.
50.072 14 ATTITUDE 0.604552 2.89519 0.070698
50.157 14 NAVIGATION 4 2 156.375 114.5 0. 193.812775 38 30 30 0 0 0
50.172 14 FBW_STATUS 2 0 1 12.5 0.558463
50.172 14 GPS 3 36044114 481370961 1742 229085 1344 -41 0 175891960 31 0
50.256 14 COMMANDS 3797,-34,-34,0
50.274 14 GPS_SOL 603 603 603 7
50.372 14 WP_MOVED 11 360234.40625 4813661.5 235. 31
50.406 14 NAVIGATION 4 2 156.28125 110.5 0. 191.400314 38 30 30 0 0 0
50.423 14 GPS 3 36044104 481370583 1827 229117 1349 -49 0 175892240 31 0
50.472 14 COMMANDS 3872,-9,-38,0
50.472 14 ENERGY 40 12.5 0.576792 7.209906 0.044829 0.560364
50.472 14 ESTIMATOR 228.881729 -0.49
50.572 14 STATE_FILTER_STATUS 2 3 398
50.572 14 ATTITUDE 0.601297 3.15996 0.075011
50.656 14 NAVIGATION 4 2 155.78125 107. 0. 188.988876 38 30 30 0 0 0
50.672 14 GPS 3 36044053 481370263 1890 229161 1353 -36 0 175892480 31 0
50.773 14 PPRZ_MODE 2 3 2 2 0 6
50.773 14 DESIRED 0.589601 0.071841 5.601053 -114.5 162.300003 235. 0.184126 13.
50.872 14 ALIVE 158,87,147,219,247,235,138,154,89,223,120,51,202,91,226,10
50.872 14 DL_VALUE 43 0.
50.872 14 CIRCLE 49.5 100.099998 80.
50.872 14 WP_MOVED 0 360326. 4813637. 260. 31
50.907 14 NAVIGATION 4 2 154.875 104. 0. 186.55365 38 30 30 0 0 0
50.922 14 GPS 3 36043964 481369949 1958 229217 1356 -17 0 175892720 31 0
50.973 14 NAVIGATION 4 2 154.875 104. 0. 186.55365 38 30 30 0 0 0
50.974 14 ESTIMATOR 228.886703 -0.17
51.073 14 AIRSPEED 13.3 0. 0. 0.
51.073 14 ATTITUDE 0.592821 3.385354 0.078597
51.156 14 NAVIGATION 4 2 153.65625 101. 0. 183.878342 39 31 31 0 0 0
51.172 14 CALIBRATION -122.278625 0
51.173 14 GPS 3 36043839 481369648 2025 229285 1360 -14 0 175892960 31 0
51.274 14 IR_SENSORS 0 0 38 126 231
51.356 14 FBW_STATUS 2 0 1 12.5 0.612368
51.373 14 WP_MOVED 1 360284. 4813595. 260. 31
51.406 14 NAVIGATION 4 2 151.78125 97.5 0. 180.398987 39 31 31 0 0 0
51.422 14 GPS 3 36043652 481369315 2103 229386 1363 0 0 175893240 31 0
51.423 14 SVINFO 5 12 1 5 39 54 287
51.473 14 ESTIMATOR 229.04158 0.
51.573 14 ENERGY 42 12.5 0.613877 7.673466 0.045931 0.574132
51.574 14 ATTITUDE 0.49072 3.63918 0.066326
51.656 14 NAVIGATION 4 2 149.875 95. 0. 177.44722 39 31 31 0 0 0
51.672 14 DATALINK_REPORT 5 8 1648 557 0 0
51.673 14 GPS 3 36043462 481369048 2154 229499 1364 19 0 175893480 31 0
51.673 14 SVINFO 6 13 1 6 38 12 338
51.772 14 AUTOPILOT_VERSION 51500 v5.15_devel-179-g9a29798-dirty
51.823 14 DESIRED -0.139878 0.052585 5.601053 -114.5 162.300003 235. 0.175226 13.
51.872 14 WP_MOVED 2 360333.5 4813695. 235. 31
51.906 14 NAVIGATION 4 2 147.78125 92.5 0. 174.343185 39 31 31 0 0 0
51.922 14 CIRCLE 49.5 100.099998 80.
51.923 14 GPS 3 36043251 481368798 2201 229640 1363 45 0 175893720 31 0
51.923 14 SVINFO 0 7 0 0 44 4 38
51.971 14 NAVIGATION 4 2 147.78125 92.5 0. 174.343185 39 31 31 0 0 0
51.972 14 ESTIMATOR 229.317978 0.45
52.073 14 AIRSPEED 13.3 0. 0. 0.
52.073 14 ATTITUDE 0.360491 3.810503 0.05909
52.155 14 NAVIGATION 4 2 145.5 90.5 0. 171.34906 40 32 32 0 0 0
52.173 14 FBW_STATUS 2 0 1 12.5 0.600326
52.173 14 GPS 3 36043023 481368564 2242 229805 1360 61 0 175893960 31 0
52.173 14 SVINFO 1 8 0 1 43 6 88
52.271 14 GPS_SOL 589 589 589 7
52.373 14 DL_VALUE 44 160.
52.373 14 WP_MOVED 3 360461.40625 4813640. 215. 31
52.407 14 NAVIGATION 4 2 142.6875 87.5 0. 167.37973 40 32 32 0 0 0
52.422 14 GPS 3 36042742 481368310 2283 230020 1354 56 0 175894240 31 0
52.423 14 SVINFO 2 9 1 2 42 43 138
52.472 14 IR_SENSORS 0 0 36 51 258
52.472 14 ESTIMATOR 229.766785 0.56
52.572 14 ATTITUDE 0.238605 3.954624 0.050845
52.657 14 NAVIGATION 4 2 140.15625 85.5 0. 164.176804 40 32 32 0 0 0
52.673 14 ENERGY 39 12.5 0.575678 7.195969 0.047028 0.587853
52.673 14 GPS 3 36042491 481368105 2307 230214 1348 62 0 175894480 31 0
52.674 14 SVINFO 3 10 1 3 41 82 188
52.871 14 DESIRED -0.6 0.023976 5.601053 -114.5 162.300003 235. 0.150428 13.
52.872 14 WP_MOVED 4 360312.8125 4813652. 185. 31
52.906 14 NAVIGATION 4 2 137.625 83.5 0. 160.974808 40 32 32 0 0 0
52.923 14 GPS 3 36042235 481367910 2327 230410 1341 46 0 175894720 31 0
52.923 14 SVINFO 4 11 1 4 40 85 238
52.972 14 CIRCLE 49.5 100.099998 80.
52.973 14 NAVIGATION 4 2 137.625 83.5 0. 160.974808 40 32 32 0 0 0
52.973 14 ESTIMATOR 230.20993 0.46
53.072 14 AIRSPEED 13.3 0. 0. 0.
53.072 14 ATTITUDE 0.108428 4.032209 0.041298
53.157 14 NAVIGATION 4 2 135. 81.5 0. 157.693527 41 33 33 0 0 0
53.172 14 GPS 3 36041975 481367723 2341 230601 1334 65 0 175894960 31 0
53.272 14 CALIBRATION -96.106659 0
53.356 14 FBW_STATUS 2 0 1 12.5 0.541557
53.373 14 WP_MOVED 5 360452.8125 4813581. 260. 31
53.406 14 NAVIGATION 4 2 131.96875 79.5 0. 154.064926 41 33 33 0 0 0
53.422 14 GPS 3 36041671 481367509 2350 230811 1326 64 0 175895240 31 0
53.473 14 ESTIMATOR 230.623276 0.64
53.573 14 ATTITUDE -0.009286 4.072906 0.033811
53.657 14 NAVIGATION 4 2 129.375 78. 0. 151.069153 41 33 33 0 0 0
53.672 14 IR_SENSORS 0 0 31 -27 262
53.672 14 GPS 3 36041411 481367328 2351 230973 1321 60 0 175895480 31 0
53.673 14 SVINFO 0 7 0 0 43 3 39
53.774 14 ENERGY 36 12.5 0.520417 6.505208 0.048033 0.600413
53.873 14 DL_VALUE 45 0.
53.873 14 WP_MOVED 6 360169.5 4813757.5 260. 31
53.905 14 NAVIGATION 4 2 126.78125 76. 0. 147.815704 41 33 33 0 0 0
53.921 14 DESIRED -0.6 0.016503 5.601053 -114.5 162.300003 235. 0.119499 13.
53.921 14 GPS 3 36041153 481367145 2346 231117 1316 43 0 175895720 31 0
53.921 14 SVINFO 1 8 1 1 42 8 89
53.973 14 NAVIGATION 4 2 126.78125 76. 0. 147.815704 41 33 33 0 0 0
53.973 14 ESTIMATOR 231.016693 0.43
54.022 14 CIRCLE 49.5 100.099998 80.
54.073 14 AIRSPEED 13.3 0. 0. 0.
54.073 14 ATTITUDE -0.139776 4.064217 0.024667
54.155 14 NAVIGATION 4 2 124.25 74. 0. 144.616943 42 34 34 0 0 0
54.171 14 FBW_STATUS 2 0 1 12.5 0.507034
54.172 14 GPS 3 36040900 481366958 2334 231237 1312 24 0 175895960 31 0
54.172 14 SVINFO 2 9 0 2 41 47 139
54.273 14 GPS_SOL 574 574 574 7
54.372 14 WP_MOVED 7 360284.5 4813704. 235. 31
54.407 14 NAVIGATION 4 2 121.375 71.5 0. 140.869232 42 34 34 0 0 0
54.424 14 GPS 3 36040613 481366729 2311 231349 1309 12 0 175896240 31 0
54.426 14 SVINFO 3 10 1 3 40 84 189
54.473 14 ESTIMATOR 231.248077 0.12
54.573 14 ATTITUDE -0.261317 4.002643 0.024269
54.656 14 NAVIGATION 4 2 119. 70. 0. 138.061584 42 34 34 0 0 0
54.673 14 GPS 3 36040377 481366522 2287 231419 1309 2 0 175896480 31 0
54.673 14 SVINFO 4 11 1 4 39 84 239
54.872 14 IR_SENSORS 0 0 27 -104 243
54.872 14 ENERGY 36 12.5 0.508837 6.360468 0.048967 0.612084
54.872 14 WP_MOVED 8 360269.1875 4813753. 235. 31
54.910 14 NAVIGATION 4 2 116.78125 67.5 0. 134.885544 42 34 34 0 0 0
54.922 14 GPS 3 36040152 481366302 2255 231468 1310 -12 0 175896720 31 0
54.924 14 SVINFO 5 12 1 5 38 47 289
54.973 14 DESIRED -0.480212 0.043164 5.601053 -114.5 162.300003 235. 0.109275 13.
54.973 14 NAVIGATION 4 2 116.78125 67.5 0. 134.885544 42 34 34 0 0 0
54.973 14 ESTIMATOR 231.357498 -0.12
55.072 14 CIRCLE 49.5 100.099998 80.
55.072 14 AIRSPEED 13.3 0. 0. 0.
55.072 14 ATTITUDE -0.38728 3.904446 0.025696
55.156 14 NAVIGATION 4 2 114.6875 65.5 0. 132.073746 43 35 35 0 0 0
55.172 14 GPS 3 36039942 481366067 2217 231498 1313 -15 0 175896960 31 0
55.173 14 SVINFO 6 13 0 6 37 8 340
55.261 14 COMMANDS 3546,507,260,0
55.356 14 FBW_STATUS 2 0 1 12.5 0.521142
55.372 14 CALIBRATION -79.552322 0
55.372 14 DL_VALUE 46 0.32
55.373 14 WP_MOVED 9 360459.6875 4813680. 235. 31
55.406 14 NAVIGATION 4 2 112.4375 62. 0. 128.39856 43 35 35 0 0 0
55.422 14 GPS 3 36039721 481365771 2160 231512 1319 -8 0 175897240 31 0
55.472 14 COMMANDS 3567,2458,218,0
55.472 14 ESTIMATOR 231.379593 -0.08
55.572 14 STATE_FILTER_STATUS 2 3 385
55.572 14 ATTITUDE -0.426234 3.737412 0.032332
55.656 14 NAVIGATION 4 2 110.78125 59.5 0. 125.748703 43 35 35 0 0 0
55.673 14 GPS 3 36039553 481365501 2117 231520 1324 -12 0 175897480 31 0
55.773 14 PPRZ_MODE 2 3 2 2 0 6
55.873 14 ALIVE 158,87,147,219,247,235,138,154,89,223,120,51,202,91,226,10
55.874 14 WP_MOVED 10 360424. 4813592.5 235. 31
55.906 14 NAVIGATION 4 2 109.28125 56.5 0. 123.022934 43 35 35 0 0 0
55.923 14 GPS 3 36039405 481365219 2076 231541 1329 -3 0 175897720 31 0
55.973 14 ENERGY 37 12.5 0.53078 6.634751 0.049923 0.624029
55.973 14 NAVIGATION 4 2 109.28125 56.5 0. 123.022934 43 35 35 0 0 0
55.974 14 ESTIMATOR 231.414551 -0.03
56.022 14 DESIRED 0.296814 0.037222 5.601053 -114.5 162.300003 235. 0.107563 13.
56.073 14 IR_SENSORS 0 0 29 -93 247
56.074 14 AIRSPEED 13.3 0. 0. 0.
56.074 14 ATTITUDE -0.297269 3.59077 0.029607
56.123 14 CIRCLE 49.5 100.099998 80.
56.156 14 NAVIGATION 4 2 107.96875 54. 0. 120.719719 44 36 36 0 0 0
56.171 14 FBW_STATUS 2 0 1 12.5 0.533515
56.172 14 GPS 3 36039274 481364927 2042 231585 1332 22 0 175897960 31 0
56.272 14 GPS_SOL 559 559 559 7
56.373 14 WP_MOVED 11 360234.40625 4813661.5 235. 31
56.406 14 NAVIGATION 4 2 106.65625 50.5 0. 118.007652 44 36 36 0 0 0
56.423 14 GPS 3 36039139 481364579 2008 231669 1333 37 0 175898240 31 0
56.424 14 SVINFO 4 11 1 4 38 82 240
56.472 14 ESTIMATOR 231.549194 0.37
56.566 14 WIND_INFO 14 5 -0.2 0. 0. 13.3
56.572 14 ATTITUDE -0.17478 3.472699 0.029389
56.657 14 NAVIGATION 4 2 105.5625 47.5 0. 115.757034 44 36 36 0 0 0
56.672 14 GPS 3 36039034 481364277 1990 231766 1331 44 0 175898480 31 0
56.673 14 SVINFO 5 12 1 5 37 44 290
56.774 14 DATALINK_REPORT 0 9 1782 561 0 0
56.872 14 DL_VALUE 47 0.
56.873 14 WP_MOVED 0 360326. 4813637. 260. 31
56.906 14 NAVIGATION 4 2 104.625 44. 0. 113.500618 44 36 36 0 0 0
56.924 14 GPS 3 36038938 481363974 1976 231878 1327 65 0 175898720 31 0
56.924 14 SVINFO 6 13 0 6 36 6 341
56.973 14 NAVIGATION 4 2 104.625 44. 0. 113.500618 44 36 36 0 0 0
56.973 14 ESTIMATOR 231.807892 0.65
57.072 14 ENERGY 35 12.5 0.497678 6.22097 0.050877 0.635956
57.072 14 DESIRED 0.6 0.009333 5.601053 -114.5 162.300003 235. 0.095763 13.
57.073 14 AIRSPEED 13.3 0. 0. 0.
57.073 14 ATTITUDE -0.043634 3.435648 0.030507
57.157 14 NAVIGATION 4 2 103.6875 41.5 0. 111.684143 45 37 37 0 0 0
57.172 14 CIRCLE 49.5 100.099998 80.
57.172 14 GPS 3 36038845 481363670 1968 231997 1322 62 0 175898960 31 0
57.173 14 SVINFO 0 7 0 0 42 1 41
57.278 14 NAVIGATION_REF 360284 4813595 31 185.
57.278 14 IR_SENSORS 0 0 30 -15 263
57.355 14 FBW_STATUS 2 0 1 12.5 0.482113
57.373 14 WP_MOVED 1 360284. 4813595. 260. 31
57.406 14 NAVIGATION 4 2 102.65625 38. 0. 109.463722 45 37 37 0 0 0
57.422 14 GPS 3 36038739 481363317 1968 232137 1314 46 0 175899240 31 0
57.423 14 SVINFO 1 8 0 1 41 12 91
57.472 14 CALIBRATION -59.195988 0
57.472 14 ESTIMATOR 232.133438 0.46
57.572 14 ATTITUDE 0.070407 3.420189 0.025885
57.657 14 NAVIGATION 4 2 101.6875 34.5 0. 107.380623 45 37 37 0 0 0
57.672 14 GPS 3 36038645 481363017 1973 232247 1309 41 0 175899480 31 0
57.673 14 SVINFO 2 9 1 2 40 53 141
57.872 14 WP_MOVED 2 360333.5 4813695. 235. 31
57.907 14 NAVIGATION 4 2 100.6875 31.5 0. 105.49987 45 37 37 0 0 0
57.922 14 GPS 3 36038546 481362720 1985 232343 1304 30 0 175899720 31 0
57.923 14 SVINFO 3 10 1 3 39 86 191
57.972 14 NAVIGATION 4 2 100.6875 31.5 0. 105.49987 45 37 37 0 0 0
57.973 14 ESTIMATOR 232.348618 0.3
58.072 14 AIRSPEED 13.3 0. 0. 0.
58.072 14 ATTITUDE 0.203656 3.44988 0.019604
58.123 14 DESIRED 0.6 0.026363 5.601053 -114.5 162.300003 235. 0.079541 13.
58.157 14 NAVIGATION 4 2 99.65625 29. 0. 103.790016 46 38 38 0 0 0
58.172 14 FBW_STATUS 2 0 1 12.5 0.459595
58.173 14 ENERGY 33 12.5 0.460124 5.751556 0.051747 0.646838
58.173 14 GPS 3 36038438 481362427 2003 232422 1300 32 0 175899960 31 0
58.224 14 CIRCLE 49.5 100.099998 80.
58.274 14 GPS_SOL 543 543 543 7
58.373 14 DL_VALUE 48 0.01
58.374 14 WP_MOVED 3 360461.40625 4813640. 215. 31
58.407 14 NAVIGATION 4 2 98.21875 25.5 0. 101.474983 46 38 38 0 0 0
58.424 14 GPS 3 36038295 481362093 2037 232490 1297 21 0 175900240 31 0
58.473 14 IR_SENSORS 0 0 28 63 256
58.473 14 ESTIMATOR 232.499817 0.21
58.572 14 ATTITUDE 0.323434 3.541973 0.022099
58.657 14 NAVIGATION 4 2 96.8125 22.5 0. 99.392708 46 38 38 0 0 0
58.672 14 GPS 3 36038156 481361814 2065 232527 1296 9 0 175900480 31 0
58.872 14 WP_MOVED 4 360312.8125 4813652. 185. 31
58.906 14 NAVIGATION 4 2 95.25 20. 0. 97.327087 46 38 38 0 0 0
58.924 14 GPS 3 36037999 481361546 2104 232544 1296 4 0 175900720 31 0
58.925 14 SVINFO 0 7 0 0 41 0 42
58.972 14 NAVIGATION 4 2 95.25 20. 0. 97.327087 46 38 38 0 0 0
58.973 14 ESTIMATOR 232.562073 0.04
59.072 14 AIRSPEED 13.3 0. 0. 0.
59.073 14 ATTITUDE 0.443338 3.660505 0.030553
59.156 14 NAVIGATION 4 2 93.4375 17.5 0. 95.062172 47 39 39 0 0 0
59.173 14 DESIRED 0.6 0.052841 5.601053 -114.5 162.300003 235. 0.07307 13.
59.173 14 GPS 3 36037819 481361292 2151 232542 1298 1 0 175900960 31 0
59.174 14 SVINFO 1 8 1 1 40 14 92
59.286 14 ENERGY 33 12.5 0.454487 5.681091 0.052579 0.657235
59.287 14 CIRCLE 49.5 100.099998 80.
59.356 14 FBW_STATUS 2 0 1 12.5 0.454839
59.373 14 WP_MOVED 5 360452.8125 4813581. 260. 31
59.406 14 NAVIGATION 4 2 91.0625 14.5 0. 92.209702 47 39 39 0 0 0
59.422 14 GPS 3 36037580 481361017 2225 232517 1302 -24 0 175901240 31 0
59.423 14 SVINFO 2 9 1 2 39 56 142
59.473 14 ESTIMATOR 232.554031 -0.24
59.572 14 CALIBRATION -46.216747 0
59.572 14 ATTITUDE 0.551898 3.872269 0.040784
59.656 14 NAVIGATION 4 2 88.71875 12.5 0. 89.595016 47 39 39 0 0 0
59.672 14 IR_SENSORS 0 0 30 128 231
59.673 14 GPS 3 36037348 481360806 2276 232478 1305 -36 0 175901480 31 0
59.673 14 SVINFO 3 10 1 3 38 87 192
59.871 14 DL_VALUE 49 0.1
59.872 14 WP_MOVED 6 360169.5 4813757.5 260. 31
59.906 14 NAVIGATION 4 2 86.15625 10.5 0. 86.793716 47 39 39 0 0 0
59.922 14 GPS 3 36037092 481360623 2343 232427 1310 -43 0 175901720 31 0
59.923 14 SVINFO 4 11 1 4 37 79 242
59.974 14 NAVIGATION 4 2 86.15625 10.5 0. 86.793716 47 39 39 0 0 0
59.974 14 ESTIMATOR 232.406876 -0.43
60.072 14 AIRSPEED 13.3 0. 0. 0.
60.073 14 ATTITUDE 0.604552 4.08096 0.053391
60.156 14 NAVIGATION 4 2 83.40625 9.5 0. 83.945534 48 40 40 0 0 0
60.172 14 FBW_STATUS 2 0 1 12.5 0.491045
60.173 14 GPS 3 36036815 481360471 2412 232373 1317 -45 0 175901960 31 0
60.173 14 SVINFO 5 12 0 5 36 38 292
60.223 14 DESIRED 0.6 0.066997 5.601053 -114.5 162.300003 235. 0.080451 13.
60.255 14 COMMANDS 3423,-34,111,0
60.281 14 GPS_SOL 528 528 528 7
60.321 14 CIRCLE 49.5 100.099998 80.
60.373 14 ENERGY 36 12.5 0.500912 6.261395 0.053449 0.668115
60.373 14 WP_MOVED 7 360284.5 4813704. 235. 31
60.407 14 NAVIGATION 4 2 79.9375 8. 0. 80.336815 48 40 40 0 0 0
60.424 14 GPS 3 36036469 481360337 2505 232316 1326 -53 0 175902240 31 0
60.425 14 SVINFO 6 13 1 6 35 3 343
60.472 14 COMMANDS 3494,-34,112,0
60.472 14 ESTIMATOR 232.234116 -0.53
60.572 14 STATE_FILTER_STATUS 2 3 396
60.573 14 ATTITUDE 0.604552 4.368454 0.062056
60.656 14 NAVIGATION 4 2 76.84375 7. 0. 77.161919 48 40 40 0 0 0
60.673 14 GPS 3 36036159 481360262 2563 232281 1331 -32 0 175902480 31 0
60.789 14 PPRZ_MODE 2 3 2 2 0 6
60.873 14 ALIVE 158,87,147,219,247,235,138,154,89,223,120,51,202,91,226,10
60.873 14 IR_SENSORS 0 0 35 136 226
60.873 14 WP_MOVED 8 360269.1875 4813753. 235. 31
60.905 14 NAVIGATION 4 2 76.84375 7. 0. 77.161919 48 40 40 0 0 0
60.923 14 GPS 3 36035840 481360224 2632 232261 1337 -30 0 175902720 31 0
60.973 14 NAVIGATION 4 2 73.65625 6.5 0. 77.161919 48 40 40 0 0 0
60.974 14 ESTIMATOR 232.117386 -0.3
61.072 14 AIRSPEED 13.3 0. 0. 0.
61.073 14 ATTITUDE 0.604552 4.593438 0.06638
61.156 14 NAVIGATION 4 2 73.65625 6.5 0. 73.942497 49 41 41 0 0 0
61.172 14 GPS 3 36035518 481360225 2701 232257 1341 -39 0 175902960 31 0
61.292 14 DESIRED 0.482217 0.066959 5.601053 -114.5 162.300003 235. 0.086478 13.
61.356 14 FBW_STATUS 2 0 1 12.5 0.545588
61.372 14 DL_VALUE 50 0.
61.373 14 CIRCLE 49.5 100.099998 80.
61.373 14 WP_MOVED 9 360459.6875 4813680. 235. 31
61.406 14 NAVIGATION 4 2 70.4375 6.5 0. 70.736778 49 41 41 0 0 0
61.423 14 GPS 3 36035145 481360275 2792 232272 1346 -19 0 175903240 31 0
61.423 14 SVINFO 3 10 1 3 37 88 193
61.472 14 ENERGY 38 12.5 0.546689 6.833616 0.054415 0.680188
61.473 14 ESTIMATOR 232.069916 -0.19
61.573 14 ATTITUDE 0.565509 4.876519 0.067334
61.655 14 NAVIGATION 4 2 66.6875 7.5 0. 67.107918 49 41 41 0 0 0
61.673 14 CALIBRATION -102.214287 0
61.674 14 GPS 3 36034831 481360357 2846 232306 1348 -4 0 175903480 31 0
61.674 14 SVINFO 4 11 0 4 36 77 243
61.872 14 DATALINK_REPORT 5 9 1916 554 0 0
61.873 14 WP_MOVED 10 360424. 4813592.5 235. 31
61.905 14 NAVIGATION 4 2 63.5625 8. 0. 64.063965 49 41 41 0 0 0
61.923 14 GPS 3 36034528 481360470 2904 232368 1349 11 0 175903720 31 0
61.924 14 SVINFO 5 12 0 5 35 35 293
61.973 14 NAVIGATION 4 2 60.53125 9.5 0. 64.063965 49 41 41 0 0 0
61.973 14 ESTIMATOR 232.157944 0.11
62.072 14 IR_SENSORS 0 0 36 96 245
62.072 14 AIRSPEED 13.3 0. 0. 0.
62.072 14 ATTITUDE 0.444751 5.07373 0.059218
62.155 14 NAVIGATION 4 2 60.53125 9.5 0. 61.272198 50 42 42 0 0 0
62.172 14 FBW_STATUS 2 0 1 12.5 0.550546
62.172 14 GPS 3 36034235 481360608 2954 232462 1348 37 0 175903960 31 0
62.172 14 SVINFO 6 13 1 6 34 2 344
62.272 14 GPS_SOL 512 512 512 7
62.322 14 DESIRED -0.286526 0.043446 5.601053 -114.5 162.300003 235. 0.085262 13.
62.374 14 WP_MOVED 11 360234.40625 4813661.5 235. 31
62.405 14 NAVIGATION 4 2 57.625 10.5 0. 58.573807 50 42 42 0 0 0
62.422 14 CIRCLE 49.5 100.099998 80.
62.422 14 GPS 3 36033909 481360797 3009 232606 1344 52 0 175904240 31 0
62.423 14 SVINFO 0 7 0 0 40 0 44
62.487 14 ESTIMATOR 232.415054 0.52
62.572 14 ENERGY 37 12.5 0.531691 6.646142 0.055418 0.692725
62.572 14 ATTITUDE 0.324414 5.260765 0.053528
62.656 14 NAVIGATION 4 2 54.34375 12.5 0. 55.762829 50 42 42 0 0 0
62.672 14 GPS 3 36033642 481360976 3038 232752 1339 63 0 175904480 31 0
62.673 14 SVINFO 1 8 1 1 39 19 94
62.872 14 AUTOPILOT_VERSION 51500 v5.15_devel-179-g9a29798-dirty
62.872 14 DL_VALUE 51 0.15
62.872 14 WP_MOVED 0 360326. 4813637. 260. 31
62.905 14 NAVIGATION 4 2 51.65625 14. 0. 53.519791 50 42 42 0 0 0
62.922 14 GPS 3 36033386 481361167 3066 232910 1331 73 0 175904720 31 0
62.923 14 SVINFO 2 9 1 2 38 62 144
62.973 14 NAVIGATION 4 2 49.09375 16. 0. 53.519791 50 42 42 0 0 0
62.973 14 ESTIMATOR 232.795364 0.73
63.072 14 AIRSPEED 13.3 0. 0. 0.
63.073 14 ATTITUDE 0.184828 5.36125 0.046038
63.156 14 NAVIGATION 4 2 49.09375 16. 0. 51.635223 51 43 43 0 0 0
63.173 14 GPS 3 36033138 481361366 3088 233071 1323 74 0 175904960 31 0
63.274 14 IR_SENSORS 0 0 34 18 263
63.356 14 FBW_STATUS 2 0 1 12.5 0.480688
63.372 14 DESIRED -0.6 0.014997 5.601053 -114.5 162.300003 235. 0.066139 13.
63.372 14 WP_MOVED 1 360284. 4813595. 260. 31
63.405 14 NAVIGATION 4 2 46.625 18.5 0. 50.161148 51 43 43 0 0 0
63.423 14 GPS 3 36032859 481361605 3108 233254 1312 68 0 175905240 31 0
63.472 14 CIRCLE 49.5 100.099998 80.
63.473 14 ESTIMATOR 233.204071 0.68
63.572 14 ATTITUDE 0.062832 5.435556 0.037556
63.656 14 NAVIGATION 4 2 43.84375 20.5 0. 48.399632 51 43 43 0 0 0
63.672 14 ENERGY 33 12.5 0.462949 5.78686 0.056329 0.704114
63.672 14 GPS 3 36032624 481361813 3115 233399 1304 64 0 175905480 31 0
63.791 14 CALIBRATION -50.594021 0
63.871 14 WP_MOVED 2 360333.5 4813695. 235. 31
63.906 14 NAVIGATION 4 2 41.5 22.5 0. 47.206989 51 43 43 0 0 0
63.922 14 GPS 3 36032392 481362020 3117 233528 1297 55 0 175905720 31 0
63.972 14 NAVIGATION 4 2 39.15625 24.5 0. 47.206989 51 43 43 0 0 0
63.973 14 ESTIMATOR 233.537262 0.55
64.072 14 AIRSPEED 13.3 0. 0. 0.
64.072 14 ATTITUDE -0.066218 5.451798 0.026741
64.156 14 NAVIGATION 4 2 39.15625 24.5 0. 46.189415 52 44 44 0 0 0
64.173 14 FBW_STATUS 2 0 1 12.5 0.436622
64.173 14 GPS 3 36032160 481362225 3113 233635 1290 48 0 175905960 31 0
64.174 14 SVINFO 0 7 0 0 39 0 45
64.272 14 GPS_SOL 496 496 496 7
64.380 14 DL_VALUE 52 0.05
64.381 14 WP_MOVED 3 360461.40625 4813640. 215. 31
64.406 14 NAVIGATION 4 2 36.84375 27. 0. 45.677807 52 44 44 0 0 0
64.423 14 DESIRED -0.6 0.018108 5.601053 -114.5 162.300003 235. 0.040064 13.
64.423 14 GPS 3 36031885 481362457 3099 233730 1283 29 0 175906240 31 0
64.423 14 SVINFO 1 8 1 1 38 21 95
64.473 14 IR_SENSORS 0 0 28 -60 257
64.473 14 ESTIMATOR 233.770523 0.29
64.522 14 CIRCLE 49.5 100.099998 80.
64.573 14 ATTITUDE -0.18582 5.419231 0.021675
64.655 14 NAVIGATION 4 2 34.09375 29. 0. 44.759174 52 44 44 0 0 0
64.672 14 GPS 3 36031644 481362648 3083 233783 1280 9 0 175906480 31 0
64.672 14 SVINFO 2 9 1 2 37 65 145
64.771 14 ENERGY 31 12.5 0.424106 5.301327 0.057131 0.714138
64.872 14 WP_MOVED 4 360312.8125 4813652. 185. 31
64.905 14 NAVIGATION 4 2 31.6875 31. 0. 44.329422 52 44 44 0 0 0
64.922 14 GPS 3 36031396 481362829 3059 233812 1279 -11 0 175906720 31 0
64.922 14 SVINFO 3 10 1 3 36 89 195
64.972 14 NAVIGATION 4 2 29.21875 32.5 0. 44.329422 52 44 44 0 0 0
64.972 14 ESTIMATOR 233.840302 -0.11
65.072 14 AIRSPEED 13.3 0. 0. 0.
65.072 14 ATTITUDE -0.317675 5.34938 0.01846
65.156 14 NAVIGATION 4 2 29.21875 32.5 0. 43.703381 53 45 45 0 0 0
65.171 14 GPS 3 36031138 481362995 3028 233816 1279 -19 0 175906960 31 0
65.172 14 SVINFO 4 11 1 4 35 72 245
65.256 14 COMMANDS 3055,-1248,226,0
65.354 14 FBW_STATUS 2 0 1 12.5 0.433311
65.372 14 WP_MOVED 5 360452.8125 4813581. 260. 31
65.407 14 NAVIGATION 4 2 26.625 34.5 0. 43.579132 53 45 45 0 0 0
65.423 14 GPS 3 36030823 481363168 2976 233794 1283 -36 0 175907240 31 0
65.423 14 SVINFO 5 12 1 5 34 29 295
65.471 14 COMMANDS 3099,-124,257,0
65.472 14 DESIRED -0.420811 0.043884 5.601053 -114.5 162.300003 235. 0.035591 13.
65.472 14 ESTIMATOR 233.773285 -0.36
65.572 14 STATE_FILTER_STATUS 2 3 381
65.572 14 CIRCLE 49.5 100.099998 80.
65.573 14 ATTITUDE -0.4042 5.202566 0.022461
65.655 14 NAVIGATION 4 2 23.5 36. 0. 42.99128 53 45 45 0 0 0
65.672 14 IR_SENSORS 0 0 27 -120 236
65.672 14 GPS 3 36030540 481363293 2939 233757 1287 -47 0 175907480 31 0
65.673 14 SVINFO 6 13 1 6 33 0 346
65.772 14 PPRZ_MODE 2 3 2 2 0 6
65.872 14 ALIVE 158,87,147,219,247,235,138,154,89,223,120,51,202,91,226,10
65.872 14 CALIBRATION -46.090145 0
65.872 14 DL_VALUE 53 0.
65.873 14 ENERGY 33 12.5 0.455895 5.69869 0.057929 0.724112
65.873 14 WP_MOVED 6 360169.5 4813757.5 260. 31
65.905 14 NAVIGATION 4 2 20.65625 37.5 0. 42.81274 53 45 45 0 0 0
65.921 14 GPS 3 36030248 481363397 2894 233715 1293 -53 0 175907720 31 0
65.973 14 NAVIGATION 4 2 17.71875 38.5 0. 42.81274 53 45 45 0 0 0
65.973 14 ESTIMATOR 233.61821 -0.53
66.072 14 AIRSPEED 13.3 0. 0. 0.
66.072 14 ATTITUDE -0.361918 5.057281 0.024302
66.155 14 NAVIGATION 4 2 17.71875 38.5 0. 42.381649 54 46 46 0 0 0
66.172 14 FBW_STATUS 2 0 1 12.5 0.473042
66.172 14 GPS 3 36029947 481363479 2852 233683 1299 -47 0 175907960 31 0
66.273 14 NAVIGATION_REF 360284 4813595 31 185.
66.273 14 GPS_SOL 480 480 480 7
66.373 14 WP_MOVED 7 360284.5 4813704. 235. 31
66.405 14 NAVIGATION 4 2 14.71875 39.5 0. 42.153191 54 46 46 0 0 0
66.423 14 GPS 3 36029588 481363551 2806 233672 1307 -38 0 175908240 31 0
66.423 14 SVINFO 2 9 1 2 36 68 146
66.472 14 ESTIMATOR 233.483948 -0.38
66.522 14 DESIRED 0.34265 0.028167 5.601053 -114.5 162.300003 235. 0.043908 13.
66.568 14 WIND_INFO 14 5 -0. 0. 0. 13.2
66.572 14 ATTITUDE -0.240957 4.901629 0.027309
66.623 14 CIRCLE 49.5 100.099998 80.
66.656 14 NAVIGATION 4 2 11.125 40. 0. 41.518257 54 46 46 0 0 0
66.672 14 GPS 3 36029277 481363598 2784 233691 1310 -31 0 175908480 31 0
66.673 14 SVINFO 3 10 0 3 35 89 196
66.872 14 IR_SENSORS 0 0 29 -58 257
66.872 14 WP_MOVED 8 360269.1875 4813753. 235. 31
66.906 14 NAVIGATION 4 2 8. 40.5 0. 41.282562 54 46 46 0 0 0
66.923 14 GPS 3 36028964 481363633 2763 233736 1312 3 0 175908720 31 0
66.923 14 SVINFO 4 11 1 4 34 69 246
66.972 14 DATALINK_REPORT 0 10 2054 577 0 0
66.973 14 ENERGY 35 12.5 0.49678 6.209751 0.058813 0.735158
66.973 14 NAVIGATION 4 2 4.875 41. 0. 41.282562 54 46 46 0 0 0
66.974 14 ESTIMATOR 233.47821 0.03
67.072 14 AIRSPEED 13.2 0. 0. 0.
67.073 14 ATTITUDE -0.108547 4.823431 0.023813
67.155 14 NAVIGATION 4 2 4.875 41. 0. 41.288807 55 47 47 0 0 0
67.172 14 GPS 3 36028650 481363659 2749 233802 1313 9 0 175908960 31 0
67.356 14 FBW_STATUS 2 0 1 12.5 0.495345
67.371 14 DL_VALUE 54 0.
67.372 14 WP_MOVED 9 360459.6875 4813680. 235. 31
67.406 14 NAVIGATION 4 2 1.71875 41. 0. 41.036011 55 47 47 0 0 0
67.423 14 GPS 3 36028284 481363685 2739 233896 1311 28 0 175909240 31 0
67.472 14 ESTIMATOR 233.668259 0.28
67.573 14 DESIRED 0.6 0.003155 5.601053 -114.5 162.300003 235. 0.04299 13.
67.574 14 ATTITUDE 0.00965 4.781044 0.022556
67.656 14 NAVIGATION 4 2 -1.90625 41.5 0. 41.543758 55 47 47 0 0 0
67.675 14 CIRCLE 49.5 100.099998 80.
67.677 14 GPS 3 36027970 481363707 2739 233984 1309 23 0 175909480 31 0
67.678 14 SVINFO 0 7 0 0 38 0 47
67.872 14 WP_MOVED 10 360424. 4813592.5 235. 31
67.905 14 NAVIGATION 4 2 -5.0625 41.5 0. 41.80764 55 47 47 0 0 0
67.922 14 GPS 3 36027657 481363731 2744 234071 1307 10 0 175909720 31 0
67.923 14 SVINFO 1 8 1 1 37 27 97
67.972 14 CALIBRATION -67.342407 0
67.973 14 NAVIGATION 4 2 -8.1875 42. 0. 41.80764 55 47 47 0 0 0
67.973 14 ESTIMATOR 233.913391 0.1
68.072 14 IR_SENSORS 0 0 28 20 263
68.073 14 ENERGY 34 12.5 0.481935 6.024188 0.059711 0.74639
68.073 14 AIRSPEED 13.2 0. 0. 0.
68.073 14 ATTITUDE 0.138731 4.789497 0.018798
68.155 14 NAVIGATION 4 2 -8.1875 42. 0. 42.790596 56 48 48 0 0 0
68.172 14 FBW_STATUS 2 0 1 12.5 0.4814
68.172 14 GPS 3 36027346 481363761 2755 234150 1305 12 0 175909960 31 0
68.273 14 GPS_SOL 464 464 464 7
68.372 14 WP_MOVED 11 360234.40625 4813661.5 235. 31
68.406 14 NAVIGATION 4 2 -11.3125 42.5 0. 43.979797 56 48 48 0 0 0
68.422 14 GPS 3 36026984 481363809 2780 234228 1303 -7 0 175910240 31 0
68.472 14 ESTIMATOR 234.0755 -0.07
68.572 14 ATTITUDE 0.26097 4.852911 0.020423
68.623 14 DESIRED 0.6 0.030706 5.601053 -114.5 162.300003 235. 0.030217 13.
68.655 14 NAVIGATION 4 2 -14.90625 42.5 0. 45.038277 56 48 48 0 0 0
68.671 14 GPS 3 36026676 481363865 2802 234279 1303 7 0 175910480 31 0
68.722 14 CIRCLE 49.5 100.099998 80.
68.872 14 DL_VALUE 55 0.
68.872 14 WP_MOVED 0 360326. 4813637. 260. 31
68.906 14 NAVIGATION 4 2 -18. 43. 0. 46.615448 56 48 48 0 0 0
68.921 14 GPS 3 36026371 481363937 2834 234315 1304 -9 0 175910720 31 0
68.922 14 SVINFO 5 12 1 5 33 23 297
68.972 14 NAVIGATION 4 2 -21.03125 44. 0. 46.615448 56 48 48 0 0 0
68.973 14 ESTIMATOR 234.179245 -0.09
69.072 14 AIRSPEED 13.2 0. 0. 0.
69.072 14 ATTITUDE 0.39057 4.946665 0.024269
69.156 14 NAVIGATION 4 2 -21.03125 44. 0. 48.767956 57 49 49 0 0 0
69.172 14 ENERGY 34 12.5 0.48354 6.044248 0.060593 0.757406
69.172 14 GPS 3 36026072 481364031 2873 234336 1306 -13 0 175910960 31 0
69.173 14 SVINFO 6 13 1 6 32 0 348
69.273 14 IR_SENSORS 0 0 28 97 246
69.354 14 FBW_STATUS 2 0 1 12.5 0.486396
69.371 14 WP_MOVED 1 360284. 4813595. 260. 31
69.406 14 NAVIGATION 4 2 -24.03125 45. 0. 51.014713 57 49 49 0 0 0
69.423 14 GPS 3 36025733 481364170 2935 234340 1310 1 0 175911240 31 0
69.424 14 SVINFO 0 7 0 0 37 1 48
69.473 14 ESTIMATOR 234.213913 0.01
69.572 14 ATTITUDE 0.509532 5.124028 0.033985
69.656 14 NAVIGATION 4 2 -27.4375 46. 0. 53.561333 57 49 49 0 0 0
69.672 14 DESIRED 0.6 0.056903 5.601053 -114.5 162.300003 235. 0.023583 13.
69.672 14 GPS 3 36025455 481364319 2981 234326 1313 -12 0 175911480 31 0
69.672 14 SVINFO 1 8 1 1 36 30 98
69.772 14 CIRCLE 49.5 100.099998 80.
69.871 14 WP_MOVED 2 360333.5 4813695. 235. 31
69.906 14 NAVIGATION 4 2 -30.1875 47.5 0. 56.280861 57 49 49 0 0 0
69.923 14 GPS 3 36025194 481364497 3043 234296 1317 -13 0 175911720 31 0
69.923 14 SVINFO 2 9 0 2 35 73 148
69.974 14 NAVIGATION 4 2 -32.84375 49.5 0. 56.280861 57 49 49 0 0 0
69.974 14 ESTIMATOR 234.235504 -0.13
70.071 14 CALIBRATION -74.369766 0
70.072 14 AIRSPEED 13.2 0. 0. 0.
70.072 14 ATTITUDE 0.596095 5.311893 0.048458
70.156 14 NAVIGATION 4 2 -32.84375 49.5 0. 59.405067 58 50 50 0 0 0
70.174 14 FBW_STATUS 2 0 1 12.5 0.49391
70.174 14 GPS 3 36024955 481364706 3110 234255 1323 -14 0 175911960 31 0
70.175 14 SVINFO 3 10 1 3 34 89 198
70.255 14 COMMANDS 3417,-34,180,0
70.272 14 GPS_SOL 448 448 448 7
70.272 14 ENERGY 35 12.5 0.495345 6.191808 0.061488 0.768601
70.372 14 DL_VALUE 56 0.
70.372 14 WP_MOVED 3 360461.40625 4813640. 215. 31
70.406 14 NAVIGATION 4 2 -35.1875 51.5 0. 62.373154 58 50 50 0 0 0
70.421 14 GPS 3 36024708 481364985 3202 234203 1330 -25 0 175912240 31 0
70.422 14 SVINFO 4 11 1 4 33 64 248
70.473 14 COMMANDS 3448,-34,129,0
70.473 14 IR_SENSORS 0 0 32 136 226
70.473 14 ESTIMATOR 234.18692 -0.25
70.572 14 STATE_FILTER_STATUS 2 3 394
70.573 14 ATTITUDE 0.604552 5.589725 0.053391
70.655 14 NAVIGATION 4 2 -37.65625 54.5 0. 66.243813 58 50 50 0 0 0
70.672 14 GPS 3 36024529 481365250 3260 234166 1334 -27 0 175912480 31 0
70.673 14 SVINFO 5 12 1 5 32 20 298
70.721 14 DESIRED 0.6 0.064194 5.601053 -114.5 162.300003 235. 0.024392 13.
70.772 14 PPRZ_MODE 2 3 2 2 0 6
70.829 14 CIRCLE 49.5 100.099998 80.
70.872 14 ALIVE 158,87,147,219,247,235,138,154,89,223,120,51,202,91,226,10
70.872 14 WP_MOVED 4 360312.8125 4813652. 185. 31
70.906 14 NAVIGATION 4 2 -39.46875 57. 0. 69.330963 58 50 50 0 0 0
70.922 14 GPS 3 36024383 481365536 3329 234141 1338 -52 0 175912720 31 0
70.972 14 NAVIGATION 4 2 -40.90625 60. 0. 69.330963 58 50 50 0 0 0
70.972 14 ESTIMATOR 234.086456 -0.52
71.073 14 AIRSPEED 13.2 0. 0. 0.
71.073 14 ATTITUDE 0.604552 5.810911 0.062056
71.156 14 NAVIGATION 4 2 -40.90625 60. 0. 72.617638 59 51 51 0 0 0
71.172 14 GPS 3 36024272 481365839 3398 234128 1342 -64 0 175912960 31 0
71.355 14 FBW_STATUS 2 0 1 12.5 0.543022
71.371 14 ENERGY 38 12.5 0.543022 6.787777 0.062431 0.780382
71.371 14 WP_MOVED 5 360452.8125 4813581. 260. 31
71.404 14 NAVIGATION 4 2 -42.03125 62.5 0. 75.318497 59 51 51 0 0 0
71.422 14 GPS 3 36024189 481366206 3489 234131 1347 -51 0 175913240 31 0
71.473 14 ESTIMATOR 233.915192 -0.51
71.573 14 ATTITUDE 0.604552 6.090669 0.06638
71.657 14 NAVIGATION 4 2 -42.875 66.5 0. 79.123421 59 51 51 0 0 0
71.673 14 IR_SENSORS 0 0 35 136 226
71.674 14 GPS 3 36024159 481366529 3546 234148 1350 -17 0 175913480 31 0
71.773 14 DESIRED 0.496285 0.064262 5.601053 -114.5 162.300003 235. 0.032544 13.
71.871 14 DL_VALUE 57 0.
71.871 14 CIRCLE 49.5 100.099998 80.
71.871 14 WP_MOVED 6 360169.5 4813757.5 260. 31
71.906 14 NAVIGATION 4 2 -43.15625 70. 0. 82.234192 59 51 51 0 0 0
71.921 14 GPS 3 36024167 481366853 14 234176 1353 -3 0 175913720 31 0
71.972 14 NAVIGATION 4 2 -43.0625 73. 0. 82.234192 59 51 51 0 0 0
71.972 14 ESTIMATOR 233.924698 -0.03
72.072 14 DATALINK_REPORT 5 10 2184 548 0 0
72.073 14 AIRSPEED 13.2 0. 0. 0.
72.073 14 ATTITUDE 0.570668 0.025612 0.067996
72.156 14 NAVIGATION 4 2 -43.0625 73. 0. 84.754814 60 52 52 0 0 0
72.173 14 CALIBRATION -116.429512 0
72.173 14 FBW_STATUS 2 0 1 12.5 0.559201
72.173 14 GPS 3 36024213 481367175 80 234219 1355 0 0 175913960 31 0
72.276 14 GPS_SOL 433 433 433 7
72.373 14 WP_MOVED 7 360284.5 4813704. 235. 31
72.405 14 NAVIGATION 4 2 -42.625 76. 0. 87.137192 60 52 52 0 0 0
72.422 14 GPS 3 36024307 481367543 158 234297 1355 13 0 175914240 31 0
72.472 14 ENERGY 39 12.5 0.556619 6.957743 0.063451 0.793132
72.472 14 ESTIMATOR 234.072418 0.13
72.576 14 ATTITUDE 0.453232 0.276569 0.059812
72.656 14 NAVIGATION 4 2 -41.65625 80. 0. 90.19558 60 52 52 0 0 0
72.672 14 GPS 3 36024419 481367848 200 234393 1353 45 0 175914480 31 0
72.673 14 SVINFO 6 13 0 6 31 0 350
72.822 14 DESIRED -0.248163 0.041327 5.601053 -114.5 162.300003 235. 0.027827 13.
72.872 14 IR_SENSORS 0 0 35 80 251
72.872 14 WP_MOVED 8 360269.1875 4813753. 235. 31
72.905 14 NAVIGATION 4 2 -40.5625 83. 0. 92.381363 60 52 52 0 0 0
72.924 14 CIRCLE 49.5 100.099998 80.
72.924 14 GPS 3 36024552 481368143 243 234514 1350 56 0 175914720 31 0
72.925 14 SVINFO 0 7 0 0 36 3 50
72.973 14 NAVIGATION 4 2 -39.21875 86. 0. 92.381363 60 52 52 0 0 0
72.973 14 ESTIMATOR 234.348648 0.56
73.073 14 AIRSPEED 13.2 0. 0. 0.
73.073 14 ATTITUDE 0.324414 0.425377 0.049666
73.157 14 NAVIGATION 4 2 -39.21875 86. 0. 94.520424 61 53 53 0 0 0
73.171 14 GPS 3 36024704 481368428 280 234653 1344 66 0 175914960 31 0
73.173 14 SVINFO 1 8 1 1 35 36 100
73.356 14 FBW_STATUS 2 0 1 12.5 0.511365
73.373 14 DL_VALUE 58 0.
73.373 14 WP_MOVED 9 360459.6875 4813680. 235. 31
73.405 14 NAVIGATION 4 2 -37.71875 88.5 0. 96.202675 61 53 53 0 0 0
73.423 14 GPS 3 36024898 481368748 319 234829 1334 57 0 175915240 31 0
73.423 14 SVINFO 2 9 1 2 34 77 150
73.473 14 ESTIMATOR 234.730087 0.57
73.573 14 ENERGY 35 12.5 0.500372 6.254653 0.064425 0.805315
73.573 14 ATTITUDE 0.199898 0.557744 0.042272
73.656 14 NAVIGATION 4 2 -35.78125 92. 0. 98.713211 61 53 53 0 0 0
73.672 14 GPS 3 36025075 481369013 338 234983 1326 63 0 175915480 31 0
73.673 14 SVINFO 3 10 1 3 33 88 200
73.874 14 DESIRED -0.6 0.014068 5.601053 -114.5 162.300003 235. 0.008097 13.
73.874 14 WP_MOVED 10 360424. 4813592.5 235. 31
73.905 14 NAVIGATION 4 2 -34. 94.5 0. 100.430321 61 53 53 0 0 0
73.922 14 GPS 3 36025259 481369270 354 235132 1318 66 0 175915720 31 0
73.923 14 SVINFO 4 11 0 4 32 58 250
73.973 14 AUTOPILOT_VERSION 51500 v5.15_devel-179-g9a29798-dirty
73.973 14 CIRCLE 49.5 100.099998 80.
73.973 14 NAVIGATION 4 2 -32.15625 97.5 0. 100.430321 61 53 53 0 0 0
73.974 14 ESTIMATOR 235.077362 0.66
74.072 14 IR_SENSORS 0 0 32 2 264
74.072 14 AIRSPEED 13.2 0. 0. 0.
74.072 14 ATTITUDE 0.070407 0.619084 0.033357
74.157 14 NAVIGATION 4 2 -32.15625 97.5 0. 102.66584 62 54 54 0 0 0
74.174 14 FBW_STATUS 2 0 1 12.5 0.461536
74.174 14 GPS 3 36025446 481369523 365 235271 1309 65 0 175915960 31 0
74.272 14 CALIBRATION -58.639793 0
74.273 14 GPS_SOL 418 418 418 7
74.373 14 WP_MOVED 11 360234.40625 4813661.5 235. 31
74.407 14 NAVIGATION 4 2 -30.28125 100. 0. 104.48423 62 54 54 0 0 0
74.422 14 GPS 3 36025665 481369814 369 235413 1299 48 0 175916240 31 0
74.472 14 ESTIMATOR 235.412399 0.48
74.572 14 ATTITUDE -0.047406 0.64538 0.022972
74.656 14 NAVIGATION 4 2 -28.125 102.5 0. 106.288597 62 54 54 0 0 0
74.673 14 ENERGY 31 12.5 0.436622 5.457774 0.065279 0.81599
74.674 14 GPS 3 36025850 481370063 366 235513 1293 55 0 175916480 31 0
74.676 14 SVINFO 0 7 0 0 35 4 51
74.873 14 DL_VALUE 59 0.
74.874 14 WP_MOVED 0 360326. 4813637. 260. 31
74.906 14 NAVIGATION 4 2 -26.28125 105. 0. 108.239105 62 54 54 0 0 0
74.922 14 DESIRED -0.6 0.01369 5.601053 -114.5 162.300003 235. -0.015822 13.
74.923 14 GPS 3 36026031 481370314 357 235590 1287 37 0 175916720 31 0
74.924 14 SVINFO 1 8 1 1 34 39 101
74.977 14 NAVIGATION 4 2 -24.4375 107.5 0. 108.239105 62 54 54 0 0 0
74.977 14 ESTIMATOR 235.64566 0.37
75.022 14 CIRCLE 49.5 100.099998 80.
75.072 14 AIRSPEED 13.2 0. 0. 0.
75.072 14 ATTITUDE -0.178467 0.624035 0.017814
75.155 14 NAVIGATION 4 2 -24.4375 107.5 0. 110.242645 63 55 55 0 0 0
75.171 14 GPS 3 36026232 481370611 340 235648 1283 41 0 175917000 31 0
75.171 14 SVINFO 2 9 0 2 33 79 151
75.256 14 COMMANDS 2925,-2872,82,0
75.273 14 NAVIGATION_REF 360284 4813595 31 185.
75.274 14 IR_SENSORS 0 0 26 -76 253
75.355 14 FBW_STATUS 2 0 1 12.5 0.406168
75.373 14 WP_MOVED 1 360284. 4813595. 260. 31
75.405 14 NAVIGATION 4 2 -22.4375 110.5 0. 112.755005 63 55 55 0 0 0
75.422 14 GPS 3 36026393 481370873 310 235670 1280 45 0 175917240 31 0
75.473 14 COMMANDS 2870,-2486,126,0
75.473 14 ESTIMATOR 235.779587 0.45
75.573 14 STATE_FILTER_STATUS 2 3 366
75.574 14 ATTITUDE -0.297269 0.542704 0.01761
75.655 14 NAVIGATION 4 2 -20.84375 113.5 0. 115.398056 63 55 55 0 0 0
75.672 14 GPS 3 36026539 481371143 285 235667 1278 47 0 175917480 31 0
75.772 14 PPRZ_MODE 2 3 2 2 0 6
75.772 14 ENERGY 29 12.5 0.388058 4.850727 0.066033 0.825413
75.876 14 ALIVE 158,87,147,219,247,235,138,154,89,223,120,51,202,91,226,10
75.879 14 WP_MOVED 2 360333.5 4813695. 235. 31
75.905 14 NAVIGATION 4 2 -19.34375 116. 0. 117.601791 63 55 55 0 0 0
75.922 14 GPS 3 36026668 481371422 248 235641 1278 45 0 175917720 31 0
75.922 14 SVINFO 5 12 0 5 31 13 301
75.973 14 DESIRED -0.445149 0.039972 5.601053 -114.5 162.300003 235. -0.025027 13.
75.974 14 NAVIGATION 4 2 -18.0625 118.5 0. 117.601791 63 55 55 0 0 0
75.974 14 ESTIMATOR 235.871887 0.45
76.073 14 CIRCLE 49.5 100.099998 80.
76.073 14 AIRSPEED 13.2 0. 0. 0.
76.073 14 ATTITUDE -0.421118 0.433119 0.023391
76.155 14 NAVIGATION 4 2 -18.0625 118.5 0. 119.868698 64 56 56 0 0 0
76.173 14 FBW_STATUS 2 0 1 12.5 0.370461
76.173 14 GPS 3 36026775 481371709 204 235592 1278 38 0 175917960 31 0
76.273 14 GPS_SOL 404 404 404 7
76.372 14 CALIBRATION 1.14642 0
76.372 14 DL_VALUE 60 0.6
76.372 14 WP_MOVED 3 360461.40625 4813640. 215. 31
76.405 14 NAVIGATION 4 2 -17. 121.5 0. 122.683533 64 56 56 0 0 0
76.421 14 GPS 3 36026868 481372055 138 235512 1279 15 0 175918240 31 0
76.477 14 IR_SENSORS 0 0 26 -128 231
76.477 14 ESTIMATOR 235.858673 0.15
76.570 14 WIND_INFO 14 5 -0. 0.1 0. 13.2
76.572 14 ATTITUDE -0.429573 0.241096 0.028099
76.656 14 NAVIGATION 4 2 -16.0625 125. 0. 126.027794 64 56 56 0 0 0
76.672 14 GPS 3 36026920 481372357 97 235438 1279 11 0 175918480 31 0
76.872 14 ENERGY 27 12.5 0.360053 4.500663 0.066711 0.833881
76.872 14 WP_MOVED 4 360312.8125 4813652. 185. 31
76.905 14 NAVIGATION 4 2 -15.5625 128. 0. 128.942596 64 56 56 0 0 0
76.923 14 GPS 3 36026949 481372663 54 235374 1280 2 0 175918720 31 0
76.972 14 NAVIGATION 4 2 -15.28125 131. 0. 128.942596 64 56 56 0 0 0
76.972 14 ESTIMATOR 235.694946 0.02
77.023 14 DESIRED 0.327196 0.031044 5.601053 -114.5 162.300003 235. -0.023353 13.
77.073 14 AIRSPEED 13.2 0. 0. 0.
77.073 14 ATTITUDE -0.297269 0.095594 0.025612
77.123 14 CIRCLE 49.5 100.099998 80.
77.155 14 NAVIGATION 4 2 -15.28125 131. 0. 131.888275 65 57 57 0 0 0
77.173 14 DATALINK_REPORT 1 11 2318 567 0 0
77.174 14 GPS 3 36026959 481372970 18 235330 1279 39 0 175918960 31 0
77.175 14 SVINFO 3 10 0 3 32 86 202
77.357 14 FBW_STATUS 2 0 1 12.5 0.349374
77.373 14 WP_MOVED 5 360452.8125 4813581. 260. 31
77.405 14 NAVIGATION 4 2 -15.15625 134. 0. 134.854401 65 57 57 0 0 0
77.421 14 GPS 3 36026951 481373327 3581 235305 1275 28 0 175919240 31 0
77.421 14 SVINFO 4 11 1 4 31 52 252
77.472 14 ESTIMATOR 235.600281 0.28
77.572 14 ATTITUDE -0.178467 6.249901 0.025534
77.656 14 NAVIGATION 4 2 -15.21875 137.5 0. 138.339645 65 57 57 0 0 0
77.672 14 IR_SENSORS 0 0 29 -55 258
77.672 14 GPS 3 36026932 481373632 3563 235302 1271 32 0 175919480 31 0
77.872 14 DL_VALUE 61 12000.
77.872 14 WP_MOVED 6 360169.5 4813757.5 260. 31
77.905 14 NAVIGATION 4 2 -15.4375 141. 0. 141.842575 65 57 57 0 0 0
77.921 14 GPS 3 36026905 481373934 3549 235311 1265 30 0 175919720 31 0
77.922 14 SVINFO 6 13 1 6 30 1 353
77.973 14 ENERGY 25 12.5 0.334634 4.182929 0.067351 0.841884
77.973 14 NAVIGATION 4 2 -15.71875 143.5 0. 141.842575 65 57 57 0 0 0
77.973 14 ESTIMATOR 235.567078 0.3
78.072 14 DESIRED 0.6 0.004075 5.601053 -114.5 162.300003 235. -0.017269 13.
78.073 14 AIRSPEED 13.2 0. 0. 0.
78.073 14 ATTITUDE -0.047406 6.193748 0.022972
78.157 14 NAVIGATION 4 2 -15.71875 143.5 0. 144.358337 66 58 58 0 0 0
78.172 14 FBW_STATUS 2 0 1 12.5 0.329038
78.173 14 CIRCLE 49.5 100.099998 80.
78.173 14 GPS 3 36026874 481374235 3540 235324 1258 42 0 175919960 31 0
78.174 14 SVINFO 0 7 0 0 34 7 53
78.272 14 GPS_SOL 390 390 390 7
78.373 14 WP_MOVED 7 360284.5 4813704. 235. 31
78.405 14 NAVIGATION 4 2 -16.03125 147. 0. 147.871567 66 58 58 0 0 0
78.422 14 GPS 3 36026837 481374583 3539 235337 1250 44 0 175920240 31 0
78.423 14 SVINFO 1 8 1 1 33 45 103
78.472 14 CALIBRATION 36.190193 0
78.472 14 ESTIMATOR 235.580963 0.44
78.590 14 ATTITUDE 0.070407 6.176665 0.018399
78.656 14 NAVIGATION 4 2 -16.375 150.5 0. 151.388214 66 58 58 0 0 0
78.673 14 GPS 3 36026808 481374881 3544 235339 1245 52 0 175920480 31 0
78.673 14 SVINFO 2 9 1 2 32 83 153
78.873 14 IR_SENSORS 0 0 28 23 263
78.873 14 WP_MOVED 8 360269.1875 4813753. 235. 31
78.906 14 NAVIGATION 4 2 -16.65625 153.5 0. 154.401031 66 58 58 0 0 0
78.922 14 GPS 3 36026786 481375177 3556 235327 1239 47 0 175920720 31 0
78.973 14 NAVIGATION 4 2 -16.90625 156. 0. 154.401031 66 58 58 0 0 0
78.973 14 ESTIMATOR 235.626816 0.47
79.073 14 ENERGY 22 12.5 0.291532 3.644154 0.067926 0.849079
79.073 14 AIRSPEED 13.2 0. 0. 0.
79.074 14 ATTITUDE 0.199898 6.207384 0.015815
79.122 14 DESIRED 0.6 0.021095 5.601053 -114.5 162.300003 235. -0.018016 13.
79.156 14 NAVIGATION 4 2 -16.90625 156. 0. 156.913422 67 59 59 0 0 0
79.173 14 GPS 3 36026773 481375473 3575 235297 1234 34 0 175920960 31 0
79.223 14 CIRCLE 49.5 100.099998 80.
79.357 14 FBW_STATUS 2 0 1 12.5 0.283057
79.372 14 DL_VALUE 62 1.5
79.372 14 WP_MOVED 9 360459.6875 4813680. 235. 31
79.406 14 NAVIGATION 4 2 -17.03125 159.5 0. 160.406708 67 59 59 0 0 0
79.423 14 GPS 3 36026776 481375818 11 235236 1229 19 0 175921240 31 0
79.424 14 SVINFO 5 12 1 5 30 9 303
79.472 14 ESTIMATOR 235.591431 0.19
79.571 14 ATTITUDE 0.323434 0.020621 0.018223
79.655 14 NAVIGATION 4 2 -17. 162.5 0. 163.38681 67 59 59 0 0 0
79.672 14 GPS 3 36026797 481376112 40 235161 1227 5 0 175921480 31 0
79.872 14 WP_MOVED 10 360424. 4813592.5 235. 31
79.905 14 NAVIGATION 4 2 -16.78125 166. 0. 166.846069 67 59 59 0 0 0
79.921 14 GPS 3 36026839 481376403 82 235064 1227 -14 0 175921720 31 0
79.921 14 SVINFO 0 7 0 0 33 9 54
79.972 14 NAVIGATION 4 2 -16.34375 168.5 0. 166.846069 67 59 59 0 0 0
79.973 14 ESTIMATOR 235.409225 -0.14
80.072 14 IR_SENSORS 0 0 27 100 245
80.072 14 AIRSPEED 13.2 0. 0. 0.
80.073 14 ATTITUDE 0.450356 0.145111 0.022495
80.156 14 NAVIGATION 4 2 -16.34375 168.5 0. 169.290771 68 60 60 0 0 0
80.173 14 FBW_STATUS 2 0 1 12.5 0.284333
80.174 14 ENERGY 22 12.5 0.284333 3.554164 0.068445 0.855558
80.174 14 DESIRED 0.6 0.048574 5.601053 -114.5 162.300003 235. -0.012277 13.
80.174 14 GPS 3 36026906 481376690 131 234945 1228 -7 0 175921960 31 0
80.255 14 COMMANDS 2175,831,257,0
80.272 14 GPS_SOL 377 377 377 7
80.273 14 CIRCLE 49.5 100.099998 80.
80.375 14 WP_MOVED 11 360234.40625 4813661.5 235. 31
80.406 14 NAVIGATION 4 2 -15.71875 171.5 0. 172.218842 68 60 60 0 0 0
80.421 14 GPS 3 36027021 481377016 208 234780 1232 -30 0 175922240 31 0
80.473 14 COMMANDS 2211,526,287,0
80.473 14 ESTIMATOR 235.126572 -0.3
80.573 14 STATE_FILTER_STATUS 2 3 387
80.573 14 CALIBRATION 59.959122 0
80.573 14 ATTITUDE 0.555236 0.36761 0.03656
80.655 14 NAVIGATION 4 2 -14.5625 174.5 0. 175.106583 68 60 60 0 0 0
80.672 14 GPS 3 36027153 481377281 263 234619 1236 -34 0 175922480 31 0
80.673 14 SVINFO 3 10 1 3 31 83 204
80.772 14 PPRZ_MODE 2 3 2 2 0 6
80.871 14 ALIVE 158,87,147,219,247,235,138,154,89,223,120,51,202,91,226,10
80.872 14 DL_VALUE 63 1250.
80.872 14 WP_MOVED 0 360326. 4813637. 260. 31
80.905 14 NAVIGATION 4 2 -13.21875 177.5 0. 177.991531 68 60 60 0 0 0
80.922 14 GPS 3 36027317 481377530 334 234443 1242 -52 0 175922720 31 0
80.972 14 NAVIGATION 4 2 -11.59375 180. 0. 177.991531 68 60 60 0 0 0
80.973 14 ESTIMATOR 234.749435 -0.52
81.072 14 AIRSPEED 13.2 0. 0. 0.
81.073 14 ATTITUDE 0.604552 0.587963 0.044705
81.156 14 NAVIGATION 4 2 -11.59375 180. 0. 180.372986 69 61 61 0 0 0
81.173 14 GPS 3 36027513 481377758 407 234262 1250 -60 0 175922960 31 0
81.222 14 DESIRED 0.6 0.06335 5.601053 -114.5 162.300003 235. 0.007517 13.
81.272 14 IR_SENSORS 0 0 31 136 226
81.273 14 ENERGY 25 12.5 0.324116 4.05145 0.068993 0.86241
81.340 14 CIRCLE 49.5 100.099998 80.
81.355 14 FBW_STATUS 2 0 1 12.5 0.329202
81.371 14 WP_MOVED 1 360284. 4813595. 260. 31
81.406 14 NAVIGATION 4 2 -9.625 182. 0. 182.254333 69 61 61 0 0 0
81.423 14 GPS 3 36027778 481377990 505 234057 1260 -56 0 175923240 31 0
81.472 14 ESTIMATOR 234.295212 -0.56
81.573 14 ATTITUDE 0.604552 0.888794 0.053391
81.656 14 NAVIGATION 4 2 -7. 184.5 0. 184.632736 69 61 61 0 0 0
81.676 14 GPS 3 36028032 481378157 566 233895 1266 -49 0 175923480 31 0
81.873 14 WP_MOVED 2 360333.5 4813695. 235. 31
81.906 14 NAVIGATION 4 2 -4.4375 186. 0. 186.052933 69 61 61 0 0 0
81.923 14 GPS 3 36028306 481378291 639 233750 1272 -52 0 175923720 31 0
81.924 14 SVINFO 1 8 0 1 32 52 105
81.972 14 NAVIGATION 4 2 -1.71875 187.5 0. 186.052933 69 61 61 0 0 0
81.973 14 ESTIMATOR 233.910385 -0.52
82.072 14 AIRSPEED 13.2 0. 0. 0.
82.073 14 ATTITUDE 0.604552 1.122776 0.062056
82.155 14 NAVIGATION 4 2 -1.71875 187.5 0. 187.507874 70 62 62 0 0 0
82.172 14 FBW_STATUS 2 0 1 12.5 0.370798
82.173 14 GPS 3 36028596 481378390 711 233622 1278 -62 0 175923960 31 0
82.173 14 SVINFO 2 9 1 2 31 86 155
