3.287 14 FBW_STATUS 2 0 1 12.5 0.
3.304 14 DL_VALUE 10 0.
3.304 14 WP_MOVED 9 360459.6875 4813680. 235. 31
3.337 14 NAVIGATION 2 1 0. 0. 0. 0. 0 6 6 1 0 0
3.352 14 DESIRED 0. 0.00024 0. 0. 0. 235. 0. 13.
3.353 14 GPS 3 36028477 481359546 899 185000 0 32 0 175282240 31 0
3.402 14 ESTIMATOR 185.066223 0.32
3.502 14 ATTITUDE 0.0023 0. -0.000365
3.586 14 NAVIGATION 2 1 0. 0. 0. 0. 0 6 6 1 0 0
3.601 14 GPS 3 36028477 481359546 899 185000 0 33 0 175282480 31 0
3.803 14 WP_MOVED 10 360424. 4813592.5 235. 31
3.837 14 NAVIGATION 2 1 0. 0. 0. 0. 0 6 6 1 0 0
3.853 14 GPS 3 36028477 481359546 899 185000 0 34 0 175282720 31 0
3.853 14 SVINFO 3 10 1 3 48 6 159
3.903 14 NAVIGATION 2 1 0. 0. 0. 0. 0 6 6 1 0 0
3.903 14 ESTIMATOR 185.142197 0.34
4.002 14 IR_SENSORS 0 0 23 -16 264
4.002 14 ENERGY 0 12.5 0. 0. 0. 0.
4.002 14 AIRSPEED 0. 0. 0. 0.
4.003 14 ATTITUDE 0.0023 0. -0.000365
4.086 14 NAVIGATION 2 1 0. 0. 0. 0. 0 7 7 1 0 0
4.104 14 FBW_STATUS 2 0 1 12.5 0.
4.105 14 GPS 3 36028477 481359546 899 185000 0 21 0 175283000 31 0
4.202 14 GPS_SOL 625 625 625 7
4.303 14 WP_MOVED 11 360234.40625 4813661.5 235. 31
4.336 14 NAVIGATION 2 1 0. 0. 0. 0. 0 7 7 1 0 0
4.353 14 GPS 3 36028477 481359546 899 185000 0 26 0 175283240 31 0
4.403 14 DESIRED 0. 0.00024 0. 0. 0. 235. 0. 13.
4.403 14 ESTIMATOR 185.164581 0.26
4.503 14 ATTITUDE 0.0023 0. -0.000365
4.586 14 NAVIGATION 2 1 0. 0. 0. 0. 0 7 7 1 0 0
4.602 14 GPS 3 36028477 481359546 899 185000 0 18 0 175283480 31 0
4.803 14 CALIBRATION 0. 0
4.803 14 DL_VALUE 11 1.
4.803 14 WP_MOVED 0 360326. 4813637. 260. 31
4.836 14 NAVIGATION 2 1 0. 0. 0. 0. 0 7 7 1 0 0
4.852 14 GPS 3 36028477 481359546 899 185000 0 6 0 175283720 31 0
4.853 14 SVINFO 0 7 0 0 46 79 10
4.902 14 NAVIGATION 2 1 0. 0. 0. 0. 0 7 7 1 0 0
4.902 14 ESTIMATOR 185.160339 0.06
5.002 14 AIRSPEED 0. 0. 0. 0.
5.003 14 ATTITUDE 0.0023 0. -0.000365
5.086 14 NAVIGATION 2 1 0. 0. 0. 0. 0 8 8 1 0 0
5.103 14 ENERGY 0 12.5 0. 0. 0. 0.
5.103 14 GPS 3 36028477 481359546 899 185000 0 0 0 175283960 31 0
5.104 14 SVINFO 1 8 1 1 47 38 60
5.203 14 NAVIGATION_REF 360284 4813595 31 185.
5.204 14 IR_SENSORS 0 0 23 -16 264
5.286 14 FBW_STATUS 2 0 1 12.5 0.
5.302 14 WP_MOVED 1 360284. 4813595. 260. 31
5.336 14 NAVIGATION 2 1 0. 0. 0. 0. 0 8 8 1 0 0
5.353 14 GPS 3 36028477 481359546 899 185000 0 13 0 175284240 31 0
5.353 14 SVINFO 2 9 1 2 48 3 110
5.403 14 ESTIMATOR 185.096863 0.13
5.453 14 DESIRED 0. 0.00024 0. 0. 0. 235. 0. 13.
5.503 14 ATTITUDE 0.0023 0. -0.000365
5.586 14 NAVIGATION 2 1 0. 0. 0. 0. 0 8 8 1 0 0
5.603 14 GPS 3 36028477 481359546 899 185000 0 -2 0 175284480 31 0
5.803 14 WP_MOVED 2 360333.5 4813695. 235. 31
5.836 14 NAVIGATION 2 1 0. 0. 0. 0. 0 8 8 1 0 0
5.853 14 GPS 3 36028477 481359546 899 185000 0 -16 0 175284720 31 0
5.854 14 SVINFO 4 11 1 4 49 46 210
5.904 14 NAVIGATION 2 1 0. 0. 0. 0. 0 8 8 1 0 0
5.904 14 ESTIMATOR 185.068314 -0.16
6.003 14 AIRSPEED 0. 0. 0. 0.
6.003 14 ATTITUDE 0.0023 0. -0.000365
6.086 14 NAVIGATION 2 1 0. 0. 0. 0. 0 9 9 1 0 0
6.103 14 FBW_STATUS 2 0 1 12.5 0.
6.103 14 GPS 3 36028477 481359546 899 185000 0 -3 0 175284960 31 0
6.203 14 GPS_SOL 637 637 637 7
6.203 14 ENERGY 0 12.5 0. 0. 0. 0.
6.302 14 DL_VALUE 12 1.
6.302 14 WP_MOVED 3 360461.40625 4813640. 215. 31
6.336 14 NAVIGATION 2 1 0. 0. 0. 0. 0 9 9 1 0 0
6.352 14 GPS 3 36028477 481359546 899 185000 0 2 0 175285240 31 0
6.402 14 IR_SENSORS 0 0 23 -16 264
6.403 14 ESTIMATOR 185.010071 0.02
6.502 14 DESIRED 0. 0.00024 0. 0. 0. 235. 0. 13.
6.502 14 ATTITUDE 0.0023 0. -0.000365
6.587 14 NAVIGATION 2 1 0. 0. 0. 0. 0 9 9 1 0 0
6.603 14 GPS 3 36028477 481359546 899 185000 0 -9 0 175285480 31 0
6.604 14 SVINFO 0 7 0 0 47 76 11
6.802 14 WP_MOVED 4 360312.8125 4813652. 185. 31
6.836 14 NAVIGATION 2 1 0. 0. 0. 0. 0 9 9 1 0 0
6.853 14 GPS 3 36028477 481359546 899 185000 0 13 0 175285720 31 0
6.902 14 CALIBRATION 0. 0
6.903 14 NAVIGATION 2 1 0. 0. 0. 0. 0 9 9 1 0 0
6.903 14 ESTIMATOR 184.991592 0.13
7.003 14 AIRSPEED 0. 0. 0. 0.
7.004 14 ATTITUDE 0.0023 0. -0.000365
7.086 14 NAVIGATION 2 1 0. 0. 0. 0. 0 10 10 1 0 0
7.104 14 GPS 3 36028477 481359546 899 185000 0 10 0 175285960 31 0
7.186 14 COMMANDS 0,-17,7,0
7.286 14 FBW_STATUS 2 0 1 12.5 0.
7.302 14 ENERGY 0 12.5 0. 0. 0. 0.
7.302 14 WP_MOVED 5 360452.8125 4813581. 260. 31
7.336 14 NAVIGATION 2 1 0. 0. 0. 0. 0 10 10 1 0 0
7.353 14 GPS 3 36028477 481359546 899 185000 0 24 0 175286240 31 0
7.403 14 COMMANDS 0,-17,7,0
7.403 14 ESTIMATOR 185.031876 0.24
7.503 14 STATE_FILTER_STATUS 2 3 303
7.504 14 ATTITUDE 0.0023 0. -0.000365
7.553 14 DESIRED 0. 0.00024 0. 0. 0. 235. 0. 13.
7.586 14 NAVIGATION 2 1 0. 0. 0. 0. 0 10 10 1 0 0
7.602 14 IR_SENSORS 0 0 23 -16 264
7.602 14 GPS 3 36028477 481359546 899 185000 0 34 0 175286480 31 0
7.703 14 DATALINK_REPORT 9 1 514 529 0 0
7.703 14 PPRZ_MODE 2 1 2 0 0 6
7.802 14 ALIVE 158,87,147,219,247,235,138,154,89,223,120,51,202,91,226,10
7.803 14 DL_VALUE 13 1.
7.803 14 WP_MOVED 6 360169.5 4813757.5 260. 31
7.836 14 NAVIGATION 2 1 0. 0. 0. 0. 0 10 10 1 0 0
7.852 14 GPS 3 36028477 481359546 899 185000 0 18 0 175286720 31 0
7.903 14 NAVIGATION 2 1 0. 0. 0. 0. 0 10 10 1 0 0
7.903 14 ESTIMATOR 185.113876 0.18
8.002 14 AIRSPEED 0. 0. 0. 0.
8.003 14 ATTITUDE 0.0023 0. -0.000365
8.086 14 NAVIGATION 2 1 0. 0. 0. 0. 0 11 11 1 0 0
8.103 14 FBW_STATUS 2 0 1 12.5 0.
8.103 14 GPS 3 36028477 481359546 899 185000 0 21 0 175286960 31 0
8.202 14 GPS_SOL 648 648 648 7
8.302 14 WP_MOVED 7 360284.5 4813704. 235. 31
8.336 14 NAVIGATION 2 1 0. 0. 0. 0. 0 11 11 1 0 0
8.353 14 GPS 3 36028477 481359546 899 185000 0 17 0 175287240 31 0
8.404 14 ENERGY 0 12.5 0. 0. 0. 0.
8.404 14 ESTIMATOR 185.12674 0.17
8.503 14 ATTITUDE 0.0023 0. -0.000365
8.540 14 SETTING 10 14 1.
8.540 14 DL_VALUE 10 1.
8.586 14 NAVIGATION 2 1 0. 0. 0. 0. 0 11 11 1 0 0
8.602 14 DESIRED 0. 0.00024 0. 0. 0. 235. 0. 13.
8.603 14 GPS 3 36028477 481359546 899 185000 0 15 0 175287480 31 0
8.603 14 SVINFO 1 8 0 1 48 32 62
8.802 14 IR_SENSORS 0 0 23 -16 264
8.802 14 WP_MOVED 8 360269.1875 4813753. 235. 31
8.836 14 NAVIGATION 2 1 0. 0. 0. 0. 0 11 11 1 0 0
8.851 14 GPS 3 36028477 481359546 899 185000 0 16 0 175287720 31 0
8.903 14 NAVIGATION 2 1 0. 0. 0. 0. 0 11 11 1 0 0
8.904 14 ESTIMATOR 185.121307 0.16
9.002 14 CALIBRATION 0. 0
9.003 14 AIRSPEED 0. 0. 0. 0.
9.003 14 ATTITUDE 0.0023 0. -0.000365
9.067 14 WIND_INFO 14 5 0. 0. 0. 0.
9.086 14 NAVIGATION 2 1 0. 0. 0. 0. 0 12 12 1 0 0
9.103 14 GPS 3 36028477 481359546 899 185000 0 -2 0 175287960 31 0
9.103 14 SVINFO 3 10 0 3 49 11 162
9.285 14 FBW_STATUS 2 0 1 12.5 0.
9.302 14 AUTOPILOT_VERSION 51500 v5.15_devel-179-g9a29798-dirty
9.302 14 DL_VALUE 14 1.
9.302 14 WP_MOVED 9 360459.6875 4813680. 235. 31
9.319 14 BLOCK 3 14
9.319 14 NAVIGATION 3 0 0. 0. 0. 0. 0 0 0 1 0 0
9.335 14 NAVIGATION 3 2 0. 0. 198.624115 0. 0 0 0 0 0 0
9.353 14 GPS 3 36028477 481359546 899 185000 0 4 0 175288240 31 0
9.403 14 ESTIMATOR 185.085342 0.04
9.504 14 ENERGY 9 12.5 0.064858 0.81072 7e-06 9.3e-05
9.504 14 ATTITUDE -0.001473 0. -0.000365
9.586 14 NAVIGATION 3 2 0. 0. 198.624115 0. 0 0 0 0 0 0
9.602 14 GPS 3 36028477 481359852 3599 184995 1272 -2 0 175288480 31 0
9.653 14 DESIRED -0.2 0.263554 5.668788 -114.5 162.300003 235. 0. 13.
9.803 14 WP_MOVED 10 360424. 4813592.5 235. 31
9.836 14 NAVIGATION 3 2 0. 3. 196.180374 3. 0 0 0 0 0 0
9.853 14 GPS 3 36028476 481360150 3597 184982 1244 3 0 175288720 31 0
9.903 14 NAVIGATION 3 2 0. 6. 196.180374 3. 0 0 0 0 0 0
9.903 14 ESTIMATOR 185.043259 0.03
10.002 14 IR_SENSORS 0 0 34 -38 260
10.002 14 AIRSPEED 0. 0. 0. 0.
10.002 14 ATTITUDE -0.082294 6.279032 0.042765
10.086 14 TAKEOFF 22
10.087 14 NAVIGATION 3 2 0. 6. 193.752274 6. 1 1 1 0 0 0
10.105 14 FBW_STATUS 2 0 1 12.5 0.528776
10.105 14 GPS 3 36028471 481360448 3591 184979 1240 3 0 175288960 31 0
10.202 14 GPS_SOL 659 659 659 7
10.303 14 WP_MOVED 11 360234.40625 4813661.5 235. 31
10.335 14 NAVIGATION 3 2 -0.03125 9. 191.321671 9.000054 1 1 1 0 0 0
10.353 14 GPS 3 36028457 481360801 3576 185038 1261 20 0 175289240 31 0
10.402 14 ESTIMATOR 185.039261 0.2
10.502 14 ATTITUDE -0.197029 6.241559 0.104782
10.585 14 NAVIGATION 3 2 -0.1875 12.5 188.434052 12.501406 1 1 1 0 0 0
10.603 14 ENERGY 64 12.5 0.990649 12.383106 0.000918 0.01147
10.604 14 GPS 3 36028434 481361110 3556 185182 1293 58 0 175289480 31 0
10.604 14 SVINFO 2 9 0 2 49 0 113
10.703 14 DESIRED -0.587061 0.287882 5.631352 -114.5 162.300003 235. 0. 13.
10.803 14 DL_VALUE 15 80.
10.803 14 WP_MOVED 0 360326. 4813637. 260. 31
10.836 14 NAVIGATION 3 2 -0.4375 15.5 185.904526 15.506173 1 1 1 0 0 0
10.853 14 GPS 3 36028395 481361428 3530 185446 1333 131 0 175289720 31 0
10.903 14 NAVIGATION 3 2 -0.78125 19. 185.904526 15.506173 1 1 1 0 0 0
10.903 14 ESTIMATOR 185.30365 1.31
11.003 14 AIRSPEED 0. 0. 0. 0.
11.003 14 ATTITUDE -0.336445 6.162519 0.196042
11.085 14 NAVIGATION 3 2 -0.78125 19. 182.939453 19.016054 2 2 2 0 0 0
11.103 14 CALIBRATION 0. 0
11.104 14 GPS 3 36028326 481361808 3496 185934 1380 184 0 175290000 31 0
11.205 14 IR_SENSORS 0 0 77 -114 229
11.286 14 FBW_STATUS 2 0 1 12.5 1.627817
11.302 14 WP_MOVED 1 360284. 4813595. 260. 31
11.336 14 NAVIGATION 3 2 -1.46875 22.5 179.777939 22.547888 2 2 2 0 0 0
11.353 14 GPS 3 36028241 481362140 3456 186522 1426 269 0 175290240 31 0
11.402 14 ESTIMATOR 186.266312 2.69
11.503 14 ATTITUDE -0.469491 6.032457 0.286926
11.586 14 NAVIGATION 3 2 -2.34375 26. 176.51265 26.105425 2 2 2 0 0 0
11.603 14 GPS 3 36028129 481362471 3413 187261 1455 316 0 175290480 31 0
11.703 14 ENERGY 88 12.5 1.627817 20.347708 0.00361 0.045125
11.753 14 DESIRED -0.460291 0.315017 5.594658 -114.5 162.300003 235. 0. 13.
11.802 14 WP_MOVED 2 360333.5 4813695. 235. 31
11.836 14 NAVIGATION 3 2 -3.46875 29. 173.484375 29.206715 2 2 2 0 0 0
11.853 14 GPS 3 36027990 481362795 3367 188132 1471 386 0 175290720 31 0
11.853 14 SVINFO 0 7 0 0 48 69 14
11.903 14 NAVIGATION 3 2 -4.84375 32.5 173.484375 29.206715 2 2 2 0 0 0
11.903 14 ESTIMATOR 187.880936 3.86
12.003 14 AIRSPEED 0. 0. 0. 0.
12.003 14 ATTITUDE -0.507551 5.876771 0.341846
12.086 14 NAVIGATION 3 2 -4.84375 32.5 169.919205 32.858971 3 3 3 0 0 0
12.102 14 FBW_STATUS 2 0 1 12.5 1.627817
12.103 14 GPS 3 36027823 481363108 3319 189116 1477 422 0 175290960 31 0
12.186 14 COMMANDS 8524,1332,-402,0
12.203 14 GPS_SOL 668 668 668 7
12.302 14 DL_VALUE 16 80.
12.302 14 WP_MOVED 3 360461.40625 4813640. 215. 31
12.336 14 NAVIGATION 3 2 -6.5 35.5 166.560028 36.090164 3 3 3 0 0 0
12.353 14 GPS 3 36027598 481363455 3267 190379 1476 448 0 175291240 31 0
12.403 14 COMMANDS 8524,1664,-467,0
12.404 14 IR_SENSORS 0 0 102 -118 219
12.404 14 ESTIMATOR 190.066757 4.48
12.502 14 STATE_FILTER_STATUS 2 3 436
12.503 14 ATTITUDE -0.409825 5.702927 0.345141
12.586 14 NAVIGATION 3 2 -8.75 39. 162.437531 39.969521 3 3 3 0 0 0
12.603 14 GPS 3 36027385 481363737 3228 191541 1470 485 0 175291480 31 0
12.703 14 PPRZ_MODE 2 1 3 0 0 6
12.804 14 DATALINK_REPORT 3 4 635 520 0 0
12.804 14 ALIVE 158,87,147,219,247,235,138,154,89,223,120,51,202,91,226,10
12.805 14 ENERGY 88 12.5 1.627817 20.347708 0.006594 0.082429
12.806 14 DESIRED -0.118414 0.295828 5.574259 -114.5 162.300003 235. 0. 13.
12.806 14 WP_MOVED 4 360312.8125 4813652. 185. 31
12.835 14 NAVIGATION 3 2 -10.90625 42. 158.756912 43.392929 3 3 3 0 0 0
12.852 14 GPS 3 36027158 481364004 3196 192751 1462 490 0 175291720 31 0
12.903 14 NAVIGATION 3 2 -13.15625 44.5 158.756912 43.392929 3 3 3 0 0 0
12.904 14 ESTIMATOR 192.547821 4.9
13.002 14 AIRSPEED 0. 0. 0. 0.
13.003 14 ATTITUDE -0.284554 5.578886 0.326951
13.086 14 NAVIGATION 3 2 -13.15625 44.5 155.394333 46.40406 4 4 4 0 0 0
13.104 14 GPS 3 36026920 481364259 3169 193989 1453 513 0 175291960 31 0
13.203 14 CALIBRATION 0. 0
13.286 14 FBW_STATUS 2 0 1 12.5 1.627817
13.302 14 WP_MOVED 5 360452.8125 4813581. 260. 31
13.336 14 NAVIGATION 3 2 -15.5625 47. 151.929977 49.50951 4 4 4 0 0 0
13.353 14 GPS 3 36026633 481364544 3145 195444 1442 511 0 175292240 31 0
13.402 14 ESTIMATOR 195.196121 5.11
13.503 14 ATTITUDE -0.14571 5.490775 0.306051
13.586 14 NAVIGATION 3 2 -18.4375 50. 147.781235 53.2911 4 4 4 0 0 0
13.603 14 IR_SENSORS 0 0 100 -43 243
13.603 14 GPS 3 36026382 481364780 3131 196683 1435 500 0 175292480 31 0
13.803 14 DL_VALUE 17 0.
13.803 14 WP_MOVED 6 360169.5 4813757.5 260. 31
13.836 14 NAVIGATION 3 2 -20.90625 52. 144.657806 56.045261 4 4 4 0 0 0
13.851 14 DESIRED 0.135197 0.267108 5.579541 -114.5 162.300003 235. 0. 13.
13.851 14 GPS 3 36026128 481365011 3123 197907 1429 504 0 175292720 31 0
13.852 14 SVINFO 1 8 0 1 49 23 65
13.903 14 ENERGY 88 12.5 1.627817 20.347708 0.009579 0.119734
13.904 14 NAVIGATION 3 2 -23.46875 54.5 144.657806 56.045261 4 4 4 0 0 0
13.904 14 ESTIMATOR 197.834473 5.04
14.003 14 AIRSPEED 0. 0. 0. 0.
14.003 14 ATTITUDE -0.006164 5.450735 0.288324
14.086 14 NAVIGATION 3 2 -23.46875 54.5 141.09404 59.338287 5 5 5 0 0 0
14.103 14 FBW_STATUS 2 0 1 12.5 1.627817
14.103 14 GPS 3 36025832 481365278 3120 199306 1425 502 0 175293000 31 0
14.203 14 NAVIGATION_REF 360284 4813595 31 185.
14.203 14 GPS_SOL 676 676 676 7
14.303 14 WP_MOVED 7 360284.5 4813704. 235. 31
14.336 14 NAVIGATION 3 2 -26.4375 57.5 136.886978 63.286583 5 5 5 0 0 0
14.353 14 GPS 3 36025579 481365508 3123 200477 1423 466 0 175293240 31 0
14.403 14 ESTIMATOR 200.391479 4.66
14.504 14 ATTITUDE 0.103133 5.451428 0.275035
14.586 14 NAVIGATION 3 2 -28.9375 59.5 133.748947 66.163651 5 5 5 0 0 0
14.602 14 GPS 3 36025330 481365742 3131 201622 1423 455 0 175293480 31 0
14.802 14 IR_SENSORS 0 0 93 19 248
14.802 14 WP_MOVED 8 360269.1875 4813753. 235. 31
14.835 14 NAVIGATION 3 2 -31.46875 62. 130.208603 69.528999 5 5 5 0 0 0
14.853 14 GPS 3 36025085 481365980 3143 202743 1424 434 0 175293720 31 0
14.903 14 DESIRED 0.133686 0.277144 5.591704 -114.5 162.300003 235. 0. 13.
14.904 14 NAVIGATION 3 2 -33.90625 64.5 130.208603 69.528999 5 5 5 0 0 0
14.904 14 ESTIMATOR 202.740479 4.34
15.002 14 ENERGY 88 12.5 1.627817 20.347708 0.012563 0.157038
15.003 14 AIRSPEED 0. 0. 0. 0.
15.003 14 ATTITUDE 0.15131 5.486103 0.267964
15.086 14 NAVIGATION 3 2 -33.90625 64.5 126.728821 72.86895 6 6 6 0 0 0
15.102 14 GPS 3 36024846 481366225 3156 203847 1426 426 0 175293960 31 0
15.286 14 FBW_STATUS 2 0 1 12.5 1.627817
15.303 14 CALIBRATION 0. 0
15.303 14 DL_VALUE 18 1.
15.303 14 WP_MOVED 9 360459.6875 4813680. 235. 31
15.336 14 NAVIGATION 3 2 -36.28125 67. 123.289352 76.192711 6 6 6 0 0 0
15.353 14 GPS 3 36024574 481366519 3173 205120 1430 456 0 175294240 31 0
15.353 14 SVINFO 0 7 0 0 49 64 16
15.403 14 ESTIMATOR 204.933243 4.56
15.503 14 ATTITUDE 0.143303 5.538698 0.264415
15.586 14 NAVIGATION 3 2 -39. 70. 119.24572 80.131142 6 6 6 0 0 0
15.603 14 GPS 3 36024347 481366778 3187 206206 1433 453 0 175294480 31 0
15.803 14 WP_MOVED 10 360424. 4813592.5 235. 31
15.836 14 NAVIGATION 3 2 -41.28125 72.5 115.866409 83.428963 6 6 6 0 0 0
15.853 14 GPS 3 36024125 481367041 3199 207293 1435 452 0 175294720 31 0
15.903 14 NAVIGATION 3 2 -43.5 75. 115.866409 83.428963 6 6 6 0 0 0
15.904 14 ESTIMATOR 207.253357 4.52
15.953 14 DESIRED 0.033067 0.272108 5.599153 -114.5 162.300003 235. 0. 13.
16.003 14 IR_SENSORS 0 0 92 9 249
16.003 14 AIRSPEED 0. 0. 0. 0.
16.004 14 ATTITUDE 0.098961 5.583723 0.266654
16.086 14 NAVIGATION 3 2 -43.5 75. 112.526848 86.70208 7 7 7 0 0 0
16.103 14 FBW_STATUS 2 0 1 12.5 1.627817
16.103 14 ENERGY 88 12.5 1.627817 20.347708 0.015547 0.194342
16.103 14 GPS 3 36023908 481367309 3209 208385 1437 465 0 175294960 31 0
16.202 14 GPS_SOL 683 683 683 7
16.303 14 WP_MOVED 11 360234.40625 4813661.5 235. 31
16.336 14 NAVIGATION 3 2 -45.65625 77.5 109.226837 89.948555 7 7 7 0 0 0
16.354 14 GPS 3 36023659 481367626 3218 209669 1439 476 0 175295240 31 0
16.403 14 ESTIMATOR 209.577728 4.76
16.504 14 ATTITUDE 0.046769 5.617299 0.266654
16.586 14 NAVIGATION 3 2 -48.15625 80.5 105.322052 93.804451 7 7 7 0 0 0
16.604 14 GPS 3 36023448 481367900 3223 210777 1439 477 0 175295480 31 0
16.803 14 DL_VALUE 19 1.
16.804 14 WP_MOVED 0 360326. 4813637. 260. 31
16.836 14 NAVIGATION 4 0 -50.28125 83.5 0. 97.470276 7 0 0 0 0 0
16.853 14 GPS 3 36023238 481368174 3226 211891 1439 485 0 175295720 31 0
16.903 14 NAVIGATION 4 0 -52.34375 86. 0. 97.470276 7 0 0 0 0 0
16.903 14 ESTIMATOR 211.965897 4.85
17.003 14 DESIRED -0.030311 0.261966 5.601744 -114.5 162.300003 235. 0. 13.
17.003 14 AIRSPEED 0. 0. 0. 0.
17.003 14 ATTITUDE -0.001595 5.631208 0.267964
17.086 14 NAVIGATION 4 2 -52.34375 86. 0. 100.677048 8 1 0 0 0 0
17.103 14 CIRCLE 49.5 100.099998 80.
17.103 14 GPS 3 36022994 481368495 3227 213197 1439 496 0 175296000 31 0
17.187 14 COMMANDS 8524,4542,391,0
17.202 14 IR_SENSORS 0 0 92 -15 248
17.202 14 ENERGY 88 12.5 1.627817 20.347708 0.018532 0.231646
17.286 14 FBW_STATUS 2 0 1 12.5 1.627817
17.303 14 WP_MOVED 1 360284. 4813595. 260. 31
17.336 14 NAVIGATION 4 2 -54.84375 89.5 0. 104.967079 8 1 0 0 0 0
17.353 14 GPS 3 36022785 481368770 3227 214318 1439 484 0 175296240 31 0
17.402 14 COMMANDS 8524,4179,411,0
17.403 14 CALIBRATION 0. 1
17.403 14 ESTIMATOR 214.365463 4.84
17.503 14 STATE_FILTER_STATUS 2 3 343
17.504 14 ATTITUDE 0.070896 5.633475 0.271504
17.586 14 NAVIGATION 4 2 -56.90625 92. 0. 108.177269 8 1 0 0 0 0
17.602 14 GPS 3 36022578 481369047 3232 215442 1439 471 0 175296480 31 0
17.703 14 PPRZ_MODE 2 3 2 2 0 6
17.802 14 ALIVE 158,87,147,219,247,235,138,154,89,223,120,51,202,91,226,10
17.803 14 WP_MOVED 2 360333.5 4813695. 235. 31
17.835 14 NAVIGATION 4 2 -59. 95. 0. 111.830231 8 1 0 0 0 0
17.852 14 GPS 3 36022377 481369328 3243 216571 1438 473 0 175296720 31 0
17.903 14 DATALINK_REPORT 8 4 756 531 0 0
17.903 14 NAVIGATION 4 2 -61. 98. 0. 111.830231 8 1 0 0 0 0
17.904 14 ESTIMATOR 216.680847 4.73
18.002 14 AIRSPEED 0. 0. 0. 0.
18.003 14 ATTITUDE 0.200727 5.661028 0.28264
18.052 14 DESIRED 0.6 0.307501 5.601744 -114.5 162.300003 235. 0.583763 13.
18.086 14 NAVIGATION 4 2 -61. 98. 0. 115.433968 9 2 1 0 0 0
18.102 14 FBW_STATUS 2 0 1 12.5 1.545814
18.103 14 GPS 3 36022153 481369661 3261 217895 1435 472 0 175297000 31 0
18.152 14 CIRCLE 49.5 100.099998 80.
18.203 14 GPS_SOL 689 689 689 7
18.302 14 DL_VALUE 20 0.
18.302 14 ENERGY 79 12.5 1.37991 17.24888 0.021425 0.267814
18.302 14 WP_MOVED 3 360461.40625 4813640. 215. 31
18.336 14 NAVIGATION 4 2 -63.21875 101. 0. 119.153725 9 2 1 0 0 0
18.353 14 GPS 3 36021976 481369954 3286 219032 1425 463 0 175297240 31 0
18.403 14 IR_SENSORS 0 0 98 63 240
18.404 14 ESTIMATOR 219.046402 4.63
18.503 14 ATTITUDE 0.341132 5.736513 0.303341
18.586 14 NAVIGATION 4 2 -65. 104. 0. 122.641754 9 2 1 0 0 0
18.603 14 GPS 3 36021815 481370251 3316 220154 1408 470 0 175297480 31 0
18.803 14 WP_MOVED 4 360312.8125 4813652. 185. 31
18.837 14 NAVIGATION 4 2 -66.59375 107. 0. 126.030663 9 2 1 0 0 0
18.853 14 GPS 3 36021677 481370553 3353 221241 1383 473 0 175297720 31 0
18.903 14 NAVIGATION 4 2 -68. 110. 0. 126.030663 9 2 1 0 0 0
18.903 14 ESTIMATOR 221.333908 4.73
19.004 14 AIRSPEED 0. 0. 0. 0.
19.004 14 ATTITUDE 0.474555 5.852598 0.309693
19.069 14 WIND_INFO 14 5 -4. 7.7 0. 6.1
19.086 14 NAVIGATION 4 2 -68. 110. 0. 129.321304 10 3 2 0 0 0
19.104 14 DESIRED 0.6 0.174641 5.601744 -114.5 162.300003 235. 0.409983 13.
19.105 14 GPS 3 36021564 481370857 3397 222267 1351 446 0 175297960 31 0
19.203 14 CIRCLE 49.5 100.099998 80.
19.285 14 FBW_STATUS 2 0 1 12.5 0.669215
19.302 14 WP_MOVED 5 360452.8125 4813581. 260. 31
19.335 14 NAVIGATION 4 2 -69.125 113. 0. 132.466095 10 3 2 0 0 0
19.352 14 GPS 3 36021472 481371212 3459 223349 1307 392 0 175298240 31 0
19.402 14 ENERGY 40 12.5 0.625796 7.822445 0.023264 0.290803
19.402 14 ESTIMATOR 223.53833 3.92
19.504 14 CALIBRATION 150. 2
19.504 14 ATTITUDE 0.570698 0.164272 0.299466
19.586 14 NAVIGATION 4 2 -70.03125 116.5 0. 135.928757 10 3 2 0 0 0
19.603 14 IR_SENSORS 0 0 87 127 220
19.604 14 GPS 3 36021431 481371513 3521 224150 1264 341 0 175298480 31 0
19.805 14 DL_VALUE 21 0.
19.805 14 WP_MOVED 6 360169.5 4813757.5 260. 31
19.836 14 NAVIGATION 4 2 -70.4375 119.5 0. 138.714417 10 3 2 0 0 0
19.853 14 GPS 3 36021425 481371805 3589 224815 1218 283 0 175298720 31 0
19.903 14 NAVIGATION 4 2 -70.5 122.5 0. 138.714417 10 3 2 0 0 0
19.903 14 ESTIMATOR 225.136551 2.83
20.002 14 AIRSPEED 6.1 0. 0. 0.
20.003 14 ATTITUDE 0.611935 0.701439 0.254889
20.086 14 NAVIGATION 4 2 -70.5 122.5 0. 141.338242 11 4 3 0 0 0
20.102 14 FBW_STATUS 2 0 1 12.5 0.262952
20.102 14 GPS 3 36021457 481372086 64 225331 1174 226 0 175298960 31 0
20.153 14 DESIRED 0.6 0.078884 5.601744 -114.5 162.300003 235. 0.295903 13.
20.202 14 GPS_SOL 693 693 693 7
20.263 14 CIRCLE 49.5 100.099998 80.
20.303 14 WP_MOVED 7 360284.5 4813704. 235. 31
20.337 14 NAVIGATION 4 2 -70.1875 125.5 0. 143.793381 11 4 3 0 0 0
20.352 14 GPS 3 36021539 481372392 156 225741 1129 156 0 175299240 31 0
20.403 14 AUTOPILOT_VERSION 51500 v5.15_devel-179-g9a29798-dirty
20.404 14 ESTIMATOR 226.139908 1.56
20.503 14 ENERGY 17 12.5 0.210458 2.63072 0.023875 0.298437
20.503 14 ATTITUDE 0.614487 1.148611 0.198785
20.586 14 NAVIGATION 4 2 -69.34375 128.5 0. 146.016449 11 4 3 0 0 0
20.604 14 GPS 3 36021647 481372634 239 225934 1104 100 0 175299480 31 0
20.804 14 IR_SENSORS 0 0 57 136 223
20.804 14 WP_MOVED 8 360269.1875 4813753. 235. 31
20.836 14 NAVIGATION 4 2 -68.28125 131. 0. 147.727203 11 4 3 0 0 0
20.852 14 GPS 3 36021787 481372856 323 226000 1094 36 0 175299720 31 0
20.903 14 NAVIGATION 4 2 -66.875 133. 0. 147.727203 11 4 3 0 0 0
20.904 14 ESTIMATOR 226.466461 0.36
21.002 14 AIRSPEED 6.1 0. 0. 0.
21.003 14 ATTITUDE 0.605219 1.415585 0.140836
21.086 14 NAVIGATION 4 2 -66.875 133. 0. 148.866608 12 5 4 0 0 0
21.103 14 GPS 3 36021991 481373086 414 225945 1097 -30 0 175300000 31 0
21.203 14 DESIRED 0.6 0.075639 5.601744 -114.5 162.300003 235. 0.256006 13.
21.286 14 FBW_STATUS 2 0 1 12.5 0.236348
21.303 14 DL_VALUE 22 0.
21.303 14 CIRCLE 49.5 100.099998 80.
21.303 14 WP_MOVED 9 360459.6875 4813680. 235. 31
21.335 14 NAVIGATION 4 2 -64.84375 135.5 0. 150.216385 12 5 4 0 0 0
21.354 14 GPS 3 36022197 481373256 505 225812 1110 -63 0 175300240 31 0
21.402 14 ESTIMATOR 226.193207 -0.63
21.503 14 ATTITUDE 0.598029 1.621671 0.096478
21.586 14 NAVIGATION 4 2 -62.78125 137. 0. 150.699982 12 5 4 0 0 0
21.604 14 CALIBRATION 127.297821 0
21.605 14 ENERGY 21 12.5 0.259655 3.245692 0.024293 0.30366
21.605 14 GPS 3 36022428 481373397 586 225624 1128 -70 0 175300480 31 0
21.804 14 WP_MOVED 10 360424. 4813592.5 235. 31
21.836 14 NAVIGATION 4 2 -60.46875 138.5 0. 151.124847 12 5 4 0 0 0
21.853 14 GPS 3 36022681 481373507 663 225406 1150 -62 0 175300720 31 0
21.904 14 NAVIGATION 4 2 -57.9375 139.5 0. 151.124847 12 5 4 0 0 0
21.904 14 ESTIMATOR 225.668808 -0.62
22.003 14 IR_SENSORS 0 0 35 113 238
22.003 14 AIRSPEED 6.1 0. 0. 0.
22.004 14 ATTITUDE 0.506109 1.780471 0.058746
22.086 14 NAVIGATION 4 2 -57.9375 139.5 0. 151.052979 13 6 5 0 0 0
22.102 14 FBW_STATUS 2 0 1 12.5 0.301509
22.103 14 GPS 3 36022950 481373588 732 225185 1172 -61 0 175300960 31 0
22.186 14 COMMANDS 2334,-4146,174,0
22.202 14 GPS_SOL 697 697 697 7
22.253 14 DESIRED -0.084129 0.061575 5.601744 -114.5 162.300003 235. 0.279936 13.
22.304 14 WP_MOVED 11 360234.40625 4813661.5 235. 31
22.336 14 NAVIGATION 4 2 -55.21875 140.5 0. 150.961456 13 6 5 0 0 0
22.352 14 CIRCLE 49.5 100.099998 80.
22.353 14 GPS 3 36023279 481373649 800 224950 1195 -61 0 175301240 31 0
22.402 14 COMMANDS 2443,-5251,193,0
22.402 14 ESTIMATOR 225.193756 -0.61
22.503 14 STATE_FILTER_STATUS 2 3 365
22.503 14 ATTITUDE 0.38698 1.914039 0.036104
22.586 14 NAVIGATION 4 2 -51.9375 141. 0. 150.261459 13 6 5 0 0 0
22.603 14 GPS 3 36023569 481373675 848 224782 1212 -45 0 175301480 31 0
22.703 14 PPRZ_MODE 2 3 2 2 0 6
22.703 14 ENERGY 26 12.5 0.347213 4.34016 0.024853 0.310665
22.804 14 ALIVE 158,87,147,219,247,235,138,154,89,223,120,51,202,91,226,10
22.804 14 DL_VALUE 23 1.
22.804 14 WP_MOVED 0 360326. 4813637. 260. 31
22.836 14 NAVIGATION 4 2 -49.0625 141. 0. 149.292099 13 6 5 0 0 0
22.853 14 GPS 3 36023864 481373681 888 224648 1227 -32 0 175301720 31 0
22.902 14 NAVIGATION 4 2 -46.125 141.5 0. 149.292099 13 6 5 0 0 0
22.903 14 ESTIMATOR 224.807068 -0.32
23.002 14 DATALINK_REPORT 4 5 878 535 0 0
23.003 14 AIRSPEED 6.1 0. 0. 0.
23.003 14 ATTITUDE 0.253536 2.000552 0.02805
23.086 14 NAVIGATION 4 2 -46.125 141.5 0. 148.827972 14 7 6 0 0 0
23.104 14 GPS 3 36024210 481373667 923 224536 1239 -20 0 175302000 31 0
23.203 14 NAVIGATION_REF 360284 4813595 31 185.
23.203 14 IR_SENSORS 0 0 29 37 261
23.285 14 FBW_STATUS 2 0 1 12.5 0.397433
23.303 14 DESIRED -0.6 0.041213 5.601744 -114.5 162.300003 235. 0.305788 13.
23.303 14 WP_MOVED 1 360284. 4813595. 260. 31
23.336 14 NAVIGATION 4 2 -42.65625 141. 0. 147.311081 14 7 6 0 0 0
23.351 14 GPS 3 36024509 481373641 949 224473 1249 -6 0 175302240 31 0
23.403 14 CIRCLE 49.5 100.099998 80.
23.403 14 ESTIMATOR 224.587906 -0.06
23.503 14 ATTITUDE 0.13495 2.060812 0.022556
23.586 14 NAVIGATION 4 2 -39.65625 141. 0. 146.470535 14 7 6 0 0 0
23.603 14 GPS 3 36024809 481373606 966 224439 1257 -6 0 175302480 31 0
23.702 14 CALIBRATION 38.184864 2
23.802 14 ENERGY 32 12.5 0.434879 5.435987 0.025575 0.319683
23.803 14 WP_MOVED 2 360333.5 4813695. 235. 31
23.836 14 NAVIGATION 4 2 -36.65625 140.5 0. 145.203064 14 7 6 0 0 0
23.852 14 GPS 3 36025109 481373566 976 224430 1264 8 0 175302720 31 0
23.852 14 SVINFO 6 13 0 6 48 61 321
23.903 14 NAVIGATION 4 2 -33.65625 140. 0. 145.203064 14 7 6 0 0 0
23.903 14 ESTIMATOR 224.499039 0.08
24.004 14 AIRSPEED 6.1 0. 0. 0.
24.004 14 ATTITUDE 0.005859 2.087026 0.026311
24.086 14 NAVIGATION 4 2 -33.65625 140. 0. 143.988693 15 8 7 0 0 0
24.103 14 FBW_STATUS 2 0 1 12.5 0.445185
24.103 14 GPS 3 36025411 481373523 980 224442 1269 13 0 175302960 31 0
24.203 14 GPS_SOL 699 699 699 7
24.302 14 DL_VALUE 24 1.
24.302 14 WP_MOVED 3 360461.40625 4813640. 215. 31
24.335 14 NAVIGATION 4 2 -30.625 140. 0. 143.310471 15 8 7 0 0 0
24.352 14 DESIRED -0.6 0.038503 5.601744 -114.5 162.300003 235. 0.315025 13.
24.352 14 GPS 3 36025765 481373475 976 224476 1274 4 0 175303240 31 0
24.403 14 IR_SENSORS 0 0 31 -41 260
24.403 14 ESTIMATOR 224.516617 0.04
24.453 14 CIRCLE 49.5 100.099998 80.
24.503 14 ATTITUDE -0.104811 2.08527 0.031404
24.586 14 NAVIGATION 4 2 -27.125 139. 0. 141.621918 15 8 7 0 0 0
24.603 14 GPS 3 36026069 481373440 966 224516 1277 -1 0 175303480 31 0
24.803 14 WP_MOVED 4 360312.8125 4813652. 185. 31
24.836 14 NAVIGATION 4 2 -24.0625 139. 0. 141.067368 15 8 7 0 0 0
24.852 14 GPS 3 36026375 481373413 950 224563 1280 17 0 175303720 31 0
24.903 14 ENERGY 33 12.5 0.461889 5.773616 0.026404 0.330048
24.903 14 NAVIGATION 4 2 -21. 138.5 0. 141.067368 15 8 7 0 0 0
24.904 14 ESTIMATOR 224.532059 0.17
25.003 14 AIRSPEED 6.1 0. 0. 0.
25.003 14 ATTITUDE -0.245714 2.05542 0.03954
25.086 14 NAVIGATION 4 2 -21. 138.5 0. 140.083008 16 9 8 0 0 0
25.103 14 GPS 3 36026734 481373397 924 224621 1282 28 0 175304000 31 0
25.286 14 FBW_STATUS 2 0 1 12.5 0.462949
25.302 14 WP_MOVED 5 360452.8125 4813581. 260. 31
25.335 14 NAVIGATION 4 2 -17.375 138.5 0. 139.585602 16 9 8 0 0 0
25.353 14 GPS 3 36027042 481373402 892 224669 1284 21 0 175304240 31 0
25.353 14 SVINFO 5 12 1 5 48 88 271
25.403 14 DESIRED -0.6 0.063444 5.601744 -114.5 162.300003 235. 0.312372 13.
25.404 14 ESTIMATOR 224.658798 0.21
25.504 14 CIRCLE 49.5 100.099998 80.
25.504 14 ATTITUDE -0.36693 1.990896 0.049377
25.586 14 NAVIGATION 4 2 -14.34375 138.5 0. 139.240768 16 9 8 0 0 0
25.602 14 IR_SENSORS 0 0 33 -117 236
25.602 14 GPS 3 36027350 481373426 854 224713 1285 22 0 175304480 31 0
25.801 14 CALIBRATION 15.778935 2
25.802 14 DL_VALUE 25 0.
25.802 14 WP_MOVED 6 360169.5 4813757.5 260. 31
25.836 14 NAVIGATION 4 2 -11.21875 139. 0. 139.451996 16 9 8 0 0 0
25.851 14 GPS 3 36027655 481373475 809 224749 1286 7 0 175304720 31 0
25.902 14 NAVIGATION 4 2 -8.1875 139. 0. 139.451996 16 9 8 0 0 0
25.903 14 ESTIMATOR 224.762177 0.07
26.003 14 ENERGY 33 12.5 0.453608 5.6701 0.027245 0.340563
26.004 14 AIRSPEED 6.1 0. 0. 0.
26.004 14 ATTITUDE -0.492551 1.898592 0.06773
26.086 14 NAVIGATION 4 2 -8.1875 139. 0. 139.240921 17 10 9 0 0 0
26.103 14 FBW_STATUS 2 0 1 12.5 0.456247
26.103 14 GPS 3 36027954 481373551 757 224773 1288 11 0 175304960 31 0
26.203 14 GPS_SOL 699 699 699 7
26.302 14 WP_MOVED 7 360284.5 4813704. 235. 31
26.336 14 NAVIGATION 4 2 -5.21875 140. 0. 140.097229 17 10 9 0 0 0
26.351 14 GPS 3 36028292 481373679 687 224783 1290 1 0 175305240 31 0
26.403 14 ESTIMATOR 224.799332 0.01
26.452 14 DESIRED -0.6 0.082049 5.601744 -114.5 162.300003 235. 0.306649 13.
26.503 14 ATTITUDE -0.585225 1.757252 0.082512
26.552 14 CIRCLE 49.5 100.099998 80.
26.586 14 NAVIGATION 4 2 -1.84375 141. 0. 141.012054 17 10 9 0 0 0
26.604 14 GPS 3 36028567 481373824 620 224775 1293 -3 0 175305480 31 0
26.804 14 IR_SENSORS 0 0 37 -163 207
26.804 14 WP_MOVED 8 360269.1875 4813753. 235. 31
26.836 14 NAVIGATION 4 2 0.9375 142.5 0. 142.503082 17 10 9 0 0 0
26.852 14 GPS 3 36028822 481374003 550 224756 1298 -16 0 175305720 31 0
26.902 14 NAVIGATION 4 2 3.5 144.5 0. 142.503082 17 10 9 0 0 0
26.903 14 ESTIMATOR 224.779587 -0.16
27.003 14 AIRSPEED 6.1 0. 0. 0.
27.003 14 ATTITUDE -0.604203 1.588463 0.08961
27.086 14 NAVIGATION 4 2 3.5 144.5 0. 144.542389 18 11 10 0 0 0
27.103 14 ENERGY 34 12.5 0.477839 5.972993 0.02809 0.351123
27.103 14 GPS 3 36029054 481374212 479 224734 1303 -29 0 175305960 31 0
27.187 14 COMMANDS 3368,1201,-60,0
27.296 14 FBW_STATUS 2 0 1 12.5 0.491403
27.307 14 DL_VALUE 26 0.
27.307 14 WP_MOVED 9 360459.6875 4813680. 235. 31
27.336 14 NAVIGATION 4 2 5.8125 146.5 0. 146.615265 18 11 10 0 0 0
27.353 14 GPS 3 36029291 481374492 397 224713 1309 -2 0 175306240 31 0
27.403 14 COMMANDS 3426,2804,-35,0
27.403 14 ESTIMATOR 224.678833 -0.02
27.504 14 STATE_FILTER_STATUS 2 3 405
27.505 14 DESIRED -0.214336 0.081307 5.601744 -114.5 162.300003 235. 0.307885 13.
27.506 14 ATTITUDE -0.560945 1.381506 0.083938
27.586 14 NAVIGATION 4 2 8.15625 149.5 0. 149.722321 18 11 10 0 0 0
27.603 14 CIRCLE 49.5 100.099998 80.
27.604 14 GPS 3 36029463 481374756 330 224711 1315 7 0 175306480 31 0
27.703 14 PPRZ_MODE 2 3 2 2 0 6
27.804 14 ALIVE 158,87,147,219,247,235,138,154,89,223,120,51,202,91,226,10
27.805 14 WP_MOVED 10 360424. 4813592.5 235. 31
27.836 14 NAVIGATION 4 2 9.875 152. 0. 152.320435 18 11 10 0 0 0
27.853 14 GPS 3 36029608 481375038 272 224736 1319 3 0 175306720 31 0
27.903 14 CALIBRATION -25.143728 2
27.903 14 NAVIGATION 4 2 11.34375 155. 0. 152.320435 18 11 10 0 0 0
27.904 14 ESTIMATOR 224.709381 0.03
28.003 14 IR_SENSORS 0 0 37 -125 232
28.003 14 AIRSPEED 6.1 0. 0. 0.
28.003 14 ATTITUDE -0.431367 1.18957 0.070884
28.086 14 NAVIGATION 4 2 11.34375 155. 0. 155.414536 19 12 11 0 0 0
28.102 14 DATALINK_REPORT 10 5 1002 535 0 0
28.102 14 FBW_STATUS 2 0 1 12.5 0.518603
28.103 14 GPS 3 36029728 481375331 222 224794 1321 6 0 175306960 31 0
28.203 14 GPS_SOL 699 699 699 7
28.203 14 ENERGY 36 12.5 0.517516 6.468953 0.029014 0.362676
28.304 14 WP_MOVED 11 360234.40625 4813661.5 235. 31
28.336 14 NAVIGATION 4 2 12.53125 158. 0. 158.496155 19 12 11 0 0 0
28.352 14 GPS 3 36029841 481375684 173 224901 1321 25 0 175307240 31 0
28.403 14 ESTIMATOR 224.789948 0.25
28.502 14 ATTITUDE -0.310617 1.016168 0.062621
28.553 14 DESIRED 0.6 0.055246 5.601744 -114.5 162.300003 235. 0.307901 13.
28.586 14 NAVIGATION 4 2 13.65625 161.5 0. 162.07634 19 12 11 0 0 0
28.603 14 GPS 3 36029916 481375991 138 225021 1319 39 0 175307480 31 0
28.603 14 SVINFO 4 11 1 4 48 81 223
28.653 14 CIRCLE 49.5 100.099998 80.
28.805 14 DL_VALUE 27 0.
28.806 14 WP_MOVED 0 360326. 4813637. 260. 31
28.837 14 NAVIGATION 4 2 14.40625 164.5 0. 165.129608 19 12 11 0 0 0
28.853 14 GPS 3 36029977 481376301 110 225159 1315 60 0 175307720 31 0
28.902 14 NAVIGATION 4 2 15. 167.5 0. 165.129608 19 12 11 0 0 0
28.902 14 ESTIMATOR 225.034637 0.6
29.003 14 AIRSPEED 6.1 0. 0. 0.
29.003 14 ATTITUDE -0.179377 0.896613 0.052983
29.071 14 WIND_INFO 14 5 -0.9 -1.3 0. 14.1
29.086 14 NAVIGATION 4 2 15. 167.5 0. 168.170303 20 13 12 0 0 0
29.103 14 GPS 3 36030025 481376612 88 225309 1309 60 0 175307960 31 0
29.104 14 SVINFO 6 13 1 6 47 52 324
29.203 14 IR_SENSORS 0 0 36 -50 258
29.291 14 FBW_STATUS 2 0 1 12.5 0.472509
29.303 14 ENERGY 34 12.5 0.472509 5.906367 0.029935 0.374193
29.303 14 WP_MOVED 1 360284. 4813595. 260. 31
29.337 14 NAVIGATION 4 2 15.5 170.5 0. 171.203094 20 13 12 0 0 0
29.353 14 GPS 3 36030071 481376973 71 225487 1301 73 0 175308240 31 0
29.403 14 ESTIMATOR 225.39743 0.73
29.504 14 ATTITUDE -0.055388 0.175394 0.046038
29.586 14 NAVIGATION 4 2 15.96875 174. 0. 174.731216 20 13 12 0 0 0
29.603 14 DESIRED 0.6 0.01698 5.601744 -114.5 162.300003 235. 0.288077 13.
29.604 14 GPS 3 36030105 481377282 63 225634 1293 61 0 175308480 31 0
29.703 14 CIRCLE 49.5 100.099998 80.
29.803 14 WP_MOVED 2 360333.5 4813695. 235. 31
29.838 14 NAVIGATION 4 2 16.28125 177.5 0. 178.245132 20 13 12 0 0 0
29.853 14 GPS 3 36030139 481377589 61 225770 1286 47 0 175308720 31 0
29.902 14 NAVIGATION 4 2 16.65625 180.5 0. 178.245132 20 13 12 0 0 0
29.902 14 ESTIMATOR 225.752396 0.47
30.002 14 CALIBRATION -8.860086 0
30.003 14 AIRSPEED 14.1 0. 0. 0.
30.003 14 ATTITUDE 0.070436 0.160466 0.037556
30.086 14 NAVIGATION 4 2 16.65625 180.5 0. 181.266876 21 14 13 0 0 0
30.102 14 FBW_STATUS 2 0 1 12.5 0.446937
30.102 14 GPS 3 36030174 481377894 66 225889 1281 38 0 175308960 31 0
30.203 14 GPS_SOL 697 697 697 7
30.304 14 DL_VALUE 28 0.
30.304 14 WP_MOVED 3 360461.40625 4813640. 215. 31
30.338 14 NAVIGATION 4 2 17. 183.5 0. 184.285782 21 14 13 0 0 0
30.353 14 GPS 3 36030223 481378249 79 226002 1276 36 0 175309240 31 0
30.403 14 IR_SENSORS 0 0 31 29 262
30.403 14 ENERGY 32 12.5 0.443959 5.54949 0.030767 0.384589
30.403 14 ESTIMATOR 225.978073 0.36
30.503 14 ATTITUDE 0.192371 0.188796 0.030954
30.586 14 NAVIGATION 4 2 17.5 187. 0. 187.817062 21 14 13 0 0 0
30.604 14 GPS 3 36030275 481378550 97 226076 1274 28 0 175309480 31 0
30.604 14 SVINFO 5 12 1 5 47 85 274
30.653 14 DESIRED 0.6 0.036761 5.601744 -114.5 162.300003 235. 0.270658 13.
30.753 14 CIRCLE 49.5 100.099998 80.
30.804 14 WP_MOVED 4 360312.8125 4813652. 185. 31
30.837 14 NAVIGATION 4 2 18. 190. 0. 190.850723 21 14 13 0 0 0
30.854 14 GPS 3 36030340 481378849 122 226128 1274 32 0 175309720 31 0
30.903 14 NAVIGATION 4 2 18.65625 193. 0. 190.850723 21 14 13 0 0 0
30.903 14 ESTIMATOR 226.136993 0.32
31.004 14 AIRSPEED 14.1 0. 0. 0.
31.004 14 ATTITUDE 0.311484 0.257061 0.029389
31.086 14 NAVIGATION 4 2 18.65625 193. 0. 193.899597 22 15 14 0 0 0
31.102 14 GPS 3 36030437 481379193 157 226162 1275 9 0 175310000 31 0
31.290 14 FBW_STATUS 2 0 1 12.5 0.445185
31.303 14 WP_MOVED 5 360452.8125 4813581. 260. 31
31.335 14 NAVIGATION 4 2 19.625 196.5 0. 197.47757 22 15 14 0 0 0
31.353 14 GPS 3 36030542 481379481 204 226171 1278 18 0 175310240 31 0
31.401 14 ESTIMATOR 226.212708 0.18
31.503 14 AUTOPILOT_VERSION 51500 v5.15_devel-179-g9a29798-dirty
31.504 14 ENERGY 32 12.5 0.44571 5.571377 0.031579 0.39474
31.504 14 ATTITUDE 0.443338 0.384216 0.034576
31.586 14 NAVIGATION 4 2 20.6875 199.5 0. 200.569748 22 15 14 0 0 0
31.602 14 IR_SENSORS 0 0 30 105 242
31.602 14 GPS 3 36030672 481379760 248 226161 1282 17 0 175310480 31 0
31.703 14 DESIRED 0.6 0.064134 5.601744 -114.5 162.300003 235. 0.263619 13.
31.802 14 DL_VALUE 29 5.
31.802 14 CIRCLE 49.5 100.099998 80.
31.802 14 WP_MOVED 6 360169.5 4813757.5 260. 31
31.836 14 NAVIGATION 4 2 21.96875 202.5 0. 203.688187 22 15 14 0 0 0
31.852 14 GPS 3 36030828 481380027 302 226134 1287 -5 0 175310720 31 0
31.853 14 SVINFO 3 10 1 3 48 48 175
31.903 14 NAVIGATION 4 2 23.53125 205. 0. 203.688187 22 15 14 0 0 0
31.903 14 ESTIMATOR 226.238358 -0.05
32.002 14 AIRSPEED 14.1 0. 0. 0.
32.003 14 ATTITUDE 0.560365 0.537141 0.0498
32.086 14 NAVIGATION 4 2 23.53125 205. 0. 206.346115 23 16 15 0 0 0
32.103 14 CALIBRATION -15.096779 0
32.104 14 FBW_STATUS 2 0 1 12.5 0.458714
32.104 14 GPS 3 36031012 481380276 364 226091 1292 -18 0 175310960 31 0
32.186 14 COMMANDS 3241,92,266,0
32.202 14 NAVIGATION_REF 360284 4813595 31 185.
32.203 14 GPS_SOL 694 694 694 7
32.303 14 WP_MOVED 7 360284.5 4813704. 235. 31
32.336 14 NAVIGATION 4 2 25.375 207.5 0. 209.045792 23 16 15 0 0 0
32.352 14 GPS 3 36031264 481380539 450 226026 1301 -23 0 175311240 31 0
32.403 14 COMMANDS 3298,-34,221,0
32.403 14 ESTIMATOR 226.115402 -0.23
32.503 14 STATE_FILTER_STATUS 2 3 395
32.504 14 ATTITUDE 0.604552 0.766109 0.057727
32.586 14 NAVIGATION 4 2 27.875 210. 0. 211.841965 23 16 15 0 0 0
32.603 14 ENERGY 35 12.5 0.481757 6.021962 0.032422 0.405272
32.604 14 GPS 3 36031510 481380734 514 225968 1308 -48 0 175311480 31 0
32.604 14 SVINFO 6 13 1 6 46 46 326
32.704 14 PPRZ_MODE 2 3 2 2 0 6
32.753 14 DESIRED 0.6 0.076301 5.601744 -114.5 162.300003 235. 0.266538 13.
32.802 14 ALIVE 158,87,147,219,247,235,138,154,89,223,120,51,202,91,226,10
32.802 14 IR_SENSORS 0 0 35 136 226
32.802 14 WP_MOVED 8 360269.1875 4813753. 235. 31
32.837 14 NAVIGATION 4 2 30.375 212. 0. 214.164978 23 16 15 0 0 0
32.853 14 CIRCLE 49.5 100.099998 80.
32.853 14 GPS 3 36031779 481380899 585 225920 1316 -40 0 175311720 31 0
32.903 14 NAVIGATION 4 2 33.0625 213.5 0. 214.164978 23 16 15 0 0 0
32.904 14 ESTIMATOR 225.917938 -0.4
33.003 14 AIRSPEED 14.1 0. 0. 0.
33.003 14 ATTITUDE 0.604552 0.977665 0.070698
33.086 14 NAVIGATION 4 2 33.0625 213.5 0. 216.044861 24 17 16 0 0 0
33.103 14 GPS 3 36032068 481381031 655 225887 1323 -49 0 175311960 31 0
33.203 14 DATALINK_REPORT 5 6 1128 546 0 0
33.301 14 FBW_STATUS 2 0 1 12.5 0.533333
33.303 14 DL_VALUE 30 100.
33.303 14 WP_MOVED 9 360459.6875 4813680. 235. 31
33.337 14 NAVIGATION 4 2 35.9375 214.5 0. 217.48967 24 17 16 0 0 0
33.352 14 GPS 3 36032425 481381140 741 225871 1331 -39 0 175312240 31 0
33.352 14 SVINFO 2 9 0 2 48 10 126
33.403 14 ESTIMATOR 225.753662 -0.39
33.503 14 ATTITUDE 0.604552 1.225902 0.075011
33.586 14 NAVIGATION 4 2 39.5 216. 0. 219.581985 24 17 16 0 0 0
33.602 14 GPS 3 36032741 481381192 805 225879 1336 -35 0 175312480 31 0
33.703 14 ENERGY 39 12.5 0.55791 6.97387 0.03338 0.417247
33.802 14 DESIRED 0.6 0.076844 5.601744 -114.5 162.300003 235. 0.27739 13.
33.803 14 WP_MOVED 10 360424. 4813592.5 235. 31
33.838 14 NAVIGATION 4 2 42.65625 216.5 0. 220.662201 24 17 16 0 0 0
33.853 14 GPS 3 36033063 481381207 874 225904 1341 -41 0 175312720 31 0
33.853 14 SVINFO 4 11 1 4 47 86 226
33.903 14 CIRCLE 49.5 100.099998 80.
33.903 14 NAVIGATION 4 2 45.875 216.5 0. 220.662201 24 17 16 0 0 0
33.904 14 ESTIMATOR 225.697296 -0.41
34.003 14 IR_SENSORS 0 0 38 136 226
34.003 14 AIRSPEED 14.1 0. 0. 0.
34.003 14 ATTITUDE 0.604552 1.438523 0.079317
34.086 14 NAVIGATION 4 2 45.875 216.5 0. 221.306946 25 18 17 0 0 0
34.102 14 FBW_STATUS 2 0 1 12.5 0.585358
34.103 14 GPS 3 36033385 481381183 942 225945 1346 -40 0 175312960 31 0
34.103 14 SVINFO 5 12 0 5 46 82 276
34.202 14 CALIBRATION -95.834244 0
34.203 14 GPS_SOL 690 690 690 7
34.305 14 WP_MOVED 11 360234.40625 4813661.5 235. 31
34.338 14 NAVIGATION 4 2 49.09375 216.5 0. 221.996506 25 18 17 0 0 0
34.352 14 GPS 3 36033755 481381106 1028 226011 1352 -15 0 175313240 31 0
34.403 14 ESTIMATOR 225.694244 -0.15
34.502 14 ATTITUDE 0.604552 1.691154 0.083617
34.586 14 NAVIGATION 4 2 52.8125 215.5 0. 221.877014 25 18 17 0 0 0
34.603 14 GPS 3 36034063 481381000 1090 226081 1355 -21 0 175313480 31 0
34.805 14 DL_VALUE 31 1.
34.807 14 ENERGY 42 12.5 0.617655 7.720682 0.034463 0.430792
34.807 14 WP_MOVED 0 360326. 4813637. 260. 31
34.836 14 NAVIGATION 4 2 55.875 214.5 0. 221.65799 25 18 17 0 0 0
34.854 14 DESIRED 0.6 0.076487 5.601744 -114.5 162.300003 235. 0.277032 13.
34.855 14 GPS 3 36034356 481380857 1158 226160 1358 -6 0 175313720 31 0
34.902 14 NAVIGATION 4 2 58.8125 213. 0. 221.65799 25 18 17 0 0 0
34.903 14 ESTIMATOR 225.82901 -0.06
34.953 14 CIRCLE 49.5 100.099998 80.
35.004 14 AIRSPEED 14.1 0. 0. 0.
35.004 14 ATTITUDE 0.601297 1.909537 0.083617
35.086 14 NAVIGATION 4 2 58.8125 213. 0. 220.970383 26 19 18 0 0 0
35.103 14 GPS 3 36034632 481380681 1226 226246 1362 -2 0 175313960 31 0
35.203 14 IR_SENSORS 0 0 38 135 226
35.300 14 FBW_STATUS 2 0 1 12.5 0.630731
35.303 14 WP_MOVED 1 360284. 4813595. 260. 31
35.339 14 NAVIGATION 4 2 61.5625 211. 0. 219.797501 26 19 18 0 0 0
35.354 14 GPS 3 36034925 481380436 1310 226355 1365 8 0 175314240 31 0
35.354 14 SVINFO 3 10 1 3 47 54 177
35.403 14 ESTIMATOR 226.03154 0.08
35.503 14 ATTITUDE 0.584336 2.170535 0.077882
35.587 14 NAVIGATION 4 2 66.71875 206.5 0. 217.010696 26 19 18 0 0 0
35.603 14 GPS 3 36035149 481380196 1369 226457 1368 18 0 175314480 31 0
35.811 14 WP_MOVED 2 360333.5 4813695. 235. 31
35.837 14 NAVIGATION 4 2 68.71875 204. 0. 215.263245 26 19 18 0 0 0
35.853 14 GPS 3 36035348 481379934 1428 226578 1369 16 0 175314720 31 0
35.902 14 ENERGY 43 12.5 0.633393 7.917408 0.035617 0.445209
35.902 14 DESIRED -0.271167 0.06417 5.601744 -114.5 162.300003 235. 0.261073 13.
35.902 14 NAVIGATION 4 2 68.71875 204. 0. 215.263245 26 19 18 0 0 0
35.902 14 ESTIMATOR 226.297562 0.16
36.003 14 CIRCLE 49.5 100.099998 80.
36.003 14 AIRSPEED 14.1 0. 0. 0.
36.003 14 ATTITUDE 0.453232 2.379567 0.067856
36.086 14 NAVIGATION 4 2 68.71875 204. 0. 215.263245 27 20 19 0 0 0
36.103 14 FBW_STATUS 2 0 1 12.5 0.635676
36.103 14 GPS 3 36035549 481379608 1483 226750 1369 31 0 175315000 31 0
36.104 14 SVINFO 6 13 1 6 45 40 328
36.203 14 GPS_SOL 685 685 685 7
36.319 14 CALIBRATION -129.091537 0
36.320 14 DL_VALUE 32 0.
36.321 14 WP_MOVED 3 360461.40625 4813640. 215. 31
36.336 14 NAVIGATION 4 2 70.71875 200.5 0. 212.606186 27 20 19 0 0 0
36.353 14 GPS 3 36035698 481379316 1533 226923 1367 75 0 175315240 31 0
36.402 14 IR_SENSORS 0 0 37 75 252
36.402 14 ESTIMATOR 226.623474 0.75
36.503 14 ATTITUDE 0.328084 2.569193 0.057385
36.586 14 NAVIGATION 4 2 72.21875 198. 0. 210.759445 27 20 19 0 0 0
36.602 14 GPS 3 36035828 481379015 1565 227115 1363 74 0 175315480 31 0
36.602 14 SVINFO 1 8 1 1 48 0 78
36.809 14 WP_MOVED 4 360312.8125 4813652. 185. 31
36.837 14 NAVIGATION 4 2 73.53125 194.5 0. 207.935318 27 20 19 0 0 0
36.853 14 GPS 3 36035942 481378710 1595 227320 1357 83 0 175315720 31 0
36.903 14 NAVIGATION 4 2 74.6875 191.5 0. 207.935318 27 20 19 0 0 0
36.903 14 ESTIMATOR 227.137131 0.83
36.954 14 DESIRED -0.6 0.035849 5.601744 -114.5 162.300003 235. 0.243331 13.
37.003 14 ENERGY 40 12.5 0.589278 7.365973 0.036751 0.459392
37.004 14 AIRSPEED 14.1 0. 0. 0.
37.004 14 ATTITUDE 0.199898 2.682514 0.0498
37.053 14 CIRCLE 49.5 100.099998 80.
37.086 14 NAVIGATION 4 2 74.6875 191.5 0. 205.549194 28 21 20 0 0 0
37.104 14 GPS 3 36036058 481378350 1620 227566 1350 96 0 175316000 31 0
37.187 14 COMMANDS 3837,-4664,-273,0
37.286 14 FBW_STATUS 2 0 1 12.5 0.566407
37.315 14 WP_MOVED 5 360452.8125 4813581. 260. 31
37.337 14 NAVIGATION 4 2 75.8125 188. 0. 202.710464 28 21 20 0 0 0
37.352 14 GPS 3 36036148 481378041 1639 227776 1341 95 0 175316240 31 0
37.352 14 SVINFO 4 11 0 4 46 88 228
37.402 14 COMMANDS 3746,-5313,-268,0
37.402 14 ESTIMATOR 227.674118 0.95
37.503 14 STATE_FILTER_STATUS 2 3 301
37.503 14 ATTITUDE 0.07804 2.762463 0.041298
37.586 14 NAVIGATION 4 2 76.71875 185. 0. 200.276718 28 21 20 0 0 0
37.602 14 IR_SENSORS 0 0 34 -3 263
37.603 14 GPS 3 36036232 481377732 1648 227977 1333 87 0 175316480 31 0
37.603 14 SVINFO 5 12 1 5 45 78 278
37.703 14 PPRZ_MODE 2 3 2 2 0 6
37.815 14 ALIVE 158,87,147,219,247,235,138,154,89,223,120,51,202,91,226,10
37.815 14 DL_VALUE 33 0.
37.815 14 WP_MOVED 6 360169.5 4813757.5 260. 31
37.835 14 NAVIGATION 4 2 77.5625 182. 0. 197.838165 28 21 20 0 0 0
37.852 14 GPS 3 36036313 481377425 1651 228164 1325 68 0 175316720 31 0
37.853 14 SVINFO 6 13 1 6 44 37 329
37.902 14 NAVIGATION 4 2 78.375 179. 0. 197.838165 28 21 20 0 0 0
37.903 14 ESTIMATOR 228.150528 0.68
38.002 14 DESIRED -0.6 0.015938 5.601744 -114.5 162.300003 235. 0.212149 13.
38.003 14 AIRSPEED 14.1 0. 0. 0.
38.003 14 ATTITUDE -0.051175 2.785167 0.034269
38.086 14 NAVIGATION 4 2 78.375 179. 0. 195.406342 29 22 21 0 0 0
38.103 14 FBW_STATUS 2 0 1 12.5 0.516792
38.104 14 ENERGY 36 12.5 0.517335 6.46669 0.037758 0.471974
38.105 14 CIRCLE 49.5 100.099998 80.
38.106 14 GPS 3 36036395 481377119 1649 228332 1318 55 0 175316960 31 0
38.106 14 SVINFO 0 7 0 0 48 24 29
38.203 14 GPS_SOL 678 678 678 7
38.305 14 DATALINK_REPORT 10 6 1258 546 0 0
38.306 14 WP_MOVED 7 360284.5 4813704. 235. 31
38.339 14 NAVIGATION 4 2 79.21875 175.5 0. 192.550934 29 22 21 0 0 0
38.353 14 GPS 3 36036496 481376765 1638 228499 1311 45 0 175317240 31 0
38.403 14 CALIBRATION -60.446461 0
38.404 14 ESTIMATOR 228.470444 0.45
38.504 14 ATTITUDE -0.17021 2.75882 0.028939
38.586 14 NAVIGATION 4 2 80.21875 172. 0. 189.78685 29 22 21 0 0 0
38.602 14 GPS 3 36036591 481376466 1623 228617 1308 28 0 175317480 31 0
38.603 14 SVINFO 2 9 1 2 47 17 129
38.818 14 IR_SENSORS 0 0 29 -82 251
38.818 14 WP_MOVED 8 360269.1875 4813753. 235. 31
38.836 14 NAVIGATION 4 2 81.15625 169.5 0. 187.927078 29 22 21 0 0 0
38.852 14 GPS 3 36036698 481376171 1601 228709 1306 10 0 175317720 31 0
38.853 14 SVINFO 3 10 0 3 46 60 179
38.902 14 NAVIGATION 4 2 82.21875 166. 0. 187.927078 29 22 21 0 0 0
38.903 14 ESTIMATOR 228.673813 0.1
39.003 14 AIRSPEED 14.1 0. 0. 0.
39.004 14 ATTITUDE -0.292399 2.689808 0.025161
39.053 14 DESIRED -0.6 0.040947 5.601744 -114.5 162.300003 235. 0.19225 13.
39.072 14 WIND_INFO 14 5 -0.6 -0.5 0. 13.7
39.086 14 NAVIGATION 4 2 82.21875 166. 0. 185.245575 30 23 22 0 0 0
39.103 14 GPS 3 36036819 481375882 1572 228779 1306 9 0 175317960 31 0
39.152 14 CIRCLE 49.5 100.099998 80.
39.203 14 ENERGY 36 12.5 0.506493 6.331161 0.038687 0.483586
39.286 14 FBW_STATUS 2 0 1 12.5 0.507214
39.314 14 DL_VALUE 34 80.
39.317 14 WP_MOVED 9 360459.6875 4813680. 235. 31
39.335 14 NAVIGATION 4 2 83.4375 163. 0. 183.114212 30 23 22 0 0 0
39.353 14 GPS 3 36036983 481375554 1527 228832 1309 1 0 175318240 31 0
39.402 14 ESTIMATOR 228.764999 0.01
39.504 14 ATTITUDE -0.421118 2.607283 0.031825
39.586 14 NAVIGATION 4 2 85.09375 160. 0. 181.220703 30 23 22 0 0 0
39.603 14 GPS 3 36037146 481375285 1487 228857 1312 -10 0 175318480 31 0
39.816 14 WP_MOVED 10 360424. 4813592.5 235. 31
39.840 14 NAVIGATION 4 2 86.6875 157.5 0. 179.78035 30 23 22 0 0 0
39.852 14 GPS 3 36037334 481375030 1436 228864 1316 -22 0 175318720 31 0
39.902 14 NAVIGATION 4 2 88.625 155. 0. 179.78035 30 23 22 0 0 0
39.903 14 ESTIMATOR 228.790741 -0.22
40.002 14 IR_SENSORS 0 0 29 -150 217
40.003 14 AIRSPEED 13.7 0. 0. 0.
40.003 14 ATTITUDE -0.541994 2.447787 0.045587
40.087 14 NAVIGATION 4 2 88.625 155. 0. 178.548004 31 24 23 0 0 0
40.102 14 FBW_STATUS 2 0 1 12.5 0.531509
40.102 14 DESIRED -0.551347 0.067516 5.601744 -114.5 162.300003 235. 0.186278 13.
40.103 14 GPS 3 36037585 481374758 1373 228852 1323 -16 0 175319000 31 0
40.104 14 SVINFO 1 8 1 1 47 0 80
40.203 14 GPS_SOL 670 670 670 7
40.203 14 CIRCLE 49.5 100.099998 80.
40.321 14 ENERGY 38 12.5 0.536619 6.707737 0.039639 0.495488
40.322 14 WP_MOVED 11 360234.40625 4813661.5 235. 31
40.336 14 NAVIGATION 4 2 91.09375 152. 0. 177.206299 31 24 23 0 0 0
40.354 14 GPS 3 36037828 481374551 1298 228828 1331 -24 0 175319240 31 0
40.402 14 ESTIMATOR 228.75119 -0.24
40.503 14 CALIBRATION -82.424767 0
40.504 14 ATTITUDE -0.588245 2.209195 0.059294
40.586 14 NAVIGATION 4 2 93.53125 150. 0. 176.771301 31 24 23 0 0 0
40.603 14 GPS 3 36038095 481374372 1237 228802 1338 1 0 175319480 31 0
40.819 14 DL_VALUE 35 0.
40.820 14 WP_MOVED 0 360326. 4813637. 260. 31
40.836 14 NAVIGATION 4 2 96.21875 148. 0. 176.527756 31 24 23 0 0 0
40.852 14 GPS 3 36038381 481374223 1175 228794 1345 4 0 175319720 31 0
40.853 14 SVINFO 4 11 1 4 45 89 230
40.903 14 NAVIGATION 4 2 99.0625 146.5 0. 176.527756 31 24 23 0 0 0
40.903 14 ESTIMATOR 228.741592 0.04
41.002 14 AIRSPEED 13.7 0. 0. 0.
41.003 14 ATTITUDE -0.465243 1.999563 0.056472
41.087 14 NAVIGATION 4 2 99.0625 146.5 0. 176.849167 32 25 24 0 0 0
41.102 14 GPS 3 36038681 481374101 1121 228819 1349 21 0 175319960 31 0
41.103 14 SVINFO 5 12 1 5 44 73 280
41.154 14 DESIRED 0.435692 0.053787 5.601744 -114.5 162.300003 235. 0.187752 13.
41.204 14 NAVIGATION_REF 360284 4813595 31 185.
41.204 14 IR_SENSORS 0 0 33 -121 234
41.253 14 CIRCLE 49.5 100.099998 80.
41.287 14 FBW_STATUS 2 0 1 12.5 0.551097
41.320 14 WP_MOVED 1 360284. 4813595. 260. 31
41.341 14 NAVIGATION 4 2 102.0625 145.5 0. 177.727325 32 25 24 0 0 0
41.352 14 GPS 3 36039043 481373989 1065 228896 1351 57 0 175320240 31 0
41.353 14 SVINFO 6 13 0 6 43 31 331
41.403 14 ENERGY 38 12.5 0.545038 6.812978 0.040645 0.508062
41.403 14 ESTIMATOR 228.841949 0.57
41.503 14 ATTITUDE -0.355007 1.812439 0.052887
41.587 14 NAVIGATION 4 2 105.6875 144.5 0. 179.025406 32 25 24 0 0 0
41.602 14 GPS 3 36039358 481373915 1030 228999 1349 49 0 175320480 31 0
41.804 14 WP_MOVED 2 360333.5 4813695. 235. 31
41.837 14 NAVIGATION 4 2 108.84375 143.5 0. 180.108887 32 25 24 0 0 0
41.854 14 GPS 3 36039676 481373860 999 229129 1344 75 0 175320720 31 0
41.903 14 NAVIGATION 4 2 112. 143. 0. 180.108887 32 25 24 0 0 0
41.904 14 ESTIMATOR 229.112732 0.75
42.003 14 AIRSPEED 13.7 0. 0. 0.
42.003 14 ATTITUDE -0.214423 1.701474 0.046321
42.086 14 NAVIGATION 4 2 112. 143. 0. 181.639755 33 26 25 0 0 0
42.103 14 FBW_STATUS 2 0 1 12.5 0.512811
42.103 14 GPS 3 36040047 481373812 972 229303 1336 81 0 175321000 31 0
42.103 14 SVINFO 2 9 1 2 46 22 131
42.186 14 COMMANDS 3471,5810,-212,0
42.204 14 GPS_SOL 661 661 661 7
42.204 14 DESIRED 0.6 0.025792 5.601744 -114.5 162.300003 235. 0.176618 13.
42.303 14 DL_VALUE 36 2.
42.303 14 CIRCLE 49.5 100.099998 80.
42.303 14 WP_MOVED 3 360461.40625 4813640. 215. 31
42.339 14 NAVIGATION 4 2 115.71875 142.5 0. 183.567642 33 26 25 0 0 0
42.353 14 GPS 3 36040364 481373783 951 229461 1326 111 0 175321240 31 0
42.354 14 SVINFO 3 10 1 3 45 66 181
42.402 14 COMMANDS 3360,5431,-261,0
42.402 14 IR_SENSORS 0 0 34 -46 259
42.403 14 ESTIMATOR 229.492538 1.11
42.503 14 STATE_FILTER_STATUS 2 3 332
42.503 14 ENERGY 34 12.5 0.479797 5.997467 0.041597 0.519957
42.503 14 ATTITUDE -0.101069 1.621326 0.038982
42.586 14 NAVIGATION 4 2 118.875 142.5 0. 185.573471 33 26 25 0 0 0
42.604 14 AUTOPILOT_VERSION 51500 v5.15_devel-179-g9a29798-dirty
42.604 14 CALIBRATION -44.733124 0
42.604 14 GPS 3 36040680 481373760 941 229618 1318 114 0 175321480 31 0
42.605 14 SVINFO 4 11 1 4 44 89 231
42.703 14 PPRZ_MODE 2 3 2 2 0 6
42.803 14 ALIVE 158,87,147,219,247,235,138,154,89,223,120,51,202,91,226,10
42.803 14 WP_MOVED 4 360312.8125 4813652. 185. 31
42.837 14 NAVIGATION 4 2 122.0625 142. 0. 187.251846 33 26 25 0 0 0
42.852 14 GPS 3 36040993 481373740 936 229766 1308 108 0 175321720 31 0
42.903 14 NAVIGATION 4 2 125.15625 142. 0. 187.251846 33 26 25 0 0 0
42.904 14 ESTIMATOR 229.949722 1.08
43.003 14 AIRSPEED 13.7 0. 0. 0.
43.003 14 ATTITUDE 0.040022 1.594445 0.033811
43.086 14 NAVIGATION 4 2 125.15625 142. 0. 189.283081 34 27 26 0 0 0
43.102 14 GPS 3 36041304 481373720 936 229899 1298 99 0 175321960 31 0
43.103 14 SVINFO 6 13 1 6 42 28 332
43.252 14 DESIRED 0.6 0.01767 5.601744 -114.5 162.300003 235. 0.151508 13.
43.286 14 FBW_STATUS 2 0 1 12.5 0.410637
43.302 14 WP_MOVED 5 360452.8125 4813581. 260. 31
43.337 14 NAVIGATION 4 2 128.28125 142. 0. 191.363739 34 27 26 0 0 0
43.352 14 CIRCLE 49.5 100.099998 80.
43.352 14 GPS 3 36041664 481373692 946 230026 1286 60 0 175322240 31 0
43.352 14 SVINFO 0 7 0 0 47 16 32
43.403 14 DATALINK_REPORT 5 7 1391 564 0 0
43.403 14 ESTIMATOR 230.292831 0.6
43.504 14 ATTITUDE 0.153835 1.611086 0.026311
43.586 14 NAVIGATION 4 2 131.875 141.5 0. 193.425095 34 27 26 0 0 0
43.601 14 IR_SENSORS 0 0 29 32 262
43.602 14 ENERGY 30 12.5 0.40034 5.004254 0.04239 0.529871
43.602 14 GPS 3 36041969 481373660 960 230108 1279 31 0 175322480 31 0
43.802 14 DL_VALUE 37 0.
43.803 14 WP_MOVED 6 360169.5 4813757.5 260. 31
43.837 14 NAVIGATION 4 2 134.9375 141. 0. 195.164368 34 27 26 0 0 0
43.853 14 GPS 3 36042272 481373617 981 230162 1273 23 0 175322720 31 0
43.902 14 NAVIGATION 4 2 137.96875 141. 0. 195.164368 34 27 26 0 0 0
43.902 14 ESTIMATOR 230.364426 0.23
44.003 14 AIRSPEED 13.7 0. 0. 0.
44.004 14 ATTITUDE 0.288494 1.668657 0.025099
44.086 14 NAVIGATION 4 2 137.96875 141. 0. 197.272339 35 28 27 0 0 0
44.103 14 FBW_STATUS 2 0 1 12.5 0.397262
44.103 14 GPS 3 36042571 481373559 1008 230191 1270 20 0 175322960 31 0
44.202 14 GPS_SOL 651 651 651 7
44.304 14 DESIRED 0.6 0.043139 5.601744 -114.5 162.300003 235. 0.139067 13.
44.305 14 WP_MOVED 7 360284.5 4813704. 235. 31
44.336 14 NAVIGATION 4 2 140.96875 140. 0. 198.676086 35 28 27 0 0 0
44.352 14 GPS 3 36042915 481373469 1053 230192 1269 17 0 175323240 31 0
44.402 14 CIRCLE 49.5 100.099998 80.
44.402 14 ESTIMATOR 230.355942 0.17
44.503 14 ATTITUDE 0.407388 1.790042 0.025161
44.586 14 NAVIGATION 4 2 144.40625 139. 0. 200.434937 35 28 27 0 0 0
44.602 14 GPS 3 36043203 481373368 1093 230169 1270 6 0 175323480 31 0
44.603 14 SVINFO 5 12 1 5 43 68 282
44.703 14 CALIBRATION 5.795059 0
44.704 14 ENERGY 29 12.5 0.398117 4.976459 0.043119 0.538991
44.802 14 IR_SENSORS 0 0 29 109 241
44.802 14 WP_MOVED 8 360269.1875 4813753. 235. 31
44.837 14 NAVIGATION 4 2 147.28125 138.5 0. 202.173233 35 28 27 0 0 0
44.852 14 GPS 3 36043481 481373241 1144 230124 1273 9 0 175323720 31 0
44.903 14 NAVIGATION 4 2 150.0625 137. 0. 202.173233 35 28 27 0 0 0
44.903 14 ESTIMATOR 230.295273 0.09
45.003 14 AIRSPEED 13.7 0. 0. 0.
45.003 14 ATTITUDE 0.531573 1.943487 0.039706
45.086 14 NAVIGATION 4 2 150.0625 137. 0. 203.193878 36 29 28 0 0 0
45.103 14 GPS 3 36043745 481373087 1202 230060 1276 6 0 175323960 31 0
45.287 14 FBW_STATUS 2 0 1 12.5 0.402053
45.303 14 DL_VALUE 38 0.
45.304 14 WP_MOVED 9 360459.6875 4813680. 235. 31
45.338 14 NAVIGATION 4 2 152.6875 135.5 0. 204.141434 36 29 28 0 0 0
45.352 14 DESIRED 0.6 0.068675 5.601744 -114.5 162.300003 235. 0.142454 13.
45.353 14 GPS 3 36044031 481372869 1284 229963 1283 -15 0 175324240 31 0
45.354 14 SVINFO 1 8 1 1 46 0 83
45.403 14 ESTIMATOR 230.188553 -0.15
45.452 14 CIRCLE 49.5 100.099998 80.
45.503 14 ATTITUDE 0.604552 2.183757 0.049051
45.586 14 NAVIGATION 4 2 155.5625 133. 0. 204.667267 36 29 28 0 0 0
45.602 14 GPS 3 36044249 481372651 1349 229868 1288 -23 0 175324480 31 0
45.603 14 SVINFO 2 9 1 2 45 28 133
45.803 14 ENERGY 31 12.5 0.419606 5.245078 0.043862 0.54827
45.804 14 WP_MOVED 10 360424. 4813592.5 235. 31
45.837 14 NAVIGATION 4 2 157.71875 131. 0. 205.027328 36 29 28 0 0 0
45.852 14 GPS 3 36044440 481372406 1421 229773 1294 -25 0 175324720 31 0
45.852 14 SVINFO 3 10 1 3 44 71 183
45.902 14 NAVIGATION 4 2 159.65625 128.5 0. 205.027328 36 29 28 0 0 0
45.902 14 ESTIMATOR 229.955246 -0.25
46.003 14 IR_SENSORS 0 0 34 136 226
46.003 14 AIRSPEED 13.7 0. 0. 0.
46.003 14 ATTITUDE 0.604552 2.419891 0.062056
46.086 14 NAVIGATION 4 2 159.65625 128.5 0. 204.944794 37 30 29 0 0 0
46.102 14 FBW_STATUS 2 0 1 12.5 0.431571
46.102 14 GPS 3 36044600 481372138 1492 229688 1300 -23 0 175324960 31 0
46.102 14 SVINFO 4 11 1 4 43 89 233
46.204 14 GPS_SOL 640 640 640 7
46.303 14 WP_MOVED 11 360234.40625 4813661.5 235. 31
46.336 14 NAVIGATION 4 2 161.25 126. 0. 204.640076 37 30 29 0 0 0
46.353 14 GPS 3 36044743 481371801 1580 229606 1306 -19 0 175325240 31 0
46.353 14 SVINFO 5 12 1 5 42 65 283
46.402 14 DESIRED 0.6 0.070711 5.601744 -114.5 162.300003 235. 0.154746 13.
46.402 14 ESTIMATOR 229.738556 -0.19
46.503 14 CIRCLE 49.5 100.099998 80.
46.503 14 ATTITUDE 0.604552 2.700866 0.06638
46.586 14 NAVIGATION 4 2 162.6875 122.5 0. 203.650375 37 30 29 0 0 0
46.603 14 GPS 3 36044827 481371498 1645 229553 1310 -11 0 175325480 31 0
46.604 14 SVINFO 6 13 1 6 41 22 334
46.802 14 CALIBRATION -27.389086 0
46.803 14 DL_VALUE 39 0.
46.803 14 WP_MOVED 0 360326. 4813637. 260. 31
46.838 14 NAVIGATION 4 2 163.53125 119.5 0. 202.540665 37 30 29 0 0 0
46.855 14 GPS 3 36044873 481371186 1715 229514 1313 15 0 175325720 31 0
46.856 14 SVINFO 0 7 0 0 46 12 34
46.902 14 ENERGY 33 12.5 0.451675 5.645932 0.044667 0.558341
46.903 14 NAVIGATION 4 2 163.96875 116.5 0. 202.540665 37 30 29 0 0 0
46.903 14 ESTIMATOR 229.598816 0.15
47.003 14 AIRSPEED 13.7 0. 0. 0.
47.003 14 ATTITUDE 0.604552 2.941932 0.070698
47.086 14 NAVIGATION 4 2 163.96875 116.5 0. 201.141739 38 31 30 0 0 0
47.103 14 GPS 3 36044879 481370818 1791 229486 1315 5 0 175326000 31 0
47.103 14 SVINFO 1 8 0 1 45 1 84
47.186 14 COMMANDS 3185,283,-57,0
47.202 14 IR_SENSORS 0 0 37 135 226
47.287 14 FBW_STATUS 2 0 1 12.5 0.455191
47.302 14 WP_MOVED 1 360284. 4813595. 260. 31
47.340 14 NAVIGATION 4 2 164.0625 112.5 0. 198.929016 38 31 30 0 0 0
47.359 14 GPS 3 36044842 481370504 1873 229473 1316 3 0 175326240 31 0
47.403 14 COMMANDS 3200,-9,-51,0
47.403 14 ESTIMATOR 229.574966 0.03
47.453 14 DESIRED 0.6 0.070739 5.601744 -114.5 162.300003 235. 0.162068 13.
47.503 14 STATE_FILTER_STATUS 2 3 398
47.503 14 ATTITUDE 0.601297 3.227246 0.075011
47.553 14 CIRCLE 49.5 100.099998 80.
47.586 14 NAVIGATION 4 2 163.65625 109.5 0. 196.910172 38 31 30 0 0 0
47.604 14 GPS 3 36044767 481370197 1937 229468 1316 -7 0 175326480 31 0
47.703 14 PPRZ_MODE 2 3 2 2 0 6
47.804 14 ALIVE 158,87,147,219,247,235,138,154,89,223,120,51,202,91,226,10
47.804 14 WP_MOVED 2 360333.5 4813695. 235. 31
47.841 14 NAVIGATION 4 2 162.9375 106.5 0. 194.655792 38 31 30 0 0 0
47.855 14 GPS 3 36044655 481369902 2007 229468 1317 10 0 175326720 31 0
47.901 14 NAVIGATION 4 2 161.8125 103.5 0. 194.655792 38 31 30 0 0 0
47.902 14 ESTIMATOR 229.518204 0.1
48.002 14 ENERGY 33 12.5 0.464539 5.806741 0.045507 0.568837
48.002 14 AIRSPEED 13.7 0. 0. 0.
48.003 14 ATTITUDE 0.601297 3.472569 0.075011
48.086 14 NAVIGATION 4 2 161.8125 103.5 0. 192.082108 39 32 31 0 0 0
48.103 14 FBW_STATUS 2 0 1 12.5 0.465246
48.103 14 GPS 3 36044508 481369622 2077 229472 1317 5 0 175326960 31 0
48.203 14 GPS_SOL 629 629 629 7
48.303 14 DL_VALUE 40 0.
48.303 14 WP_MOVED 3 360461.40625 4813640. 215. 31
48.340 14 NAVIGATION 4 2 160.34375 101. 0. 189.502289 39 32 31 0 0 0
48.355 14 GPS 3 36044295 481369321 2163 229481 1317 -4 0 175327240 31 0
48.356 14 SVINFO 6 13 1 6 40 19 335
48.402 14 IR_SENSORS 0 0 37 130 229
48.402 14 ESTIMATOR 229.522903 -0.04
48.503 14 DATALINK_REPORT 10 7 1520 538 0 0
48.503 14 DESIRED 0.309049 0.06712 5.601744 -114.5 162.300003 235. 0.164253 13.
48.503 14 ATTITUDE 0.565509 3.761439 0.071558
48.586 14 NAVIGATION 4 2 158.21875 97.5 0. 185.847839 39 32 31 0 0 0
48.602 14 CIRCLE 49.5 100.099998 80.
48.603 14 GPS 3 36044082 481369087 2224 229497 1317 7 0 175327480 31 0
48.803 14 WP_MOVED 4 360312.8125 4813652. 185. 31
48.851 14 NAVIGATION 4 2 156.0625 95.5 0. 182.963806 39 32 31 0 0 0
48.853 14 GPS 3 36043846 481368876 2282 229532 1317 -10 0 175327720 31 0
48.903 14 CALIBRATION -43.334846 0
48.903 14 NAVIGATION 4 2 153.71875 93. 0. 182.963806 39 32 31 0 0 0
48.903 14 ESTIMATOR 229.527786 -0.1
49.003 14 AIRSPEED 13.7 0. 0. 0.
49.004 14 ATTITUDE 0.432738 3.982079 0.062621
49.074 14 WIND_INFO 14 5 -0.8 0. 0. 13.4
49.086 14 NAVIGATION 4 2 153.71875 93. 0. 179.662048 40 33 32 0 0 0
49.102 14 ENERGY 34 12.5 0.483183 6.039789 0.046374 0.57967
49.103 14 GPS 3 36043592 481368688 2333 229591 1316 -7 0 175327960 31 0
49.103 14 SVINFO 2 9 0 2 44 34 135
49.287 14 FBW_STATUS 2 0 1 12.5 0.48711
49.302 14 WP_MOVED 5 360452.8125 4813581. 260. 31
49.346 14 NAVIGATION 4 2 151.15625 91.5 0. 176.69313 40 33 32 0 0 0
49.355 14 GPS 3 36043280 481368493 2387 229688 1313 20 0 175328240 31 0
49.357 14 SVINFO 3 10 0 3 43 76 185
49.401 14 ESTIMATOR 229.554214 0.2
49.503 14 ATTITUDE 0.312419 4.132848 0.052983
49.553 14 DESIRED -0.518049 0.040755 5.601744 -114.5 162.300003 235. 0.164236 13.
49.586 14 NAVIGATION 4 2 148.0625 89.5 0. 173.010849 40 33 32 0 0 0
49.603 14 IR_SENSORS 0 0 36 57 257
49.603 14 GPS 3 36043003 481368345 2419 229792 1310 26 0 175328480 31 0
49.604 14 SVINFO 4 11 0 4 42 88 235
49.653 14 CIRCLE 49.5 100.099998 80.
49.802 14 DL_VALUE 41 0.
49.803 14 WP_MOVED 6 360169.5 4813757.5 260. 31
49.840 14 NAVIGATION 4 2 145.28125 88. 0. 169.854767 40 33 32 0 0 0
49.854 14 GPS 3 36042719 481368212 2447 229908 1305 25 0 175328720 31 0
49.854 14 SVINFO 5 12 1 5 41 60 285
49.901 14 NAVIGATION 4 2 142.4375 86.5 0. 169.854767 40 33 32 0 0 0
49.902 14 ESTIMATOR 229.766434 0.25
50.003 14 AIRSPEED 13.4 0. 0. 0.
50.003 14 ATTITUDE 0.192371 4.2446 0.046038
50.086 14 NAVIGATION 4 2 142.4375 86.5 0. 166.645401 41 34 33 0 0 0
50.102 14 FBW_STATUS 2 0 1 12.5 0.478195
50.103 14 GPS 3 36042432 481368090 2470 230032 1301 13 0 175328960 31 0
50.203 14 NAVIGATION_REF 360284 4813595 31 185.
50.204 14 GPS_SOL 616 616 616 7
50.204 14 ENERGY 34 12.5 0.479263 5.990788 0.047259 0.59073
50.304 14 WP_MOVED 7 360284.5 4813704. 235. 31
50.351 14 NAVIGATION 4 2 139.5625 85.5 0. 163.670227 41 34 33 0 0 0
50.352 14 GPS 3 36042094 481367958 2488 230178 1295 27 0 175329240 31 0
50.354 14 SVINFO 0 7 0 0 45 8 36
50.403 14 ESTIMATOR 229.981552 0.27
50.503 14 ATTITUDE 0.062832 4.320329 0.037556
50.587 14 NAVIGATION 4 2 136.21875 84. 0. 160.036087 41 34 33 0 0 0
50.602 14 DESIRED -0.6 0.010905 5.601744 -114.5 162.300003 235. 0.150553 13.
50.603 14 GPS 3 36041803 481367850 2496 230298 1292 28 0 175329480 31 0
50.603 14 SVINFO 1 8 1 1 44 3 86
50.702 14 CIRCLE 49.5 100.099998 80.
50.803 14 IR_SENSORS 0 0 32 -21 263
50.803 14 WP_MOVED 8 360269.1875 4813753. 235. 31
50.845 14 NAVIGATION 4 2 133.28125 83. 0. 157.01239 41 34 33 0 0 0
50.853 14 GPS 3 36041513 481367743 2498 230410 1288 32 0 175329720 31 0
50.854 14 SVINFO 2 9 1 2 43 37 136
50.902 14 NAVIGATION 4 2 130.375 82. 0. 157.01239 41 34 33 0 0 0
50.902 14 ESTIMATOR 230.241348 0.32
51.004 14 CALIBRATION -41.024891 0
51.004 14 AIRSPEED 13.4 0. 0. 0.
51.005 14 ATTITUDE -0.066707 4.338118 0.030954
51.087 14 NAVIGATION 4 2 130.375 82. 0. 154.018311 42 35 34 0 0 0
51.102 14 GPS 3 36041224 481367635 2494 230509 1286 29 0 175329960 31 0
51.103 14 SVINFO 3 10 1 3 42 78 186
51.286 14 FBW_STATUS 2 0 1 12.5 0.462066
51.304 14 DL_VALUE 42 0.
51.304 14 ENERGY 33 12.5 0.462066 5.775824 0.048123 0.60153
51.305 14 WP_MOVED 9 360459.6875 4813680. 235. 31
51.344 14 NAVIGATION 4 2 127.5 81. 0. 151.053802 42 35 34 0 0 0
51.354 14 GPS 3 36040889 481367502 2480 230603 1284 16 0 175330240 31 0
51.354 14 SVINFO 4 11 0 4 41 88 236
51.403 14 ESTIMATOR 230.483414 0.16
51.504 14 ATTITUDE -0.189486 4.304717 0.025534
51.586 14 NAVIGATION 4 2 124.125 79.5 0. 147.401718 42 35 34 0 0 0
51.603 14 GPS 3 36040607 481367378 2463 230663 1284 9 0 175330480 31 0
51.603 14 SVINFO 5 12 1 5 40 57 286
51.653 14 DESIRED -0.6 0.030628 5.601744 -114.5 162.300003 235. 0.135498 13.
51.753 14 CIRCLE 49.5 100.099998 80.
51.803 14 WP_MOVED 10 360424. 4813592.5 235. 31
51.851 14 NAVIGATION 4 2 121.34375 78.5 0. 144.52182 42 35 34 0 0 0
51.853 14 GPS 3 36040330 481367243 2439 230704 1285 -16 0 175330720 31 0
51.857 14 SVINFO 6 13 1 6 39 14 337
51.903 14 NAVIGATION 4 2 118.53125 77. 0. 144.52182 42 35 34 0 0 0
51.903 14 ESTIMATOR 230.61319 -0.16
52.003 14 IR_SENSORS 0 0 28 -99 245
52.003 14 AIRSPEED 13.4 0. 0. 0.
52.003 14 ATTITUDE -0.321188 4.228531 0.026526
52.086 14 NAVIGATION 4 2 118.53125 77. 0. 141.345871 43 36 35 0 0 0
52.103 14 FBW_STATUS 2 0 1 12.5 0.472154
52.104 14 GPS 3 36040060 481367092 2408 230727 1288 -36 0 175330960 31 0
52.186 14 COMMANDS 3324,-1811,186,0
52.203 14 GPS_SOL 603 603 603 7
52.303 14 WP_MOVED 11 360234.40625 4813661.5 235. 31
52.355 14 NAVIGATION 4 2 115.84375 75.5 0. 138.275177 43 36 35 0 0 0
52.356 14 GPS 3 36039757 481366893 2359 230731 1294 -62 0 175331240 31 0
52.403 14 COMMANDS 3407,-1430,214,0
52.403 14 ENERGY 35 12.5 0.491582 6.144771 0.048982 0.612271
52.403 14 ESTIMATOR 230.576248 -0.62
52.504 14 STATE_FILTER_STATUS 2 3 387
52.504 14 ATTITUDE -0.429573 4.081874 0.032332
52.586 14 NAVIGATION 4 2 112.8125 73.5 0. 134.643646 43 36 35 0 0 0
52.603 14 GPS 3 36039513 481366700 2316 230717 1300 -60 0 175331480 31 0
52.703 14 PPRZ_MODE 2 3 2 2 0 6
52.704 14 DESIRED -0.6 0.05652 5.601744 -114.5 162.300003 235. 0.132713 13.
52.803 14 ALIVE 158,87,147,219,247,235,138,154,89,223,120,51,202,91,226,10
52.803 14 DL_VALUE 43 0.
52.803 14 CIRCLE 49.5 100.099998 80.
52.803 14 WP_MOVED 0 360326. 4813637. 260. 31
52.856 14 NAVIGATION 4 2 110.375 71.5 0. 131.51004 43 36 35 0 0 0
52.856 14 GPS 3 36039285 481366483 2263 230688 1308 -52 0 175331720 31 0
52.902 14 NAVIGATION 4 2 108.09375 69.5 0. 131.51004 43 36 35 0 0 0
52.902 14 ESTIMATOR 230.434814 -0.52
53.004 14 AIRSPEED 13.4 0. 0. 0.
53.004 14 ATTITUDE -0.553465 3.906353 0.046195
53.086 14 NAVIGATION 4 2 108.09375 69.5 0. 128.508789 44 37 36 0 0 0
53.103 14 CALIBRATION -83.826347 0
53.103 14 GPS 3 36039049 481366199 2197 230639 1318 -60 0 175332000 31 0
53.203 14 IR_SENSORS 0 0 29 -160 210
53.287 14 FBW_STATUS 2 0 1 12.5 0.552569
53.303 14 WP_MOVED 1 360284. 4813595. 260. 31
53.336 14 NAVIGATION 4 2 105.71875 66.5 0. 124.894775 44 37 36 0 0 0
53.357 14 GPS 3 36038877 481365930 2120 230588 1331 -59 0 175332240 31 0
53.358 14 SVINFO 5 12 1 5 39 54 287
53.402 14 ESTIMATOR 230.326904 -0.59
53.503 14 ENERGY 39 12.5 0.566407 7.080084 0.049952 0.624402
53.503 14 ATTITUDE -0.596553 3.647544 0.0553
53.586 14 NAVIGATION 4 2 104. 63.5 0. 121.853394 44 37 36 0 0 0
53.602 14 DATALINK_REPORT 5 8 1653 557 0 0
53.602 14 GPS 3 36038737 481365640 2057 230541 1341 -47 0 175332480 31 0
53.603 14 SVINFO 6 13 1 6 38 12 338
53.703 14 AUTOPILOT_VERSION 51500 v5.15_devel-179-g9a29798-dirty
53.754 14 DESIRED -0.092861 0.065441 5.601744 -114.5 162.300003 235. 0.140193 13.
53.803 14 WP_MOVED 2 360333.5 4813695. 235. 31
53.836 14 NAVIGATION 4 2 102.625 61. 0. 119.385468 44 37 36 0 0 0
53.858 14 CIRCLE 49.5 100.099998 80.
53.859 14 GPS 3 36038629 481365334 1994 230516 1351 -23 0 175332720 31 0
53.859 14 SVINFO 0 7 0 0 44 4 38
53.903 14 NAVIGATION 4 2 101.53125 58. 0. 119.385468 44 37 36 0 0 0
53.903 14 ESTIMATOR 230.250107 -0.23
54.002 14 AIRSPEED 13.4 0. 0. 0.
54.002 14 ATTITUDE -0.492551 3.423512 0.054631
54.086 14 NAVIGATION 4 2 101.53125 58. 0. 116.929871 45 38 37 0 0 0
54.102 14 FBW_STATUS 2 0 1 12.5 0.593766
54.103 14 GPS 3 36038551 481365017 1938 230530 1359 -1 0 175332960 31 0
54.105 14 SVINFO 1 8 0 1 43 6 88
54.203 14 GPS_SOL 589 589 589 7
54.303 14 DL_VALUE 44 160.
54.303 14 WP_MOVED 3 360461.40625 4813640. 215. 31
54.337 14 NAVIGATION 4 2 100.78125 54.5 0. 114.573601 45 38 37 0 0 0
54.359 14 GPS 3 36038493 481364640 1880 230602 1364 7 0 175333240 31 0
54.359 14 SVINFO 2 9 1 2 42 43 138
54.404 14 IR_SENSORS 0 0 33 -113 238
54.404 14 ESTIMATOR 230.360809 0.07
54.504 14 ATTITUDE -0.360022 3.223201 0.049377
54.587 14 NAVIGATION 4 2 100.15625 51. 0. 112.393394 45 38 37 0 0 0
54.603 14 ENERGY 41 12.5 0.594702 7.433776 0.051029 0.637862
54.604 14 GPS 3 36038468 481364313 1844 230707 1364 25 0 175333480 31 0
54.605 14 SVINFO 3 10 1 3 41 82 188
54.802 14 DESIRED 0.6 0.035932 5.601744 -114.5 162.300003 235. 0.139176 13.
54.803 14 WP_MOVED 4 360312.8125 4813652. 185. 31
54.836 14 NAVIGATION 4 2 99.9375 47.5 0. 110.651497 45 38 37 0 0 0
54.866 14 GPS 3 36038461 481363986 1812 230844 1362 21 0 175333720 31 0
54.867 14 SVINFO 4 11 1 4 40 85 238
54.903 14 CIRCLE 49.5 100.099998 80.
54.904 14 NAVIGATION 4 2 99.84375 44.5 0. 110.651497 45 38 37 0 0 0
54.904 14 ESTIMATOR 230.606567 0.21
55.003 14 AIRSPEED 13.4 0. 0. 0.
55.003 14 ATTITUDE -0.230081 3.103955 0.042945
55.086 14 NAVIGATION 4 2 99.84375 44.5 0. 109.311592 46 39 38 0 0 0
55.102 14 GPS 3 36038469 481363661 1785 231005 1357 52 0 175333960 31 0
55.203 14 CALIBRATION -116.635551 0
55.286 14 FBW_STATUS 2 0 1 12.5 0.574749
55.302 14 WP_MOVED 5 360452.8125 4813581. 260. 31
55.337 14 NAVIGATION 4 2 99.9375 41. 0. 108.020851 46 39 38 0 0 0
55.362 14 GPS 3 36038492 481363283 1761 231210 1350 64 0 175334240 31 0
55.404 14 ESTIMATOR 230.96312 0.64
55.502 14 ATTITUDE -0.108547 3.0162 0.038982
55.586 14 NAVIGATION 4 2 100.15625 37.5 0. 106.946365 46 39 38 0 0 0
55.604 14 IR_SENSORS 0 0 33 -37 261
55.604 14 GPS 3 36038520 481362961 1750 231391 1344 68 0 175334480 31 0
55.605 14 SVINFO 0 7 0 0 43 3 39
55.703 14 ENERGY 38 12.5 0.550914 6.88642 0.052088 0.651101
55.802 14 DL_VALUE 45 0.
55.803 14 WP_MOVED 6 360169.5 4813757.5 260. 31
55.836 14 NAVIGATION 4 2 100.4375 34.5 0. 106.197655 46 39 38 0 0 0
55.860 14 DESIRED 0.6 0.008676 5.601744 -114.5 162.300003 235. 0.114109 13.
55.860 14 GPS 3 36038551 481362642 1743 231569 1337 58 0 175334720 31 0
55.861 14 SVINFO 1 8 1 1 42 8 89
55.905 14 NAVIGATION 4 2 100.78125 31. 0. 106.197655 46 39 38 0 0 0
55.909 14 ESTIMATOR 231.414093 0.58
55.953 14 CIRCLE 49.5 100.099998 80.
56.002 14 AIRSPEED 13.4 0. 0. 0.
56.003 14 ATTITUDE 0.024827 2.983943 0.030063
56.086 14 NAVIGATION 4 2 100.78125 31. 0. 105.441261 47 40 39 0 0 0
56.103 14 FBW_STATUS 2 0 1 12.5 0.530962
56.103 14 GPS 3 36038583 481362324 1742 231736 1330 44 0 175334960 31 0
56.104 14 SVINFO 2 9 0 2 41 47 139
56.202 14 GPS_SOL 574 574 574 7
56.303 14 WP_MOVED 7 360284.5 4813704. 235. 31
56.336 14 NAVIGATION 4 2 101.09375 28. 0. 104.899696 47 40 39 0 0 0
56.361 14 GPS 3 36038616 481361955 1750 231910 1323 35 0 175335240 31 0
56.361 14 SVINFO 3 10 1 3 40 84 189
56.404 14 ESTIMATOR 231.764648 0.35
56.504 14 ATTITUDE 0.142511 2.994962 0.022556
56.588 14 NAVIGATION 4 2 101.40625 24. 0. 104.207619 47 40 39 0 0 0
56.603 14 GPS 3 36038637 481361639 1762 232037 1319 25 0 175335480 31 0
56.604 14 SVINFO 4 11 1 4 39 84 239
56.803 14 IR_SENSORS 0 0 28 42 261
56.803 14 ENERGY 36 12.5 0.515343 6.441793 0.053058 0.663218
56.803 14 WP_MOVED 8 360269.1875 4813753. 235. 31
56.836 14 NAVIGATION 4 2 101.625 21. 0. 103.772064 47 40 39 0 0 0
56.852 14 GPS 3 36038648 481361323 1780 232142 1316 10 0 175335720 31 0
56.852 14 SVINFO 5 12 1 5 38 47 289
56.902 14 DESIRED 0.6 0.029825 5.601744 -114.5 162.300003 235. 0.093012 13.
56.903 14 NAVIGATION 4 2 101.71875 17.5 0. 103.772064 47 40 39 0 0 0
56.903 14 ESTIMATOR 232.008301 0.1
57.003 14 CIRCLE 49.5 100.099998 80.
57.003 14 AIRSPEED 13.4 0. 0. 0.
57.003 14 ATTITUDE 0.26097 3.0478 0.020423
57.086 14 NAVIGATION 4 2 101.71875 17.5 0. 103.21315 48 41 40 0 0 0
57.103 14 GPS 3 36038642 481360955 1808 232237 1315 6 0 175336000 31 0
57.104 14 SVINFO 6 13 0 6 37 8 340
57.186 14 COMMANDS 3526,2163,183,0
57.287 14 FBW_STATUS 2 0 1 12.5 0.515524
57.303 14 CALIBRATION -80.169304 0
57.303 14 DL_VALUE 46 0.32
57.304 14 WP_MOVED 9 360459.6875 4813680. 235. 31
57.336 14 NAVIGATION 4 2 101.65625 14. 0. 102.615753 48 41 40 0 0 0
57.367 14 GPS 3 36038618 481360640 1847 232295 1316 10 0 175336240 31 0
57.405 14 COMMANDS 3521,1777,225,0
57.405 14 ESTIMATOR 232.150833 0.1
57.503 14 STATE_FILTER_STATUS 2 3 365
57.503 14 ATTITUDE 0.38219 3.163249 0.023828
57.586 14 NAVIGATION 4 2 101.40625 11. 0. 102.001114 48 41 40 0 0 0
57.602 14 GPS 3 36038571 481360327 1884 232334 1318 0 0 175336480 31 0
57.702 14 PPRZ_MODE 2 3 2 2 0 6
57.802 14 ALIVE 158,87,147,219,247,235,138,154,89,223,120,51,202,91,226,10
57.803 14 WP_MOVED 10 360424. 4813592.5 235. 31
57.836 14 NAVIGATION 4 2 100.96875 7.5 0. 101.246918 48 41 40 0 0 0
57.870 14 GPS 3 36038499 481360018 1931 232355 1321 -3 0 175336720 31 0
57.903 14 ENERGY 36 12.5 0.517154 6.464425 0.054002 0.675026
57.903 14 NAVIGATION 4 2 100.25 5. 0. 101.246918 48 41 40 0 0 0
57.904 14 ESTIMATOR 232.252594 -0.03
57.953 14 DESIRED 0.6 0.056894 5.601744 -114.5 162.300003 235. 0.08348 13.
58.003 14 IR_SENSORS 0 0 29 115 238
58.004 14 AIRSPEED 13.4 0. 0. 0.
58.004 14 ATTITUDE 0.512944 3.31113 0.033985
58.052 14 CIRCLE 49.5 100.099998 80.
58.086 14 NAVIGATION 4 2 100.25 5. 0. 100.374611 49 42 41 0 0 0
58.104 14 FBW_STATUS 2 0 1 12.5 0.51951
58.104 14 GPS 3 36038398 481359717 1985 232359 1324 5 0 175336960 31 0
58.203 14 GPS_SOL 559 559 559 7
58.304 14 WP_MOVED 11 360234.40625 4813661.5 235. 31
58.336 14 NAVIGATION 4 2 99.25 1.5 0. 99.261337 49 42 41 0 0 0
58.368 14 GPS 3 36038240 481359379 2066 232346 1331 0 0 175337240 31 0
58.369 14 SVINFO 4 11 1 4 38 82 240
58.404 14 ESTIMATOR 232.301971 0.
58.503 14 ATTITUDE 0.587628 3.552084 0.04787
58.586 14 NAVIGATION 4 2 97.65625 -1.5 0. 97.66777 49 42 41 0 0 0
58.603 14 GPS 3 36038070 481359108 2121 232325 1335 -4 0 175337480 31 0
58.604 14 SVINFO 5 12 1 5 37 44 290
58.703 14 DATALINK_REPORT 10 8 1787 561 0 0
58.803 14 DL_VALUE 47 0.
58.803 14 WP_MOVED 0 360326. 4813637. 260. 31
58.836 14 NAVIGATION 4 2 95.96875 -4.5 0. 96.074196 49 42 41 0 0 0
58.878 14 GPS 3 36037867 481358858 2190 232303 1340 9 0 175337720 31 0
58.879 14 SVINFO 6 13 0 6 36 6 341
58.903 14 NAVIGATION 4 2 93.9375 -7. 0. 96.074196 49 42 41 0 0 0
58.904 14 ESTIMATOR 232.299194 0.09
59.002 14 ENERGY 37 12.5 0.522413 6.530161 0.054956 0.686953
59.003 14 DESIRED 0.6 0.067012 5.601744 -114.5 162.300003 235. 0.080764 13.
59.003 14 AIRSPEED 13.4 0. 0. 0.
59.003 14 ATTITUDE 0.604552 3.774776 0.057727
59.076 14 WIND_INFO 14 5 -0.3 0.1 0. 13.2
59.086 14 NAVIGATION 4 2 93.9375 -7. 0. 94.197952 50 43 42 0 0 0
59.103 14 CIRCLE 49.5 100.099998 80.
59.103 14 GPS 3 36037635 481358634 2259 232287 1344 5 0 175337960 31 0
59.104 14 SVINFO 0 7 0 0 42 1 41
59.203 14 NAVIGATION_REF 360284 4813595 31 185.
59.203 14 IR_SENSORS 0 0 34 136 226
59.287 14 FBW_STATUS 2 0 1 12.5 0.523502
59.303 14 WP_MOVED 1 360284. 4813595. 260. 31
59.336 14 NAVIGATION 4 2 91.625 -9.5 0. 92.11618 50 43 42 0 0 0
59.366 14 GPS 3 36037333 481358409 2344 232283 1348 -2 0 175338240 31 0
59.367 14 SVINFO 1 8 0 1 41 12 91
59.402 14 CALIBRATION -87.181274 0
59.403 14 ESTIMATOR 232.314423 -0.02
59.502 14 ATTITUDE 0.604552 4.073132 0.06638
59.586 14 NAVIGATION 4 2 88.5625 -11.5 0. 89.30603 50 43 42 0 0 0
59.603 14 GPS 3 36037050 481358250 2407 232293 1349 0 0 175338480 31 0
59.603 14 SVINFO 2 9 1 2 40 53 141
59.802 14 WP_MOVED 2 360333.5 4813695. 235. 31
59.836 14 NAVIGATION 4 2 85.71875 -13. 0. 86.698929 50 43 42 0 0 0
59.872 14 GPS 3 36036751 481358127 2475 232315 1349 0 0 175338720 31 0
59.873 14 SVINFO 3 10 1 3 39 86 191
59.903 14 NAVIGATION 4 2 82.78125 -14.5 0. 86.698929 50 43 42 0 0 0
59.903 14 ESTIMATOR 232.307724 0.
60.004 14 AIRSPEED 13.2 0. 0. 0.
60.004 14 ATTITUDE 0.604552 4.305457 0.070698
60.053 14 DESIRED 0.6 0.067016 5.601744 -114.5 162.300003 235. 0.080844 13.
60.086 14 NAVIGATION 4 2 82.78125 -14.5 0. 84.041573 51 44 43 0 0 0
60.102 14 FBW_STATUS 2 0 1 12.5 0.530416
60.103 14 ENERGY 37 12.5 0.530233 6.627917 0.055921 0.699008
60.103 14 GPS 3 36036439 481358040 2544 232347 1350 12 0 175338960 31 0
60.152 14 CIRCLE 49.5 100.099998 80.
60.203 14 GPS_SOL 543 543 543 7
60.303 14 DL_VALUE 48 0.01
60.303 14 WP_MOVED 3 360461.40625 4813640. 215. 31
60.336 14 NAVIGATION 4 2 79.65625 -15. 0. 81.056267 51 44 43 0 0 0
60.373 14 GPS 3 36036065 481357986 2635 232395 1349 16 0 175339240 31 0
60.403 14 IR_SENSORS 0 0 37 136 226
60.403 14 ESTIMATOR 232.35994 0.16
60.503 14 ATTITUDE 0.601297 4.589043 0.075011
60.586 14 NAVIGATION 4 2 75.875 -15.5 0. 77.442017 51 44 43 0 0 0
60.603 14 GPS 3 36035741 481357981 2692 232440 1348 13 0 175339480 31 0
60.802 14 WP_MOVED 4 360312.8125 4813652. 185. 31
60.836 14 NAVIGATION 4 2 72.65625 -15.5 0. 74.291191 51 44 43 0 0 0
60.870 14 GPS 3 36035420 481358015 2760 232488 1346 17 0 175339720 31 0
60.871 14 SVINFO 0 7 0 0 41 0 42
60.904 14 NAVIGATION 4 2 69.4375 -15.5 0. 74.291191 51 44 43 0 0 0
60.904 14 ESTIMATOR 232.454361 0.17
61.003 14 AIRSPEED 13.2 0. 0. 0.
61.003 14 ATTITUDE 0.604552 4.812669 0.070698
61.086 14 NAVIGATION 4 2 69.4375 -15.5 0. 71.146446 52 45 44 0 0 0
61.102 14 DESIRED 0.6 0.066793 5.601744 -114.5 162.300003 235. 0.076369 13.
61.103 14 GPS 3 36035105 481358087 2828 232536 1345 22 0 175339960 31 0
61.103 14 SVINFO 1 8 1 1 40 14 92
61.202 14 ENERGY 36 12.5 0.518966 6.487076 0.056883 0.711039
61.202 14 CIRCLE 49.5 100.099998 80.
61.287 14 FBW_STATUS 2 0 1 12.5 0.517697
61.303 14 WP_MOVED 5 360452.8125 4813581. 260. 31
61.337 14 NAVIGATION 4 2 66.28125 -14.5 0. 67.848763 52 45 44 0 0 0
61.372 14 GPS 3 36034752 481358218 2920 232589 1343 4 0 175340240 31 0
61.373 14 SVINFO 2 9 1 2 39 56 142
61.404 14 ESTIMATOR 232.568863 0.04
61.503 14 CALIBRATION -84.908707 0
61.504 14 ATTITUDE 0.601297 5.098348 0.070698
61.586 14 NAVIGATION 4 2 62.78125 -13.5 0. 64.216316 52 45 44 0 0 0
61.602 14 IR_SENSORS 0 0 36 135 226
61.603 14 GPS 3 36034467 481358368 2977 232632 1342 -2 0 175340480 31 0
61.603 14 SVINFO 3 10 1 3 38 87 192
61.803 14 DL_VALUE 49 0.1
61.803 14 WP_MOVED 6 360169.5 4813757.5 260. 31
61.836 14 NAVIGATION 4 2 59.9375 -12. 0. 61.126949 52 45 44 0 0 0
61.853 14 GPS 3 36034201 481358550 3043 232677 1341 -3 0 175340720 31 0
61.871 14 SVINFO 4 11 1 4 37 79 242
61.904 14 NAVIGATION 4 2 57.25 -10. 0. 61.126949 52 45 44 0 0 0
61.904 14 ESTIMATOR 232.610886 -0.03
62.002 14 AIRSPEED 13.2 0. 0. 0.
62.003 14 ATTITUDE 0.497625 5.318395 0.062237
62.086 14 NAVIGATION 4 2 57.25 -10. 0. 58.116802 53 46 45 0 0 0
62.103 14 FBW_STATUS 2 0 1 12.5 0.524411
62.104 14 GPS 3 36033916 481358794 3106 232749 1340 3 0 175341000 31 0
62.104 14 SVINFO 5 12 0 5 36 38 292
62.152 14 DESIRED 0.003402 0.053654 5.601744 -114.5 162.300003 235. 0.071673 13.
62.186 14 COMMANDS 3574,-1588,4,0
62.203 14 GPS_SOL 528 528 528 7
62.253 14 CIRCLE 49.5 100.099998 80.
62.302 14 ENERGY 37 12.5 0.524229 6.552866 0.057839 0.722984
62.302 14 WP_MOVED 7 360284.5 4813704. 235. 31
62.336 14 NAVIGATION 4 2 54.40625 -7.5 0. 54.920761 53 46 45 0 0 0
62.352 14 GPS 3 36033693 481359025 3168 232834 1338 2 0 175341240 31 0
62.353 14 SVINFO 6 13 1 6 35 3 343
62.402 14 COMMANDS 3578,-4745,-83,0
62.402 14 ESTIMATOR 232.69574 0.02
62.504 14 STATE_FILTER_STATUS 2 3 367
62.504 14 ATTITUDE 0.379775 5.54115 0.051829
62.586 14 NAVIGATION 4 2 52.15625 -5. 0. 52.395367 53 46 45 0 0 0
62.602 14 GPS 3 36033488 481359272 3202 232939 1335 25 0 175341480 31 0
62.702 14 PPRZ_MODE 2 3 2 2 0 6
62.803 14 ALIVE 158,87,147,219,247,235,138,154,89,223,120,51,202,91,226,10
62.804 14 IR_SENSORS 0 0 35 61 256
62.804 14 WP_MOVED 8 360269.1875 4813753. 235. 31
62.836 14 NAVIGATION 4 2 50.125 -3. 0. 50.214695 53 46 45 0 0 0
62.853 14 GPS 3 36033300 481359530 3238 233060 1331 28 0 175341720 31 0
62.902 14 NAVIGATION 4 2 48.25 -0.5 0. 50.214695 53 46 45 0 0 0
62.903 14 ESTIMATOR 232.884705 0.28
63.002 14 AIRSPEED 13.2 0. 0. 0.
63.002 14 ATTITUDE 0.25799 5.666106 0.043761
63.086 14 NAVIGATION 4 2 48.25 -0.5 0. 48.25259 54 47 46 0 0 0
63.103 14 GPS 3 36033125 481359796 3267 233193 1326 17 0 175341960 31 0
63.203 14 DESIRED -0.6 0.023604 5.601744 -114.5 162.300003 235. 0.063459 13.
63.286 14 FBW_STATUS 2 0 1 12.5 0.511004
63.303 14 DL_VALUE 50 0.
63.303 14 CIRCLE 49.5 100.099998 80.
63.303 14 WP_MOVED 9 360459.6875 4813680. 235. 31
63.336 14 NAVIGATION 4 2 46.5 2.5 0. 46.567154 54 47 46 0 0 0
63.352 14 GPS 3 36032935 481360114 3296 233354 1319 31 0 175342240 31 0
63.353 14 SVINFO 3 10 1 3 37 88 193
63.403 14 ENERGY 36 12.5 0.506673 6.333414 0.058788 0.73485
63.403 14 ESTIMATOR 233.134201 0.31
63.504 14 ATTITUDE 0.127381 5.768827 0.037556
63.586 14 NAVIGATION 4 2 44.625 6. 0. 45.026554 54 47 46 0 0 0
63.602 14 CALIBRATION -77.422585 0
63.602 14 GPS 3 36032782 481360389 3308 233492 1314 39 0 175342480 31 0
63.603 14 SVINFO 4 11 0 4 36 77 243
63.802 14 DATALINK_REPORT 5 9 1921 554 0 0
63.803 14 WP_MOVED 10 360424. 4813592.5 235. 31
63.836 14 NAVIGATION 4 2 43.09375 8.5 0. 43.924042 54 47 46 0 0 0
63.853 14 GPS 3 36032633 481360666 3317 233625 1309 40 0 175342720 31 0
63.853 14 SVINFO 5 12 0 5 35 35 293
63.902 14 NAVIGATION 4 2 41.5625 11. 0. 43.924042 54 47 46 0 0 0
63.902 14 ESTIMATOR 233.443787 0.4
64.002 14 IR_SENSORS 0 0 31 -17 263
64.003 14 AIRSPEED 13.2 0. 0. 0.
64.003 14 ATTITUDE -0.001717 5.80646 0.030063
64.086 14 NAVIGATION 4 2 41.5625 11. 0. 42.993504 55 48 47 0 0 0
64.103 14 FBW_STATUS 2 0 1 12.5 0.482826
64.104 14 GPS 3 36032486 481360942 3320 233746 1304 49 0 175342960 31 0
64.105 14 SVINFO 6 13 1 6 34 2 344
64.202 14 GPS_SOL 512 512 512 7
64.253 14 DESIRED -0.6 0.008841 5.601744 -114.5 162.300003 235. 0.046686 13.
64.303 14 WP_MOVED 11 360234.40625 4813661.5 235. 31
64.336 14 NAVIGATION 4 2 40.125 14. 0. 42.497242 55 48 47 0 0 0
64.352 14 CIRCLE 49.5 100.099998 80.
64.353 14 GPS 3 36032312 481361263 3314 233868 1299 40 0 175343240 31 0
64.353 14 SVINFO 0 7 0 0 40 0 44
64.402 14 ESTIMATOR 233.756683 0.4
64.504 14 ENERGY 33 12.5 0.465954 5.824426 0.059681 0.746012
64.504 14 ATTITUDE -0.124147 5.801422 0.020423
64.586 14 NAVIGATION 4 2 38.375 17. 0. 41.971901 55 48 47 0 0 0
64.602 14 GPS 3 36032159 481361533 3304 233952 1296 37 0 175343480 31 0
64.602 14 SVINFO 1 8 1 1 39 19 94
64.803 14 AUTOPILOT_VERSION 51500 v5.15_devel-179-g9a29798-dirty
64.804 14 DL_VALUE 51 0.15
64.804 14 WP_MOVED 0 360326. 4813637. 260. 31
64.836 14 NAVIGATION 4 2 36.84375 20. 0. 41.922092 55 48 47 0 0 0
64.852 14 GPS 3 36031998 481361799 3287 234015 1294 33 0 175343720 31 0
64.853 14 SVINFO 2 9 1 2 38 62 144
64.902 14 NAVIGATION 4 2 35.25 22.5 0. 41.922092 55 48 47 0 0 0
64.902 14 ESTIMATOR 233.983948 0.33
65.003 14 AIRSPEED 13.2 0. 0. 0.
65.003 14 ATTITUDE -0.252931 5.754241 0.019891
65.086 14 NAVIGATION 4 2 35.25 22.5 0. 41.818806 56 49 48 0 0 0
65.102 14 GPS 3 36031826 481362058 3264 234056 1293 24 0 175343960 31 0
65.202 14 IR_SENSORS 0 0 26 -95 247
65.286 14 FBW_STATUS 2 0 1 12.5 0.443784
65.303 14 DESIRED -0.6 0.034103 5.601744 -114.5 162.300003 235. 0.030482 13.
65.303 14 WP_MOVED 1 360284. 4813595. 260. 31
65.336 14 NAVIGATION 4 2 33.5 25. 0. 41.800121 56 49 48 0 0 0
65.353 14 GPS 3 36031609 481362347 3222 234076 1293 8 0 175344240 31 0
65.402 14 CIRCLE 49.5 100.099998 80.
65.402 14 ESTIMATOR 234.111511 0.08
65.502 14 ATTITUDE -0.361918 5.637919 0.020202
65.586 14 NAVIGATION 4 2 31.34375 28. 0. 42.028927 56 49 48 0 0 0
65.602 14 ENERGY 32 12.5 0.443259 5.540742 0.060507 0.756338
65.603 14 GPS 3 36031405 481362582 3189 234071 1294 2 0 175344480 31 0
65.703 14 CALIBRATION -42.412907 0
65.802 14 WP_MOVED 2 360333.5 4813695. 235. 31
65.836 14 NAVIGATION 4 2 29.28125 30.5 0. 42.28051 56 49 48 0 0 0
65.852 14 GPS 3 36031183 481362799 3144 234046 1297 -8 0 175344720 31 0
65.902 14 NAVIGATION 4 2 27.09375 32.5 0. 42.28051 56 49 48 0 0 0
65.903 14 ESTIMATOR 234.10173 -0.08
66.003 14 AIRSPEED 13.2 0. 0. 0.
66.004 14 ATTITUDE -0.504187 5.498545 0.033223
66.086 14 NAVIGATION 4 2 27.09375 32.5 0. 42.312187 57 50 49 0 0 0
66.102 14 FBW_STATUS 2 0 1 12.5 0.447463
66.102 14 GPS 3 36030940 481362996 3091 234002 1300 -14 0 175344960 31 0
66.103 14 SVINFO 0 7 0 0 39 0 45
66.203 14 GPS_SOL 496 496 496 7
66.303 14 DL_VALUE 52 0.05
66.304 14 WP_MOVED 3 360461.40625 4813640. 215. 31
66.336 14 NAVIGATION 4 2 24.65625 34.5 0. 42.404961 57 50 49 0 0 0
66.352 14 DESIRED -0.518844 0.061579 5.601744 -114.5 162.300003 235. 0.028163 13.
66.353 14 GPS 3 36030632 481363193 3009 233927 1307 -29 0 175345240 31 0
66.353 14 SVINFO 1 8 1 1 38 21 95
66.402 14 IR_SENSORS 0 0 28 -160 211
66.402 14 ESTIMATOR 234.000748 -0.29
66.452 14 CIRCLE 49.5 100.099998 80.
66.503 14 ATTITUDE -0.593557 5.257366 0.045912
66.586 14 NAVIGATION 4 2 21.5625 36.5 0. 42.393295 57 50 49 0 0 0
66.603 14 GPS 3 36030347 481363327 2952 233847 1312 -46 0 175345480 31 0
66.604 14 SVINFO 2 9 1 2 37 65 145
66.703 14 ENERGY 34 12.5 0.467901 5.848758 0.061334 0.766668
66.803 14 WP_MOVED 4 360312.8125 4813652. 185. 31
66.836 14 NAVIGATION 4 2 18.71875 38. 0. 42.36026 57 50 49 0 0 0
66.853 14 GPS 3 36030047 481363427 2883 233764 1319 -57 0 175345720 31 0
66.854 14 SVINFO 3 10 1 3 36 89 195
66.901 14 NAVIGATION 4 2 15.71875 38.5 0. 42.36026 57 50 49 0 0 0
66.902 14 ESTIMATOR 233.785095 -0.57
67.002 14 AIRSPEED 13.2 0. 0. 0.
67.003 14 ATTITUDE -0.528325 5.032108 0.048873
67.086 14 NAVIGATION 4 2 15.71875 38.5 0. 41.585201 58 51 50 0 0 0
67.102 14 GPS 3 36029735 481363493 2819 233699 1326 -48 0 175345960 31 0
67.102 14 SVINFO 4 11 1 4 35 72 245
67.186 14 COMMANDS 3417,3877,-42,0
67.287 14 FBW_STATUS 2 0 1 12.5 0.499653
67.303 14 WP_MOVED 5 360452.8125 4813581. 260. 31
67.336 14 NAVIGATION 4 2 12.625 39.5 0. 41.468552 58 51 50 0 0 0
67.352 14 GPS 3 36029365 481363532 2747 233668 1332 -32 0 175346240 31 0
67.353 14 SVINFO 5 12 1 5 34 29 295
67.403 14 COMMANDS 3462,6991,20,0
67.403 14 DESIRED 0.492336 0.046762 5.601744 -114.5 162.300003 235. 0.040287 13.
67.403 14 ESTIMATOR 233.570724 -0.32
67.503 14 STATE_FILTER_STATUS 2 3 386
67.503 14 CIRCLE 49.5 100.099998 80.
67.503 14 ATTITUDE -0.417763 4.790174 0.044445
67.586 14 NAVIGATION 4 2 8.875 39.5 0. 40.484756 58 51 50 0 0 0
67.603 14 IR_SENSORS 0 0 32 -113 238
67.604 14 GPS 3 36029044 481363538 2710 233686 1334 -25 0 175346480 31 0
67.604 14 SVINFO 6 13 1 6 33 0 346
67.702 14 PPRZ_MODE 2 3 2 2 0 6
67.803 14 ALIVE 158,87,147,219,247,235,138,154,89,223,120,51,202,91,226,10
67.804 14 CALIBRATION -84.976631 0
67.804 14 DL_VALUE 53 0.
67.804 14 ENERGY 36 12.5 0.514439 6.430483 0.062241 0.778015
67.804 14 WP_MOVED 6 360169.5 4813757.5 260. 31
67.836 14 NAVIGATION 4 2 5.6875 40. 0. 40.402321 58 51 50 0 0 0
67.852 14 GPS 3 36028724 481363522 2671 233741 1334 -13 0 175346720 31 0
67.903 14 NAVIGATION 4 2 2.5 39.5 0. 40.402321 58 51 50 0 0 0
67.903 14 ESTIMATOR 233.545868 -0.13
68.002 14 AIRSPEED 13.2 0. 0. 0.
68.003 14 ATTITUDE -0.278147 4.653461 0.041057
68.086 14 NAVIGATION 4 2 2.5 39.5 0. 39.579037 59 52 51 0 0 0
68.102 14 FBW_STATUS 2 0 1 12.5 0.518785
68.103 14 GPS 3 36028406 481363488 2639 233826 1332 2 0 175346960 31 0
68.204 14 NAVIGATION_REF 360284 4813595 31 185.
68.204 14 GPS_SOL 480 480 480 7
68.302 14 WP_MOVED 7 360284.5 4813704. 235. 31
68.336 14 NAVIGATION 4 2 -0.65625 39.5 0. 39.505451 59 52 51 0 0 0
68.354 14 GPS 3 36028038 481363431 2606 233955 1328 10 0 175347240 31 0
68.355 14 SVINFO 2 9 1 2 36 68 146
68.405 14 ESTIMATOR 233.690262 0.1
68.452 14 DESIRED 0.6 0.019456 5.601744 -114.5 162.300003 235. 0.042189 13.
68.503 14 ATTITUDE -0.159131 4.537651 0.03661
68.553 14 CIRCLE 49.5 100.099998 80.
68.586 14 NAVIGATION 4 2 -4.34375 38.5 0. 38.744267 59 52 51 0 0 0
68.603 14 GPS 3 36027726 481363371 2591 234080 1324 12 0 175347480 31 0
68.603 14 SVINFO 3 10 0 3 35 89 196
68.803 14 IR_SENSORS 0 0 32 -37 261
68.804 14 WP_MOVED 8 360269.1875 4813753. 235. 31
68.836 14 NAVIGATION 4 2 -7.46875 38. 0. 38.72702 59 52 51 0 0 0
68.852 14 GPS 3 36027416 481363305 2579 234211 1320 39 0 175347720 31 0
68.853 14 SVINFO 4 11 1 4 34 69 246
68.905 14 DATALINK_REPORT 10 9 2059 577 0 0
68.906 14 ENERGY 36 12.5 0.505952 6.324401 0.063186 0.789821
68.906 14 NAVIGATION 4 2 -10.59375 37.5 0. 38.72702 59 52 51 0 0 0
68.906 14 ESTIMATOR 233.934616 0.39
69.003 14 AIRSPEED 13.2 0. 0. 0.
69.003 14 ATTITUDE -0.024399 4.490192 0.030063
69.077 14 WIND_INFO 14 5 -0.2 -0.2 0. 13.1
69.086 14 NAVIGATION 4 2 -10.59375 37.5 0. 38.967648 60 53 52 0 0 0
69.103 14 GPS 3 36027108 481363236 2573 234340 1315 36 0 175347960 31 0
69.286 14 FBW_STATUS 2 0 1 12.5 0.492835
69.303 14 DL_VALUE 54 0.
69.304 14 WP_MOVED 9 360459.6875 4813680. 235. 31
69.336 14 NAVIGATION 4 2 -13.65625 37. 0. 39.439739 60 53 52 0 0 0
69.353 14 GPS 3 36026750 481363157 2575 234480 1309 43 0 175348240 31 0
69.404 14 ESTIMATOR 234.27272 0.43
69.504 14 DESIRED 0.6 0.009851 5.601744 -114.5 162.300003 235. 0.026666 13.
69.504 14 ATTITUDE 0.081769 4.507057 0.022143
69.587 14 NAVIGATION 4 2 -17.21875 36. 0. 39.905956 60 53 52 0 0 0
69.603 14 CIRCLE 49.5 100.099998 80.
69.604 14 GPS 3 36026443 481363093 2582 234585 1305 31 0 175348480 31 0
69.604 14 SVINFO 0 7 0 0 38 0 47
69.803 14 WP_MOVED 10 360424. 4813592.5 235. 31
69.836 14 NAVIGATION 4 2 -20.3125 35.5 0. 40.900459 60 53 52 0 0 0
69.852 14 GPS 3 36026136 481363036 2596 234672 1302 10 0 175348720 31 0
69.853 14 SVINFO 1 8 1 1 37 27 97
69.904 14 CALIBRATION -65.119667 0
69.906 14 NAVIGATION 4 2 -23.375 35. 0. 40.900459 60 53 52 0 0 0
69.907 14 ESTIMATOR 234.551834 0.1
70.002 14 IR_SENSORS 0 0 27 42 261
70.003 14 ENERGY 34 12.5 0.474107 5.926338 0.064079 0.80098
70.003 14 AIRSPEED 13.1 0. 0. 0.
70.003 14 ATTITUDE 0.222384 4.543889 0.015815
70.088 14 NAVIGATION 4 2 -23.375 35. 0. 42.087891 61 54 53 0 0 0
70.104 14 FBW_STATUS 2 0 1 12.5 0.473042
70.105 14 GPS 3 36025827 481362991 2616 234738 1300 7 0 175348960 31 0
70.203 14 GPS_SOL 464 464 464 7
70.303 14 WP_MOVED 11 360234.40625 4813661.5 235. 31
70.337 14 NAVIGATION 4 2 -26.46875 34.5 0. 43.483845 61 54 53 0 0 0
70.354 14 GPS 3 36025464 481362957 2653 234789 1300 -17 0 175349240 31 0
70.407 14 ESTIMATOR 234.67511 -0.17
70.503 14 ATTITUDE 0.342691 4.645742 0.018635
70.555 14 DESIRED 0.6 0.038385 5.601744 -114.5 162.300003 235. 0.011453 13.
70.587 14 NAVIGATION 4 2 -30.125 34. 0. 45.425934 61 54 53 0 0 0
70.603 14 GPS 3 36025152 481362948 2683 234811 1301 -5 0 175349480 31 0
70.653 14 CIRCLE 49.5 100.099998 80.
70.804 14 DL_VALUE 55 0.
70.804 14 WP_MOVED 0 360326. 4813637. 260. 31
70.837 14 NAVIGATION 4 2 -33.21875 34. 0. 47.534042 61 54 53 0 0 0
70.854 14 GPS 3 36024839 481362961 2724 234814 1304 -23 0 175349720 31 0
70.855 14 SVINFO 5 12 1 5 33 23 297
70.907 14 NAVIGATION 4 2 -36.34375 34.5 0. 47.534042 61 54 53 0 0 0
70.908 14 ESTIMATOR 234.703995 -0.23
71.003 14 AIRSPEED 13.1 0. 0. 0.
71.003 14 ATTITUDE 0.463744 4.771988 0.023391
71.086 14 NAVIGATION 4 2 -36.34375 34.5 0. 50.111057 62 55 54 0 0 0
71.104 14 ENERGY 35 12.5 0.484789 6.059861 0.064952 0.811894
71.104 14 GPS 3 36024528 481363002 2773 234799 1308 -28 0 175349960 31 0
71.105 14 SVINFO 6 13 1 6 32 0 348
71.202 14 IR_SENSORS 0 0 28 117 237
71.286 14 FBW_STATUS 2 0 1 12.5 0.490508
71.303 14 WP_MOVED 1 360284. 4813595. 260. 31
71.335 14 NAVIGATION 4 2 -39.46875 34.5 0. 52.421677 62 55 54 0 0 0
71.352 14 GPS 3 36024170 481363087 2849 234761 1316 -13 0 175350240 31 0
71.352 14 SVINFO 0 7 0 0 37 1 48
71.404 14 ESTIMATOR 234.65303 -0.13
71.502 14 ATTITUDE 0.577283 4.992997 0.038159
71.586 14 NAVIGATION 4 2 -43.0625 35. 0. 55.492153 62 55 54 0 0 0
71.603 14 DESIRED 0.6 0.062413 5.601744 -114.5 162.300003 235. 0.010409 13.
71.604 14 GPS 3 36023873 481363198 2904 234712 1320 -27 0 175350480 31 0
71.605 14 SVINFO 1 8 1 1 36 30 98
71.703 14 CIRCLE 49.5 100.099998 80.
71.803 14 WP_MOVED 2 360333.5 4813695. 235. 31
71.836 14 NAVIGATION 4 2 -46.03125 36.5 0. 58.746284 62 55 54 0 0 0
71.852 14 GPS 3 36023590 481363344 2972 234656 1327 -24 0 175350720 31 0
71.852 14 SVINFO 2 9 0 2 35 73 148
71.903 14 NAVIGATION 4 2 -48.84375 38. 0. 58.746284 62 55 54 0 0 0
71.903 14 ESTIMATOR 234.595428 -0.24
72.003 14 CALIBRATION -83.692352 0
72.003 14 AIRSPEED 13.1 0. 0. 0.
72.003 14 ATTITUDE 0.604552 5.208929 0.049051
72.086 14 NAVIGATION 4 2 -48.84375 38. 0. 61.884666 63 56 55 0 0 0
72.106 14 FBW_STATUS 2 0 1 12.5 0.507394
72.107 14 GPS 3 36023325 481363524 3042 234602 1333 -19 0 175350960 31 0
72.107 14 SVINFO 3 10 1 3 34 89 198
72.189 14 COMMANDS 3490,-34,122,0
72.203 14 GPS_SOL 448 448 448 7
72.203 14 ENERGY 36 12.5 0.508476 6.355956 0.065863 0.823282
72.303 14 DL_VALUE 56 0.
72.303 14 WP_MOVED 3 360461.40625 4813640. 215. 31
72.337 14 NAVIGATION 4 2 -51.5 39.5 0. 64.903778 63 56 55 0 0 0
72.353 14 GPS 3 36023045 481363773 3134 234555 1341 -22 0 175351240 31 0
72.354 14 SVINFO 4 11 1 4 33 64 248
72.402 14 COMMANDS 3518,-34,70,0
72.402 14 IR_SENSORS 0 0 33 136 226
72.402 14 ESTIMATOR 234.518936 -0.22
72.503 14 STATE_FILTER_STATUS 2 3 395
72.504 14 ATTITUDE 0.604552 5.491123 0.057727
72.586 14 NAVIGATION 4 2 -54.3125 42.5 0. 68.96447 63 56 55 0 0 0
72.602 14 GPS 3 36022834 481364017 3191 234531 1344 -21 0 175351480 31 0
72.603 14 SVINFO 5 12 1 5 32 20 298
72.653 14 DESIRED 0.6 0.063696 5.601744 -114.5 162.300003 235. 0.014432 13.
72.701 14 PPRZ_MODE 2 3 2 2 0 6
72.752 14 CIRCLE 49.5 100.099998 80.
72.804 14 ALIVE 158,87,147,219,247,235,138,154,89,223,120,51,202,91,226,10
72.804 14 WP_MOVED 4 360312.8125 4813652. 185. 31
72.836 14 NAVIGATION 4 2 -56.4375 45. 0. 72.181656 63 56 55 0 0 0
72.852 14 GPS 3 36022653 481364285 3259 234524 1347 -44 0 175351720 31 0
72.902 14 NAVIGATION 4 2 -58.21875 47.5 0. 72.181656 63 56 55 0 0 0
72.903 14 ESTIMATOR 234.45314 -0.44
73.003 14 AIRSPEED 13.1 0. 0. 0.
73.003 14 ATTITUDE 0.604552 5.710144 0.06638
73.086 14 NAVIGATION 4 2 -58.21875 47.5 0. 75.137695 64 57 56 0 0 0
73.102 14 GPS 3 36022505 481364573 3328 234530 1349 -56 0 175351960 31 0
73.287 14 FBW_STATUS 2 0 1 12.5 0.549076
73.303 14 ENERGY 38 12.5 0.549076 6.86345 0.066824 0.835302
73.303 14 WP_MOVED 5 360452.8125 4813581. 260. 31
73.336 14 NAVIGATION 4 2 -59.71875 50.5 0. 78.208565 64 57 56 0 0 0
73.353 14 GPS 3 36022377 481364929 3419 234554 1352 -44 0 175352240 31 0
73.403 14 ESTIMATOR 234.328934 -0.44
73.503 14 ATTITUDE 0.601297 5.98645 0.070698
73.586 14 NAVIGATION 4 2 -61. 54. 0. 81.467789 64 57 56 0 0 0
73.603 14 IR_SENSORS 0 0 36 135 226
73.604 14 GPS 3 36022308 481365247 3476 234586 1353 -10 0 175352480 31 0
73.703 14 DESIRED 0.6 0.063981 5.601744 -114.5 162.300003 235. 0.020132 13.
73.803 14 DL_VALUE 57 0.
73.803 14 CIRCLE 49.5 100.099998 80.
73.803 14 WP_MOVED 6 360169.5 4813757.5 260. 31
73.835 14 NAVIGATION 4 2 -61.65625 57. 0. 83.967216 64 57 56 0 0 0
73.852 14 GPS 3 36022276 481365571 3544 234626 1355 1 0 175352720 31 0
73.904 14 NAVIGATION 4 2 -62. 60. 0. 83.967216 64 57 56 0 0 0
73.908 14 ESTIMATOR 234.375015 0.01
74.003 14 DATALINK_REPORT 5 10 2189 548 0 0
74.003 14 AIRSPEED 13.1 0. 0. 0.
74.004 14 ATTITUDE 0.601297 6.201642 0.070698
74.086 14 NAVIGATION 4 2 -62. 60. 0. 86.278618 65 58 57 0 0 0
74.103 14 CALIBRATION -119.026627 0
74.104 14 FBW_STATUS 2 0 1 12.5 0.559754
74.104 14 GPS 3 36022288 481365950 17 234681 1356 2 0 175353000 31 0
74.203 14 GPS_SOL 433 433 433 7
74.304 14 WP_MOVED 7 360284.5 4813704. 235. 31
74.336 14 NAVIGATION 4 2 -61.875 64. 0. 89.019745 65 58 57 0 0 0
74.353 14 GPS 3 36022339 481366272 102 234732 1357 4 0 175353240 31 0
74.405 14 ENERGY 39 12.5 0.558094 6.976175 0.067848 0.848099
74.405 14 ESTIMATOR 234.530457 0.04
74.503 14 ATTITUDE 0.601297 0.190308 0.070698
74.586 14 NAVIGATION 4 2 -61.34375 67. 0. 90.840828 65 58 57 0 0 0
74.602 14 GPS 3 36022428 481366585 158 234785 1357 27 0 175353480 31 0
74.603 14 SVINFO 6 13 0 6 31 0 350
74.753 14 DESIRED 0.458267 0.062457 5.601744 -114.5 162.300003 235. 0.014086 13.
74.803 14 IR_SENSORS 0 0 35 132 228
74.803 14 WP_MOVED 8 360269.1875 4813753. 235. 31
74.837 14 NAVIGATION 4 2 -60.46875 70.5 0. 92.880135 65 58 57 0 0 0
74.852 14 CIRCLE 49.5 100.099998 80.
74.853 14 GPS 3 36022554 481366886 225 234838 1356 28 0 175353720 31 0
74.853 14 SVINFO 0 7 0 0 36 3 50
74.908 14 NAVIGATION 4 2 -59.21875 73.5 0. 92.880135 65 58 57 0 0 0
74.908 14 ESTIMATOR 234.713638 0.28
75.003 14 AIRSPEED 13.1 0. 0. 0.
75.003 14 ATTITUDE 0.553684 0.402121 0.062466
75.086 14 NAVIGATION 4 2 -59.21875 73.5 0. 94.388084 66 59 58 0 0 0
75.102 14 GPS 3 36022711 481367170 289 234897 1355 32 0 175353960 31 0
75.103 14 SVINFO 1 8 1 1 35 36 100
75.287 14 FBW_STATUS 2 0 1 12.5 0.534427
75.303 14 DL_VALUE 58 0.
75.303 14 WP_MOVED 9 360459.6875 4813680. 235. 31
75.336 14 NAVIGATION 4 2 -57.625 76. 0. 95.376312 66 59 58 0 0 0
75.354 14 GPS 3 36022929 481367480 364 234986 1353 27 0 175354240 31 0
75.354 14 SVINFO 2 9 1 2 34 77 150
75.405 14 ESTIMATOR 234.916687 0.27
75.503 14 ENERGY 37 12.5 0.529141 6.614257 0.068847 0.860587
75.504 14 ATTITUDE 0.432738 0.639477 0.050628
75.586 14 NAVIGATION 4 2 -55.46875 79.5 0. 96.938293 66 59 58 0 0 0
75.603 14 GPS 3 36023139 481367727 404 235083 1349 39 0 175354480 31 0
75.604 14 SVINFO 3 10 1 3 33 88 200
75.803 14 DESIRED -0.372311 0.036802 5.601744 -114.5 162.300003 235. 0.002499 13.
75.803 14 WP_MOVED 10 360424. 4813592.5 235. 31
75.837 14 NAVIGATION 4 2 -53.34375 81.5 0. 97.405365 66 59 58 0 0 0
75.853 14 GPS 3 36023366 481367957 445 235197 1343 52 0 175354720 31 0
75.854 14 SVINFO 4 11 0 4 32 58 250
75.908 14 AUTOPILOT_VERSION 51500 v5.15_devel-179-g9a29798-dirty
75.909 14 CIRCLE 49.5 100.099998 80.
75.910 14 NAVIGATION 4 2 -51.0625 84. 0. 97.405365 66 59 58 0 0 0
75.910 14 ESTIMATOR 235.129089 0.52
76.003 14 IR_SENSORS 0 0 34 62 256
76.003 14 AIRSPEED 13.1 0. 0. 0.
76.003 14 ATTITUDE 0.312419 0.777865 0.045285
76.086 14 NAVIGATION 4 2 -51.0625 84. 0. 98.30249 67 60 59 0 0 0
76.102 14 FBW_STATUS 2 0 1 12.5 0.500552
76.103 14 GPS 3 36023604 481368171 480 235325 1337 60 0 175354960 31 0
76.203 14 CALIBRATION -84.059578 0
76.203 14 GPS_SOL 418 418 418 7
76.303 14 WP_MOVED 11 360234.40625 4813661.5 235. 31
76.337 14 NAVIGATION 4 2 -48.71875 86. 0. 98.840866 67 60 59 0 0 0
76.353 14 GPS 3 36023894 481368405 516 235482 1326 56 0 175355240 31 0
76.404 14 ESTIMATOR 235.440353 0.56
76.503 14 ATTITUDE 0.192371 0.898957 0.038503
76.586 14 NAVIGATION 4 2 -45.78125 88.5 0. 99.640221 67 60 59 0 0 0
76.603 14 ENERGY 33 12.5 0.472154 5.901931 0.069768 0.872093
76.604 14 GPS 3 36024147 481368594 533 235618 1319 70 0 175355480 31 0
76.604 14 SVINFO 0 7 0 0 35 4 51
76.803 14 DL_VALUE 59 0.
76.804 14 WP_MOVED 0 360326. 4813637. 260. 31
76.835 14 NAVIGATION 4 2 -43.28125 90.5 0. 100.317078 67 60 59 0 0 0
76.853 14 DESIRED -0.6 0.008432 5.601744 -114.5 162.300003 235. -0.0177 13.
76.853 14 GPS 3 36024404 481368776 547 235747 1310 59 0 175355720 31 0
76.853 14 SVINFO 1 8 1 1 34 39 101
76.914 14 NAVIGATION 4 2 -40.71875 92. 0. 100.317078 67 60 59 0 0 0
76.915 14 ESTIMATOR 235.760376 0.59
76.953 14 CIRCLE 49.5 100.099998 80.
77.004 14 AIRSPEED 13.1 0. 0. 0.
77.004 14 ATTITUDE 0.062832 0.95245 0.029623
