3.939 14 GPS_SOL 689 689 689 7
4.040 14 DL_VALUE 20 0.
4.041 14 ENERGY 0 12.5 0. 0. 0. 0.
4.042 14 WP_MOVED 3 360461.40625 4813640. 215. 31
4.072 14 NAVIGATION 2 1 0. 0. 0. 0. 0 21 21 1 0 0
4.088 14 GPS 3 36028477 481359546 899 185000 0 -9 0 175189240 31 0
4.139 14 IR_SENSORS 0 0 23 -16 264
4.140 14 ESTIMATOR 185.052643 -0.09
4.240 14 ATTITUDE 0.0023 0. -0.000365
4.323 14 NAVIGATION 2 1 0. 0. 0. 0. 0 21 21 1 0 0
4.340 14 GPS 3 36028477 481359546 899 185000 0 2 0 175189480 31 0
4.540 14 WP_MOVED 4 360312.8125 4813652. 185. 31
4.573 14 NAVIGATION 2 1 0. 0. 0. 0. 0 21 21 1 0 0
4.589 14 GPS 3 36028477 481359546 899 185000 0 20 0 175189720 31 0
4.639 14 NAVIGATION 2 1 0. 0. 0. 0. 0 21 21 1 0 0
4.639 14 ESTIMATOR 185.020355 0.2
4.740 14 AIRSPEED 0. 0. 0. 0.
4.740 14 ATTITUDE 0.0023 0. -0.000365
4.823 14 NAVIGATION 2 1 0. 0. 0. 0. 0 22 22 1 0 0
4.840 14 DESIRED 0. 0.00024 0. 0. 0. 235. 0. 13.
4.841 14 GPS 3 36028477 481359546 899 185000 0 19 0 175189960 31 0
4.958 14 WIND_INFO 14 5 0. 0. 0. 0.
5.023 14 FBW_STATUS 2 0 1 12.5 0.
5.040 14 WP_MOVED 5 360452.8125 4813581. 260. 31
5.073 14 NAVIGATION 2 1 0. 0. 0. 0. 0 22 22 1 0 0
5.088 14 GPS 3 36028477 481359546 899 185000 0 9 0 175190240 31 0
5.140 14 ENERGY 0 12.5 0. 0. 0. 0.
5.140 14 ESTIMATOR 185.074142 0.09
5.240 14 CALIBRATION 0. 0
5.241 14 ATTITUDE 0.0023 0. -0.000365
5.323 14 NAVIGATION 2 1 0. 0. 0. 0. 0 22 22 1 0 0
5.339 14 IR_SENSORS 0 0 23 -16 264
5.339 14 GPS 3 36028477 481359546 899 185000 0 7 0 175190480 31 0
5.540 14 DL_VALUE 21 0.
5.540 14 WP_MOVED 6 360169.5 4813757.5 260. 31
5.572 14 NAVIGATION 2 1 0. 0. 0. 0. 0 22 22 1 0 0
5.590 14 GPS 3 36028477 481359546 899 185000 0 6 0 175190720 31 0
5.640 14 NAVIGATION 2 1 0. 0. 0. 0. 0 22 22 1 0 0
5.641 14 ESTIMATOR 185.06636 0.06
5.741 14 AIRSPEED 0. 0. 0. 0.
5.741 14 ATTITUDE 0.0023 0. -0.000365
5.823 14 NAVIGATION 2 1 0. 0. 0. 0. 0 23 23 1 0 0
5.840 14 FBW_STATUS 2 0 1 12.5 0.
5.840 14 GPS 3 36028477 481359546 899 185000 0 11 0 175190960 31 0
5.890 14 DESIRED 0. 0.00024 0. 0. 0. 235. 0. 13.
5.939 14 GPS_SOL 693 693 693 7
6.039 14 WP_MOVED 7 360284.5 4813704. 235. 31
6.073 14 NAVIGATION 2 1 0. 0. 0. 0. 0 23 23 1 0 0
6.090 14 GPS 3 36028477 481359546 899 185000 0 15 0 175191240 31 0
6.140 14 AUTOPILOT_VERSION 51500 v5.15_devel-179-g9a29798-dirty
6.141 14 ESTIMATOR 185.065353 0.15
6.239 14 ENERGY 0 12.5 0. 0. 0. 0.
6.240 14 ATTITUDE 0.0023 0. -0.000365
6.323 14 NAVIGATION 2 1 0. 0. 0. 0. 0 23 23 1 0 0
6.339 14 GPS 3 36028477 481359546 899 185000 0 20 0 175191480 31 0
6.540 14 IR_SENSORS 0 0 23 -16 264
6.540 14 WP_MOVED 8 360269.1875 4813753. 235. 31
6.573 14 NAVIGATION 2 1 0. 0. 0. 0. 0 23 23 1 0 0
6.590 14 GPS 3 36028477 481359546 899 185000 0 9 0 175191720 31 0
6.641 14 NAVIGATION 2 1 0. 0. 0. 0. 0 23 23 1 0 0
6.641 14 ESTIMATOR 185.093948 0.09
6.739 14 AIRSPEED 0. 0. 0. 0.
6.740 14 ATTITUDE 0.0023 0. -0.000365
6.823 14 NAVIGATION 2 1 0. 0. 0. 0. 0 24 24 1 0 0
6.840 14 GPS 3 36028477 481359546 899 185000 0 -11 0 175191960 31 0
6.939 14 DESIRED 0. 0.00024 0. 0. 0. 235. 0. 13.
7.023 14 FBW_STATUS 2 0 1 12.5 0.
7.039 14 DL_VALUE 22 0.
7.040 14 WP_MOVED 9 360459.6875 4813680. 235. 31
7.073 14 NAVIGATION 2 1 0. 0. 0. 0. 0 24 24 1 0 0
7.089 14 GPS 3 36028477 481359546 899 185000 0 -7 0 175192240 31 0
7.139 14 ESTIMATOR 185.043869 -0.07
7.240 14 ATTITUDE 0.0023 0. -0.000365
7.324 14 NAVIGATION 2 1 0. 0. 0. 0. 0 24 24 1 0 0
7.339 14 CALIBRATION 0. 0
7.340 14 ENERGY 0 12.5 0. 0. 0. 0.
7.340 14 GPS 3 36028477 481359546 899 185000 0 7 0 175192480 31 0
7.539 14 WP_MOVED 10 360424. 4813592.5 235. 31
7.573 14 NAVIGATION 2 1 0. 0. 0. 0. 0 24 24 1 0 0
7.589 14 GPS 3 36028477 481359546 899 185000 0 28 0 175192720 31 0
7.639 14 NAVIGATION 2 1 0. 0. 0. 0. 0 24 24 1 0 0
7.639 14 ESTIMATOR 185.027557 0.28
7.740 14 IR_SENSORS 0 0 23 -16 264
7.740 14 AIRSPEED 0. 0. 0. 0.
7.740 14 ATTITUDE 0.0023 0. -0.000365
7.824 14 NAVIGATION 2 1 0. 0. 0. 0. 0 25 25 1 0 0
7.840 14 FBW_STATUS 2 0 1 12.5 0.
7.841 14 GPS 3 36028477 481359546 899 185000 0 30 0 175192960 31 0
7.924 14 COMMANDS 0,-17,7,0
7.940 14 GPS_SOL 697 697 697 7
7.990 14 DESIRED 0. 0.00024 0. 0. 0. 235. 0. 13.
8.040 14 WP_MOVED 11 360234.40625 4813661.5 235. 31
8.074 14 NAVIGATION 2 1 0. 0. 0. 0. 0 25 25 1 0 0
8.089 14 GPS 3 36028477 481359546 899 185000 0 21 0 175193240 31 0
8.139 14 COMMANDS 0,-17,7,0
8.140 14 ESTIMATOR 185.109573 0.21
8.240 14 STATE_FILTER_STATUS 2 3 303
8.240 14 ATTITUDE 0.0023 0. -0.000365
8.324 14 NAVIGATION 2 1 0. 0. 0. 0. 0 25 25 1 0 0
8.339 14 GPS 3 36028477 481359546 899 185000 0 24 0 175193480 31 0
8.439 14 PPRZ_MODE 2 1 2 0 0 6
8.439 14 ENERGY 0 12.5 0. 0. 0. 0.
8.540 14 ALIVE 158,87,147,219,247,235,138,154,89,223,120,51,202,91,226,10
8.540 14 DL_VALUE 23 1.
8.540 14 WP_MOVED 0 360326. 4813637. 260. 31
8.574 14 NAVIGATION 2 1 0. 0. 0. 0. 0 25 25 1 0 0
8.589 14 GPS 3 36028477 481359546 899 185000 0 23 0 175193720 31 0
8.640 14 NAVIGATION 2 1 0. 0. 0. 0. 0 25 25 1 0 0
8.640 14 ESTIMATOR 185.134064 0.23
8.740 14 DATALINK_REPORT 3 3 869 520 0 0
8.740 14 AIRSPEED 0. 0. 0. 0.
8.740 14 ATTITUDE 0.0023 0. -0.000365
8.823 14 NAVIGATION 2 1 0. 0. 0. 0. 0 26 26 1 0 0
8.840 14 GPS 3 36028477 481359546 899 185000 0 20 0 175193960 31 0
8.940 14 NAVIGATION_REF 360284 4813595 31 185.
8.940 14 IR_SENSORS 0 0 23 -16 264
9.023 14 FBW_STATUS 2 0 1 12.5 0.
9.039 14 DESIRED 0. 0.00024 0. 0. 0. 235. 0. 13.
9.039 14 WP_MOVED 1 360284. 4813595. 260. 31
9.073 14 NAVIGATION 2 1 0. 0. 0. 0. 0 26 26 1 0 0
9.090 14 GPS 3 36028477 481359546 899 185000 0 19 0 175194240 31 0
9.140 14 ESTIMATOR 185.142914 0.19
9.241 14 ATTITUDE 0.0023 0. -0.000365
9.324 14 NAVIGATION 2 1 0. 0. 0. 0. 0 26 26 1 0 0
9.339 14 GPS 3 36028477 481359546 899 185000 0 7 0 175194480 31 0
9.440 14 CALIBRATION 0. 0
9.539 14 ENERGY 0 12.5 0. 0. 0. 0.
9.540 14 WP_MOVED 2 360333.5 4813695. 235. 31
9.573 14 NAVIGATION 2 1 0. 0. 0. 0. 0 26 26 1 0 0
9.590 14 GPS 3 36028477 481359546 899 185000 0 12 0 175194720 31 0
9.590 14 SVINFO 6 13 0 6 48 61 321
9.640 14 NAVIGATION 2 1 0. 0. 0. 0. 0 26 26 1 0 0
9.640 14 ESTIMATOR 185.118134 0.12
9.739 14 AIRSPEED 0. 0. 0. 0.
9.739 14 ATTITUDE 0.0023 0. -0.000365
9.820 14 SETTING 10 14 1.
9.821 14 DL_VALUE 10 1.
9.823 14 NAVIGATION 2 1 0. 0. 0. 0. 0 27 27 1 0 0
9.839 14 FBW_STATUS 2 0 1 12.5 0.
9.839 14 GPS 3 36028477 481359546 899 185000 0 8 0 175194960 31 0
9.939 14 GPS_SOL 699 699 699 7
10.040 14 DL_VALUE 24 1.
10.040 14 WP_MOVED 3 360461.40625 4813640. 215. 31
10.072 14 NAVIGATION 2 1 0. 0. 0. 0. 0 27 27 1 0 0
10.091 14 DESIRED 0. 0.00024 0. 0. 0. 235. 0. 13.
10.091 14 GPS 3 36028477 481359546 899 185000 0 -7 0 175195240 31 0
10.139 14 IR_SENSORS 0 0 23 -16 264
10.139 14 ESTIMATOR 185.096878 -0.07
10.239 14 ATTITUDE 0.0023 0. -0.000365
10.323 14 NAVIGATION 2 1 0. 0. 0. 0. 0 27 27 1 0 0
10.340 14 GPS 3 36028477 481359546 899 185000 0 -18 0 175195480 31 0
10.542 14 WP_MOVED 4 360312.8125 4813652. 185. 31
10.573 14 NAVIGATION 2 1 0. 0. 0. 0. 0 27 27 1 0 0
10.590 14 GPS 3 36028477 481359546 899 185000 0 -1 0 175195720 31 0
10.639 14 ENERGY 0 12.5 0. 0. 0. 0.
10.639 14 NAVIGATION 2 1 0. 0. 0. 0. 0 27 27 1 0 0
10.639 14 ESTIMATOR 185.010742 -0.01
10.640 14 BLOCK 3 14
10.641 14 NAVIGATION 3 0 0. 0. 0. 0. 0 0 0 1 0 0
10.740 14 AIRSPEED 0. 0. 0. 0.
10.740 14 ATTITUDE 0.0023 0. -0.000365
10.823 14 NAVIGATION 3 2 0. 0. 198.624115 0. 0 1 0 0 0 0
10.840 14 GPS 3 36028477 481359546 899 185000 0 7 0 175195960 31 0
11.023 14 FBW_STATUS 2 0 1 12.5 0.095192
11.039 14 WP_MOVED 5 360452.8125 4813581. 260. 31
11.074 14 NAVIGATION 3 2 0. 0. 198.624115 0. 0 1 0 0 0 0
11.093 14 GPS 3 36028477 481359852 3599 184996 1268 0 0 175196240 31 0
11.094 14 SVINFO 5 12 1 5 48 88 271
11.140 14 DESIRED -0.2 0.263554 5.668788 -114.5 162.300003 235. 0. 13.
11.141 14 ESTIMATOR 185.016525 0.
11.239 14 ATTITUDE -0.028171 6.282656 0.015037
11.322 14 NAVIGATION 3 2 0. 3. 196.180374 3. 0 1 0 0 0 0
11.339 14 IR_SENSORS 0 0 30 -29 262
11.340 14 GPS 3 36028476 481360151 3597 184982 1245 0 0 175196480 31 0
11.539 14 CALIBRATION 0. 0
11.539 14 DL_VALUE 25 0.
11.540 14 WP_MOVED 6 360169.5 4813757.5 260. 31
11.573 14 NAVIGATION 3 2 0. 6. 193.752274 6. 0 1 0 0 0 0
11.589 14 GPS 3 36028471 481360449 3590 184981 1242 -7 0 175196720 31 0
11.640 14 NAVIGATION 3 2 -0.03125 9. 193.752274 6. 0 1 0 0 0 0
11.641 14 ESTIMATOR 185.000809 -0.07
11.739 14 ENERGY 46 12.5 0.648273 8.103415 0.000437 0.005461
11.739 14 AIRSPEED 0. 0. 0. 0.
11.739 14 ATTITUDE -0.148795 6.267385 0.075347
11.823 14 TAKEOFF 38
11.823 14 NAVIGATION 3 2 -0.03125 9. 191.321671 9.000054 1 2 1 0 0 0
11.839 14 FBW_STATUS 2 0 1 12.5 0.757697
11.839 14 GPS 3 36028459 481360751 3577 185028 1259 21 0 175196960 31 0
11.941 14 GPS_SOL 699 699 699 7
12.040 14 WP_MOVED 7 360284.5 4813704. 235. 31
12.072 14 NAVIGATION 3 2 -0.15625 12. 188.850693 12.001018 1 2 1 0 0 0
12.089 14 GPS 3 36028432 481361112 3553 185190 1299 63 0 175197240 31 0
12.140 14 ESTIMATOR 185.083954 0.63
12.190 14 DESIRED -0.588848 0.288263 5.632827 -114.5 162.300003 235. 0. 13.
12.239 14 ATTITUDE -0.276032 6.20134 0.153851
12.323 14 NAVIGATION 3 2 -0.4375 15.5 185.904526 15.506173 1 2 1 0 0 0
12.341 14 GPS 3 36028392 481361430 3528 185457 1335 110 0 175197480 31 0
12.540 14 IR_SENSORS 0 0 72 -106 234
12.540 14 WP_MOVED 8 360269.1875 4813753. 235. 31
12.573 14 NAVIGATION 3 2 -0.84375 19. 182.900604 19.018724 1 2 1 0 0 0
12.590 14 GPS 3 36028333 481361756 3497 185866 1379 161 0 175197720 31 0
12.640 14 NAVIGATION 3 2 -1.4375 22. 182.900604 19.018724 1 2 1 0 0 0
12.640 14 ESTIMATOR 185.647415 1.61
12.740 14 AIRSPEED 0. 0. 0. 0.
12.740 14 ATTITUDE -0.413074 6.103423 0.247641
12.822 14 NAVIGATION 3 2 -1.4375 22. 180.18663 22.046913 2 3 2 0 0 0
12.840 14 ENERGY 88 12.5 1.627817 20.347708 0.00266 0.033256
12.840 14 GPS 3 36028250 481362087 3459 186431 1422 214 0 175197960 31 0
12.924 14 COMMANDS 8524,-437,399,0
13.023 14 FBW_STATUS 2 0 1 12.5 1.627817
13.039 14 DL_VALUE 26 0.
13.040 14 WP_MOVED 9 360459.6875 4813680. 235. 31
13.073 14 NAVIGATION 3 2 -2.28125 25.5 176.93866 25.601837 2 3 2 0 0 0
13.090 14 GPS 3 36028120 481362473 3406 187283 1458 319 0 175198240 31 0
13.140 14 COMMANDS 8524,203,114,0
13.140 14 ESTIMATOR 186.837021 3.19
13.240 14 STATE_FILTER_STATUS 2 3 441
13.241 14 DESIRED -0.465349 0.314447 5.596181 -114.5 162.300003 235. 0. 13.
13.241 14 ATTITUDE -0.505415 5.945246 0.320455
13.323 14 NAVIGATION 3 2 -3.5625 29. 173.424393 29.217999 2 3 2 0 0 0
13.340 14 GPS 3 36027978 481362797 3363 188158 1472 372 0 175198480 31 0
13.439 14 PPRZ_MODE 2 1 3 0 0 6
13.540 14 ALIVE 158,87,147,219,247,235,138,154,89,223,120,51,202,91,226,10
13.540 14 WP_MOVED 10 360424. 4813592.5 235. 31
13.572 14 NAVIGATION 3 2 -5. 32.5 169.818405 32.882366 2 3 2 0 0 0
13.589 14 GPS 3 36027810 481363109 3316 189146 1477 404 0 175198720 31 0
13.641 14 CALIBRATION 0. 0
13.642 14 NAVIGATION 3 2 -6.65625 35.5 169.818405 32.882366 2 3 2 0 0 0
13.642 14 ESTIMATOR 188.813843 4.04
13.740 14 IR_SENSORS 0 0 100 -125 217
13.740 14 AIRSPEED 0. 0. 0. 0.
13.741 14 ATTITUDE -0.459781 5.788161 0.344557
13.823 14 NAVIGATION 3 2 -6.65625 35.5 166.458755 36.118633 3 4 3 0 0 0
13.842 14 DATALINK_REPORT 4 5 991 529 0 0
13.842 14 FBW_STATUS 2 0 1 12.5 1.627817
13.842 14 GPS 3 36027618 481363407 3272 190226 1477 433 0 175198960 31 0
13.939 14 GPS_SOL 699 699 699 7
13.939 14 ENERGY 88 12.5 1.627817 20.347708 0.005645 0.07056
14.039 14 WP_MOVED 11 360234.40625 4813661.5 235. 31
14.073 14 NAVIGATION 3 2 -8.59375 38.5 162.918915 39.447464 3 4 3 0 0 0
14.090 14 GPS 3 36027370 481363737 3224 191580 1470 473 0 175199240 31 0
14.139 14 ESTIMATOR 191.156189 4.73
14.241 14 ATTITUDE -0.335691 5.628281 0.337045
14.291 14 DESIRED -0.128679 0.294499 5.575529 -114.5 162.300003 235. 0. 13.
14.323 14 NAVIGATION 3 2 -11.0625 42. 158.654999 43.432465 3 4 3 0 0 0
14.340 14 GPS 3 36027143 481364004 3196 192795 1462 495 0 175199480 31 0
14.340 14 SVINFO 4 11 1 4 48 81 223
14.542 14 DL_VALUE 27 0.
14.542 14 WP_MOVED 0 360326. 4813637. 260. 31
14.574 14 NAVIGATION 3 2 -13.3125 44.5 155.292465 46.448601 3 4 3 0 0 0
14.589 14 GPS 3 36026906 481364259 3170 194036 1452 520 0 175199720 31 0
14.640 14 NAVIGATION 3 2 -15.71875 47. 155.292465 46.448601 3 4 3 0 0 0
14.640 14 ESTIMATOR 193.781403 5.2
14.739 14 AIRSPEED 0. 0. 0. 0.
14.739 14 ATTITUDE -0.199861 5.533627 0.317625
14.822 14 NAVIGATION 3 2 -15.71875 47. 151.828278 49.558846 4 5 4 0 0 0
14.839 14 GPS 3 36026661 481364504 3150 195285 1443 519 0 175199960 31 0
14.839 14 SVINFO 6 13 1 6 47 52 324
14.944 14 IR_SENSORS 0 0 101 -51 241
14.959 14 WIND_INFO 14 5 -3.6 3.2 0. 10.3
15.022 14 FBW_STATUS 2 0 1 12.5 1.627817
15.039 14 ENERGY 88 12.5 1.627817 20.347708 0.008629 0.107864
15.039 14 WP_MOVED 1 360284. 4813595. 260. 31
15.072 14 NAVIGATION 3 2 -18.15625 49.5 148.344055 52.724751 4 5 4 0 0 0
15.089 14 GPS 3 36026369 481364781 3133 196735 1434 526 0 175200240 31 0
15.140 14 ESTIMATOR 196.509216 5.26
15.239 14 ATTITUDE -0.071598 5.483517 0.298176
15.323 14 NAVIGATION 3 2 -21.0625 52. 144.556763 56.103733 4 5 4 0 0 0
15.343 14 DESIRED 0.135138 0.266268 5.580365 -114.5 162.300003 235. 0. 13.
15.344 14 GPS 3 36026117 481365013 3126 197960 1429 510 0 175200480 31 0
15.541 14 WP_MOVED 2 360333.5 4813695. 235. 31
15.573 14 NAVIGATION 3 2 -23.59375 54.5 141.013428 59.387836 4 5 4 0 0 0
15.590 14 GPS 3 36025864 481365244 3123 199163 1425 491 0 175200720 31 0
15.640 14 NAVIGATION 3 2 -26.125 57. 141.013428 59.387836 4 5 4 0 0 0
15.640 14 ESTIMATOR 199.141464 4.91
15.740 14 CALIBRATION 0. 0
15.741 14 AIRSPEED 10.3 0. 0. 0.
15.741 14 ATTITUDE 0.0588 5.458592 0.282067
15.822 14 NAVIGATION 3 2 -26.125 57. 137.47084 62.701797 5 6 5 0 0 0
15.839 14 FBW_STATUS 2 0 1 12.5 1.627817
15.839 14 GPS 3 36025613 481365475 3126 200339 1423 479 0 175200960 31 0
15.939 14 GPS_SOL 697 697 697 7
16.039 14 DL_VALUE 28 0.
16.040 14 WP_MOVED 3 360461.40625 4813640. 215. 31
16.073 14 NAVIGATION 3 2 -28.625 59. 134.333191 65.577362 5 6 5 0 0 0
16.089 14 GPS 3 36025324 481365750 3136 201678 1422 473 0 175201240 31 0
16.140 14 IR_SENSORS 0 0 93 16 248
16.140 14 ENERGY 88 12.5 1.627817 20.347708 0.011613 0.145168
16.140 14 ESTIMATOR 201.589325 4.73
16.239 14 ATTITUDE 0.135285 5.493032 0.271504
16.323 14 NAVIGATION 3 2 -31.5 62. 130.188675 69.543152 5 6 5 0 0 0
16.340 14 GPS 3 36025082 481365990 3147 202800 1424 465 0 175201480 31 0
16.340 14 SVINFO 5 12 1 5 47 85 274
16.391 14 DESIRED 0.1228 0.277144 5.591889 -114.5 162.300003 235. 0. 13.
16.539 14 WP_MOVED 4 360312.8125 4813652. 185. 31
16.573 14 NAVIGATION 3 2 -33.9375 64.5 126.708946 72.883499 5 6 5 0 0 0
16.589 14 GPS 3 36024844 481366237 3161 203903 1426 470 0 175201720 31 0
16.640 14 NAVIGATION 3 2 -36.3125 67. 126.708946 72.883499 5 6 5 0 0 0
16.641 14 ESTIMATOR 203.931595 4.7
16.739 14 AIRSPEED 10.3 0. 0. 0.
16.740 14 ATTITUDE 0.15131 5.55778 0.267964
16.823 14 NAVIGATION 3 2 -36.3125 67. 123.269524 76.207596 6 7 6 0 0 0
16.839 14 GPS 3 36024613 481366490 3175 204995 1429 452 0 175201960 31 0
17.022 14 FBW_STATUS 2 0 1 12.5 1.627817
17.041 14 WP_MOVED 5 360452.8125 4813581. 260. 31
17.073 14 NAVIGATION 3 2 -38.625 69.5 119.870163 79.511887 6 7 6 0 0 0
17.091 14 GPS 3 36024350 481366793 3192 206262 1433 467 0 175202240 31 0
17.139 14 ESTIMATOR 206.221756 4.67
17.240 14 AUTOPILOT_VERSION 51500 v5.15_devel-179-g9a29798-dirty
17.241 14 ENERGY 88 12.5 1.627817 20.347708 0.014598 0.182473
17.241 14 ATTITUDE 0.118998 5.638544 0.263116
17.322 14 NAVIGATION 3 2 -41.21875 72.5 115.905914 83.398056 6 7 6 0 0 0
17.338 14 IR_SENSORS 0 0 91 10 249
17.339 14 GPS 3 36024130 481367058 3202 207350 1435 474 0 175202480 31 0
17.439 14 DESIRED 0.020098 0.27169 5.598734 -114.5 162.300003 235. 0. 13.
17.539 14 DL_VALUE 29 5.
17.540 14 WP_MOVED 6 360169.5 4813757.5 260. 31
17.573 14 NAVIGATION 3 2 -43.46875 75. 112.546562 86.686401 6 7 6 0 0 0
17.588 14 GPS 3 36023914 481367327 3212 208442 1437 461 0 175202720 31 0
17.589 14 SVINFO 3 10 1 3 48 48 175
17.640 14 NAVIGATION 3 2 -45.625 78. 112.546562 86.686401 6 7 6 0 0 0
17.641 14 ESTIMATOR 208.532715 4.61
17.739 14 AIRSPEED 10.3 0. 0. 0.
17.739 14 ATTITUDE 0.062832 5.690034 0.266654
17.823 14 NAVIGATION 3 2 -45.625 78. 108.858879 90.363937 7 8 7 0 0 0
17.839 14 CALIBRATION 0. 0
17.839 14 FBW_STATUS 2 0 1 12.5 1.627817
17.839 14 GPS 3 36023701 481367599 3219 209542 1438 457 0 175202960 31 0
17.927 14 COMMANDS 8524,-437,-4,0
17.940 14 NAVIGATION_REF 360284 4813595 31 185.
17.940 14 GPS_SOL 694 694 694 7
18.040 14 WP_MOVED 7 360284.5 4813704. 235. 31
18.073 14 NAVIGATION 3 2 -47.75 80.5 105.578423 93.596542 7 8 7 0 0 0
18.090 14 GPS 3 36023455 481367919 3224 210833 1439 461 0 175203240 31 0
18.140 14 COMMANDS 8524,-367,-29,0
18.140 14 ESTIMATOR 210.801666 4.61
18.240 14 STATE_FILTER_STATUS 2 3 354
18.240 14 ATTITUDE 0.01067 5.721562 0.266654
18.323 14 NAVIGATION 4 0 -50.1875 83.5 0. 97.421944 7 0 0 0 0 0
18.341 14 ENERGY 88 12.5 1.627817 20.347708 0.017582 0.219777
18.341 14 GPS 3 36023245 481368193 3226 211946 1439 439 0 175203480 31 0
18.342 14 SVINFO 6 13 1 6 46 46 326
18.441 14 PPRZ_MODE 2 1 3 0 0 6
18.489 14 DESIRED -0.035925 0.262802 5.598755 -114.5 162.300003 235. 0. 13.
18.540 14 ALIVE 158,87,147,219,247,235,138,154,89,223,120,51,202,91,226,10
18.540 14 IR_SENSORS 0 0 92 -19 248
18.541 14 WP_MOVED 8 360269.1875 4813753. 235. 31
18.572 14 NAVIGATION 4 2 -52.3125 86.5 0. 101.088318 7 0 0 0 0 0
18.589 14 CIRCLE 49.5 100.099998 80.
18.589 14 GPS 3 36023036 481368468 3226 213062 1439 445 0 175203720 31 0
18.640 14 NAVIGATION 4 2 -54.375 89.5 0. 101.088318 7 0 0 0 0 0
18.641 14 ESTIMATOR 213.052704 4.45
18.739 14 AIRSPEED 10.3 0. 0. 0.
18.739 14 ATTITUDE 0.026703 5.726079 0.266654
18.823 14 NAVIGATION 4 2 -54.375 89.5 0. 104.722923 8 1 1 0 0 0
18.839 14 GPS 3 36022826 481368743 3226 214181 1439 429 0 175203960 31 0
18.939 14 DATALINK_REPORT 4 6 1113 534 0 0
19.023 14 FBW_STATUS 2 0 1 12.5 1.627817
19.039 14 DL_VALUE 30 100.
19.040 14 WP_MOVED 9 360459.6875 4813680. 235. 31
19.073 14 NAVIGATION 4 2 -56.5 92. 0. 107.964111 8 1 1 0 0 0
19.089 14 GPS 3 36022585 481369066 3234 215491 1439 432 0 175204240 31 0
19.090 14 SVINFO 2 9 0 2 48 10 126
19.140 14 ESTIMATOR 215.305756 4.32
19.238 14 ATTITUDE 0.151666 5.746397 0.276376
19.322 14 NAVIGATION 4 2 -58.90625 95. 0. 111.780792 8 1 1 0 0 0
19.340 14 GPS 3 36022385 481369347 3245 216621 1438 431 0 175204480 31 0
19.440 14 ENERGY 87 12.5 1.581758 19.771973 0.020561 0.25701
19.539 14 DESIRED 0.6 0.316446 5.598755 -114.5 162.300003 235. 0.590827 13.
19.540 14 WP_MOVED 10 360424. 4813592.5 235. 31
19.572 14 NAVIGATION 4 2 -60.90625 98. 0. 115.384453 8 1 1 0 0 0
19.590 14 GPS 3 36022194 481369634 3263 217758 1436 421 0 175204720 31 0
19.590 14 SVINFO 4 11 1 4 47 86 226
19.640 14 CIRCLE 49.5 100.099998 80.
19.640 14 NAVIGATION 4 2 -62.84375 101. 0. 115.384453 8 1 1 0 0 0
19.640 14 ESTIMATOR 217.583847 4.21
19.739 14 IR_SENSORS 0 0 98 56 241
19.740 14 AIRSPEED 10.3 0. 0. 0.
19.740 14 ATTITUDE 0.291145 5.820946 0.29895
19.823 14 NAVIGATION 4 2 -62.84375 101. 0. 118.955185 9 2 2 0 0 0
19.839 14 FBW_STATUS 2 0 1 12.5 1.4151
19.840 14 GPS 3 36022016 481369928 3287 218899 1430 418 0 175204960 31 0
19.840 14 SVINFO 5 12 0 5 46 82 276
19.939 14 CALIBRATION 17.191214 2
19.939 14 GPS_SOL 690 690 690 7
20.040 14 WP_MOVED 11 360234.40625 4813661.5 235. 31
20.073 14 NAVIGATION 4 2 -64.59375 103.5 0. 122.002472 9 2 2 0 0 0
20.089 14 GPS 3 36021830 481370277 3325 220222 1410 430 0 175205240 31 0
20.140 14 ESTIMATOR 219.870377 4.3
20.240 14 ATTITUDE 0.416419 5.981419 0.314513
20.324 14 NAVIGATION 4 2 -66.4375 107. 0. 125.948166 9 2 2 0 0 0
20.340 14 GPS 3 36021695 481370582 3360 221322 1388 408 0 175205480 31 0
20.539 14 DL_VALUE 31 1.
20.540 14 ENERGY 57 12.5 0.916596 11.457446 0.02292 0.286494
20.540 14 WP_MOVED 0 360326. 4813637. 260. 31
20.573 14 NAVIGATION 4 2 -67.78125 110.5 0. 129.632355 9 2 2 0 0 0
20.590 14 DESIRED 0.6 0.183992 5.598755 -114.5 162.300003 235. 0.418736 13.
20.591 14 GPS 3 36021586 481370889 3406 222366 1359 395 0 175205720 31 0
20.640 14 NAVIGATION 4 2 -68.90625 113.5 0. 129.632355 9 2 2 0 0 0
20.641 14 ESTIMATOR 222.140182 3.95
20.689 14 CIRCLE 49.5 100.099998 80.
20.740 14 AIRSPEED 10.3 0. 0. 0.
20.741 14 ATTITUDE 0.535408 6.188818 0.315458
20.823 14 NAVIGATION 4 2 -68.90625 113.5 0. 132.779221 10 3 3 0 0 0
20.839 14 GPS 3 36021509 481371198 3459 223328 1324 362 0 175205960 31 0
20.939 14 IR_SENSORS 0 0 92 122 221
21.022 14 FBW_STATUS 2 0 1 12.5 0.560308
21.041 14 WP_MOVED 1 360284. 4813595. 260. 31
21.073 14 NAVIGATION 4 2 -69.65625 116.5 0. 135.735931 10 3 3 0 0 0
21.090 14 GPS 3 36021462 481371553 3535 224314 1274 313 0 175206240 31 0
21.091 14 SVINFO 3 10 1 3 47 54 177
21.140 14 ESTIMATOR 224.143173 3.13
21.241 14 ATTITUDE 0.595154 0.22509 0.290876
21.323 14 NAVIGATION 4 2 -70.125 120. 0. 138.987473 10 3 3 0 0 0
21.340 14 GPS 3 36021461 481371850 3597 225019 1234 269 0 175206480 31 0
21.539 14 WP_MOVED 2 360333.5 4813695. 235. 31
21.573 14 NAVIGATION 4 2 -70.15625 123. 0. 141.601196 10 3 3 0 0 0
21.590 14 GPS 3 36021495 481372133 69 225582 1190 200 0 175206720 31 0
21.641 14 ENERGY 19 12.5 0.271465 3.393312 0.023943 0.299289
21.642 14 DESIRED 0.6 0.079697 5.598755 -114.5 162.300003 235. 0.301511 13.
21.643 14 NAVIGATION 4 2 -69.78125 126. 0. 141.601196 10 3 3 0 0 0
21.643 14 ESTIMATOR 225.611801 2.
21.739 14 CIRCLE 49.5 100.099998 80.
21.739 14 AIRSPEED 10.3 0. 0. 0.
21.739 14 ATTITUDE 0.609909 0.530217 0.237209
21.822 14 NAVIGATION 4 2 -69.78125 126. 0. 144.032715 11 4 4 0 0 0
21.839 14 FBW_STATUS 2 0 1 12.5 0.214531
21.839 14 GPS 3 36021580 481372443 153 226050 1146 137 0 175207000 31 0
21.840 14 SVINFO 6 13 1 6 45 40 328
21.939 14 GPS_SOL 685 685 685 7
22.040 14 CALIBRATION 150. 0
22.040 14 DL_VALUE 32 0.
22.040 14 WP_MOVED 3 360461.40625 4813640. 215. 31
22.073 14 NAVIGATION 4 2 -68.9375 129. 0. 146.264755 11 4 4 0 0 0
22.089 14 GPS 3 36021689 481372687 247 226292 1111 98 0 175207240 31 0
22.140 14 IR_SENSORS 0 0 63 135 222
22.140 14 ESTIMATOR 226.400787 0.98
22.239 14 ATTITUDE 0.609192 0.874908 0.176697
22.323 14 NAVIGATION 4 2 -67.875 131. 0. 147.539871 11 4 4 0 0 0
22.340 14 GPS 3 36021830 481372910 323 226399 1099 39 0 175207480 31 0
22.340 14 SVINFO 1 8 1 1 48 0 78
22.539 14 WP_MOVED 4 360312.8125 4813652. 185. 31
22.572 14 NAVIGATION 4 2 -66.4375 133.5 0. 149.118042 11 4 4 0 0 0
22.589 14 GPS 3 36022002 481373109 406 226394 1097 -4 0 175207720 31 0
22.640 14 NAVIGATION 4 2 -64.75 135.5 0. 149.118042 11 4 4 0 0 0
22.640 14 ESTIMATOR 226.606415 -0.04
22.691 14 DESIRED 0.6 0.075465 5.598755 -114.5 162.300003 235. 0.252529 13.
22.740 14 ENERGY 18 12.5 0.228369 2.854608 0.024345 0.304309
22.740 14 AIRSPEED 10.3 0. 0. 0.
22.740 14 ATTITUDE 0.603251 1.126077 0.122916
22.790 14 CIRCLE 49.5 100.099998 80.
22.822 14 NAVIGATION 4 2 -64.75 135.5 0. 150.175934 12 5 5 0 0 0
22.839 14 GPS 3 36022238 481373310 496 226275 1106 -33 0 175208000 31 0
22.923 14 COMMANDS 1879,-765,-420,0
23.023 14 FBW_STATUS 2 0 1 12.5 0.242213
23.039 14 WP_MOVED 5 360452.8125 4813581. 260. 31
23.073 14 NAVIGATION 4 2 -62.34375 137.5 0. 150.97348 12 5 5 0 0 0
23.090 14 GPS 3 36022468 481373451 591 226105 1125 -64 0 175208240 31 0
23.090 14 SVINFO 4 11 0 4 46 88 228
23.139 14 COMMANDS 1982,-1914,-207,0
23.140 14 ESTIMATOR 226.349045 -0.64
23.240 14 STATE_FILTER_STATUS 2 3 397
23.241 14 ATTITUDE 0.575843 1.379859 0.081421
23.323 14 NAVIGATION 4 2 -60.0625 139. 0. 151.421616 12 5 5 0 0 0
23.339 14 IR_SENSORS 0 0 38 124 232
23.339 14 GPS 3 36022719 481373561 663 225896 1142 -83 0 175208480 31 0
23.340 14 SVINFO 5 12 1 5 45 78 278
23.441 14 PPRZ_MODE 2 3 2 2 0 6
23.540 14 ALIVE 158,87,147,219,247,235,138,154,89,223,120,51,202,91,226,10
23.540 14 DL_VALUE 33 0.
23.540 14 WP_MOVED 6 360169.5 4813757.5 260. 31
23.573 14 NAVIGATION 4 2 -57.5625 140. 0. 151.371872 12 5 5 0 0 0
23.589 14 GPS 3 36022986 481373641 733 225677 1164 -100 0 175208720 31 0
23.589 14 SVINFO 6 13 1 6 44 37 329
23.640 14 NAVIGATION 4 2 -54.90625 141. 0. 151.371872 12 5 5 0 0 0
23.641 14 ESTIMATOR 225.847488 -1.
23.739 14 DESIRED -0.078137 0.060391 5.598755 -114.5 162.300003 235. 0.266584 13.
23.740 14 AIRSPEED 10.3 0. 0. 0.
23.740 14 ATTITUDE 0.451789 1.561059 0.047164
23.822 14 NAVIGATION 4 2 -54.90625 141. 0. 151.313232 13 6 6 0 0 0
23.840 14 FBW_STATUS 2 0 1 12.5 0.32297
23.840 14 ENERGY 25 12.5 0.321334 4.016669 0.024836 0.310445
23.841 14 CIRCLE 49.5 100.099998 80.
23.842 14 GPS 3 36023266 481373694 793 225470 1184 -100 0 175208960 31 0
23.842 14 SVINFO 0 7 0 0 48 24 29
23.941 14 GPS_SOL 678 678 678 7
24.040 14 DATALINK_REPORT 9 6 1243 546 0 0
24.040 14 WP_MOVED 7 360284.5 4813704. 235. 31
24.072 14 NAVIGATION 4 2 -52.125 141.5 0. 150.795441 13 6 6 0 0 0
24.091 14 GPS 3 36023602 481373725 854 225264 1209 -84 0 175209240 31 0
24.140 14 CALIBRATION 63.680302 0
24.140 14 ESTIMATOR 225.301743 -0.84
24.240 14 ATTITUDE 0.331747 1.713589 0.030299
24.323 14 NAVIGATION 4 2 -48.75 142. 0. 150.135147 13 6 6 0 0 0
24.339 14 GPS 3 36023896 481373729 891 225124 1224 -78 0 175209480 31 0
24.340 14 SVINFO 2 9 1 2 47 17 129
24.539 14 IR_SENSORS 0 0 30 49 259
24.540 14 WP_MOVED 8 360269.1875 4813753. 235. 31
24.572 14 NAVIGATION 4 2 -45.78125 142. 0. 149.197586 13 6 6 0 0 0
24.589 14 GPS 3 36024193 481373716 924 225021 1238 -71 0 175209720 31 0
24.590 14 SVINFO 3 10 0 3 46 60 179
24.640 14 NAVIGATION 4 2 -42.84375 142. 0. 149.197586 13 6 6 0 0 0
24.640 14 ESTIMATOR 224.93483 -0.71
24.738 14 AIRSPEED 10.3 0. 0. 0.
24.739 14 ATTITUDE 0.199898 1.800296 0.023391
24.789 14 DESIRED -0.6 0.034446 5.598755 -114.5 162.300003 235. 0.296999 13.
24.823 14 NAVIGATION 4 2 -42.84375 142. 0. 148.322571 14 7 7 0 0 0
24.840 14 GPS 3 36024492 481373690 950 224952 1250 -47 0 175209960 31 0
24.892 14 CIRCLE 49.5 100.099998 80.
24.940 14 ENERGY 32 12.5 0.432615 5.407691 0.025532 0.319143
24.960 14 WIND_INFO 14 5 -0.9 1.3 0. 11.6
25.024 14 FBW_STATUS 2 0 1 12.5 0.439414
25.040 14 DL_VALUE 34 80.
25.041 14 WP_MOVED 9 360459.6875 4813680. 235. 31
25.073 14 NAVIGATION 4 2 -39.84375 141.5 0. 147.002625 14 7 7 0 0 0
25.088 14 GPS 3 36024842 481373647 972 224910 1262 -29 0 175210240 31 0
25.139 14 ESTIMATOR 224.746429 -0.29
25.240 14 ATTITUDE 0.077982 1.782627 0.022143
25.323 14 NAVIGATION 4 2 -36.34375 141. 0. 145.608612 14 7 7 0 0 0
25.340 14 GPS 3 36025144 481373604 981 224903 1270 -23 0 175210480 31 0
25.541 14 WP_MOVED 10 360424. 4813592.5 235. 31
25.573 14 NAVIGATION 4 2 -33.3125 140.5 0. 144.395203 14 7 7 0 0 0
25.589 14 GPS 3 36025447 481373558 986 224919 1278 -18 0 175210720 31 0
25.640 14 NAVIGATION 4 2 -30.28125 140. 0. 144.395203 14 7 7 0 0 0
25.641 14 ESTIMATOR 224.737915 -0.18
25.740 14 IR_SENSORS 0 0 30 -29 262
25.740 14 AIRSPEED 11.6 0. 0. 0.
25.740 14 ATTITUDE -0.047406 1.803717 0.026741
25.822 14 NAVIGATION 4 2 -30.28125 140. 0. 143.237396 15 8 8 0 0 0
25.841 14 FBW_STATUS 2 0 1 12.5 0.495703
25.841 14 DESIRED -0.6 0.030193 5.598755 -114.5 162.300003 235. 0.307863 13.
25.841 14 GPS 3 36025752 481373513 983 224952 1284 1 0 175210960 31 0
25.842 14 SVINFO 1 8 1 1 47 0 80
25.942 14 GPS_SOL 670 670 670 7
25.946 14 CIRCLE 49.5 100.099998 80.
26.039 14 ENERGY 35 12.5 0.497498 6.218724 0.026401 0.330013
26.040 14 WP_MOVED 11 360234.40625 4813661.5 235. 31
26.073 14 NAVIGATION 4 2 -27.21875 139.5 0. 142.1306 15 8 8 0 0 0
26.089 14 GPS 3 36026110 481373466 972 225006 1291 6 0 175211240 31 0
26.140 14 ESTIMATOR 224.824692 0.06
26.239 14 CALIBRATION -20.976912 2
26.240 14 ATTITUDE -0.17021 1.781468 0.028939
26.323 14 NAVIGATION 4 2 -23.625 139. 0. 140.993408 15 8 8 0 0 0
26.340 14 GPS 3 36026420 481373435 957 225060 1294 34 0 175211480 31 0
26.539 14 DL_VALUE 35 0.
26.540 14 WP_MOVED 0 360326. 4813637. 260. 31
26.573 14 NAVIGATION 4 2 -20.5625 139. 0. 140.512695 15 8 8 0 0 0
26.589 14 GPS 3 36026730 481373416 935 225117 1297 31 0 175211720 31 0
26.590 14 SVINFO 4 11 1 4 45 89 230
26.640 14 NAVIGATION 4 2 -17.46875 138.5 0. 140.512695 15 8 8 0 0 0
26.640 14 ESTIMATOR 225.016159 0.31
26.739 14 AIRSPEED 11.6 0. 0. 0.
26.740 14 ATTITUDE -0.30081 1.721836 0.037587
26.823 14 NAVIGATION 4 2 -17.46875 138.5 0. 139.597305 16 9 9 0 0 0
26.841 14 GPS 3 36027042 481373412 906 225173 1299 34 0 175211960 31 0
26.841 14 SVINFO 5 12 1 5 44 73 280
26.890 14 DESIRED -0.6 0.050555 5.598755 -114.5 162.300003 235. 0.299515 13.
26.941 14 NAVIGATION_REF 360284 4813595 31 185.
26.941 14 IR_SENSORS 0 0 31 -106 242
26.988 14 CIRCLE 49.5 100.099998 80.
27.023 14 FBW_STATUS 2 0 1 12.5 0.472154
27.040 14 WP_MOVED 1 360284. 4813595. 260. 31
27.073 14 NAVIGATION 4 2 -14.34375 138.5 0. 139.240768 16 9 9 0 0 0
27.091 14 GPS 3 36027406 481373432 861 225230 1299 47 0 175212240 31 0
27.092 14 SVINFO 6 13 0 6 43 31 331
27.140 14 ENERGY 33 12.5 0.468786 5.859828 0.027294 0.34117
27.140 14 ESTIMATOR 225.206985 0.47
27.241 14 ATTITUDE -0.421118 1.601748 0.048643
27.323 14 NAVIGATION 4 2 -10.65625 139. 0. 139.407867 16 9 9 0 0 0
27.339 14 GPS 3 36027715 481373475 821 225268 1300 21 0 175212480 31 0
27.540 14 WP_MOVED 2 360333.5 4813695. 235. 31
27.572 14 NAVIGATION 4 2 -4.5625 140. 0. 140.074326 16 9 9 0 0 0
27.589 14 GPS 3 36028019 481373545 770 225292 1300 31 0 175212720 31 0
27.639 14 NAVIGATION 4 2 -4.5625 140. 0. 140.074326 16 9 9 0 0 0
27.640 14 ESTIMATOR 225.34436 0.31
27.740 14 AIRSPEED 11.6 0. 0. 0.
27.740 14 ATTITUDE -0.541994 1.451662 0.063651
27.824 14 NAVIGATION 4 2 -1.59375 141. 0. 141.009003 17 10 10 0 0 0
27.839 14 FBW_STATUS 2 0 1 12.5 0.46737
27.839 14 GPS 3 36028315 481373646 711 225300 1302 22 0 175212960 31 0
27.840 14 SVINFO 2 9 1 2 46 22 131
27.925 14 COMMANDS 3267,-190,85,0
27.946 14 GPS_SOL 661 661 661 7
27.949 14 DESIRED -0.6 0.074585 5.598755 -114.5 162.300003 235. 0.288284 13.
28.040 14 DL_VALUE 36 2.
28.040 14 CIRCLE 49.5 100.099998 80.
28.040 14 WP_MOVED 3 360461.40625 4813640. 215. 31
28.074 14 NAVIGATION 4 2 1.6875 142.5 0. 142.509995 17 10 10 0 0 0
28.089 14 GPS 3 36028644 481373806 629 225287 1306 39 0 175213240 31 0
28.090 14 SVINFO 3 10 1 3 45 66 181
28.139 14 COMMANDS 3255,-8,24,0
28.140 14 IR_SENSORS 0 0 34 -163 208
28.140 14 ESTIMATOR 225.4048 0.39
28.240 14 STATE_FILTER_STATUS 2 3 404
28.240 14 ENERGY 33 12.5 0.466131 5.826637 0.028152 0.351899
28.241 14 ATTITUDE -0.604203 1.216974 0.075531
28.323 14 NAVIGATION 4 2 4.28125 144.5 0. 144.5634 17 10 10 0 0 0
28.340 14 AUTOPILOT_VERSION 51500 v5.15_devel-179-g9a29798-dirty
28.340 14 CALIBRATION -18.380814 0
28.341 14 GPS 3 36028906 481373979 565 225262 1309 38 0 175213480 31 0
28.341 14 SVINFO 4 11 1 4 44 89 231
28.441 14 PPRZ_MODE 2 3 2 2 0 6
28.539 14 ALIVE 158,87,147,219,247,235,138,154,89,223,120,51,202,91,226,10
28.540 14 WP_MOVED 4 360312.8125 4813652. 185. 31
28.573 14 NAVIGATION 4 2 6.6875 146.5 0. 146.652557 17 10 10 0 0 0
28.590 14 GPS 3 36029146 481374183 495 225232 1313 34 0 175213720 31 0
28.640 14 NAVIGATION 4 2 6.6875 146.5 0. 146.652557 17 10 10 0 0 0
28.640 14 ESTIMATOR 225.45755 0.34
28.739 14 AIRSPEED 11.6 0. 0. 0.
28.740 14 ATTITUDE -0.574604 0.985657 0.076352
28.823 14 NAVIGATION 4 2 8.84375 148.5 0. 148.763107 18 11 11 0 0 0
28.840 14 GPS 3 36029360 481374415 427 225209 1316 34 0 175213960 31 0
28.841 14 SVINFO 6 13 1 6 42 28 332
28.990 14 DESIRED 0.005101 0.067925 5.598755 -114.5 162.300003 235. 0.286295 13.
29.022 14 FBW_STATUS 2 0 1 12.5 0.46136
29.040 14 WP_MOVED 5 360452.8125 4813581. 260. 31
29.074 14 NAVIGATION 4 2 11. 151.5 0. 151.898819 18 11 11 0 0 0
29.089 14 CIRCLE 49.5 100.099998 80.
29.090 14 GPS 3 36029578 481374713 351 225207 1318 17 0 175214240 31 0
29.092 14 SVINFO 0 7 0 0 47 16 32
29.139 14 DATALINK_REPORT 4 7 1376 564 0 0
29.139 14 ESTIMATOR 225.45578 0.17
29.239 14 ATTITUDE -0.453488 0.731193 0.064398
29.323 14 NAVIGATION 4 2 12.625 154.5 0. 155.014969 18 11 11 0 0 0
29.339 14 IR_SENSORS 0 0 35 -123 233
29.341 14 ENERGY 33 12.5 0.465777 5.822215 0.029002 0.362518
29.341 14 GPS 3 36029738 481374986 304 225237 1317 9 0 175214480 31 0
29.540 14 DL_VALUE 37 0.
29.541 14 WP_MOVED 6 360169.5 4813757.5 260. 31
29.573 14 NAVIGATION 4 2 14. 157. 0. 157.622971 18 11 11 0 0 0
29.590 14 GPS 3 36029877 481375269 260 225295 1315 24 0 175214720 31 0
29.640 14 NAVIGATION 4 2 14. 157. 0. 157.622971 18 11 11 0 0 0
29.641 14 ESTIMATOR 225.412872 0.24
29.739 14 AIRSPEED 11.6 0. 0. 0.
29.739 14 ATTITUDE -0.322611 0.565142 0.055204
29.823 14 NAVIGATION 4 2 15.21875 160. 0. 160.722153 19 12 12 0 0 0
29.840 14 FBW_STATUS 2 0 1 12.5 0.470736
29.842 14 GPS 3 36029996 481375561 222 225377 1311 42 0 175214960 31 0
29.939 14 GPS_SOL 651 651 651 7
30.039 14 DESIRED 0.6 0.041548 5.598755 -114.5 162.300003 235. 0.286553 13.
30.039 14 WP_MOVED 7 360284.5 4813704. 235. 31
30.073 14 NAVIGATION 4 2 16.40625 163.5 0. 164.321075 19 12 12 0 0 0
30.089 14 GPS 3 36030115 481375906 185 225496 1305 62 0 175215240 31 0
30.140 14 CIRCLE 49.5 100.099998 80.
30.141 14 ESTIMATOR 225.538513 0.62
30.240 14 ATTITUDE -0.19875 0.427814 0.049666
30.323 14 NAVIGATION 4 2 17.28125 166.5 0. 167.394409 19 12 12 0 0 0
30.340 14 GPS 3 36030203 481376206 164 225610 1300 64 0 175215480 31 0
30.342 14 SVINFO 5 12 1 5 43 68 282
30.440 14 CALIBRATION -11.047285 0
30.440 14 ENERGY 32 12.5 0.45027 5.62837 0.029854 0.373171
30.539 14 IR_SENSORS 0 0 34 -48 259
30.539 14 WP_MOVED 8 360269.1875 4813753. 235. 31
30.572 14 NAVIGATION 4 2 18.09375 169.5 0. 170.462997 19 12 12 0 0 0
30.589 14 GPS 3 36030283 481376506 147 225728 1294 77 0 175215720 31 0
30.641 14 NAVIGATION 4 2 18.09375 169.5 0. 170.462997 19 12 12 0 0 0
30.641 14 ESTIMATOR 225.805313 0.77
30.739 14 AIRSPEED 11.6 0. 0. 0.
30.740 14 ATTITUDE -0.070473 0.358556 0.042272
30.824 14 NAVIGATION 4 2 18.8125 172.5 0. 173.522797 20 13 13 0 0 0
30.839 14 GPS 3 36030356 481376806 137 225844 1287 82 0 175215960 31 0
31.023 14 FBW_STATUS 2 0 1 12.5 0.420298
31.040 14 DL_VALUE 38 0.
31.041 14 WP_MOVED 9 360459.6875 4813680. 235. 31
31.073 14 NAVIGATION 4 2 19.65625 176. 0. 177.094238 20 13 13 0 0 0
31.089 14 DESIRED 0.6 0.01552 5.598755 -114.5 162.300003 235. 0.266592 13.
31.090 14 GPS 3 36030439 481377155 133 225970 1278 64 0 175216240 31 0
31.090 14 SVINFO 1 8 1 1 46 0 83
31.140 14 ESTIMATOR 226.113602 0.64
31.190 14 CIRCLE 49.5 100.099998 80.
31.241 14 ATTITUDE 0.051426 0.332249 0.033811
31.324 14 NAVIGATION 4 2 20.375 179. 0. 180.155884 20 13 13 0 0 0
31.339 14 GPS 3 36030511 481377452 136 226063 1273 54 0 175216480 31 0
31.340 14 SVINFO 2 9 1 2 45 28 133
31.539 14 ENERGY 30 12.5 0.406512 5.081396 0.030633 0.382915
31.539 14 WP_MOVED 10 360424. 4813592.5 235. 31
31.572 14 NAVIGATION 4 2 20.375 179. 0. 180.155884 20 13 13 0 0 0
31.589 14 GPS 3 36030588 481377747 146 226138 1268 44 0 175216720 31 0
31.590 14 SVINFO 3 10 1 3 44 71 183
31.640 14 NAVIGATION 4 2 21.125 182. 0. 180.155884 20 13 13 0 0 0
31.641 14 ESTIMATOR 226.298843 0.44
31.739 14 IR_SENSORS 0 0 30 31 262
31.740 14 AIRSPEED 11.6 0. 0. 0.
31.740 14 ATTITUDE 0.180605 0.357437 0.026741
31.822 14 NAVIGATION 4 2 21.125 182. 0. 183.221909 21 14 14 0 0 0
31.839 14 FBW_STATUS 2 0 1 12.5 0.402053
31.840 14 GPS 3 36030672 481378038 162 226194 1264 35 0 175216960 31 0
31.840 14 SVINFO 4 11 1 4 43 89 233
31.942 14 GPS_SOL 640 640 640 7
32.040 14 WP_MOVED 11 360234.40625 4813661.5 235. 31
32.073 14 NAVIGATION 4 2 21.96875 185. 0. 186.29982 21 14 14 0 0 0
32.090 14 GPS 3 36030786 481378373 191 226233 1263 20 0 175217240 31 0
32.091 14 SVINFO 5 12 1 5 42 65 283
32.140 14 DESIRED 0.6 0.042164 5.598755 -114.5 162.300003 235. 0.259391 13.
32.141 14 ESTIMATOR 226.38765 0.2
32.239 14 CIRCLE 49.5 100.099998 80.
32.240 14 ATTITUDE 0.300444 0.443321 0.029389
32.323 14 NAVIGATION 4 2 23.09375 188. 0. 189.413101 21 14 14 0 0 0
32.339 14 GPS 3 36030900 481378654 220 226245 1263 16 0 175217480 31 0
32.339 14 SVINFO 6 13 1 6 41 22 334
32.540 14 CALIBRATION 18.682549 0
32.540 14 DL_VALUE 39 0.
32.541 14 WP_MOVED 0 360326. 4813637. 260. 31
32.573 14 NAVIGATION 4 2 24.25 191. 0. 192.533279 21 14 14 0 0 0
32.589 14 GPS 3 36031032 481378927 258 226238 1264 28 0 175217720 31 0
32.589 14 SVINFO 0 7 0 0 46 12 34
32.640 14 ENERGY 30 12.5 0.404452 5.055654 0.031373 0.392163
32.640 14 NAVIGATION 4 2 25.5625 193.5 0. 192.533279 21 14 14 0 0 0
32.641 14 ESTIMATOR 226.379288 0.28
32.740 14 AIRSPEED 11.6 0. 0. 0.
32.740 14 ATTITUDE 0.431367 0.566005 0.034086
32.823 14 NAVIGATION 4 2 25.5625 193.5 0. 195.181183 22 15 15 0 0 0
32.840 14 GPS 3 36031185 481379190 303 226213 1267 5 0 175217960 31 0
32.840 14 SVINFO 1 8 0 1 45 1 84
32.923 14 COMMANDS 2923,958,312,0
32.943 14 IR_SENSORS 0 0 30 107 241
33.022 14 FBW_STATUS 2 0 1 12.5 0.410465
33.039 14 WP_MOVED 1 360284. 4813595. 260. 31
33.072 14 NAVIGATION 4 2 27.09375 196.5 0. 198.35907 22 15 15 0 0 0
33.089 14 GPS 3 36031395 481379478 369 226162 1272 -10 0 175218240 31 0
33.141 14 COMMANDS 2963,640,284,0
33.141 14 ESTIMATOR 226.33963 -0.1
33.189 14 DESIRED 0.6 0.068289 5.598755 -114.5 162.300003 235. 0.258343 13.
33.239 14 STATE_FILTER_STATUS 2 3 386
33.240 14 ATTITUDE 0.540061 0.767593 0.044445
33.290 14 CIRCLE 49.5 100.099998 80.
33.323 14 NAVIGATION 4 2 29.21875 199.5 0. 201.628326 22 15 15 0 0 0
33.340 14 GPS 3 36031602 481379704 425 226101 1277 -30 0 175218480 31 0
33.445 14 PPRZ_MODE 2 3 2 2 0 6
33.540 14 ALIVE 158,87,147,219,247,235,138,154,89,223,120,51,202,91,226,10
33.540 14 WP_MOVED 2 360333.5 4813695. 235. 31
33.573 14 NAVIGATION 4 2 31.25 201.5 0. 203.908829 22 15 15 0 0 0
33.589 14 GPS 3 36031836 481379905 492 226029 1284 -20 0 175218720 31 0
33.640 14 NAVIGATION 4 2 33.625 203.5 0. 203.908829 22 15 15 0 0 0
33.640 14 ESTIMATOR 226.144714 -0.2
33.739 14 ENERGY 32 12.5 0.441685 5.521067 0.032141 0.401762
33.740 14 AIRSPEED 11.6 0. 0. 0.
33.740 14 ATTITUDE 0.604552 0.982569 0.057727
33.822 14 NAVIGATION 4 2 33.625 203.5 0. 206.259277 23 16 16 0 0 0
33.839 14 FBW_STATUS 2 0 1 12.5 0.446411
33.840 14 GPS 3 36032094 481380077 562 225951 1291 -28 0 175218960 31 0
33.950 14 GPS_SOL 629 629 629 7
34.041 14 DL_VALUE 40 0.
34.041 14 WP_MOVED 3 360461.40625 4813640. 215. 31
34.073 14 NAVIGATION 4 2 36.21875 205. 0. 208.174911 23 16 16 0 0 0
34.089 14 GPS 3 36032421 481380237 651 225867 1301 -37 0 175219240 31 0
34.089 14 SVINFO 6 13 1 6 40 19 335
34.139 14 IR_SENSORS 0 0 35 136 226
34.140 14 ESTIMATOR 225.956757 -0.37
34.240 14 DATALINK_REPORT 9 7 1505 538 0 0
34.240 14 DESIRED 0.6 0.076387 5.598755 -114.5 162.300003 235. 0.268266 13.
34.241 14 ATTITUDE 0.604552 1.253819 0.06638
34.322 14 NAVIGATION 4 2 39.4375 206.5 0. 210.232178 23 16 16 0 0 0
34.340 14 CIRCLE 49.5 100.099998 80.
34.341 14 GPS 3 36032719 481380336 716 225809 1308 -23 0 175219480 31 0
34.538 14 WP_MOVED 4 360312.8125 4813652. 185. 31
34.573 14 NAVIGATION 4 2 42.4375 208. 0. 212.285049 23 16 16 0 0 0
34.590 14 GPS 3 36033028 481380398 786 225769 1314 -41 0 175219720 31 0
34.640 14 CALIBRATION -33.62672 0
34.641 14 NAVIGATION 4 2 45.53125 208.5 0. 212.285049 23 16 16 0 0 0
34.641 14 ESTIMATOR 225.786514 -0.41
34.739 14 AIRSPEED 11.6 0. 0. 0.
34.740 14 ATTITUDE 0.604552 1.478008 0.075011
34.822 14 NAVIGATION 4 2 45.53125 208.5 0. 213.413544 24 17 17 0 0 0
34.839 14 ENERGY 36 12.5 0.505231 6.315391 0.033008 0.412594
34.840 14 GPS 3 36033344 481380422 856 225746 1320 -41 0 175219960 31 0
34.840 14 SVINFO 2 9 0 2 44 34 135
34.971 14 WIND_INFO 14 5 -1.2 -1.6 0. 14.6
35.022 14 FBW_STATUS 2 0 1 12.5 0.518422
35.039 14 WP_MOVED 5 360452.8125 4813581. 260. 31
35.073 14 NAVIGATION 4 2 48.6875 208.5 0. 214.109131 24 17 17 0 0 0
35.089 14 GPS 3 36033715 481380401 943 225742 1326 -16 0 175220240 31 0
35.090 14 SVINFO 3 10 0 3 43 76 185
35.139 14 ESTIMATOR 225.634598 -0.16
35.239 14 ATTITUDE 0.601297 1.530118 0.079317
35.290 14 DESIRED 0.6 0.076585 5.598755 -114.5 162.300003 235. 0.279001 13.
35.323 14 NAVIGATION 4 2 52.40625 208.5 0. 214.98526 24 17 17 0 0 0
35.341 14 IR_SENSORS 0 0 38 135 226
35.341 14 GPS 3 36034028 481380341 1007 225755 1330 -11 0 175220480 31 0
35.342 14 SVINFO 4 11 0 4 42 88 235
35.389 14 CIRCLE 49.5 100.099998 80.
35.541 14 DL_VALUE 41 0.
35.541 14 WP_MOVED 6 360169.5 4813757.5 260. 31
35.573 14 NAVIGATION 4 2 55.53125 208. 0. 215.285202 24 17 17 0 0 0
35.590 14 GPS 3 36034333 481380244 1076 225782 1333 -11 0 175220720 31 0
35.591 14 SVINFO 5 12 1 5 41 60 285
35.639 14 NAVIGATION 4 2 58.5625 207. 0. 215.285202 24 17 17 0 0 0
35.640 14 ESTIMATOR 225.652954 -0.11
35.740 14 AIRSPEED 14.6 0. 0. 0.
35.741 14 ATTITUDE 0.601297 1.744798 0.083617
35.823 14 NAVIGATION 4 2 58.5625 207. 0. 215.124542 25 18 18 0 0 0
35.839 14 FBW_STATUS 2 0 1 12.5 0.547974
35.840 14 GPS 3 36034625 481380111 1145 225821 1336 -21 0 175220960 31 0
35.957 14 NAVIGATION_REF 360284 4813595 31 185.
35.959 14 GPS_SOL 616 616 616 7
35.959 14 ENERGY 39 12.5 0.553121 6.914008 0.033981 0.424761
36.040 14 WP_MOVED 7 360284.5 4813704. 235. 31
36.073 14 NAVIGATION 4 2 61.5 205.5 0. 214.505249 25 18 18 0 0 0
36.089 14 GPS 3 36034943 481379912 1231 225877 1340 -4 0 175221240 31 0
36.089 14 SVINFO 0 7 0 0 45 8 36
36.139 14 ESTIMATOR 225.688416 -0.04
36.240 14 ATTITUDE 0.592821 2.002586 0.082879
36.322 14 NAVIGATION 4 2 64.6875 203.5 0. 213.53389 25 18 18 0 0 0
36.339 14 DESIRED 0.2368 0.074296 5.598755 -114.5 162.300003 235. 0.279348 13.
36.340 14 GPS 3 36035192 481379708 1293 225935 1342 2 0 175221480 31 0
36.341 14 SVINFO 1 8 1 1 44 3 86
36.447 14 CIRCLE 49.5 100.099998 80.
36.539 14 IR_SENSORS 0 0 38 120 234
36.539 14 WP_MOVED 8 360269.1875 4813753. 235. 31
36.573 14 NAVIGATION 4 2 67.15625 201.5 0. 212.396347 25 18 18 0 0 0
36.590 14 GPS 3 36035418 481379477 1357 226007 1344 15 0 175221720 31 0
36.590 14 SVINFO 2 9 1 2 43 37 136
36.640 14 NAVIGATION 4 2 69.40625 199.5 0. 212.396347 25 18 18 0 0 0
36.641 14 ESTIMATOR 225.815567 0.15
36.740 14 CALIBRATION -86.527779 0
36.741 14 AIRSPEED 14.6 0. 0. 0.
36.741 14 ATTITUDE 0.485686 2.219631 0.069763
36.823 14 NAVIGATION 4 2 69.40625 199.5 0. 211.2285 26 19 19 0 0 0
36.840 14 GPS 3 36035619 481379225 1413 226101 1345 27 0 175221960 31 0
36.841 14 SVINFO 3 10 1 3 42 78 186
37.022 14 FBW_STATUS 2 0 1 12.5 0.569555
37.039 14 DL_VALUE 42 0.
37.039 14 ENERGY 39 12.5 0.569555 7.119433 0.035019 0.43773
37.039 14 WP_MOVED 9 360459.6875 4813680. 235. 31
37.073 14 NAVIGATION 4 2 71.4375 197. 0. 209.552658 26 19 19 0 0 0
37.090 14 GPS 3 36035826 481378910 1477 226245 1344 38 0 175222240 31 0
37.090 14 SVINFO 4 11 0 4 41 88 236
37.140 14 ESTIMATOR 226.051285 0.38
37.239 14 ATTITUDE 0.364128 2.433295 0.062987
37.323 14 NAVIGATION 4 2 73.5 193.5 0. 206.989136 26 19 19 0 0 0
37.340 14 GPS 3 36035982 481378628 1510 226393 1341 46 0 175222480 31 0
37.341 14 SVINFO 5 12 1 5 40 57 286
37.389 14 DESIRED -0.557865 0.047216 5.598755 -114.5 162.300003 235. 0.268461 13.
37.489 14 CIRCLE 49.5 100.099998 80.
37.539 14 WP_MOVED 10 360424. 4813592.5 235. 31
37.573 14 NAVIGATION 4 2 75.09375 190.5 0. 204.766495 26 19 19 0 0 0
37.589 14 GPS 3 36036120 481378338 1544 226559 1337 34 0 175222720 31 0
37.590 14 SVINFO 6 13 1 6 39 14 337
37.640 14 NAVIGATION 4 2 76.4375 188. 0. 204.766495 26 19 19 0 0 0
37.641 14 ESTIMATOR 226.384888 0.34
37.739 14 IR_SENSORS 0 0 37 45 259
37.739 14 AIRSPEED 14.6 0. 0. 0.
37.739 14 ATTITUDE 0.23486 2.554404 0.054631
37.823 14 NAVIGATION 4 2 76.4375 188. 0. 202.945038 27 20 20 0 0 0
37.840 14 FBW_STATUS 2 0 1 12.5 0.556804
37.840 14 GPS 3 36036244 481378044 1571 226735 1332 28 0 175222960 31 0
37.923 14 COMMANDS 3750,-5942,-202,0
37.951 14 GPS_SOL 603 603 603 7
38.040 14 WP_MOVED 11 360234.40625 4813661.5 235. 31
38.073 14 NAVIGATION 4 2 77.6875 185. 0. 200.649811 27 20 20 0 0 0
38.089 14 GPS 3 36036375 481377696 1598 226947 1325 13 0 175223240 31 0
38.138 14 COMMANDS 3758,-5571,-260,0
38.139 14 ENERGY 39 12.5 0.557172 6.964654 0.036046 0.450574
38.139 14 ESTIMATOR 226.695114 0.13
38.239 14 STATE_FILTER_STATUS 2 3 311
38.240 14 ATTITUDE 0.112221 2.653089 0.045036
38.323 14 NAVIGATION 4 2 79. 181.5 0. 197.947601 27 20 20 0 0 0
38.340 14 GPS 3 36036478 481377396 1609 227127 1321 20 0 175223480 31 0
38.442 14 PPRZ_MODE 2 3 2 2 0 6
38.442 14 DESIRED -0.6 0.019002 5.598755 -114.5 162.300003 235. 0.249147 13.
38.539 14 ALIVE 158,87,147,219,247,235,138,154,89,223,120,51,202,91,226,10
38.540 14 DL_VALUE 43 0.
38.540 14 CIRCLE 49.5 100.099998 80.
38.540 14 WP_MOVED 0 360326. 4813637. 260. 31
38.572 14 NAVIGATION 4 2 80.0625 178.5 0. 195.63295 27 20 20 0 0 0
38.588 14 GPS 3 36036578 481377096 1617 227301 1318 31 0 175223720 31 0
38.640 14 NAVIGATION 4 2 81. 175.5 0. 195.63295 27 20 20 0 0 0
38.641 14 ESTIMATOR 226.988373 0.31
38.740 14 AIRSPEED 14.6 0. 0. 0.
38.740 14 ATTITUDE -0.013068 2.68676 0.037556
38.823 14 NAVIGATION 4 2 81. 175.5 0. 193.290588 28 21 21 0 0 0
38.839 14 CALIBRATION -82.770424 0
38.840 14 GPS 3 36036676 481376795 1618 227464 1315 25 0 175223960 31 0
38.938 14 IR_SENSORS 0 0 32 -34 261
39.022 14 FBW_STATUS 2 0 1 12.5 0.554225
39.040 14 WP_MOVED 1 360284. 4813595. 260. 31
39.072 14 NAVIGATION 4 2 82. 172.5 0. 190.998032 28 21 21 0 0 0
39.089 14 GPS 3 36036794 481376447 1610 227637 1313 22 0 175224240 31 0
39.089 14 SVINFO 5 12 1 5 39 54 287
39.140 14 ESTIMATOR 227.335098 0.22
39.240 14 ENERGY 38 12.5 0.553305 6.916308 0.037066 0.463318
39.240 14 ATTITUDE -0.136054 2.67468 0.032315
39.322 14 NAVIGATION 4 2 83.15625 169. 0. 188.350632 28 21 21 0 0 0
39.340 14 DATALINK_REPORT 4 8 1638 557 0 0
39.340 14 GPS 3 36036902 481376150 1600 227767 1313 26 0 175224480 31 0
39.340 14 SVINFO 6 13 1 6 38 12 338
39.438 14 AUTOPILOT_VERSION 51500 v5.15_devel-179-g9a29798-dirty
39.489 14 DESIRED -0.6 0.032098 5.598755 -114.5 162.300003 235. 0.229947 13.
39.540 14 WP_MOVED 2 360333.5 4813695. 235. 31
39.572 14 NAVIGATION 4 2 84.28125 166. 0. 186.170166 28 21 21 0 0 0
39.588 14 CIRCLE 49.5 100.099998 80.
39.588 14 GPS 3 36037019 481375857 1582 227879 1314 33 0 175224720 31 0
39.588 14 SVINFO 0 7 0 0 44 4 38
39.638 14 NAVIGATION 4 2 85.4375 163. 0. 186.170166 28 21 21 0 0 0
39.639 14 ESTIMATOR 227.635986 0.33
39.739 14 AIRSPEED 14.6 0. 0. 0.
39.740 14 ATTITUDE -0.264907 2.620953 0.028217
39.823 14 NAVIGATION 4 2 85.4375 163. 0. 184.034149 29 22 22 0 0 0
39.839 14 FBW_STATUS 2 0 1 12.5 0.546322
39.840 14 GPS 3 36037149 481375569 1557 227973 1316 31 0 175224960 31 0
39.841 14 SVINFO 1 8 0 1 43 6 88
39.939 14 GPS_SOL 589 589 589 7
40.039 14 DL_VALUE 44 160.
40.039 14 WP_MOVED 3 360461.40625 4813640. 215. 31
40.073 14 NAVIGATION 4 2 86.71875 160.5 0. 182.429138 29 22 22 0 0 0
40.089 14 GPS 3 36037321 481375242 1514 228060 1319 8 0 175225240 31 0
40.090 14 SVINFO 2 9 1 2 42 43 138
40.139 14 IR_SENSORS 0 0 29 -110 240
40.140 14 ESTIMATOR 227.91243 0.08
40.239 14 ATTITUDE -0.38728 2.496897 0.033985
40.322 14 NAVIGATION 4 2 88.4375 157. 0. 180.19487 29 22 22 0 0 0
40.339 14 ENERGY 38 12.5 0.548709 6.858859 0.038071 0.475882
40.339 14 GPS 3 36037488 481374973 1481 228116 1322 5 0 175225480 31 0
40.340 14 SVINFO 3 10 1 3 41 82 188
40.538 14 DESIRED -0.6 0.059094 5.598755 -114.5 162.300003 235. 0.212627 13.
40.538 14 WP_MOVED 4 360312.8125 4813652. 185. 31
40.573 14 NAVIGATION 4 2 90.125 154.5 0. 178.865219 29 22 22 0 0 0
40.589 14 GPS 3 36037678 481374717 1434 228154 1327 -19 0 175225720 31 0
40.590 14 SVINFO 4 11 1 4 40 85 238
40.639 14 CIRCLE 49.5 100.099998 80.
40.640 14 NAVIGATION 4 2 92.0625 151.5 0. 178.865219 29 22 22 0 0 0
40.640 14 ESTIMATOR 228.033707 -0.19
40.741 14 AIRSPEED 14.6 0. 0. 0.
40.741 14 ATTITUDE -0.512593 2.354712 0.042629
40.823 14 NAVIGATION 4 2 92.0625 151.5 0. 177.278748 30 23 23 0 0 0
40.839 14 GPS 3 36037891 481374479 1381 228177 1332 -4 0 175225960 31 0
40.939 14 CALIBRATION -92.000885 0
41.021 14 FBW_STATUS 2 0 1 12.5 0.566222
41.040 14 WP_MOVED 5 360452.8125 4813581. 260. 31
41.073 14 NAVIGATION 4 2 94.15625 149. 0. 176.256622 30 23 23 0 0 0
41.089 14 GPS 3 36038171 481374229 1301 228187 1341 -6 0 175226240 31 0
41.141 14 ESTIMATOR 228.066803 -0.06
41.240 14 ATTITUDE -0.547272 2.123085 0.055279
41.323 14 NAVIGATION 4 2 96.96875 147. 0. 176.102066 30 23 23 0 0 0
41.339 14 IR_SENSORS 0 0 31 -146 220
41.340 14 GPS 3 36038435 481374043 1250 228193 1346 -4 0 175226480 31 0
41.341 14 SVINFO 0 7 0 0 43 3 39
41.439 14 ENERGY 40 12.5 0.575863 7.198292 0.039102 0.488773
41.539 14 DL_VALUE 45 0.
41.539 14 WP_MOVED 6 360169.5 4813757.5 260. 31
41.573 14 NAVIGATION 4 2 99.625 145. 0. 175.926514 30 23 23 0 0 0
41.590 14 DESIRED 0.264853 0.058831 5.598755 -114.5 162.300003 235. 0.207357 13.
41.590 14 GPS 3 36038718 481373884 1194 228218 1352 -5 0 175226720 31 0
41.591 14 SVINFO 1 8 1 1 42 8 89
41.639 14 NAVIGATION 4 2 102.4375 143.5 0. 175.926514 30 23 23 0 0 0
41.640 14 ESTIMATOR 228.114044 -0.05
41.688 14 CIRCLE 49.5 100.099998 80.
41.740 14 AIRSPEED 14.6 0. 0. 0.
41.741 14 ATTITUDE -0.426234 1.942118 0.049219
41.823 14 NAVIGATION 4 2 102.4375 143.5 0. 176.31134 31 24 24 0 0 0
41.839 14 FBW_STATUS 2 0 1 12.5 0.585917
41.839 14 GPS 3 36039014 481373748 1146 228274 1356 -2 0 175226960 31 0
41.840 14 SVINFO 2 9 0 2 41 47 139
41.939 14 GPS_SOL 574 574 574 7
42.040 14 WP_MOVED 7 360284.5 4813704. 235. 31
42.073 14 NAVIGATION 4 2 105.40625 142. 0. 176.845917 31 24 24 0 0 0
42.089 14 GPS 3 36039371 481373617 1092 228385 1357 17 0 175227240 31 0
42.090 14 SVINFO 3 10 1 3 40 84 189
42.140 14 ESTIMATOR 228.203583 0.17
42.240 14 ATTITUDE -0.305703 1.773462 0.050075
42.324 14 NAVIGATION 4 2 108.96875 141. 0. 178.19986 31 24 24 0 0 0
42.339 14 GPS 3 36039683 481373524 1065 228514 1356 26 0 175227480 31 0
42.340 14 SVINFO 4 11 1 4 39 84 239
42.540 14 IR_SENSORS 0 0 34 -74 253
42.540 14 ENERGY 40 12.5 0.585917 7.323966 0.040175 0.502185
42.540 14 WP_MOVED 8 360269.1875 4813753. 235. 31
42.572 14 NAVIGATION 4 2 112.09375 140. 0. 179.346054 31 24 24 0 0 0
42.589 14 GPS 3 36039998 481373446 1038 228668 1353 30 0 175227720 31 0
42.590 14 SVINFO 5 12 1 5 38 47 289
42.640 14 DESIRED 0.6 0.031113 5.598755 -114.5 162.300003 235. 0.200552 13.
42.641 14 NAVIGATION 4 2 115.25 139. 0. 179.346054 31 24 24 0 0 0
42.642 14 ESTIMATOR 228.453949 0.3
42.739 14 CIRCLE 49.5 100.099998 80.
42.740 14 AIRSPEED 14.6 0. 0. 0.
42.740 14 ATTITUDE -0.17478 1.685257 0.044773
42.823 14 NAVIGATION 4 2 115.25 139. 0. 180.56456 32 25 25 0 0 0
42.840 14 GPS 3 36040315 481373379 1018 228838 1349 43 0 175227960 31 0
42.840 14 SVINFO 6 13 0 6 37 8 340
42.922 14 COMMANDS 3861,5492,-241,0
43.023 14 FBW_STATUS 2 0 1 12.5 0.574935
43.039 14 CALIBRATION -103.77887 0
43.039 14 DL_VALUE 46 0.32
43.039 14 WP_MOVED 9 360459.6875 4813680. 235. 31
43.072 14 NAVIGATION 4 2 118.40625 138.5 0. 182.214951 32 25 25 0 0 0
43.089 14 GPS 3 36040685 481373312 1000 229048 1342 62 0 175228240 31 0
43.140 14 COMMANDS 3807,5113,-244,0
43.140 14 ESTIMATOR 228.801208 0.62
43.240 14 STATE_FILTER_STATUS 2 3 325
43.240 14 ATTITUDE -0.051175 1.62212 0.038028
43.323 14 NAVIGATION 4 2 122.09375 137.5 0. 183.883469 32 25 25 0 0 0
43.339 14 GPS 3 36041002 481373259 994 229229 1337 59 0 175228480 31 0
43.440 14 PPRZ_MODE 2 3 2 2 0 6
43.539 14 ALIVE 158,87,147,219,247,235,138,154,89,223,120,51,202,91,226,10
43.539 14 WP_MOVED 10 360424. 4813592.5 235. 31
43.572 14 NAVIGATION 4 2 125.25 137. 0. 185.624786 32 25 25 0 0 0
43.589 14 GPS 3 36041317 481373207 993 229402 1331 59 0 175228720 31 0
43.639 14 ENERGY 38 12.5 0.545955 6.824443 0.041219 0.515234
43.639 14 NAVIGATION 4 2 128.40625 136.5 0. 185.624786 32 25 25 0 0 0
43.639 14 ESTIMATOR 229.232437 0.59
43.690 14 DESIRED 0.6 0.0159 5.598755 -114.5 162.300003 235. 0.179211 13.
43.739 14 IR_SENSORS 0 0 31 3 264
43.739 14 AIRSPEED 14.6 0. 0. 0.
43.739 14 ATTITUDE 0.074195 1.610242 0.029623
43.790 14 CIRCLE 49.5 100.099998 80.
43.823 14 NAVIGATION 4 2 128.40625 136.5 0. 187.404419 33 26 26 0 0 0
43.839 14 FBW_STATUS 2 0 1 12.5 0.537532
43.840 14 GPS 3 36041631 481373153 998 229562 1326 70 0 175228960 31 0
43.940 14 GPS_SOL 559 559 559 7
44.039 14 WP_MOVED 11 360234.40625 4813661.5 235. 31
44.073 14 NAVIGATION 4 2 131.5625 136. 0. 189.221283 33 26 26 0 0 0
44.090 14 GPS 3 36041994 481373081 1014 229726 1320 62 0 175229240 31 0
44.091 14 SVINFO 4 11 1 4 38 82 240
44.140 14 ESTIMATOR 229.633636 0.62
44.240 14 ATTITUDE 0.196136 1.642637 0.023391
44.322 14 NAVIGATION 4 2 135.15625 135.5 0. 191.383026 33 26 26 0 0 0
44.339 14 GPS 3 36042302 481373010 1030 229844 1317 53 0 175229480 31 0
44.340 14 SVINFO 5 12 1 5 37 44 290
44.440 14 DATALINK_REPORT 9 8 1772 561 0 0
44.539 14 DL_VALUE 47 0.
44.539 14 WP_MOVED 0 360326. 4813637. 260. 31
44.572 14 NAVIGATION 4 2 138.28125 134.5 0. 192.904007 33 26 26 0 0 0
44.590 14 GPS 3 36042606 481372926 1055 229940 1315 58 0 175229720 31 0
44.591 14 SVINFO 6 13 0 6 36 6 341
44.639 14 NAVIGATION 4 2 141.34375 134. 0. 192.904007 33 26 26 0 0 0
44.640 14 ESTIMATOR 229.936539 0.58
44.740 14 ENERGY 35 12.5 0.495703 6.196293 0.042171 0.52714
44.740 14 DESIRED 0.6 0.041868 5.598755 -114.5 162.300003 235. 0.155914 13.
44.741 14 AIRSPEED 14.6 0. 0. 0.
44.741 14 ATTITUDE 0.327092 1.708016 0.025973
44.823 14 NAVIGATION 4 2 141.34375 134. 0. 194.766663 34 27 27 0 0 0
44.840 14 CIRCLE 49.5 100.099998 80.
44.841 14 GPS 3 36042905 481372825 1086 230015 1313 43 0 175229960 31 0
44.842 14 SVINFO 0 7 0 0 42 1 41
44.939 14 NAVIGATION_REF 360284 4813595 31 185.
44.940 14 IR_SENSORS 0 0 29 82 251
44.978 14 WIND_INFO 14 5 -0.8 -0.6 0. 13.7
45.022 14 FBW_STATUS 2 0 1 12.5 0.487468
45.040 14 WP_MOVED 1 360284. 4813595. 260. 31
45.073 14 NAVIGATION 4 2 144.28125 133. 0. 196.22966 34 27 27 0 0 0
45.090 14 GPS 3 36043244 481372682 1139 230074 1312 16 0 175230240 31 0
45.091 14 SVINFO 1 8 0 1 41 12 91
45.140 14 CALIBRATION -54.074863 0
45.141 14 ESTIMATOR 230.146774 0.16
45.240 14 ATTITUDE 0.446852 1.924105 0.030553
45.323 14 NAVIGATION 4 2 147.6875 131. 0. 197.41478 34 27 27 0 0 0
45.340 14 GPS 3 36043522 481372535 1178 230102 1313 6 0 175230480 31 0
45.341 14 SVINFO 2 9 1 2 40 53 141
45.539 14 WP_MOVED 2 360333.5 4813695. 235. 31
45.573 14 NAVIGATION 4 2 150.4375 130. 0. 198.82515 34 27 27 0 0 0
45.591 14 GPS 3 36043786 481372362 1232 230109 1315 -6 0 175230720 31 0
45.592 14 SVINFO 3 10 1 3 39 86 191
45.640 14 NAVIGATION 4 2 153.09375 128. 0. 198.82515 34 27 27 0 0 0
45.641 14 ESTIMATOR 230.161743 -0.06
45.739 14 AIRSPEED 13.7 0. 0. 0.
45.740 14 ATTITUDE 0.55703 2.081786 0.045567
45.789 14 DESIRED 0.6 0.06616 5.598755 -114.5 162.300003 235. 0.14505 13.
45.822 14 NAVIGATION 4 2 153.09375 128. 0. 199.553741 35 28 28 0 0 0
45.839 14 FBW_STATUS 2 0 1 12.5 0.497139
45.840 14 ENERGY 35 12.5 0.496959 6.211993 0.043071 0.538385
45.840 14 GPS 3 36044031 481372161 1293 230099 1318 -4 0 175230960 31 0
45.889 14 CIRCLE 49.5 100.099998 80.
45.940 14 GPS_SOL 543 543 543 7
46.040 14 DL_VALUE 48 0.01
46.040 14 WP_MOVED 3 360461.40625 4813640. 215. 31
46.073 14 NAVIGATION 4 2 155.5625 126. 0. 200.189133 35 28 28 0 0 0
46.090 14 GPS 3 36044286 481371893 1381 230071 1324 -11 0 175231240 31 0
46.140 14 IR_SENSORS 0 0 32 135 227
46.140 14 ESTIMATOR 230.110733 -0.11
46.239 14 ATTITUDE 0.604552 2.336709 0.057727
46.322 14 NAVIGATION 4 2 158.125 123.5 0. 200.638397 35 28 28 0 0 0
46.341 14 GPS 3 36044474 481371635 1439 230043 1328 -17 0 175231480 31 0
46.538 14 WP_MOVED 4 360312.8125 4813652. 185. 31
46.573 14 NAVIGATION 4 2 159.96875 121. 0. 200.576675 35 28 28 0 0 0
46.591 14 GPS 3 36044630 481371355 1508 230020 1333 -12 0 175231720 31 0
46.592 14 SVINFO 0 7 0 0 41 0 42
46.641 14 NAVIGATION 4 2 161.5625 118. 0. 200.576675 35 28 28 0 0 0
46.642 14 ESTIMATOR 230.027725 -0.12
46.739 14 AIRSPEED 13.7 0. 0. 0.
46.740 14 ATTITUDE 0.604552 2.55793 0.06638
46.823 14 NAVIGATION 4 2 161.5625 118. 0. 200.066086 36 29 29 0 0 0
46.841 14 DESIRED 0.6 0.070433 5.598755 -114.5 162.300003 235. 0.149168 13.
46.841 14 GPS 3 36044751 481371058 1577 230008 1338 -2 0 175231960 31 0
46.842 14 SVINFO 1 8 1 1 40 14 92
46.940 14 ENERGY 37 12.5 0.522776 6.534701 0.044006 0.550075
46.941 14 CIRCLE 49.5 100.099998 80.
47.024 14 FBW_STATUS 2 0 1 12.5 0.524229
47.040 14 WP_MOVED 5 360452.8125 4813581. 260. 31
47.073 14 NAVIGATION 4 2 162.78125 115. 0. 199.305634 36 29 29 0 0 0
47.090 14 GPS 3 36044847 481370695 1669 230010 1342 -11 0 175232240 31 0
47.091 14 SVINFO 2 9 1 2 39 56 142
47.140 14 ESTIMATOR 229.999115 -0.11
47.240 14 CALIBRATION -79.096756 0
47.241 14 ATTITUDE 0.604552 2.843389 0.070698
47.323 14 NAVIGATION 4 2 163.71875 111.5 0. 198.080994 36 29 29 0 0 0
47.339 14 IR_SENSORS 0 0 36 136 226
47.339 14 GPS 3 36044888 481370375 1726 230027 1344 -13 0 175232480 31 0
47.340 14 SVINFO 3 10 1 3 38 87 192
47.540 14 DL_VALUE 49 0.1
47.540 14 WP_MOVED 6 360169.5 4813757.5 260. 31
47.573 14 NAVIGATION 4 2 164.125 108. 0. 196.471405 36 29 29 0 0 0
47.589 14 GPS 3 36044891 481370052 1795 230056 1345 -10 0 175232720 31 0
47.589 14 SVINFO 4 11 1 4 37 79 242
47.641 14 NAVIGATION 4 2 164.15625 105. 0. 196.471405 36 29 29 0 0 0
47.641 14 ESTIMATOR 229.979736 -0.1
47.739 14 AIRSPEED 13.7 0. 0. 0.
47.739 14 ATTITUDE 0.601297 3.070445 0.075011
47.823 14 NAVIGATION 4 2 164.15625 105. 0. 194.864761 37 30 30 0 0 0
47.839 14 FBW_STATUS 2 0 1 12.5 0.545038
47.839 14 GPS 3 36044855 481369731 1863 230094 1347 -6 0 175232960 31 0
47.840 14 SVINFO 5 12 0 5 36 38 292
47.889 14 DESIRED 0.6 0.070165 5.598755 -114.5 162.300003 235. 0.150608 13.
47.922 14 COMMANDS 3697,-9,-58,0
47.940 14 GPS_SOL 528 528 528 7
47.990 14 CIRCLE 49.5 100.099998 80.
48.038 14 ENERGY 38 12.5 0.548341 6.854266 0.044989 0.562362
48.038 14 WP_MOVED 7 360284.5 4813704. 235. 31
48.072 14 NAVIGATION 4 2 163.8125 102. 0. 192.972885 37 30 30 0 0 0
48.089 14 GPS 3 36044766 481369364 1954 230148 1348 -14 0 175233240 31 0
48.090 14 SVINFO 6 13 1 6 35 3 343
48.139 14 COMMANDS 3729,-9,-58,0
48.140 14 ESTIMATOR 230.019852 -0.14
48.241 14 STATE_FILTER_STATUS 2 3 398
48.241 14 ATTITUDE 0.601297 3.363348 0.075011
48.323 14 NAVIGATION 4 2 162.9375 98.5 0. 190.396637 37 30 30 0 0 0
48.341 14 GPS 3 36044649 481369062 2011 230201 1348 4 0 175233480 31 0
48.439 14 PPRZ_MODE 2 3 2 2 0 6
48.539 14 ALIVE 158,87,147,219,247,235,138,154,89,223,120,51,202,91,226,10
48.539 14 IR_SENSORS 0 0 37 135 226
48.539 14 WP_MOVED 8 360269.1875 4813753. 235. 31
48.573 14 NAVIGATION 4 2 161.71875 95. 0. 187.557861 37 30 30 0 0 0
48.589 14 GPS 3 36044497 481368776 2079 230257 1349 1 0 175233720 31 0
48.640 14 NAVIGATION 4 2 160.21875 92. 0. 187.557861 37 30 30 0 0 0
48.640 14 ESTIMATOR 230.103485 0.01
48.741 14 AIRSPEED 13.7 0. 0. 0.
48.741 14 ATTITUDE 0.601297 3.595895 0.075011
48.823 14 NAVIGATION 4 2 160.21875 92. 0. 184.754013 38 31 31 0 0 0
48.840 14 GPS 3 36044312 481368510 2147 230316 1350 -13 0 175233960 31 0
48.940 14 DESIRED 0.433329 0.069097 5.598755 -114.5 162.300003 235. 0.146895 13.
49.024 14 FBW_STATUS 2 0 1 12.5 0.567147
49.039 14 DL_VALUE 50 0.
49.039 14 CIRCLE 49.5 100.099998 80.
49.039 14 WP_MOVED 9 360459.6875 4813680. 235. 31
49.072 14 NAVIGATION 4 2 158.375 89.5 0. 181.91452 38 31 31 0 0 0
49.089 14 GPS 3 36044059 481368229 2236 230389 1352 0 0 175234240 31 0
49.089 14 SVINFO 3 10 1 3 37 88 193
49.139 14 ENERGY 39 12.5 0.566962 7.087025 0.046013 0.575161
49.139 14 ESTIMATOR 230.194672 0.
49.240 14 ATTITUDE 0.540061 3.889957 0.069555
49.323 14 NAVIGATION 4 2 155.84375 86.5 0. 178.240067 38 31 31 0 0 0
49.340 14 CALIBRATION -105.689583 0
49.341 14 GPS 3 36043815 481368015 2287 230465 1352 13 0 175234480 31 0
49.342 14 SVINFO 4 11 0 4 36 77 243
49.539 14 DATALINK_REPORT 4 9 1906 554 0 0
49.540 14 WP_MOVED 10 360424. 4813592.5 235. 31
49.572 14 NAVIGATION 4 2 153.40625 84.5 0. 175.13916 38 31 31 0 0 0
49.588 14 GPS 3 36043552 481367825 2341 230561 1352 25 0 175234720 31 0
49.589 14 SVINFO 5 12 0 5 35 35 293
49.638 14 NAVIGATION 4 2 150.78125 83. 0. 175.13916 38 31 31 0 0 0
49.638 14 ESTIMATOR 230.364563 0.25
49.739 14 IR_SENSORS 0 0 36 90 247
49.739 14 AIRSPEED 13.7 0. 0. 0.
49.739 14 ATTITUDE 0.412253 4.088472 0.057463
49.823 14 NAVIGATION 4 2 150.78125 83. 0. 172.116196 39 32 32 0 0 0
49.848 14 FBW_STATUS 2 0 1 12.5 0.563448
49.849 14 GPS 3 36043275 481367657 2388 230680 1350 48 0 175234960 31 0
49.850 14 SVINFO 6 13 1 6 34 2 344
49.940 14 GPS_SOL 512 512 512 7
49.989 14 DESIRED -0.418805 0.043631 5.598755 -114.5 162.300003 235. 0.139063 13.
50.039 14 WP_MOVED 11 360234.40625 4813661.5 235. 31
50.073 14 NAVIGATION 4 2 148. 81. 0. 168.715744 39 32 32 0 0 0
50.089 14 CIRCLE 49.5 100.099998 80.
50.090 14 GPS 3 36042939 481367487 2440 230844 1344 59 0 175235240 31 0
50.091 14 SVINFO 0 7 0 0 40 0 44
50.140 14 ESTIMATOR 230.671661 0.59
50.241 14 ENERGY 38 12.5 0.543205 6.790067 0.047043 0.588034
50.241 14 ATTITUDE 0.289345 4.274291 0.04861
50.322 14 NAVIGATION 4 2 144.65625 79.5 0. 165.062653 39 32 32 0 0 0
50.339 14 GPS 3 36042643 481367359 2466 231000 1339 67 0 175235480 31 0
50.340 14 SVINFO 1 8 1 1 39 19 94
50.539 14 AUTOPILOT_VERSION 51500 v5.15_devel-179-g9a29798-dirty
50.540 14 DL_VALUE 51 0.15
50.541 14 WP_MOVED 0 360326. 4813637. 260. 31
50.573 14 NAVIGATION 4 2 141.6875 78. 0. 161.73851 39 32 32 0 0 0
50.589 14 GPS 3 36042344 481367246 2492 231164 1333 76 0 175235720 31 0
50.589 14 SVINFO 2 9 1 2 38 62 144
50.640 14 NAVIGATION 4 2 138.6875 77. 0. 161.73851 39 32 32 0 0 0
50.641 14 ESTIMATOR 231.066757 0.76
50.739 14 AIRSPEED 13.7 0. 0. 0.
50.740 14 ATTITUDE 0.169298 4.371758 0.041783
50.823 14 NAVIGATION 4 2 138.6875 77. 0. 158.629196 40 33 33 0 0 0
50.839 14 GPS 3 36042043 481367143 2511 231329 1325 75 0 175235960 31 0
50.940 14 IR_SENSORS 0 0 33 12 263
51.024 14 FBW_STATUS 2 0 1 12.5 0.49391
51.040 14 DESIRED -0.6 0.014821 5.598755 -114.5 162.300003 235. 0.117997 13.
51.040 14 WP_MOVED 1 360284. 4813595. 260. 31
51.071 14 NAVIGATION 4 2 135.6875 76. 0. 155.522018 40 33 33 0 0 0
51.089 14 GPS 3 36041691 481367032 2527 231514 1314 68 0 175236240 31 0
51.140 14 CIRCLE 49.5 100.099998 80.
51.141 14 ESTIMATOR 231.475967 0.68
51.240 14 ATTITUDE 0.040022 4.439378 0.033811
51.322 14 NAVIGATION 4 2 132.15625 75. 0. 151.954834 40 33 33 0 0 0
51.339 14 ENERGY 34 12.5 0.477306 5.966324 0.047977 0.599708
51.339 14 GPS 3 36041391 481366942 2532 231660 1308 65 0 175236480 31 0
51.440 14 CALIBRATION -52.249237 0
51.539 14 WP_MOVED 2 360333.5 4813695. 235. 31
51.573 14 NAVIGATION 4 2 129.15625 74. 0. 148.853409 40 33 33 0 0 0
51.590 14 GPS 3 36041092 481366851 2532 231789 1301 55 0 175236720 31 0
51.641 14 NAVIGATION 4 2 126.15625 73. 0. 148.853409 40 33 33 0 0 0
51.641 14 ESTIMATOR 231.806137 0.55
51.740 14 AIRSPEED 13.7 0. 0. 0.
51.741 14 ATTITUDE -0.089242 4.447813 0.027174
51.823 14 NAVIGATION 4 2 126.15625 73. 0. 145.754578 41 34 34 0 0 0
51.839 14 FBW_STATUS 2 0 1 12.5 0.45308
51.840 14 GPS 3 36040795 481366758 2525 231897 1295 48 0 175236960 31 0
51.841 14 SVINFO 0 7 0 0 39 0 45
51.938 14 GPS_SOL 496 496 496 7
52.040 14 DL_VALUE 52 0.05
52.041 14 WP_MOVED 3 360461.40625 4813640. 215. 31
52.073 14 NAVIGATION 4 2 123.21875 72. 0. 142.712509 41 34 34 0 0 0
52.090 14 DESIRED -0.6 0.023576 5.598755 -114.5 162.300003 235. 0.09205 13.
52.090 14 GPS 3 36040453 481366641 2507 231994 1289 30 0 175237240 31 0
52.091 14 SVINFO 1 8 1 1 38 21 95
52.140 14 IR_SENSORS 0 0 28 -66 255
52.140 14 ESTIMATOR 232.036835 0.3
52.190 14 CIRCLE 49.5 100.099998 80.
52.239 14 ATTITUDE -0.213387 4.401766 0.022526
52.322 14 NAVIGATION 4 2 119.78125 71. 0. 139.242767 41 34 34 0 0 0
52.339 14 GPS 3 36040164 481366531 2490 232051 1287 10 0 175237480 31 0
52.340 14 SVINFO 2 9 1 2 37 65 145
52.440 14 ENERGY 32 12.5 0.442909 5.536367 0.048809 0.610111
52.540 14 WP_MOVED 4 360312.8125 4813652. 185. 31
52.572 14 NAVIGATION 4 2 116.875 70. 0. 136.234238 41 34 34 0 0 0
52.589 14 GPS 3 36039882 481366407 2463 232084 1286 -9 0 175237720 31 0
52.590 14 SVINFO 3 10 1 3 36 89 195
52.640 14 NAVIGATION 4 2 114.0625 68.5 0. 136.234238 41 34 34 0 0 0
52.641 14 ESTIMATOR 232.111633 -0.09
52.740 14 AIRSPEED 13.7 0. 0. 0.
52.741 14 ATTITUDE -0.341563 4.318068 0.023391
52.823 14 NAVIGATION 4 2 114.0625 68.5 0. 133.050751 42 35 35 0 0 0
52.840 14 GPS 3 36039606 481366266 2429 232096 1287 -16 0 175237960 31 0
52.840 14 SVINFO 4 11 1 4 35 72 245
52.923 14 COMMANDS 3171,-1620,223,0
53.024 14 FBW_STATUS 2 0 1 12.5 0.453784
53.040 14 WP_MOVED 5 360452.8125 4813581. 260. 31
53.073 14 NAVIGATION 4 2 111.34375 67. 0. 129.9478 42 35 35 0 0 0
53.088 14 GPS 3 36039298 481366077 2373 232083 1292 -32 0 175238240 31 0
53.089 14 SVINFO 5 12 1 5 34 29 295
53.140 14 COMMANDS 3216,-1278,252,0
53.140 14 DESIRED -0.6 0.050526 5.598755 -114.5 162.300003 235. 0.087273 13.
53.141 14 ESTIMATOR 232.059143 -0.32
53.240 14 STATE_FILTER_STATUS 2 3 388
53.240 14 CIRCLE 49.5 100.099998 80.
53.241 14 ATTITUDE -0.460068 4.149017 0.030096
53.322 14 NAVIGATION 4 2 108.21875 65.5 0. 126.497223 42 35 35 0 0 0
53.338 14 IR_SENSORS 0 0 27 -139 225
53.338 14 GPS 3 36039049 481365891 2332 232052 1296 -45 0 175238480 31 0
53.339 14 SVINFO 6 13 1 6 33 0 346
53.439 14 PPRZ_MODE 2 3 2 2 0 6
53.541 14 ALIVE 158,87,147,219,247,235,138,154,89,223,120,51,202,91,226,10
53.541 14 CALIBRATION -52.649109 0
53.541 14 DL_VALUE 53 0.
53.541 14 ENERGY 34 12.5 0.477662 5.970772 0.049644 0.620551
53.542 14 WP_MOVED 6 360169.5 4813757.5 260. 31
53.573 14 NAVIGATION 4 2 105.71875 63.5 0. 123.323578 42 35 35 0 0 0
53.589 14 GPS 3 36038818 481365680 2275 232005 1302 -56 0 175238720 31 0
53.641 14 NAVIGATION 4 2 103.40625 61.5 0. 123.323578 42 35 35 0 0 0
53.641 14 ESTIMATOR 231.916107 -0.56
53.739 14 AIRSPEED 13.7 0. 0. 0.
53.740 14 ATTITUDE -0.564017 3.964018 0.047427
53.823 14 NAVIGATION 4 2 103.40625 61.5 0. 120.312523 43 36 36 0 0 0
53.840 14 FBW_STATUS 2 0 1 12.5 0.497857
53.841 14 GPS 3 36038610 481365443 2213 231944 1310 -58 0 175238960 31 0
53.939 14 NAVIGATION_REF 360284 4813595 31 185.
53.939 14 GPS_SOL 480 480 480 7
54.042 14 WP_MOVED 7 360284.5 4813704. 235. 31
54.073 14 NAVIGATION 4 2 101.34375 59. 0. 117.267029 43 36 36 0 0 0
54.089 14 GPS 3 36038403 481365138 2124 231867 1323 -64 0 175239240 31 0
54.089 14 SVINFO 2 9 1 2 36 68 146
54.139 14 ESTIMATOR 231.723785 -0.64
54.189 14 DESIRED -0.217011 0.063523 5.598755 -114.5 162.300003 235. 0.095423 13.
54.240 14 ATTITUDE -0.553465 3.679657 0.05074
54.290 14 CIRCLE 49.5 100.099998 80.
54.323 14 NAVIGATION 4 2 99.28125 56. 0. 113.985817 43 36 36 0 0 0
54.339 14 GPS 3 36038257 481364853 2071 231813 1330 -61 0 175239480 31 0
54.340 14 SVINFO 3 10 0 3 35 89 196
54.540 14 IR_SENSORS 0 0 31 -135 227
54.541 14 WP_MOVED 8 360269.1875 4813753. 235. 31
54.572 14 NAVIGATION 4 2 97.8125 53. 0. 111.248756 43 36 36 0 0 0
54.588 14 GPS 3 36038139 481364554 2014 231791 1338 -23 0 175239720 31 0
54.588 14 SVINFO 4 11 1 4 34 69 246
54.639 14 DATALINK_REPORT 9 9 2044 577 0 0
54.639 14 ENERGY 38 12.5 0.545955 6.824443 0.050588 0.632349
54.639 14 NAVIGATION 4 2 96.65625 50. 0. 111.248756 43 36 36 0 0 0
54.640 14 ESTIMATOR 231.556458 -0.23
54.738 14 AIRSPEED 13.7 0. 0. 0.
54.739 14 ATTITUDE -0.422883 3.474747 0.049219
54.823 14 NAVIGATION 4 2 96.65625 50. 0. 108.822929 44 37 37 0 0 0
54.839 14 GPS 3 36038047 481364245 1966 231811 1344 -9 0 175239960 31 0
54.998 14 WIND_INFO 14 5 -0.2 -0.2 0. 13.2
55.022 14 FBW_STATUS 2 0 1 12.5 0.554777
55.039 14 DL_VALUE 54 0.
55.040 14 WP_MOVED 9 360459.6875 4813680. 235. 31
55.073 14 NAVIGATION 4 2 95.71875 47. 0. 106.635262 44 37 37 0 0 0
55.090 14 GPS 3 36037968 481363877 1912 231886 1347 24 0 175240240 31 0
55.140 14 ESTIMATOR 231.641281 0.24
55.240 14 DESIRED 0.6 0.037855 5.598755 -114.5 162.300003 235. 0.102626 13.
55.240 14 ATTITUDE -0.314151 3.326046 0.046622
55.322 14 NAVIGATION 4 2 94.9375 43. 0. 104.221535 44 37 37 0 0 0
55.339 14 CIRCLE 49.5 100.099998 80.
55.340 14 GPS 3 36037920 481363557 1885 231987 1345 29 0 175240480 31 0
55.340 14 SVINFO 0 7 0 0 38 0 47
55.539 14 WP_MOVED 10 360424. 4813592.5 235. 31
55.573 14 NAVIGATION 4 2 94.4375 40. 0. 102.559456 44 37 37 0 0 0
55.589 14 GPS 3 36037887 481363237 1858 232114 1342 27 0 175240720 31 0
55.590 14 SVINFO 1 8 1 1 37 27 97
55.641 14 CALIBRATION -96.783264 0
55.641 14 NAVIGATION 4 2 94.125 37. 0. 102.559456 44 37 37 0 0 0
55.641 14 ESTIMATOR 231.915756 0.27
55.740 14 IR_SENSORS 0 0 33 -61 256
55.741 14 ENERGY 38 12.5 0.539361 6.742013 0.051593 0.644911
55.742 14 AIRSPEED 13.2 0. 0. 0.
55.742 14 ATTITUDE -0.171087 3.23031 0.040933
55.822 14 NAVIGATION 4 2 94.125 37. 0. 101.136124 45 38 38 0 0 0
55.839 14 FBW_STATUS 2 0 1 12.5 0.53735
55.840 14 GPS 3 36037865 481362916 1838 232257 1337 39 0 175240960 31 0
55.939 14 GPS_SOL 464 464 464 7
56.039 14 WP_MOVED 11 360234.40625 4813661.5 235. 31
56.072 14 NAVIGATION 4 2 93.875 33.5 0. 99.673294 45 38 38 0 0 0
56.090 14 GPS 3 36037850 481362544 1820 232433 1330 29 0 175241240 31 0
56.140 14 ESTIMATOR 232.223541 0.29
56.241 14 ATTITUDE -0.051175 3.162131 0.034269
56.289 14 DESIRED 0.6 0.00739 5.598755 -114.5 162.300003 235. 0.088392 13.
56.323 14 NAVIGATION 4 2 93.71875 30. 0. 98.403275 45 38 38 0 0 0
56.340 14 GPS 3 36037842 481362226 1814 232582 1325 47 0 175241480 31 0
56.389 14 CIRCLE 49.5 100.099998 80.
56.540 14 DL_VALUE 55 0.
56.541 14 WP_MOVED 0 360326. 4813637. 260. 31
56.573 14 NAVIGATION 4 2 93.65625 27. 0. 97.470474 45 38 38 0 0 0
56.589 14 GPS 3 36037835 481361909 1813 232724 1319 34 0 175241720 31 0
56.590 14 SVINFO 5 12 1 5 33 23 297
56.640 14 NAVIGATION 4 2 93.625 23.5 0. 97.470474 45 38 38 0 0 0
56.641 14 ESTIMATOR 232.547913 0.34
56.739 14 AIRSPEED 13.2 0. 0. 0.
56.740 14 ATTITUDE 0.077982 3.150417 0.025885
56.823 14 NAVIGATION 4 2 93.625 23.5 0. 96.529221 46 39 39 0 0 0
56.839 14 ENERGY 36 12.5 0.505772 6.322148 0.05255 0.656878
56.840 14 GPS 3 36037824 481361594 1818 232851 1315 30 0 175241960 31 0
56.840 14 SVINFO 6 13 1 6 32 0 348
56.940 14 IR_SENSORS 0 0 29 17 263
57.022 14 FBW_STATUS 2 0 1 12.5 0.500912
57.040 14 WP_MOVED 1 360284. 4813595. 260. 31
57.072 14 NAVIGATION 4 2 93.5 20.5 0. 95.720947 46 39 39 0 0 0
57.089 14 GPS 3 36037804 481361227 1834 232977 1310 44 0 175242240 31 0
57.089 14 SVINFO 0 7 0 0 37 1 48
57.140 14 ESTIMATOR 232.818695 0.44
57.240 14 ATTITUDE 0.199381 3.188121 0.0192
57.322 14 NAVIGATION 4 2 93.28125 16.5 0. 94.729309 46 39 39 0 0 0
57.339 14 DESIRED 0.6 0.02728 5.598755 -114.5 162.300003 235. 0.065439 13.
57.340 14 GPS 3 36037776 481360914 1851 233063 1308 28 0 175242480 31 0
57.341 14 SVINFO 1 8 1 1 36 30 98
57.440 14 CIRCLE 49.5 100.099998 80.
57.541 14 WP_MOVED 2 360333.5 4813695. 235. 31
57.572 14 NAVIGATION 4 2 93. 14. 0. 94.047859 46 39 39 0 0 0
57.588 14 GPS 3 36037735 481360603 1876 233128 1307 26 0 175242720 31 0
57.589 14 SVINFO 2 9 0 2 35 73 148
57.640 14 NAVIGATION 4 2 92.625 10.5 0. 94.047859 46 39 39 0 0 0
57.641 14 ESTIMATOR 233.057571 0.26
57.741 14 CALIBRATION -63.484974 0
57.741 14 AIRSPEED 13.2 0. 0. 0.
57.741 14 ATTITUDE 0.327092 3.2614 0.018223
57.823 14 NAVIGATION 4 2 92.625 10.5 0. 93.218239 47 40 40 0 0 0
57.840 14 FBW_STATUS 2 0 1 12.5 0.479085
57.840 14 GPS 3 36037676 481360295 1908 233173 1307 21 0 175242960 31 0
57.841 14 SVINFO 3 10 1 3 34 89 198
57.923 14 COMMANDS 3316,1723,264,0
57.939 14 GPS_SOL 448 448 448 7
57.940 14 ENERGY 34 12.5 0.478017 5.975218 0.053448 0.668103
58.041 14 DL_VALUE 56 0.
58.041 14 WP_MOVED 3 360461.40625 4813640. 215. 31
58.072 14 NAVIGATION 4 2 92. 7.5 0. 92.305199 47 40 40 0 0 0
58.090 14 GPS 3 36037581 481359941 1961 233201 1308 0 0 175243240 31 0
58.090 14 SVINFO 4 11 1 4 33 64 248
58.140 14 COMMANDS 3320,1354,250,0
58.140 14 IR_SENSORS 0 0 28 94 247
58.140 14 ESTIMATOR 233.19136 0.
58.239 14 STATE_FILTER_STATUS 2 3 372
58.240 14 ATTITUDE 0.446852 3.412297 0.026526
58.323 14 NAVIGATION 4 2 91.0625 4. 0. 91.150307 47 40 40 0 0 0
58.340 14 GPS 3 36037473 481359646 2001 233204 1310 -10 0 175243480 31 0
58.341 14 SVINFO 5 12 1 5 32 20 298
58.389 14 DESIRED 0.6 0.053143 5.598755 -114.5 162.300003 235. 0.054259 13.
58.438 14 PPRZ_MODE 2 3 2 2 0 6
58.507 14 CIRCLE 49.5 100.099998 80.
58.538 14 ALIVE 158,87,147,219,247,235,138,154,89,223,120,51,202,91,226,10
58.538 14 WP_MOVED 4 360312.8125 4813652. 185. 31
58.572 14 NAVIGATION 4 2 89.96875 1. 0. 89.974304 47 40 40 0 0 0
58.589 14 GPS 3 36037337 481359362 2055 233190 1313 -47 0 175243720 31 0
58.640 14 NAVIGATION 4 2 88.625 -2. 0. 89.974304 47 40 40 0 0 0
58.641 14 ESTIMATOR 233.17485 -0.47
58.739 14 AIRSPEED 13.2 0. 0. 0.
58.740 14 ATTITUDE 0.551898 3.579855 0.03656
58.823 14 NAVIGATION 4 2 88.625 -2. 0. 88.647568 48 41 41 0 0 0
58.841 14 GPS 3 36037171 481359092 2116 233160 1317 -71 0 175243960 31 0
59.024 14 FBW_STATUS 2 0 1 12.5 0.517154
59.041 14 ENERGY 37 12.5 0.517154 6.464425 0.054344 0.679294
59.041 14 WP_MOVED 5 360452.8125 4813581. 260. 31
59.073 14 NAVIGATION 4 2 86.96875 -4.5 0. 87.085091 48 41 41 0 0 0
59.090 14 GPS 3 36036939 481358803 2204 233113 1327 -71 0 175244240 31 0
59.139 14 ESTIMATOR 232.959381 -0.71
59.240 14 ATTITUDE 0.604552 3.845671 0.049051
59.323 14 NAVIGATION 4 2 84.65625 -7.5 0. 84.987823 48 41 41 0 0 0
59.339 14 IR_SENSORS 0 0 32 136 226
59.340 14 GPS 3 36036708 481358582 2261 233072 1333 -41 0 175244480 31 0
59.440 14 DESIRED 0.6 0.066035 5.598755 -114.5 162.300003 235. 0.061219 13.
59.540 14 DL_VALUE 57 0.
59.541 14 CIRCLE 49.5 100.099998 80.
59.541 14 WP_MOVED 6 360169.5 4813757.5 260. 31
59.572 14 NAVIGATION 4 2 82.34375 -9.5 0. 82.889946 48 41 41 0 0 0
59.588 14 GPS 3 36036451 481358388 2330 233040 1341 -28 0 175244720 31 0
59.640 14 NAVIGATION 4 2 79.78125 -11.5 0. 82.889946 48 41 41 0 0 0
59.640 14 ESTIMATOR 232.827454 -0.28
59.739 14 DATALINK_REPORT 4 10 2174 548 0 0
59.740 14 AIRSPEED 13.2 0. 0. 0.
59.740 14 ATTITUDE 0.604552 4.07115 0.062056
59.823 14 NAVIGATION 4 2 79.78125 -11.5 0. 80.60582 49 42 42 0 0 0
59.841 14 CALIBRATION -107.25576 0
59.841 14 FBW_STATUS 2 0 1 12.5 0.55533
59.842 14 GPS 3 36036171 481358226 2399 233023 1347 -24 0 175244960 31 0
59.940 14 GPS_SOL 433 433 433 7
60.039 14 WP_MOVED 7 360284.5 4813704. 235. 31
60.072 14 NAVIGATION 4 2 76.96875 -13. 0. 78.058876 49 42 42 0 0 0
60.089 14 GPS 3 36035821 481358080 2490 233025 1355 -14 0 175245240 31 0
60.139 14 ENERGY 39 12.5 0.561416 7.017696 0.055343 0.691789
60.139 14 ESTIMATOR 232.832336 -0.14
60.239 14 ATTITUDE 0.604552 4.355405 0.06638
60.323 14 NAVIGATION 4 2 73.4375 -14.5 0. 74.855301 49 42 42 0 0 0
60.339 14 GPS 3 36035507 481357995 2547 233045 1357 13 0 175245480 31 0
60.340 14 SVINFO 6 13 0 6 31 0 350
60.504 14 DESIRED 0.6 0.065887 5.598755 -114.5 162.300003 235. 0.06503 13.
60.539 14 IR_SENSORS 0 0 36 135 226
60.540 14 WP_MOVED 8 360269.1875 4813753. 235. 31
60.572 14 NAVIGATION 4 2 70.34375 -15.5 0. 72.031197 49 42 42 0 0 0
60.590 14 CIRCLE 49.5 100.099998 80.
60.590 14 GPS 3 36035184 481357946 2615 233080 1359 20 0 175245720 31 0
60.590 14 SVINFO 0 7 0 0 36 3 50
60.639 14 NAVIGATION 4 2 67.09375 -16. 0. 72.031197 49 42 42 0 0 0
60.640 14 ESTIMATOR 232.941406 0.2
60.742 14 AIRSPEED 13.2 0. 0. 0.
60.743 14 ATTITUDE 0.601297 4.576669 0.070698
60.823 14 NAVIGATION 4 2 67.09375 -16. 0. 68.975151 50 43 43 0 0 0
60.840 14 GPS 3 36034858 481357936 2682 233126 1360 27 0 175245960 31 0
60.841 14 SVINFO 1 8 1 1 35 36 100
61.023 14 FBW_STATUS 2 0 1 12.5 0.55073
61.040 14 DL_VALUE 58 0.
61.040 14 WP_MOVED 9 360459.6875 4813680. 235. 31
61.072 14 NAVIGATION 4 2 63.8125 -16. 0. 65.787804 50 43 43 0 0 0
61.089 14 GPS 3 36034479 481357974 2772 233191 1359 17 0 175246240 31 0
61.089 14 SVINFO 2 9 1 2 34 77 150
61.139 14 ESTIMATOR 233.118561 0.17
61.240 14 ENERGY 38 12.5 0.548892 6.861153 0.056365 0.704557
61.240 14 ATTITUDE 0.601297 4.856113 0.070698
61.322 14 NAVIGATION 4 2 60.0625 -15.5 0. 62.030266 50 43 43 0 0 0
61.340 14 GPS 3 36034161 481358046 2828 233251 1358 24 0 175246480 31 0
61.343 14 SVINFO 3 10 1 3 33 88 200
61.541 14 DESIRED 0.6 0.065457 5.598755 -114.5 162.300003 235. 0.056443 13.
61.541 14 WP_MOVED 10 360424. 4813592.5 235. 31
61.573 14 NAVIGATION 4 2 56.84375 -15. 0. 58.789555 50 43 43 0 0 0
61.590 14 GPS 3 36033854 481358156 2896 233314 1356 30 0 175246720 31 0
61.590 14 SVINFO 4 11 0 4 32 58 250
61.640 14 AUTOPILOT_VERSION 51500 v5.15_devel-179-g9a29798-dirty
61.640 14 CIRCLE 49.5 100.099998 80.
61.640 14 NAVIGATION 4 2 53.8125 -14. 0. 58.789555 50 43 43 0 0 0
61.641 14 ESTIMATOR 233.262115 0.3
61.739 14 IR_SENSORS 0 0 36 135 226
61.739 14 AIRSPEED 13.2 0. 0. 0.
61.739 14 ATTITUDE 0.601297 5.073849 0.070698
61.823 14 NAVIGATION 4 2 53.8125 -14. 0. 55.603825 51 44 44 0 0 0
61.841 14 FBW_STATUS 2 0 1 12.5 0.534427
61.843 14 GPS 3 36033563 481358300 2963 233375 1354 32 0 175246960 31 0
61.938 14 CALIBRATION -97.995148 0
61.938 14 GPS_SOL 418 418 418 7
62.041 14 WP_MOVED 11 360234.40625 4813661.5 235. 31
62.072 14 NAVIGATION 4 2 50.875 -12.5 0. 52.388126 51 44 44 0 0 0
62.090 14 GPS 3 36033248 481358510 3053 233443 1351 23 0 175247240 31 0
62.140 14 ESTIMATOR 233.431 0.23
62.238 14 ATTITUDE 0.579152 5.350758 0.068663
62.322 14 NAVIGATION 4 2 47.71875 -10.5 0. 48.860302 51 44 44 0 0 0
62.339 14 ENERGY 37 12.5 0.524229 6.552866 0.057347 0.716837
62.340 14 GPS 3 36033003 481358722 3108 233501 1349 37 0 175247480 31 0
62.340 14 SVINFO 0 7 0 0 35 4 51
62.539 14 DL_VALUE 59 0.
62.540 14 WP_MOVED 0 360326. 4813637. 260. 31
62.573 14 NAVIGATION 4 2 45.28125 -8.5 0. 46.072136 51 44 44 0 0 0
62.589 14 DESIRED -0.057766 0.054098 5.598755 -114.5 162.300003 235. 0.045249 13.
62.590 14 GPS 3 36032783 481358958 3169 233567 1346 33 0 175247720 31 0
62.590 14 SVINFO 1 8 1 1 34 39 101
62.639 14 NAVIGATION 4 2 43.09375 -6. 0. 46.072136 51 44 44 0 0 0
62.640 14 ESTIMATOR 233.579788 0.33
62.690 14 CIRCLE 49.5 100.099998 80.
62.740 14 AIRSPEED 13.2 0. 0. 0.
62.740 14 ATTITUDE 0.46025 5.55215 0.055783
62.823 14 NAVIGATION 4 2 43.09375 -6. 0. 43.509438 52 45 45 0 0 0
62.839 14 GPS 3 36032585 481359213 3222 233649 1342 55 0 175247960 31 0
62.840 14 SVINFO 2 9 0 2 33 79 151
62.923 14 COMMANDS 3435,-5219,-92,0
62.940 14 NAVIGATION_REF 360284 4813595 31 185.
62.940 14 IR_SENSORS 0 0 35 89 248
63.022 14 FBW_STATUS 2 0 1 12.5 0.495165
63.039 14 WP_MOVED 1 360284. 4813595. 260. 31
63.072 14 NAVIGATION 4 2 41.09375 -3.5 0. 41.242531 52 45 45 0 0 0
63.088 14 GPS 3 36032382 481359527 3281 233766 1335 81 0 175248240 31 0
63.139 14 COMMANDS 3349,-6167,-131,0
63.140 14 ESTIMATOR 233.788574 0.81
63.239 14 STATE_FILTER_STATUS 2 3 359
63.240 14 ATTITUDE 0.336427 5.748281 0.050201
63.323 14 NAVIGATION 4 2 39.09375 -0.5 0. 39.096947 52 45 45 0 0 0
63.340 14 GPS 3 36032229 481359807 3312 233882 1329 96 0 175248480 31 0
63.440 14 PPRZ_MODE 2 3 2 2 0 6
63.441 14 ENERGY 33 12.5 0.46083 5.760378 0.058261 0.728262
63.538 14 ALIVE 158,87,147,219,247,235,138,154,89,223,120,51,202,91,226,10
63.538 14 WP_MOVED 2 360333.5 4813695. 235. 31
63.573 14 NAVIGATION 4 2 37.53125 2.5 0. 37.614422 52 45 45 0 0 0
63.589 14 GPS 3 36032092 481360092 3343 234005 1319 107 0 175248720 31 0
63.590 14 SVINFO 5 12 0 5 31 13 301
63.639 14 DESIRED -0.6 0.02602 5.598755 -114.5 162.300003 235. 0.031109 13.
63.640 14 NAVIGATION 4 2 36.15625 5.5 0. 37.614422 52 45 45 0 0 0
63.640 14 ESTIMATOR 234.152145 1.07
63.741 14 CIRCLE 49.5 100.099998 80.
63.741 14 AIRSPEED 13.2 0. 0. 0.
63.742 14 ATTITUDE 0.20741 5.85582 0.038503
63.823 14 NAVIGATION 4 2 36.15625 5.5 0. 36.572182 53 46 46 0 0 0
63.839 14 FBW_STATUS 2 0 1 12.5 0.421163
63.840 14 GPS 3 36031968 481360381 3368 234130 1309 110 0 175248960 31 0
63.940 14 GPS_SOL 404 404 404 7
64.039 14 CALIBRATION -20.919313 0
64.040 14 DL_VALUE 60 0.6
64.040 14 WP_MOVED 3 360461.40625 4813640. 215. 31
64.072 14 NAVIGATION 4 2 34.9375 8.5 0. 35.956627 53 46 46 0 0 0
64.090 14 GPS 3 36031837 481360720 3391 234269 1294 94 0 175249240 31 0
64.140 14 IR_SENSORS 0 0 32 11 263
64.140 14 ESTIMATOR 234.529953 0.94
64.239 14 ATTITUDE 0.085642 5.939399 0.033811
64.323 14 NAVIGATION 4 2 33.625 11.5 0. 35.537174 53 46 46 0 0 0
64.339 14 GPS 3 36031731 481361010 3400 234374 1284 86 0 175249480 31 0
64.539 14 ENERGY 27 12.5 0.362901 4.536261 0.05901 0.737622
64.539 14 WP_MOVED 4 360312.8125 4813652. 185. 31
64.573 14 NAVIGATION 4 2 32.5625 14.5 0. 35.645004 53 46 46 0 0 0
64.589 14 GPS 3 36031630 481361298 3405 234462 1273 65 0 175249720 31 0
64.642 14 NAVIGATION 4 2 31.5625 17.5 0. 35.645004 53 46 46 0 0 0
64.642 14 ESTIMATOR 234.772202 0.65
64.690 14 DESIRED -0.6 0.00383 5.598755 -114.5 162.300003 235. 0.010066 13.
64.739 14 AIRSPEED 13.2 0. 0. 0.
64.739 14 ATTITUDE -0.043634 5.963276 0.026741
64.788 14 CIRCLE 49.5 100.099998 80.
64.822 14 NAVIGATION 4 2 31.5625 17.5 0. 36.089352 53 47 47 0 0 0
64.838 14 DATALINK_REPORT 10 10 2308 567 0 0
64.838 14 GPS 3 36031511 481361631 3403 234536 1262 84 0 175250000 31 0
64.838 14 SVINFO 3 10 0 3 32 86 202
64.980 14 WIND_INFO 14 5 -0.3 -0.2 0. 13.2
65.023 14 FBW_STATUS 2 0 1 12.5 0.330518
65.039 14 WP_MOVED 5 360452.8125 4813581. 260. 31
65.073 14 NAVIGATION 4 2 30.375 21. 0. 36.927505 54 47 47 0 0 0
65.090 14 GPS 3 36031405 481361912 3392 234571 1252 48 0 175250240 31 0
65.090 14 SVINFO 4 11 1 4 31 52 252
65.140 14 ESTIMATOR 234.921143 0.48
65.238 14 ATTITUDE -0.16283 5.948143 0.017408
65.323 14 NAVIGATION 4 2 29.28125 23.5 0. 37.545193 54 47 47 0 0 0
65.341 14 IR_SENSORS 0 0 27 -67 255
65.341 14 GPS 3 36031292 481362190 3378 234579 1247 37 0 175250480 31 0
65.540 14 DL_VALUE 61 12000.
65.540 14 WP_MOVED 6 360169.5 4813757.5 260. 31
65.572 14 NAVIGATION 4 2 28.15625 26.5 0. 38.665546 54 47 47 0 0 0
65.589 14 GPS 3 36031169 481362461 3356 234559 1242 18 0 175250720 31 0
65.589 14 SVINFO 6 13 1 6 30 1 353
65.639 14 ENERGY 24 12.5 0.314969 3.93711 0.059621 0.745259
65.639 14 NAVIGATION 4 2 26.9375 29. 0. 38.665546 54 47 47 0 0 0
65.640 14 ESTIMATOR 234.897736 0.18
65.739 14 DESIRED -0.6 0.030575 5.598755 -114.5 162.300003 235. 0.002329 13.
65.740 14 AIRSPEED 13.2 0. 0. 0.
65.740 14 ATTITUDE -0.292399 5.885962 0.017191
65.823 14 NAVIGATION 4 2 26.9375 29. 0. 39.580662 55 48 48 0 0 0
65.840 14 FBW_STATUS 2 0 1 12.5 0.311715
65.840 14 CIRCLE 49.5 100.099998 80.
65.840 14 GPS 3 36031032 481362726 3326 234512 1240 17 0 175250960 31 0
65.841 14 SVINFO 0 7 0 0 34 7 53
65.940 14 GPS_SOL 390 390 390 7
66.040 14 WP_MOVED 7 360284.5 4813704. 235. 31
66.072 14 NAVIGATION 4 2 25.5625 31.5 0. 40.567123 55 48 48 0 0 0
66.088 14 GPS 3 36030852 481363022 3276 234425 1239 6 0 175251240 31 0
66.089 14 SVINFO 1 8 1 1 33 45 103
66.139 14 CALIBRATION 46.635193 0
66.140 14 ESTIMATOR 234.759018 0.06
66.240 14 ATTITUDE -0.41266 5.747857 0.022924
66.322 14 NAVIGATION 4 2 23.78125 34.5 0. 41.902241 55 48 48 0 0 0
66.339 14 GPS 3 36030676 481363263 3238 234325 1241 9 0 175251480 31 0
66.340 14 SVINFO 2 9 1 2 32 83 153
66.539 14 IR_SENSORS 0 0 26 -139 225
66.540 14 WP_MOVED 8 360269.1875 4813753. 235. 31
66.573 14 NAVIGATION 4 2 22. 37. 0. 43.046486 55 48 48 0 0 0
66.589 14 GPS 3 36030478 481363487 3185 234202 1243 1 0 175251720 31 0
66.641 14 NAVIGATION 4 2 20.0625 39.5 0. 43.046486 55 48 48 0 0 0
66.641 14 ESTIMATOR 234.558014 0.01
66.739 14 ENERGY 24 12.5 0.309279 3.865984 0.06019 0.752368
66.739 14 AIRSPEED 13.2 0. 0. 0.
66.739 14 ATTITUDE -0.531467 5.588953 0.035402
66.790 14 DESIRED -0.6 0.056746 5.598755 -114.5 162.300003 235. 0.010241 13.
66.822 14 NAVIGATION 4 2 20.0625 39.5 0. 44.302979 56 49 49 0 0 0
66.839 14 GPS 3 36030258 481363689 3125 234058 1247 -12 0 175251960 31 0
66.889 14 CIRCLE 49.5 100.099998 80.
67.029 14 FBW_STATUS 2 0 1 12.5 0.313666
67.042 14 DL_VALUE 62 1.5
67.042 14 WP_MOVED 9 360459.6875 4813680. 235. 31
67.072 14 NAVIGATION 4 2 17.8125 41.5 0. 45.161213 56 49 49 0 0 0
67.090 14 GPS 3 36029972 481363892 3036 233868 1255 -25 0 175252240 31 0
67.091 14 SVINFO 5 12 1 5 30 9 303
67.140 14 ESTIMATOR 234.264313 -0.25
67.241 14 ATTITUDE -0.593557 5.325849 0.045912
67.323 14 NAVIGATION 4 2 14.96875 43.5 0. 46.003407 56 49 49 0 0 0
67.340 14 GPS 3 36029704 481364032 2976 233694 1259 -35 0 175252480 31 0
67.541 14 WP_MOVED 10 360424. 4813592.5 235. 31
67.573 14 NAVIGATION 4 2 12.28125 45. 0. 46.645782 56 49 49 0 0 0
67.590 14 GPS 3 36029419 481364140 2906 233524 1266 -45 0 175252720 31 0
67.590 14 SVINFO 0 7 0 0 33 9 54
67.639 14 NAVIGATION 4 2 9.4375 46. 0. 46.645782 56 49 49 0 0 0
67.639 14 ESTIMATOR 233.865662 -0.45
67.740 14 IR_SENSORS 0 0 30 -142 222
67.740 14 AIRSPEED 13.2 0. 0. 0.
67.741 14 ATTITUDE -0.506226 5.09657 0.047055
67.823 14 NAVIGATION 4 2 9.4375 46. 0. 46.958134 57 50 50 0 0 0
67.840 14 FBW_STATUS 2 0 1 12.5 0.34522
67.840 14 ENERGY 26 12.5 0.344557 4.30696 0.060783 0.759783
67.840 14 DESIRED 0.301805 0.052465 5.598755 -114.5 162.300003 235. 0.03403 13.
67.841 14 GPS 3 36029124 481364215 2843 233379 1272 -18 0 175252960 31 0
67.923 14 COMMANDS 2545,5752,79,0
67.939 14 GPS_SOL 377 377 377 7
67.939 14 CIRCLE 49.5 100.099998 80.
68.041 14 WP_MOVED 11 360234.40625 4813661.5 235. 31
68.073 14 NAVIGATION 4 2 6.5 46.5 0. 46.952103 57 50 50 0 0 0
68.089 14 GPS 3 36028770 481364269 2773 233256 1276 -8 0 175253240 31 0
68.140 14 COMMANDS 2567,7044,13,0
68.140 14 ESTIMATOR 233.520523 -0.08
68.240 14 STATE_FILTER_STATUS 2 3 383
68.240 14 CALIBRATION 25.135443 0
68.241 14 ATTITUDE -0.383868 4.858844 0.042256
68.322 14 NAVIGATION 4 2 2.9375 47. 0. 47.091709 57 50 50 0 0 0
68.339 14 GPS 3 36028464 481364288 2736 233193 1276 6 0 175253480 31 0
68.340 14 SVINFO 3 10 1 3 31 83 204
68.441 14 PPRZ_MODE 2 3 2 2 0 6
68.540 14 ALIVE 158,87,147,219,247,235,138,154,89,223,120,51,202,91,226,10
68.540 14 DL_VALUE 63 1250.
68.541 14 WP_MOVED 0 360326. 4813637. 260. 31
68.572 14 NAVIGATION 4 2 -0.125 47.5 0. 47.500164 57 50 50 0 0 0
68.588 14 GPS 3 36028159 481364287 2698 233165 1274 9 0 175253720 31 0
68.639 14 NAVIGATION 4 2 -3.15625 47.5 0. 47.500164 57 50 50 0 0 0
68.640 14 ESTIMATOR 233.36673 0.09
68.739 14 AIRSPEED 13.2 0. 0. 0.
68.739 14 ATTITUDE -0.254111 4.72544 0.040041
68.823 14 NAVIGATION 4 2 -3.15625 47.5 0. 47.604748 58 51 51 0 0 0
68.839 14 GPS 3 36027854 481364270 2667 233164 1270 14 0 175253960 31 0
68.890 14 DESIRED 0.6 0.024786 5.598755 -114.5 162.300003 235. 0.048998 13.
68.939 14 IR_SENSORS 0 0 32 -70 254
68.939 14 ENERGY 26 12.5 0.347711 4.346392 0.061421 0.767764
68.989 14 CIRCLE 49.5 100.099998 80.
69.033 14 FBW_STATUS 2 0 1 12.5 0.347047
69.039 14 WP_MOVED 1 360284. 4813595. 260. 31
69.073 14 NAVIGATION 4 2 -6.1875 47. 0. 47.40554 58 51 51 0 0 0
69.089 14 GPS 3 36027502 481364234 2636 233186 1262 25 0 175254240 31 0
69.140 14 ESTIMATOR 233.320023 0.25
69.239 14 ATTITUDE -0.132327 4.614917 0.036134
69.322 14 NAVIGATION 4 2 -9.71875 46.5 0. 47.50478 58 51 51 0 0 0
69.339 14 GPS 3 36027203 481364193 2623 233216 1257 30 0 175254480 31 0
69.541 14 WP_MOVED 2 360333.5 4813695. 235. 31
69.573 14 NAVIGATION 4 2 -12.71875 46.5 0. 48.208054 58 51 51 0 0 0
69.590 14 GPS 3 36026906 481364148 2613 233248 1251 21 0 175254720 31 0
69.591 14 SVINFO 1 8 0 1 32 52 105
69.638 14 NAVIGATION 4 2 -15.71875 46. 0. 48.208054 58 51 51 0 0 0
69.639 14 ESTIMATOR 233.371887 0.21
69.739 14 AIRSPEED 13.2 0. 0. 0.
69.740 14 ATTITUDE -0.001717 4.573306 0.030063
69.823 14 NAVIGATION 4 2 -15.71875 46. 0. 48.611511 59 52 52 0 0 0
69.840 14 FBW_STATUS 2 0 1 12.5 0.332822
69.840 14 GPS 3 36026611 481364101 2609 233275 1245 2 0 175254960 31 0
69.841 14 SVINFO 2 9 1 2 31 86 155
69.939 14 DATALINK_REPORT 5 11 2435 534 0 0
69.940 14 GPS_SOL 365 365 365 7
69.940 14 DESIRED 0.6 0.007409 5.598755 -114.5 162.300003 235. 0.048843 13.
70.041 14 DL_VALUE 64 0.
70.043 14 ENERGY 25 12.5 0.335459 4.193237 0.062043 0.775537
70.044 14 CIRCLE 49.5 100.099998 80.
70.044 14 WP_MOVED 3 360461.40625 4813640. 215. 31
70.072 14 NAVIGATION 4 2 -18.625 45.5 0. 49.164425 59 52 52 0 0 0
70.089 14 GPS 3 36026267 481364048 2614 233294 1239 -18 0 175255240 31 0
70.138 14 IR_SENSORS 0 0 29 8 264
70.139 14 ESTIMATOR 233.366074 -0.18
70.239 14 ATTITUDE 0.116014 4.576097 0.022556
70.322 14 NAVIGATION 4 2 -22.0625 45. 0. 50.117401 59 52 52 0 0 0
70.339 14 CALIBRATION 31.362217 0
70.339 14 GPS 3 36025973 481364009 2624 233294 1237 -36 0 175255480 31 0
70.339 14 SVINFO 4 11 1 4 30 42 255
70.544 14 WP_MOVED 4 360312.8125 4813652. 185. 31
70.572 14 NAVIGATION 4 2 -25.03125 44.5 0. 51.056965 59 52 52 0 0 0
70.590 14 GPS 3 36025677 481363979 2641 233277 1237 -35 0 175255720 31 0
70.640 14 NAVIGATION 4 2 -28. 44. 0. 51.056965 59 52 52 0 0 0
70.641 14 ESTIMATOR 233.237701 -0.35
70.740 14 AIRSPEED 13.2 0. 0. 0.
70.741 14 ATTITUDE 0.245392 4.623755 0.020012
70.822 14 NAVIGATION 4 2 -28. 44. 0. 52.153618 60 53 53 0 0 0
70.839 14 GPS 3 36025331 481363959 2667 233237 1239 -27 0 175256000 31 0
70.989 14 DESIRED 0.6 0.034707 5.598755 -114.5 162.300003 235. 0.052869 13.
71.040 14 FBW_STATUS 2 0 1 12.5 0.367433
71.041 14 WP_MOVED 5 360452.8125 4813581. 260. 31
71.073 14 NAVIGATION 4 2 -31.4375 44. 0. 54.07695 60 53 53 0 0 0
71.089 14 CIRCLE 49.5 100.099998 80.
71.089 14 GPS 3 36025032 481363960 2710 233185 1245 -34 0 175256240 31 0
71.089 14 SVINFO 0 7 0 0 32 13 56
71.140 14 ENERGY 28 12.5 0.371809 4.647611 0.062691 0.783634
71.140 14 ESTIMATOR 233.125565 -0.34
71.240 14 ATTITUDE 0.36662 4.748008 0.019469
71.322 14 NAVIGATION 4 2 -34.4375 44. 0. 55.874336 60 53 53 0 0 0
71.341 14 IR_SENSORS 0 0 27 86 250
71.341 14 GPS 3 36024733 481363981 2740 233119 1249 -47 0 175256480 31 0
71.542 14 DL_VALUE 65 7500.
71.542 14 WP_MOVED 6 360169.5 4813757.5 260. 31
71.573 14 NAVIGATION 4 2 -37.4375 44. 0. 57.771675 60 53 53 0 0 0
71.588 14 GPS 3 36024435 481364027 2787 233039 1256 -54 0 175256720 31 0
71.639 14 NAVIGATION 4 2 -40.375 45. 0. 57.771675 60 53 53 0 0 0
71.639 14 ESTIMATOR 232.96785 -0.54
71.739 14 AIRSPEED 13.2 0. 0. 0.
71.740 14 ATTITUDE 0.492594 4.884338 0.028875
71.823 14 NAVIGATION 4 2 -40.375 45. 0. 60.45776 61 54 54 0 0 0
71.840 14 FBW_STATUS 2 0 1 12.5 0.406855
71.841 14 GPS 3 36024141 481364101 2840 232947 1264 -63 0 175256960 31 0
71.939 14 NAVIGATION_REF 360284 4813595 31 185.
71.940 14 GPS_SOL 353 353 353 7
72.042 14 DESIRED 0.6 0.060538 5.598755 -114.5 162.300003 235. 0.060965 13.
72.042 14 WP_MOVED 7 360284.5 4813704. 235. 31
72.074 14 NAVIGATION 4 2 -43.34375 45.5 0. 62.840519 61 54 54 0 0 0
72.090 14 GPS 3 36023807 481364227 2928 232825 1278 -47 0 175257240 31 0
72.139 14 CIRCLE 49.5 100.099998 80.
72.139 14 ESTIMATOR 232.735596 -0.47
72.239 14 ENERGY 31 12.5 0.428964 5.36205 0.063423 0.792789
72.240 14 ATTITUDE 0.573982 5.134759 0.042436
72.322 14 NAVIGATION 4 2 -46.65625 46.5 0. 65.871506 61 54 54 0 0 0
72.340 14 GPS 3 36023535 481364371 2979 232714 1285 -55 0 175257480 31 0
72.441 14 CALIBRATION -30.785145 0
72.539 14 IR_SENSORS 0 0 31 136 226
72.540 14 WP_MOVED 8 360269.1875 4813753. 235. 31
72.572 14 NAVIGATION 4 2 -49.375 48.5 0. 69.210838 61 54 54 0 0 0
72.590 14 GPS 3 36023280 481364549 3049 232603 1295 -48 0 175257720 31 0
72.639 14 NAVIGATION 4 2 -51.9375 50. 0. 69.210838 61 54 54 0 0 0
72.639 14 ESTIMATOR 232.530365 -0.48
72.739 14 AUTOPILOT_VERSION 51500 v5.15_devel-179-g9a29798-dirty
72.740 14 AIRSPEED 13.2 0. 0. 0.
72.740 14 ATTITUDE 0.604552 5.3486 0.053391
72.822 14 NAVIGATION 4 2 -51.9375 50. 0. 72.093719 62 55 55 0 0 0
72.839 14 GPS 3 36023047 481364759 3120 232502 1304 -34 0 175257960 31 0
72.923 14 COMMANDS 3244,-34,107,0
73.034 14 FBW_STATUS 2 0 1 12.5 0.468078
73.042 14 DL_VALUE 66 1500.
73.043 14 WP_MOVED 9 360459.6875 4813680. 235. 31
73.073 14 NAVIGATION 4 2 -54.28125 52. 0. 75.169502 62 55 55 0 0 0
73.090 14 DESIRED 0.6 0.066823 5.598755 -114.5 162.300003 235. 0.076983 13.
73.090 14 GPS 3 36022809 481365040 3220 232406 1317 -29 0 175258240 31 0
73.091 14 SVINFO 1 8 0 1 31 58 107
73.140 14 COMMANDS 3289,-34,109,0
73.140 14 ESTIMATOR 232.363586 -0.29
73.190 14 CIRCLE 49.5 100.099998 80.
73.240 14 STATE_FILTER_STATUS 2 3 396
73.240 14 ATTITUDE 0.604552 5.647645 0.062056
73.322 14 NAVIGATION 4 2 -56.65625 55. 0. 78.961578 62 55 55 0 0 0
73.339 14 ENERGY 34 12.5 0.478373 5.979666 0.064261 0.803264
73.340 14 GPS 3 36022638 481365306 3272 232345 1321 -25 0 175258480 31 0
73.440 14 PPRZ_MODE 2 3 2 2 0 6
73.546 14 ALIVE 158,87,147,219,247,235,138,154,89,223,120,51,202,91,226,10
73.546 14 WP_MOVED 10 360424. 4813592.5 235. 31
73.573 14 NAVIGATION 4 2 -58.34375 57.5 0. 81.916077 62 55 55 0 0 0
73.590 14 GPS 3 36022500 481365593 3342 232304 1326 -37 0 175258720 31 0
73.590 14 SVINFO 3 10 0 3 30 78 207
73.638 14 NAVIGATION 4 2 -59.75 60.5 0. 81.916077 62 55 55 0 0 0
73.639 14 ESTIMATOR 232.25827 -0.37
73.740 14 IR_SENSORS 0 0 35 136 226
73.741 14 AIRSPEED 13.2 0. 0. 0.
73.741 14 ATTITUDE 0.604552 5.860352 0.06638
73.823 14 NAVIGATION 4 2 -59.75 60.5 0. 85.031242 63 56 56 0 0 0
73.841 14 FBW_STATUS 2 0 1 12.5 0.498755
73.841 14 GPS 3 36022397 481365895 3411 232280 1329 -14 0 175258960 31 0
73.940 14 GPS_SOL 343 343 343 7
74.042 14 WP_MOVED 11 360234.40625 4813661.5 235. 31
74.072 14 NAVIGATION 4 2 -60.78125 63.5 0. 87.901138 63 56 56 0 0 0
74.090 14 GPS 3 36022323 481366261 3509 232272 1334 8 0 175259240 31 0
74.139 14 DESIRED 0.6 0.067181 5.598755 -114.5 162.300003 235. 0.084146 13.
74.140 14 ESTIMATOR 232.188873 0.08
74.240 14 CIRCLE 49.5 100.099998 80.
74.241 14 ATTITUDE 0.604552 6.150174 0.070698
74.323 14 NAVIGATION 4 2 -61.5 67. 0. 90.946411 63 56 56 0 0 0
74.340 14 GPS 3 36022302 481366581 3561 232279 1334 11 0 175259480 31 0
74.439 14 ENERGY 35 12.5 0.498037 6.225458 0.065166 0.814577
74.553 14 CALIBRATION -69.823257 0
74.559 14 DL_VALUE 67 1.
74.559 14 WP_MOVED 0 360326. 4813637. 260. 31
74.593 14 NAVIGATION 4 2 -61.71875 70.5 0. 93.698738 63 56 56 0 0 0
74.599 14 GPS 3 36022319 481366901 30 232294 1335 12 0 175259720 31 0
74.600 14 SVINFO 0 7 0 0 31 18 58
74.639 14 NAVIGATION 4 2 -61.5625 73.5 0. 93.698738 63 56 56 0 0 0
74.640 14 ESTIMATOR 232.264572 0.12
74.739 14 AIRSPEED 13.2 0. 0. 0.
74.740 14 ATTITUDE 0.601297 0.074864 0.075011
74.822 14 NAVIGATION 4 2 -61. 77. 0. 98.234413 64 57 57 0 0 0
74.840 14 GPS 3 36022375 481367216 99 232315 1334 17 0 175259960 31 0
74.940 14 IR_SENSORS 0 0 36 131 228
74.980 14 WIND_INFO 14 5 -0.1 -0.4 0. 13.
75.023 14 FBW_STATUS 2 0 1 12.5 0.493731
75.048 14 DATALINK_REPORT 0 12 2563 546 0 0
75.048 14 WP_MOVED 1 360284. 4813595. 260. 31
75.073 14 NAVIGATION 4 2 -59.90625 80.5 0. 100.344452 64 57 57 0 0 0
75.090 14 GPS 3 36022485 481367573 193 232349 1334 29 0 175260240 31 0
75.091 14 SVINFO 2 9 1 2 30 89 158
75.139 14 ESTIMATOR 232.34404 0.29
75.189 14 DESIRED 0.283912 0.059356 5.598755 -114.5 162.300003 235. 0.079679 13.
75.239 14 ATTITUDE 0.523084 0.335561 0.064109
75.289 14 CIRCLE 49.5 100.099998 80.
75.323 14 NAVIGATION 4 2 -58.59375 83. 0. 101.598366 64 57 57 0 0 0
75.339 14 GPS 3 36022614 481367865 238 232395 1332 37 0 175260480 31 0
75.545 14 ENERGY 34 12.5 0.479975 5.999692 0.066069 0.825853
75.547 14 WP_MOVED 2 360333.5 4813695. 235. 31
75.572 14 NAVIGATION 4 2 -57.0625 86. 0. 103.209152 64 57 57 0 0 0
75.588 14 GPS 3 36022770 481368144 291 232463 1329 41 0 175260720 31 0
75.639 14 NAVIGATION 4 2 -57.0625 86. 0. 103.209152 64 57 57 0 0 0
75.639 14 ESTIMATOR 232.493088 0.41
75.745 14 AIRSPEED 13. 0. 0. 0.
75.745 14 ATTITUDE 0.403811 0.500428 0.056888
75.823 14 NAVIGATION 4 2 -55.3125 88.5 0. 104.363419 65 58 58 0 0 0
75.838 14 FBW_STATUS 2 0 1 12.5 0.469318
75.839 14 GPS 3 36022946 481368408 336 232551 1323 56 0 175260960 31 0
75.939 14 GPS_SOL 334 334 334 7
76.070 14 DL_VALUE 68 0.3
76.070 14 WP_MOVED 3 360461.40625 4813640. 215. 31
76.073 14 NAVIGATION 4 2 -53.03125 91.5 0. 105.757095 65 58 58 0 0 0
76.089 14 GPS 3 36023172 481368700 389 232675 1314 71 0 175261240 31 0
76.139 14 IR_SENSORS 0 0 35 60 256
76.139 14 ESTIMATOR 232.711502 0.71
76.239 14 DESIRED -0.377772 0.031939 5.598755 -114.5 162.300003 235. 0.068655 13.
76.240 14 ATTITUDE 0.273659 0.667337 0.048088
76.323 14 NAVIGATION 4 2 -50.9375 94. 0. 106.914116 65 58 58 0 0 0
76.340 14 CIRCLE 49.5 100.099998 80.
76.341 14 GPS 3 36023379 481368936 412 232790 1307 76 0 175261480 31 0
76.555 14 WP_MOVED 4 360312.8125 4813652. 185. 31
76.571 14 NAVIGATION 4 2 -50.9375 94. 0. 106.914116 65 58 58 0 0 0
76.589 14 GPS 3 36023594 481369161 436 232908 1298 62 0 175261720 31 0
76.640 14 CALIBRATION -25.05994 0
76.640 14 ENERGY 31 12.5 0.421163 5.264533 0.066898 0.836222
76.640 14 NAVIGATION 4 2 -48.84375 96. 0. 106.914116 65 58 58 0 0 0
76.641 14 ESTIMATOR 233.016144 0.62
76.739 14 AIRSPEED 13. 0. 0. 0.
76.740 14 ATTITUDE 0.138731 0.746408 0.041298
76.823 14 NAVIGATION 4 2 -48.84375 96. 0. 107.711243 66 59 59 0 0 0
76.839 14 GPS 3 36023814 481369378 454 233022 1289 71 0 175261960 31 0
77.023 14 FBW_STATUS 2 0 1 12.5 0.397946
77.050 14 WP_MOVED 5 360452.8125 4813581. 260. 31
77.072 14 NAVIGATION 4 2 -46.59375 98.5 0. 108.96434 66 59 59 0 0 0
77.089 14 GPS 3 36024075 481369624 469 233142 1276 68 0 175262240 31 0
77.138 14 ESTIMATOR 233.267059 0.68
77.240 14 ATTITUDE 0.021031 0.802223 0.033811
77.289 14 DESIRED -0.6 0.003016 5.598755 -114.5 162.300003 235. 0.056016 13.
77.323 14 NAVIGATION 4 2 -44. 101. 0. 110.168053 66 59 59 0 0 0
77.340 14 IR_SENSORS 0 0 31 -18 263
77.340 14 GPS 3 36024299 481369831 471 233228 1270 49 0 175262480 31 0
77.390 14 CIRCLE 49.5 100.099998 80.
77.551 14 DL_VALUE 69 1.
77.553 14 WP_MOVED 6 360169.5 4813757.5 260. 31
77.573 14 NAVIGATION 4 2 -41.75 102.5 0. 110.676613 66 59 59 0 0 0
77.590 14 GPS 3 36024520 481370038 469 233295 1263 31 0 175262720 31 0
77.639 14 NAVIGATION 4 2 -39.5625 105. 0. 110.676613 66 59 59 0 0 0
77.639 14 ESTIMATOR 233.451645 0.31
77.739 14 ENERGY 28 12.5 0.37063 4.632873 0.067616 0.845192
77.739 14 AIRSPEED 13. 0. 0. 0.
77.739 14 ATTITUDE -0.108547 0.802918 0.023813
77.823 14 NAVIGATION 4 2 -39.5625 105. 0. 112.206024 67 60 60 0 0 0
77.839 14 FBW_STATUS 2 0 1 12.5 0.368106
77.839 14 GPS 3 36024738 481370247 461 233339 1257 12 0 175262960 31 0
77.923 14 COMMANDS 2691,-3395,-38,0
77.939 14 GPS_SOL 325 325 325 7
78.052 14 WP_MOVED 7 360284.5 4813704. 235. 31
78.074 14 NAVIGATION 4 2 -37.375 107. 0. 113.339714 67 60 60 0 0 0
78.089 14 GPS 3 36024984 481370498 438 233361 1253 -12 0 175263240 31 0
78.139 14 COMMANDS 2708,-3016,9,0
78.139 14 ESTIMATOR 233.471924 -0.12
78.239 14 STATE_FILTER_STATUS 2 3 356
78.240 14 ATTITUDE -0.228988 0.749457 0.019051
78.322 14 NAVIGATION 4 2 -34.90625 109.5 0. 114.929092 67 60 60 0 0 0
78.340 14 DESIRED -0.6 0.029387 5.598755 -114.5 162.300003 235. 0.045842 13.
78.341 14 GPS 3 36025186 481370721 420 233354 1253 -18 0 175263480 31 0
78.341 14 SVINFO 1 8 0 1 30 66 110
78.439 14 PPRZ_MODE 2 3 2 2 0 6
78.439 14 CIRCLE 49.5 100.099998 80.
78.545 14 ALIVE 158,87,147,219,247,235,138,154,89,223,120,51,202,91,226,10
78.546 14 IR_SENSORS 0 0 26 -96 246
78.546 14 WP_MOVED 8 360269.1875 4813753. 235. 31
