2.985 14 NAVIGATION 2 2 0. 0. 0. 0. 0 6 6 1 0 0
3.001 14 GPS 3 36028477 481359546 899 185000 0 20 0 17009960 31 0
3.187 14 FBW_STATUS 2 0 1 12.5 0.
3.203 14 DL_VALUE 10 1.
3.203 14 WP_MOVED 10 360452.8125 4813581. 260. 31
3.236 14 NAVIGATION 2 2 0. 0. 0. 0. 0 6 6 1 0 0
3.252 14 DESIRED 0. 0.00024 0. 0. 0. 235. 0. 13.
3.252 14 GPS 3 36028477 481359546 899 185000 0 32 0 17010240 31 0
3.302 14 ESTIMATOR 185.066971 0.32
3.402 14 ATTITUDE 0.0023 0. -0.000365
3.485 14 NAVIGATION 2 2 0. 0. 0. 0. 0 6 6 1 0 0
3.502 14 GPS 3 36028477 481359546 899 185000 0 33 0 17010480 31 0
3.702 14 WP_MOVED 11 360169.5 4813757.5 260. 31
3.736 14 NAVIGATION 2 2 0. 0. 0. 0. 0 6 6 1 0 0
3.752 14 GPS 3 36028477 481359546 899 185000 0 34 0 17010720 31 0
3.752 14 SVINFO 3 10 1 3 48 6 159
3.802 14 NAVIGATION 2 2 0. 0. 0. 0. 0 6 6 1 0 0
3.803 14 ESTIMATOR 185.142426 0.34
3.903 14 IR_SENSORS 0 0 23 -16 264
3.903 14 ENERGY 0 12.5 0. 0. 0. 0.
3.904 14 AIRSPEED 0. 0. 0. 0.
3.904 14 ATTITUDE 0.0023 0. -0.000365
3.991 14 NAVIGATION 2 2 0. 0. 0. 0. 0 7 7 1 0 0
4.004 14 FBW_STATUS 2 0 1 12.5 0.
4.004 14 GPS 3 36028477 481359546 899 185000 0 21 0 17010960 31 0
4.102 14 GPS_SOL 625 625 625 7
4.202 14 WP_MOVED 12 360287.59375 4813581. 260. 31
4.236 14 NAVIGATION 2 2 0. 0. 0. 0. 0 7 7 1 0 0
4.252 14 GPS 3 36028477 481359546 899 185000 0 26 0 17011240 31 0
4.302 14 DESIRED 0. 0.00024 0. 0. 0. 235. 0. 13.
4.302 14 ESTIMATOR 185.164536 0.26
4.402 14 ATTITUDE 0.0023 0. -0.000365
4.485 14 NAVIGATION 2 2 0. 0. 0. 0. 0 7 7 1 0 0
4.501 14 GPS 3 36028477 481359546 899 185000 0 18 0 17011480 31 0
4.703 14 CALIBRATION 0. 0
4.703 14 DL_VALUE 11 5.
4.703 14 WP_MOVED 13 360311.5 4813547. 260. 31
4.735 14 NAVIGATION 2 2 0. 0. 0. 0. 0 7 7 1 0 0
4.753 14 GPS 3 36028477 481359546 899 185000 0 6 0 17011720 31 0
4.753 14 SVINFO 0 7 0 0 46 79 10
4.801 14 NAVIGATION 2 2 0. 0. 0. 0. 0 7 7 1 0 0
4.802 14 ESTIMATOR 185.160126 0.06
4.902 14 AIRSPEED 0. 0. 0. 0.
4.903 14 ATTITUDE 0.0023 0. -0.000365
4.986 14 NAVIGATION 2 2 0. 0. 0. 0. 0 8 8 1 0 0
5.002 14 ENERGY 0 12.5 0. 0. 0. 0.
5.002 14 GPS 3 36028477 481359546 899 185000 0 0 0 17011960 31 0
5.003 14 SVINFO 1 8 1 1 47 38 60
5.103 14 NAVIGATION_REF 360284 4813595 31 185.
5.103 14 IR_SENSORS 0 0 23 -16 264
5.187 14 FBW_STATUS 2 0 1 12.5 0.
5.202 14 WP_MOVED 14 360300.6875 4813575.5 260. 31
5.236 14 NAVIGATION 2 2 0. 0. 0. 0. 0 8 8 1 0 0
5.253 14 GPS 3 36028477 481359546 899 185000 0 13 0 17012240 31 0
5.253 14 SVINFO 2 9 1 2 48 3 110
5.302 14 ESTIMATOR 185.096664 0.13
5.353 14 DESIRED 0. 0.00024 0. 0. 0. 235. 0. 13.
5.403 14 ATTITUDE 0.0023 0. -0.000365
5.487 14 NAVIGATION 2 2 0. 0. 0. 0. 0 8 8 1 0 0
5.502 14 GPS 3 36028477 481359546 899 185000 0 -2 0 17012480 31 0
5.702 14 WP_MOVED 15 360297.6875 4813554.5 260. 31
5.736 14 NAVIGATION 2 2 0. 0. 0. 0. 0 8 8 1 0 0
5.752 14 GPS 3 36028477 481359546 899 185000 0 -16 0 17012720 31 0
5.753 14 SVINFO 4 11 1 4 49 46 210
5.803 14 NAVIGATION 2 2 0. 0. 0. 0. 0 8 8 1 0 0
5.804 14 ESTIMATOR 185.067581 -0.16
5.903 14 AIRSPEED 0. 0. 0. 0.
5.903 14 ATTITUDE 0.0023 0. -0.000365
5.994 14 NAVIGATION 2 2 0. 0. 0. 0. 0 9 9 1 0 0
6.003 14 FBW_STATUS 2 0 1 12.5 0.
6.003 14 GPS 3 36028477 481359546 899 185000 0 -3 0 17012960 31 0
6.103 14 GPS_SOL 637 637 637 7
6.103 14 ENERGY 0 12.5 0. 0. 0. 0.
6.203 14 DL_VALUE 12 100.
6.204 14 WP_MOVED 16 361184. 4813643. 260. 31
6.236 14 NAVIGATION 2 2 0. 0. 0. 0. 0 9 9 1 0 0
6.253 14 GPS 3 36028477 481359546 899 185000 0 2 0 17013239 31 0
6.303 14 IR_SENSORS 0 0 23 -16 264
6.303 14 ESTIMATOR 185.009445 0.02
6.403 14 DESIRED 0. 0.00024 0. 0. 0. 235. 0. 13.
6.403 14 ATTITUDE 0.0023 0. -0.000365
6.486 14 NAVIGATION 2 2 0. 0. 0. 0. 0 9 9 1 0 0
6.503 14 GPS 3 36028477 481359546 899 185000 0 -9 0 17013480 31 0
6.504 14 SVINFO 0 7 0 0 47 76 11
6.703 14 WP_MOVED 17 361184. 4813643. 260. 31
6.736 14 NAVIGATION 2 2 0. 0. 0. 0. 0 9 9 1 0 0
6.753 14 GPS 3 36028477 481359546 899 185000 0 13 0 17013720 31 0
6.803 14 CALIBRATION 0. 0
6.803 14 NAVIGATION 2 2 0. 0. 0. 0. 0 9 9 1 0 0
6.803 14 ESTIMATOR 184.991165 0.13
6.903 14 AIRSPEED 0. 0. 0. 0.
6.903 14 ATTITUDE 0.0023 0. -0.000365
6.986 14 NAVIGATION 2 2 0. 0. 0. 0. 0 10 10 1 0 0
7.004 14 GPS 3 36028477 481359546 899 185000 0 10 0 17013960 31 0
7.086 14 COMMANDS 0,-17,7,0
7.186 14 FBW_STATUS 2 0 1 12.5 0.
7.203 14 ENERGY 0 12.5 0. 0. 0. 0.
7.203 14 WP_MOVED 18 360289. 4813605. 220. 31
7.236 14 NAVIGATION 2 2 0. 0. 0. 0. 0 10 10 1 0 0
7.253 14 GPS 3 36028477 481359546 899 185000 0 24 0 17014239 31 0
7.303 14 COMMANDS 0,-17,7,0
7.303 14 ESTIMATOR 185.031647 0.24
7.403 14 STATE_FILTER_STATUS 2 3 303
7.403 14 ATTITUDE 0.0023 0. -0.000365
7.453 14 DESIRED 0. 0.00024 0. 0. 0. 235. 0. 13.
7.486 14 NAVIGATION 2 2 0. 0. 0. 0. 0 10 10 1 0 0
7.504 14 IR_SENSORS 0 0 23 -16 264
7.504 14 GPS 3 36028477 481359546 899 185000 0 34 0 17014480 31 0
7.603 14 DATALINK_REPORT 9 1 514 529 0 0
7.603 14 PPRZ_MODE 2 1 2 0 0 6
7.703 14 ALIVE 179,209,69,119,115,11,176,21,181,244,80,210,55,176,198,136
7.703 14 DL_VALUE 13 1.
7.703 14 WP_MOVED 19 360289. 4813610. 500. 31
7.736 14 NAVIGATION 2 2 0. 0. 0. 0. 0 10 10 1 0 0
7.752 14 GPS 3 36028477 481359546 899 185000 0 18 0 17014720 31 0
7.803 14 NAVIGATION 2 2 0. 0. 0. 0. 0 10 10 1 0 0
7.804 14 ESTIMATOR 185.11377 0.18
7.903 14 AIRSPEED 0. 0. 0. 0.
7.903 14 ATTITUDE 0.0023 0. -0.000365
7.986 14 NAVIGATION 2 2 0. 0. 0. 0. 0 11 11 1 0 0
8.003 14 FBW_STATUS 2 0 1 12.5 0.
8.003 14 GPS 3 36028477 481359546 899 185000 0 21 0 17014960 31 0
8.102 14 GPS_SOL 648 648 648 7
8.202 14 WP_MOVED 20 360289. 4813620. 300. 31
8.236 14 NAVIGATION 2 2 0. 0. 0. 0. 0 11 11 1 0 0
8.252 14 GPS 3 36028477 481359546 899 185000 0 17 0 17015239 31 0
8.303 14 ENERGY 0 12.5 0. 0. 0. 0.
8.303 14 ESTIMATOR 185.126678 0.17
8.403 14 ATTITUDE 0.0023 0. -0.000365
8.425 14 SETTING 9 14 1.
8.426 14 DL_VALUE 9 1.
8.486 14 NAVIGATION 2 2 0. 0. 0. 0. 0 11 11 1 0 0
8.506 14 DESIRED 0. 0.00024 0. 0. 0. 235. 0. 13.
8.507 14 GPS 3 36028477 481359546 899 185000 0 15 0 17015480 31 0
8.508 14 SVINFO 1 8 0 1 48 32 62
8.703 14 IR_SENSORS 0 0 23 -16 264
8.703 14 WP_MOVED 21 360289. 4813625. 400. 31
8.736 14 NAVIGATION 2 2 0. 0. 0. 0. 0 11 11 1 0 0
8.753 14 GPS 3 36028477 481359546 899 185000 0 16 0 17015720 31 0
8.803 14 NAVIGATION 2 2 0. 0. 0. 0. 0 11 11 1 0 0
8.806 14 ESTIMATOR 185.121277 0.16
8.903 14 CALIBRATION 0. 0
8.903 14 AIRSPEED 0. 0. 0. 0.
8.903 14 ATTITUDE 0.0023 0. -0.000365
8.967 14 WIND_INFO 14 5 0. 0. 0. 0.
8.986 14 NAVIGATION 2 2 0. 0. 0. 0. 0 12 12 1 0 0
9.008 14 GPS 3 36028477 481359546 899 185000 0 -2 0 17015960 31 0
9.009 14 SVINFO 3 10 0 3 49 11 162
9.185 14 FBW_STATUS 2 0 1 12.5 0.
9.201 14 AUTOPILOT_VERSION 51500 v5.15_devel-179-g9a29798-dirty
9.202 14 DL_VALUE 14 0.
9.202 14 WP_MOVED 22 360289. 4813645. 250. 31
9.223 14 BLOCK 3 14
9.223 14 NAVIGATION 3 0 0. 0. 0. 0. 0 0 0 1 0 0
9.235 14 NAVIGATION 3 2 0. 0. 198.624115 0. 0 0 0 0 0 0
9.252 14 GPS 3 36028477 481359546 899 185000 0 4 0 17016239 31 0
9.302 14 ESTIMATOR 185.084976 0.04
9.402 14 ENERGY 9 12.5 0.064858 0.81072 7e-06 9.3e-05
9.402 14 ATTITUDE 0.0023 0. -0.000365
9.485 14 NAVIGATION 3 2 0. 0. 198.624115 0. 0 0 0 0 0 0
9.506 14 GPS 3 36028477 481359852 3599 184995 1272 -2 0 17016480 31 0
9.552 14 DESIRED -0. 0.262039 0. -114.5 162.300003 235. 0. 13.
9.703 14 WP_MOVED 0 360326. 4813637. 260. 31
9.736 14 NAVIGATION 3 2 0. 3. 196.180374 3. 0 0 0 0 0 0
9.753 14 GPS 3 36028477 481360150 3599 184982 1243 3 0 17016720 31 0
9.802 14 NAVIGATION 3 2 0. 6. 196.180374 3. 0 0 0 0 0 0
9.802 14 ESTIMATOR 185.043015 0.03
9.903 14 IR_SENSORS 0 0 34 -19 262
9.904 14 AIRSPEED 0. 0. 0. 0.
9.904 14 ATTITUDE -0.009561 6.283092 0.041783
9.985 14 TAKEOFF 22
9.986 14 NAVIGATION 3 2 0. 6. 193.752274 6. 1 1 1 0 0 0
10.009 14 FBW_STATUS 2 0 1 12.5 0.528776
10.010 14 GPS 3 36028476 481360498 3599 184983 1241 5 0 17017000 31 0
10.102 14 GPS_SOL 659 659 659 7
10.203 14 WP_MOVED 1 360284. 4813595. 260. 31
10.236 14 NAVIGATION 3 2 0. 9.5 190.940033 9.5 1 1 1 0 0 0
10.253 14 GPS 3 36028473 481360801 3594 185042 1261 21 0 17017239 31 0
10.303 14 ESTIMATOR 185.044479 0.21
10.403 14 ATTITUDE -0.126287 6.273056 0.109378
10.486 14 NAVIGATION 3 2 -0.03125 12.5 188.52887 12.500039 1 1 1 0 0 0
10.519 14 ENERGY 64 12.5 0.990649 12.383106 0.000918 0.01147
10.520 14 GPS 3 36028464 481361111 3583 185191 1293 60 0 17017480 31 0
10.521 14 SVINFO 2 9 0 2 49 0 113
10.602 14 DESIRED -0.29016 0.279994 0. -114.5 162.300003 235. 0. 13.
10.703 14 DL_VALUE 15 0.
10.703 14 WP_MOVED 2 360333.5 4813695. 260. 31
10.736 14 NAVIGATION 3 2 -0.125 15.5 186.096436 15.500504 1 1 1 0 0 0
10.753 14 GPS 3 36028446 481361430 3566 185463 1332 134 0 17017720 31 0
10.803 14 NAVIGATION 3 2 -0.28125 19. 186.096436 15.500504 1 1 1 0 0 0
10.803 14 ESTIMATOR 185.320328 1.34
10.903 14 AIRSPEED 0. 0. 0. 0.
10.903 14 ATTITUDE -0.241679 6.224565 0.191033
10.985 14 NAVIGATION 3 2 -0.28125 19. 183.250687 19.002081 2 2 2 0 0 0
11.015 14 CALIBRATION 0. 0
11.016 14 GPS 3 36028407 481361814 3542 185966 1379 189 0 17018000 31 0
11.103 14 IR_SENSORS 0 0 77 -85 240
11.187 14 FBW_STATUS 2 0 1 12.5 1.627817
11.203 14 WP_MOVED 3 360294.09375 4813785. 260. 31
11.236 14 NAVIGATION 3 2 -0.65625 22.5 180.289886 22.509569 2 2 2 0 0 0
11.252 14 GPS 3 36028357 481362152 3515 186574 1424 277 0 17018239 31 0
11.303 14 ESTIMATOR 186.301666 2.77
11.403 14 ATTITUDE -0.308877 6.135801 0.258439
11.486 14 NAVIGATION 3 2 -1.1875 26. 177.249588 26.027103 2 2 2 0 0 0
11.517 14 GPS 3 36028289 481362494 3488 187346 1451 329 0 17018480 31 0
11.602 14 ENERGY 88 12.5 1.627817 20.347708 0.00361 0.045125
11.653 14 DESIRED -0.318847 0.295739 0. -114.5 162.300003 235. 0. 13.
11.703 14 WP_MOVED 4 360416.3125 4813734. 260. 31
11.737 14 NAVIGATION 3 2 -1.875 29.5 174.12706 29.559526 2 2 2 0 0 0
11.752 14 GPS 3 36028204 481362836 3459 188265 1465 405 0 17018720 31 0
11.753 14 SVINFO 0 7 0 0 48 69 14
11.803 14 NAVIGATION 3 2 -2.71875 33. 174.12706 29.559526 2 2 2 0 0 0
11.804 14 ESTIMATOR 187.998932 4.05
11.903 14 AIRSPEED 0. 0. 0. 0.
11.903 14 ATTITUDE -0.323631 6.038097 0.310288
11.987 14 NAVIGATION 3 2 -2.71875 33. 170.919693 33.111805 3 3 3 0 0 0
12.019 14 FBW_STATUS 2 0 1 12.5 1.627817
12.019 14 GPS 3 36028101 481363173 3430 189304 1469 445 0 17018960 31 0
12.086 14 COMMANDS 8524,228,-326,0
12.102 14 GPS_SOL 668 668 668 7
12.203 14 DL_VALUE 16 80.
12.203 14 WP_MOVED 5 360421. 4813583.5 260. 31
12.236 14 NAVIGATION 3 2 -3.75 36. 167.979919 36.194786 3 3 3 0 0 0
12.253 14 GPS 3 36027961 481363559 3397 190631 1466 470 0 17019239 31 0
12.303 14 COMMANDS 8524,343,-423,0
12.303 14 IR_SENSORS 0 0 102 -92 230
12.303 14 ESTIMATOR 190.309998 4.7
12.403 14 STATE_FILTER_STATUS 2 3 424
12.403 14 ATTITUDE -0.313921 5.930328 0.333778
12.486 14 NAVIGATION 3 2 -5.15625 40. 164.052887 40.330967 3 3 3 0 0 0
12.516 14 GPS 3 36027824 481363882 3370 191835 1459 503 0 17019480 31 0
12.603 14 PPRZ_MODE 2 1 2 0 0 6
12.703 14 DATALINK_REPORT 3 4 635 520 0 0
12.703 14 ALIVE 179,209,69,119,115,11,176,21,181,244,80,210,55,176,198,136
12.704 14 ENERGY 88 12.5 1.627817 20.347708 0.006594 0.082429
12.704 14 DESIRED -0.242912 0.291982 0. -114.5 162.300003 235. 0. 13.
12.704 14 WP_MOVED 6 360164.8125 4813664.5 260. 31
12.737 14 NAVIGATION 3 2 -6.5 43. 160.923874 43.488503 3 3 3 0 0 0
12.753 14 GPS 3 36027674 481364196 3343 193074 1450 502 0 17019720 31 0
12.803 14 NAVIGATION 3 2 -8.03125 46.5 160.923874 43.488503 3 3 3 0 0 0
12.803 14 ESTIMATOR 192.894424 5.02
12.903 14 AIRSPEED 0. 0. 0. 0.
12.903 14 ATTITUDE -0.273075 5.836209 0.334153
12.986 14 NAVIGATION 3 2 -8.03125 46.5 157.306183 47.188461 4 4 4 0 0 0
13.026 14 GPS 3 36027511 481364501 3319 194328 1442 520 0 17019960 31 0
13.103 14 CALIBRATION 0. 0
13.187 14 FBW_STATUS 2 0 1 12.5 1.627817
13.203 14 WP_MOVED 7 360558.40625 4813804.5 260. 31
13.235 14 NAVIGATION 3 2 -9.625 49.5 154.021439 50.427082 4 4 4 0 0 0
13.252 14 GPS 3 36027307 481364847 3293 195790 1433 513 0 17020239 31 0
13.302 14 ESTIMATOR 195.603622 5.13
13.402 14 ATTITUDE -0.220476 5.747499 0.319152
13.486 14 NAVIGATION 3 2 -11.65625 53. 150.077744 54.26664 4 4 4 0 0 0
13.524 14 IR_SENSORS 0 0 101 -66 238
13.525 14 GPS 3 36027122 481365135 3273 197030 1426 500 0 17020480 31 0
13.703 14 DL_VALUE 17 0.
13.703 14 WP_MOVED 8 360461.40625 4813640. 215. 31
13.736 14 NAVIGATION 3 2 -13.5625 55.5 146.95108 57.133102 4 4 4 0 0 0
13.752 14 DESIRED -0.1178 0.280876 0. -114.5 162.300003 235. 0. 13.
13.753 14 GPS 3 36026929 481365416 3255 198250 1422 503 0 17020720 31 0
13.754 14 SVINFO 1 8 0 1 49 23 65
13.803 14 ENERGY 88 12.5 1.627817 20.347708 0.009579 0.119734
13.803 14 NAVIGATION 3 2 -15.46875 58.5 146.95108 57.133102 4 4 4 0 0 0
13.804 14 ESTIMATOR 198.169083 5.03
13.902 14 AIRSPEED 0. 0. 0. 0.
13.903 14 ATTITUDE -0.165482 5.681779 0.302506
13.986 14 NAVIGATION 3 2 -15.46875 58.5 143.462982 60.510597 5 5 5 0 0 0
14.002 14 FBW_STATUS 2 0 1 12.5 1.627817
14.002 14 GPS 3 36026729 481365692 3239 199447 1419 501 0 17020960 31 0
14.103 14 NAVIGATION_REF 360284 4813595 31 185.
14.103 14 GPS_SOL 676 676 676 7
14.203 14 WP_MOVED 9 360312.8125 4813652. 185. 31
14.236 14 NAVIGATION 3 2 -17.46875 61.5 139.913193 63.932835 5 5 5 0 0 0
14.253 14 GPS 3 36026487 481366007 3224 200814 1418 465 0 17021239 31 0
14.303 14 ESTIMATOR 200.71756 4.65
14.403 14 ATTITUDE -0.123506 5.627227 0.28402
14.487 14 NAVIGATION 3 2 -19.875 64.5 136.083542 67.492706 5 5 5 0 0 0
14.503 14 GPS 3 36026274 481366273 3212 201961 1419 456 0 17021480 31 0
14.703 14 IR_SENSORS 0 0 94 -40 245
14.703 14 WP_MOVED 10 360452.8125 4813581. 260. 31
14.737 14 NAVIGATION 3 2 -22.03125 67. 132.787659 70.529259 5 5 5 0 0 0
14.752 14 GPS 3 36026056 481366535 3203 203090 1420 436 0 17021720 31 0
14.803 14 DESIRED -0.059677 0.271632 0. -114.5 162.300003 235. 0. 13.
14.803 14 NAVIGATION 3 2 -24.1875 70. 132.787659 70.529259 5 5 5 0 0 0
14.803 14 ESTIMATOR 203.053421 4.36
14.902 14 ENERGY 88 12.5 1.627817 20.347708 0.012563 0.157038
14.902 14 AIRSPEED 0. 0. 0. 0.
14.903 14 ATTITUDE -0.086456 5.591035 0.274174
14.986 14 NAVIGATION 3 2 -24.1875 70. 129.134186 74.06102 6 6 6 0 0 0
15.003 14 GPS 3 36025835 481366795 3195 204203 1423 430 0 17021960 31 0
15.186 14 FBW_STATUS 2 0 1 12.5 1.627817
15.203 14 CALIBRATION 0. 0
15.203 14 DL_VALUE 18 1.
15.203 14 WP_MOVED 11 360169.5 4813757.5 260. 31
15.236 14 NAVIGATION 3 2 -26.375 72.5 125.817551 77.148499 6 6 6 0 0 0
15.253 14 GPS 3 36025572 481367096 3187 205486 1426 460 0 17022239 31 0
15.253 14 SVINFO 0 7 0 0 49 64 16
15.303 14 ESTIMATOR 205.298477 4.6
15.404 14 ATTITUDE -0.062021 5.563598 0.265724
15.485 14 NAVIGATION 3 2 -29.03125 75.5 121.81604 80.889206 6 6 6 0 0 0
15.502 14 GPS 3 36025343 481367352 3182 206576 1429 455 0 17022480 31 0
15.703 14 WP_MOVED 12 360287.59375 4813581. 260. 31
15.737 14 NAVIGATION 3 2 -31.3125 78. 118.434158 84.050415 6 6 6 0 0 0
15.753 14 GPS 3 36025112 481367606 3177 207662 1432 452 0 17022720 31 0
15.803 14 NAVIGATION 3 2 -33.625 80.5 118.434158 84.050415 6 6 6 0 0 0
15.804 14 ESTIMATOR 207.629791 4.52
15.853 14 DESIRED -0.031544 0.266551 0. -114.5 162.300003 235. 0. 13.
15.902 14 IR_SENSORS 0 0 90 -27 248
15.902 14 AIRSPEED 0. 0. 0. 0.
15.903 14 ATTITUDE -0.045612 5.54529 0.260857
15.986 14 NAVIGATION 3 2 -33.625 80.5 115.030457 87.240417 7 7 7 0 0 0
16.003 14 FBW_STATUS 2 0 1 12.5 1.627817
16.003 14 ENERGY 88 12.5 1.627817 20.347708 0.015547 0.194342
16.004 14 GPS 3 36024878 481367859 3173 208746 1435 462 0 17022960 31 0
16.102 14 GPS_SOL 683 683 683 7
16.203 14 WP_MOVED 13 360311.5 4813547. 260. 31
16.236 14 NAVIGATION 3 2 -35.9375 83. 111.626862 90.446136 7 7 7 0 0 0
16.252 14 GPS 3 36024603 481368153 3168 210010 1437 469 0 17023239 31 0
16.303 14 ESTIMATOR 209.936554 4.69
16.403 14 ATTITUDE -0.033257 5.530565 0.259568
16.486 14 NAVIGATION 3 2 -38.71875 86. 107.538307 94.314056 7 7 7 0 0 0
16.503 14 GPS 3 36024366 481368404 3165 211095 1439 468 0 17023480 31 0
16.702 14 DL_VALUE 19 0.
16.703 14 WP_MOVED 14 360300.6875 4813575.5 260. 31
16.736 14 NAVIGATION 4 0 -41.0625 88.5 0. 97.56218 7 0 0 0 0 0
16.753 14 GPS 3 36024127 481368654 3163 212184 1441 474 0 17023720 31 0
16.803 14 NAVIGATION 4 0 -43.46875 91. 0. 97.56218 7 0 0 0 0 0
16.803 14 ESTIMATOR 212.251892 4.74
16.903 14 DESIRED -0.018815 0.264434 0. -114.5 162.300003 235. 0. 13.
16.903 14 AIRSPEED 0. 0. 0. 0.
16.904 14 ATTITUDE -0.025293 5.52078 0.259568
16.986 14 NAVIGATION 4 0 -43.46875 91. 0. 100.84906 8 1 1 0 0 0
17.003 14 CIRCLE 49.5 100.099998 80.
17.003 14 GPS 3 36023887 481368904 3160 213276 1442 485 0 17023960 31 0
17.086 14 COMMANDS 8524,3554,491,0
17.102 14 IR_SENSORS 0 0 90 -17 249
17.102 14 ENERGY 88 12.5 1.627817 20.347708 0.018532 0.231646
17.186 14 FBW_STATUS 2 0 1 12.5 1.627817
17.203 14 WP_MOVED 15 360297.6875 4813554.5 260. 31
17.236 14 NAVIGATION 4 0 -45.875 93.5 0. 104.147804 8 1 1 0 0 0
17.254 14 GPS 3 36023606 481369195 3160 214555 1443 474 0 17024239 31 0
17.303 14 COMMANDS 8524,3945,486,0
17.303 14 CALIBRATION 0. 1
17.303 14 ESTIMATOR 214.594345 4.74
17.403 14 STATE_FILTER_STATUS 2 3 340
17.403 14 ATTITUDE 0.062832 5.515251 0.263116
17.487 14 NAVIGATION 4 0 -48.65625 96.5 0. 108.072571 8 1 1 0 0 0
17.504 14 GPS 3 36023367 481369446 3164 215660 1443 463 0 17024480 31 0
17.603 14 PPRZ_MODE 2 3 2 2 0 6
17.703 14 ALIVE 179,209,69,119,115,11,176,21,181,244,80,210,55,176,198,136
17.703 14 WP_MOVED 16 361184. 4813643. 260. 31
17.736 14 NAVIGATION 4 0 -51.0625 99. 0. 111.392906 8 1 1 0 0 0
17.754 14 GPS 3 36023133 481369701 3174 216773 1443 467 0 17024720 31 0
17.802 14 DATALINK_REPORT 8 4 756 531 0 0
17.803 14 NAVIGATION 4 0 -53.4375 101.5 0. 111.392906 8 1 1 0 0 0
17.803 14 ESTIMATOR 216.871887 4.67
17.903 14 AIRSPEED 0. 0. 0. 0.
17.903 14 ATTITUDE 0.20416 5.540114 0.281269
17.953 14 DESIRED 0.572183 0.321267 0. -7.683895 156.046417 260. 1.327541 13.
17.987 14 NAVIGATION 4 0 -53.4375 101.5 0. 114.707527 9 2 2 0 0 0
18.003 14 FBW_STATUS 2 0 1 12.5 1.627817
18.003 14 GPS 3 36022906 481369962 3189 217899 1442 468 0 17024960 31 0
18.052 14 CIRCLE 49.5 100.099998 80.
18.101 14 GPS_SOL 689 689 689 7
18.202 14 DL_VALUE 20 0.
18.202 14 ENERGY 88 12.5 1.627817 20.347708 0.021516 0.26895
18.202 14 WP_MOVED 17 361184. 4813643. 260. 31
18.236 14 NAVIGATION 4 0 -55.71875 104. 0. 117.985504 9 2 2 0 0 0
18.253 14 GPS 3 36022654 481370277 3215 219228 1440 465 0 17025239 31 0
18.303 14 IR_SENSORS 0 0 98 61 240
18.303 14 ESTIMATOR 219.187302 4.65
18.403 14 ATTITUDE 0.333345 5.612285 0.306928
18.487 14 NAVIGATION 4 0 -58.1875 107. 0. 121.798134 9 2 2 0 0 0
18.503 14 GPS 3 36022453 481370558 3244 220380 1438 482 0 17025480 31 0
18.703 14 WP_MOVED 18 360289. 4813605. 220. 31
18.736 14 NAVIGATION 4 0 -60.21875 110. 0. 125.404533 9 2 2 0 0 0
18.753 14 GPS 3 36022269 481370850 3278 221541 1436 504 0 17025720 31 0
18.803 14 NAVIGATION 4 0 -62.0625 113. 0. 125.404533 9 2 2 0 0 0
18.803 14 ESTIMATOR 221.556961 5.04
18.902 14 AIRSPEED 0. 0. 0. 0.
18.903 14 ATTITUDE 0.470379 5.72288 0.338697
18.970 14 WIND_INFO 14 5 -1.4 3.1 0. 11.1
18.986 14 NAVIGATION 4 0 -62.0625 113. 0. 128.921509 10 3 3 0 0 0
19.002 14 DESIRED 0.570687 0.350881 0. -0.196369 162.79187 260. 1.153291 13.
19.003 14 GPS 3 36022108 481371154 3320 222706 1434 505 0 17025960 31 0
19.103 14 CIRCLE 49.5 100.099998 80.
19.186 14 FBW_STATUS 2 0 1 12.5 1.627817
19.203 14 WP_MOVED 19 360289. 4813610. 500. 31
19.236 14 NAVIGATION 4 0 -63.65625 116. 0. 132.318237 10 3 3 0 0 0
19.252 14 GPS 3 36021952 481371524 3375 224066 1431 494 0 17026239 31 0
19.303 14 ENERGY 88 12.5 1.627817 20.347708 0.0245 0.306253
19.304 14 ESTIMATOR 224.054749 4.94
19.402 14 CALIBRATION 0. 1
19.403 14 ATTITUDE 0.549941 5.901993 0.363514
19.486 14 NAVIGATION 4 0 -65.21875 119.5 0. 136.138657 10 3 3 0 0 0
19.502 14 IR_SENSORS 0 0 107 119 217
19.503 14 GPS 3 36021851 481371851 3428 225229 1430 491 0 17026480 31 0
19.702 14 DL_VALUE 21 0.
19.703 14 WP_MOVED 20 360289. 4813620. 300. 31
19.736 14 NAVIGATION 4 0 -66.21875 123. 0. 139.692245 10 3 3 0 0 0
19.752 14 GPS 3 36021781 481372187 3483 226389 1428 490 0 17026720 31 0
19.803 14 NAVIGATION 4 0 -66.9375 126.5 0. 139.692245 10 3 3 0 0 0
19.804 14 ESTIMATOR 226.472641 4.9
19.902 14 AIRSPEED 11.1 0. 0. 0.
19.903 14 ATTITUDE 0.578967 6.14713 0.37824
19.986 14 NAVIGATION 4 0 -66.9375 126.5 0. 143.118408 11 4 4 0 0 0
20.002 14 FBW_STATUS 2 0 1 12.5 1.627817
20.002 14 GPS 3 36021745 481372528 3539 227548 1427 494 0 17026960 31 0
20.052 14 DESIRED 0.547346 0.359736 0. 6.840084 167.776672 260. 1.005821 13.
20.102 14 GPS_SOL 693 693 693 7
20.153 14 CIRCLE 49.5 100.099998 80.
20.202 14 WP_MOVED 21 360289. 4813625. 400. 31
20.235 14 NAVIGATION 4 0 -67.3125 130. 0. 146.393219 11 4 4 0 0 0
20.253 14 GPS 3 36021746 481372928 5 228899 1427 498 0 17027239 31 0
20.303 14 AUTOPILOT_VERSION 51500 v5.15_devel-179-g9a29798-dirty
20.303 14 ESTIMATOR 228.895355 4.98
20.402 14 ENERGY 88 12.5 1.627817 20.347708 0.027485 0.343557
20.403 14 ATTITUDE 0.564436 0.136373 0.370836
20.486 14 NAVIGATION 4 0 -67.3125 134. 0. 149.956573 11 4 4 0 0 0
20.503 14 GPS 3 36021782 481373268 60 230057 1426 502 0 17027480 31 0
20.703 14 IR_SENSORS 0 0 107 115 219
20.704 14 WP_MOVED 22 360289. 4813645. 250. 31
20.735 14 NAVIGATION 4 0 -66.90625 137.5 0. 152.914017 11 4 4 0 0 0
20.753 14 GPS 3 36021850 481373603 114 231216 1425 492 0 17027720 31 0
20.803 14 NAVIGATION 4 0 -66.28125 140.5 0. 152.914017 11 4 4 0 0 0
20.803 14 ESTIMATOR 231.333282 4.92
20.903 14 AIRSPEED 11.1 0. 0. 0.
20.903 14 ATTITUDE 0.533726 0.371568 0.365413
20.986 14 NAVIGATION 4 0 -66.28125 140.5 0. 155.349457 12 5 5 0 0 0
21.003 14 GPS 3 36021949 481373931 167 232375 1425 471 0 17027960 31 0
21.102 14 DESIRED 0.49119 0.354653 0. 14.726292 172.147125 260. 0.860002 13.
21.186 14 FBW_STATUS 2 0 1 12.5 1.627817
21.203 14 DL_VALUE 22 0.
21.203 14 CIRCLE 49.5 100.099998 80.
21.203 14 WP_MOVED 0 360326. 4813637. 260. 31
21.236 14 NAVIGATION 4 0 -65.28125 143.5 0. 157.651169 12 5 5 0 0 0
21.253 14 GPS 3 36022100 481374300 230 233727 1425 475 0 17028239 31 0
21.303 14 ESTIMATOR 233.701233 4.75
21.403 14 ATTITUDE 0.506555 0.609395 0.356456
21.486 14 NAVIGATION 4 0 -63.75 147.5 0. 160.686996 12 5 5 0 0 0
21.503 14 CALIBRATION 0. 1
21.503 14 ENERGY 88 12.5 1.627817 20.347708 0.030469 0.38086
21.503 14 GPS 3 36022258 481374603 276 234886 1424 490 0 17028480 31 0
21.703 14 WP_MOVED 1 360284. 4813595. 260. 31
21.736 14 NAVIGATION 4 0 -62.1875 150.5 0. 162.842056 12 5 5 0 0 0
21.753 14 GPS 3 36022441 481374892 323 236045 1424 511 0 17028720 31 0
21.804 14 NAVIGATION 4 0 -60.34375 153.5 0. 162.842056 12 5 5 0 0 0
21.804 14 ESTIMATOR 236.09549 5.11
21.902 14 IR_SENSORS 0 0 105 99 226
21.903 14 AIRSPEED 11.1 0. 0. 0.
21.903 14 ATTITUDE 0.475706 0.791241 0.347664
21.986 14 NAVIGATION 4 0 -60.34375 153.5 0. 164.935196 13 6 6 0 0 0
22.002 14 FBW_STATUS 2 0 1 12.5 1.627817
22.002 14 GPS 3 36022647 481375165 370 237205 1424 513 0 17028960 31 0
22.086 14 COMMANDS 8524,-417,26,0
22.102 14 GPS_SOL 697 697 697 7
22.152 14 DESIRED 0.407261 0.347279 0. 23.357513 175.708008 260. 0.717135 13.
22.203 14 WP_MOVED 2 360333.5 4813695. 260. 31
22.236 14 NAVIGATION 4 0 -58.28125 156. 0. 166.531387 13 6 6 0 0 0
22.253 14 CIRCLE 49.5 100.099998 80.
22.254 14 GPS 3 36022912 481375462 424 238562 1423 506 0 17029239 31 0
22.302 14 COMMANDS 8524,-464,44,0
22.303 14 ESTIMATOR 238.599335 5.06
22.403 14 STATE_FILTER_STATUS 2 3 424
22.403 14 ATTITUDE 0.432044 0.979563 0.340998
22.486 14 NAVIGATION 4 0 -55.625 159. 0. 168.449219 13 6 6 0 0 0
22.502 14 GPS 3 36023159 481375698 462 239730 1423 511 0 17029480 31 0
22.602 14 PPRZ_MODE 2 3 2 2 0 6
22.603 14 ENERGY 88 12.5 1.627817 20.347708 0.033454 0.418163
22.702 14 ALIVE 179,209,69,119,115,11,176,21,181,244,80,210,55,176,198,136
22.703 14 DL_VALUE 23 0.
22.703 14 WP_MOVED 3 360294.09375 4813785. 260. 31
22.736 14 NAVIGATION 4 0 -53.15625 161.5 0. 170.023041 13 6 6 0 0 0
22.753 14 GPS 3 36023422 481375917 502 240904 1422 512 0 17029720 31 0
22.803 14 NAVIGATION 4 0 -50.5 163.5 0. 170.023041 13 6 6 0 0 0
22.803 14 ESTIMATOR 241.055008 5.12
22.903 14 DATALINK_REPORT 4 5 878 535 0 0
22.904 14 AIRSPEED 11.1 0. 0. 0.
22.904 14 ATTITUDE 0.382005 1.117707 0.336123
22.986 14 NAVIGATION 4 0 -50.5 163.5 0. 171.121307 14 7 7 0 0 0
23.003 14 GPS 3 36023697 481376118 538 242084 1421 512 0 17029960 31 0
23.103 14 NAVIGATION_REF 360284 4813595 31 185.
23.103 14 IR_SENSORS 0 0 105 72 235
23.186 14 FBW_STATUS 2 0 1 12.5 1.46986
23.202 14 DESIRED 0.304489 0.308049 0. 32.014069 178.165619 260. 0.56835 13.
23.202 14 WP_MOVED 4 360416.3125 4813734. 260. 31
23.235 14 NAVIGATION 4 0 -47.78125 166. 0. 172.739822 14 7 7 0 0 0
23.252 14 GPS 3 36024032 481376330 581 243470 1415 514 0 17030239 31 0
23.303 14 CIRCLE 49.5 100.099998 80.
23.304 14 ESTIMATOR 243.52977 5.14
23.403 14 ATTITUDE 0.335526 1.256095 0.327808
23.485 14 NAVIGATION 4 0 -44.4375 167.5 0. 173.294373 14 7 7 0 0 0
23.503 14 GPS 3 36024327 481376493 610 244653 1402 501 0 17030480 31 0
23.602 14 CALIBRATION 35.649021 2
23.703 14 ENERGY 67 12.5 1.107543 13.844288 0.036128 0.451591
23.703 14 WP_MOVED 5 360421. 4813583.5 260. 31
23.736 14 NAVIGATION 4 0 -41.46875 169.5 0. 174.499008 14 7 7 0 0 0
23.752 14 GPS 3 36024625 481376639 639 245815 1380 496 0 17030720 31 0
23.753 14 SVINFO 6 13 0 6 48 61 321
23.803 14 NAVIGATION 4 0 -38.5 171. 0. 174.499008 14 7 7 0 0 0
23.804 14 ESTIMATOR 245.971497 4.96
23.903 14 AIRSPEED 11.1 0. 0. 0.
23.903 14 ATTITUDE 0.258638 1.359707 0.304587
23.987 14 NAVIGATION 4 0 -38.5 171. 0. 175.280487 15 8 8 0 0 0
24.002 14 FBW_STATUS 2 0 1 12.5 0.909423
24.002 14 GPS 3 36024922 481376768 665 246930 1350 473 0 17030960 31 0
24.103 14 GPS_SOL 699 699 699 7
24.203 14 DL_VALUE 24 0.
24.203 14 WP_MOVED 6 360164.8125 4813664.5 260. 31
24.237 14 NAVIGATION 4 0 -35.5625 172. 0. 175.637955 15 8 8 0 0 0
24.254 14 DESIRED 0.171955 0.123002 0. 42.814869 179.82019 260. 0.385827 13.
24.254 14 GPS 3 36025265 481376898 696 248137 1302 417 0 17031239 31 0
24.303 14 IR_SENSORS 0 0 94 40 245
24.303 14 ESTIMATOR 248.274139 4.17
24.353 14 CIRCLE 49.5 100.099998 80.
24.403 14 ATTITUDE 0.216092 1.465727 0.270613
24.486 14 NAVIGATION 4 0 -32.125 173.5 0. 176.449051 15 8 8 0 0 0
24.503 14 GPS 3 36025552 481376993 716 249059 1261 365 0 17031480 31 0
24.703 14 WP_MOVED 7 360558.40625 4813804.5 260. 31
24.736 14 NAVIGATION 4 0 -29.21875 174.5 0. 176.929321 15 8 8 0 0 0
24.752 14 GPS 3 36025832 481377074 738 249854 1212 329 0 17031720 31 0
24.802 14 ENERGY 25 12.5 0.362398 4.529974 0.037432 0.467899
24.803 14 NAVIGATION 4 0 -26.4375 175.5 0. 176.929321 15 8 8 0 0 0
24.803 14 ESTIMATOR 250.083496 3.29
24.902 14 AIRSPEED 11.1 0. 0. 0.
24.903 14 ATTITUDE 0.173489 1.550168 0.216522
24.986 14 NAVIGATION 4 0 -26.4375 175.5 0. 177.480118 16 9 9 0 0 0
25.003 14 GPS 3 36026147 481377152 760 250598 1158 273 0 17032000 31 0
25.186 14 FBW_STATUS 2 0 1 12.5 0.199219
25.203 14 WP_MOVED 8 360461.40625 4813640. 215. 31
25.236 14 NAVIGATION 4 0 -23.28125 176. 0. 177.533142 16 9 9 0 0 0
25.253 14 GPS 3 36026407 481377207 782 251072 1106 193 0 17032239 31 0
25.254 14 SVINFO 5 12 1 5 48 88 271
25.302 14 DESIRED 0.078256 0.027617 0. 51.177719 180.082397 260. 0.275195 13.
25.303 14 ESTIMATOR 251.396942 1.93
25.403 14 CIRCLE 49.5 100.099998 80.
25.403 14 ATTITUDE 0.125008 1.639909 0.164111
25.486 14 NAVIGATION 4 0 -20.65625 176.5 0. 177.70462 16 9 9 0 0 0
25.502 14 IR_SENSORS 0 0 62 13 258
25.503 14 GPS 3 36026662 481377253 797 251396 1075 139 0 17032480 31 0
25.703 14 CALIBRATION 150. 0
25.703 14 DL_VALUE 25 0.
25.704 14 WP_MOVED 9 360312.8125 4813652. 185. 31
25.736 14 NAVIGATION 4 0 -18.125 177. 0. 177.925583 16 9 9 0 0 0
25.753 14 GPS 3 36026912 481377292 811 251586 1058 71 0 17032720 31 0
25.803 14 NAVIGATION 4 0 -15.625 177.5 0. 177.925583 16 9 9 0 0 0
25.803 14 ESTIMATOR 251.969925 0.71
25.903 14 ENERGY 17 12.5 0.214834 2.68542 0.03785 0.473116
25.903 14 AIRSPEED 11.1 0. 0. 0.
25.903 14 ATTITUDE 0.08206 1.69411 0.110129
25.986 14 NAVIGATION 4 0 -15.625 177.5 0. 178.186386 17 10 10 0 0 0
26.003 14 FBW_STATUS 2 0 1 12.5 0.214834
26.003 14 GPS 3 36027163 481377326 823 251664 1054 34 0 17032960 31 0
26.102 14 GPS_SOL 699 699 699 7
26.203 14 WP_MOVED 10 360452.8125 4813581. 260. 31
26.236 14 NAVIGATION 4 0 -13.125 177.5 0. 177.984589 17 10 10 0 0 0
26.253 14 GPS 3 36027459 481377360 835 251647 1063 -13 0 17033239 31 0
26.303 14 ESTIMATOR 251.98967 -0.13
26.352 14 DESIRED 0.03574 0.018113 0. 57.894749 179.658325 260. 0.239304 13.
26.403 14 ATTITUDE 0.059015 1.728256 0.071687
26.452 14 CIRCLE 49.5 100.099998 80.
26.486 14 NAVIGATION 4 0 -10.15625 178. 0. 178.289505 17 10 10 0 0 0
26.503 14 GPS 3 36027716 481377386 841 251565 1076 -34 0 17033480 31 0
26.703 14 IR_SENSORS 0 0 35 -6 263
26.705 14 WP_MOVED 11 360169.5 4813757.5 260. 31
26.738 14 NAVIGATION 4 0 -7.59375 178.5 0. 178.661453 17 10 10 0 0 0
26.753 14 GPS 3 36027977 481377410 847 251440 1093 -60 0 17033719 31 0
26.803 14 NAVIGATION 4 0 -5. 178.5 0. 178.661453 17 10 10 0 0 0
26.803 14 ESTIMATOR 251.686249 -0.6
26.903 14 AIRSPEED 11.1 0. 0. 0.
26.903 14 ATTITUDE 0.032423 1.740183 0.033811
26.986 14 NAVIGATION 4 0 -5. 178.5 0. 178.570007 18 11 11 0 0 0
27.003 14 ENERGY 21 12.5 0.264524 3.306553 0.038277 0.478458
27.003 14 GPS 3 36028243 481377433 851 251288 1113 -83 0 17033960 31 0
27.086 14 COMMANDS 2134,24,-125,0
27.186 14 FBW_STATUS 2 0 1 12.5 0.28561
27.203 14 DL_VALUE 26 160.
27.204 14 WP_MOVED 12 360287.59375 4813581. 260. 31
27.236 14 NAVIGATION 4 0 -2.3125 179. 0. 179.014938 18 11 11 0 0 0
27.253 14 GPS 3 36028560 481377457 856 251091 1139 -65 0 17034239 31 0
27.302 14 COMMANDS 2243,51,-31,0
27.303 14 ESTIMATOR 251.220261 -0.65
27.403 14 STATE_FILTER_STATUS 2 3 301
27.403 14 DESIRED 0.035657 0.015392 0. 65.733475 178.435654 260. 0.255826 13.
27.404 14 ATTITUDE 0.024971 1.743747 0.014652
27.485 14 NAVIGATION 4 0 0.84375 179. 0. 179.001984 18 11 11 0 0 0
27.502 14 CIRCLE 49.5 100.099998 80.
27.503 14 GPS 3 36028838 481377477 858 250918 1159 -64 0 17034480 31 0
27.603 14 PPRZ_MODE 2 3 2 2 0 6
27.703 14 ALIVE 179,209,69,119,115,11,176,21,181,244,80,210,55,176,198,136
27.703 14 WP_MOVED 13 360311.5 4813547. 260. 31
27.736 14 NAVIGATION 4 0 3.65625 179. 0. 179.037338 18 11 11 0 0 0
27.753 14 GPS 3 36029120 481377496 861 250747 1179 -78 0 17034719 31 0
27.803 14 CALIBRATION 74.514969 0
27.804 14 NAVIGATION 4 0 6.4375 179.5 0. 179.037338 18 11 11 0 0 0
27.804 14 ESTIMATOR 250.832352 -0.78
27.903 14 IR_SENSORS 0 0 23 -8 264
27.903 14 AIRSPEED 11.1 0. 0. 0.
27.903 14 ATTITUDE 0.032538 1.744939 -0.000365
27.986 14 NAVIGATION 4 0 6.4375 179.5 0. 179.615402 19 12 12 0 0 0
28.003 14 DATALINK_REPORT 10 5 1002 535 0 0
28.004 14 FBW_STATUS 2 0 1 12.5 0.355206
28.005 14 GPS 3 36029407 481377514 865 250583 1198 -85 0 17034960 31 0
28.103 14 GPS_SOL 699 699 699 7
28.103 14 ENERGY 28 12.5 0.365417 4.567717 0.038855 0.485679
28.203 14 WP_MOVED 14 360300.6875 4813575.5 260. 31
28.236 14 NAVIGATION 4 0 9.34375 179.5 0. 179.743027 19 12 12 0 0 0
28.253 14 GPS 3 36029748 481377532 869 250409 1221 -75 0 17035239 31 0
28.303 14 ESTIMATOR 250.4104 -0.75
28.403 14 ATTITUDE 0.036323 1.749082 -0.004125
28.452 14 DESIRED 0.05029 0.018243 0. 74.449883 176.109894 260. 0.281299 13.
28.486 14 NAVIGATION 4 0 12.71875 180. 0. 180.448792 19 12 12 0 0 0
28.502 14 GPS 3 36030044 481377546 873 250276 1236 -65 0 17035480 31 0
28.503 14 SVINFO 4 11 1 4 48 81 223
28.557 14 CIRCLE 49.5 100.099998 80.
28.703 14 DL_VALUE 27 0.
28.703 14 WP_MOVED 15 360297.6875 4813554.5 260. 31
28.736 14 NAVIGATION 4 0 15.6875 180. 0. 180.682312 19 12 12 0 0 0
28.752 14 GPS 3 36030345 481377558 877 250163 1251 -44 0 17035719 31 0
28.803 14 NAVIGATION 4 0 18.6875 180. 0. 180.682312 19 12 12 0 0 0
28.803 14 ESTIMATOR 250.096909 -0.44
28.903 14 AIRSPEED 11.1 0. 0. 0.
28.903 14 ATTITUDE 0.047681 1.756031 -0.004125
28.972 14 WIND_INFO 14 5 -0. 2.7 0. 12.
28.986 14 NAVIGATION 4 0 18.6875 180. 0. 180.967468 20 13 13 0 0 0
29.003 14 GPS 3 36030648 481377568 882 250072 1265 -39 0 17035960 31 0
29.003 14 SVINFO 6 13 1 6 47 52 324
29.102 14 IR_SENSORS 0 0 23 -3 264
29.186 14 FBW_STATUS 2 0 1 12.5 0.451499
29.203 14 ENERGY 33 12.5 0.451499 5.643737 0.039612 0.495149
29.203 14 WP_MOVED 16 361184. 4813643. 260. 31
29.236 14 NAVIGATION 4 0 21.71875 180. 0. 181.305557 20 13 13 0 0 0
29.252 14 GPS 3 36031006 481377575 888 249993 1279 -16 0 17036239 31 0
29.303 14 ESTIMATOR 249.932266 -0.16
29.403 14 ATTITUDE 0.059044 1.759973 -0.000365
29.486 14 NAVIGATION 4 0 25.34375 180. 0. 181.775421 20 13 13 0 0 0
29.502 14 DESIRED 0.086432 0.023576 0. 87.277359 170.618591 260. 0.302032 13.
29.503 14 GPS 3 36031315 481377578 894 249949 1287 -18 0 17036480 31 0
29.602 14 CIRCLE 49.5 100.099998 80.
29.702 14 WP_MOVED 17 361184. 4813643. 260. 31
29.736 14 NAVIGATION 4 0 28.40625 180. 0. 182.227646 20 13 13 0 0 0
29.754 14 GPS 3 36031625 481377578 900 249928 1294 -18 0 17036719 31 0
29.803 14 NAVIGATION 4 0 31.5 180. 0. 182.227646 20 13 13 0 0 0
29.804 14 ESTIMATOR 249.878845 -0.18
29.903 14 CALIBRATION -23.02755 2
29.903 14 AIRSPEED 12. 0. 0. 0.
29.903 14 ATTITUDE 0.074195 1.77771 0.007149
29.986 14 NAVIGATION 4 0 31.5 180. 0. 182.735458 21 14 14 0 0 0
30.003 14 FBW_STATUS 2 0 1 12.5 0.494807
30.003 14 GPS 3 36031938 481377574 908 249927 1301 -11 0 17036960 31 0
30.103 14 GPS_SOL 697 697 697 7
30.202 14 DL_VALUE 28 0.32
30.203 14 WP_MOVED 18 360289. 4813605. 220. 31
30.236 14 NAVIGATION 4 0 34.625 180. 0. 183.300003 21 14 14 0 0 0
30.253 14 GPS 3 36032303 481377563 918 249952 1307 7 0 17037239 31 0
30.303 14 IR_SENSORS 0 0 27 7 264
30.303 14 ENERGY 36 12.5 0.506313 6.328907 0.040494 0.506164
30.303 14 ESTIMATOR 249.861572 0.07
30.403 14 ATTITUDE 0.093126 1.805693 0.014652
30.486 14 NAVIGATION 4 0 38.28125 180. 0. 184.025681 21 14 14 0 0 0
30.503 14 GPS 3 36032618 481377548 927 249993 1311 14 0 17037480 31 0
30.503 14 SVINFO 5 12 1 5 47 85 274
30.561 14 DESIRED 0.122168 0.029245 0. 97.653412 163.98465 260. 0.304153 13.
30.653 14 CIRCLE 49.5 100.099998 80.
30.702 14 WP_MOVED 19 360289. 4813610. 500. 31
30.736 14 NAVIGATION 4 0 41.40625 180. 0. 184.70105 21 14 14 0 0 0
30.753 14 GPS 3 36032932 481377527 937 250051 1313 34 0 17037719 31 0
30.803 14 NAVIGATION 4 0 44.5625 180. 0. 184.70105 21 14 14 0 0 0
30.803 14 ESTIMATOR 249.971024 0.34
30.903 14 AIRSPEED 12. 0. 0. 0.
30.904 14 ATTITUDE 0.112035 1.836253 0.022143
30.987 14 NAVIGATION 4 0 44.5625 180. 0. 185.434128 22 15 15 0 0 0
31.002 14 GPS 3 36033247 481377500 948 250124 1314 28 0 17037960 31 0
31.186 14 FBW_STATUS 2 0 1 12.5 0.500013
31.203 14 WP_MOVED 20 360289. 4813620. 300. 31
31.236 14 NAVIGATION 4 0 47.71875 179.5 0. 185.734558 22 15 15 0 0 0
31.252 14 GPS 3 36033612 481377460 963 250223 1313 51 0 17038239 31 0
31.302 14 ESTIMATOR 250.16391 0.51
31.305 14 BLOCK 15 14
31.306 14 NAVIGATION 15 0 51.375 179. 0. 185.734558 22 0 0 0 0 0
31.404 14 AUTOPILOT_VERSION 51500 v5.15_devel-179-g9a29798-dirty
31.404 14 ENERGY 35 12.5 0.490866 6.13582 0.041419 0.517726
31.404 14 ATTITUDE 0.127381 1.879565 0.030063
31.486 14 NAVIGATION 15 1 51.375 179. 2286.002197 186.226715 22 0 0 0 0 0
31.502 14 IR_SENSORS 0 0 31 19 263
31.502 14 GPS 3 36033924 481377419 976 250318 1311 60 0 17038480 31 0
31.602 14 DESIRED 0.495152 -0.235549 0. -1500. -1500. 200. -1.504917 13.
31.702 14 DL_VALUE 29 0.
31.703 14 WP_MOVED 21 360289. 4813625. 400. 31
31.735 14 NAVIGATION 15 1 54.5 178.5 2287.75708 186.634674 22 0 0 0 0 0
31.753 14 GPS 3 36034233 481377369 990 250414 1304 46 0 17038719 31 0
31.753 14 SVINFO 3 10 1 3 48 48 175
31.803 14 NAVIGATION 15 1 57.5625 178.5 2287.75708 186.634674 22 0 0 0 0 0
31.803 14 ESTIMATOR 250.443085 0.46
31.903 14 AIRSPEED 12. 0. 0. 0.
31.903 14 ATTITUDE 0.214905 1.924494 0.015815
31.985 14 NAVIGATION 15 1 57.5625 178.5 2289.839111 187.551834 23 1 1 0 0 0
32.002 14 CALIBRATION -33.537708 1
32.002 14 FBW_STATUS 2 0 1 12.5 0.10799
32.003 14 GPS 3 36034535 481377311 1010 250487 1281 30 0 17038960 31 0
32.086 14 COMMANDS 852,1774,-2695,0
32.102 14 NAVIGATION_REF 360284 4813595 31 185.
32.102 14 GPS_SOL 694 694 694 7
32.203 14 WP_MOVED 22 360289. 4813645. 250. 31
32.236 14 NAVIGATION 15 1 60.625 177.5 2291.191162 187.567703 23 1 1 0 0 0
32.253 14 GPS 3 36034873 481377227 1044 250488 1236 -5 0 17039239 31 0
32.303 14 COMMANDS 852,1288,-2366,0
32.303 14 ESTIMATOR 250.580185 -0.05
32.403 14 STATE_FILTER_STATUS 2 3 339
32.403 14 ATTITUDE 0.334385 2.020853 -0.03633
32.486 14 NAVIGATION 15 1 63.96875 176.5 2292.738525 187.734528 23 1 1 0 0 0
32.502 14 ENERGY 8 12.5 0.091552 1.144399 0.041824 0.522788
32.503 14 GPS 3 36035149 481377138 1077 250380 1210 -69 0 17039480 31 0
32.503 14 SVINFO 6 13 1 6 46 46 326
32.602 14 PPRZ_MODE 2 3 2 0 0 6
32.653 14 DESIRED 0.446224 -0.208699 0. -1500. -1500. 200. -1.517406 13.
32.703 14 ALIVE 179,209,69,119,115,11,176,21,181,244,80,210,55,176,198,136
32.704 14 IR_SENSORS 0 0 3 88 250
32.704 14 WP_MOVED 0 360326. 4813637. 260. 31
32.736 14 NAVIGATION 15 1 66.71875 176. 2294.250244 188.221649 23 1 1 0 0 0
32.753 14 GPS 3 36035415 481377031 1121 250156 1193 -113 0 17039719 31 0
32.802 14 NAVIGATION 15 1 69.40625 174.5 2294.250244 188.221649 23 1 1 0 0 0
32.803 14 ESTIMATOR 250.297958 -1.13
32.903 14 AIRSPEED 12. 0. 0. 0.
32.904 14 ATTITUDE 0.428654 2.14756 -0.099363
32.986 14 NAVIGATION 15 1 69.40625 174.5 2294.991455 187.796371 24 2 2 0 0 0
33.004 14 GPS 3 36035668 481376901 1171 249814 1187 -178 0 17039960 31 0
33.103 14 DATALINK_REPORT 2 7 1127 546 0 0
33.186 14 FBW_STATUS 2 0 1 12.5 0.091552
33.203 14 DL_VALUE 30 0.01
33.203 14 WP_MOVED 1 360284. 4813595. 260. 31
33.236 14 NAVIGATION 15 1 71.9375 173.5 2295.994385 187.822403 24 2 2 0 0 0
33.252 14 GPS 3 36035948 481376719 1238 249277 1193 -234 0 17040239 31 0
33.253 14 SVINFO 2 9 0 2 48 10 126
33.302 14 ESTIMATOR 249.45665 -2.34
33.403 14 ATTITUDE 0.453849 2.327043 -0.156543
33.488 14 NAVIGATION 15 1 74.71875 171.5 2296.443115 187.069885 24 2 2 0 0 0
33.504 14 GPS 3 36036173 481376538 1289 248715 1204 -273 0 17040480 31 0
33.603 14 ENERGY 8 12.5 0.091552 1.144399 0.041992 0.524885
33.703 14 DESIRED 0.41927 -0.203088 0. -1500. -1500. 200. -1.483699 13.
33.703 14 WP_MOVED 2 360333.5 4813695. 260. 31
33.735 14 NAVIGATION 15 1 76.96875 170. 2296.895752 186.612396 24 2 2 0 0 0
33.753 14 GPS 3 36036383 481376333 1343 248075 1220 -319 0 17040719 31 0
33.753 14 SVINFO 4 11 1 4 47 86 226
33.804 14 NAVIGATION 15 1 79.09375 167.5 2296.895752 186.612396 24 2 2 0 0 0
33.807 14 ESTIMATOR 248.129944 -3.19
33.903 14 IR_SENSORS 0 0 -28 98 245
33.903 14 AIRSPEED 12. 0. 0. 0.
33.903 14 ATTITUDE 0.443338 2.480845 -0.201058
33.986 14 NAVIGATION 15 1 79.09375 167.5 2296.539307 185.235168 25 3 3 0 0 0
34.004 14 FBW_STATUS 2 0 1 12.5 0.091552
34.004 14 GPS 3 36036576 481376106 1395 247373 1239 -349 0 17040960 31 0
34.005 14 SVINFO 5 12 0 5 46 82 276
34.103 14 CALIBRATION -33.537708 1
34.103 14 GPS_SOL 690 690 690 7
34.203 14 WP_MOVED 3 360294.09375 4813785. 260. 31
34.236 14 NAVIGATION 15 1 81. 165.5 2296.399658 184.258652 25 3 3 0 0 0
34.253 14 GPS 3 36036778 481375817 1458 246496 1264 -356 0 17041239 31 0
34.302 14 ESTIMATOR 246.47699 -3.56
34.403 14 ATTITUDE 0.432738 2.647385 -0.225161
34.486 14 NAVIGATION 15 1 83. 162.5 2295.603516 182.469864 25 3 3 0 0 0
34.503 14 GPS 3 36036930 481375550 1503 245707 1282 -378 0 17041480 31 0
34.703 14 DL_VALUE 31 0.1
34.703 14 ENERGY 8 12.5 0.091552 1.144399 0.04216 0.526982
34.703 14 WP_MOVED 4 360416.3125 4813734. 260. 31
34.736 14 NAVIGATION 15 1 84.53125 160. 2294.850586 180.95726 25 3 3 0 0 0
34.753 14 DESIRED 0.458525 -0.204554 0. -1500. -1500. 200. -1.368535 13.
34.754 14 GPS 3 36037061 481375266 1551 244896 1300 -377 0 17041719 31 0
34.803 14 NAVIGATION 15 1 85.84375 157. 2294.850586 180.95726 25 3 3 0 0 0
34.803 14 ESTIMATOR 244.730209 -3.77
34.903 14 AIRSPEED 12. 0. 0. 0.
34.903 14 ATTITUDE 0.439815 2.78158 -0.237154
34.986 14 NAVIGATION 15 1 85.84375 157. 2293.588867 178.936157 26 4 4 0 0 0
35.002 14 GPS 3 36037170 481374969 1599 244071 1317 -382 0 17041960 31 0
35.102 14 IR_SENSORS 0 0 -37 98 244
35.186 14 FBW_STATUS 2 0 1 12.5 0.091552
35.203 14 WP_MOVED 5 360421. 4813583.5 260. 31
35.237 14 NAVIGATION 15 1 86.9375 154.5 2292.540283 177.280502 26 4 4 0 0 0
35.254 14 GPS 3 36037265 481374608 1659 243103 1335 -376 0 17042239 31 0
35.255 14 SVINFO 3 10 1 3 47 54 177
35.303 14 ESTIMATOR 242.956314 -3.76
35.403 14 ATTITUDE 0.448275 2.937737 -0.237759
35.486 14 NAVIGATION 15 1 87.875 150.5 2290.304932 174.276413 26 4 4 0 0 0
35.503 14 GPS 3 36037319 481374290 1703 242276 1346 -368 0 17042480 31 0
35.703 14 WP_MOVED 6 360164.8125 4813664.5 260. 31
35.736 14 NAVIGATION 15 1 88.4375 147.5 2288.534424 171.980927 26 4 4 0 0 0
35.753 14 GPS 3 36037346 481373965 1752 241459 1357 -374 0 17042719 31 0
35.803 14 ENERGY 8 12.5 0.091552 1.144399 0.042327 0.529079
35.803 14 DESIRED 0.428532 -0.202939 0. -1500. -1500. 200. -1.262492 13.
35.803 14 NAVIGATION 15 1 88.6875 144. 2288.534424 171.980927 26 4 4 0 0 0
35.804 14 ESTIMATOR 241.239136 -3.74
35.902 14 AIRSPEED 12. 0. 0. 0.
35.903 14 ATTITUDE 0.448275 3.071789 -0.229737
35.986 14 NAVIGATION 15 1 88.6875 144. 2286.189941 169.119705 27 5 5 0 0 0
36.004 14 FBW_STATUS 2 0 1 12.5 0.091552
36.004 14 GPS 3 36037347 481373637 1799 240659 1365 -363 0 17042960 31 0
36.005 14 SVINFO 6 13 1 6 45 40 328
36.103 14 GPS_SOL 685 685 685 7
36.202 14 CALIBRATION -33.537708 1
36.203 14 DL_VALUE 32 0.
36.203 14 WP_MOVED 7 360558.40625 4813804.5 260. 31
36.236 14 NAVIGATION 15 1 88.71875 141. 2284.055176 166.589355 27 5 5 0 0 0
36.253 14 GPS 3 36037313 481373255 1858 239750 1372 -320 0 17043239 31 0
36.303 14 IR_SENSORS 0 0 -33 96 245
36.303 14 ESTIMATOR 239.555222 -3.2
36.404 14 ATTITUDE 0.431367 3.226846 -0.216621
36.486 14 NAVIGATION 15 1 88.375 137. 2280.943604 163.031097 27 5 5 0 0 0
36.503 14 GPS 3 36037255 481372930 1900 238998 1374 -318 0 17043480 31 0
36.503 14 SVINFO 1 8 1 1 48 0 78
36.703 14 WP_MOVED 8 358784. 4812095. 200. 31
36.736 14 NAVIGATION 15 1 87.8125 134. 2278.399658 160.209351 27 5 5 0 0 0
36.753 14 GPS 3 36037173 481372610 1943 238271 1375 -304 0 17043719 31 0
36.803 14 NAVIGATION 15 1 86.96875 130.5 2278.399658 160.209351 27 5 5 0 0 0
36.803 14 ESTIMATOR 238.086472 -3.04
36.852 14 DESIRED 0.321214 -0.209316 0. -1500. -1500. 200. -1.164529 13.
36.902 14 ENERGY 8 12.5 0.091552 1.144399 0.042495 0.531175
36.903 14 AIRSPEED 12. 0. 0. 0.
36.903 14 ATTITUDE 0.38698 3.351425 -0.206695
36.986 14 NAVIGATION 15 1 86.96875 130.5 2275.302246 156.824142 28 6 6 0 0 0
37.002 14 GPS 3 36037069 481372297 1984 237570 1375 -283 0 17043960 31 0
37.087 14 COMMANDS 852,-623,-115,0
37.186 14 FBW_STATUS 2 0 1 12.5 0.091552
37.203 14 WP_MOVED 9 360312.8125 4813652. 185. 31
37.237 14 NAVIGATION 15 1 85.9375 127.5 2272.433594 153.757935 28 6 6 0 0 0
37.254 14 GPS 3 36036921 481371942 2032 236781 1372 -271 0 17044239 31 0
37.254 14 SVINFO 4 11 0 4 46 88 228
37.302 14 COMMANDS 852,-711,-149,0
37.302 14 ESTIMATOR 236.707153 -2.71
37.403 14 STATE_FILTER_STATUS 2 3 354
37.403 14 ATTITUDE 0.330742 3.481532 -0.200505
37.486 14 NAVIGATION 15 1 84.4375 124. 2268.880371 150.018967 28 6 6 0 0 0
37.502 14 IR_SENSORS 0 0 -29 65 256
37.502 14 GPS 3 36036775 481371648 2064 236125 1369 -269 0 17044480 31 0
37.503 14 SVINFO 5 12 1 5 45 78 278
37.604 14 PPRZ_MODE 2 3 2 0 0 6
37.702 14 ALIVE 179,209,69,119,115,11,176,21,181,244,80,210,55,176,198,136
37.703 14 DL_VALUE 33 0.15
37.703 14 WP_MOVED 10 360452.8125 4813581. 260. 31
37.736 14 NAVIGATION 15 1 83. 121. 2265.729492 146.731049 28 6 6 0 0 0
37.753 14 GPS 3 36036613 481371363 2095 235485 1365 -276 0 17044719 31 0
37.753 14 SVINFO 6 13 1 6 44 37 329
37.803 14 NAVIGATION 15 1 81.375 118. 2265.729492 146.731049 28 6 6 0 0 0
37.803 14 ESTIMATOR 235.408249 -2.76
37.903 14 DESIRED 0.179017 -0.223203 0. -1500. -1500. 200. -1.081625 13.
37.903 14 AIRSPEED 12. 0. 0. 0.
37.903 14 ATTITUDE 0.257256 3.574095 -0.198771
37.986 14 NAVIGATION 15 1 81.375 118. 2262.447998 143.338379 29 7 7 0 0 0
38.003 14 FBW_STATUS 2 0 1 12.5 0.091552
38.003 14 ENERGY 8 12.5 0.091552 1.144399 0.042663 0.533272
38.004 14 GPS 3 36036438 481371086 2123 234854 1361 -277 0 17044960 31 0
38.004 14 SVINFO 0 7 0 0 48 24 29
38.102 14 GPS_SOL 678 678 678 7
38.203 14 DATALINK_REPORT 7 7 1252 530 0 0
38.203 14 WP_MOVED 11 360169.5 4813757.5 260. 31
38.237 14 NAVIGATION 15 1 79.65625 115. 2259.101318 139.893234 29 7 7 0 0 0
38.252 14 GPS 3 36036221 481370775 2152 234122 1356 -273 0 17045239 31 0
38.302 14 CALIBRATION -33.537708 1
38.302 14 ESTIMATOR 234.076431 -2.73
38.403 14 ATTITUDE 0.188126 3.658719 -0.20504
38.486 14 NAVIGATION 15 1 77.4375 112.5 2255.762695 136.575317 29 7 7 0 0 0
38.503 14 GPS 3 36036025 481370516 2171 233494 1353 -282 0 17045480 31 0
38.503 14 SVINFO 2 9 1 2 47 17 129
38.703 14 IR_SENSORS 0 0 -32 23 262
38.703 14 WP_MOVED 12 360287.59375 4813581. 260. 31
38.735 14 NAVIGATION 15 1 75.5 110. 2252.620605 133.417572 29 7 7 0 0 0
38.753 14 GPS 3 36035822 481370263 2188 232859 1350 -293 0 17045719 31 0
38.754 14 SVINFO 3 10 0 3 46 60 179
38.803 14 NAVIGATION 15 1 73.5 107. 2252.620605 133.417572 29 7 7 0 0 0
38.803 14 ESTIMATOR 232.75177 -2.93
38.903 14 AIRSPEED 12. 0. 0. 0.
38.904 14 ATTITUDE 0.119804 3.71097 -0.212089
38.952 14 DESIRED 0.072281 -0.237915 0. -1500. -1500. 200. -1.00259 13.
38.974 14 WIND_INFO 14 5 -0.7 0.6 0. 13.6
38.986 14 NAVIGATION 15 1 73.5 107. 2249.077881 129.812363 30 8 8 0 0 0
39.002 14 GPS 3 36035613 481370016 2202 232214 1348 -287 0 17045960 31 0
39.103 14 ENERGY 8 12.5 0.091552 1.144399 0.042831 0.535369
39.186 14 FBW_STATUS 2 0 1 12.5 0.091552
39.202 14 DL_VALUE 34 0.05
39.203 14 WP_MOVED 13 360311.5 4813547. 260. 31
39.235 14 NAVIGATION 15 1 71.375 104.5 2245.804932 126.548965 30 8 8 0 0 0
39.253 14 GPS 3 36035363 481369733 2214 231445 1347 -291 0 17046239 31 0
39.302 14 ESTIMATOR 231.375809 -2.91
39.403 14 ATTITUDE 0.066634 3.797456 -0.223303
39.486 14 NAVIGATION 15 1 68.875 102. 2242.269531 123.076256 30 8 8 0 0 0
39.503 14 GPS 3 36035146 481369493 2221 230771 1348 -301 0 17046480 31 0
39.703 14 WP_MOVED 14 360300.6875 4813575.5 260. 31
39.736 14 NAVIGATION 15 1 66.6875 99.5 2238.952881 119.780937 30 8 8 0 0 0
39.752 14 GPS 3 36034926 481369255 2227 230080 1349 -312 0 17046719 31 0
39.802 14 NAVIGATION 15 1 64.53125 97. 2238.952881 119.780937 30 8 8 0 0 0
39.803 14 ESTIMATOR 229.966599 -3.12
39.903 14 IR_SENSORS 0 0 -39 -6 262
39.903 14 AIRSPEED 13.6 0. 0. 0.
39.904 14 ATTITUDE 0.039935 3.819774 -0.235036
39.986 14 NAVIGATION 15 1 64.53125 97. 2235.657959 116.504433 31 9 9 0 0 0
40.004 14 FBW_STATUS 2 0 1 12.5 0.091552
40.004 14 DESIRED 0.016278 -0.246237 0. -1500. -1500. 200. -0.898998 13.
40.005 14 GPS 3 36034704 481369019 2232 229373 1351 -306 0 17046960 31 0
40.006 14 SVINFO 1 8 1 1 47 0 80
40.102 14 GPS_SOL 670 670 670 7
40.203 14 ENERGY 8 12.5 0.091552 1.144399 0.042999 0.537466
40.204 14 WP_MOVED 15 360297.6875 4813554.5 260. 31
40.236 14 NAVIGATION 15 1 62.28125 94.5 2232.297607 113.177757 31 9 9 0 0 0
40.253 14 GPS 3 36034443 481368744 2236 228529 1354 -316 0 17047239 31 0
40.302 14 ESTIMATOR 228.484833 -3.16
40.403 14 CALIBRATION -33.537708 1
40.403 14 ATTITUDE 0.024682 3.834877 -0.242496
40.487 14 NAVIGATION 15 1 59.6875 92. 2228.696777 109.665848 31 9 9 0 0 0
40.503 14 GPS 3 36034217 481368509 2238 227791 1358 -295 0 17047480 31 0
40.702 14 DL_VALUE 35 0.
40.702 14 WP_MOVED 16 361184. 4813643. 260. 31
40.737 14 NAVIGATION 15 1 57.40625 89.5 2225.314453 106.328392 31 9 9 0 0 0
40.753 14 GPS 3 36033990 481368274 2240 227040 1361 -304 0 17047719 31 0
40.753 14 SVINFO 4 11 1 4 45 89 230
40.803 14 NAVIGATION 15 1 55.15625 87.5 2225.314453 106.328392 31 9 9 0 0 0
40.803 14 ESTIMATOR 226.996979 -3.04
40.903 14 AIRSPEED 13.6 0. 0. 0.
40.903 14 ATTITUDE 0.013254 3.842176 -0.249938
40.985 14 NAVIGATION 15 1 55.15625 87.5 2222.311279 103.433372 32 10 10 0 0 0
41.003 14 GPS 3 36033762 481368039 2241 226280 1365 -305 0 17047960 31 0
41.004 14 SVINFO 5 12 1 5 44 73 280
41.053 14 DESIRED 0.003984 -0.249016 0. -1500. -1500. 200. -0.809909 13.
41.103 14 NAVIGATION_REF 360284 4813595 31 185.
41.103 14 IR_SENSORS 0 0 -43 -14 261
41.186 14 FBW_STATUS 2 0 1 12.5 0.091552
41.202 14 WP_MOVED 17 361184. 4813643. 260. 31
41.237 14 NAVIGATION 15 1 52.84375 85. 2218.907227 100.087273 32 10 10 0 0 0
41.253 14 GPS 3 36033494 481367764 2242 225384 1370 -293 0 17048239 31 0
41.254 14 SVINFO 6 13 0 6 43 31 331
41.302 14 ENERGY 8 12.5 0.091552 1.144399 0.043167 0.539562
41.302 14 ESTIMATOR 225.459488 -2.93
41.403 14 ATTITUDE 0.005424 3.846527 -0.254278
41.486 14 NAVIGATION 15 1 50.21875 82.5 2215.28418 96.582466 32 10 10 0 0 0
41.503 14 GPS 3 36033264 481367528 2242 224610 1373 -316 0 17048480 31 0
41.703 14 WP_MOVED 18 360289. 4813605. 220. 31
41.736 14 NAVIGATION 15 1 47.875 79.5 2211.500977 92.802292 32 10 10 0 0 0
41.753 14 GPS 3 36033033 481367292 2243 223832 1377 -302 0 17048719 31 0
41.803 14 NAVIGATION 15 1 45.5625 77.5 2211.500977 92.802292 32 10 10 0 0 0
41.804 14 ESTIMATOR 223.887711 -3.02
41.903 14 AIRSPEED 13.6 0. 0. 0.
41.903 14 ATTITUDE 0.001606 3.848487 -0.254278
41.986 14 NAVIGATION 15 1 45.5625 77.5 2208.454102 89.901009 33 11 11 0 0 0
42.002 14 FBW_STATUS 2 0 1 12.5 0.091552
42.002 14 GPS 3 36032801 481367055 2243 223053 1380 -304 0 17048960 31 0
42.003 14 SVINFO 2 9 1 2 46 22 131
42.091 14 COMMANDS 852,-7,53,0
42.102 14 GPS_SOL 661 661 661 7
42.102 14 DESIRED 0.000641 -0.249833 0. -1500. -1500. 200. -0.716631 13.
42.204 14 DL_VALUE 36 0.
42.204 14 WP_MOVED 19 360289. 4813610. 500. 31
42.236 14 NAVIGATION 15 1 43.25 75. 2205.050049 86.57692 33 11 11 0 0 0
42.253 14 GPS 3 36032530 481366778 2243 222143 1383 -279 0 17049239 31 0
42.254 14 SVINFO 3 10 1 3 45 66 181
42.303 14 COMMANDS 852,-7,53,0
42.303 14 IR_SENSORS 0 0 -44 -16 261
42.303 14 ESTIMATOR 222.298508 -2.79
42.402 14 STATE_FILTER_STATUS 2 3 321
42.403 14 ENERGY 8 12.5 0.091552 1.144399 0.043335 0.541659
42.403 14 ATTITUDE 0.001606 3.849773 -0.254278
42.486 14 NAVIGATION 15 1 40.53125 72.5 2201.361572 83.06041 33 11 11 0 0 0
42.502 14 AUTOPILOT_VERSION 51500 v5.15_devel-179-g9a29798-dirty
42.502 14 CALIBRATION -33.537708 1
42.502 14 GPS 3 36032297 481366540 2244 221365 1385 -275 0 17049480 31 0
42.503 14 SVINFO 4 11 1 4 44 89 231
42.602 14 PPRZ_MODE 2 3 2 0 0 6
42.703 14 ALIVE 179,209,69,119,115,11,176,21,181,244,80,210,55,176,198,136
42.704 14 WP_MOVED 20 360289. 4813620. 300. 31
42.736 14 NAVIGATION 15 1 38.21875 70. 2197.95752 79.75383 33 11 11 0 0 0
42.753 14 GPS 3 36032064 481366303 2244 220589 1387 -276 0 17049719 31 0
42.803 14 NAVIGATION 15 1 35.875 67.5 2197.95752 79.75383 33 11 11 0 0 0
42.803 14 ESTIMATOR 220.785095 -2.76
42.902 14 AIRSPEED 13.6 0. 0. 0.
42.903 14 ATTITUDE 0.001606 3.850672 -0.254278
42.986 14 NAVIGATION 15 1 35.875 67.5 2194.531494 76.441254 34 12 12 0 0 0
43.002 14 GPS 3 36031830 481366065 2244 219816 1389 -278 0 17049960 31 0
43.003 14 SVINFO 6 13 1 6 42 28 332
43.152 14 DESIRED -0.000303 -0.249833 0. -1500. -1500. 200. -0.623553 13.
43.185 14 FBW_STATUS 2 0 1 12.5 0.091552
43.202 14 WP_MOVED 21 360289. 4813625. 400. 31
43.236 14 NAVIGATION 15 1 33.5625 65.5 2191.484375 73.598175 34 12 12 0 0 0
43.253 14 GPS 3 36031558 481365787 2244 218918 1390 -304 0 17050239 31 0
43.254 14 SVINFO 0 7 0 0 47 16 32
43.303 14 DATALINK_REPORT 5 8 1380 548 0 0
43.304 14 ESTIMATOR 219.222946 -3.04
43.403 14 ATTITUDE 0.001606 3.851184 -0.250551
43.486 14 NAVIGATION 15 1 30.84375 62.5 2187.438965 69.696388 34 12 12 0 0 0
43.503 14 IR_SENSORS 0 0 -43 -17 261
43.503 14 ENERGY 10 12.5 0.091552 1.144399 0.043503 0.543756
43.503 14 GPS 3 36031324 481365548 2244 218152 1391 -321 0 17050480 31 0
43.703 14 DL_VALUE 37 0.
43.703 14 WP_MOVED 22 360289. 4813645. 250. 31
43.736 14 NAVIGATION 15 1 28.5 60. 2184.012939 66.424767 34 12 12 0 0 0
43.752 14 GPS 3 36031090 481365310 2244 217389 1392 -317 0 17050719 31 0
43.804 14 NAVIGATION 15 1 26.125 57.5 2184.012939 66.424767 34 12 12 0 0 0
43.804 14 ESTIMATOR 217.531372 -3.17
43.903 14 AIRSPEED 13.6 0. 0. 0.
43.903 14 ATTITUDE -0.00221 3.850972 -0.250551
43.987 14 NAVIGATION 15 1 26.125 57.5 2180.565186 63.156673 35 13 13 0 0 0
44.002 14 FBW_STATUS 2 0 1 12.5 0.129416
44.003 14 GPS 3 36030856 481365071 2244 216631 1395 -306 0 17050960 31 0
44.104 14 GPS_SOL 651 651 651 7
44.203 14 DESIRED -0.000313 -0.194572 0. -1500. -1500. 200. -0.525941 13.
44.204 14 WP_MOVED 0 360326. 4813637. 260. 31
44.236 14 NAVIGATION 15 1 23.8125 55. 2177.160889 59.93359 35 13 13 0 0 0
44.253 14 GPS 3 36030581 481364790 2243 215759 1401 -291 0 17051239 31 0
44.302 14 ESTIMATOR 215.898102 -2.91
44.403 14 ATTITUDE -0.001963 3.850593 -0.238768
44.486 14 NAVIGATION 15 1 21.0625 52.5 2173.450684 56.567471 35 13 13 0 0 0
44.503 14 GPS 3 36030345 481364549 2243 215030 1407 -287 0 17051480 31 0
44.504 14 SVINFO 5 12 1 5 43 68 282
44.606 14 CALIBRATION -72.076797 2
44.607 14 ENERGY 17 12.5 0.210006 2.625071 0.04377 0.547098
44.703 14 IR_SENSORS 0 0 -37 -17 262
44.703 14 WP_MOVED 1 360284. 4813595. 260. 31
44.736 14 NAVIGATION 15 1 18.6875 50. 2170.002686 53.378109 35 13 13 0 0 0
44.752 14 GPS 3 36030107 481364306 2243 214327 1414 -264 0 17051719 31 0
44.803 14 NAVIGATION 15 1 16.34375 47.5 2170.002686 53.378109 35 13 13 0 0 0
44.804 14 ESTIMATOR 214.39389 -2.64
44.902 14 AIRSPEED 13.6 0. 0. 0.
44.903 14 ATTITUDE -0.001717 3.850363 -0.215831
44.986 14 NAVIGATION 15 1 16.34375 47.5 2166.57666 50.233139 36 14 14 0 0 0
45.003 14 GPS 3 36029869 481364062 2243 213659 1422 -244 0 17051960 31 0
45.186 14 FBW_STATUS 2 0 1 12.5 0.288168
45.203 14 DL_VALUE 38 0.
45.203 14 WP_MOVED 2 360333.5 4813695. 260. 31
45.235 14 NAVIGATION 15 1 13.9375 45. 2163.106934 47.108959 36 14 14 0 0 0
45.253 14 DESIRED 0.001131 -0.105581 0. -1500. -1500. 200. -0.41144 13.
45.254 14 GPS 3 36029589 481363775 2243 212938 1432 -234 0 17052239 31 0
45.254 14 SVINFO 1 8 1 1 46 0 83
45.302 14 ESTIMATOR 213.061859 -2.34
45.403 14 ATTITUDE 0.0023 3.850719 -0.185435
45.486 14 NAVIGATION 15 1 11.125 42.5 2159.353027 43.931942 36 14 14 0 0 0
45.503 14 GPS 3 36029347 481363528 2243 212380 1439 -216 0 17052480 31 0
45.503 14 SVINFO 2 9 1 2 45 28 133
45.703 14 ENERGY 28 12.5 0.379577 4.74471 0.0443 0.553718
45.703 14 WP_MOVED 3 360294.09375 4813785. 260. 31
45.736 14 NAVIGATION 15 1 8.71875 39.5 2155.526123 40.450794 36 14 14 0 0 0
45.754 14 GPS 3 36029105 481363279 2243 211885 1446 -192 0 17052719 31 0
45.754 14 SVINFO 3 10 1 3 44 71 183
45.803 14 NAVIGATION 15 1 6.28125 37. 2155.526123 40.450794 36 14 14 0 0 0
45.804 14 ESTIMATOR 211.905075 -1.92
45.903 14 IR_SENSORS 0 0 -16 -16 264
45.903 14 AIRSPEED 13.6 0. 0. 0.
45.904 14 ATTITUDE 0.0023 3.851413 -0.147798
45.986 14 NAVIGATION 15 1 6.28125 37. 2152.034424 37.529377 37 15 15 0 0 0
46.002 14 FBW_STATUS 2 0 1 12.5 0.41736
46.003 14 GPS 3 36028861 481363030 2243 211461 1452 -164 0 17052960 31 0
46.003 14 SVINFO 4 11 1 4 43 89 233
46.104 14 GPS_SOL 640 640 640 7
46.203 14 WP_MOVED 4 360416.3125 4813734. 260. 31
46.236 14 NAVIGATION 15 1 3.84375 35. 2148.899902 35.21043 37 15 15 0 0 0
46.254 14 GPS 3 36028576 481362738 2243 211058 1456 -130 0 17053239 31 0
46.254 14 SVINFO 5 12 1 5 42 65 283
46.303 14 DESIRED 0.000953 -0.050286 0. -1500. -1500. 200. -0.34303 13.
46.303 14 ESTIMATOR 211.03299 -1.3
46.403 14 ATTITUDE 0.002528 3.851957 -0.106132
46.486 14 NAVIGATION 15 1 1. 32. 2144.766846 32.015621 37 15 15 0 0 0
46.502 14 GPS 3 36028332 481362488 2243 210793 1457 -99 0 17053480 31 0
46.503 14 SVINFO 6 13 1 6 41 22 334
46.702 14 CALIBRATION -150. 2
46.703 14 DL_VALUE 39 0.
46.703 14 WP_MOVED 5 360421. 4813583.5 260. 31
46.736 14 NAVIGATION 15 1 -1.4375 29.5 2141.275391 29.535004 37 15 15 0 0 0
46.752 14 GPS 3 36028088 481362238 2243 210599 1454 -49 0 17053719 31 0
46.753 14 SVINFO 0 7 0 0 46 12 34
46.803 14 ENERGY 35 12.5 0.49409 6.17612 0.045123 0.564005
46.803 14 NAVIGATION 15 1 -3.875 27. 2141.275391 29.535004 37 15 15 0 0 0
46.803 14 ESTIMATOR 210.512329 -0.49
46.902 14 AIRSPEED 13.6 0. 0. 0.
46.903 14 ATTITUDE 0.002528 3.851648 -0.072173
46.987 14 NAVIGATION 15 1 -3.875 27. 2137.783691 27.276649 38 16 16 0 0 0
47.003 14 GPS 3 36027845 481361990 2243 210471 1448 -38 0 17053960 31 0
47.003 14 SVINFO 1 8 0 1 45 1 84
47.100 14 COMMANDS 3467,-9,400,0
47.103 14 IR_SENSORS 0 0 8 -16 265
47.186 14 FBW_STATUS 2 0 1 12.5 0.504691
47.203 14 WP_MOVED 6 360164.8125 4813664.5 260. 31
47.235 14 NAVIGATION 15 1 -6.3125 24.5 2134.291992 25.300152 38 16 16 0 0 0
47.252 14 GPS 3 36027563 481361701 2243 210395 1438 -14 0 17054239 31 0
47.302 14 COMMANDS 3476,-11,249,0
47.303 14 ESTIMATOR 210.336075 -0.14
47.352 14 DESIRED 0.000999 -0.024979 0. -1500. -1500. 200. -0.312321 13.
47.403 14 STATE_FILTER_STATUS 2 3 294
47.403 14 ATTITUDE 0.002528 3.851144 -0.038249
47.486 14 NAVIGATION 15 1 -9.125 21.5 2130.180908 23.356276 38 16 16 0 0 0
47.502 14 GPS 3 36027323 481361456 2243 210384 1429 -9 0 17054480 31 0
47.615 14 PPRZ_MODE 2 3 2 0 0 6
47.702 14 ALIVE 179,209,69,119,115,11,176,21,181,244,80,210,55,176,198,136
47.702 14 WP_MOVED 7 360558.40625 4813804.5 260. 31
47.736 14 NAVIGATION 15 1 -11.5 19. 2126.73291 22.209232 38 16 16 0 0 0
47.752 14 GPS 3 36027086 481361212 2243 210413 1417 22 0 17054719 31 0
47.803 14 NAVIGATION 15 1 -13.875 16.5 2126.73291 22.209232 38 16 16 0 0 0
47.804 14 ESTIMATOR 210.328949 0.22
47.903 14 ENERGY 35 12.5 0.493014 6.162679 0.046043 0.575503
47.903 14 AIRSPEED 13.6 0. 0. 0.
47.904 14 ATTITUDE 0.0023 3.850338 -0.015421
47.986 14 NAVIGATION 15 1 -13.875 16.5 2123.285156 21.558424 39 17 17 0 0 0
48.002 14 FBW_STATUS 2 0 1 12.5 0.487646
48.003 14 GPS 3 36026850 481360971 2243 210472 1405 28 0 17054960 31 0
48.102 14 GPS_SOL 629 629 629 7
48.202 14 DL_VALUE 40 0.
48.203 14 WP_MOVED 8 358784. 4812095. 200. 31
48.237 14 NAVIGATION 15 1 -16.28125 14. 2119.81543 21.472752 39 17 17 0 0 0
48.252 14 GPS 3 36026578 481360693 2243 210565 1387 25 0 17055239 31 0
48.253 14 SVINFO 6 13 1 6 40 19 335
48.303 14 IR_SENSORS 0 0 22 -16 264
48.303 14 ESTIMATOR 210.499283 0.25
48.402 14 DATALINK_REPORT 10 8 1505 525 0 0
48.403 14 DESIRED 0.000918 -0.0249 0. -1500. -1500. 200. -0.312197 13.
48.403 14 ATTITUDE 0.0023 3.84866 -0.004125
48.486 14 NAVIGATION 15 1 -19. 11.5 2116.126953 22.209232 39 17 17 0 0 0
48.503 14 GPS 3 36026348 481360457 2243 210654 1374 37 0 17055480 31 0
48.703 14 WP_MOVED 9 360312.8125 4813652. 185. 31
48.736 14 NAVIGATION 15 1 -21.28125 9. 2112.744629 23.106094 39 17 17 0 0 0
48.752 14 GPS 3 36026119 481360223 2243 210742 1359 12 0 17055719 31 0
48.803 14 CALIBRATION -108.338989 2
48.803 14 NAVIGATION 15 1 -23.5625 6.5 2112.744629 23.106094 39 17 17 0 0 0
48.803 14 ESTIMATOR 210.694427 0.12
48.902 14 AIRSPEED 13.6 0. 0. 0.
48.903 14 ATTITUDE 0.0023 3.847418 -0.000365
48.977 14 WIND_INFO 14 5 -1. 0.6 0. 13.7
48.998 14 NAVIGATION 15 1 -23.5625 6.5 2109.362549 24.442614 40 18 18 0 0 0
49.003 14 ENERGY 31 12.5 0.429659 5.370738 0.046885 0.586035
49.006 14 GPS 3 36025894 481359992 2243 210822 1346 1 0 17055960 31 0
49.006 14 SVINFO 2 9 0 2 44 34 135
49.186 14 FBW_STATUS 2 0 1 12.5 0.420644
49.203 14 WP_MOVED 10 360452.8125 4813581. 260. 31
49.236 14 NAVIGATION 15 1 -25.78125 4.5 2106.381104 26.17103 40 18 18 0 0 0
49.268 14 GPS 3 36025633 481359725 2243 210898 1331 9 0 17056239 31 0
49.268 14 SVINFO 3 10 0 3 43 76 185
49.302 14 ESTIMATOR 210.790619 0.09
49.401 14 ATTITUDE 0.0023 3.828859 -0.007888
49.452 14 DESIRED 0.000795 -0.033459 0. -1500. -1500. 200. -0.32254 13.
49.486 14 NAVIGATION 15 1 -28.4375 1.5 2102.37915 28.477034 40 18 18 0 0 0
49.503 14 IR_SENSORS 0 0 21 -16 264
49.503 14 GPS 3 36025411 481359498 2243 210943 1321 1 0 17056480 31 0
49.503 14 SVINFO 4 11 0 4 42 88 235
49.703 14 DL_VALUE 41 0.
49.703 14 WP_MOVED 11 360169.5 4813757.5 260. 31
49.736 14 NAVIGATION 15 1 -30.625 -0.5 2099.419678 30.629082 40 18 18 0 0 0
49.753 14 GPS 3 36025191 481359273 2243 210967 1313 -13 0 17056719 31 0
49.754 14 SVINFO 5 12 1 5 41 60 285
49.803 14 NAVIGATION 15 1 -32.84375 -3. 2099.419678 30.629082 40 18 18 0 0 0
49.804 14 ESTIMATOR 210.879196 -0.13
49.903 14 AIRSPEED 13.7 0. 0. 0.
49.903 14 ATTITUDE 0.0023 3.827598 -0.015421
49.986 14 NAVIGATION 15 1 -32.84375 -3. 2096.081299 32.980476 41 19 19 0 0 0
50.002 14 FBW_STATUS 2 0 1 12.5 0.396237
50.002 14 GPS 3 36024971 481359049 2243 210970 1307 -36 0 17056960 31 0
50.107 14 NAVIGATION_REF 360284 4813595 31 185.
50.107 14 GPS_SOL 616 616 616 7
50.108 14 ENERGY 29 12.5 0.397775 4.972187 0.047634 0.595388
50.203 14 WP_MOVED 12 360287.59375 4813581. 260. 31
50.236 14 NAVIGATION 15 1 -35.03125 -5. 2093.121826 35.386276 41 19 19 0 0 0
50.253 14 GPS 3 36024717 481358788 2243 210946 1302 -34 0 17057239 31 0
50.254 14 SVINFO 0 7 0 0 45 8 36
50.303 14 ESTIMATOR 210.828827 -0.34
50.403 14 ATTITUDE -0.001473 3.826356 -0.022961
50.486 14 NAVIGATION 15 1 -37.59375 -7.5 2089.54248 38.334579 41 19 19 0 0 0
50.503 14 DESIRED 0.000941 -0.035464 0. -1500. -1500. 200. -0.324865 13.
50.503 14 GPS 3 36024499 481358564 2243 210904 1300 -38 0 17057480 31 0
50.504 14 SVINFO 1 8 1 1 44 3 86
50.703 14 IR_SENSORS 0 0 15 -17 264
50.703 14 WP_MOVED 13 360311.5 4813547. 260. 31
50.735 14 NAVIGATION 15 1 -39.75 -10. 2086.247803 40.988567 41 19 19 0 0 0
50.754 14 GPS 3 36024281 481358341 2242 210845 1300 -38 0 17057719 31 0
50.755 14 SVINFO 2 9 1 2 43 37 136
50.803 14 NAVIGATION 15 1 -41.9375 -12. 2086.247803 40.988567 41 19 19 0 0 0
50.803 14 ESTIMATOR 210.729797 -0.38
50.903 14 CALIBRATION -88.563049 2
50.903 14 AIRSPEED 13.7 0. 0. 0.
50.903 14 ATTITUDE -0.001231 3.825536 -0.030723
50.986 14 NAVIGATION 15 1 -41.9375 -12. 2083.28833 43.620567 42 20 20 0 0 0
51.002 14 GPS 3 36024063 481358117 2242 210772 1301 -42 0 17057960 31 0
51.003 14 SVINFO 3 10 1 3 42 78 186
51.187 14 FBW_STATUS 2 0 1 12.5 0.409261
51.204 14 DL_VALUE 42 0.6
51.204 14 ENERGY 30 12.5 0.409261 5.115762 0.048371 0.604602
51.204 14 WP_MOVED 14 360300.6875 4813575.5 260. 31
51.235 14 NAVIGATION 15 1 -44.125 -14.5 2079.97168 46.446373 42 20 20 0 0 0
51.253 14 GPS 3 36023808 481357856 2242 210674 1304 -51 0 17058239 31 0
51.254 14 SVINFO 4 11 0 4 41 88 236
51.302 14 ESTIMATOR 210.593033 -0.51
51.402 14 ATTITUDE 0.002528 3.825269 -0.038249
51.486 14 NAVIGATION 15 1 -46.65625 -17. 2076.414551 49.656879 42 20 20 0 0 0
51.502 14 GPS 3 36023589 481357631 2242 210581 1307 -54 0 17058480 31 0
51.503 14 SVINFO 5 12 1 5 40 57 286
51.554 14 DESIRED 0.001846 -0.02951 0. -1500. -1500. 200. -0.317791 13.
51.702 14 WP_MOVED 15 360297.6875 4813554.5 260. 31
51.736 14 NAVIGATION 15 1 -48.875 -19. 2073.433105 52.43821 42 20 20 0 0 0
51.753 14 GPS 3 36023369 481357405 2242 210484 1311 -74 0 17058719 31 0
51.754 14 SVINFO 6 13 1 6 39 14 337
51.804 14 NAVIGATION 15 1 -51.0625 -21.5 2073.433105 52.43821 42 20 20 0 0 0
51.804 14 ESTIMATOR 210.392014 -0.74
51.903 14 IR_SENSORS 0 0 13 -16 265
51.903 14 AIRSPEED 13.7 0. 0. 0.
51.903 14 ATTITUDE 0.002528 3.82576 -0.038249
51.986 14 NAVIGATION 15 1 -51.0625 -21.5 2070.116455 55.404232 43 21 21 0 0 0
52.002 14 FBW_STATUS 2 0 1 12.5 0.441161
52.003 14 GPS 3 36023149 481357179 2242 210386 1316 -86 0 17058960 31 0
52.085 14 COMMANDS 3172,-5,164,0
52.113 14 GPS_SOL 603 603 603 7
52.203 14 WP_MOVED 16 361184. 4813643. 260. 31
52.236 14 NAVIGATION 15 1 -53.28125 -23.5 2067.13501 58.233509 43 21 21 0 0 0
52.252 14 GPS 3 36022890 481356914 2242 210276 1323 -101 0 17059239 31 0
52.303 14 COMMANDS 3285,-7,206,0
52.304 14 ENERGY 34 12.5 0.470204 5.877547 0.049163 0.614506
52.304 14 ESTIMATOR 210.099167 -1.01
52.402 14 STATE_FILTER_STATUS 2 3 294
52.402 14 ATTITUDE 0.002528 3.826853 -0.038249
52.486 14 NAVIGATION 15 1 -55.875 -26. 2063.53418 61.628044 43 21 21 0 0 0
52.502 14 GPS 3 36022667 481356685 2242 210188 1329 -91 0 17059480 31 0
52.613 14 PPRZ_MODE 2 3 2 0 0 6
52.613 14 DESIRED 0.001424 -0.017214 0. -1500. -1500. 200. -0.302975 13.
52.703 14 ALIVE 179,209,69,119,115,11,176,21,181,244,80,210,55,176,198,136
52.704 14 DL_VALUE 43 12000.
52.704 14 WP_MOVED 17 361184. 4813643. 260. 31
52.736 14 NAVIGATION 15 1 -58.0625 -29. 2059.860352 64.901878 43 21 21 0 0 0
52.753 14 GPS 3 36022444 481356456 2242 210110 1335 -72 0 17059719 31 0
52.803 14 NAVIGATION 15 1 -60.3125 -31. 2059.860352 64.901878 43 21 21 0 0 0
52.804 14 ESTIMATOR 209.810471 -0.72
52.902 14 AIRSPEED 13.7 0. 0. 0.
52.903 14 ATTITUDE 0.002528 3.827799 -0.034485
52.986 14 NAVIGATION 15 1 -60.3125 -31. 2056.857178 67.812958 44 22 22 0 0 0
53.002 14 CALIBRATION -136.296616 0
53.002 14 GPS 3 36022219 481356225 2242 210045 1342 -69 0 17059960 31 0
53.114 14 IR_SENSORS 0 0 15 -16 265
53.185 14 FBW_STATUS 2 0 1 12.5 0.524048
53.203 14 WP_MOVED 18 360289. 4813605. 220. 31
53.236 14 NAVIGATION 15 1 -62.5625 -33.5 2053.496826 70.96701 44 22 22 0 0 0
53.252 14 GPS 3 36021955 481355955 2242 209988 1349 -57 0 17060239 31 0
53.253 14 SVINFO 5 12 1 5 39 54 287
53.303 14 ESTIMATOR 209.673325 -0.57
53.402 14 ENERGY 37 12.5 0.528594 6.607428 0.050091 0.626101
53.403 14 ATTITUDE -0.001473 3.828475 -0.026734
53.486 14 NAVIGATION 15 1 -65.1875 -36. 2049.873779 74.467514 44 22 22 0 0 0
53.503 14 DATALINK_REPORT 5 9 1633 541 0 0
53.503 14 GPS 3 36021728 481355722 2242 209957 1354 -40 0 17060480 31 0
53.503 14 SVINFO 6 13 1 6 38 12 338
53.620 14 AUTOPILOT_VERSION 51500 v5.15_devel-179-g9a29798-dirty
53.651 14 DESIRED 0.001734 -0.01427 0. -1500. -1500. 200. -0.2902 13.
53.703 14 WP_MOVED 19 360289. 4813610. 500. 31
53.736 14 NAVIGATION 15 1 -67.46875 -38.5 2046.491577 77.680641 44 22 22 0 0 0
53.753 14 GPS 3 36021501 481355488 2242 209941 1357 -19 0 17060719 31 0
53.753 14 SVINFO 0 7 0 0 44 4 38
53.803 14 NAVIGATION 15 1 -69.75 -40.5 2046.491577 77.680641 44 22 22 0 0 0
53.804 14 ESTIMATOR 209.643295 -0.19
53.902 14 AIRSPEED 13.7 0. 0. 0.
53.902 14 ATTITUDE -0.001473 3.828551 -0.01919
53.985 14 NAVIGATION 15 1 -69.75 -40.5 2043.466431 80.655518 45 23 23 0 0 0
54.002 14 FBW_STATUS 2 0 1 12.5 0.52732
54.003 14 GPS 3 36021274 481355255 2242 209940 1359 -7 0 17060960 31 0
54.003 14 SVINFO 1 8 0 1 43 6 88
54.117 14 GPS_SOL 589 589 589 7
54.202 14 DL_VALUE 44 1.5
54.202 14 WP_MOVED 20 360289. 4813620. 300. 31
54.235 14 NAVIGATION 15 1 -72.03125 -43. 2040.084229 83.889816 45 23 23 0 0 0
54.252 14 GPS 3 36021008 481354982 2241 209955 1359 -15 0 17061239 31 0
54.253 14 SVINFO 2 9 1 2 42 43 138
54.302 14 IR_SENSORS 0 0 19 -17 264
54.302 14 ESTIMATOR 209.740814 -0.15
54.402 14 ATTITUDE 0.0023 3.827956 -0.015421
54.486 14 NAVIGATION 15 1 -74.65625 -45.5 2036.461426 87.428864 45 23 23 0 0 0
54.503 14 ENERGY 36 12.5 0.518422 6.480279 0.051055 0.638159
54.504 14 GPS 3 36020781 481354748 2241 209979 1357 -8 0 17061480 31 0
54.504 14 SVINFO 3 10 1 3 41 82 188
54.703 14 DESIRED 0.002275 -0.014372 0. -1500. -1500. 200. -0.292224 13.
54.703 14 WP_MOVED 21 360289. 4813625. 400. 31
54.736 14 NAVIGATION 15 1 -76.9375 -48. 2033.079224 90.682846 45 23 23 0 0 0
54.752 14 GPS 3 36020554 481354515 2241 210009 1355 -22 0 17061720 31 0
54.753 14 SVINFO 4 11 1 4 40 85 238
54.803 14 NAVIGATION 15 1 -79.21875 -50. 2033.079224 90.682846 45 23 23 0 0 0
54.803 14 ESTIMATOR 209.819641 -0.22
54.902 14 AIRSPEED 13.7 0. 0. 0.
54.903 14 ATTITUDE 0.0023 3.82729 -0.011653
54.986 14 NAVIGATION 15 1 -79.21875 -50. 2030.054077 93.67823 46 24 24 0 0 0
55.003 14 GPS 3 36020328 481354282 2241 210044 1353 0 0 17061960 31 0
55.116 14 CALIBRATION -133.731964 0
55.185 14 FBW_STATUS 2 0 1 12.5 0.50343
55.203 14 WP_MOVED 22 360289. 4813645. 250. 31
55.236 14 NAVIGATION 15 1 -81.46875 -53. 2026.336548 97.191345 46 24 24 0 0 0
55.252 14 GPS 3 36020065 481354010 2241 210087 1349 6 0 17062239 31 0
55.303 14 ESTIMATOR 209.900833 0.06
55.402 14 ATTITUDE 0.0023 3.826782 -0.011653
55.486 14 NAVIGATION 15 1 -84.125 -55.5 2022.691772 100.783264 46 24 24 0 0 0
55.502 14 IR_SENSORS 0 0 20 -15 264
55.503 14 GPS 3 36019839 481353779 2241 210124 1346 8 0 17062480 31 0
55.504 14 SVINFO 0 7 0 0 43 3 39
55.631 14 ENERGY 35 12.5 0.488898 6.111222 0.051983 0.649752
55.702 14 DL_VALUE 45 1250.
55.702 14 WP_MOVED 0 360326. 4813637. 260. 31
55.736 14 NAVIGATION 15 1 -86.34375 -57.5 2019.710449 103.737617 46 24 24 0 0 0
55.753 14 DESIRED 0.002323 -0.014321 0. -1500. -1500. 200. -0.29908 13.
55.753 14 GPS 3 36019614 481353547 2242 210159 1343 -1 0 17062720 31 0
55.754 14 SVINFO 1 8 1 1 42 8 89
55.803 14 NAVIGATION 15 1 -88.59375 -60. 2019.710449 103.737617 46 24 24 0 0 0
55.804 14 ESTIMATOR 210.032928 -0.01
55.903 14 AIRSPEED 13.7 0. 0. 0.
55.903 14 ATTITUDE 0.006075 3.827165 -0.011653
55.986 14 NAVIGATION 15 1 -88.59375 -60. 2016.350098 106.999313 47 25 25 0 0 0
56.003 14 FBW_STATUS 2 0 1 12.5 0.477306
56.003 14 GPS 3 36019390 481353317 2242 210191 1339 -12 0 17062960 31 0
56.004 14 SVINFO 2 9 0 2 41 47 139
56.125 14 GPS_SOL 574 574 574 7
56.202 14 WP_MOVED 1 360284. 4813595. 260. 31
56.236 14 NAVIGATION 15 1 -90.84375 -62.5 2012.989746 110.267113 47 25 25 0 0 0
56.253 14 GPS 3 36019129 481353049 2242 210223 1335 -14 0 17063239 31 0
56.254 14 SVINFO 3 10 1 3 40 84 189
56.302 14 ESTIMATOR 210.088287 -0.14
56.403 14 ATTITUDE 0.0023 3.827801 -0.011653
56.487 14 NAVIGATION 15 1 -93.46875 -65. 2009.366821 113.848175 47 25 25 0 0 0
56.503 14 GPS 3 36018906 481352820 2242 210245 1332 -17 0 17063480 31 0
56.503 14 SVINFO 4 11 1 4 39 84 239
56.701 14 IR_SENSORS 0 0 20 -16 264
56.701 14 ENERGY 33 12.5 0.464893 5.811161 0.052854 0.660637
56.702 14 WP_MOVED 2 360333.5 4813695. 260. 31
56.736 14 NAVIGATION 15 1 -95.71875 -67. 2006.363647 116.83783 47 25 25 0 0 0
56.753 14 GPS 3 36018683 481352592 2243 210262 1329 -26 0 17063720 31 0
56.753 14 SVINFO 5 12 1 5 38 47 289
56.803 14 DESIRED 0.001164 -0.017323 0. -1500. -1500. 200. -0.303077 13.
56.803 14 NAVIGATION 15 1 -97.90625 -69.5 2006.363647 116.83783 47 25 25 0 0 0
56.804 14 ESTIMATOR 210.111954 -0.26
56.903 14 AIRSPEED 13.7 0. 0. 0.
56.903 14 ATTITUDE 0.0023 3.82803 -0.011653
56.986 14 NAVIGATION 15 1 -97.90625 -69.5 2003.046875 120.066162 48 26 26 0 0 0
57.003 14 GPS 3 36018460 481352364 2243 210274 1327 -22 0 17063960 31 0
57.003 14 SVINFO 6 13 0 6 37 8 340
57.086 14 COMMANDS 3227,18,-71,0
57.186 14 FBW_STATUS 2 0 1 12.5 0.46136
57.203 14 CALIBRATION -107.465714 2
57.203 14 DL_VALUE 46 0.
57.203 14 WP_MOVED 3 360294.09375 4813785. 260. 31
57.236 14 NAVIGATION 15 1 -100.15625 -72. 1999.686646 123.350212 48 26 26 0 0 0
57.253 14 GPS 3 36018201 481352098 2242 210282 1325 -11 0 17064239 31 0
57.303 14 COMMANDS 3209,-7,-23,0
57.303 14 ESTIMATOR 210.109848 -0.11
57.403 14 STATE_FILTER_STATUS 2 3 299
57.403 14 ATTITUDE 0.0023 3.827573 -0.015421
57.486 14 NAVIGATION 15 1 -102.75 -74.5 1996.085571 126.916557 48 26 26 0 0 0
57.503 14 GPS 3 36017979 481351871 2242 210282 1324 -15 0 17064480 31 0
57.626 14 PPRZ_MODE 2 3 2 0 0 6
57.703 14 ALIVE 179,209,69,119,115,11,176,21,181,244,80,210,55,176,198,136
57.703 14 WP_MOVED 4 360416.3125 4813734. 260. 31
57.736 14 NAVIGATION 15 1 -104.9375 -77. 1992.769043 130.157135 48 26 26 0 0 0
57.752 14 GPS 3 36017757 481351644 2242 210278 1322 -14 0 17064720 31 0
57.804 14 ENERGY 32 12.5 0.450621 5.63276 0.053696 0.671165
57.804 14 NAVIGATION 15 1 -107.1875 -79. 1992.769043 130.157135 48 26 26 0 0 0
57.804 14 ESTIMATOR 210.142883 -0.14
57.854 14 DESIRED 0.001306 -0.018099 0. -1500. -1500. 200. -0.30401 13.
57.903 14 IR_SENSORS 0 0 19 -16 264
57.903 14 AIRSPEED 13.7 0. 0. 0.
57.903 14 ATTITUDE 0.0023 3.827348 -0.015421
57.986 14 NAVIGATION 15 1 -107.1875 -79. 1989.765747 133.154648 49 27 27 0 0 0
58.002 14 FBW_STATUS 2 0 1 12.5 0.447638
58.003 14 GPS 3 36017536 481351417 2243 210269 1321 0 0 17064960 31 0
58.126 14 GPS_SOL 559 559 559 7
58.203 14 WP_MOVED 5 360421. 4813583.5 260. 31
58.236 14 NAVIGATION 15 1 -109.375 -81.5 1986.449097 136.400665 49 27 27 0 0 0
58.252 14 GPS 3 36017277 481351152 2243 210254 1320 0 0 17065240 31 0
58.252 14 SVINFO 4 11 1 4 38 82 240
58.303 14 ESTIMATOR 210.176193 0.
58.403 14 ATTITUDE 0.0023 3.827295 -0.015421
58.486 14 NAVIGATION 15 1 -112. -84. 1982.826294 140. 49 27 27 0 0 0
58.502 14 GPS 3 36017056 481350925 2243 210236 1318 -3 0 17065480 31 0
58.503 14 SVINFO 5 12 1 5 37 44 290
58.630 14 DATALINK_REPORT 10 9 1762 546 0 0
58.702 14 DL_VALUE 47 7500.
58.702 14 WP_MOVED 6 360164.8125 4813664.5 260. 31
58.735 14 NAVIGATION 15 1 -114.1875 -86.5 1979.509644 143.251648 49 27 27 0 0 0
58.752 14 GPS 3 36016835 481350699 2242 210214 1317 9 0 17065720 31 0
58.753 14 SVINFO 6 13 0 6 36 6 341
58.803 14 NAVIGATION 15 1 -116.375 -88.5 1979.509644 143.251648 49 27 27 0 0 0
58.803 14 ESTIMATOR 210.191742 0.09
58.903 14 ENERGY 30 12.5 0.418224 5.227794 0.054495 0.681152
58.903 14 DESIRED 0.001336 -0.019544 0. -1500. -1500. 200. -0.305747 13.
58.904 14 AIRSPEED 13.7 0. 0. 0.
58.904 14 ATTITUDE 0.0023 3.826931 -0.01919
58.978 14 WIND_INFO 14 5 -0.9 0.6 0. 13.7
58.986 14 NAVIGATION 15 1 -116.375 -88.5 1976.550171 146.203247 50 28 28 0 0 0
59.003 14 GPS 3 36016615 481350473 2242 210188 1315 1 0 17065960 31 0
59.003 14 SVINFO 0 7 0 0 42 1 41
59.133 14 NAVIGATION_REF 360284 4813595 31 185.
59.133 14 IR_SENSORS 0 0 18 -16 264
59.186 14 FBW_STATUS 2 0 1 12.5 0.410465
59.203 14 WP_MOVED 7 360558.40625 4813804.5 260. 31
59.236 14 NAVIGATION 15 1 -118.59375 -91. 1973.21167 149.484039 50 28 28 0 0 0
59.253 14 GPS 3 36016358 481350210 2242 210153 1312 -15 0 17066240 31 0
59.256 14 SVINFO 1 8 0 1 41 12 91
59.302 14 CALIBRATION -75.527283 2
59.302 14 ESTIMATOR 210.195358 -0.15
59.403 14 ATTITUDE 0.0023 3.832165 -0.01919
59.486 14 NAVIGATION 15 1 -121.15625 -93.5 1969.632568 153.03949 50 28 28 0 0 0
59.502 14 GPS 3 36016139 481349985 2242 210118 1310 -19 0 17066480 31 0
59.503 14 SVINFO 2 9 1 2 40 53 141
59.702 14 WP_MOVED 8 358784. 4812095. 200. 31
59.736 14 NAVIGATION 15 1 -123.34375 -95.5 1966.672974 155.993362 50 28 28 0 0 0
59.753 14 GPS 3 36015919 481349760 2242 210079 1309 -25 0 17066720 31 0
59.754 14 SVINFO 3 10 1 3 39 86 191
59.803 14 NAVIGATION 15 1 -125.5625 -98. 1966.672974 155.993362 50 28 28 0 0 0
59.803 14 ESTIMATOR 210.094681 -0.25
59.903 14 AIRSPEED 13.7 0. 0. 0.
59.903 14 ATTITUDE 0.0023 3.832197 -0.01919
59.953 14 DESIRED 0.001297 -0.018448 0. -1500. -1500. 200. -0.304428 13.
59.988 14 NAVIGATION 15 1 -125.5625 -98. 1963.334595 159.279449 51 29 29 0 0 0
60.003 14 FBW_STATUS 2 0 1 12.5 0.407027
60.003 14 ENERGY 30 12.5 0.407027 5.087836 0.055245 0.690533
60.004 14 GPS 3 36015700 481349535 2242 210037 1307 -18 0 17066960 31 0
60.103 14 GPS_SOL 543 543 543 7
60.202 14 DL_VALUE 48 1500.
60.202 14 WP_MOVED 9 360312.8125 4813652. 185. 31
60.235 14 NAVIGATION 15 1 -127.75 -100. 1960.375 162.234589 51 29 29 0 0 0
60.252 14 GPS 3 36015445 481349273 2243 209985 1306 -20 0 17067240 31 0
60.303 14 IR_SENSORS 0 0 18 -16 264
60.303 14 ESTIMATOR 209.987534 -0.2
60.403 14 ATTITUDE 0.0023 3.832717 -0.01919
60.486 14 NAVIGATION 15 1 -130.3125 -102.5 1956.795898 165.793839 51 29 29 0 0 0
60.502 14 GPS 3 36015225 481349049 2243 209938 1306 -25 0 17067480 31 0
60.702 14 WP_MOVED 10 360452.8125 4813581. 260. 31
60.736 14 NAVIGATION 15 1 -132.5 -105. 1953.479248 169.059906 51 29 29 0 0 0
60.752 14 GPS 3 36015006 481348825 2243 209890 1306 -22 0 17067720 31 0
60.753 14 SVINFO 0 7 0 0 41 0 42
60.803 14 NAVIGATION 15 1 -134.65625 -107. 1953.479248 169.059906 51 29 29 0 0 0
60.803 14 ESTIMATOR 209.878967 -0.22
60.902 14 AIRSPEED 13.7 0. 0. 0.
60.902 14 ATTITUDE 0.0023 3.83326 -0.01919
60.987 14 NAVIGATION 15 1 -134.65625 -107. 1950.541626 171.992157 52 30 30 0 0 0
61.002 14 DESIRED 0.000432 -0.014579 0. -1500. -1500. 200. -0.296369 13.
61.003 14 GPS 3 36014787 481348601 2243 209842 1305 -17 0 17067960 31 0
61.003 14 SVINFO 1 8 1 1 40 14 92
61.103 14 ENERGY 30 12.5 0.404624 5.057798 0.055992 0.699861
61.186 14 FBW_STATUS 2 0 1 12.5 0.403424
61.202 14 WP_MOVED 11 360169.5 4813757.5 260. 31
61.237 14 NAVIGATION 15 1 -136.875 -109.5 1947.203125 175.285522 52 30 30 0 0 0
61.252 14 GPS 3 36014532 481348340 2243 209787 1305 -33 0 17068240 31 0
61.253 14 SVINFO 2 9 1 2 39 56 142
61.302 14 ESTIMATOR 209.786331 -0.33
61.403 14 CALIBRATION -64.728722 0
61.403 14 ATTITUDE 0.0023 3.833488 -0.01919
61.486 14 NAVIGATION 15 1 -139.4375 -112. 1943.624023 178.848587 52 30 30 0 0 0
61.502 14 IR_SENSORS 0 0 18 -16 264
61.503 14 GPS 3 36014313 481348116 2243 209740 1304 -39 0 17068480 31 0
61.503 14 SVINFO 3 10 1 3 38 87 192
61.703 14 DL_VALUE 49 1.
61.703 14 WP_MOVED 12 360287.59375 4813581. 260. 31
61.736 14 NAVIGATION 15 1 -141.625 -114. 1940.664429 181.806595 52 30 30 0 0 0
61.753 14 GPS 3 36014094 481347892 2243 209695 1304 -41 0 17068720 31 0
61.753 14 SVINFO 4 11 1 4 37 79 242
61.803 14 NAVIGATION 15 1 -143.78125 -116.5 1940.664429 181.806595 52 30 30 0 0 0
61.804 14 ESTIMATOR 209.636017 -0.41
61.903 14 AIRSPEED 13.7 0. 0. 0.
61.903 14 ATTITUDE 0.0023 3.833168 -0.015421
61.985 14 NAVIGATION 15 1 -143.78125 -116.5 1937.369751 185.054855 53 31 31 0 0 0
62.002 14 FBW_STATUS 2 0 1 12.5 0.412531
62.002 14 GPS 3 36013875 481347668 2243 209652 1304 -40 0 17068960 31 0
62.003 14 SVINFO 5 12 0 5 36 38 292
62.052 14 DESIRED 0.000765 -0.014214 0. -1500. -1500. 200. -0.289081 13.
62.086 14 COMMANDS 2952,-11,14,0
62.104 14 GPS_SOL 528 528 528 7
62.203 14 ENERGY 30 12.5 0.414771 5.184643 0.056741 0.709223
62.203 14 WP_MOVED 13 360311.5 4813547. 260. 31
62.236 14 NAVIGATION 15 1 -146. -118.5 1934.388306 188.037888 53 31 31 0 0 0
62.253 14 GPS 3 36013619 481347407 2243 209604 1304 -51 0 17069240 31 0
62.253 14 SVINFO 6 13 1 6 35 3 343
62.302 14 COMMANDS 2980,-11,15,0
62.303 14 ESTIMATOR 209.499954 -0.51
62.403 14 STATE_FILTER_STATUS 2 3 299
62.403 14 ATTITUDE 0.0023 3.83304 -0.015421
62.486 14 NAVIGATION 15 1 -148.5625 -121.5 1930.452148 191.919434 53 31 31 0 0 0
62.502 14 GPS 3 36013401 481347183 2243 209565 1305 -34 0 17069480 31 0
62.603 14 PPRZ_MODE 2 3 2 0 0 6
62.703 14 ALIVE 179,209,69,119,115,11,176,21,181,244,80,210,55,176,198,136
62.704 14 IR_SENSORS 0 0 19 -16 264
62.704 14 WP_MOVED 14 360300.6875 4813575.5 260. 31
62.736 14 NAVIGATION 15 1 -150.75 -124. 1927.13562 195.196213 53 31 31 0 0 0
62.752 14 GPS 3 36013182 481346959 2243 209528 1305 -37 0 17069720 31 0
62.803 14 NAVIGATION 15 1 -152.90625 -126. 1927.13562 195.196213 53 31 31 0 0 0
62.804 14 ESTIMATOR 209.386047 -0.37
62.902 14 AIRSPEED 13.7 0. 0. 0.
62.903 14 ATTITUDE 0.0023 3.832841 -0.015421
62.986 14 NAVIGATION 15 1 -152.90625 -126. 1924.197876 198.13208 54 32 32 0 0 0
63.002 14 GPS 3 36012962 481346734 2243 209494 1306 -52 0 17069960 31 0
63.102 14 DESIRED 0.001089 -0.01384 0. -1500. -1500. 200. -0.281581 13.
63.186 14 FBW_STATUS 2 0 1 12.5 0.430702
63.202 14 DL_VALUE 50 0.3
63.202 14 WP_MOVED 15 360297.6875 4813554.5 260. 31
63.236 14 NAVIGATION 15 1 -155.15625 -128.5 1920.837524 201.458954 54 32 32 0 0 0
63.253 14 GPS 3 36012707 481346473 2243 209456 1307 -39 0 17070240 31 0
63.254 14 SVINFO 3 10 1 3 37 88 193
63.303 14 ENERGY 31 12.5 0.43105 5.388121 0.057517 0.718924
63.303 14 ESTIMATOR 209.276978 -0.39
63.402 14 ATTITUDE 0.0023 3.833059 -0.011653
63.486 14 NAVIGATION 15 1 -157.65625 -131. 1917.302246 204.979248 54 32 32 0 0 0
63.502 14 CALIBRATION -80.514099 0
63.502 14 GPS 3 36012487 481346248 2243 209427 1307 -30 0 17070480 31 0
63.503 14 SVINFO 4 11 0 4 36 77 243
63.702 14 DATALINK_REPORT 5 10 1891 539 0 0
63.702 14 WP_MOVED 16 361184. 4813643. 260. 31
63.736 14 NAVIGATION 15 1 -159.875 -133. 1914.320801 207.963974 54 32 32 0 0 0
63.753 14 GPS 3 36012268 481346024 2243 209399 1308 -26 0 17070720 31 0
63.754 14 SVINFO 5 12 0 5 35 35 293
63.803 14 NAVIGATION 15 1 -162.0625 -135.5 1914.320801 207.963974 54 32 32 0 0 0
63.803 14 ESTIMATOR 209.227432 -0.26
63.903 14 IR_SENSORS 0 0 20 -16 264
63.903 14 AIRSPEED 13.7 0. 0. 0.
63.903 14 ATTITUDE 0.0023 3.833373 -0.011653
63.986 14 NAVIGATION 15 1 -162.0625 -135.5 1911.00415 211.245132 55 33 33 0 0 0
64.004 14 FBW_STATUS 2 0 1 12.5 0.432267
64.004 14 GPS 3 36012048 481345799 2243 209373 1308 -12 0 17070960 31 0
64.005 14 SVINFO 6 13 1 6 34 2 344
64.102 14 GPS_SOL 512 512 512 7
64.161 14 DESIRED 0.000819 -0.013602 0. -1500. -1500. 200. -0.276823 13.
64.202 14 WP_MOVED 17 361184. 4813643. 260. 31
64.236 14 NAVIGATION 15 1 -164.28125 -137.5 1908.022827 214.230194 55 33 33 0 0 0
64.253 14 GPS 3 36011792 481345537 2243 209343 1309 -11 0 17071240 31 0
64.254 14 SVINFO 0 7 0 0 40 0 44
64.302 14 ESTIMATOR 209.226746 -0.11
64.403 14 ENERGY 31 12.5 0.424973 5.31216 0.058306 0.728795
64.403 14 ATTITUDE 0.0023 3.833388 -0.011653
64.486 14 NAVIGATION 15 1 -166.84375 -140. 1904.443604 217.799988 55 33 33 0 0 0
64.503 14 GPS 3 36011572 481345312 2243 209318 1308 -7 0 17071480 31 0
64.503 14 SVINFO 1 8 1 1 39 19 94
64.702 14 AUTOPILOT_VERSION 51500 v5.15_devel-179-g9a29798-dirty
64.702 14 DL_VALUE 51 1.
64.702 14 WP_MOVED 18 360289. 4813605. 220. 31
64.735 14 NAVIGATION 15 1 -169.03125 -142.5 1901.127075 221.083267 55 33 33 0 0 0
64.753 14 GPS 3 36011353 481345088 2243 209293 1308 -2 0 17071720 31 0
64.753 14 SVINFO 2 9 1 2 38 62 144
64.803 14 NAVIGATION 15 1 -171.21875 -144.5 1901.127075 221.083267 55 33 33 0 0 0
64.804 14 ESTIMATOR 209.233017 -0.02
64.903 14 AIRSPEED 13.7 0. 0. 0.
64.903 14 ATTITUDE 0.0023 3.833198 -0.015421
64.986 14 NAVIGATION 15 1 -171.21875 -144.5 1898.16748 224.044876 56 34 34 0 0 0
65.002 14 GPS 3 36011134 481344863 2243 209266 1307 -3 0 17071960 31 0
65.102 14 IR_SENSORS 0 0 19 -16 264
65.185 14 FBW_STATUS 2 0 1 12.5 0.407886
65.202 14 DESIRED 0.000753 -0.01361 0. -1500. -1500. 200. -0.276991 13.
65.202 14 WP_MOVED 19 360289. 4813610. 500. 31
65.236 14 NAVIGATION 15 1 -173.375 -147. 1894.872803 227.305725 56 34 34 0 0 0
65.253 14 GPS 3 36010878 481344602 2243 209234 1305 -8 0 17072240 31 0
65.303 14 ESTIMATOR 209.231232 -0.08
65.403 14 ATTITUDE 0.0023 3.833146 -0.011653
65.486 14 NAVIGATION 15 1 -175.9375 -149.5 1891.293701 230.877136 56 34 34 0 0 0
65.502 14 ENERGY 30 12.5 0.402909 5.036366 0.059064 0.738269
65.502 14 GPS 3 36010659 481344378 2243 209204 1303 -8 0 17072480 31 0
65.603 14 CALIBRATION -60.494072 0
65.702 14 WP_MOVED 20 360289. 4813620. 300. 31
65.736 14 NAVIGATION 15 1 -178.15625 -151.5 1888.312256 233.862991 56 34 34 0 0 0
65.752 14 GPS 3 36010441 481344155 2243 209173 1302 -11 0 17072720 31 0
65.802 14 NAVIGATION 15 1 -180.34375 -154. 1888.312256 233.862991 56 34 34 0 0 0
65.803 14 ESTIMATOR 209.185165 -0.11
65.902 14 AIRSPEED 13.7 0. 0. 0.
65.903 14 ATTITUDE 0.0023 3.832792 -0.011653
65.986 14 NAVIGATION 15 1 -180.34375 -154. 1884.995605 237.14946 57 35 35 0 0 0
66.002 14 FBW_STATUS 2 0 1 12.5 0.395384
66.002 14 GPS 3 36010223 481343932 2243 209140 1300 -10 0 17072960 31 0
66.003 14 SVINFO 0 7 0 0 39 0 45
66.102 14 GPS_SOL 496 496 496 7
66.203 14 DL_VALUE 52 0.1
66.203 14 WP_MOVED 21 360289. 4813625. 400. 31
66.236 14 NAVIGATION 15 1 -182.5 -156. 1882.057983 240.087997 57 35 35 0 0 0
66.253 14 DESIRED 0.000781 -0.01349 0. -1500. -1500. 200. -0.274594 13.
66.253 14 GPS 3 36009969 481343672 2243 209098 1298 -16 0 17073240 31 0
66.254 14 SVINFO 1 8 1 1 38 21 95
66.302 14 IR_SENSORS 0 0 19 -16 264
66.302 14 ESTIMATOR 209.120392 -0.16
66.403 14 ATTITUDE 0.0023 3.83249 -0.011653
66.487 14 NAVIGATION 15 1 -185.0625 -158.5 1878.478882 243.66037 57 35 35 0 0 0
66.503 14 GPS 3 36009751 481343449 2243 209060 1296 -28 0 17073480 31 0
66.503 14 SVINFO 2 9 1 2 37 65 145
66.603 14 ENERGY 29 12.5 0.391802 4.897529 0.059789 0.747327
66.702 14 WP_MOVED 22 360289. 4813645. 250. 31
66.735 14 NAVIGATION 15 1 -187.21875 -161. 1875.184082 246.924805 57 35 35 0 0 0
66.753 14 GPS 3 36009534 481343227 2243 209019 1295 -39 0 17073720 31 0
66.753 14 SVINFO 3 10 1 3 36 89 195
66.803 14 NAVIGATION 15 1 -189.375 -163. 1875.184082 246.924805 57 35 35 0 0 0
66.804 14 ESTIMATOR 209.008713 -0.39
66.903 14 AIRSPEED 13.7 0. 0. 0.
66.903 14 ATTITUDE 0.0023 3.83243 -0.011653
66.986 14 NAVIGATION 15 1 -189.375 -163. 1872.24646 249.863739 58 36 36 0 0 0
67.003 14 GPS 3 36009317 481343004 2243 208977 1294 -39 0 17073960 31 0
67.004 14 SVINFO 4 11 1 4 35 72 245
67.086 14 COMMANDS 2858,-11,25,0
67.186 14 FBW_STATUS 2 0 1 12.5 0.39863
67.203 14 WP_MOVED 0 360326. 4813637. 260. 31
67.236 14 NAVIGATION 15 1 -191.59375 -165.5 1868.907959 253.176651 58 36 36 0 0 0
67.252 14 GPS 3 36009063 481342745 2243 208927 1294 -44 0 17074240 31 0
67.253 14 SVINFO 5 12 1 5 34 29 295
67.303 14 COMMANDS 2880,17,-19,0
67.304 14 DESIRED 0.000844 -0.013239 0. -1500. -1500. 200. -0.267843 13.
67.304 14 ESTIMATOR 208.855377 -0.44
67.404 14 STATE_FILTER_STATUS 2 3 301
67.404 14 ATTITUDE -0.001473 3.832094 -0.011653
67.486 14 NAVIGATION 15 1 -194.125 -168. 1865.35083 256.726532 58 36 36 0 0 0
67.504 14 IR_SENSORS 0 0 19 -17 264
67.504 14 GPS 3 36008846 481342523 2243 208883 1295 -50 0 17074480 31 0
67.505 14 SVINFO 6 13 1 6 33 0 346
67.603 14 PPRZ_MODE 2 3 2 0 0 6
67.703 14 ALIVE 179,209,69,119,115,11,176,21,181,244,80,210,55,176,198,136
67.703 14 CALIBRATION -61.790203 0
67.703 14 DL_VALUE 53 -0.062832
67.703 14 ENERGY 30 12.5 0.409433 5.117911 0.060521 0.756473
67.703 14 WP_MOVED 1 360284. 4813595. 260. 31
67.735 14 NAVIGATION 15 1 -196.28125 -170. 1862.413086 259.665802 58 36 36 0 0 0
67.751 14 GPS 3 36008629 481342300 2243 208839 1295 -54 0 17074720 31 0
67.804 14 NAVIGATION 15 1 -198.46875 -172.5 1862.413086 259.665802 58 36 36 0 0 0
67.804 14 ESTIMATOR 208.702835 -0.54
67.903 14 AIRSPEED 13.7 0. 0. 0.
67.903 14 ATTITUDE -0.001473 3.831597 -0.011653
67.986 14 NAVIGATION 15 1 -198.46875 -172.5 1859.096558 262.956451 59 37 37 0 0 0
68.003 14 FBW_STATUS 2 0 1 12.5 0.417878
68.004 14 GPS 3 36008411 481342077 2242 208796 1297 -51 0 17074960 31 0
68.103 14 NAVIGATION_REF 360284 4813595 31 185.
68.103 14 GPS_SOL 480 480 480 7
68.201 14 WP_MOVED 2 360333.5 4813695. 260. 31
68.236 14 NAVIGATION 15 1 -200.625 -174.5 1856.158813 265.895935 59 37 37 0 0 0
68.252 14 GPS 3 36008157 481341817 2242 208748 1299 -54 0 17075240 31 0
68.253 14 SVINFO 2 9 1 2 36 68 146
68.302 14 ESTIMATOR 208.562958 -0.54
68.353 14 DESIRED 0.001367 -0.012786 0. -1500. -1500. 200. -0.258794 13.
68.403 14 ATTITUDE -0.001473 3.831211 -0.011653
68.486 14 NAVIGATION 15 1 -203.1875 -177.5 1852.222778 269.798828 59 37 37 0 0 0
68.505 14 GPS 3 36007940 481341593 2242 208708 1301 -55 0 17075480 31 0
68.506 14 SVINFO 3 10 0 3 35 89 196
68.702 14 IR_SENSORS 0 0 19 -16 264
68.702 14 WP_MOVED 3 360294.09375 4813785. 260. 31
68.737 14 NAVIGATION 15 1 -205.34375 -179.5 1849.285034 272.738525 59 37 37 0 0 0
68.754 14 GPS 3 36007721 481341369 2242 208671 1303 -30 0 17075720 31 0
68.754 14 SVINFO 4 11 1 4 34 69 246
68.803 14 DATALINK_REPORT 10 10 2024 561 0 0
68.803 14 ENERGY 32 12.5 0.435227 5.440342 0.061299 0.766193
68.804 14 NAVIGATION 15 1 -207.5625 -181.5 1849.285034 272.738525 59 37 37 0 0 0
68.804 14 ESTIMATOR 208.441727 -0.3
68.904 14 AIRSPEED 13.7 0. 0. 0.
68.904 14 ATTITUDE 0.0023 3.830876 -0.011653
68.979 14 WIND_INFO 14 5 -0.9 0.6 0. 13.7
68.985 14 NAVIGATION 15 1 -207.5625 -181.5 1846.303589 275.725281 60 38 38 0 0 0
69.004 14 GPS 3 36007503 481341144 2242 208637 1305 -31 0 17075960 31 0
69.186 14 FBW_STATUS 2 0 1 12.5 0.437494
69.203 14 DL_VALUE 54 0.087266
69.203 14 WP_MOVED 4 360416.3125 4813734. 260. 31
69.236 14 NAVIGATION 15 1 -209.71875 -184. 1843.008911 278.994537 60 38 38 0 0 0
69.253 14 GPS 3 36007247 481340882 2242 208600 1307 -18 0 17076240 31 0
69.303 14 ESTIMATOR 208.420685 -0.18
69.403 14 DESIRED 0.001966 -0.012415 0. -1500. -1500. 200. -0.253085 13.
69.404 14 ATTITUDE 0.0023 3.831096 -0.011653
69.486 14 NAVIGATION 15 1 -212.28125 -186.5 1839.42981 282.569611 60 38 38 0 0 0
69.502 14 GPS 3 36007028 481340657 2242 208572 1308 -24 0 17076480 31 0
69.503 14 SVINFO 0 7 0 0 38 0 47
