4.074 14 GPS_SOL 648 648 648 7
4.174 14 WP_MOVED 20 360289. 4813620. 300. 31
4.206 14 NAVIGATION 2 2 0. 0. 0. 0. 0 11 11 1 0 0
4.222 14 GPS 3 36028477 481359546 899 185000 0 17 0 16916239 31 0
4.273 14 ENERGY 0 12.5 0. 0. 0. 0.
4.273 14 ESTIMATOR 185.124954 0.17
4.339 14 WIND_INFO 14 5 0. 0. 0. 0.
4.373 14 ATTITUDE 0.0023 0. -0.000365
4.457 14 NAVIGATION 2 2 0. 0. 0. 0. 0 11 11 1 0 0
4.474 14 DESIRED 0. 0.00024 0. 0. 0. 235. 0. 13.
4.474 14 GPS 3 36028477 481359546 899 185000 0 15 0 16916480 31 0
4.475 14 SVINFO 1 8 0 1 48 32 62
4.672 14 IR_SENSORS 0 0 23 -16 264
4.672 14 WP_MOVED 21 360289. 4813625. 400. 31
4.706 14 NAVIGATION 2 2 0. 0. 0. 0. 0 11 11 1 0 0
4.722 14 GPS 3 36028477 481359546 899 185000 0 16 0 16916720 31 0
4.772 14 NAVIGATION 2 2 0. 0. 0. 0. 0 11 11 1 0 0
4.773 14 ESTIMATOR 185.11998 0.16
4.872 14 CALIBRATION 0. 0
4.872 14 AIRSPEED 0. 0. 0. 0.
4.872 14 ATTITUDE 0.0023 0. -0.000365
4.957 14 NAVIGATION 2 2 0. 0. 0. 0. 0 12 12 1 0 0
4.975 14 GPS 3 36028477 481359546 899 185000 0 -2 0 16916960 31 0
4.976 14 SVINFO 3 10 0 3 49 11 162
5.156 14 FBW_STATUS 2 0 1 12.5 0.
5.173 14 AUTOPILOT_VERSION 51500 v5.15_devel-179-g9a29798-dirty
5.174 14 DL_VALUE 14 0.
5.174 14 WP_MOVED 22 360289. 4813645. 250. 31
5.206 14 NAVIGATION 2 2 0. 0. 0. 0. 0 12 12 1 0 0
5.224 14 GPS 3 36028477 481359546 899 185000 0 4 0 16917239 31 0
5.273 14 ESTIMATOR 185.084488 0.04
5.373 14 ENERGY 0 12.5 0. 0. 0. 0.
5.373 14 ATTITUDE 0.0023 0. -0.000365
5.456 14 NAVIGATION 2 2 0. 0. 0. 0. 0 12 12 1 0 0
5.473 14 GPS 3 36028477 481359546 899 185000 0 0 0 16917480 31 0
5.525 14 DESIRED 0. 0.00024 0. 0. 0. 235. 0. 13.
5.673 14 WP_MOVED 0 360326. 4813637. 260. 31
5.706 14 NAVIGATION 2 2 0. 0. 0. 0. 0 12 12 1 0 0
5.723 14 GPS 3 36028477 481359546 899 185000 0 9 0 16917720 31 0
5.773 14 NAVIGATION 2 2 0. 0. 0. 0. 0 12 12 1 0 0
5.773 14 ESTIMATOR 185.052139 0.09
5.873 14 IR_SENSORS 0 0 23 -16 264
5.873 14 AIRSPEED 0. 0. 0. 0.
5.873 14 ATTITUDE 0.0023 0. -0.000365
5.957 14 NAVIGATION 2 2 0. 0. 0. 0. 0 13 13 1 0 0
5.973 14 FBW_STATUS 2 0 1 12.5 0.
5.974 14 GPS 3 36028477 481359546 899 185000 0 4 0 16917960 31 0
6.073 14 GPS_SOL 659 659 659 7
6.173 14 WP_MOVED 1 360284. 4813595. 260. 31
6.206 14 NAVIGATION 2 2 0. 0. 0. 0. 0 13 13 1 0 0
6.223 14 GPS 3 36028477 481359546 899 185000 0 -2 0 16918239 31 0
6.273 14 ESTIMATOR 185.04863 -0.02
6.373 14 ATTITUDE 0.0023 0. -0.000365
6.456 14 NAVIGATION 2 2 0. 0. 0. 0. 0 13 13 1 0 0
6.473 14 ENERGY 0 12.5 0. 0. 0. 0.
6.473 14 GPS 3 36028477 481359546 899 185000 0 -1 0 16918480 31 0
6.474 14 SVINFO 2 9 0 2 49 0 113
6.573 14 DESIRED 0. 0.00024 0. 0. 0. 235. 0. 13.
6.673 14 DL_VALUE 15 0.
6.673 14 WP_MOVED 2 360333.5 4813695. 260. 31
6.706 14 NAVIGATION 2 2 0. 0. 0. 0. 0 13 13 1 0 0
6.724 14 GPS 3 36028477 481359546 899 185000 0 21 0 16918720 31 0
6.776 14 NAVIGATION 2 2 0. 0. 0. 0. 0 13 13 1 0 0
6.777 14 ESTIMATOR 185.022217 0.21
6.873 14 AIRSPEED 0. 0. 0. 0.
6.873 14 ATTITUDE 0.0023 0. -0.000365
6.957 14 NAVIGATION 2 2 0. 0. 0. 0. 0 14 14 1 0 0
6.973 14 CALIBRATION 0. 0
6.974 14 GPS 3 36028477 481359546 899 185000 0 9 0 16918960 31 0
7.073 14 IR_SENSORS 0 0 23 -16 264
7.157 14 FBW_STATUS 2 0 1 12.5 0.
7.173 14 WP_MOVED 3 360294.09375 4813785. 260. 31
7.206 14 NAVIGATION 2 2 0. 0. 0. 0. 0 14 14 1 0 0
7.223 14 GPS 3 36028477 481359546 899 185000 0 24 0 16919239 31 0
7.274 14 ESTIMATOR 185.057968 0.24
7.374 14 ATTITUDE 0.0023 0. -0.000365
7.455 14 NAVIGATION 2 2 0. 0. 0. 0. 0 14 14 1 0 0
7.475 14 GPS 3 36028477 481359546 899 185000 0 8 0 16919480 31 0
7.573 14 ENERGY 0 12.5 0. 0. 0. 0.
7.623 14 DESIRED 0. 0.00024 0. 0. 0. 235. 0. 13.
7.675 14 WP_MOVED 4 360416.3125 4813734. 260. 31
7.706 14 NAVIGATION 2 2 0. 0. 0. 0. 0 14 14 1 0 0
7.724 14 GPS 3 36028477 481359546 899 185000 0 23 0 16919720 31 0
7.724 14 SVINFO 0 7 0 0 48 69 14
7.774 14 NAVIGATION 2 2 0. 0. 0. 0. 0 14 14 1 0 0
7.774 14 ESTIMATOR 185.079987 0.23
7.874 14 AIRSPEED 0. 0. 0. 0.
7.875 14 ATTITUDE 0.0023 0. -0.000365
7.956 14 NAVIGATION 2 2 0. 0. 0. 0. 0 15 15 1 0 0
7.974 14 FBW_STATUS 2 0 1 12.5 0.
7.974 14 GPS 3 36028477 481359546 899 185000 0 12 0 16919960 31 0
8.056 14 COMMANDS 0,-17,7,0
8.073 14 GPS_SOL 668 668 668 7
8.174 14 DL_VALUE 16 80.
8.175 14 WP_MOVED 5 360421. 4813583.5 260. 31
8.207 14 NAVIGATION 2 2 0. 0. 0. 0. 0 15 15 1 0 0
8.223 14 GPS 3 36028477 481359546 899 185000 0 -5 0 16920239 31 0
8.273 14 COMMANDS 0,-17,7,0
8.273 14 IR_SENSORS 0 0 23 -16 264
8.274 14 ESTIMATOR 185.098175 -0.05
8.373 14 STATE_FILTER_STATUS 2 3 303
8.374 14 ATTITUDE 0.0023 0. -0.000365
8.457 14 NAVIGATION 2 2 0. 0. 0. 0. 0 15 15 1 0 0
8.474 14 GPS 3 36028477 481359546 899 185000 0 1 0 16920480 31 0
8.573 14 PPRZ_MODE 2 1 2 0 0 6
8.674 14 DATALINK_REPORT 4 2 632 511 0 0
8.674 14 ALIVE 179,209,69,119,115,11,176,21,181,244,80,210,55,176,198,136
8.674 14 ENERGY 0 12.5 0. 0. 0. 0.
8.674 14 DESIRED 0. 0.00024 0. 0. 0. 235. 0. 13.
8.674 14 WP_MOVED 6 360164.8125 4813664.5 260. 31
8.706 14 NAVIGATION 2 2 0. 0. 0. 0. 0 15 15 1 0 0
8.723 14 GPS 3 36028477 481359546 899 185000 0 -13 0 16920720 31 0
8.772 14 NAVIGATION 2 2 0. 0. 0. 0. 0 15 15 1 0 0
8.772 14 ESTIMATOR 185.049164 -0.13
8.874 14 AIRSPEED 0. 0. 0. 0.
8.874 14 ATTITUDE 0.0023 0. -0.000365
8.957 14 NAVIGATION 2 2 0. 0. 0. 0. 0 16 16 1 0 0
8.974 14 GPS 3 36028477 481359546 899 185000 0 -1 0 16920960 31 0
9.073 14 CALIBRATION 0. 0
9.156 14 FBW_STATUS 2 0 1 12.5 0.
9.174 14 WP_MOVED 7 360558.40625 4813804.5 260. 31
9.207 14 NAVIGATION 2 2 0. 0. 0. 0. 0 16 16 1 0 0
9.224 14 GPS 3 36028477 481359546 899 185000 0 -8 0 16921239 31 0
9.273 14 ESTIMATOR 185.007339 -0.08
9.373 14 ATTITUDE 0.0023 0. -0.000365
9.457 14 NAVIGATION 2 2 0. 0. 0. 0. 0 16 16 1 0 0
9.473 14 IR_SENSORS 0 0 23 -16 264
9.473 14 GPS 3 36028477 481359546 899 185000 0 -16 0 16921480 31 0
9.587 14 SETTING 9 14 1.
9.587 14 DL_VALUE 9 1.
9.675 14 DL_VALUE 17 0.
9.675 14 WP_MOVED 8 360461.40625 4813640. 215. 31
9.705 14 NAVIGATION 2 2 0. 0. 0. 0. 0 16 16 1 0 0
9.726 14 DESIRED 0. 0.00024 0. 0. 0. 235. 0. 13.
9.728 14 GPS 3 36028477 481359546 899 185000 0 -4 0 16921720 31 0
9.729 14 SVINFO 1 8 0 1 49 23 65
9.773 14 ENERGY 0 12.5 0. 0. 0. 0.
9.774 14 NAVIGATION 2 2 0. 0. 0. 0. 0 16 16 1 0 0
9.774 14 ESTIMATOR 184.962387 -0.04
9.874 14 AIRSPEED 0. 0. 0. 0.
9.874 14 ATTITUDE 0.0023 0. -0.000365
9.957 14 NAVIGATION 2 2 0. 0. 0. 0. 0 17 17 1 0 0
9.975 14 FBW_STATUS 2 0 1 12.5 0.
9.976 14 GPS 3 36028477 481359546 899 185000 0 3 0 16921960 31 0
10.072 14 NAVIGATION_REF 360284 4813595 31 185.
10.073 14 GPS_SOL 676 676 676 7
10.174 14 WP_MOVED 9 360312.8125 4813652. 185. 31
10.207 14 NAVIGATION 2 2 0. 0. 0. 0. 0 17 17 1 0 0
10.223 14 GPS 3 36028477 481359546 899 185000 0 -21 0 16922239 31 0
10.273 14 ESTIMATOR 184.979462 -0.21
10.373 14 ATTITUDE 0.0023 0. -0.000365
10.440 14 BLOCK 3 14
10.440 14 NAVIGATION 3 0 0. 0. 0. 0. 0 0 0 1 0 0
10.455 14 NAVIGATION 3 2 0. 0. 198.624115 0. 0 0 0 0 0 0
10.473 14 GPS 3 36028477 481359546 899 185000 0 -21 0 16922480 31 0
10.673 14 IR_SENSORS 0 0 24 -16 264
10.673 14 WP_MOVED 10 360452.8125 4813581. 260. 31
10.706 14 NAVIGATION 3 2 0. 0. 198.624115 0. 0 0 0 0 0 0
10.722 14 GPS 3 36028477 481359802 3599 184997 1063 -34 0 16922720 31 0
10.772 14 DESIRED -0. 0.262039 0. -114.5 162.300003 235. 0. 13.
10.773 14 NAVIGATION 3 2 0. 2.5 198.624115 0. 0 0 0 0 0 0
10.773 14 ESTIMATOR 184.919861 -0.34
10.873 14 ENERGY 21 12.5 0.232352 2.9044 7e-05 0.00088
10.874 14 AIRSPEED 0. 0. 0. 0.
10.874 14 ATTITUDE 0.0023 6.283179 0.014652
10.956 14 TAKEOFF 27
10.956 14 NAVIGATION 3 2 0. 2.5 196.586594 2.5 1 1 1 0 0 0
10.974 14 GPS 3 36028477 481360102 3599 184986 1250 -38 0 16922960 31 0
11.156 14 FBW_STATUS 2 0 1 12.5 0.471268
11.173 14 CALIBRATION 0. 0
11.174 14 DL_VALUE 18 1.
11.174 14 WP_MOVED 11 360169.5 4813757.5 260. 31
11.207 14 NAVIGATION 3 2 0. 5.5 194.155838 5.5 1 1 1 0 0 0
11.223 14 GPS 3 36028477 481360451 3599 184987 1247 4 0 16923239 31 0
11.224 14 SVINFO 0 7 0 0 49 64 16
11.274 14 ESTIMATOR 184.832199 0.04
11.374 14 ATTITUDE -0.051608 6.281881 0.068548
11.456 14 NAVIGATION 3 2 0. 9. 191.340378 9. 1 1 1 0 0 0
11.473 14 GPS 3 36028474 481360754 3595 185042 1264 23 0 16923480 31 0
11.673 14 WP_MOVED 12 360287.59375 4813581. 260. 31
11.707 14 NAVIGATION 3 2 -0.03125 12. 188.926407 12.000041 1 1 1 0 0 0
11.724 14 GPS 3 36028467 481361065 3585 185185 1294 59 0 16923720 31 0
11.774 14 NAVIGATION 3 2 -0.0625 15. 188.926407 12.000041 1 1 1 0 0 0
11.775 14 ESTIMATOR 185.011139 0.59
11.824 14 DESIRED -0.291746 0.279603 0. -114.5 162.300003 235. 0. 13.
11.874 14 IR_SENSORS 0 0 60 -62 251
11.874 14 AIRSPEED 0. 0. 0. 0.
11.874 14 ATTITUDE -0.179333 6.258708 0.147374
11.956 14 NAVIGATION 3 2 -0.0625 15. 186.529449 15.000131 2 2 2 0 0 0
11.973 14 FBW_STATUS 2 0 1 12.5 1.28314
11.973 14 ENERGY 76 12.5 1.263894 15.798673 0.00139 0.017377
11.973 14 GPS 3 36028450 481361384 3570 185449 1333 120 0 16923960 31 0
12.073 14 GPS_SOL 683 683 683 7
12.173 14 WP_MOVED 13 360311.5 4813547. 260. 31
12.206 14 NAVIGATION 3 2 -0.28125 18.5 183.641937 18.502138 2 2 2 0 0 0
12.223 14 GPS 3 36028415 481361769 3544 185942 1387 204 0 16924239 31 0
12.273 14 ESTIMATOR 185.638245 2.04
12.374 14 ATTITUDE -0.284935 6.18593 0.223192
12.457 14 NAVIGATION 3 2 -0.59375 22. 180.717255 22.008011 2 2 2 0 0 0
12.473 14 GPS 3 36028368 481362108 3520 186539 1425 265 0 16924480 31 0
12.673 14 DL_VALUE 19 0.
12.674 14 WP_MOVED 14 360300.6875 4813575.5 260. 31
12.706 14 NAVIGATION 3 2 -1.0625 25.5 177.714111 25.522125 2 2 2 0 0 0
12.723 14 GPS 3 36028303 481362451 3492 187300 1453 338 0 16924720 31 0
12.774 14 NAVIGATION 3 2 -1.71875 29. 177.714111 25.522125 2 2 2 0 0 0
12.775 14 ESTIMATOR 187.011032 3.38
12.874 14 DESIRED -0.323262 0.296506 0. -114.5 162.300003 235. 0. 13.
12.874 14 AIRSPEED 0. 0. 0. 0.
12.874 14 ATTITUDE -0.333183 6.095834 0.290264
12.957 14 NAVIGATION 3 2 -1.71875 29. 174.609558 29.050888 3 3 3 0 0 0
12.974 14 GPS 3 36028220 481362793 3463 188209 1467 409 0 16924960 31 0
13.056 14 COMMANDS 8524,158,-91,0
13.073 14 IR_SENSORS 0 0 96 -97 230
13.073 14 ENERGY 88 12.5 1.627817 20.347708 0.004288 0.053603
13.157 14 FBW_STATUS 2 0 1 12.5 1.627817
13.173 14 WP_MOVED 15 360297.6875 4813554.5 260. 31
13.206 14 NAVIGATION 3 2 -2.5625 32.5 171.400253 32.600864 3 3 3 0 0 0
13.223 14 GPS 3 36028100 481363187 3426 189423 1471 458 0 16925239 31 0
13.274 14 COMMANDS 8524,268,-290,0
13.274 14 CALIBRATION 0. 0
13.274 14 ESTIMATOR 189.085785 4.58
13.373 14 STATE_FILTER_STATUS 2 3 424
13.374 14 ATTITUDE -0.330408 5.980423 0.324457
13.456 14 NAVIGATION 3 2 -3.75 36.5 167.604309 36.692131 3 3 3 0 0 0
13.474 14 GPS 3 36027980 481363518 3399 190562 1468 478 0 16925480 31 0
13.572 14 PPRZ_MODE 2 1 2 0 0 6
13.673 14 ALIVE 179,209,69,119,115,11,176,21,181,244,80,210,55,176,198,136
13.674 14 WP_MOVED 16 361184. 4813643. 260. 31
13.706 14 NAVIGATION 3 2 -4.9375 39.5 164.571503 39.807396 3 3 3 0 0 0
13.723 14 GPS 3 36027844 481363842 3371 191765 1461 504 0 16925720 31 0
13.775 14 DATALINK_REPORT 3 4 755 537 0 0
13.775 14 NAVIGATION 3 2 -6.3125 43. 164.571503 39.807396 3 3 3 0 0 0
13.776 14 ESTIMATOR 191.576126 5.04
13.874 14 AIRSPEED 0. 0. 0. 0.
13.874 14 ATTITUDE -0.298795 5.884819 0.337394
13.924 14 DESIRED -0.245129 0.292379 0. -114.5 162.300003 235. 0. 13.
13.957 14 NAVIGATION 3 2 -6.3125 43. 161.049774 43.460876 4 4 4 0 0 0
13.973 14 FBW_STATUS 2 0 1 12.5 1.627817
13.973 14 GPS 3 36027694 481364156 3344 193005 1452 516 0 16925960 31 0
14.073 14 GPS_SOL 689 689 689 7
14.173 14 DL_VALUE 20 0.
14.173 14 ENERGY 88 12.5 1.627817 20.347708 0.007273 0.090908
14.173 14 WP_MOVED 17 361184. 4813643. 260. 31
14.206 14 NAVIGATION 3 2 -7.78125 46. 157.843536 46.653488 4 4 4 0 0 0
14.223 14 GPS 3 36027503 481364512 3314 194472 1441 514 0 16926239 31 0
14.274 14 IR_SENSORS 0 0 104 -78 233
14.274 14 ESTIMATOR 194.247177 5.14
14.342 14 WIND_INFO 14 5 -1.3 1.2 0. 13.
14.374 14 ATTITUDE -0.251207 5.784029 0.327384
14.456 14 NAVIGATION 3 2 -9.71875 49.5 153.957626 50.445061 4 4 4 0 0 0
14.473 14 GPS 3 36027327 481364808 3293 195728 1433 526 0 16926480 31 0
14.674 14 WP_MOVED 18 360289. 4813605. 220. 31
14.706 14 NAVIGATION 3 2 -11.46875 52.5 150.570511 53.738091 4 4 4 0 0 0
14.723 14 GPS 3 36027142 481365097 3273 196973 1427 538 0 16926720 31 0
14.773 14 NAVIGATION 3 2 -13.3125 55.5 150.570511 53.738091 4 4 4 0 0 0
14.774 14 ESTIMATOR 196.916824 5.38
14.874 14 AIRSPEED 13. 0. 0. 0.
14.874 14 ATTITUDE -0.187063 5.748477 0.312565
14.956 14 NAVIGATION 3 2 -13.3125 55.5 147.12291 57.074272 5 5 5 0 0 0
14.974 14 DESIRED -0.118935 0.280364 0. -114.5 162.300003 235. 0. 13.
14.975 14 GPS 3 36026949 481365378 3255 198197 1422 529 0 16926960 31 0
15.157 14 FBW_STATUS 2 0 1 12.5 1.627817
15.174 14 WP_MOVED 19 360289. 4813610. 500. 31
15.206 14 NAVIGATION 3 2 -15.28125 58.5 143.592484 60.462936 5 5 5 0 0 0
15.223 14 GPS 3 36026715 481365699 3236 199597 1419 507 0 16927239 31 0
15.273 14 ENERGY 88 12.5 1.627817 20.347708 0.010257 0.128212
15.273 14 ESTIMATOR 199.575134 5.07
15.373 14 CALIBRATION 0. 0
15.374 14 ATTITUDE -0.140913 5.676218 0.293952
15.456 14 NAVIGATION 3 2 -17.59375 61.5 139.826538 63.967102 5 5 5 0 0 0
15.473 14 IR_SENSORS 0 0 96 -47 243
15.473 14 GPS 3 36026508 481365969 3225 200771 1418 496 0 16927480 31 0
15.673 14 DL_VALUE 21 0.
15.673 14 WP_MOVED 20 360289. 4813620. 300. 31
15.708 14 NAVIGATION 3 2 -19.65625 64.5 136.235748 67.428612 5 5 5 0 0 0
15.725 14 GPS 3 36026296 481366236 3214 201922 1418 486 0 16927720 31 0
15.774 14 NAVIGATION 3 2 -21.78125 67. 136.235748 67.428612 5 5 5 0 0 0
15.774 14 ESTIMATOR 202.027603 4.86
15.873 14 AIRSPEED 13. 0. 0. 0.
15.873 14 ATTITUDE -0.102979 5.631288 0.279087
15.956 14 NAVIGATION 3 2 -21.78125 67. 132.961868 70.451561 6 6 6 0 0 0
15.975 14 FBW_STATUS 2 0 1 12.5 1.627817
15.976 14 GPS 3 36026079 481366498 3204 203053 1420 482 0 16927960 31 0
16.026 14 DESIRED -0.061736 0.271219 0. -114.5 162.300003 235. 0. 13.
16.074 14 GPS_SOL 693 693 693 7
16.173 14 WP_MOVED 21 360289. 4813625. 400. 31
16.206 14 NAVIGATION 3 2 -23.9375 69.5 129.666519 73.506828 6 6 6 0 0 0
16.224 14 GPS 3 36025820 481366802 3194 204352 1423 478 0 16928239 31 0
16.273 14 AUTOPILOT_VERSION 51500 v5.15_devel-179-g9a29798-dirty
16.274 14 ESTIMATOR 204.38678 4.78
16.374 14 ENERGY 88 12.5 1.627817 20.347708 0.013241 0.165516
16.374 14 ATTITUDE -0.07396 5.591923 0.269284
16.457 14 NAVIGATION 3 2 -26.5625 72.5 125.686295 77.212799 6 6 6 0 0 0
16.472 14 GPS 3 36025595 481367059 3188 205452 1425 478 0 16928480 31 0
16.673 14 IR_SENSORS 0 0 91 -31 248
16.674 14 WP_MOVED 22 360289. 4813645. 250. 31
16.707 14 NAVIGATION 3 2 -28.78125 75. 122.347839 80.332809 6 6 6 0 0 0
16.723 14 GPS 3 36025367 481367315 3182 206543 1428 464 0 16928720 31 0
16.774 14 NAVIGATION 3 2 -31.0625 78. 122.347839 80.332809 6 6 6 0 0 0
16.774 14 ESTIMATOR 206.691849 4.64
16.873 14 AIRSPEED 13. 0. 0. 0.
16.874 14 ATTITUDE -0.053575 5.56785 0.264415
16.957 14 NAVIGATION 3 2 -31.0625 78. 118.609894 83.957603 7 7 7 0 0 0
16.975 14 GPS 3 36025135 481367569 3177 207629 1431 441 0 16928960 31 0
17.073 14 DESIRED -0.032805 0.266551 0. -114.5 162.300003 235. 0. 13.
17.157 14 FBW_STATUS 2 0 1 12.5 1.627817
17.174 14 DL_VALUE 22 0.
17.174 14 WP_MOVED 0 360326. 4813637. 260. 31
17.207 14 NAVIGATION 3 2 -33.375 80.5 115.20636 87.144363 7 7 7 0 0 0
17.224 14 GPS 3 36024863 481367865 3172 208893 1435 443 0 16929239 31 0
17.273 14 ESTIMATOR 208.895981 4.43
17.372 14 ATTITUDE -0.037635 5.547754 0.260857
17.457 14 NAVIGATION 3 2 -36.125 83. 111.49498 90.520805 7 7 7 0 0 0
17.474 14 CALIBRATION 0. 0
17.474 14 ENERGY 88 12.5 1.627817 20.347708 0.016226 0.20282
17.475 14 GPS 3 36024627 481368117 3169 209977 1437 458 0 16929480 31 0
17.672 14 WP_MOVED 1 360284. 4813595. 260. 31
17.707 14 NAVIGATION 3 2 -38.46875 86. 107.71463 94.2117 7 7 7 0 0 0
17.725 14 GPS 3 36024390 481368368 3166 211062 1439 480 0 16929720 31 0
17.774 14 NAVIGATION 3 2 -40.84375 88.5 107.71463 94.2117 7 7 7 0 0 0
17.775 14 ESTIMATOR 211.12114 4.8
17.873 14 IR_SENSORS 0 0 90 -22 249
17.874 14 AIRSPEED 13. 0. 0. 0.
17.874 14 ATTITUDE -0.025293 5.536169 0.259568
17.956 14 NAVIGATION 4 0 -40.84375 88.5 0. 97.470314 8 0 0 0 0 0
17.972 14 FBW_STATUS 2 0 1 12.5 1.627817
17.972 14 GPS 3 36024152 481368618 3164 212150 1441 483 0 16929960 31 0
18.056 14 COMMANDS 8524,5,53,0
18.074 14 GPS_SOL 697 697 697 7
18.126 14 DESIRED -0.020517 0.264019 0. -114.5 162.300003 235. 0. 13.
18.174 14 WP_MOVED 2 360333.5 4813695. 260. 31
18.209 14 NAVIGATION 4 0 -43.21875 90.5 0. 100.290131 8 0 0 0 0 0
18.222 14 CIRCLE 49.5 100.099998 80.
18.223 14 GPS 3 36023872 481368910 3161 213424 1442 476 0 16930239 31 0
18.273 14 COMMANDS 8524,4287,511,0
18.273 14 ESTIMATOR 213.469025 4.76
18.374 14 STATE_FILTER_STATUS 2 3 354
18.374 14 ATTITUDE 0.006666 5.527193 0.263116
18.456 14 NAVIGATION 4 0 -46.03125 93.5 0. 104.216728 8 0 0 0 0 0
18.473 14 GPS 3 36023632 481369160 3161 214521 1443 481 0 16930480 31 0
18.573 14 PPRZ_MODE 2 3 2 2 0 6
18.573 14 ENERGY 88 12.5 1.627817 20.347708 0.01921 0.240125
18.674 14 ALIVE 179,209,69,119,115,11,176,21,181,244,80,210,55,176,198,136
18.674 14 DL_VALUE 23 0.
18.674 14 WP_MOVED 3 360294.09375 4813785. 260. 31
18.706 14 NAVIGATION 4 0 -48.4375 96. 0. 107.527634 8 0 0 0 0 0
18.723 14 GPS 3 36023394 481369412 3165 215624 1443 483 0 16930720 31 0
18.774 14 NAVIGATION 4 0 -50.84375 98.5 0. 107.527634 8 0 0 0 0 0
18.774 14 ESTIMATOR 215.774078 4.83
18.873 14 DATALINK_REPORT 4 5 873 523 0 0
18.874 14 AIRSPEED 13. 0. 0. 0.
18.874 14 ATTITUDE 0.139295 5.535163 0.271504
18.956 14 NAVIGATION 4 0 -50.84375 98.5 0. 110.848259 9 1 1 0 0 0
18.974 14 GPS 3 36023161 481369667 3176 216737 1443 483 0 16930960 31 0
19.074 14 NAVIGATION_REF 360284 4813595 31 185.
19.076 14 IR_SENSORS 0 0 94 32 246
19.157 14 FBW_STATUS 2 0 1 12.5 1.627817
19.174 14 DESIRED 0.571473 0.322574 0. -7.963234 155.75946 260. 1.326778 13.
19.175 14 WP_MOVED 4 360416.3125 4813734. 260. 31
19.207 14 NAVIGATION 4 0 -53.15625 101. 0. 114.134071 9 1 1 0 0 0
19.223 14 GPS 3 36022898 481369974 3196 218050 1442 489 0 16931239 31 0
19.274 14 CIRCLE 49.5 100.099998 80.
19.274 14 ESTIMATOR 218.106583 4.89
19.374 14 ATTITUDE 0.270536 5.595932 0.293952
19.456 14 NAVIGATION 4 0 -55.78125 104.5 0. 118.455887 9 1 1 0 0 0
19.474 14 GPS 3 36022684 481370245 3217 219189 1441 482 0 16931480 31 0
19.573 14 CALIBRATION 0. 1
19.674 14 ENERGY 88 12.5 1.627817 20.347708 0.022194 0.277428
19.674 14 WP_MOVED 5 360421. 4813583.5 260. 31
19.706 14 NAVIGATION 4 0 -57.90625 107. 0. 121.664017 9 1 1 0 0 0
19.724 14 GPS 3 36022484 481370527 3246 220339 1439 491 0 16931720 31 0
19.725 14 SVINFO 6 13 0 6 48 61 321
19.774 14 NAVIGATION 4 0 -59.90625 110. 0. 121.664017 9 1 1 0 0 0
19.775 14 ESTIMATOR 220.457153 4.91
19.873 14 AIRSPEED 13. 0. 0. 0.
19.873 14 ATTITUDE 0.401226 5.694591 0.321762
19.957 14 NAVIGATION 4 0 -59.90625 110. 0. 125.254776 10 2 2 0 0 0
19.972 14 FBW_STATUS 2 0 1 12.5 1.627817
19.973 14 GPS 3 36022301 481370820 3281 221498 1436 491 0 16931960 31 0
20.073 14 GPS_SOL 699 699 699 7
20.174 14 DL_VALUE 24 0.
20.174 14 WP_MOVED 6 360164.8125 4813664.5 260. 31
20.207 14 NAVIGATION 4 0 -61.75 112.5 0. 128.332825 10 2 2 0 0 0
20.224 14 DESIRED 0.569976 0.352205 0. -0.454018 162.586761 260. 1.1509 13.
20.224 14 GPS 3 36022117 481371176 3333 222857 1434 477 0 16932239 31 0
20.274 14 IR_SENSORS 0 0 104 107 223
20.274 14 ESTIMATOR 222.862274 4.77
20.323 14 CIRCLE 49.5 100.099998 80.
20.373 14 ATTITUDE 0.524668 5.867353 0.356274
20.456 14 NAVIGATION 4 0 -63.59375 116. 0. 132.288193 10 2 2 0 0 0
20.473 14 GPS 3 36021987 481371495 3378 224020 1432 466 0 16932480 31 0
20.673 14 WP_MOVED 7 360558.40625 4813804.5 260. 31
20.706 14 NAVIGATION 4 0 -64.875 119.5 0. 135.974319 10 2 2 0 0 0
20.723 14 GPS 3 36021888 481371823 3431 225180 1430 481 0 16932720 31 0
20.774 14 ENERGY 88 12.5 1.627817 20.347708 0.025179 0.314731
20.774 14 NAVIGATION 4 0 -65.875 122.5 0. 135.974319 10 2 2 0 0 0
20.774 14 ESTIMATOR 225.20285 4.81
20.873 14 AIRSPEED 13. 0. 0. 0.
20.874 14 ATTITUDE 0.578967 6.060098 0.374519
20.956 14 NAVIGATION 4 0 -65.875 122.5 0. 139.08905 11 3 3 0 0 0
20.974 14 GPS 3 36021821 481372160 3488 226336 1429 489 0 16932960 31 0
21.156 14 FBW_STATUS 2 0 1 12.5 1.627817
21.174 14 WP_MOVED 8 360461.40625 4813640. 215. 31
21.206 14 NAVIGATION 4 0 -66.5625 126. 0. 142.501114 11 3 3 0 0 0
21.224 14 GPS 3 36021786 481372558 3559 227685 1428 483 0 16933239 31 0
21.225 14 SVINFO 5 12 1 5 48 88 271
21.273 14 DESIRED 0.545411 0.359736 0. 6.610016 167.631104 260. 1.008375 13.
21.274 14 ESTIMATOR 227.629242 4.83
21.374 14 CIRCLE 49.5 100.099998 80.
21.374 14 ATTITUDE 0.56993 0.02182 0.376381
21.457 14 NAVIGATION 4 0 -66.90625 130. 0. 146.206863 11 3 3 0 0 0
21.473 14 IR_SENSORS 0 0 108 119 217
21.473 14 GPS 3 36021793 481372901 10 228842 1427 486 0 16933480 31 0
21.673 14 CALIBRATION 0. 1
21.673 14 DL_VALUE 25 0.
21.673 14 WP_MOVED 9 360312.8125 4813652. 185. 31
21.706 14 NAVIGATION 4 0 -66.4375 137. 0. 152.25946 11 3 3 0 0 0
21.725 14 GPS 3 36021832 481373241 65 230001 1427 475 0 16933720 31 0
21.776 14 NAVIGATION 4 0 -66.4375 137. 0. 152.25946 11 3 3 0 0 0
21.776 14 ESTIMATOR 230.039642 4.75
21.874 14 ENERGY 88 12.5 1.627817 20.347708 0.028163 0.352035
21.874 14 AIRSPEED 13. 0. 0. 0.
21.875 14 ATTITUDE 0.533726 0.222436 0.365413
21.956 14 NAVIGATION 4 0 -65.71875 140. 0. 154.657532 12 4 4 0 0 0
21.973 14 FBW_STATUS 2 0 1 12.5 1.627817
21.973 14 GPS 3 36021903 481373576 118 231163 1426 485 0 16933960 31 0
22.072 14 GPS_SOL 699 699 699 7
22.174 14 WP_MOVED 10 360452.8125 4813581. 260. 31
22.206 14 NAVIGATION 4 0 -65.71875 140. 0. 154.657532 12 4 4 0 0 0
22.224 14 GPS 3 36022021 481373957 181 232523 1425 484 0 16934239 31 0
22.273 14 ESTIMATOR 232.448746 4.84
22.324 14 DESIRED 0.487829 0.351823 0. 14.556931 172.065155 260. 0.863681 13.
22.373 14 ATTITUDE 0.493823 0.435431 0.354724
22.423 14 CIRCLE 49.5 100.099998 80.
22.456 14 NAVIGATION 4 0 -64.5625 144. 0. 157.81102 12 4 4 0 0 0
22.474 14 GPS 3 36022153 481374273 225 233692 1424 486 0 16934480 31 0
22.673 14 IR_SENSORS 0 0 106 100 225
22.674 14 WP_MOVED 11 360169.5 4813757.5 260. 31
22.707 14 NAVIGATION 4 0 -63.21875 147. 0. 160.017532 12 4 4 0 0 0
22.724 14 GPS 3 36022309 481374577 271 234862 1423 478 0 16934719 31 0
22.774 14 NAVIGATION 4 0 -61.65625 150.5 0. 160.017532 12 4 4 0 0 0
22.774 14 ESTIMATOR 234.877014 4.78
22.873 14 AIRSPEED 13. 0. 0. 0.
22.874 14 ATTITUDE 0.475706 0.597992 0.347664
22.957 14 NAVIGATION 4 0 -61.65625 150.5 0. 162.639923 13 5 5 0 0 0
22.974 14 ENERGY 88 12.5 1.627817 20.347708 0.031147 0.389338
22.974 14 GPS 3 36022488 481374867 317 236031 1422 466 0 16934960 31 0
23.057 14 COMMANDS 8524,-271,31,0
23.156 14 FBW_STATUS 2 0 1 12.5 1.627817
23.179 14 DL_VALUE 26 160.
23.182 14 WP_MOVED 12 360287.59375 4813581. 260. 31
23.205 14 NAVIGATION 4 0 -59.875 153.5 0. 164.764267 13 5 5 0 0 0
23.222 14 GPS 3 36022726 481375187 373 237395 1422 492 0 16935239 31 0
23.272 14 COMMANDS 8524,-327,35,0
23.273 14 ESTIMATOR 237.269714 4.92
23.374 14 STATE_FILTER_STATUS 2 3 425
23.375 14 DESIRED 0.410182 0.346496 0. 23.484852 175.751923 260. 0.718157 13.
23.375 14 ATTITUDE 0.446359 0.775847 0.344307
23.457 14 NAVIGATION 4 0 -57.46875 156.5 0. 166.718048 13 5 5 0 0 0
23.473 14 CIRCLE 49.5 100.099998 80.
23.473 14 GPS 3 36022951 481375444 412 238564 1421 495 0 16935480 31 0
23.573 14 PPRZ_MODE 2 3 2 2 0 6
23.675 14 ALIVE 179,209,69,119,115,11,176,21,181,244,80,210,55,176,198,136
23.675 14 WP_MOVED 13 360311.5 4813547. 260. 31
23.707 14 NAVIGATION 4 0 -55.21875 159. 0. 168.315506 13 5 5 0 0 0
23.722 14 GPS 3 36023193 481375683 453 239736 1421 481 0 16935719 31 0
23.775 14 CALIBRATION 0. 1
23.775 14 NAVIGATION 4 0 -52.84375 161.5 0. 168.315506 13 5 5 0 0 0
23.776 14 ESTIMATOR 239.749115 4.81
23.873 14 IR_SENSORS 0 0 105 84 231
23.874 14 AIRSPEED 13. 0. 0. 0.
23.874 14 ATTITUDE 0.415421 0.914702 0.339361
23.956 14 NAVIGATION 4 0 -52.84375 161.5 0. 169.925598 14 6 6 0 0 0
23.974 14 DATALINK_REPORT 10 5 997 535 0 0
23.975 14 FBW_STATUS 2 0 1 12.5 1.627817
23.975 14 GPS 3 36023452 481375906 493 240911 1420 472 0 16935960 31 0
24.073 14 GPS_SOL 699 699 699 7
24.074 14 ENERGY 88 12.5 1.627817 20.347708 0.034132 0.426641
24.172 14 WP_MOVED 14 360300.6875 4813575.5 260. 31
24.205 14 NAVIGATION 4 0 -50.21875 163.5 0. 171.038513 14 6 6 0 0 0
24.222 14 GPS 3 36023771 481376143 539 242289 1419 478 0 16936239 31 0
24.273 14 ESTIMATOR 242.164246 4.78
24.342 14 WIND_INFO 14 5 -0. 1.5 0. 13.
24.374 14 ATTITUDE 0.36523 1.060709 0.334521
24.424 14 DESIRED 0.310767 0.311564 0. 32.113564 178.187836 260. 0.571766 13.
24.456 14 NAVIGATION 4 0 -47.03125 166. 0. 172.533875 14 6 6 0 0 0
24.474 14 GPS 3 36024056 481376327 571 243476 1415 484 0 16936480 31 0
24.474 14 SVINFO 4 11 1 4 48 81 223
24.523 14 CIRCLE 49.5 100.099998 80.
24.672 14 DL_VALUE 27 0.
24.672 14 WP_MOVED 15 360297.6875 4813554.5 260. 31
24.706 14 NAVIGATION 4 0 -44.1875 167.5 0. 173.230438 14 6 6 0 0 0
24.723 14 GPS 3 36024349 481376494 603 244661 1404 496 0 16936719 31 0
24.773 14 NAVIGATION 4 0 -41.28125 169.5 0. 173.230438 14 6 6 0 0 0
24.774 14 ESTIMATOR 244.615036 4.96
24.874 14 AIRSPEED 13. 0. 0. 0.
24.874 14 ATTITUDE 0.296952 1.151432 0.319643
24.957 14 NAVIGATION 4 0 -41.28125 169.5 0. 174.454559 15 7 7 0 0 0
24.974 14 GPS 3 36024646 481376643 633 245827 1383 484 0 16936960 31 0
24.975 14 SVINFO 6 13 1 6 47 52 324
25.073 14 IR_SENSORS 0 0 101 51 241
25.157 14 FBW_STATUS 2 0 1 12.5 0.943552
25.174 14 ENERGY 59 12.5 0.943552 11.794402 0.036582 0.457262
25.174 14 WP_MOVED 16 361184. 4813643. 260. 31
25.206 14 NAVIGATION 4 0 -38.28125 171. 0. 175.232574 15 7 7 0 0 0
25.224 14 GPS 3 36024992 481376795 666 247133 1345 472 0 16937239 31 0
25.273 14 ESTIMATOR 247.077072 4.72
25.374 14 ATTITUDE 0.245943 1.270535 0.29253
25.457 14 NAVIGATION 4 0 -34.84375 172.5 0. 175.983902 15 7 7 0 0 0
25.474 14 DESIRED 0.172827 0.126122 0. 43.421696 179.868744 260. 0.387688 13.
25.474 14 GPS 3 36025286 481376908 689 248173 1311 433 0 16937480 31 0
25.574 14 CIRCLE 49.5 100.099998 80.
25.673 14 WP_MOVED 17 361184. 4813643. 260. 31
25.706 14 NAVIGATION 4 0 -31.875 173.5 0. 176.403702 15 7 7 0 0 0
25.723 14 GPS 3 36025575 481377006 713 249113 1268 382 0 16937719 31 0
25.774 14 NAVIGATION 4 0 -29. 174.5 0. 176.403702 15 7 7 0 0 0
25.774 14 ESTIMATOR 249.265244 3.82
25.874 14 CALIBRATION 150. 2
25.874 14 AIRSPEED 13. 0. 0. 0.
25.875 14 ATTITUDE 0.206986 1.360739 0.253713
25.956 14 NAVIGATION 4 0 -29. 174.5 0. 176.893326 16 8 8 0 0 0
25.973 14 FBW_STATUS 2 0 1 12.5 0.392143
25.974 14 GPS 3 36025855 481377089 735 249928 1219 329 0 16937960 31 0
26.076 14 GPS_SOL 697 697 697 7
26.172 14 DL_VALUE 28 0.32
26.173 14 WP_MOVED 18 360289. 4813605. 220. 31
26.207 14 NAVIGATION 4 0 -26.1875 175.5 0. 177.443054 16 8 8 0 0 0
26.224 14 GPS 3 36026172 481377168 762 250699 1155 261 0 16938239 31 0
26.273 14 IR_SENSORS 0 0 76 26 253
26.274 14 ENERGY 17 12.5 0.250282 3.128526 0.037604 0.470042
26.274 14 ESTIMATOR 250.89856 2.61
26.373 14 ATTITUDE 0.160941 1.459713 0.196225
26.457 14 NAVIGATION 4 0 -23.03125 176. 0. 177.500534 16 8 8 0 0 0
26.473 14 GPS 3 36026433 481377224 780 251194 1112 203 0 16938480 31 0
26.474 14 SVINFO 5 12 1 5 47 85 274
26.524 14 DESIRED 0.077021 0.028756 0. 51.315189 180.079407 260. 0.273043 13.
26.623 14 CIRCLE 49.5 100.099998 80.
26.673 14 WP_MOVED 19 360289. 4813610. 500. 31
26.706 14 NAVIGATION 4 0 -20.4375 176.5 0. 177.679321 16 8 8 0 0 0
26.724 14 GPS 3 36026687 481377270 797 251536 1076 153 0 16938719 31 0
26.774 14 NAVIGATION 4 0 -17.875 177.5 0. 177.679321 16 8 8 0 0 0
26.775 14 ESTIMATOR 251.856079 1.53
26.874 14 AIRSPEED 13. 0. 0. 0.
26.874 14 ATTITUDE 0.10931 1.532125 0.13755
26.956 14 NAVIGATION 4 0 -17.875 177.5 0. 178.397766 17 9 9 0 0 0
26.973 14 GPS 3 36026938 481377308 813 251740 1057 82 0 16938960 31 0
27.157 14 FBW_STATUS 2 0 1 12.5 0.21287
27.174 14 WP_MOVED 20 360289. 4813620. 300. 31
27.207 14 NAVIGATION 4 0 -15.375 177.5 0. 178.164642 17 9 9 0 0 0
27.223 14 GPS 3 36027230 481377345 828 251835 1052 41 0 16939239 31 0
27.273 14 ESTIMATOR 252.191986 0.41
27.374 14 AUTOPILOT_VERSION 51500 v5.15_devel-179-g9a29798-dirty
27.375 14 ENERGY 18 12.5 0.216498 2.706225 0.037986 0.474813
27.375 14 ATTITUDE 0.074326 1.589677 0.090901
27.456 14 NAVIGATION 4 0 -12.4375 178. 0. 178.43399 17 9 9 0 0 0
27.473 14 IR_SENSORS 0 0 44 1 262
27.474 14 GPS 3 36027483 481377373 838 251820 1059 15 0 16939480 31 0
27.572 14 DESIRED 0.035165 0.018257 0. 58.573116 179.583832 260. 0.23424 13.
27.674 14 DL_VALUE 29 0.
27.674 14 CIRCLE 49.5 100.099998 80.
27.674 14 WP_MOVED 21 360289. 4813625. 400. 31
27.707 14 NAVIGATION 4 0 -9.90625 178.5 0. 178.774673 17 9 9 0 0 0
27.723 14 GPS 3 36027739 481377397 846 251742 1072 -26 0 16939719 31 0
27.724 14 SVINFO 3 10 1 3 48 48 175
27.775 14 NAVIGATION 4 0 -7.34375 178.5 0. 178.774673 17 9 9 0 0 0
27.775 14 ESTIMATOR 252.089783 -0.26
27.873 14 AIRSPEED 13. 0. 0. 0.
27.874 14 ATTITUDE 0.051426 1.61741 0.052501
27.956 14 NAVIGATION 4 0 -7.34375 178.5 0. 178.651001 18 10 10 0 0 0
27.973 14 CALIBRATION 139.819336 0
27.974 14 FBW_STATUS 2 0 1 12.5 0.235579
27.974 14 GPS 3 36028000 481377418 852 251620 1089 -51 0 16939960 31 0
28.069 14 COMMANDS 1921,-100,-298,0
28.072 14 NAVIGATION_REF 360284 4813595 31 185.
28.072 14 GPS_SOL 694 694 694 7
28.173 14 WP_MOVED 22 360289. 4813645. 250. 31
28.206 14 NAVIGATION 4 0 -4.75 178.5 0. 178.563187 18 10 10 0 0 0
28.224 14 GPS 3 36028310 481377441 859 251440 1112 -65 0 16940239 31 0
28.273 14 COMMANDS 2027,-56,-164,0
28.273 14 ESTIMATOR 251.702484 -0.65
28.374 14 STATE_FILTER_STATUS 2 3 301
28.374 14 ATTITUDE 0.036323 1.634936 0.025885
28.456 14 NAVIGATION 4 0 -1.625 179. 0. 179.00737 18 10 10 0 0 0
28.473 14 ENERGY 22 12.5 0.273364 3.417048 0.038422 0.480265
28.474 14 GPS 3 36028581 481377458 863 251269 1131 -95 0 16940480 31 0
28.474 14 SVINFO 6 13 1 6 46 46 326
28.576 14 PPRZ_MODE 2 3 2 2 0 6
28.624 14 DESIRED 0.030978 0.015441 0. 66.211983 178.334961 260. 0.248925 13.
28.674 14 ALIVE 179,209,69,119,115,11,176,21,181,244,80,210,55,176,198,136
28.674 14 IR_SENSORS 0 0 26 -9 264
28.674 14 WP_MOVED 0 360326. 4813637. 260. 31
28.707 14 NAVIGATION 4 0 1.0625 179. 0. 179.003159 18 10 10 0 0 0
28.724 14 CIRCLE 49.5 100.099998 80.
28.724 14 GPS 3 36028857 481377474 866 251093 1152 -93 0 16940719 31 0
28.774 14 NAVIGATION 4 0 3.8125 179. 0. 179.003159 18 10 10 0 0 0
28.774 14 ESTIMATOR 251.19693 -0.93
28.874 14 AIRSPEED 13. 0. 0. 0.
28.874 14 ATTITUDE 0.028754 1.642966 0.007149
28.956 14 NAVIGATION 4 0 3.8125 179. 0. 179.040604 19 11 11 0 0 0
28.973 14 GPS 3 36029138 481377489 869 250917 1173 -109 0 16940960 31 0
29.072 14 DATALINK_REPORT 5 6 1123 546 0 0
29.157 14 FBW_STATUS 2 0 1 12.5 0.355206
29.175 14 DL_VALUE 30 0.01
29.175 14 WP_MOVED 1 360284. 4813595. 260. 31
29.207 14 NAVIGATION 4 0 6.625 179.5 0. 179.622223 19 11 11 0 0 0
29.224 14 GPS 3 36029472 481377505 873 250723 1198 -104 0 16941239 31 0
29.224 14 SVINFO 2 9 0 2 48 10 126
29.273 14 ESTIMATOR 250.690872 -1.04
29.374 14 ATTITUDE 0.028754 1.649552 -0.004125
29.457 14 NAVIGATION 4 0 9.96875 179.5 0. 179.776596 19 11 11 0 0 0
29.473 14 GPS 3 36029764 481377517 876 250571 1216 -102 0 16941480 31 0
29.572 14 ENERGY 30 12.5 0.403252 5.04065 0.039043 0.488032
29.673 14 DESIRED 0.04509 0.017353 0. 74.927353 175.951508 260. 0.279274 13.
29.674 14 WP_MOVED 2 360333.5 4813695. 260. 31
29.706 14 NAVIGATION 4 0 12.875 179.5 0. 179.961151 19 11 11 0 0 0
29.723 14 GPS 3 36030060 481377528 879 250437 1235 -108 0 16941719 31 0
29.724 14 SVINFO 4 11 1 4 47 86 226
29.774 14 CIRCLE 49.5 100.099998 80.
29.774 14 NAVIGATION 4 0 15.84375 180. 0. 179.961151 19 11 11 0 0 0
29.774 14 ESTIMATOR 250.269745 -1.08
29.874 14 IR_SENSORS 0 0 22 -7 264
29.874 14 AIRSPEED 13. 0. 0. 0.
29.874 14 ATTITUDE 0.036323 1.655792 -0.004125
29.956 14 NAVIGATION 4 0 15.84375 180. 0. 180.695938 20 12 12 0 0 0
29.973 14 FBW_STATUS 2 0 1 12.5 0.455191
29.974 14 GPS 3 36030361 481377537 882 250323 1252 -104 0 16941960 31 0
29.975 14 SVINFO 5 12 0 5 46 82 276
30.076 14 CALIBRATION -9.670714 0
30.076 14 GPS_SOL 690 690 690 7
30.174 14 WP_MOVED 3 360294.09375 4813785. 260. 31
30.207 14 NAVIGATION 4 0 18.84375 180. 0. 180.983658 20 12 12 0 0 0
30.223 14 GPS 3 36030716 481377545 887 250221 1273 -75 0 16942239 31 0
30.274 14 ESTIMATOR 249.92514 -0.75
30.373 14 ATTITUDE 0.047681 1.666513 -0.000365
30.456 14 NAVIGATION 4 0 22.40625 180. 0. 181.389191 20 12 12 0 0 0
30.473 14 GPS 3 36031025 481377550 891 250160 1286 -75 0 16942480 31 0
30.674 14 DL_VALUE 31 0.1
30.674 14 ENERGY 38 12.5 0.533333 6.666657 0.039906 0.498816
30.674 14 WP_MOVED 4 360416.3125 4813734. 260. 31
30.707 14 NAVIGATION 4 0 25.5 180. 0. 181.797272 20 12 12 0 0 0
30.723 14 DESIRED 0.085125 0.025367 0. 87.403717 170.550751 260. 0.304615 13.
30.724 14 GPS 3 36031337 481377551 896 250126 1299 -53 0 16942719 31 0
30.774 14 NAVIGATION 4 0 28.625 180. 0. 181.797272 20 12 12 0 0 0
30.774 14 ESTIMATOR 249.778763 -0.53
30.823 14 CIRCLE 49.5 100.099998 80.
30.874 14 AIRSPEED 13. 0. 0. 0.
30.874 14 ATTITUDE 0.062832 1.680041 0.003393
30.956 14 NAVIGATION 4 0 28.625 180. 0. 182.261871 21 13 13 0 0 0
30.974 14 GPS 3 36031652 481377550 902 250119 1311 -41 0 16942960 31 0
31.082 14 IR_SENSORS 0 0 25 1 264
31.156 14 FBW_STATUS 2 0 1 12.5 0.58014
31.174 14 WP_MOVED 5 360421. 4813583.5 260. 31
31.206 14 NAVIGATION 4 0 31.78125 180. 0. 182.784149 21 13 13 0 0 0
31.224 14 GPS 3 36032022 481377544 911 250144 1324 -19 0 16943239 31 0
31.224 14 SVINFO 3 10 1 3 47 54 177
31.273 14 ESTIMATOR 249.788269 -0.19
31.374 14 ATTITUDE 0.077982 1.702567 0.010902
31.456 14 NAVIGATION 4 0 35.5 180. 0. 183.4673 21 13 13 0 0 0
31.473 14 GPS 3 36032342 481377533 918 250194 1332 -3 0 16943480 31 0
31.674 14 WP_MOVED 6 360164.8125 4813664.5 260. 31
31.707 14 NAVIGATION 4 0 38.6875 180. 0. 184.110626 21 13 13 0 0 0
31.723 14 GPS 3 36032663 481377518 927 250269 1338 -3 0 16943719 31 0
31.775 14 ENERGY 41 12.5 0.591895 7.398689 0.040963 0.512025
31.776 14 DESIRED 0.129371 0.029375 0. 97.971565 163.743591 260. 0.304283 13.
31.776 14 NAVIGATION 4 0 41.875 179.5 0. 184.110626 21 13 13 0 0 0
31.777 14 ESTIMATOR 249.957474 -0.03
31.874 14 CIRCLE 49.5 100.099998 80.
31.874 14 AIRSPEED 13. 0. 0. 0.
31.874 14 ATTITUDE 0.104474 1.729419 0.022143
31.956 14 NAVIGATION 4 0 41.875 179.5 0. 184.319733 22 14 14 0 0 0
31.973 14 FBW_STATUS 2 0 1 12.5 0.598638
31.974 14 GPS 3 36032984 481377497 937 250365 1342 10 0 16943960 31 0
31.974 14 SVINFO 6 13 1 6 45 40 328
32.085 14 GPS_SOL 685 685 685 7
32.145 14 BLOCK 15 14
32.146 14 NAVIGATION 15 0 45.09375 179.5 0. 184.319733 22 0 0 0 0 0
32.173 14 CALIBRATION -93.179153 2
32.173 14 DL_VALUE 32 0.
32.173 14 WP_MOVED 7 360558.40625 4813804.5 260. 31
32.207 14 NAVIGATION 15 1 45.09375 179.5 2282.112061 185.077545 22 0 0 0 0 0
32.223 14 GPS 3 36033359 481377464 952 250500 1344 52 0 16944239 31 0
32.274 14 IR_SENSORS 0 0 30 16 263
32.274 14 ESTIMATOR 250.189133 0.52
32.374 14 ATTITUDE 0.142511 1.772202 0.026311
32.457 14 NAVIGATION 15 1 48.84375 179. 2284.284912 185.544357 22 0 0 0 0 0
32.474 14 GPS 3 36033679 481377429 963 250627 1340 47 0 16944480 31 0
32.475 14 SVINFO 1 8 1 1 48 0 78
32.674 14 WP_MOVED 8 358784. 4812095. 200. 31
32.706 14 NAVIGATION 15 1 52.0625 179. 2286.46875 186.417557 22 0 0 0 0 0
32.724 14 GPS 3 36033992 481377383 982 250733 1319 42 0 16944719 31 0
32.773 14 NAVIGATION 15 1 55.15625 178.5 2286.46875 186.417557 22 0 0 0 0 0
32.773 14 ESTIMATOR 250.571564 0.42
32.824 14 DESIRED 0.512478 -0.222429 0. -1500. -1500. 200. -1.511947 13.
32.874 14 ENERGY 8 12.5 0.098201 1.227507 0.041766 0.522074
32.874 14 AIRSPEED 13. 0. 0. 0.
32.874 14 ATTITUDE 0.272079 1.825523 -0.014039
32.956 14 NAVIGATION 15 1 55.15625 178.5 2288.203125 186.827362 23 1 1 0 0 0
32.974 14 GPS 3 36034295 481377325 1008 250773 1284 25 0 16944960 31 0
33.080 14 COMMANDS 852,1415,-2217,0
33.157 14 FBW_STATUS 2 0 1 12.5 0.091552
33.174 14 WP_MOVED 9 360312.8125 4813652. 185. 31
33.207 14 NAVIGATION 15 1 58.21875 177.5 2289.552734 186.803833 23 1 1 0 0 0
33.223 14 GPS 3 36034632 481377238 1054 250687 1236 -34 0 16945239 31 0
33.224 14 SVINFO 4 11 0 4 46 88 228
33.273 14 COMMANDS 852,872,-1832,0
33.273 14 ESTIMATOR 250.744095 -0.34
33.374 14 STATE_FILTER_STATUS 2 3 338
33.375 14 ATTITUDE 0.389356 1.953223 -0.079299
33.457 14 NAVIGATION 15 1 61.5625 177. 2291.463867 187.400482 23 1 1 0 0 0
33.473 14 IR_SENSORS 0 0 -1 91 249
33.474 14 GPS 3 36034909 481377142 1090 250478 1219 -83 0 16945480 31 0
33.475 14 SVINFO 5 12 1 5 45 78 278
33.581 14 PPRZ_MODE 2 3 2 0 0 6
33.673 14 ALIVE 179,209,69,119,115,11,176,21,181,244,80,210,55,176,198,136
33.673 14 DL_VALUE 33 0.15
33.673 14 WP_MOVED 10 360452.8125 4813581. 260. 31
33.706 14 NAVIGATION 15 1 64.34375 176. 2292.628906 187.392944 23 1 1 0 0 0
33.723 14 GPS 3 36035174 481377024 1140 250142 1209 -149 0 16945719 31 0
33.725 14 SVINFO 6 13 1 6 44 37 329
33.774 14 NAVIGATION 15 1 67. 174.5 2292.628906 187.392944 23 1 1 0 0 0
33.774 14 ESTIMATOR 250.337479 -1.49
33.874 14 DESIRED 0.436024 -0.201124 0. -1500. -1500. 200. -1.518377 13.
33.874 14 AIRSPEED 13. 0. 0. 0.
33.874 14 ATTITUDE 0.469207 2.097594 -0.140495
33.956 14 NAVIGATION 15 1 67. 174.5 2293.34668 186.920441 24 2 2 0 0 0
33.973 14 FBW_STATUS 2 0 1 12.5 0.091552
33.975 14 ENERGY 8 12.5 0.091552 1.144399 0.041934 0.524171
33.976 14 GPS 3 36035426 481376881 1195 249686 1209 -204 0 16945960 31 0
33.978 14 SVINFO 0 7 0 0 48 24 29
34.077 14 GPS_SOL 678 678 678 7
34.173 14 DATALINK_REPORT 2 7 1252 545 0 0
34.174 14 WP_MOVED 11 360169.5 4813757.5 260. 31
34.207 14 NAVIGATION 15 1 69.5 173.5 2294.326172 186.902374 24 2 2 0 0 0
34.224 14 GPS 3 36035704 481376682 1271 249022 1222 -259 0 16946239 31 0
34.273 14 CALIBRATION -93.37957 1
34.273 14 ESTIMATOR 249.290482 -2.59
34.344 14 WIND_INFO 14 5 0.3 2.3 0. 12.4
34.374 14 ATTITUDE 0.475676 2.309495 -0.190207
34.456 14 NAVIGATION 15 1 72.28125 171. 2294.408203 185.649078 24 2 2 0 0 0
34.473 14 GPS 3 36035925 481376484 1318 248362 1235 -295 0 16946480 31 0
34.474 14 SVINFO 2 9 1 2 47 17 129
34.674 14 IR_SENSORS 0 0 -31 102 243
34.674 14 WP_MOVED 12 360287.59375 4813581. 260. 31
34.707 14 NAVIGATION 15 1 74.5 169.5 2294.837891 185.149933 24 2 2 0 0 0
34.722 14 GPS 3 36036129 481376263 1372 247638 1253 -330 0 16946719 31 0
34.722 14 SVINFO 3 10 0 3 46 60 179
34.774 14 NAVIGATION 15 1 76.53125 167. 2294.837891 185.149933 24 2 2 0 0 0
34.775 14 ESTIMATOR 247.783142 -3.3
34.873 14 AIRSPEED 12.4 0. 0. 0.
34.873 14 ATTITUDE 0.451789 2.522362 -0.225719
34.924 14 DESIRED 0.445828 -0.202939 0. -1500. -1500. 200. -1.457124 13.
34.957 14 NAVIGATION 15 1 76.53125 167. 2294.415039 183.700928 25 3 3 0 0 0
34.974 14 GPS 3 36036315 481376021 1425 246867 1272 -340 0 16946960 31 0
35.088 14 ENERGY 8 12.5 0.091552 1.144399 0.042102 0.526268
35.156 14 FBW_STATUS 2 0 1 12.5 0.091552
35.173 14 DL_VALUE 34 0.05
35.173 14 WP_MOVED 13 360311.5 4813547. 260. 31
35.206 14 NAVIGATION 15 1 78.40625 165. 2294.251709 182.681519 25 3 3 0 0 0
35.223 14 GPS 3 36036507 481375714 1492 245928 1298 -354 0 16947239 31 0
35.272 14 ESTIMATOR 246.044495 -3.54
35.374 14 ATTITUDE 0.444751 2.701115 -0.237759
35.456 14 NAVIGATION 15 1 80.34375 161.5 2293.047852 180.381165 25 3 3 0 0 0
35.474 14 GPS 3 36036648 481375432 1533 245102 1312 -364 0 16947480 31 0
35.673 14 WP_MOVED 14 360300.6875 4813575.5 260. 31
35.706 14 NAVIGATION 15 1 81.71875 158.5 2291.82373 178.326111 25 3 3 0 0 0
35.723 14 GPS 3 36036766 481375136 1582 244269 1328 -372 0 16947719 31 0
35.774 14 NAVIGATION 15 1 82.9375 156. 2291.82373 178.326111 25 3 3 0 0 0
35.774 14 ESTIMATOR 244.243576 -3.72
35.874 14 IR_SENSORS 0 0 -37 101 243
35.875 14 AIRSPEED 12.4 0. 0. 0.
35.875 14 ATTITUDE 0.456746 2.835272 -0.238369
35.957 14 NAVIGATION 15 1 82.9375 156. 2290.857178 176.67662 26 4 4 0 0 0
35.974 14 FBW_STATUS 2 0 1 12.5 0.091552
35.974 14 DESIRED 0.465916 -0.202422 0. -1500. -1500. 200. -1.327307 13.
35.975 14 GPS 3 36036860 481374828 1631 243435 1341 -359 0 16947960 31 0
35.975 14 SVINFO 1 8 1 1 47 0 80
36.095 14 GPS_SOL 670 670 670 7
36.173 14 ENERGY 8 12.5 0.091552 1.144399 0.04227 0.528365
36.174 14 WP_MOVED 15 360297.6875 4813554.5 260. 31
36.206 14 NAVIGATION 15 1 83.84375 152.5 2288.955322 174.028793 26 4 4 0 0 0
36.224 14 GPS 3 36036936 481374457 1696 242471 1356 -357 0 16948239 31 0
36.273 14 ESTIMATOR 242.453415 -3.57
36.373 14 CALIBRATION -93.37957 1
36.373 14 ATTITUDE 0.465227 3.006225 -0.234944
36.457 14 NAVIGATION 15 1 84.625 149. 2286.971191 171.354568 26 4 4 0 0 0
36.473 14 GPS 3 36036971 481374131 1738 241659 1363 -325 0 16948480 31 0
36.672 14 DL_VALUE 35 0.
36.672 14 WP_MOVED 16 361184. 4813643. 260. 31
36.706 14 NAVIGATION 15 1 84.96875 146. 2285.047363 168.925095 26 4 4 0 0 0
36.723 14 GPS 3 36036978 481373802 1787 240866 1370 -322 0 16948719 31 0
36.723 14 SVINFO 4 11 1 4 45 89 230
36.773 14 NAVIGATION 15 1 85. 142.5 2285.047363 168.925095 26 4 4 0 0 0
36.773 14 ESTIMATOR 240.797394 -3.22
36.872 14 AIRSPEED 12.4 0. 0. 0.
36.872 14 ATTITUDE 0.456746 3.141513 -0.222243
36.956 14 NAVIGATION 15 1 85. 142.5 2282.549316 165.92543 27 5 5 0 0 0
36.974 14 GPS 3 36036958 481373473 1836 240096 1374 -309 0 16948960 31 0
36.975 14 SVINFO 5 12 1 5 44 73 280
37.023 14 DESIRED 0.395553 -0.203305 0. -1500. -1500. 200. -1.223922 13.
37.080 14 NAVIGATION_REF 360284 4813595 31 185.
37.081 14 IR_SENSORS 0 0 -31 99 245
37.158 14 FBW_STATUS 2 0 1 12.5 0.091552
37.172 14 WP_MOVED 17 361184. 4813643. 260. 31
37.206 14 NAVIGATION 15 1 84.84375 139. 2279.923584 162.847961 27 5 5 0 0 0
37.222 14 GPS 3 36036899 481373092 1898 239229 1377 -279 0 16949239 31 0
37.222 14 SVINFO 6 13 0 6 43 31 331
37.273 14 ENERGY 8 12.5 0.091552 1.144399 0.042438 0.530461
37.273 14 ESTIMATOR 239.24205 -2.79
37.374 14 ATTITUDE 0.426474 3.307606 -0.208132
37.456 14 NAVIGATION 15 1 84.25 135.5 2276.995361 159.55661 27 5 5 0 0 0
37.473 14 GPS 3 36036822 481372771 1935 238515 1377 -291 0 16949480 31 0
37.672 14 WP_MOVED 18 360289. 4813605. 220. 31
37.706 14 NAVIGATION 15 1 83.5 132. 2273.960449 156.192993 27 5 5 0 0 0
37.724 14 GPS 3 36036721 481372456 1978 237827 1375 -265 0 16949719 31 0
37.774 14 NAVIGATION 15 1 82.4375 129. 2273.960449 156.192993 27 5 5 0 0 0
37.774 14 ESTIMATOR 237.813995 -2.65
37.872 14 AIRSPEED 12.4 0. 0. 0.
37.873 14 ATTITUDE 0.370229 3.426872 -0.197924
37.957 14 NAVIGATION 15 1 82.4375 129. 2271.067871 153.091278 28 6 6 0 0 0
37.974 14 FBW_STATUS 2 0 1 12.5 0.091552
37.974 14 GPS 3 36036598 481372150 2018 237161 1372 -257 0 16949960 31 0
37.975 14 SVINFO 2 9 1 2 46 22 131
38.056 14 COMMANDS 852,371,-221,0
38.073 14 GPS_SOL 661 661 661 7
38.073 14 DESIRED 0.256846 -0.214303 0. -1500. -1500. 200. -1.13442 13.
38.174 14 DL_VALUE 36 0.
38.174 14 WP_MOVED 19 360289. 4813610. 500. 31
38.207 14 NAVIGATION 15 1 81.25 126. 2268.088867 149.925186 28 6 6 0 0 0
38.222 14 GPS 3 36036432 481371805 2066 236409 1367 -221 0 16950239 31 0
38.223 14 SVINFO 3 10 1 3 45 66 181
38.273 14 COMMANDS 852,-740,-240,0
38.273 14 IR_SENSORS 0 0 -28 66 256
38.273 14 ESTIMATOR 236.485153 -2.21
38.374 14 STATE_FILTER_STATUS 2 3 347
38.374 14 ENERGY 8 12.5 0.091552 1.144399 0.042606 0.532558
38.374 14 ATTITUDE 0.304131 3.557923 -0.196208
38.456 14 NAVIGATION 15 1 79.5625 122.5 2264.403564 146.069992 28 6 6 0 0 0
38.473 14 AUTOPILOT_VERSION 51500 v5.15_devel-179-g9a29798-dirty
38.473 14 CALIBRATION -93.37957 1
38.473 14 GPS 3 36036272 481371520 2092 235779 1363 -213 0 16950480 31 0
38.473 14 SVINFO 4 11 1 4 44 89 231
38.599 14 PPRZ_MODE 2 3 2 0 0 6
38.673 14 ALIVE 179,209,69,119,115,11,176,21,181,244,80,210,55,176,198,136
38.674 14 WP_MOVED 20 360289. 4813620. 300. 31
38.708 14 NAVIGATION 15 1 77.96875 119.5 2261.142578 142.686279 28 6 6 0 0 0
38.724 14 GPS 3 36036098 481371243 2120 235158 1359 -211 0 16950719 31 0
38.775 14 NAVIGATION 15 1 76.21875 117. 2261.142578 142.686279 28 6 6 0 0 0
38.775 14 ESTIMATOR 235.308609 -2.11
38.873 14 AIRSPEED 12.4 0. 0. 0.
38.873 14 ATTITUDE 0.222987 3.640034 -0.198346
38.956 14 NAVIGATION 15 1 76.21875 117. 2258.130859 139.636307 29 7 7 0 0 0
38.973 14 GPS 3 36035914 481370975 2145 234540 1355 -213 0 16950960 31 0
38.974 14 SVINFO 6 13 1 6 42 28 332
39.123 14 DESIRED 0.12171 -0.230404 0. -1500. -1500. 200. -1.059258 13.
39.156 14 FBW_STATUS 2 0 1 12.5 0.091552
39.173 14 WP_MOVED 21 360289. 4813625. 400. 31
39.206 14 NAVIGATION 15 1 74.375 114.5 2255.053711 136.535309 29 7 7 0 0 0
39.223 14 GPS 3 36035687 481370672 2172 233816 1350 -242 0 16951239 31 0
39.225 14 SVINFO 0 7 0 0 47 16 32
39.273 14 DATALINK_REPORT 5 8 1380 548 0 0
39.273 14 ESTIMATOR 234.091415 -2.42
39.374 14 ATTITUDE 0.157964 3.717807 -0.20504
39.456 14 NAVIGATION 15 1 72.125 111.5 2251.334961 132.794067 29 7 7 0 0 0
39.473 14 IR_SENSORS 0 0 -32 20 263
39.474 14 ENERGY 8 12.5 0.091552 1.144399 0.042774 0.534655
39.474 14 GPS 3 36035485 481370420 2186 233187 1347 -264 0 16951480 31 0
39.672 14 DL_VALUE 37 0.
39.672 14 WP_MOVED 22 360289. 4813645. 250. 31
39.706 14 NAVIGATION 15 1 70.09375 109. 2248.127197 129.592178 29 7 7 0 0 0
39.722 14 GPS 3 36035278 481370172 2200 232547 1345 -266 0 16951719 31 0
39.773 14 NAVIGATION 15 1 68.0625 106.5 2248.127197 129.592178 29 7 7 0 0 0
39.774 14 ESTIMATOR 232.697479 -2.66
39.874 14 AIRSPEED 12.4 0. 0. 0.
39.874 14 ATTITUDE 0.093241 3.75923 -0.215831
39.957 14 NAVIGATION 15 1 68.0625 106.5 2244.919189 126.391273 30 8 8 0 0 0
39.974 14 FBW_STATUS 2 0 1 12.5 0.091552
39.974 14 GPS 3 36035065 481369929 2211 231892 1345 -263 0 16951960 31 0
40.073 14 GPS_SOL 651 651 651 7
40.174 14 DESIRED 0.04203 -0.243455 0. -1500. -1500. 200. -0.980924 13.
40.174 14 WP_MOVED 0 360326. 4813637. 260. 31
40.206 14 NAVIGATION 15 1 65.875 103.5 2241.244629 122.685638 30 8 8 0 0 0
40.224 14 GPS 3 36034813 481369649 2221 231108 1345 -262 0 16952239 31 0
40.274 14 ESTIMATOR 231.279587 -2.62
40.374 14 ATTITUDE 0.051426 3.791536 -0.227034
40.456 14 NAVIGATION 15 1 63.375 101. 2237.709229 119.236702 30 8 8 0 0 0
40.473 14 GPS 3 36034594 481369411 2226 230418 1347 -270 0 16952480 31 0
40.474 14 SVINFO 5 12 1 5 43 68 282
40.602 14 CALIBRATION -93.37957 1
40.603 14 ENERGY 8 12.5 0.091552 1.144399 0.042942 0.536752
40.674 14 IR_SENSORS 0 0 -39 -8 262
40.674 14 WP_MOVED 1 360284. 4813595. 260. 31
40.705 14 NAVIGATION 15 1 61.15625 98.5 2234.370361 115.941093 30 8 8 0 0 0
40.724 14 GPS 3 36034373 481369174 2230 229711 1349 -266 0 16952719 31 0
40.774 14 NAVIGATION 15 1 58.96875 96.5 2234.370361 115.941093 30 8 8 0 0 0
40.775 14 ESTIMATOR 229.848862 -2.66
40.874 14 AIRSPEED 12.4 0. 0. 0.
40.874 14 ATTITUDE 0.020872 3.80492 -0.238768
40.956 14 NAVIGATION 15 1 58.96875 96.5 2231.411133 113.09095 31 9 9 0 0 0
40.973 14 GPS 3 36034151 481368938 2232 228988 1352 -267 0 16952960 31 0
41.157 14 FBW_STATUS 2 0 1 12.5 0.091552
41.172 14 DL_VALUE 38 0.
41.172 14 WP_MOVED 2 360333.5 4813695. 260. 31
41.206 14 NAVIGATION 15 1 56.78125 94. 2228.094238 109.818535 31 9 9 0 0 0
41.224 14 DESIRED 0.010321 -0.249016 0. -1500. -1500. 200. -0.874006 13.
41.225 14 GPS 3 36033889 481368662 2234 228125 1357 -289 0 16953239 31 0
41.225 14 SVINFO 1 8 1 1 46 0 83
41.273 14 ESTIMATOR 228.378418 -2.89
41.375 14 ATTITUDE 0.009448 3.81259 -0.246219
41.456 14 NAVIGATION 15 1 54.125 91. 2224.092041 105.879723 31 9 9 0 0 0
41.473 14 GPS 3 36033664 481368426 2235 227372 1360 -297 0 16953480 31 0
41.474 14 SVINFO 2 9 1 2 45 28 133
41.674 14 ENERGY 8 12.5 0.091552 1.144399 0.04311 0.538849
41.674 14 WP_MOVED 3 360294.09375 4813785. 260. 31
41.705 14 NAVIGATION 15 1 51.875 88.5 2220.731445 102.58297 31 9 9 0 0 0
41.724 14 GPS 3 36033438 481368189 2236 226609 1365 -304 0 16953719 31 0
41.724 14 SVINFO 3 10 1 3 44 71 183
41.774 14 NAVIGATION 15 1 49.65625 86.5 2220.731445 102.58297 31 9 9 0 0 0
41.775 14 ESTIMATOR 226.781006 -3.04
41.873 14 IR_SENSORS 0 0 -44 -15 261
41.874 14 AIRSPEED 12.4 0. 0. 0.
41.874 14 ATTITUDE 0.005424 3.814923 -0.254278
41.956 14 NAVIGATION 15 1 49.65625 86.5 2217.750488 99.739624 32 10 10 0 0 0
41.974 14 FBW_STATUS 2 0 1 12.5 0.091552
41.974 14 GPS 3 36033211 481367951 2236 225837 1369 -309 0 16953960 31 0
41.975 14 SVINFO 4 11 1 4 43 89 233
42.073 14 GPS_SOL 640 640 640 7
42.172 14 WP_MOVED 4 360416.3125 4813734. 260. 31
42.206 14 NAVIGATION 15 1 47.375 84. 2214.36792 96.43853 32 10 10 0 0 0
42.223 14 GPS 3 36032945 481367673 2237 224929 1374 -316 0 16954239 31 0
42.224 14 SVINFO 5 12 1 5 42 65 283
42.273 14 DESIRED 0.006789 -0.249435 0. -1500. -1500. 200. -0.779213 13.
42.273 14 ESTIMATOR 225.131317 -3.16
42.374 14 ATTITUDE 0.005424 3.817562 -0.254278
42.456 14 NAVIGATION 15 1 44.6875 81.5 2210.70166 92.947418 32 10 10 0 0 0
42.473 14 GPS 3 36032717 481367434 2238 224147 1377 -314 0 16954480 31 0
42.474 14 SVINFO 6 13 1 6 41 22 334
42.673 14 CALIBRATION -93.37957 1
42.673 14 DL_VALUE 39 0.
42.673 14 WP_MOVED 5 360421. 4813583.5 260. 31
42.706 14 NAVIGATION 15 1 42.40625 78.5 2206.961426 89.221855 32 10 10 0 0 0
42.723 14 GPS 3 36032487 481367195 2238 223364 1381 -294 0 16954719 31 0
42.724 14 SVINFO 0 7 0 0 46 12 34
42.774 14 ENERGY 8 12.5 0.091552 1.144399 0.043278 0.540945
42.774 14 NAVIGATION 15 1 40.125 76.5 2206.961426 89.221855 32 10 10 0 0 0
42.775 14 ESTIMATOR 223.469833 -2.94
42.874 14 AIRSPEED 12.4 0. 0. 0.
42.874 14 ATTITUDE 0.005424 3.819321 -0.254278
42.958 14 NAVIGATION 15 1 40.125 76.5 2203.936768 86.384407 33 11 11 0 0 0
42.974 14 GPS 3 36032257 481366956 2238 222581 1383 -310 0 16954960 31 0
42.974 14 SVINFO 1 8 0 1 45 1 84
43.056 14 COMMANDS 852,-3,58,0
43.074 14 IR_SENSORS 0 0 -44 -15 261
43.156 14 FBW_STATUS 2 0 1 12.5 0.091552
43.172 14 WP_MOVED 6 360164.8125 4813664.5 260. 31
43.207 14 NAVIGATION 15 1 37.8125 74. 2200.532471 83.101051 33 11 11 0 0 0
43.223 14 GPS 3 36031987 481366677 2239 221670 1387 -316 0 16955239 31 0
43.274 14 COMMANDS 852,-5,58,0
43.274 14 ESTIMATOR 221.856033 -3.16
43.324 14 DESIRED 0.004682 -0.249435 0. -1500. -1500. 200. -0.68086 13.
43.374 14 STATE_FILTER_STATUS 2 3 320
43.374 14 ATTITUDE 0.005424 3.821199 -0.254278
43.456 14 NAVIGATION 15 1 35.125 71.5 2196.866211 79.66188 33 11 11 0 0 0
43.473 14 GPS 3 36031756 481366437 2239 220892 1388 -329 0 16955480 31 0
43.574 14 PPRZ_MODE 2 3 2 0 0 6
43.673 14 ALIVE 179,209,69,119,115,11,176,21,181,244,80,210,55,176,198,136
43.673 14 WP_MOVED 7 360558.40625 4813804.5 260. 31
43.706 14 NAVIGATION 15 1 32.8125 69. 2193.461914 76.404579 33 11 11 0 0 0
43.723 14 GPS 3 36031524 481366197 2240 220117 1390 -312 0 16955719 31 0
43.775 14 NAVIGATION 15 1 30.5 66.5 2193.461914 76.404579 33 11 11 0 0 0
43.775 14 ESTIMATOR 220.177841 -3.12
43.874 14 ENERGY 8 12.5 0.091552 1.144399 0.043446 0.543042
43.874 14 AIRSPEED 12.4 0. 0. 0.
43.874 14 ATTITUDE 0.005424 3.822454 -0.254278
43.956 14 NAVIGATION 15 1 30.5 66.5 2190.057617 73.160782 34 12 12 0 0 0
43.973 14 FBW_STATUS 2 0 1 12.5 0.091552
43.974 14 GPS 3 36031292 481365957 2240 219346 1391 -317 0 16955960 31 0
44.074 14 GPS_SOL 629 629 629 7
44.173 14 DL_VALUE 40 0.
44.174 14 WP_MOVED 8 358784. 4812095. 200. 31
44.206 14 NAVIGATION 15 1 28.15625 64. 2186.631592 69.919769 34 12 12 0 0 0
44.223 14 GPS 3 36031021 481365677 2240 218451 1391 -327 0 16956239 31 0
44.224 14 SVINFO 6 13 1 6 40 19 335
44.274 14 IR_SENSORS 0 0 -43 -15 261
44.275 14 ESTIMATOR 218.555817 -3.27
44.345 14 WIND_INFO 14 5 -0.9 0.5 0. 13.8
44.374 14 DATALINK_REPORT 0 9 1505 525 0 0
44.374 14 DESIRED 0.00284 -0.235838 0. -1500. -1500. 200. -0.581536 13.
44.374 14 ATTITUDE 0.005424 3.823563 -0.250551
44.456 14 NAVIGATION 15 1 25.4375 61. 2182.585693 66.091347 34 12 12 0 0 0
44.473 14 GPS 3 36030788 481365437 2241 217688 1393 -317 0 16956480 31 0
44.673 14 WP_MOVED 9 360312.8125 4813652. 185. 31
44.707 14 NAVIGATION 15 1 23.125 59. 2179.539062 63.370068 34 12 12 0 0 0
44.723 14 GPS 3 36030554 481365196 2241 216931 1396 -340 0 16956719 31 0
44.773 14 CALIBRATION -104.78479 2
44.774 14 NAVIGATION 15 1 20.78125 56.5 2179.539062 63.370068 34 12 12 0 0 0
44.774 14 ESTIMATOR 216.932434 -3.4
44.873 14 AIRSPEED 13.8 0. 0. 0.
44.873 14 ATTITUDE 0.005642 3.839902 -0.246219
44.956 14 NAVIGATION 15 1 20.78125 56.5 2176.113037 60.200584 35 13 13 0 0 0
44.973 14 ENERGY 16 12.5 0.165792 2.072397 0.043666 0.545793
44.974 14 GPS 3 36030320 481364955 2241 216183 1402 -343 0 16956960 31 0
44.974 14 SVINFO 2 9 0 2 44 34 135
45.157 14 FBW_STATUS 2 0 1 12.5 0.198772
45.173 14 WP_MOVED 10 360452.8125 4813581. 260. 31
45.207 14 NAVIGATION 15 1 18.4375 54. 2172.687012 57.060856 35 13 13 0 0 0
45.223 14 GPS 3 36030044 481364672 2242 215331 1412 -318 0 16957239 31 0
45.224 14 SVINFO 3 10 0 3 43 76 185
45.273 14 ESTIMATOR 215.271439 -3.18
45.374 14 ATTITUDE 0.001839 3.841971 -0.2313
45.424 14 DESIRED 0.001573 -0.161919 0. -1500. -1500. 200. -0.483249 13.
45.456 14 NAVIGATION 15 1 15.6875 51. 2168.619141 53.3582 35 13 13 0 0 0
45.473 14 IR_SENSORS 0 0 -37 -16 262
45.474 14 GPS 3 36029806 481364428 2242 214628 1420 -309 0 16957480 31 0
45.475 14 SVINFO 4 11 0 4 42 88 235
45.673 14 DL_VALUE 41 0.
45.674 14 WP_MOVED 11 360169.5 4813757.5 260. 31
45.707 14 NAVIGATION 15 1 13.34375 48.5 2165.193115 50.302143 35 13 13 0 0 0
45.722 14 GPS 3 36029567 481364182 2242 213961 1430 -301 0 16957719 31 0
45.723 14 SVINFO 5 12 1 5 41 60 285
45.774 14 NAVIGATION 15 1 10.9375 46.5 2165.193115 50.302143 35 13 13 0 0 0
45.775 14 ESTIMATOR 213.798965 -3.01
45.874 14 AIRSPEED 13.8 0. 0. 0.
45.874 14 ATTITUDE -0.001717 3.843309 -0.204596
45.956 14 NAVIGATION 15 1 10.9375 46.5 2162.081055 47.769016 36 14 14 0 0 0
45.973 14 FBW_STATUS 2 0 1 12.5 0.320516
45.974 14 GPS 3 36029325 481363934 2242 213340 1440 -296 0 16957960 31 0
46.074 14 NAVIGATION_REF 360284 4813595 31 185.
46.074 14 GPS_SOL 616 616 616 7
46.075 14 ENERGY 27 12.5 0.356542 4.45677 0.044148 0.551818
46.174 14 WP_MOVED 12 360287.59375 4813581. 260. 31
46.206 14 NAVIGATION 15 1 8.5 44. 2158.589355 44.813503 36 14 14 0 0 0
46.224 14 GPS 3 36029042 481363643 2242 212686 1453 -252 0 16958239 31 0
46.224 14 SVINFO 0 7 0 0 45 8 36
46.274 14 ESTIMATOR 212.460083 -2.52
46.374 14 ATTITUDE 0.0023 3.844166 -0.170408
46.456 14 NAVIGATION 15 1 5.65625 41. 2154.456299 41.388321 36 14 14 0 0 0
46.473 14 DESIRED 0.001025 -0.075355 0. -1500. -1500. 200. -0.373802 13.
46.474 14 GPS 3 36028798 481363392 2242 212195 1458 -226 0 16958480 31 0
46.475 14 SVINFO 1 8 1 1 44 3 86
46.673 14 IR_SENSORS 0 0 -15 -16 265
46.674 14 WP_MOVED 13 360311.5 4813547. 260. 31
46.706 14 NAVIGATION 15 1 3.25 38.5 2150.986572 38.636932 36 14 14 0 0 0
46.724 14 GPS 3 36028552 481363141 2242 211774 1463 -189 0 16958719 31 0
46.725 14 SVINFO 2 9 1 2 43 37 136
46.772 14 NAVIGATION 15 1 0.78125 36. 2150.986572 38.636932 36 14 14 0 0 0
46.773 14 ESTIMATOR 211.465576 -1.89
46.873 14 CALIBRATION -150. 2
46.874 14 AIRSPEED 13.8 0. 0. 0.
46.874 14 ATTITUDE 0.002528 3.844848 -0.128752
46.956 14 NAVIGATION 15 1 0.78125 36. 2147.4729 36.008476 37 15 15 0 0 0
46.973 14 GPS 3 36028307 481362889 2242 211427 1465 -156 0 16958960 31 0
46.974 14 SVINFO 3 10 1 3 42 78 186
47.157 14 FBW_STATUS 2 0 1 12.5 0.467193
47.173 14 DL_VALUE 42 0.6
47.173 14 ENERGY 33 12.5 0.467193 5.839908 0.04491 0.561348
47.174 14 WP_MOVED 14 360300.6875 4813575.5 260. 31
47.206 14 NAVIGATION 15 1 -1.65625 33.5 2143.981445 33.540916 37 15 15 0 0 0
47.223 14 GPS 3 36028021 481362595 2242 211114 1464 -119 0 16959239 31 0
47.224 14 SVINFO 4 11 0 4 41 88 236
47.274 14 ESTIMATOR 210.81723 -1.19
47.373 14 ATTITUDE 0.002528 3.845061 -0.087266
47.457 14 NAVIGATION 15 1 -4.5625 30.5 2139.804443 30.839365 37 15 15 0 0 0
47.474 14 GPS 3 36027776 481362344 2242 210923 1461 -95 0 16959480 31 0
47.475 14 SVINFO 5 12 1 5 40 57 286
47.524 14 DESIRED 0.000982 -0.035067 0. -1500. -1500. 200. -0.324517 13.
47.673 14 WP_MOVED 15 360297.6875 4813554.5 260. 31
47.706 14 NAVIGATION 15 1 -7. 28. 2136.312988 28.86174 37 15 15 0 0 0
47.723 14 GPS 3 36027532 481362094 2242 210799 1454 -86 0 16959719 31 0
47.724 14 SVINFO 6 13 1 6 39 14 337
47.774 14 NAVIGATION 15 1 -9.4375 25.5 2136.312988 28.86174 37 15 15 0 0 0
47.774 14 ESTIMATOR 210.492035 -0.86
47.873 14 IR_SENSORS 0 0 9 -16 265
47.874 14 AIRSPEED 13.8 0. 0. 0.
47.874 14 ATTITUDE 0.002528 3.844355 -0.053317
47.957 14 NAVIGATION 15 1 -9.4375 25.5 2132.821289 27.190372 38 16 16 0 0 0
47.973 14 FBW_STATUS 2 0 1 12.5 0.505231
47.973 14 GPS 3 36027290 481361845 2242 210733 1445 -73 0 16959960 31 0
48.057 14 COMMANDS 3502,-11,225,0
48.074 14 GPS_SOL 603 603 603 7
48.172 14 WP_MOVED 16 361184. 4813643. 260. 31
48.206 14 NAVIGATION 15 1 -11.875 23. 2129.32959 25.884661 38 16 16 0 0 0
48.224 14 GPS 3 36027010 481361558 2242 210719 1431 -62 0 16960239 31 0
48.274 14 COMMANDS 3524,-10,119,0
48.274 14 ENERGY 36 12.5 0.514981 6.437267 0.045822 0.572743
48.274 14 ESTIMATOR 210.342072 -0.62
48.373 14 STATE_FILTER_STATUS 2 3 296
48.373 14 ATTITUDE 0.0023 3.843397 -0.026734
48.457 14 NAVIGATION 15 1 -14.65625 20. 2125.240234 24.795275 38 16 16 0 0 0
48.473 14 GPS 3 36026772 481361313 2242 210751 1421 -41 0 16960480 31 0
48.574 14 PPRZ_MODE 2 3 2 0 0 6
48.574 14 DESIRED 0.000851 -0.023295 0. -1500. -1500. 200. -0.310262 13.
48.673 14 ALIVE 179,209,69,119,115,11,176,21,181,244,80,210,55,176,198,136
48.673 14 DL_VALUE 43 12000.
48.673 14 WP_MOVED 17 361184. 4813643. 260. 31
48.707 14 NAVIGATION 15 1 -17.03125 17.5 2121.792236 24.419531 38 16 16 0 0 0
48.724 14 GPS 3 36026536 481361071 2242 210813 1409 -14 0 16960719 31 0
48.773 14 NAVIGATION 15 1 -19.375 15. 2121.792236 24.419531 38 16 16 0 0 0
48.774 14 ESTIMATOR 210.37944 -0.14
48.874 14 AIRSPEED 13.8 0. 0. 0.
48.874 14 ATTITUDE 0.0023 3.842356 -0.011653
48.957 14 NAVIGATION 15 1 -19.375 15. 2118.366211 24.502871 39 17 17 0 0 0
48.974 14 CALIBRATION -147.089951 2
48.974 14 GPS 3 36026302 481360831 2242 210895 1397 -8 0 16960960 31 0
49.074 14 IR_SENSORS 0 0 21 -16 264
49.155 14 FBW_STATUS 2 0 1 12.5 0.500912
49.173 14 WP_MOVED 18 360289. 4813605. 220. 31
49.206 14 NAVIGATION 15 1 -21.71875 13. 2115.297852 25.312134 39 17 17 0 0 0
49.223 14 GPS 3 36026031 481360553 2242 211004 1380 1 0 16961239 31 0
49.223 14 SVINFO 5 12 1 5 39 54 287
49.274 14 ESTIMATOR 210.604187 0.01
49.374 14 ENERGY 35 12.5 0.488898 6.111222 0.046753 0.58438
49.374 14 ATTITUDE 0.0023 3.84052 -0.004125
49.456 14 NAVIGATION 15 1 -24.4375 10. 2111.251953 26.404383 39 17 17 0 0 0
49.472 14 DATALINK_REPORT 5 9 1633 541 0 0
49.473 14 GPS 3 36025802 481360318 2242 211099 1370 12 0 16961480 31 0
49.474 14 SVINFO 6 13 1 6 38 12 338
49.573 14 AUTOPILOT_VERSION 51500 v5.15_devel-179-g9a29798-dirty
49.627 14 DESIRED 0.001073 -0.02981 0. -1500. -1500. 200. -0.318126 13.
49.674 14 WP_MOVED 19 360289. 4813610. 500. 31
49.707 14 NAVIGATION 15 1 -26.75 7.5 2107.847656 27.781513 39 17 17 0 0 0
49.723 14 GPS 3 36025574 481360084 2242 211189 1358 24 0 16961719 31 0
49.724 14 SVINFO 0 7 0 0 44 4 38
49.774 14 NAVIGATION 15 1 -29. 5.5 2107.847656 27.781513 39 17 17 0 0 0
49.774 14 ESTIMATOR 210.87262 0.24
49.874 14 AIRSPEED 13.8 0. 0. 0.
49.875 14 ATTITUDE 0.0023 3.839505 -0.004125
49.956 14 NAVIGATION 15 1 -29. 5.5 2104.844727 29.516945 40 18 18 0 0 0
49.974 14 FBW_STATUS 2 0 1 12.5 0.45027
49.975 14 GPS 3 36025348 481359852 2242 211268 1347 25 0 16961960 31 0
49.975 14 SVINFO 1 8 0 1 43 6 88
50.073 14 GPS_SOL 589 589 589 7
50.174 14 DL_VALUE 44 1.5
50.174 14 WP_MOVED 20 360289. 4813620. 300. 31
50.207 14 NAVIGATION 15 1 -31.28125 3. 2101.462402 31.424776 40 18 18 0 0 0
50.225 14 GPS 3 36025087 481359584 2242 211339 1334 2 0 16962239 31 0
50.225 14 SVINFO 2 9 1 2 42 43 138
50.274 14 IR_SENSORS 0 0 21 -16 264
50.274 14 ESTIMATOR 211.147522 0.02
50.374 14 ATTITUDE 0.0023 3.838591 -0.011653
50.456 14 NAVIGATION 15 1 -33.875 0.5 2097.861572 33.878689 40 18 18 0 0 0
50.473 14 ENERGY 30 12.5 0.422201 5.277513 0.047582 0.594744
50.475 14 GPS 3 36024865 481359356 2242 211379 1326 -1 0 16962480 31 0
50.476 14 SVINFO 3 10 1 3 41 82 188
50.672 14 DESIRED 0.000635 -0.043251 0. -1500. -1500. 200. -0.334426 13.
50.672 14 WP_MOVED 21 360289. 4813625. 400. 31
50.706 14 NAVIGATION 15 1 -36.125 -2. 2094.500977 36.180321 40 18 18 0 0 0
50.724 14 GPS 3 36024644 481359130 2242 211396 1319 -28 0 16962720 31 0
50.725 14 SVINFO 4 11 1 4 40 85 238
50.773 14 NAVIGATION 15 1 -38.3125 -4. 2094.500977 36.180321 40 18 18 0 0 0
50.774 14 ESTIMATOR 211.25647 -0.28
50.873 14 AIRSPEED 13.8 0. 0. 0.
50.873 14 ATTITUDE -0.001473 3.837769 -0.01919
50.956 14 NAVIGATION 15 1 -38.3125 -4. 2091.541504 38.520744 41 19 19 0 0 0
50.974 14 GPS 3 36024423 481358904 2242 211389 1313 -17 0 16962960 31 0
51.073 14 CALIBRATION -106.828079 2
51.157 14 FBW_STATUS 2 0 1 12.5 0.404109
51.173 14 WP_MOVED 22 360289. 4813645. 250. 31
51.206 14 NAVIGATION 15 1 -40.5 -6.5 2088.224609 41.018288 41 19 19 0 0 0
51.224 14 GPS 3 36024167 481358641 2242 211353 1309 -24 0 16963239 31 0
51.273 14 ESTIMATOR 211.236359 -0.24
51.374 14 ATTITUDE 0.002528 3.83676 -0.030723
51.456 14 NAVIGATION 15 1 -43.0625 -9. 2084.645752 43.992943 41 19 19 0 0 0
51.473 14 IR_SENSORS 0 0 14 -16 265
51.473 14 GPS 3 36023948 481358416 2242 211298 1308 -29 0 16963480 31 0
51.474 14 SVINFO 0 7 0 0 43 3 39
51.574 14 ENERGY 30 12.5 0.403766 5.04708 0.04833 0.604091
51.674 14 DL_VALUE 45 1250.
51.674 14 WP_MOVED 0 360326. 4813637. 260. 31
51.707 14 NAVIGATION 15 1 -45.28125 -11.5 2081.307129 46.71875 41 19 19 0 0 0
51.723 14 DESIRED 0.000808 -0.044709 0. -1500. -1500. 200. -0.336229 13.
51.724 14 GPS 3 36023729 481358191 2242 211225 1308 -46 0 16963720 31 0
51.724 14 SVINFO 1 8 1 1 42 8 89
51.774 14 NAVIGATION 15 1 -47.46875 -13.5 2081.307129 46.71875 41 19 19 0 0 0
51.774 14 ESTIMATOR 211.158234 -0.46
51.874 14 AIRSPEED 13.8 0. 0. 0.
51.874 14 ATTITUDE 0.002528 3.836698 -0.042014
51.956 14 NAVIGATION 15 1 -47.46875 -13.5 2078.347656 49.351112 42 20 20 0 0 0
51.973 14 FBW_STATUS 2 0 1 12.5 0.408745
51.974 14 GPS 3 36023510 481357966 2242 211136 1309 -62 0 16963960 31 0
51.974 14 SVINFO 2 9 0 2 41 47 139
52.073 14 GPS_SOL 574 574 574 7
52.173 14 WP_MOVED 1 360284. 4813595. 260. 31
52.205 14 NAVIGATION 15 1 -49.625 -16. 2075.052734 52.140587 42 20 20 0 0 0
52.223 14 GPS 3 36023253 481357703 2242 211017 1314 -69 0 16964239 31 0
52.224 14 SVINFO 3 10 1 3 40 84 189
52.274 14 ESTIMATOR 210.939041 -0.69
52.373 14 ATTITUDE 0.002528 3.836945 -0.045781
52.457 14 NAVIGATION 15 1 -52.21875 -18.5 2071.451904 55.398987 42 20 20 0 0 0
52.473 14 GPS 3 36023032 481357476 2242 210905 1317 -73 0 16964480 31 0
52.473 14 SVINFO 4 11 1 4 39 84 239
52.672 14 IR_SENSORS 0 0 10 -16 265
52.673 14 ENERGY 32 12.5 0.44151 5.51888 0.049097 0.613678
52.673 14 WP_MOVED 2 360333.5 4813695. 260. 31
52.706 14 NAVIGATION 15 1 -54.4375 -21. 2068.113037 58.347591 42 20 20 0 0 0
52.723 14 GPS 3 36022811 481357249 2242 210790 1322 -81 0 16964720 31 0
52.724 14 SVINFO 5 12 1 5 38 47 289
52.773 14 DESIRED 0.001087 -0.034693 0. -1500. -1500. 200. -0.324064 13.
52.774 14 NAVIGATION 15 1 -56.625 -23. 2068.113037 58.347591 42 20 20 0 0 0
52.774 14 ESTIMATOR 210.663406 -0.81
52.873 14 AIRSPEED 13.8 0. 0. 0.
52.874 14 ATTITUDE 0.002528 3.837306 -0.049549
52.957 14 NAVIGATION 15 1 -56.625 -23. 2065.153809 61.117844 43 21 21 0 0 0
52.974 14 GPS 3 36022588 481357020 2242 210674 1329 -75 0 16964960 31 0
52.976 14 SVINFO 6 13 0 6 37 8 340
53.056 14 COMMANDS 3276,-13,219,0
53.157 14 FBW_STATUS 2 0 1 12.5 0.473397
53.178 14 CALIBRATION -131.906052 2
53.178 14 DL_VALUE 46 0.
53.178 14 WP_MOVED 3 360294.09375 4813785. 260. 31
53.205 14 NAVIGATION 15 1 -58.875 -25.5 2061.793213 64.16008 43 21 21 0 0 0
53.223 14 GPS 3 36022327 481356753 2242 210544 1337 -59 0 16965239 31 0
53.273 14 COMMANDS 3346,-13,263,0
53.274 14 ESTIMATOR 210.383636 -0.59
53.374 14 STATE_FILTER_STATUS 2 3 292
53.374 14 ATTITUDE 0.002528 3.838339 -0.045781
53.456 14 NAVIGATION 15 1 -61.46875 -28. 2058.192383 67.545593 43 21 21 0 0 0
53.473 14 GPS 3 36022102 481356522 2242 210441 1343 -58 0 16965480 31 0
53.573 14 PPRZ_MODE 2 3 2 0 0 6
53.673 14 ALIVE 179,209,69,119,115,11,176,21,181,244,80,210,55,176,198,136
53.674 14 WP_MOVED 4 360416.3125 4813734. 260. 31
53.706 14 NAVIGATION 15 1 -63.71875 -30.5 2054.831787 70.642258 43 21 21 0 0 0
53.724 14 GPS 3 36021876 481356290 2242 210349 1349 -50 0 16965720 31 0
53.773 14 ENERGY 36 12.5 0.504511 6.306383 0.04997 0.624588
53.773 14 NAVIGATION 15 1 -66. -32.5 2054.831787 70.642258 43 21 21 0 0 0
53.774 14 ESTIMATOR 210.196533 -0.5
53.823 14 DESIRED 0.000685 -0.021944 0. -1500. -1500. 200. -0.308664 13.
53.874 14 IR_SENSORS 0 0 12 -17 265
53.874 14 AIRSPEED 13.8 0. 0. 0.
53.875 14 ATTITUDE -0.001231 3.838845 -0.042014
53.956 14 NAVIGATION 15 1 -66. -32.5 2051.807129 73.567993 44 22 22 0 0 0
53.973 14 FBW_STATUS 2 0 1 12.5 0.508296
53.974 14 GPS 3 36021649 481356057 2242 210270 1354 -28 0 16965960 31 0
54.073 14 GPS_SOL 559 559 559 7
54.174 14 WP_MOVED 5 360421. 4813583.5 260. 31
54.206 14 NAVIGATION 15 1 -68.28125 -35. 2048.424561 76.728935 44 22 22 0 0 0
54.222 14 GPS 3 36021384 481355784 2242 210198 1360 -18 0 16966240 31 0
54.222 14 SVINFO 4 11 1 4 38 82 240
54.273 14 ESTIMATOR 210.08992 -0.18
54.347 14 WIND_INFO 14 5 -0.9 0.6 0. 13.7
54.373 14 ATTITUDE -0.001231 3.838843 -0.034485
54.456 14 NAVIGATION 15 1 -70.90625 -37.5 2044.802002 80.211884 44 22 22 0 0 0
54.473 14 GPS 3 36021156 481355549 2241 210154 1362 -14 0 16966480 31 0
54.474 14 SVINFO 5 12 1 5 37 44 290
54.574 14 DATALINK_REPORT 0 10 1762 546 0 0
54.672 14 DL_VALUE 47 7500.
54.672 14 WP_MOVED 6 360164.8125 4813664.5 260. 31
54.706 14 NAVIGATION 15 1 -73.1875 -40. 2041.419556 83.405098 44 22 22 0 0 0
54.723 14 GPS 3 36020928 481355315 2241 210124 1363 6 0 16966720 31 0
54.724 14 SVINFO 6 13 0 6 36 6 341
54.774 14 NAVIGATION 15 1 -75.46875 -42. 2041.419556 83.405098 44 22 22 0 0 0
54.774 14 ESTIMATOR 210.060059 0.06
54.874 14 ENERGY 35 12.5 0.501271 6.265891 0.050902 0.636243
54.874 14 DESIRED 0.00147 -0.016583 0. -1500. -1500. 200. -0.302189 13.
54.875 14 AIRSPEED 13.7 0. 0. 0.
54.875 14 ATTITUDE 0.0023 3.833613 -0.026734
54.956 14 NAVIGATION 15 1 -75.46875 -42. 2038.394775 86.368584 45 23 23 0 0 0
54.973 14 GPS 3 36020700 481355080 2241 210110 1362 6 0 16966960 31 0
54.974 14 SVINFO 0 7 0 0 42 1 41
55.072 14 NAVIGATION_REF 360284 4813595 31 185.
55.073 14 IR_SENSORS 0 0 17 -16 264
55.155 14 FBW_STATUS 2 0 1 12.5 0.492119
55.200 14 WP_MOVED 7 360558.40625 4813804.5 260. 31
55.209 14 NAVIGATION 15 1 -77.75 -45. 2034.654785 89.833527 45 23 23 0 0 0
55.223 14 GPS 3 36020434 481354807 2241 210108 1359 -1 0 16967240 31 0
55.224 14 SVINFO 1 8 0 1 41 12 91
55.273 14 CALIBRATION -126.005608 2
55.273 14 ESTIMATOR 210.100159 -0.01
55.374 14 ATTITUDE 0.0023 3.833122 -0.01919
55.457 14 NAVIGATION 15 1 -80.4375 -47.5 2030.988403 93.415421 45 23 23 0 0 0
55.473 14 GPS 3 36020208 481354573 2241 210117 1357 -1 0 16967480 31 0
55.476 14 SVINFO 2 9 1 2 40 53 141
55.674 14 WP_MOVED 8 358784. 4812095. 200. 31
55.706 14 NAVIGATION 15 1 -82.65625 -50. 2027.649658 96.602562 45 23 23 0 0 0
55.723 14 GPS 3 36019981 481354340 2241 210133 1352 -2 0 16967720 31 0
55.724 14 SVINFO 3 10 1 3 39 86 191
55.775 14 NAVIGATION 15 1 -84.9375 -52. 2027.649658 96.602562 45 23 23 0 0 0
55.776 14 ESTIMATOR 210.108505 -0.02
55.874 14 AIRSPEED 13.7 0. 0. 0.
55.874 14 ATTITUDE 0.0023 3.833061 -0.015421
55.923 14 DESIRED 0.001852 -0.017321 0. -1500. -1500. 200. -0.303074 13.
55.956 14 NAVIGATION 15 1 -84.9375 -52. 2024.624878 99.591057 46 24 24 0 0 0
55.973 14 FBW_STATUS 2 0 1 12.5 0.469318
55.974 14 ENERGY 33 12.5 0.469849 5.873117 0.05179 0.647349
55.974 14 GPS 3 36019718 481354070 2242 210156 1347 7 0 16968000 31 0
56.073 14 GPS_SOL 543 543 543 7
56.174 14 DL_VALUE 48 1500.
56.174 14 WP_MOVED 9 360312.8125 4813652. 185. 31
56.207 14 NAVIGATION 15 1 -87.5625 -54.5 2021.002197 103.13797 46 24 24 0 0 0
56.223 14 GPS 3 36019493 481353839 2242 210176 1341 7 0 16968240 31 0
56.275 14 IR_SENSORS 0 0 20 -16 264
56.275 14 ESTIMATOR 210.145218 0.07
56.373 14 ATTITUDE 0.0023 3.833198 -0.011653
56.456 14 NAVIGATION 15 1 -89.84375 -57.5 2017.262207 106.668411 46 24 24 0 0 0
56.474 14 GPS 3 36019269 481353609 2242 210196 1337 2 0 16968480 31 0
56.673 14 WP_MOVED 10 360452.8125 4813581. 260. 31
56.705 14 NAVIGATION 15 1 -92.0625 -59.5 2014.281128 109.616394 46 24 24 0 0 0
56.722 14 GPS 3 36019046 481353380 2242 210213 1332 4 0 16968720 31 0
56.723 14 SVINFO 0 7 0 0 41 0 42
56.774 14 NAVIGATION 15 1 -94.28125 -61.5 2014.281128 109.616394 46 24 24 0 0 0
56.774 14 ESTIMATOR 210.185745 0.04
56.874 14 AIRSPEED 13.7 0. 0. 0.
56.874 14 ATTITUDE 0.0023 3.833275 -0.011653
56.957 14 NAVIGATION 15 1 -94.28125 -61.5 2011.299927 112.566444 47 25 25 0 0 0
56.974 14 DESIRED 0.000681 -0.019399 0. -1500. -1500. 200. -0.305572 13.
56.975 14 GPS 3 36018824 481353152 2242 210224 1327 7 0 16968960 31 0
56.975 14 SVINFO 1 8 1 1 40 14 92
57.074 14 ENERGY 31 12.5 0.430528 5.3816 0.052615 0.657651
57.157 14 FBW_STATUS 2 0 1 12.5 0.427228
57.173 14 WP_MOVED 11 360169.5 4813757.5 260. 31
57.207 14 NAVIGATION 15 1 -96.5 -64. 2007.961182 115.793999 47 25 25 0 0 0
57.223 14 GPS 3 36018565 481352886 2242 210230 1321 -12 0 16969240 31 0
57.223 14 SVINFO 2 9 1 2 39 56 142
57.273 14 ESTIMATOR 210.222961 -0.12
57.374 14 CALIBRATION -86.098412 2
57.374 14 ATTITUDE 0.0023 3.832928 -0.015421
57.456 14 NAVIGATION 15 1 -99.125 -66.5 2004.338501 119.365051 47 25 25 0 0 0
57.473 14 IR_SENSORS 0 0 19 -16 264
57.474 14 GPS 3 36018344 481352660 2242 210227 1318 -21 0 16969480 31 0
57.475 14 SVINFO 3 10 1 3 38 87 192
57.674 14 DL_VALUE 49 1.
57.674 14 WP_MOVED 12 360287.59375 4813581. 260. 31
57.706 14 NAVIGATION 15 1 -101.3125 -69. 2001.021729 122.577415 47 25 25 0 0 0
57.722 14 GPS 3 36018124 481352434 2242 210216 1315 -27 0 16969720 31 0
57.722 14 SVINFO 4 11 1 4 37 79 242
57.773 14 NAVIGATION 15 1 -103.5 -71. 2001.021729 122.577415 47 25 25 0 0 0
57.774 14 ESTIMATOR 210.166382 -0.27
57.874 14 AIRSPEED 13.7 0. 0. 0.
57.874 14 ATTITUDE 0.0023 3.832317 -0.015421
57.956 14 NAVIGATION 15 1 -103.5 -71. 1998.062378 125.511955 48 26 26 0 0 0
57.975 14 FBW_STATUS 2 0 1 12.5 0.422028
57.975 14 GPS 3 36017904 481352208 2242 210198 1312 -29 0 16969960 31 0
57.976 14 SVINFO 5 12 0 5 36 38 292
58.024 14 DESIRED 0.000766 -0.018916 0. -1500. -1500. 200. -0.304991 13.
58.056 14 COMMANDS 3009,-11,-41,0
58.075 14 GPS_SOL 528 528 528 7
58.174 14 ENERGY 31 12.5 0.423586 5.294831 0.053392 0.667366
58.174 14 WP_MOVED 13 360311.5 4813547. 260. 31
58.206 14 NAVIGATION 15 1 -105.71875 -73.5 1994.723633 128.758316 48 26 26 0 0 0
58.223 14 GPS 3 36017648 481351945 2242 210170 1310 -45 0 16970240 31 0
58.223 14 SVINFO 6 13 1 6 35 3 343
58.273 14 COMMANDS 3036,-11,15,0
58.273 14 ESTIMATOR 210.08223 -0.45
58.374 14 STATE_FILTER_STATUS 2 3 298
58.374 14 ATTITUDE 0.0023 3.831937 -0.01919
58.456 14 NAVIGATION 15 1 -108.28125 -76. 1991.144653 132.290695 48 26 26 0 0 0
58.474 14 GPS 3 36017428 481351720 2242 210139 1310 -30 0 16970480 31 0
58.573 14 PPRZ_MODE 2 3 2 0 0 6
58.673 14 ALIVE 179,209,69,119,115,11,176,21,181,244,80,210,55,176,198,136
58.674 14 IR_SENSORS 0 0 18 -17 264
58.674 14 WP_MOVED 14 360300.6875 4813575.5 260. 31
58.706 14 NAVIGATION 15 1 -110.46875 -78.5 1987.827881 135.519714 48 26 26 0 0 0
58.724 14 GPS 3 36017209 481351495 2242 210105 1310 -36 0 16970720 31 0
58.774 14 NAVIGATION 15 1 -112.65625 -80.5 1987.827881 135.519714 48 26 26 0 0 0
58.775 14 ESTIMATOR 209.98111 -0.36
58.874 14 AIRSPEED 13.7 0. 0. 0.
58.875 14 ATTITUDE -0.001473 3.831683 -0.01919
58.957 14 NAVIGATION 15 1 -112.65625 -80.5 1984.86853 138.461838 49 27 27 0 0 0
58.973 14 GPS 3 36016989 481351269 2242 210068 1311 -53 0 16970960 31 0
59.073 14 DESIRED 0.000808 -0.014818 0. -1500. -1500. 200. -0.299433 13.
59.157 14 FBW_STATUS 2 0 1 12.5 0.442909
59.173 14 DL_VALUE 50 0.3
59.174 14 WP_MOVED 15 360297.6875 4813554.5 260. 31
59.207 14 NAVIGATION 15 1 -114.875 -83. 1981.529785 141.722488 49 27 27 0 0 0
59.223 14 GPS 3 36016733 481351006 2242 210025 1313 -42 0 16971240 31 0
59.223 14 SVINFO 3 10 1 3 37 88 193
59.274 14 ENERGY 32 12.5 0.443609 5.545115 0.054187 0.677312
59.274 14 ESTIMATOR 209.860855 -0.42
59.373 14 ATTITUDE 0.0023 3.831191 -0.01919
59.457 14 NAVIGATION 15 1 -117.4375 -85.5 1977.950806 145.264648 49 27 27 0 0 0
59.474 14 CALIBRATION -91.639183 0
59.475 14 GPS 3 36016513 481350780 2242 209989 1314 -33 0 16971480 31 0
59.475 14 SVINFO 4 11 0 4 36 77 243
59.673 14 DATALINK_REPORT 5 10 1891 539 0 0
59.673 14 WP_MOVED 16 361184. 4813643. 260. 31
59.706 14 NAVIGATION 15 1 -119.625 -87.5 1974.991577 148.210632 49 27 27 0 0 0
59.722 14 GPS 3 36016293 481350553 2241 209955 1316 -28 0 16971720 31 0
59.723 14 SVINFO 5 12 0 5 35 35 293
59.773 14 NAVIGATION 15 1 -121.84375 -90. 1974.991577 148.210632 49 27 27 0 0 0
59.773 14 ESTIMATOR 209.790237 -0.28
59.874 14 IR_SENSORS 0 0 18 -16 264
59.874 14 AIRSPEED 13.7 0. 0. 0.
59.875 14 ATTITUDE 0.0023 3.831154 -0.01919
59.957 14 NAVIGATION 15 1 -121.84375 -90. 1971.65271 151.479034 50 28 28 0 0 0
59.974 14 FBW_STATUS 2 0 1 12.5 0.445185
59.975 14 GPS 3 36016072 481350326 2241 209924 1317 -14 0 16971960 31 0
59.975 14 SVINFO 6 13 1 6 34 2 344
60.073 14 GPS_SOL 512 512 512 7
60.152 14 DESIRED 0.001387 -0.014446 0. -1500. -1500. 200. -0.293707 13.
60.175 14 WP_MOVED 17 361184. 4813643. 260. 31
60.206 14 NAVIGATION 15 1 -124.03125 -92. 1968.693481 154.42717 50 28 28 0 0 0
60.223 14 GPS 3 36015815 481350062 2241 209891 1317 -12 0 16972240 31 0
60.223 14 SVINFO 0 7 0 0 40 0 44
60.274 14 ESTIMATOR 209.777023 -0.12
60.374 14 ENERGY 32 12.5 0.438017 5.475219 0.055001 0.687479
60.374 14 ATTITUDE 0.0023 3.831159 -0.015421
60.456 14 NAVIGATION 15 1 -126.59375 -95. 1964.756958 158.275009 50 28 28 0 0 0
60.473 14 GPS 3 36015594 481349835 2241 209865 1317 -8 0 16972480 31 0
60.474 14 SVINFO 1 8 1 1 39 19 94
60.673 14 AUTOPILOT_VERSION 51500 v5.15_devel-179-g9a29798-dirty
60.674 14 DL_VALUE 51 1.
60.675 14 WP_MOVED 18 360289. 4813605. 220. 31
60.706 14 NAVIGATION 15 1 -128.84375 -97.5 1961.396362 161.576492 50 28 28 0 0 0
60.722 14 GPS 3 36015374 481349608 2241 209842 1317 -1 0 16972720 31 0
60.722 14 SVINFO 2 9 1 2 38 62 144
60.774 14 NAVIGATION 15 1 -131. -99.5 1961.396362 161.576492 50 28 28 0 0 0
60.775 14 ESTIMATOR 209.779099 -0.01
60.873 14 AIRSPEED 13.7 0. 0. 0.
60.874 14 ATTITUDE -0.001473 3.830942 -0.015421
60.957 14 NAVIGATION 15 1 -131. -99.5 1958.458862 164.503036 51 29 29 0 0 0
60.974 14 GPS 3 36015154 481349382 2241 209820 1315 -2 0 16972960 31 0
61.073 14 IR_SENSORS 0 0 19 -16 264
61.157 14 FBW_STATUS 2 0 1 12.5 0.419261
61.175 14 DESIRED 0.001702 -0.014429 0. -1500. -1500. 200. -0.293373 13.
61.175 14 WP_MOVED 19 360289. 4813610. 500. 31
61.207 14 NAVIGATION 15 1 -133.21875 -101.5 1955.477783 167.479797 51 29 29 0 0 0
61.224 14 GPS 3 36014898 481349118 2241 209794 1313 -5 0 16973240 31 0
61.274 14 ESTIMATOR 209.785645 -0.05
61.373 14 ATTITUDE 0.0023 3.830181 -0.015421
61.456 14 NAVIGATION 15 1 -135.78125 -104.5 1951.541138 171.338257 51 29 29 0 0 0
61.472 14 ENERGY 30 12.5 0.413048 5.163097 0.055781 0.697226
61.473 14 GPS 3 36014678 481348892 2241 209771 1311 -5 0 16973480 31 0
61.574 14 CALIBRATION -69.809937 0
61.674 14 WP_MOVED 20 360289. 4813620. 300. 31
61.706 14 NAVIGATION 15 1 -137.9375 -106.5 1948.60376 174.267044 51 29 29 0 0 0
61.723 14 GPS 3 36014460 481348667 2241 209746 1309 -8 0 16973720 31 0
61.773 14 NAVIGATION 15 1 -140.15625 -109. 1948.60376 174.267044 51 29 29 0 0 0
61.774 14 ESTIMATOR 209.756485 -0.08
61.873 14 AIRSPEED 13.7 0. 0. 0.
61.873 14 ATTITUDE 0.0023 3.829795 -0.015421
61.957 14 NAVIGATION 15 1 -140.15625 -109. 1945.265015 177.55217 52 30 30 0 0 0
61.973 14 FBW_STATUS 2 0 1 12.5 0.403081
61.973 14 GPS 3 36014241 481348441 2241 209720 1307 -7 0 16973960 31 0
61.973 14 SVINFO 0 7 0 0 39 0 45
62.073 14 GPS_SOL 496 496 496 7
62.174 14 DL_VALUE 52 0.1
62.174 14 WP_MOVED 21 360289. 4813625. 400. 31
62.206 14 NAVIGATION 15 1 -142.34375 -111. 1942.305664 180.506897 52 30 30 0 0 0
62.222 14 DESIRED 0.001716 -0.014359 0. -1500. -1500. 200. -0.291967 13.
62.223 14 GPS 3 36013987 481348179 2241 209688 1304 -13 0 16974240 31 0
62.223 14 SVINFO 1 8 1 1 38 21 95
62.274 14 IR_SENSORS 0 0 20 -16 264
62.274 14 ESTIMATOR 209.70787 -0.13
62.374 14 ATTITUDE 0.0023 3.829406 -0.011653
62.457 14 NAVIGATION 15 1 -144.875 -113.5 1938.748535 184.040802 52 30 30 0 0 0
62.474 14 GPS 3 36013769 481347955 2241 209657 1302 -25 0 16974480 31 0
62.474 14 SVINFO 2 9 1 2 37 65 145
62.573 14 ENERGY 29 12.5 0.397091 4.963641 0.056519 0.706458
62.674 14 WP_MOVED 22 360289. 4813645. 250. 31
62.706 14 NAVIGATION 15 1 -147.0625 -116. 1935.431763 187.305573 52 30 30 0 0 0
62.723 14 GPS 3 36013552 481347731 2241 209624 1300 -36 0 16974720 31 0
62.723 14 SVINFO 3 10 1 3 36 89 195
62.774 14 NAVIGATION 15 1 -149.21875 -118. 1935.431763 187.305573 52 30 30 0 0 0
62.774 14 ESTIMATOR 209.612228 -0.36
62.874 14 AIRSPEED 13.7 0. 0. 0.
62.875 14 ATTITUDE 0.0023 3.828981 -0.011653
62.956 14 NAVIGATION 15 1 -149.21875 -118. 1932.494263 190.237305 53 31 31 0 0 0
62.974 14 GPS 3 36013335 481347507 2241 209589 1298 -36 0 16974960 31 0
62.975 14 SVINFO 4 11 1 4 35 72 245
63.056 14 COMMANDS 2875,-2,14,0
63.166 14 FBW_STATUS 2 0 1 12.5 0.401196
63.175 14 WP_MOVED 0 360326. 4813637. 260. 31
63.207 14 NAVIGATION 15 1 -151.375 -120.5 1929.199219 193.480331 53 31 31 0 0 0
63.224 14 GPS 3 36013082 481347246 2241 209545 1297 -42 0 16975240 31 0
63.224 14 SVINFO 5 12 1 5 34 29 295
63.273 14 COMMANDS 2893,-1,16,0
63.274 14 DESIRED 0.002084 -0.01407 0. -1500. -1500. 200. -0.286181 13.
63.274 14 ESTIMATOR 209.473953 -0.42
63.373 14 STATE_FILTER_STATUS 2 3 300
63.374 14 ATTITUDE -0.001473 3.828376 -0.015421
63.457 14 NAVIGATION 15 1 -153.9375 -123. 1925.620239 197.042511 53 31 31 0 0 0
63.474 14 IR_SENSORS 0 0 19 -16 264
63.474 14 GPS 3 36012865 481347023 2241 209506 1297 -48 0 16975480 31 0
63.475 14 SVINFO 6 13 1 6 33 0 346
63.574 14 PPRZ_MODE 2 3 2 0 0 6
63.675 14 ALIVE 179,209,69,119,115,11,176,21,181,244,80,210,55,176,198,136
63.675 14 CALIBRATION -65.389671 0
63.675 14 DL_VALUE 53 -0.062832
63.676 14 ENERGY 30 12.5 0.410293 5.128664 0.057256 0.71567
63.676 14 WP_MOVED 1 360284. 4813595. 260. 31
63.705 14 NAVIGATION 15 1 -156.125 -125.5 1922.303345 200.312912 53 31 31 0 0 0
63.724 14 GPS 3 36012648 481346799 2240 209465 1297 -53 0 16975720 31 0
63.773 14 NAVIGATION 15 1 -158.28125 -127.5 1922.303345 200.312912 53 31 31 0 0 0
63.774 14 ESTIMATOR 209.330643 -0.53
63.874 14 AIRSPEED 13.7 0. 0. 0.
63.875 14 ATTITUDE 0.0023 3.828156 -0.015421
63.956 14 NAVIGATION 15 1 -158.28125 -127.5 1919.365967 203.246658 54 32 32 0 0 0
63.974 14 FBW_STATUS 2 0 1 12.5 0.418051
63.974 14 GPS 3 36012431 481346575 2240 209425 1298 -50 0 16975960 31 0
64.074 14 NAVIGATION_REF 360284 4813595 31 185.
64.075 14 GPS_SOL 480 480 480 7
64.173 14 WP_MOVED 2 360333.5 4813695. 260. 31
64.207 14 NAVIGATION 15 1 -160.4375 -130. 1916.070923 206.49501 54 32 32 0 0 0
64.224 14 GPS 3 36012178 481346314 2240 209379 1300 -53 0 16976240 31 0
64.224 14 SVINFO 2 9 1 2 36 68 146
64.274 14 ESTIMATOR 209.195053 -0.53
64.323 14 DESIRED 0.002414 -0.013645 0. -1500. -1500. 200. -0.277693 13.
64.348 14 WIND_INFO 14 5 -0.8 0.6 0. 13.7
64.374 14 ATTITUDE 0.0023 3.828266 -0.011653
64.457 14 NAVIGATION 15 1 -163. -132.5 1912.491943 210.060104 54 32 32 0 0 0
64.474 14 GPS 3 36011961 481346089 2240 209342 1301 -54 0 16976480 31 0
64.474 14 SVINFO 3 10 0 3 35 89 196
64.673 14 IR_SENSORS 0 0 19 -16 264
64.674 14 WP_MOVED 3 360294.09375 4813785. 260. 31
64.706 14 NAVIGATION 15 1 -165.15625 -134.5 1909.554443 212.994919 54 32 32 0 0 0
64.723 14 GPS 3 36011743 481345865 2240 209306 1303 -29 0 16976720 31 0
64.723 14 SVINFO 4 11 1 4 34 69 246
64.774 14 DATALINK_REPORT 0 11 2024 561 0 0
64.775 14 ENERGY 31 12.5 0.433486 5.418571 0.058033 0.725378
64.776 14 NAVIGATION 15 1 -167.3125 -137. 1909.554443 212.994919 54 32 32 0 0 0
64.776 14 ESTIMATOR 209.078171 -0.29
64.873 14 AIRSPEED 13.7 0. 0. 0.
64.874 14 ATTITUDE 0.0023 3.834374 -0.011653
64.956 14 NAVIGATION 15 1 -167.3125 -137. 1906.259399 216.246323 55 33 33 0 0 0
64.973 14 GPS 3 36011525 481345639 2240 209273 1305 -31 0 16976960 31 0
65.163 14 FBW_STATUS 2 0 1 12.5 0.435227
65.174 14 DL_VALUE 54 0.087266
65.174 14 WP_MOVED 4 360416.3125 4813734. 260. 31
65.206 14 NAVIGATION 15 1 -169.5 -139. 1903.300049 219.205948 55 33 33 0 0 0
65.224 14 GPS 3 36011270 481345377 2240 209237 1307 -18 0 16977240 31 0
65.273 14 ESTIMATOR 209.058578 -0.18
65.374 14 DESIRED 0.002633 -0.013372 0. -1500. -1500. 200. -0.272231 13.
65.374 14 ATTITUDE 0.0023 3.834524 -0.015421
65.456 14 NAVIGATION 15 1 -172.03125 -141.5 1899.74292 222.748734 55 33 33 0 0 0
65.473 14 GPS 3 36011052 481345151 2240 209208 1308 -24 0 16977480 31 0
65.474 14 SVINFO 0 7 0 0 38 0 47
65.673 14 WP_MOVED 5 360421. 4813583.5 260. 31
65.706 14 NAVIGATION 15 1 -174.21875 -144. 1896.426147 226.026932 55 33 33 0 0 0
65.723 14 GPS 3 36010833 481344925 2240 209180 1308 -37 0 16977720 31 0
65.723 14 SVINFO 1 8 1 1 37 27 97
65.774 14 CALIBRATION -80.034668 0
65.775 14 NAVIGATION 15 1 -176.4375 -146. 1896.426147 226.026932 55 33 33 0 0 0
65.776 14 ESTIMATOR 209.048889 -0.37
65.874 14 IR_SENSORS 0 0 20 -16 264
65.874 14 ENERGY 32 12.5 0.434705 5.43381 0.058827 0.73531
65.875 14 AIRSPEED 13.7 0. 0. 0.
65.875 14 ATTITUDE 0.0023 3.834523 -0.011653
65.956 14 NAVIGATION 15 1 -176.4375 -146. 1893.444946 229.011337 56 34 34 0 0 0
65.974 14 FBW_STATUS 2 0 1 12.5 0.435576
65.974 14 GPS 3 36010615 481344700 2240 209154 1309 -31 0 16977960 31 0
66.074 14 GPS_SOL 464 464 464 7
66.172 14 WP_MOVED 6 360164.8125 4813664.5 260. 31
66.207 14 NAVIGATION 15 1 -178.59375 -148.5 1890.149902 232.267044 56 34 34 0 0 0
66.223 14 GPS 3 36010359 481344436 2240 209124 1310 -44 0 16978240 31 0
66.274 14 ESTIMATOR 208.979599 -0.44
66.384 14 ATTITUDE 0.0023 3.834617 -0.015421
66.424 14 DESIRED 0.002661 -0.013271 0. -1500. -1500. 200. -0.270215 13.
66.457 14 NAVIGATION 15 1 -181.15625 -151. 1886.570923 235.835938 56 34 34 0 0 0
66.473 14 GPS 3 36010141 481344210 2240 209100 1310 -24 0 16978480 31 0
66.674 14 DL_VALUE 55 1.
66.674 14 WP_MOVED 7 360558.40625 4813804.5 260. 31
66.707 14 NAVIGATION 15 1 -185.5625 -155.5 1880.272949 242.102646 56 34 34 0 0 0
66.724 14 GPS 3 36009922 481343984 2240 209076 1311 -34 0 16978720 31 0
66.724 14 SVINFO 5 12 1 5 33 23 297
66.772 14 NAVIGATION 15 1 -185.5625 -155.5 1880.272949 242.102646 56 34 34 0 0 0
66.773 14 ESTIMATOR 208.922043 -0.34
66.874 14 AIRSPEED 13.7 0. 0. 0.
66.875 14 ATTITUDE 0.0023 3.834747 -0.011653
66.957 14 NAVIGATION 15 1 -187.71875 -158. 1876.977905 245.361633 57 35 35 0 0 0
66.973 14 ENERGY 32 12.5 0.44186 5.523252 0.059631 0.745356
66.974 14 GPS 3 36009703 481343758 2240 209054 1311 -31 0 16978960 31 0
66.975 14 SVINFO 6 13 1 6 32 0 348
67.074 14 IR_SENSORS 0 0 19 -16 264
67.163 14 FBW_STATUS 2 0 1 12.5 0.442385
67.174 14 WP_MOVED 8 358784. 4812095. 200. 31
67.207 14 NAVIGATION 15 1 -190.28125 -160.5 1873.398926 248.932129 57 35 35 0 0 0
67.223 14 GPS 3 36009447 481343494 2240 209028 1312 -7 0 16979240 31 0
67.223 14 SVINFO 0 7 0 0 37 1 48
67.274 14 ESTIMATOR 208.869965 -0.07
67.374 14 ATTITUDE 0.0023 3.835022 -0.015421
67.456 14 NAVIGATION 15 1 -190.28125 -160.5 1873.398926 248.932129 57 35 35 0 0 0
67.474 14 DESIRED 0.002663 -0.013065 0. -1500. -1500. 200. -0.266099 13.
67.476 14 GPS 3 36009228 481343268 2241 209007 1312 -15 0 16979480 31 0
67.477 14 SVINFO 1 8 1 1 36 30 98
67.676 14 WP_MOVED 9 360312.8125 4813652. 185. 31
67.707 14 NAVIGATION 15 1 -192.46875 -163. 1870.082031 252.216614 57 35 35 0 0 0
67.724 14 GPS 3 36009008 481343042 2241 208987 1312 -9 0 16979720 31 0
67.726 14 SVINFO 2 9 0 2 35 73 148
67.774 14 NAVIGATION 15 1 -194.65625 -165. 1870.082031 252.216614 57 35 35 0 0 0
67.774 14 ESTIMATOR 208.888672 -0.09
67.873 14 CALIBRATION -78.723808 0
67.874 14 AIRSPEED 13.7 0. 0. 0.
67.875 14 ATTITUDE 0.0023 3.835213 -0.011653
67.956 14 NAVIGATION 15 1 -194.65625 -165. 1867.122681 255.178482 58 36 36 0 0 0
67.973 14 FBW_STATUS 2 0 1 12.5 0.428617
67.974 14 GPS 3 36008789 481342815 2241 208966 1312 -6 0 16979960 31 0
67.975 14 SVINFO 3 10 1 3 34 89 198
68.056 14 COMMANDS 3025,0,-17,0
68.074 14 GPS_SOL 448 448 448 7
68.075 14 ENERGY 31 12.5 0.426881 5.336008 0.06043 0.755338
68.175 14 DL_VALUE 56 1.
68.178 14 WP_MOVED 10 360452.8125 4813581. 260. 31
68.208 14 NAVIGATION 15 1 -196.875 -167.5 1863.784058 258.487946 58 36 36 0 0 0
68.222 14 GPS 3 36008534 481342552 2241 208942 1310 -16 0 16980240 31 0
68.224 14 SVINFO 4 11 1 4 33 64 248
68.273 14 COMMANDS 3012,-1,27,0
68.273 14 IR_SENSORS 0 0 19 -16 264
68.273 14 ESTIMATOR 208.89357 -0.16
68.373 14 STATE_FILTER_STATUS 2 3 299
68.373 14 ATTITUDE 0.0023 3.835459 -0.015421
68.456 14 NAVIGATION 15 1 -199.375 -170. 1860.248779 262.012207 58 36 36 0 0 0
68.473 14 GPS 3 36008315 481342326 2241 208919 1309 -21 0 16980480 31 0
68.475 14 SVINFO 5 12 1 5 32 20 298
68.524 14 DESIRED 0.002126 -0.013101 0. -1500. -1500. 200. -0.266807 13.
68.574 14 PPRZ_MODE 2 3 2 0 0 6
68.675 14 ALIVE 179,209,69,119,115,11,176,21,181,244,80,210,55,176,198,136
68.675 14 WP_MOVED 11 360169.5 4813757.5 260. 31
68.707 14 NAVIGATION 15 1 -201.59375 -172. 1857.267578 264.998199 58 36 36 0 0 0
68.727 14 GPS 3 36008096 481342101 2241 208896 1308 -51 0 16980720 31 0
68.773 14 NAVIGATION 15 1 -203.78125 -174.5 1857.267578 264.998199 58 36 36 0 0 0
68.773 14 ESTIMATOR 208.837952 -0.51
68.874 14 AIRSPEED 13.7 0. 0. 0.
68.874 14 ATTITUDE 0.0023 3.835659 -0.011653
68.957 14 NAVIGATION 15 1 -203.78125 -174.5 1853.950684 268.28537 59 37 37 0 0 0
68.975 14 GPS 3 36007877 481341876 2241 208872 1308 -69 0 16980960 31 0
69.170 14 FBW_STATUS 2 0 1 12.5 0.441161
69.173 14 ENERGY 32 12.5 0.441161 5.514512 0.061213 0.765131
69.173 14 WP_MOVED 12 360287.59375 4813581. 260. 31
69.206 14 NAVIGATION 15 1 -206. -176.5 1850.969482 271.271545 59 37 37 0 0 0
69.224 14 GPS 3 36007622 481341613 2241 208843 1309 -64 0 16981240 31 0
69.273 14 ESTIMATOR 208.647186 -0.64
69.373 14 ATTITUDE 0.0023 3.836154 -0.011653
69.457 14 NAVIGATION 15 1 -208.5 -179.5 1847.076782 275.122711 59 37 37 0 0 0
69.473 14 IR_SENSORS 0 0 19 -16 264
69.474 14 GPS 3 36007403 481341387 2241 208818 1310 -34 0 16981480 31 0
69.573 14 DESIRED 0.001584 -0.012731 0. -1500. -1500. 200. -0.259416 13.
69.674 14 DL_VALUE 57 1.5
69.674 14 WP_MOVED 13 360311.5 4813547. 260. 31
69.706 14 NAVIGATION 15 1 -210.71875 -181.5 1844.095581 278.109039 59 37 37 0 0 0
69.722 14 GPS 3 36007183 481341161 2241 208794 1312 -25 0 16981720 31 0
69.774 14 NAVIGATION 15 1 -212.90625 -184. 1844.095581 278.109039 59 37 37 0 0 0
69.775 14 ESTIMATOR 208.566055 -0.25
69.873 14 DATALINK_REPORT 5 11 2149 533 0 0
69.874 14 AIRSPEED 13.7 0. 0. 0.
69.874 14 ATTITUDE 0.0023 3.836572 -0.015421
69.957 14 NAVIGATION 15 1 -212.90625 -184. 1840.778809 281.398407 60 38 38 0 0 0
69.974 14 CALIBRATION -89.263519 0
69.974 14 FBW_STATUS 2 0 1 12.5 0.449743
69.974 14 GPS 3 36006963 481340935 2241 208773 1313 -26 0 16981960 31 0
70.074 14 GPS_SOL 433 433 433 7
70.183 14 WP_MOVED 14 360300.6875 4813575.5 260. 31
70.209 14 NAVIGATION 15 1 -215.125 -186. 1837.797485 284.384888 60 38 38 0 0 0
70.223 14 GPS 3 36006707 481340671 2241 208749 1315 -25 0 16982240 31 0
70.273 14 ENERGY 32 12.5 0.449919 5.623981 0.062037 0.775424
70.273 14 ESTIMATOR 208.569778 -0.25
70.373 14 ATTITUDE 0.0023 3.83683 -0.011653
70.456 14 NAVIGATION 15 1 -217.65625 -189. 1833.882935 288.262451 60 38 38 0 0 0
70.473 14 GPS 3 36006487 481340445 2241 208731 1315 -2 0 16982480 31 0
70.474 14 SVINFO 6 13 0 6 31 0 350
70.624 14 DESIRED 0.001594 -0.012615 0. -1500. -1500. 200. -0.257093 13.
70.675 14 IR_SENSORS 0 0 19 -17 264
70.686 14 WP_MOVED 15 360297.6875 4813554.5 260. 31
70.707 14 NAVIGATION 15 1 -219.875 -191. 1830.901733 291.249054 60 38 38 0 0 0
70.722 14 GPS 3 36006267 481340218 2241 208714 1315 -1 0 16982720 31 0
70.723 14 SVINFO 0 7 0 0 36 3 50
70.773 14 NAVIGATION 15 1 -222.0625 -193.5 1830.901733 291.249054 60 38 38 0 0 0
70.773 14 ESTIMATOR 208.599396 -0.01
70.874 14 AIRSPEED 13.7 0. 0. 0.
70.874 14 ATTITUDE 0.0023 3.836615 -0.011653
70.956 14 NAVIGATION 15 1 -222.0625 -193.5 1827.584839 294.540314 61 39 39 0 0 0
70.973 14 GPS 3 36006047 481339992 2241 208697 1315 1 0 16982960 31 0
70.974 14 SVINFO 1 8 1 1 35 36 100
71.176 14 FBW_STATUS 2 0 1 12.5 0.430876
71.177 14 DL_VALUE 58 1.
71.178 14 WP_MOVED 16 361184. 4813643. 260. 31
71.207 14 NAVIGATION 15 1 -224.28125 -195.5 1824.603638 297.527008 61 39 39 0 0 0
71.223 14 GPS 3 36005790 481339728 2241 208678 1314 -13 0 16983240 31 0
71.223 14 SVINFO 2 9 1 2 34 77 150
71.273 14 ESTIMATOR 208.638702 -0.13
71.374 14 ENERGY 31 12.5 0.429485 5.368567 0.062842 0.785493
71.375 14 ATTITUDE 0.0023 3.836082 -0.011653
71.456 14 NAVIGATION 15 1 -226.84375 -198.5 1820.667236 301.430481 61 39 39 0 0 0
71.477 14 GPS 3 36005571 481339502 2241 208660 1313 -7 0 16983480 31 0
71.483 14 SVINFO 3 10 1 3 33 88 200
71.673 14 DESIRED 0.00191 -0.012718 0. -1500. -1500. 200. -0.259161 13.
71.673 14 WP_MOVED 17 361184. 4813643. 260. 31
71.706 14 NAVIGATION 15 1 -229.03125 -200.5 1817.707886 304.393768 61 39 39 0 0 0
71.723 14 GPS 3 36005351 481339276 2241 208641 1311 -3 0 16983720 31 0
71.723 14 SVINFO 4 11 0 4 32 58 250
71.774 14 AUTOPILOT_VERSION 51500 v5.15_devel-179-g9a29798-dirty
71.774 14 NAVIGATION 15 1 -231.21875 -203. 1817.707886 304.393768 61 39 39 0 0 0
71.774 14 ESTIMATOR 208.612411 -0.03
71.873 14 IR_SENSORS 0 0 20 -16 264
71.874 14 AIRSPEED 13.7 0. 0. 0.
71.874 14 ATTITUDE 0.0023 3.835556 -0.011653
71.957 14 NAVIGATION 15 1 -231.21875 -203. 1814.391113 307.686707 62 40 40 0 0 0
71.973 14 FBW_STATUS 2 0 1 12.5 0.417533
71.974 14 GPS 3 36005133 481339050 2241 208620 1310 -1 0 16983960 31 0
72.073 14 CALIBRATION -67.731178 0
72.074 14 GPS_SOL 418 418 418 7
72.175 14 WP_MOVED 18 360289. 4813605. 220. 31
72.207 14 NAVIGATION 15 1 -233.4375 -205. 1811.40979 310.673553 62 40 40 0 0 0
72.224 14 GPS 3 36004877 481338787 2241 208594 1307 -10 0 16984240 31 0
72.274 14 ESTIMATOR 208.603119 -0.1
72.373 14 ATTITUDE 0.0023 3.835406 -0.011653
72.456 14 NAVIGATION 15 1 -236. -207.5 1807.830811 314.248718 62 40 40 0 0 0
72.475 14 ENERGY 30 12.5 0.409777 5.122211 0.06361 0.795093
72.476 14 GPS 3 36004659 481338562 2241 208569 1306 3 0 16984480 31 0
72.480 14 SVINFO 0 7 0 0 35 4 51
72.677 14 DL_VALUE 59 1.
72.677 14 WP_MOVED 19 360289. 4813610. 500. 31
72.706 14 NAVIGATION 15 1 -238.15625 -210. 1804.535767 317.519135 62 40 40 0 0 0
72.723 14 DESIRED 0.002209 -0.012624 0. -1500. -1500. 200. -0.257273 13.
72.723 14 GPS 3 36004441 481338337 2241 208541 1304 -5 0 16984720 31 0
72.723 14 SVINFO 1 8 1 1 34 39 101
72.773 14 NAVIGATION 15 1 -240.34375 -212. 1804.535767 317.519135 62 40 40 0 0 0
72.774 14 ESTIMATOR 208.572418 -0.05
72.873 14 AIRSPEED 13.7 0. 0. 0.
72.874 14 ATTITUDE 0.0023 3.835833 -0.011653
72.957 14 NAVIGATION 15 1 -240.34375 -212. 1801.576538 320.482635 63 41 41 0 0 0
72.974 14 GPS 3 36004223 481338113 2241 208512 1302 8 0 16984960 31 0
72.974 14 SVINFO 2 9 0 2 33 79 151
73.057 14 COMMANDS 2834,-3,-11,0
73.073 14 NAVIGATION_REF 360284 4813595 31 185.
73.074 14 IR_SENSORS 0 0 20 -16 264
73.186 14 FBW_STATUS 2 0 1 12.5 0.391291
73.187 14 WP_MOVED 20 360289. 4813620. 300. 31
73.206 14 NAVIGATION 15 1 -242.5 -214.5 1798.281494 323.753754 63 41 41 0 0 0
73.224 14 GPS 3 36003969 481337852 2242 208474 1299 23 0 16985240 31 0
73.273 14 COMMANDS 2781,-4,-11,0
73.273 14 ESTIMATOR 208.543549 0.23
73.373 14 STATE_FILTER_STATUS 2 3 299
73.373 14 ATTITUDE 0.0023 3.836297 -0.015421
73.456 14 NAVIGATION 15 1 -245.0625 -217. 1794.702515 327.329529 63 41 41 0 0 0
73.473 14 GPS 3 36003752 481337629 2242 208438 1297 33 0 16985480 31 0
73.573 14 PPRZ_MODE 2 3 2 0 0 6
73.573 14 ENERGY 28 12.5 0.371472 4.643398 0.064332 0.804109
73.674 14 ALIVE 179,209,69,119,115,11,176,21,181,244,80,210,55,176,198,136
73.675 14 WP_MOVED 21 360289. 4813625. 400. 31
73.707 14 NAVIGATION 15 1 -247.21875 -219. 1791.765015 330.269745 63 41 41 0 0 0
73.723 14 GPS 3 36003535 481337406 2241 208400 1294 40 0 16985720 31 0
73.723 14 SVINFO 5 12 0 5 31 13 301
73.773 14 DESIRED 0.001318 -0.012599 0. -1500. -1500. 200. -0.256774 13.
73.773 14 NAVIGATION 15 1 -249.375 -221.5 1791.765015 330.269745 63 41 41 0 0 0
73.773 14 ESTIMATOR 208.579544 0.4
73.873 14 AIRSPEED 13.7 0. 0. 0.
73.873 14 ATTITUDE -0.001473 3.835735 -0.015421
73.956 14 NAVIGATION 15 1 -249.375 -221.5 1788.469971 333.541809 64 42 42 0 0 0
73.974 14 FBW_STATUS 2 0 1 12.5 0.348044
73.974 14 GPS 3 36003283 481337147 2241 208349 1290 40 0 16986000 31 0
74.073 14 GPS_SOL 404 404 404 7
74.179 14 CALIBRATION -15.984465 0
74.180 14 DL_VALUE 60 1.
74.180 14 WP_MOVED 22 360289. 4813645. 250. 31
74.206 14 NAVIGATION 15 1 -251.90625 -224. 1784.912842 337.094574 64 42 42 0 0 0
74.223 14 GPS 3 36003068 481336926 2241 208301 1284 24 0 16986240 31 0
74.273 14 IR_SENSORS 0 0 20 -17 264
74.273 14 ESTIMATOR 208.593445 0.24
74.349 14 WIND_INFO 14 5 -0.8 0.6 0. 13.7
74.374 14 ATTITUDE -0.001473 3.834532 -0.011653
74.456 14 NAVIGATION 15 1 -254.0625 -226. 1781.975342 340.034912 64 42 42 0 0 0
74.473 14 GPS 3 36002854 481336705 2241 208246 1280 19 0 16986480 31 0
74.673 14 ENERGY 24 12.5 0.319209 3.990114 0.064959 0.811955
74.673 14 WP_MOVED 0 360326. 4813637. 260. 31
74.706 14 NAVIGATION 15 1 -256.1875 -228.5 1778.702271 343.284546 64 42 42 0 0 0
74.724 14 GPS 3 36002641 481336485 2241 208186 1275 4 0 16986720 31 0
74.772 14 NAVIGATION 15 1 -258.34375 -230.5 1778.702271 343.284546 64 42 42 0 0 0
74.773 14 ESTIMATOR 208.490814 0.04
74.824 14 DESIRED 0.002011 -0.01267 0. -1500. -1500. 200. -0.256462 13.
74.874 14 AIRSPEED 13.7 0. 0. 0.
74.875 14 ATTITUDE -0.001473 3.833502 -0.011653
74.957 14 NAVIGATION 15 1 -258.34375 -230.5 1775.764771 346.224976 65 43 43 0 0 0
74.974 14 DATALINK_REPORT 1 12 2278 551 0 0
74.975 14 GPS 3 36002429 481336266 2241 208120 1271 30 0 16986960 31 0
74.976 14 SVINFO 3 10 0 3 32 86 202
75.156 14 FBW_STATUS 2 0 1 12.5 0.301348
75.183 14 WP_MOVED 1 360284. 4813595. 260. 31
75.207 14 NAVIGATION 15 1 -260.46875 -233. 1772.491699 349.475281 65 43 43 0 0 0
75.224 14 GPS 3 36002182 481336012 2240 208034 1265 4 0 16987240 31 0
75.225 14 SVINFO 4 11 1 4 31 52 252
75.274 14 ESTIMATOR 208.363876 0.04
75.374 14 ATTITUDE -0.001473 3.832138 -0.011653
75.457 14 NAVIGATION 15 1 -262.90625 -235.5 1769.000122 352.958832 65 43 43 0 0 0
75.473 14 IR_SENSORS 0 0 20 -16 264
75.474 14 GPS 3 36001971 481335794 2240 207954 1262 0 0 16987480 31 0
75.684 14 DL_VALUE 61 1.
75.685 14 WP_MOVED 2 360333.5 4813695. 260. 31
75.707 14 NAVIGATION 15 1 -265.03125 -237.5 1766.084351 355.876129 65 43 43 0 0 0
75.724 14 GPS 3 36001761 481335577 2240 207869 1258 -8 0 16987720 31 0
75.724 14 SVINFO 6 13 1 6 30 1 353
75.773 14 ENERGY 23 12.5 0.292976 3.662205 0.065516 0.818914
75.773 14 NAVIGATION 15 1 -267.15625 -239.5 1766.084351 355.876129 65 43 43 0 0 0
75.773 14 ESTIMATOR 208.163971 -0.08
75.873 14 DESIRED 0.002332 -0.012159 0. -1500. -1500. 200. -0.247979 13.
75.873 14 AIRSPEED 13.7 0. 0. 0.
75.874 14 ATTITUDE 0.0023 3.831344 -0.011653
75.956 14 NAVIGATION 15 1 -267.15625 -239.5 1763.168701 358.793396 66 44 44 0 0 0
75.975 14 FBW_STATUS 2 0 1 12.5 0.289929
75.975 14 GPS 3 36001551 481335360 2240 207778 1255 0 0 16987960 31 0
75.976 14 SVINFO 0 7 0 0 34 7 53
76.072 14 GPS_SOL 390 390 390 7
76.188 14 WP_MOVED 3 360294.09375 4813785. 260. 31
76.207 14 NAVIGATION 15 1 -269.21875 -242. 1759.939331 361.99826 66 44 44 0 0 0
76.223 14 GPS 3 36001307 481335108 2240 207667 1252 0 0 16988240 31 0
76.224 14 SVINFO 1 8 1 1 33 45 103
76.273 14 CALIBRATION 27.091375 0
76.273 14 ESTIMATOR 207.951523 0.
76.374 14 ATTITUDE 0.0023 3.830547 -0.011653
76.456 14 NAVIGATION 15 1 -271.65625 -244.5 1756.447754 365.482391 66 44 44 0 0 0
76.473 14 GPS 3 36001099 481334893 2240 207567 1250 10 0 16988480 31 0
76.474 14 SVINFO 2 9 1 2 32 83 153
76.703 14 IR_SENSORS 0 0 20 -16 264
76.703 14 WP_MOVED 4 360416.3125 4813734. 260. 31
76.706 14 NAVIGATION 15 1 -273.75 -246.5 1753.553833 368.376587 66 44 44 0 0 0
76.723 14 GPS 3 36000890 481334677 2240 207463 1247 9 0 16988720 31 0
76.773 14 NAVIGATION 15 1 -275.875 -248.5 1753.553833 368.376587 66 44 44 0 0 0
76.773 14 ESTIMATOR 207.771133 0.09
76.876 14 ENERGY 21 12.5 0.270358 3.379481 0.066034 0.825391
76.876 14 AIRSPEED 13.7 0. 0. 0.
76.877 14 ATTITUDE 0.0023 3.829996 -0.011653
76.923 14 DESIRED 0.002934 -0.011539 0. -1500. -1500. 200. -0.235581 13.
76.956 14 NAVIGATION 15 1 -275.875 -248.5 1750.638184 371.294037 67 45 45 0 0 0
76.974 14 GPS 3 36000683 481334462 2240 207355 1245 2 0 16988960 31 0
77.157 14 FBW_STATUS 2 0 1 12.5 0.264839
77.185 14 DL_VALUE 62 0.
77.186 14 WP_MOVED 5 360421. 4813583.5 260. 31
77.207 14 NAVIGATION 15 1 -277.90625 -251. 1747.430664 374.476807 67 45 45 0 0 0
77.223 14 GPS 3 36000440 481334212 2240 207226 1241 -2 0 16989240 31 0
77.224 14 SVINFO 5 12 1 5 30 9 303
77.274 14 ESTIMATOR 207.567734 -0.02
77.372 14 ATTITUDE 0.006075 3.830557 -0.011653
77.456 14 NAVIGATION 15 1 -280.34375 -253.5 1743.939087 377.961487 67 45 45 0 0 0
77.476 14 GPS 3 36000233 481333999 2241 207111 1240 -11 0 16989480 31 0
77.687 14 WP_MOVED 6 360164.8125 4813664.5 260. 31
77.707 14 NAVIGATION 15 1 -282.4375 -255.5 1741.045288 380.855865 67 45 45 0 0 0
77.723 14 GPS 3 36000026 481333785 2241 206993 1238 -23 0 16989720 31 0
77.724 14 SVINFO 0 7 0 0 33 9 54
77.773 14 NAVIGATION 15 1 -284.5 -257.5 1741.045288 380.855865 67 45 45 0 0 0
77.773 14 ESTIMATOR 207.309631 -0.23
77.874 14 IR_SENSORS 0 0 20 -16 264
77.874 14 AIRSPEED 13.7 0. 0. 0.
77.874 14 ATTITUDE 0.0023 3.831364 -0.011653
77.955 14 NAVIGATION 15 1 -284.5 -257.5 1738.17334 383.727112 67 46 46 0 0 0
77.972 14 FBW_STATUS 2 0 1 12.5 0.262009
77.973 14 ENERGY 21 12.5 0.262009 3.275114 0.066517 0.831426
77.973 14 DESIRED 0.00186 -0.010332 0. -1500. -1500. 200. -0.219289 13.
77.973 14 GPS 3 35999785 481333537 2241 206852 1236 -8 0 16990000 31 0
78.057 14 COMMANDS 2020,-31,15,0
78.073 14 GPS_SOL 377 377 377 7
78.193 14 WP_MOVED 7 360558.40625 4813804.5 260. 31
78.206 14 NAVIGATION 15 1 -286.90625 -260. 1734.703613 387.188812 68 46 46 0 0 0
78.224 14 GPS 3 35999578 481333325 2242 206729 1235 -20 0 16990240 31 0
78.272 14 COMMANDS 2024,-33,18,0
78.272 14 ESTIMATOR 207.026443 -0.2
78.373 14 STATE_FILTER_STATUS 2 3 299
78.373 14 CALIBRATION 50.266781 0
78.373 14 ATTITUDE 0.006075 3.832512 -0.011653
78.457 14 NAVIGATION 15 1 -289. -262.5 1731.452393 390.419312 68 46 46 0 0 0
78.475 14 GPS 3 35999371 481333112 2242 206604 1234 -19 0 16990480 31 0
78.475 14 SVINFO 3 10 1 3 31 83 204
78.574 14 PPRZ_MODE 2 3 2 0 0 6
78.691 14 ALIVE 179,209,69,119,115,11,176,21,181,244,80,210,55,176,198,136
78.691 14 DL_VALUE 0 0.
78.691 14 WP_MOVED 8 358784. 4812095. 200. 31
78.707 14 NAVIGATION 15 1 -291.03125 -264.5 1728.602295 393.267639 68 46 46 0 0 0
78.723 14 GPS 3 35999165 481332900 2242 206478 1233 -31 0 16990720 31 0
78.773 14 NAVIGATION 15 1 -293.125 -266.5 1728.602295 393.267639 68 46 46 0 0 0
78.774 14 ESTIMATOR 206.741959 -0.31
78.873 14 AIRSPEED 13.7 0. 0. 0.
78.874 14 ATTITUDE 0.0023 3.83328 -0.011653
78.956 14 NAVIGATION 15 1 -293.125 -266.5 1725.708374 396.162231 69 47 47 0 0 0
78.973 14 GPS 3 35998958 481332688 2243 206351 1233 -37 0 16990960 31 0
79.023 14 DESIRED 0.000818 -0.009873 0. -1500. -1500. 200. -0.202259 13.
79.072 14 IR_SENSORS 0 0 20 -16 264
79.072 14 ENERGY 21 12.5 0.268148 3.351849 0.066997 0.837431
