3.352 14 NAVIGATION 2 2 0. 0. 0. 0. 0 6 6 1 0 0
3.369 14 GPS 3 36028477 481359546 899 185000 0 20 0 17339960 31 0
3.552 14 FBW_STATUS 2 0 1 12.5 0.
3.569 14 DL_VALUE 10 1.
3.569 14 WP_MOVED 10 360452.8125 4813581. 260. 31
3.602 14 NAVIGATION 2 2 0. 0. 0. 0. 0 6 6 1 0 0
3.619 14 DESIRED 0. 0.00024 0. 0. 0. 235. 0. 13.
3.620 14 GPS 3 36028477 481359546 899 185000 0 32 0 17340240 31 0
3.669 14 ESTIMATOR 185.06781 0.32
3.769 14 ATTITUDE 0.0023 0. -0.000365
3.852 14 NAVIGATION 2 2 0. 0. 0. 0. 0 6 6 1 0 0
3.869 14 GPS 3 36028477 481359546 899 185000 0 33 0 17340480 31 0
4.069 14 WP_MOVED 11 360169.5 4813757.5 260. 31
4.102 14 NAVIGATION 2 2 0. 0. 0. 0. 0 6 6 1 0 0
4.118 14 GPS 3 36028477 481359546 899 185000 0 34 0 17340720 31 0
4.119 14 SVINFO 3 10 1 3 48 6 159
4.169 14 NAVIGATION 2 2 0. 0. 0. 0. 0 6 6 1 0 0
4.170 14 ESTIMATOR 185.142761 0.34
4.269 14 IR_SENSORS 0 0 23 -16 264
4.269 14 ENERGY 0 12.5 0. 0. 0. 0.
4.270 14 AIRSPEED 0. 0. 0. 0.
4.270 14 ATTITUDE 0.0023 0. -0.000365
4.355 14 NAVIGATION 2 2 0. 0. 0. 0. 0 7 7 1 0 0
4.369 14 FBW_STATUS 2 0 1 12.5 0.
4.371 14 GPS 3 36028477 481359546 899 185000 0 21 0 17340960 31 0
4.469 14 GPS_SOL 625 625 625 7
4.569 14 WP_MOVED 12 360287.59375 4813581. 260. 31
4.602 14 NAVIGATION 2 2 0. 0. 0. 0. 0 7 7 1 0 0
4.619 14 GPS 3 36028477 481359546 899 185000 0 26 0 17341240 31 0
4.669 14 DESIRED 0. 0.00024 0. 0. 0. 235. 0. 13.
4.669 14 ESTIMATOR 185.164627 0.26
4.769 14 ATTITUDE 0.0023 0. -0.000365
4.853 14 NAVIGATION 2 2 0. 0. 0. 0. 0 7 7 1 0 0
4.868 14 GPS 3 36028477 481359546 899 185000 0 18 0 17341480 31 0
5.068 14 CALIBRATION 0. 0
5.069 14 DL_VALUE 11 5.
5.070 14 WP_MOVED 13 360311.5 4813547. 260. 31
5.102 14 NAVIGATION 2 2 0. 0. 0. 0. 0 7 7 1 0 0
5.119 14 GPS 3 36028477 481359546 899 185000 0 6 0 17341720 31 0
5.120 14 SVINFO 0 7 0 0 46 79 10
5.168 14 NAVIGATION 2 2 0. 0. 0. 0. 0 7 7 1 0 0
5.169 14 ESTIMATOR 185.159561 0.06
5.268 14 AIRSPEED 0. 0. 0. 0.
5.269 14 ATTITUDE 0.0023 0. -0.000365
5.353 14 NAVIGATION 2 2 0. 0. 0. 0. 0 8 8 1 0 0
5.368 14 ENERGY 0 12.5 0. 0. 0. 0.
5.369 14 GPS 3 36028477 481359546 899 185000 0 0 0 17341960 31 0
5.369 14 SVINFO 1 8 1 1 47 38 60
5.469 14 NAVIGATION_REF 360284 4813595 31 185.
5.469 14 IR_SENSORS 0 0 23 -16 264
5.553 14 FBW_STATUS 2 0 1 12.5 0.
5.568 14 WP_MOVED 14 360300.6875 4813575.5 260. 31
5.602 14 NAVIGATION 2 2 0. 0. 0. 0. 0 8 8 1 0 0
5.619 14 GPS 3 36028477 481359546 899 185000 0 13 0 17342240 31 0
5.620 14 SVINFO 2 9 1 2 48 3 110
5.669 14 ESTIMATOR 185.096344 0.13
5.719 14 DESIRED 0. 0.00024 0. 0. 0. 235. 0. 13.
5.769 14 ATTITUDE 0.0023 0. -0.000365
5.852 14 NAVIGATION 2 2 0. 0. 0. 0. 0 8 8 1 0 0
5.870 14 GPS 3 36028477 481359546 899 185000 0 -2 0 17342480 31 0
6.069 14 WP_MOVED 15 360297.6875 4813554.5 260. 31
6.103 14 NAVIGATION 2 2 0. 0. 0. 0. 0 8 8 1 0 0
6.118 14 GPS 3 36028477 481359546 899 185000 0 -16 0 17342720 31 0
6.119 14 SVINFO 4 11 1 4 49 46 210
6.169 14 NAVIGATION 2 2 0. 0. 0. 0. 0 8 8 1 0 0
6.169 14 ESTIMATOR 185.067261 -0.16
6.269 14 AIRSPEED 0. 0. 0. 0.
6.269 14 ATTITUDE 0.0023 0. -0.000365
6.358 14 NAVIGATION 2 2 0. 0. 0. 0. 0 9 9 1 0 0
6.370 14 FBW_STATUS 2 0 1 12.5 0.
6.370 14 GPS 3 36028477 481359546 899 185000 0 -3 0 17342960 31 0
6.469 14 GPS_SOL 637 637 637 7
6.469 14 ENERGY 0 12.5 0. 0. 0. 0.
6.569 14 DL_VALUE 12 100.
6.569 14 WP_MOVED 16 361184. 4813643. 260. 31
6.602 14 NAVIGATION 2 2 0. 0. 0. 0. 0 9 9 1 0 0
6.619 14 GPS 3 36028477 481359546 899 185000 0 2 0 17343239 31 0
6.669 14 IR_SENSORS 0 0 23 -16 264
6.669 14 ESTIMATOR 185.01004 0.02
6.769 14 DESIRED 0. 0.00024 0. 0. 0. 235. 0. 13.
6.770 14 ATTITUDE 0.0023 0. -0.000365
6.859 14 NAVIGATION 2 2 0. 0. 0. 0. 0 9 9 1 0 0
6.869 14 GPS 3 36028477 481359546 899 185000 0 -9 0 17343480 31 0
6.870 14 SVINFO 0 7 0 0 47 76 11
7.069 14 WP_MOVED 17 361184. 4813643. 260. 31
7.102 14 NAVIGATION 2 2 0. 0. 0. 0. 0 9 9 1 0 0
7.118 14 GPS 3 36028477 481359546 899 185000 0 13 0 17343720 31 0
7.169 14 CALIBRATION 0. 0
7.169 14 NAVIGATION 2 2 0. 0. 0. 0. 0 9 9 1 0 0
7.170 14 ESTIMATOR 184.991577 0.13
7.269 14 AIRSPEED 0. 0. 0. 0.
7.269 14 ATTITUDE 0.0023 0. -0.000365
7.367 14 NAVIGATION 2 2 0. 0. 0. 0. 0 10 10 1 0 0
7.369 14 GPS 3 36028477 481359546 899 185000 0 10 0 17343960 31 0
7.452 14 COMMANDS 0,-17,7,0
7.553 14 FBW_STATUS 2 0 1 12.5 0.
7.569 14 ENERGY 0 12.5 0. 0. 0. 0.
7.569 14 WP_MOVED 18 360289. 4813605. 220. 31
7.602 14 NAVIGATION 2 2 0. 0. 0. 0. 0 10 10 1 0 0
7.619 14 GPS 3 36028477 481359546 899 185000 0 24 0 17344239 31 0
7.669 14 COMMANDS 0,-17,7,0
7.669 14 ESTIMATOR 185.031342 0.24
7.769 14 STATE_FILTER_STATUS 2 3 303
7.769 14 ATTITUDE 0.0023 0. -0.000365
7.819 14 DESIRED 0. 0.00024 0. 0. 0. 235. 0. 13.
7.852 14 NAVIGATION 2 2 0. 0. 0. 0. 0 10 10 1 0 0
7.869 14 IR_SENSORS 0 0 23 -16 264
7.870 14 GPS 3 36028477 481359546 899 185000 0 34 0 17344480 31 0
7.969 14 DATALINK_REPORT 9 1 514 529 0 0
7.970 14 PPRZ_MODE 2 1 2 0 0 6
8.069 14 ALIVE 179,209,69,119,115,11,176,21,181,244,80,210,55,176,198,136
8.069 14 DL_VALUE 13 1.
8.070 14 WP_MOVED 19 360289. 4813610. 500. 31
8.103 14 NAVIGATION 2 2 0. 0. 0. 0. 0 10 10 1 0 0
8.119 14 GPS 3 36028477 481359546 899 185000 0 18 0 17344720 31 0
8.168 14 NAVIGATION 2 2 0. 0. 0. 0. 0 10 10 1 0 0
8.169 14 ESTIMATOR 185.112686 0.18
8.269 14 AIRSPEED 0. 0. 0. 0.
8.270 14 ATTITUDE 0.0023 0. -0.000365
8.353 14 NAVIGATION 2 2 0. 0. 0. 0. 0 11 11 1 0 0
8.369 14 FBW_STATUS 2 0 1 12.5 0.
8.370 14 GPS 3 36028477 481359546 899 185000 0 21 0 17344960 31 0
8.469 14 GPS_SOL 648 648 648 7
8.569 14 WP_MOVED 20 360289. 4813620. 300. 31
8.602 14 NAVIGATION 2 2 0. 0. 0. 0. 0 11 11 1 0 0
8.619 14 GPS 3 36028477 481359546 899 185000 0 17 0 17345239 31 0
8.669 14 ENERGY 0 12.5 0. 0. 0. 0.
8.669 14 ESTIMATOR 185.126266 0.17
8.769 14 ATTITUDE 0.0023 0. -0.000365
8.804 14 WIND_INFO 14 5 0. 0. 0. 0.
8.853 14 NAVIGATION 2 2 0. 0. 0. 0. 0 11 11 1 0 0
8.871 14 DESIRED 0. 0.00024 0. 0. 0. 235. 0. 13.
8.871 14 GPS 3 36028477 481359546 899 185000 0 15 0 17345480 31 0
8.872 14 SVINFO 1 8 0 1 48 32 62
9.069 14 IR_SENSORS 0 0 23 -16 264
9.070 14 WP_MOVED 21 360289. 4813625. 400. 31
9.104 14 NAVIGATION 2 2 0. 0. 0. 0. 0 11 11 1 0 0
9.120 14 GPS 3 36028477 481359546 899 185000 0 16 0 17345720 31 0
9.154 14 SETTING 9 14 1.
9.155 14 DL_VALUE 9 1.
9.169 14 NAVIGATION 2 2 0. 0. 0. 0. 0 11 11 1 0 0
9.169 14 ESTIMATOR 185.121765 0.16
9.268 14 CALIBRATION 0. 0
9.268 14 AIRSPEED 0. 0. 0. 0.
9.269 14 ATTITUDE 0.0023 0. -0.000365
9.352 14 NAVIGATION 2 2 0. 0. 0. 0. 0 12 12 1 0 0
9.368 14 GPS 3 36028477 481359546 899 185000 0 -2 0 17345960 31 0
9.369 14 SVINFO 3 10 0 3 49 11 162
9.555 14 FBW_STATUS 2 0 1 12.5 0.
9.569 14 AUTOPILOT_VERSION 51500 v5.15_devel-179-g9a29798-dirty
9.569 14 DL_VALUE 14 0.
9.570 14 WP_MOVED 22 360289. 4813645. 250. 31
9.602 14 NAVIGATION 2 2 0. 0. 0. 0. 0 12 12 1 0 0
9.620 14 GPS 3 36028477 481359546 899 185000 0 4 0 17346239 31 0
9.668 14 ESTIMATOR 185.085342 0.04
9.769 14 ENERGY 0 12.5 0. 0. 0. 0.
9.769 14 ATTITUDE 0.0023 0. -0.000365
9.852 14 NAVIGATION 2 2 0. 0. 0. 0. 0 12 12 1 0 0
9.881 14 GPS 3 36028477 481359546 899 185000 0 0 0 17346480 31 0
9.919 14 DESIRED 0. 0.00024 0. 0. 0. 235. 0. 13.
10.017 14 BLOCK 3 14
10.017 14 NAVIGATION 3 0 0. 0. 0. 0. 0 0 0 1 0 0
10.069 14 WP_MOVED 0 360326. 4813637. 260. 31
10.102 14 NAVIGATION 3 2 0. 0. 198.624115 0. 0 0 0 0 0 0
10.119 14 GPS 3 36028477 481359546 899 185000 0 9 0 17346720 31 0
10.172 14 NAVIGATION 3 2 0. 0. 198.624115 0. 0 0 0 0 0 0
10.173 14 ESTIMATOR 185.052475 0.09
10.268 14 IR_SENSORS 0 0 23 -16 264
10.268 14 AIRSPEED 0. 0. 0. 0.
10.269 14 ATTITUDE 0.0023 0. -0.000365
10.351 14 NAVIGATION 3 2 0. 0. 198.624115 0. 0 1 1 0 0 0
10.376 14 FBW_STATUS 2 0 1 12.5 0.138425
10.376 14 GPS 3 36028477 481359802 3599 184997 1063 3 0 17346960 31 0
10.468 14 GPS_SOL 659 659 659 7
10.569 14 WP_MOVED 1 360284. 4813595. 260. 31
10.602 14 NAVIGATION 3 2 0. 2.5 196.586594 2.5 0 1 1 0 0 0
10.620 14 GPS 3 36028477 481360151 3599 184984 1247 -7 0 17347239 31 0
10.669 14 ESTIMATOR 185.042206 -0.07
10.769 14 ATTITUDE -0.005503 6.283092 0.033811
10.853 14 NAVIGATION 3 2 0. 6. 193.752274 6. 0 1 1 0 0 0
10.877 14 ENERGY 39 12.5 0.514258 6.428222 0.00029 0.003624
10.877 14 GPS 3 36028477 481360450 3599 184986 1245 0 0 17347480 31 0
10.877 14 SVINFO 2 9 0 2 49 0 113
10.968 14 DESIRED -0.280197 0.266387 0. -114.5 162.300003 235. 0. 13.
11.069 14 DL_VALUE 15 0.
11.069 14 WP_MOVED 2 360333.5 4813695. 260. 31
11.102 14 NAVIGATION 3 2 0. 9. 191.340378 9. 0 1 1 0 0 0
11.119 14 GPS 3 36028474 481360753 3595 185039 1262 43 0 17347720 31 0
11.168 14 NAVIGATION 3 2 -0.03125 12. 191.340378 9. 0 1 1 0 0 0
11.169 14 ESTIMATOR 185.021317 0.43
11.268 14 AIRSPEED 0. 0. 0. 0.
11.269 14 ATTITUDE -0.122516 6.275128 0.109378
11.351 14 TAKEOFF 23
11.352 14 NAVIGATION 3 2 -0.03125 12. 188.926407 12.000041 1 2 2 0 0 0
11.377 14 CALIBRATION 0. 0
11.377 14 GPS 3 36028466 481361063 3585 185180 1292 68 0 17347960 31 0
11.469 14 IR_SENSORS 0 0 58 -61 252
11.553 14 FBW_STATUS 2 0 1 12.5 1.206999
11.568 14 WP_MOVED 3 360294.09375 4813785. 260. 31
11.603 14 NAVIGATION 3 2 -0.125 15. 186.491104 15.000521 1 2 2 0 0 0
11.619 14 GPS 3 36028446 481361437 3566 185499 1338 142 0 17348239 31 0
11.668 14 ESTIMATOR 185.362198 1.42
11.769 14 ATTITUDE -0.233094 6.225306 0.186195
11.852 14 NAVIGATION 3 2 -0.28125 19. 183.250687 19.002081 1 2 2 0 0 0
11.885 14 GPS 3 36028414 481361767 3545 185932 1381 188 0 17348480 31 0
11.968 14 ENERGY 88 12.5 1.627817 20.347708 0.002253 0.028169
12.018 14 DESIRED -0.313095 0.289804 0. -114.5 162.300003 235. 0. 13.
12.069 14 WP_MOVED 4 360416.3125 4813734. 260. 31
12.102 14 NAVIGATION 3 2 -0.59375 22. 180.717255 22.008011 1 2 2 0 0 0
12.119 14 GPS 3 36028367 481362105 3520 186529 1422 271 0 17348720 31 0
12.120 14 SVINFO 0 7 0 0 48 69 14
12.169 14 NAVIGATION 3 2 -1.0625 25.5 180.717255 22.008011 1 2 2 0 0 0
12.170 14 ESTIMATOR 186.316254 2.71
12.269 14 AIRSPEED 0. 0. 0. 0.
12.269 14 ATTITUDE -0.310316 6.145153 0.263553
12.352 14 NAVIGATION 3 2 -1.0625 25.5 177.714111 25.522125 2 3 3 0 0 0
12.380 14 FBW_STATUS 2 0 1 12.5 1.627817
12.381 14 GPS 3 36028291 481362504 3491 187433 1452 335 0 17349000 31 0
12.451 14 COMMANDS 8524,122,76,0
12.469 14 GPS_SOL 668 668 668 7
12.568 14 DL_VALUE 16 80.
12.569 14 WP_MOVED 5 360421. 4813583.5 260. 31
12.602 14 NAVIGATION 3 2 -1.84375 29.5 174.147263 29.557562 2 3 3 0 0 0
12.619 14 GPS 3 36028206 481362846 3460 188366 1467 382 0 17349239 31 0
12.669 14 COMMANDS 8524,127,-79,0
12.669 14 IR_SENSORS 0 0 96 -96 231
12.669 14 ESTIMATOR 188.052719 3.82
12.769 14 STATE_FILTER_STATUS 2 3 423
12.769 14 ATTITUDE -0.332577 6.039603 0.311839
12.852 14 NAVIGATION 3 2 -2.65625 33. 170.960571 33.106731 2 3 3 0 0 0
12.889 14 GPS 3 36028103 481363184 3431 189417 1470 439 0 17349480 31 0
12.968 14 PPRZ_MODE 2 1 2 0 0 6
13.069 14 DATALINK_REPORT 3 4 635 520 0 0
13.069 14 ALIVE 179,209,69,119,115,11,176,21,181,244,80,210,55,176,198,136
13.070 14 ENERGY 88 12.5 1.627817 20.347708 0.005238 0.065473
13.070 14 DESIRED -0.296334 0.296217 0. -114.5 162.300003 235. 0. 13.
13.070 14 WP_MOVED 6 360164.8125 4813664.5 260. 31
13.104 14 NAVIGATION 3 2 -3.71875 36.5 167.624954 36.68895 2 3 3 0 0 0
13.120 14 GPS 3 36027984 481363515 3401 190558 1467 461 0 17349720 31 0
13.169 14 NAVIGATION 3 2 -4.90625 39.5 167.624954 36.68895 2 3 3 0 0 0
13.170 14 ESTIMATOR 190.281067 4.61
13.269 14 AIRSPEED 0. 0. 0. 0.
13.270 14 ATTITUDE -0.322934 5.93758 0.335406
13.352 14 NAVIGATION 3 2 -4.90625 39.5 164.592316 39.803535 3 4 4 0 0 0
13.385 14 GPS 3 36027825 481363892 3371 191965 1459 500 0 17350000 31 0
13.469 14 CALIBRATION 0. 0
13.553 14 FBW_STATUS 2 0 1 12.5 1.627817
13.569 14 WP_MOVED 7 360558.40625 4813804.5 260. 31
13.602 14 NAVIGATION 3 2 -6.5 43.5 160.553543 43.982952 3 4 4 0 0 0
13.620 14 GPS 3 36027674 481364205 3342 193210 1449 510 0 17350239 31 0
13.669 14 ESTIMATOR 192.942062 5.1
13.769 14 ATTITUDE -0.276912 5.832954 0.334153
13.853 14 NAVIGATION 3 2 -8.03125 46.5 157.306183 47.188461 3 4 4 0 0 0
13.893 14 IR_SENSORS 0 0 104 -79 233
13.893 14 GPS 3 36027510 481364509 3317 194469 1441 508 0 17350480 31 0
14.069 14 DL_VALUE 17 0.
14.070 14 WP_MOVED 8 360461.40625 4813640. 215. 31
14.102 14 NAVIGATION 3 2 -9.625 49.5 154.021439 50.427082 3 4 4 0 0 0
14.119 14 DESIRED -0.163284 0.286628 0. -114.5 162.300003 235. 0. 13.
14.119 14 GPS 3 36027335 481364806 3294 195728 1433 519 0 17350720 31 0
14.120 14 SVINFO 1 8 0 1 49 23 65
14.169 14 ENERGY 88 12.5 1.627817 20.347708 0.008222 0.102777
14.169 14 NAVIGATION 3 2 -11.375 52.5 154.021439 50.427082 3 4 4 0 0 0
14.170 14 ESTIMATOR 195.573044 5.19
14.269 14 AIRSPEED 0. 0. 0. 0.
14.270 14 ATTITUDE -0.221613 5.750551 0.32069
14.352 14 NAVIGATION 3 2 -11.375 52.5 150.634674 53.718159 4 5 5 0 0 0
14.391 14 FBW_STATUS 2 0 1 12.5 1.627817
14.391 14 GPS 3 36027151 481365094 3274 196974 1426 522 0 17350960 31 0
14.469 14 NAVIGATION_REF 360284 4813595 31 185.
14.469 14 GPS_SOL 676 676 676 7
14.569 14 WP_MOVED 9 360312.8125 4813652. 185. 31
14.603 14 NAVIGATION 3 2 -13.21875 55.5 147.187408 57.052479 4 5 5 0 0 0
14.619 14 GPS 3 36026926 481365423 3254 198402 1421 487 0 17351239 31 0
14.669 14 ESTIMATOR 198.253265 4.87
14.769 14 ATTITUDE -0.165482 5.680049 0.302506
14.852 14 NAVIGATION 3 2 -15.46875 58.5 143.462982 60.510597 4 5 5 0 0 0
14.868 14 GPS 3 36026726 481365698 3239 199601 1418 477 0 17351480 31 0
15.069 14 IR_SENSORS 0 0 97 -48 243
15.069 14 WP_MOVED 10 360452.8125 4813581. 260. 31
15.103 14 NAVIGATION 3 2 -17.46875 61.5 139.913193 63.932835 4 5 5 0 0 0
15.119 14 GPS 3 36026519 481365968 3226 200776 1417 456 0 17351720 31 0
15.169 14 DESIRED -0.085991 0.275156 0. -114.5 162.300003 235. 0. 13.
15.170 14 NAVIGATION 3 2 -19.5625 64. 139.913193 63.932835 4 5 5 0 0 0
15.170 14 ESTIMATOR 200.70993 4.56
15.269 14 ENERGY 88 12.5 1.627817 20.347708 0.011207 0.140081
15.269 14 AIRSPEED 0. 0. 0. 0.
15.269 14 ATTITUDE -0.111607 5.631248 0.287574
15.353 14 NAVIGATION 3 2 -19.5625 64. 136.660233 66.923027 5 6 6 0 0 0
15.369 14 GPS 3 36026308 481366235 3215 201928 1417 446 0 17351960 31 0
15.552 14 FBW_STATUS 2 0 1 12.5 1.627817
15.568 14 CALIBRATION 0. 0
15.569 14 DL_VALUE 18 1.
15.569 14 WP_MOVED 11 360169.5 4813757.5 260. 31
15.602 14 NAVIGATION 3 2 -21.65625 67. 133.049057 70.413017 5 6 6 0 0 0
15.619 14 GPS 3 36026056 481366542 3205 203246 1419 472 0 17352239 31 0
15.620 14 SVINFO 0 7 0 0 49 64 16
15.670 14 ESTIMATOR 203.07991 4.72
15.769 14 ATTITUDE -0.078496 5.59527 0.274174
15.853 14 NAVIGATION 3 2 -24.1875 70. 129.134186 74.06102 5 6 6 0 0 0
15.869 14 GPS 3 36025836 481366803 3198 204357 1422 464 0 17352480 31 0
16.069 14 WP_MOVED 12 360287.59375 4813581. 260. 31
16.102 14 NAVIGATION 3 2 -26.375 72.5 125.817551 77.148499 5 6 6 0 0 0
16.119 14 GPS 3 36025613 481367063 3192 205455 1425 457 0 17352720 31 0
16.169 14 NAVIGATION 3 2 -28.625 75. 125.817551 77.148499 5 6 6 0 0 0
16.170 14 ESTIMATOR 205.454346 4.57
16.219 14 DESIRED -0.047927 0.267794 0. -114.5 162.300003 235. 0. 13.
16.268 14 IR_SENSORS 0 0 91 -30 248
16.269 14 AIRSPEED 0. 0. 0. 0.
16.269 14 ATTITUDE -0.057551 5.572834 0.264415
16.353 14 NAVIGATION 3 2 -28.625 75. 122.457367 80.276962 6 7 7 0 0 0
16.370 14 FBW_STATUS 2 0 1 12.5 1.627817
16.393 14 ENERGY 88 12.5 1.627817 20.347708 0.014191 0.177386
16.393 14 GPS 3 36025349 481367364 3187 206725 1429 464 0 17353000 31 0
16.468 14 GPS_SOL 683 683 683 7
16.569 14 WP_MOVED 13 360311.5 4813547. 260. 31
16.603 14 NAVIGATION 3 2 -31.28125 78. 118.456116 84.03878 6 7 7 0 0 0
16.620 14 GPS 3 36025120 481367620 3182 207806 1432 468 0 17353239 31 0
16.669 14 ESTIMATOR 207.765182 4.68
16.769 14 ATTITUDE -0.041625 5.554994 0.260857
16.852 14 NAVIGATION 3 2 -33.5625 80.5 115.074409 87.216347 6 7 7 0 0 0
16.869 14 GPS 3 36024889 481367876 3179 208886 1435 465 0 17353480 31 0
17.068 14 DL_VALUE 19 0.
17.069 14 WP_MOVED 14 360300.6875 4813575.5 260. 31
17.102 14 NAVIGATION 3 2 -35.875 83. 111.67086 90.421326 6 7 7 0 0 0
17.119 14 GPS 3 36024656 481368131 3175 209965 1438 471 0 17353720 31 0
17.169 14 NAVIGATION 3 2 -38.1875 86. 111.67086 90.421326 6 7 7 0 0 0
17.169 14 ESTIMATOR 210.082748 4.71
17.270 14 DESIRED -0.029991 0.265264 0. -114.5 162.300003 235. 0. 13.
17.270 14 AIRSPEED 0. 0. 0. 0.
17.270 14 ATTITUDE -0.033257 5.542977 0.259568
17.353 14 NAVIGATION 4 0 -38.1875 86. 0. 94.097214 7 0 0 0 0 0
17.369 14 GPS 3 36024422 481368385 3173 211047 1440 480 0 17353960 31 0
17.453 14 COMMANDS 8524,-5,63,0
17.469 14 IR_SENSORS 0 0 90 -23 249
17.469 14 ENERGY 88 12.5 1.627817 20.347708 0.017175 0.21469
17.553 14 FBW_STATUS 2 0 1 12.5 1.627817
17.569 14 WP_MOVED 15 360297.6875 4813554.5 260. 31
17.603 14 NAVIGATION 4 0 -40.5 88.5 0. 97.326767 7 0 0 0 0 0
17.619 14 GPS 3 36024147 481368680 3170 212312 1442 469 0 17354239 31 0
17.669 14 COMMANDS 8524,4250,521,0
17.669 14 CALIBRATION 0. 1
17.669 14 ESTIMATOR 212.359863 4.69
17.769 14 STATE_FILTER_STATUS 2 3 355
17.770 14 ATTITUDE -0.001337 5.533058 0.259568
17.852 14 NAVIGATION 4 0 -43.28125 91. 0. 100.768379 7 0 0 0 0 0
17.868 14 GPS 3 36023910 481368933 3168 213402 1443 457 0 17354480 31 0
17.968 14 PPRZ_MODE 2 3 2 2 0 6
18.069 14 ALIVE 179,209,69,119,115,11,176,21,181,244,80,210,55,176,198,136
18.069 14 WP_MOVED 16 361184. 4813643. 260. 31
18.102 14 NAVIGATION 4 0 -45.625 94. 0. 104.487511 7 0 0 0 0 0
18.119 14 GPS 3 36023675 481369188 3172 214499 1443 460 0 17354720 31 0
18.169 14 DATALINK_REPORT 8 4 755 528 0 0
18.169 14 NAVIGATION 4 0 -48. 96.5 0. 104.487511 7 0 0 0 0 0
18.170 14 ESTIMATOR 214.597931 4.6
18.269 14 AIRSPEED 0. 0. 0. 0.
18.269 14 ATTITUDE 0.123242 5.537369 0.267964
18.319 14 DESIRED 0.559536 0.314927 0. -10.57267 152.93251 260. 1.394171 13.
18.352 14 NAVIGATION 4 0 -48. 96.5 0. 107.778709 8 1 1 0 0 0
18.369 14 FBW_STATUS 2 0 1 12.5 1.627817
18.369 14 GPS 3 36023406 481369490 3183 215792 1444 461 0 17355000 31 0
18.419 14 CIRCLE 49.5 100.099998 80.
18.469 14 GPS_SOL 689 689 689 7
18.569 14 DL_VALUE 20 0.
18.570 14 ENERGY 88 12.5 1.627817 20.347708 0.02016 0.251994
18.571 14 WP_MOVED 17 361184. 4813643. 260. 31
18.602 14 NAVIGATION 4 0 -50.65625 99.5 0. 111.652611 8 1 1 0 0 0
18.619 14 GPS 3 36023184 481369755 3200 216915 1443 458 0 17355239 31 0
18.669 14 IR_SENSORS 0 0 96 44 244
18.669 14 ESTIMATOR 216.93367 4.58
18.768 14 ATTITUDE 0.249169 5.585228 0.287574
18.806 14 WIND_INFO 14 5 -0.7 1.5 0. 12.8
18.853 14 NAVIGATION 4 0 -52.90625 102. 0. 114.904617 8 1 1 0 0 0
18.869 14 GPS 3 36022971 481370029 3221 218051 1442 476 0 17355480 31 0
19.069 14 WP_MOVED 18 360289. 4813605. 220. 31
19.102 14 NAVIGATION 4 0 -55.03125 104.5 0. 118.104568 8 1 1 0 0 0
19.118 14 GPS 3 36022773 481370312 3249 219200 1440 499 0 17355720 31 0
19.169 14 NAVIGATION 4 0 -57.03125 107.5 0. 118.104568 8 1 1 0 0 0
19.170 14 ESTIMATOR 219.22464 4.99
19.269 14 AIRSPEED 12.8 0. 0. 0.
19.269 14 ATTITUDE 0.392255 5.64952 0.320201
19.352 14 NAVIGATION 4 0 -57.03125 107.5 0. 121.691467 9 2 2 0 0 0
19.368 14 DESIRED 0.570186 0.342731 0. -3.012566 160.452545 260. 1.223261 13.
19.368 14 GPS 3 36022592 481370605 3283 220359 1437 502 0 17355960 31 0
19.468 14 CIRCLE 49.5 100.099998 80.
19.553 14 FBW_STATUS 2 0 1 12.5 1.627817
19.569 14 WP_MOVED 19 360289. 4813610. 500. 31
19.602 14 NAVIGATION 4 0 -58.84375 110.5 0. 125.1912 9 2 2 0 0 0
19.618 14 GPS 3 36022409 481370963 3331 221719 1434 495 0 17356239 31 0
19.669 14 ENERGY 88 12.5 1.627817 20.347708 0.023144 0.289297
19.669 14 ESTIMATOR 221.726166 4.95
19.769 14 CALIBRATION 0. 1
19.769 14 ATTITUDE 0.51561 5.81066 0.354527
19.852 14 NAVIGATION 4 0 -60.65625 114.5 0. 129.574036 9 2 2 0 0 0
19.869 14 IR_SENSORS 0 0 106 113 220
19.869 14 GPS 3 36022279 481371281 3379 222886 1432 493 0 17356480 31 0
20.069 14 DL_VALUE 21 0.
20.070 14 WP_MOVED 20 360289. 4813620. 300. 31
20.102 14 NAVIGATION 4 0 -61.9375 117.5 0. 132.825089 9 2 2 0 0 0
20.118 14 GPS 3 36022180 481371610 3431 224051 1430 492 0 17356720 31 0
20.169 14 NAVIGATION 4 0 -62.9375 120.5 0. 132.825089 9 2 2 0 0 0
20.169 14 ESTIMATOR 224.14386 4.92
20.269 14 AIRSPEED 12.8 0. 0. 0.
20.270 14 ATTITUDE 0.56993 6.007514 0.372671
20.352 14 NAVIGATION 4 0 -62.9375 120.5 0. 135.946228 10 3 3 0 0 0
20.369 14 FBW_STATUS 2 0 1 12.5 1.627817
20.369 14 GPS 3 36022104 481372003 3491 225407 1428 496 0 17357000 31 0
20.418 14 DESIRED 0.54899 0.359942 0. 3.938751 165.858444 260. 1.075684 13.
20.468 14 GPS_SOL 693 693 693 7
20.518 14 CIRCLE 49.5 100.099998 80.
20.569 14 WP_MOVED 21 360289. 4813625. 400. 31
20.601 14 NAVIGATION 4 0 -63.71875 124.5 0. 139.858246 10 3 3 0 0 0
20.619 14 GPS 3 36022076 481372344 3552 226568 1427 499 0 17357239 31 0
20.669 14 AUTOPILOT_VERSION 51500 v5.15_devel-179-g9a29798-dirty
20.670 14 ESTIMATOR 226.608322 4.99
20.769 14 ENERGY 88 12.5 1.627817 20.347708 0.026128 0.326601
20.769 14 ATTITUDE 0.56993 6.244817 0.376381
20.853 14 NAVIGATION 4 0 -64. 128. 0. 143.108353 10 3 3 0 0 0
20.869 14 GPS 3 36022081 481372687 8 227730 1426 503 0 17357480 31 0
21.068 14 IR_SENSORS 0 0 108 117 218
21.069 14 WP_MOVED 22 360289. 4813645. 250. 31
21.103 14 NAVIGATION 4 0 -63.9375 131. 0. 145.770386 10 3 3 0 0 0
21.119 14 GPS 3 36022119 481373027 63 228892 1426 493 0 17357720 31 0
21.168 14 NAVIGATION 4 0 -63.5625 134.5 0. 145.770386 10 3 3 0 0 0
21.169 14 ESTIMATOR 229.040512 4.93
21.269 14 AIRSPEED 12.8 0. 0. 0.
21.269 14 ATTITUDE 0.542782 0.177837 0.367207
21.352 14 NAVIGATION 4 0 -63.5625 134.5 0. 148.763031 11 4 4 0 0 0
21.369 14 GPS 3 36022188 481373362 117 230055 1425 473 0 17357960 31 0
21.469 14 DESIRED 0.495826 0.35522 0. 11.847057 170.685089 260. 0.928785 13.
21.552 14 FBW_STATUS 2 0 1 12.5 1.627817
21.569 14 DL_VALUE 22 0.
21.569 14 CIRCLE 49.5 100.099998 80.
21.569 14 WP_MOVED 0 360326. 4813637. 260. 31
21.602 14 NAVIGATION 4 0 -62.875 138.5 0. 152.103638 11 4 4 0 0 0
21.619 14 GPS 3 36022306 481373743 177 231414 1424 477 0 17358239 31 0
21.668 14 ESTIMATOR 231.403076 4.77
21.769 14 ATTITUDE 0.511961 0.395216 0.358201
21.852 14 NAVIGATION 4 0 -61.71875 142. 0. 154.832825 11 4 4 0 0 0
21.868 14 CALIBRATION 0. 1
21.868 14 ENERGY 88 12.5 1.627817 20.347708 0.029113 0.363904
21.869 14 GPS 3 36022438 481374058 226 232580 1424 492 0 17358480 31 0
22.068 14 WP_MOVED 1 360284. 4813595. 260. 31
22.102 14 NAVIGATION 4 0 -60.34375 145. 0. 157.055298 11 4 4 0 0 0
22.119 14 GPS 3 36022596 481374361 274 233746 1423 514 0 17358720 31 0
22.169 14 NAVIGATION 4 0 -58.78125 148. 0. 157.055298 11 4 4 0 0 0
22.170 14 ESTIMATOR 233.802078 5.14
22.269 14 IR_SENSORS 0 0 105 99 226
22.269 14 AIRSPEED 12.8 0. 0. 0.
22.269 14 ATTITUDE 0.475706 0.578188 0.347664
22.353 14 NAVIGATION 4 0 -58.78125 148. 0. 159.245834 12 5 5 0 0 0
22.370 14 FBW_STATUS 2 0 1 12.5 1.627817
22.370 14 GPS 3 36022777 481374651 320 234912 1423 516 0 17358960 31 0
22.453 14 COMMANDS 8524,-25,19,0
22.468 14 GPS_SOL 697 697 697 7
22.519 14 DESIRED 0.414774 0.347669 0. 20.652065 174.717667 260. 0.785938 13.
22.568 14 WP_MOVED 2 360333.5 4813695. 260. 31
22.603 14 NAVIGATION 4 0 -57. 151. 0. 161.400131 12 5 5 0 0 0
22.618 14 CIRCLE 49.5 100.099998 80.
22.619 14 GPS 3 36023016 481374970 372 236274 1422 507 0 17359239 31 0
22.669 14 COMMANDS 8524,-422,30,0
22.669 14 ESTIMATOR 236.285156 5.07
22.769 14 STATE_FILTER_STATUS 2 3 424
22.770 14 ATTITUDE 0.441078 0.757795 0.342646
22.852 14 NAVIGATION 4 0 -54.59375 154.5 0. 163.861908 12 5 5 0 0 0
22.869 14 GPS 3 36023242 481375226 414 237444 1422 512 0 17359480 31 0
22.968 14 PPRZ_MODE 2 3 2 2 0 6
22.968 14 ENERGY 88 12.5 1.627817 20.347708 0.032097 0.401207
23.069 14 ALIVE 179,209,69,119,115,11,176,21,181,244,80,210,55,176,198,136
23.069 14 DL_VALUE 23 0.
23.069 14 WP_MOVED 3 360294.09375 4813785. 260. 31
23.102 14 NAVIGATION 4 0 -52.34375 157. 0. 165.495819 12 5 5 0 0 0
23.118 14 GPS 3 36023484 481375465 453 238619 1421 512 0 17359720 31 0
23.169 14 NAVIGATION 4 0 -49.90625 159. 0. 165.495819 12 5 5 0 0 0
23.170 14 ESTIMATOR 238.757233 5.12
23.269 14 DATALINK_REPORT 4 5 877 535 0 0
23.269 14 AIRSPEED 12.8 0. 0. 0.
23.269 14 ATTITUDE 0.394891 0.905562 0.337736
23.352 14 NAVIGATION 4 0 -49.90625 159. 0. 166.648224 13 6 6 0 0 0
23.369 14 GPS 3 36023742 481375688 491 239798 1420 511 0 17359960 31 0
23.468 14 NAVIGATION_REF 360284 4813595 31 185.
23.468 14 IR_SENSORS 0 0 105 75 234
23.553 14 FBW_STATUS 2 0 1 12.5 1.627817
23.568 14 DESIRED 0.319164 0.338045 0. 29.669067 177.603119 260. 0.637283 13.
23.569 14 WP_MOVED 4 360416.3125 4813734. 260. 31
23.602 14 NAVIGATION 4 0 -47.3125 161.5 0. 168.287613 13 6 6 0 0 0
23.620 14 GPS 3 36024059 481375928 532 241180 1419 513 0 17360239 31 0
23.669 14 CIRCLE 49.5 100.099998 80.
23.669 14 ESTIMATOR 241.257584 5.13
23.769 14 ATTITUDE 0.348422 1.045597 0.33293
23.852 14 NAVIGATION 4 0 -44.15625 164. 0. 169.840439 13 6 6 0 0 0
23.869 14 GPS 3 36024343 481376116 565 242372 1418 504 0 17360480 31 0
23.968 14 CALIBRATION 4.564412 2
24.069 14 ENERGY 81 12.5 1.440501 18.006268 0.035043 0.438032
24.069 14 WP_MOVED 5 360421. 4813583.5 260. 31
24.103 14 NAVIGATION 4 0 -41.3125 166. 0. 171.063507 13 6 6 0 0 0
24.119 14 GPS 3 36024636 481376288 595 243570 1413 511 0 17360720 31 0
24.119 14 SVINFO 6 13 0 6 48 61 321
24.169 14 NAVIGATION 4 0 -38.375 167.5 0. 171.063507 13 6 6 0 0 0
24.169 14 ESTIMATOR 243.677719 5.11
24.269 14 AIRSPEED 12.8 0. 0. 0.
24.269 14 ATTITUDE 0.285042 1.156518 0.323167
24.353 14 NAVIGATION 4 0 -38.375 167.5 0. 171.839722 14 7 7 0 0 0
24.369 14 FBW_STATUS 2 0 1 12.5 1.257909
24.369 14 GPS 3 36024933 481376444 622 244763 1399 505 0 17360960 31 0
24.468 14 GPS_SOL 699 699 699 7
24.569 14 DL_VALUE 24 0.
24.569 14 WP_MOVED 6 360164.8125 4813664.5 260. 31
24.602 14 NAVIGATION 4 0 -35.4375 169. 0. 172.675461 14 7 7 0 0 0
24.620 14 DESIRED 0.204586 0.190536 0. 41.204987 179.668793 260. 0.45282 13.
24.620 14 GPS 3 36025282 481376606 652 246124 1371 476 0 17361239 31 0
24.668 14 IR_SENSORS 0 0 101 45 242
24.669 14 ESTIMATOR 246.188187 4.76
24.719 14 CIRCLE 49.5 100.099998 80.
24.769 14 ATTITUDE 0.238682 1.258959 0.308111
24.852 14 NAVIGATION 4 0 -31.9375 170.5 0. 173.465424 14 7 7 0 0 0
24.869 14 GPS 3 36025579 481376729 676 247232 1339 443 0 17361480 31 0
25.069 14 WP_MOVED 7 360558.40625 4813804.5 260. 31
25.102 14 NAVIGATION 4 0 -28.9375 172. 0. 174.417252 14 7 7 0 0 0
25.118 14 GPS 3 36025872 481376836 698 248260 1301 426 0 17361720 31 0
25.170 14 ENERGY 42 12.5 0.654404 8.180044 0.036972 0.462143
25.171 14 NAVIGATION 4 0 -26.03125 173. 0. 174.417252 14 7 7 0 0 0
25.172 14 ESTIMATOR 248.372391 4.26
25.269 14 AIRSPEED 12.8 0. 0. 0.
25.269 14 ATTITUDE 0.195649 1.343936 0.265724
25.353 14 NAVIGATION 4 0 -26.03125 173. 0. 174.947495 15 8 8 0 0 0
25.370 14 GPS 3 36026159 481376929 719 249180 1255 391 0 17361960 31 0
25.553 14 FBW_STATUS 2 0 1 12.5 0.374169
25.569 14 WP_MOVED 8 360461.40625 4813640. 215. 31
25.602 14 NAVIGATION 4 0 -23.15625 174. 0. 175.534073 15 8 8 0 0 0
25.620 14 GPS 3 36026483 481377021 744 250089 1193 316 0 17362239 31 0
25.621 14 SVINFO 5 12 1 5 48 88 271
25.669 14 DESIRED 0.112771 0.050323 0. 50.178898 180.097107 260. 0.318081 13.
25.669 14 ESTIMATOR 250.27742 3.16
25.770 14 CIRCLE 49.5 100.099998 80.
25.770 14 ATTITUDE 0.157784 1.432809 0.216522
25.853 14 NAVIGATION 4 0 -19.90625 174.5 0. 175.631744 15 8 8 0 0 0
25.869 14 IR_SENSORS 0 0 76 22 253
25.869 14 GPS 3 36026750 481377087 761 250709 1148 262 0 17362480 31 0
26.069 14 CALIBRATION 150. 0
26.069 14 DL_VALUE 25 0.
26.070 14 WP_MOVED 9 360312.8125 4813652. 185. 31
26.103 14 NAVIGATION 4 0 -17.21875 175.5 0. 176.342667 15 8 8 0 0 0
26.119 14 GPS 3 36027009 481377143 779 251174 1103 186 0 17362720 31 0
26.169 14 NAVIGATION 4 0 -14.65625 176. 0. 176.342667 15 8 8 0 0 0
26.169 14 ESTIMATOR 251.511551 1.86
26.269 14 ENERGY 17 12.5 0.204749 2.559364 0.037595 0.469936
26.270 14 AIRSPEED 12.8 0. 0. 0.
26.270 14 ATTITUDE 0.113372 1.500237 0.160457
26.352 14 NAVIGATION 4 0 -14.65625 176. 0. 176.609192 16 9 9 0 0 0
26.369 14 FBW_STATUS 2 0 1 12.5 0.204749
26.370 14 GPS 3 36027304 481377197 795 251529 1069 128 0 17363000 31 0
26.469 14 GPS_SOL 699 699 699 7
26.569 14 WP_MOVED 10 360452.8125 4813581. 260. 31
26.603 14 NAVIGATION 4 0 -11.71875 176.5 0. 176.888611 16 9 9 0 0 0
26.619 14 GPS 3 36027554 481377237 809 251690 1053 65 0 17363239 31 0
26.669 14 ESTIMATOR 252.056015 0.65
26.719 14 DESIRED 0.048908 0.020339 0. 58.271893 179.61763 260. 0.243823 13.
26.769 14 ATTITUDE 0.078215 1.557198 0.113825
26.818 14 CIRCLE 49.5 100.099998 80.
26.852 14 NAVIGATION 4 0 -9.21875 177. 0. 177.239899 16 9 9 0 0 0
26.869 14 GPS 3 36027804 481377272 820 251744 1053 22 0 17363480 31 0
27.069 14 IR_SENSORS 0 0 44 -1 262
27.069 14 WP_MOVED 11 360169.5 4813757.5 260. 31
27.103 14 NAVIGATION 4 0 -6.71875 177.5 0. 177.627106 16 9 9 0 0 0
27.120 14 GPS 3 36028057 481377303 828 251716 1061 -20 0 17363719 31 0
27.169 14 NAVIGATION 4 0 -4.1875 177.5 0. 177.627106 16 9 9 0 0 0
27.169 14 ESTIMATOR 252.041336 -0.2
27.269 14 AIRSPEED 12.8 0. 0. 0.
27.270 14 ATTITUDE 0.047566 1.587452 0.064235
27.352 14 NAVIGATION 4 0 -4.1875 177.5 0. 177.549393 17 10 10 0 0 0
27.369 14 ENERGY 19 12.5 0.232199 2.902483 0.037992 0.474892
27.370 14 GPS 3 36028357 481377337 836 251609 1077 -58 0 17364000 31 0
27.454 14 COMMANDS 1913,-53,-364,0
27.553 14 FBW_STATUS 2 0 1 12.5 0.249037
27.569 14 DL_VALUE 26 160.
27.569 14 WP_MOVED 12 360287.59375 4813581. 260. 31
27.602 14 NAVIGATION 4 0 -1.1875 178. 0. 178.003967 17 10 10 0 0 0
27.619 14 GPS 3 36028619 481377363 841 251473 1097 -51 0 17364239 31 0
27.669 14 COMMANDS 2003,14,-259,0
27.670 14 ESTIMATOR 251.675934 -0.51
27.769 14 STATE_FILTER_STATUS 2 3 303
27.769 14 DESIRED 0.038195 0.01554 0. 66.063271 178.366577 260. 0.243257 13.
27.770 14 ATTITUDE 0.032423 1.604043 0.033811
27.853 14 NAVIGATION 4 0 1.4375 178.5 0. 178.505783 17 10 10 0 0 0
27.868 14 CIRCLE 49.5 100.099998 80.
27.869 14 GPS 3 36028886 481377389 845 251313 1118 -58 0 17364480 31 0
27.969 14 PPRZ_MODE 2 3 2 2 0 6
28.069 14 ALIVE 179,209,69,119,115,11,176,21,181,244,80,210,55,176,198,136
28.069 14 WP_MOVED 13 360311.5 4813547. 260. 31
28.103 14 NAVIGATION 4 0 4.125 178.5 0. 178.547653 17 10 10 0 0 0
28.119 14 GPS 3 36029158 481377413 849 251141 1139 -78 0 17364719 31 0
28.169 14 CALIBRATION 102.296227 0
28.169 14 NAVIGATION 4 0 6.84375 178.5 0. 178.547653 17 10 10 0 0 0
28.170 14 ESTIMATOR 251.293808 -0.78
28.269 14 IR_SENSORS 0 0 26 -9 264
28.269 14 AIRSPEED 12.8 0. 0. 0.
28.270 14 ATTITUDE 0.028754 1.611287 0.010902
28.352 14 NAVIGATION 4 0 6.84375 178.5 0. 178.631149 18 11 11 0 0 0
28.369 14 DATALINK_REPORT 10 5 1001 535 0 0
28.369 14 FBW_STATUS 2 0 1 12.5 0.312853
28.369 14 GPS 3 36029436 481377436 852 250964 1160 -91 0 17364960 31 0
28.468 14 GPS_SOL 699 699 699 7
28.468 14 ENERGY 25 12.5 0.323952 4.049402 0.038497 0.481207
28.568 14 WP_MOVED 14 360300.6875 4813575.5 260. 31
28.602 14 NAVIGATION 4 0 9.625 179. 0. 179.258591 18 11 11 0 0 0
28.620 14 GPS 3 36029766 481377462 856 250761 1186 -86 0 17365239 31 0
28.669 14 ESTIMATOR 250.811569 -0.86
28.769 14 ATTITUDE 0.036323 1.618913 -0.000365
28.808 14 WIND_INFO 14 5 -0. 2.8 0. 11.9
28.819 14 DESIRED 0.053552 0.017187 0. 74.471649 176.102737 260. 0.268072 13.
28.852 14 NAVIGATION 4 0 12.9375 179. 0. 179.466934 18 11 11 0 0 0
28.869 14 GPS 3 36030054 481377482 860 250596 1204 -78 0 17365480 31 0
28.870 14 SVINFO 4 11 1 4 48 81 223
28.932 14 CIRCLE 49.5 100.099998 80.
29.069 14 DL_VALUE 27 0.
29.069 14 WP_MOVED 15 360297.6875 4813554.5 260. 31
29.102 14 NAVIGATION 4 0 15.8125 179. 0. 179.697067 18 11 11 0 0 0
29.120 14 GPS 3 36030347 481377500 864 250446 1222 -59 0 17365719 31 0
29.169 14 NAVIGATION 4 0 18.71875 179.5 0. 179.697067 18 11 11 0 0 0
29.170 14 ESTIMATOR 250.412918 -0.59
29.268 14 AIRSPEED 11.9 0. 0. 0.
29.269 14 ATTITUDE 0.047739 1.736582 -0.008186
29.351 14 NAVIGATION 4 0 18.71875 179.5 0. 180.473373 18 12 12 0 0 0
29.369 14 GPS 3 36030644 481377516 869 250313 1239 -57 0 17365960 31 0
29.369 14 SVINFO 6 13 1 6 47 52 324
29.469 14 IR_SENSORS 0 0 22 -2 265
29.552 14 FBW_STATUS 2 0 1 12.5 0.422374
29.568 14 ENERGY 31 12.5 0.422374 5.279676 0.039188 0.489844
29.569 14 WP_MOVED 16 361184. 4813643. 260. 31
29.602 14 NAVIGATION 4 0 21.6875 179.5 0. 180.80542 19 12 12 0 0 0
29.619 14 GPS 3 36030996 481377531 876 250183 1258 -35 0 17366239 31 0
29.669 14 ESTIMATOR 250.146637 -0.35
29.769 14 ATTITUDE 0.062832 1.749783 -0.004438
29.852 14 NAVIGATION 4 0 25.21875 180. 0. 181.758041 19 12 12 0 0 0
29.868 14 DESIRED 0.093721 0.021325 0. 87.176277 170.672638 260. 0.295601 13.
29.869 14 GPS 3 36031300 481377541 881 250096 1269 -36 0 17366480 31 0
29.969 14 CIRCLE 49.5 100.099998 80.
30.070 14 WP_MOVED 17 361184. 4813643. 260. 31
30.104 14 NAVIGATION 4 0 28.25 180. 0. 182.203354 19 12 12 0 0 0
30.120 14 GPS 3 36031608 481377547 889 250031 1280 -36 0 17366719 31 0
30.169 14 NAVIGATION 4 0 31.34375 180. 0. 182.203354 19 12 12 0 0 0
30.170 14 ESTIMATOR 249.994263 -0.36
30.269 14 CALIBRATION -11.570643 0
30.270 14 AIRSPEED 11.9 0. 0. 0.
30.270 14 ATTITUDE 0.081769 1.768411 0.003393
30.353 14 NAVIGATION 4 0 31.34375 180. 0. 182.708588 20 13 13 0 0 0
30.370 14 FBW_STATUS 2 0 1 12.5 0.471268
30.370 14 GPS 3 36031917 481377548 897 249989 1289 -28 0 17366960 31 0
30.469 14 GPS_SOL 697 697 697 7
30.570 14 DL_VALUE 28 0.32
30.570 14 WP_MOVED 18 360289. 4813605. 220. 31
30.602 14 NAVIGATION 4 0 34.40625 180. 0. 183.258804 20 13 13 0 0 0
30.619 14 GPS 3 36032280 481377543 909 249969 1298 -8 0 17367239 31 0
30.669 14 IR_SENSORS 0 0 25 10 264
30.669 14 ENERGY 35 12.5 0.489971 6.124637 0.040023 0.50028
30.669 14 ESTIMATOR 249.885071 -0.08
30.769 14 ATTITUDE 0.104474 1.799233 0.010902
30.853 14 NAVIGATION 4 0 38.0625 180. 0. 183.980301 20 13 13 0 0 0
30.869 14 GPS 3 36032593 481377532 919 249975 1303 0 0 17367480 31 0
30.870 14 SVINFO 5 12 1 5 47 85 274
30.938 14 DESIRED 0.127351 0.029722 0. 97.481781 164.113647 260. 0.303448 13.
31.018 14 CIRCLE 49.5 100.099998 80.
31.069 14 WP_MOVED 19 360289. 4813610. 500. 31
31.102 14 NAVIGATION 4 0 41.15625 180. 0. 184.645157 20 13 13 0 0 0
31.118 14 GPS 3 36032907 481377515 930 250001 1308 21 0 17367719 31 0
31.169 14 NAVIGATION 4 0 44.34375 179.5 0. 184.645157 20 13 13 0 0 0
31.170 14 ESTIMATOR 249.920593 0.21
31.269 14 AIRSPEED 11.9 0. 0. 0.
31.269 14 ATTITUDE 0.119804 1.832652 0.018798
31.304 14 BLOCK 15 14
31.305 14 NAVIGATION 15 0 44.34375 179.5 0. 184.645157 20 0 0 0 0 0
31.351 14 NAVIGATION 15 1 44.34375 179.5 2281.604248 184.89624 21 1 0 0 0 0
31.369 14 GPS 3 36033221 481377492 942 250047 1311 16 0 17367960 31 0
31.553 14 FBW_STATUS 2 0 1 12.5 0.352871
31.569 14 WP_MOVED 20 360289. 4813620. 300. 31
31.602 14 NAVIGATION 15 1 47.4375 179.5 2283.699463 185.662506 21 1 0 0 0 0
31.620 14 GPS 3 36033585 481377455 960 250118 1307 41 0 17368239 31 0
31.669 14 ESTIMATOR 250.055237 0.41
31.769 14 AUTOPILOT_VERSION 51500 v5.15_devel-179-g9a29798-dirty
31.769 14 ENERGY 14 12.5 0.200861 2.510756 0.04084 0.510493
31.770 14 ATTITUDE 0.195633 1.881793 0.011646
31.852 14 NAVIGATION 15 1 51.09375 179. 2285.811279 186.149323 21 1 0 0 0 0
31.870 14 IR_SENSORS 0 0 23 45 261
31.870 14 GPS 3 36033891 481377413 978 250163 1286 40 0 17368480 31 0
31.969 14 DESIRED 0.491365 -0.223665 0. -1500. -1500. 200. -1.501657 13.
32.069 14 DL_VALUE 29 0.
32.070 14 WP_MOVED 21 360289. 4813625. 400. 31
32.102 14 NAVIGATION 15 1 54.15625 178.5 2287.523438 186.534576 21 1 0 0 0 0
32.118 14 GPS 3 36034187 481377358 1005 250148 1252 0 0 17368719 31 0
32.119 14 SVINFO 3 10 1 3 48 48 175
32.169 14 NAVIGATION 15 1 57.125 178. 2287.523438 186.534576 21 1 0 0 0 0
32.169 14 ESTIMATOR 250.230484 0.
32.269 14 AIRSPEED 11.9 0. 0. 0.
32.269 14 ATTITUDE 0.322461 1.962713 -0.036529
32.351 14 NAVIGATION 15 1 57.125 178. 2289.175049 186.941879 22 2 1 0 0 0
32.369 14 CALIBRATION -34.632244 1
32.369 14 FBW_STATUS 2 0 1 12.5 0.091552
32.370 14 GPS 3 36034471 481377287 1039 250038 1221 -46 0 17368960 31 0
32.454 14 COMMANDS 852,-1093,-1524,0
32.468 14 NAVIGATION_REF 360284 4813595 31 185.
32.469 14 GPS_SOL 694 694 694 7
32.569 14 WP_MOVED 22 360289. 4813645. 250. 31
32.602 14 NAVIGATION 15 1 59.96875 177.5 2290.744141 187.356613 22 2 1 0 0 0
32.619 14 GPS 3 36034790 481377180 1093 249768 1200 -104 0 17369239 31 0
32.670 14 COMMANDS 852,149,-1431,0
32.670 14 ESTIMATOR 249.986588 -1.04
32.768 14 STATE_FILTER_STATUS 2 3 349
32.769 14 ATTITUDE 0.428654 2.110314 -0.095331
32.853 14 NAVIGATION 15 1 63.15625 176.5 2292.18457 187.459229 22 2 1 0 0 0
32.869 14 ENERGY 8 12.5 0.091552 1.144399 0.041021 0.512752
32.869 14 GPS 3 36035052 481377063 1140 249410 1195 -173 0 17369480 31 0
32.870 14 SVINFO 6 13 1 6 46 46 326
32.968 14 PPRZ_MODE 2 3 2 0 0 6
33.019 14 DESIRED 0.42398 -0.202724 0. -1500. -1500. 200. -1.499598 13.
33.069 14 ALIVE 179,209,69,119,115,11,176,21,181,244,80,210,55,176,198,136
33.070 14 IR_SENSORS 0 0 -13 103 244
33.070 14 WP_MOVED 0 360326. 4813637. 260. 31
33.102 14 NAVIGATION 15 1 65.78125 175. 2292.879395 186.955002 22 2 1 0 0 0
33.119 14 GPS 3 36035303 481376921 1194 248944 1199 -214 0 17369719 31 0
33.169 14 NAVIGATION 15 1 68.28125 174. 2292.879395 186.955002 22 2 1 0 0 0
33.170 14 ESTIMATOR 249.154694 -2.14
33.269 14 AIRSPEED 11.9 0. 0. 0.
33.269 14 ATTITUDE 0.467227 2.265588 -0.161206
33.352 14 NAVIGATION 15 1 68.28125 174. 2293.857422 186.917969 23 3 2 0 0 0
33.370 14 GPS 3 36035579 481376724 1255 248280 1211 -273 0 17370000 31 0
33.469 14 DATALINK_REPORT 3 7 1126 546 0 0
33.552 14 FBW_STATUS 2 0 1 12.5 0.091552
33.568 14 DL_VALUE 30 0.01
33.568 14 WP_MOVED 1 360284. 4813595. 260. 31
33.602 14 NAVIGATION 15 1 71.0625 172. 2294.302002 186.101791 23 3 2 0 0 0
33.620 14 GPS 3 36035800 481376528 1320 247627 1230 -310 0 17370239 31 0
33.620 14 SVINFO 2 9 0 2 48 10 126
33.669 14 ESTIMATOR 247.782486 -3.1
33.769 14 ATTITUDE 0.451789 2.449729 -0.201521
33.852 14 NAVIGATION 15 1 73.25 169.5 2293.980469 184.650513 23 3 2 0 0 0
33.869 14 GPS 3 36036004 481376310 1368 246914 1247 -336 0 17370480 31 0
33.969 14 ENERGY 8 12.5 0.091552 1.144399 0.041189 0.514849
34.070 14 DESIRED 0.442547 -0.203819 0. -1500. -1500. 200. -1.433475 13.
34.071 14 WP_MOVED 2 360333.5 4813695. 260. 31
34.103 14 NAVIGATION 15 1 75.28125 167.5 2293.919678 183.639633 23 3 2 0 0 0
34.118 14 GPS 3 36036191 481376070 1420 246155 1266 -368 0 17370719 31 0
34.119 14 SVINFO 4 11 1 4 47 86 226
34.169 14 NAVIGATION 15 1 77.15625 165. 2293.919678 183.639633 23 3 2 0 0 0
34.170 14 ESTIMATOR 246.146439 -3.68
34.269 14 IR_SENSORS 0 0 -35 97 245
34.270 14 AIRSPEED 11.9 0. 0. 0.
34.270 14 ATTITUDE 0.439815 2.594175 -0.229164
34.352 14 NAVIGATION 15 1 77.15625 165. 2293.39209 182.148529 24 4 3 0 0 0
34.369 14 FBW_STATUS 2 0 1 12.5 0.091552
34.369 14 GPS 3 36036359 481375811 1469 245364 1285 -387 0 17370960 31 0
34.369 14 SVINFO 5 12 0 5 46 82 276
34.468 14 CALIBRATION -34.632244 1
34.469 14 GPS_SOL 690 690 690 7
34.569 14 WP_MOVED 3 360294.09375 4813785. 260. 31
34.603 14 NAVIGATION 15 1 78.84375 162.5 2292.739502 180.617233 24 4 3 0 0 0
34.619 14 GPS 3 36036529 481375488 1530 244413 1308 -380 0 17371239 31 0
34.669 14 ESTIMATOR 244.348679 -3.8
34.768 14 ATTITUDE 0.444751 2.752759 -0.237759
34.852 14 NAVIGATION 15 1 80.53125 159.5 2291.728271 178.67717 24 4 3 0 0 0
34.870 14 GPS 3 36036651 481375195 1575 243586 1322 -394 0 17371480 31 0
35.069 14 DL_VALUE 31 0.1
35.070 14 ENERGY 8 12.5 0.091552 1.144399 0.041357 0.516946
35.070 14 WP_MOVED 4 360416.3125 4813734. 260. 31
35.102 14 NAVIGATION 15 1 81.78125 156.5 2290.420166 176.579788 24 4 3 0 0 0
35.118 14 DESIRED 0.464308 -0.202422 0. -1500. -1500. 200. -1.303398 13.
35.118 14 GPS 3 36036748 481374889 1623 242755 1336 -385 0 17371719 31 0
35.169 14 NAVIGATION 15 1 82.71875 153.5 2290.420166 176.579788 24 4 3 0 0 0
35.170 14 ESTIMATOR 242.512955 -3.85
35.269 14 AIRSPEED 11.9 0. 0. 0.
35.269 14 ATTITUDE 0.456746 2.886778 -0.238369
35.352 14 NAVIGATION 15 1 82.71875 153.5 2288.899414 174.369263 25 5 4 0 0 0
35.369 14 GPS 3 36036829 481374520 1676 241791 1349 -383 0 17372000 31 0
35.469 14 IR_SENSORS 0 0 -36 103 242
35.553 14 FBW_STATUS 2 0 1 12.5 0.091552
35.569 14 WP_MOVED 5 360421. 4813583.5 260. 31
35.602 14 NAVIGATION 15 1 83.53125 150. 2286.934814 171.690033 25 5 4 0 0 0
35.620 14 GPS 3 36036868 481374196 1734 240975 1361 -370 0 17372239 31 0
35.620 14 SVINFO 3 10 1 3 47 54 177
35.669 14 ESTIMATOR 240.737411 -3.7
35.769 14 ATTITUDE 0.463744 3.046554 -0.230316
35.852 14 NAVIGATION 15 1 83.9375 146.5 2284.692627 168.842392 25 5 4 0 0 0
35.870 14 GPS 3 36036880 481373868 1779 240176 1367 -357 0 17372480 31 0
36.069 14 WP_MOVED 6 360164.8125 4813664.5 260. 31
36.102 14 NAVIGATION 15 1 84.0625 143. 2282.258301 165.877975 25 5 4 0 0 0
36.119 14 GPS 3 36036864 481373538 1827 239398 1372 -358 0 17372719 31 0
36.169 14 ENERGY 8 12.5 0.091552 1.144399 0.041525 0.519043
36.169 14 DESIRED 0.398987 -0.203305 0. -1500. -1500. 200. -1.197181 13.
36.169 14 NAVIGATION 15 1 83.875 140. 2282.258301 165.877975 25 5 4 0 0 0
36.170 14 ESTIMATOR 239.133896 -3.58
36.269 14 AIRSPEED 11.9 0. 0. 0.
36.269 14 ATTITUDE 0.443338 3.181561 -0.217143
36.352 14 NAVIGATION 15 1 83.875 140. 2279.969238 163.202377 26 6 5 0 0 0
36.368 14 FBW_STATUS 2 0 1 12.5 0.091552
36.369 14 GPS 3 36036821 481373211 1874 238645 1376 -343 0 17372960 31 0
36.369 14 SVINFO 6 13 1 6 45 40 328
36.469 14 GPS_SOL 685 685 685 7
36.570 14 CALIBRATION -34.632244 1
36.570 14 DL_VALUE 32 0.
36.570 14 WP_MOVED 7 360558.40625 4813804.5 260. 31
36.602 14 NAVIGATION 15 1 83.4375 136.5 2277.148682 159.981461 26 6 5 0 0 0
36.618 14 GPS 3 36036739 481372834 1930 237800 1377 -297 0 17373239 31 0
36.669 14 IR_SENSORS 0 0 -30 89 248
36.669 14 ESTIMATOR 237.550491 -2.97
36.769 14 ATTITUDE 0.39897 3.330807 -0.20321
36.852 14 NAVIGATION 15 1 82.65625 133. 2274.091064 156.591995 26 6 5 0 0 0
36.869 14 GPS 3 36036643 481372518 1968 237105 1376 -295 0 17373480 31 0
36.870 14 SVINFO 1 8 1 1 48 0 78
37.069 14 WP_MOVED 8 358784. 4812095. 200. 31
37.103 14 NAVIGATION 15 1 81.6875 129.5 2270.904053 153.111389 26 6 5 0 0 0
37.119 14 GPS 3 36036526 481372210 2008 236434 1373 -281 0 17373719 31 0
37.169 14 NAVIGATION 15 1 80.53125 126.5 2270.904053 153.111389 26 6 5 0 0 0
37.170 14 ESTIMATOR 236.238586 -2.81
37.219 14 DESIRED 0.265442 -0.214682 0. -1500. -1500. 200. -1.106533 13.
37.269 14 ENERGY 8 12.5 0.091552 1.144399 0.041693 0.52114
37.269 14 AIRSPEED 11.9 0. 0. 0.
37.270 14 ATTITUDE 0.33905 3.443943 -0.197059
37.353 14 NAVIGATION 15 1 80.53125 126.5 2267.946533 149.958435 27 7 6 0 0 0
37.369 14 GPS 3 36036366 481371862 2046 235676 1369 -262 0 17374000 31 0
37.454 14 COMMANDS 852,-608,-256,0
37.552 14 FBW_STATUS 2 0 1 12.5 0.091552
37.569 14 WP_MOVED 9 360312.8125 4813652. 185. 31
37.603 14 NAVIGATION 15 1 78.9375 123. 2264.326172 146.151047 27 7 6 0 0 0
37.618 14 GPS 3 36036212 481371573 2084 235043 1364 -254 0 17374239 31 0
37.619 14 SVINFO 4 11 0 4 46 88 228
37.669 14 COMMANDS 852,-682,-294,0
37.669 14 ESTIMATOR 234.952652 -2.54
37.769 14 STATE_FILTER_STATUS 2 3 341
37.769 14 ATTITUDE 0.272866 3.554893 -0.19537
37.852 14 NAVIGATION 15 1 77.375 120.5 2261.44458 143.20314 27 7 6 0 0 0
37.869 14 IR_SENSORS 0 0 -29 50 259
37.870 14 GPS 3 36036043 481371293 2110 234419 1360 -256 0 17374480 31 0
37.870 14 SVINFO 5 12 1 5 45 78 278
37.968 14 PPRZ_MODE 2 3 2 0 0 6
38.069 14 ALIVE 179,209,69,119,115,11,176,21,181,244,80,210,55,176,198,136
38.070 14 DL_VALUE 33 0.15
38.070 14 WP_MOVED 10 360452.8125 4813581. 260. 31
38.102 14 NAVIGATION 15 1 75.6875 117.5 2258.11792 139.76712 27 7 6 0 0 0
38.119 14 GPS 3 36035864 481371022 2135 233798 1356 -267 0 17374719 31 0
38.120 14 SVINFO 6 13 1 6 44 37 329
38.169 14 NAVIGATION 15 1 73.875 114.5 2258.11792 139.76712 27 7 6 0 0 0
38.169 14 ESTIMATOR 233.732101 -2.67
38.269 14 DESIRED 0.132022 -0.228786 0. -1500. -1500. 200. -1.029843 13.
38.270 14 AIRSPEED 11.9 0. 0. 0.
38.270 14 ATTITUDE 0.203656 3.629605 -0.201707
38.353 14 NAVIGATION 15 1 73.875 114.5 2254.70459 136.263596 28 8 7 0 0 0
38.369 14 FBW_STATUS 2 0 1 12.5 0.091552
38.369 14 ENERGY 8 12.5 0.091552 1.144399 0.04186 0.523236
38.370 14 GPS 3 36035674 481370758 2157 233174 1352 -274 0 17374960 31 0
38.370 14 SVINFO 0 7 0 0 48 24 29
38.468 14 GPS_SOL 678 678 678 7
38.569 14 DATALINK_REPORT 8 7 1251 530 0 0
38.570 14 WP_MOVED 11 360169.5 4813757.5 260. 31
38.602 14 NAVIGATION 15 1 71.96875 112. 2251.583984 133.129639 28 8 7 0 0 0
38.619 14 GPS 3 36035443 481370459 2179 232438 1348 -276 0 17375239 31 0
38.669 14 CALIBRATION -34.632244 1
38.669 14 ESTIMATOR 232.415451 -2.76
38.769 14 ATTITUDE 0.13495 3.694761 -0.208344
38.808 14 WIND_INFO 14 5 -0.7 0.5 0. 13.7
38.853 14 NAVIGATION 15 1 69.6875 109. 2247.843506 129.372894 28 8 7 0 0 0
38.869 14 GPS 3 36035239 481370209 2192 231796 1347 -287 0 17375480 31 0
38.870 14 SVINFO 2 9 1 2 47 17 129
39.068 14 IR_SENSORS 0 0 -35 7 263
39.069 14 WP_MOVED 12 360287.59375 4813581. 260. 31
39.102 14 NAVIGATION 15 1 67.65625 106.5 2244.635498 126.172966 28 8 7 0 0 0
39.119 14 GPS 3 36035029 481369963 2203 231141 1346 -301 0 17375719 31 0
39.119 14 SVINFO 3 10 0 3 46 60 179
39.169 14 NAVIGATION 15 1 65.53125 104. 2244.635498 126.172966 28 8 7 0 0 0
39.170 14 ESTIMATOR 231.055588 -3.01
39.269 14 AIRSPEED 13.7 0. 0. 0.
39.269 14 ATTITUDE 0.070436 3.782295 -0.219569
39.319 14 DESIRED 0.049755 -0.242663 0. -1500. -1500. 200. -0.952307 13.
39.352 14 NAVIGATION 15 1 65.53125 104. 2241.362061 122.924141 29 9 8 0 0 0
39.369 14 GPS 3 36034817 481369719 2211 230471 1346 -298 0 17375960 31 0
39.468 14 ENERGY 8 12.5 0.091552 1.144399 0.042028 0.525333
39.553 14 FBW_STATUS 2 0 1 12.5 0.091552
39.570 14 DL_VALUE 34 0.05
39.570 14 WP_MOVED 13 360311.5 4813547. 260. 31
39.603 14 NAVIGATION 15 1 63.40625 102. 2238.446533 120.101425 29 9 8 0 0 0
39.619 14 GPS 3 36034565 481369438 2219 229669 1347 -304 0 17376239 31 0
39.669 14 ESTIMATOR 229.623474 -3.04
39.769 14 ATTITUDE 0.043823 3.809806 -0.23076
39.853 14 NAVIGATION 15 1 60.875 99. 2234.531738 116.218613 29 9 8 0 0 0
39.869 14 GPS 3 36034347 481369199 2223 228963 1350 -314 0 17376480 31 0
40.069 14 WP_MOVED 14 360300.6875 4813575.5 260. 31
40.103 14 NAVIGATION 15 1 58.71875 96.5 2231.236572 112.9608 29 9 8 0 0 0
40.119 14 GPS 3 36034127 481368960 2226 228242 1352 -325 0 17376719 31 0
40.169 14 NAVIGATION 15 1 56.53125 94. 2231.236572 112.9608 29 9 8 0 0 0
40.169 14 ESTIMATOR 228.13945 -3.25
40.268 14 IR_SENSORS 0 0 -41 -10 262
40.269 14 AIRSPEED 13.7 0. 0. 0.
40.269 14 ATTITUDE 0.024682 3.822698 -0.242496
40.353 14 NAVIGATION 15 1 56.53125 94. 2227.919434 109.689484 30 10 9 0 0 0
40.370 14 FBW_STATUS 2 0 1 12.5 0.091552
40.370 14 DESIRED 0.016571 -0.247429 0. -1500. -1500. 200. -0.844184 13.
40.371 14 GPS 3 36033905 481368722 2229 227505 1356 -318 0 17376960 31 0
40.371 14 SVINFO 1 8 1 1 47 0 80
40.469 14 GPS_SOL 670 670 670 7
40.569 14 ENERGY 8 12.5 0.091552 1.144399 0.042196 0.52743
40.569 14 WP_MOVED 15 360297.6875 4813554.5 260. 31
40.603 14 NAVIGATION 15 1 54.28125 92. 2224.916748 106.819725 30 10 9 0 0 0
40.619 14 GPS 3 36033644 481368444 2231 226630 1361 -327 0 17377239 31 0
40.669 14 ESTIMATOR 226.591141 -3.27
40.769 14 CALIBRATION -34.632244 1
40.769 14 ATTITUDE 0.020872 3.832388 -0.249938
40.853 14 NAVIGATION 15 1 51.6875 89. 2220.958008 102.920349 30 10 9 0 0 0
40.869 14 GPS 3 36033419 481368206 2233 225868 1365 -305 0 17377480 31 0
41.069 14 DL_VALUE 35 0.
41.070 14 WP_MOVED 16 361184. 4813643. 260. 31
41.102 14 NAVIGATION 15 1 49.4375 86.5 2217.597656 99.630898 30 10 9 0 0 0
41.119 14 GPS 3 36033193 481367967 2235 225098 1369 -312 0 17377719 31 0
41.119 14 SVINFO 4 11 1 4 45 89 230
41.169 14 NAVIGATION 15 1 47.15625 84. 2217.597656 99.630898 30 10 9 0 0 0
41.170 14 ESTIMATOR 225.051498 -3.12
41.270 14 AIRSPEED 13.7 0. 0. 0.
41.270 14 ATTITUDE 0.013065 3.838444 -0.254278
41.353 14 NAVIGATION 15 1 47.15625 84. 2214.215088 96.331261 31 11 10 0 0 0
41.369 14 GPS 3 36032966 481367729 2236 224323 1373 -311 0 17377960 31 0
41.370 14 SVINFO 5 12 1 5 44 73 280
41.419 14 DESIRED 0.008265 -0.248639 0. -1500. -1500. 200. -0.751545 13.
41.469 14 NAVIGATION_REF 360284 4813595 31 185.
41.469 14 IR_SENSORS 0 0 -44 -13 261
41.552 14 FBW_STATUS 2 0 1 12.5 0.091552
41.568 14 WP_MOVED 17 361184. 4813643. 260. 31
41.602 14 NAVIGATION 15 1 44.9375 82. 2211.234131 93.506035 31 11 10 0 0 0
41.619 14 GPS 3 36032699 481367451 2237 223414 1377 -297 0 17378239 31 0
41.620 14 SVINFO 6 13 0 6 43 31 331
41.670 14 ENERGY 8 12.5 0.091552 1.144399 0.042364 0.529527
41.670 14 ESTIMATOR 223.463928 -2.97
41.769 14 ATTITUDE 0.009243 3.843455 -0.254278
41.853 14 NAVIGATION 15 1 42.25 79. 2207.209961 89.588295 31 11 10 0 0 0
41.869 14 GPS 3 36032469 481367212 2238 222633 1380 -319 0 17378480 31 0
42.069 14 WP_MOVED 18 360289. 4813605. 220. 31
42.102 14 NAVIGATION 15 1 39.9375 76.5 2203.805908 86.29747 31 11 10 0 0 0
42.118 14 GPS 3 36032239 481366973 2239 221853 1383 -303 0 17378719 31 0
42.169 14 NAVIGATION 15 1 37.65625 74.5 2203.805908 86.29747 31 11 10 0 0 0
42.169 14 ESTIMATOR 221.902573 -3.03
42.269 14 AIRSPEED 13.7 0. 0. 0.
42.269 14 ATTITUDE 0.009243 3.846622 -0.254278
42.353 14 NAVIGATION 15 1 37.65625 74.5 2200.781006 83.476006 32 12 11 0 0 0
42.369 14 FBW_STATUS 2 0 1 12.5 0.091552
42.369 14 GPS 3 36032008 481366733 2240 221074 1385 -304 0 17378960 31 0
42.370 14 SVINFO 2 9 1 2 46 22 131
42.460 14 COMMANDS 852,-11,58,0
42.470 14 GPS_SOL 661 661 661 7
42.471 14 DESIRED 0.003943 -0.249435 0. -1500. -1500. 200. -0.657077 13.
42.569 14 DL_VALUE 36 0.
42.569 14 WP_MOVED 19 360289. 4813610. 500. 31
42.602 14 NAVIGATION 15 1 35.34375 71.5 2197.019043 79.758575 32 12 11 0 0 0
42.619 14 GPS 3 36031737 481366454 2240 220168 1388 -277 0 17379239 31 0
42.619 14 SVINFO 3 10 1 3 45 66 181
42.670 14 COMMANDS 852,-17,58,0
42.670 14 IR_SENSORS 0 0 -44 -15 261
42.671 14 ESTIMATOR 220.296646 -2.77
42.769 14 STATE_FILTER_STATUS 2 3 320
42.770 14 ENERGY 8 12.5 0.091552 1.144399 0.042532 0.531623
42.770 14 ATTITUDE 0.005424 3.849319 -0.254278
42.852 14 NAVIGATION 15 1 32.625 69. 2193.330811 76.324249 32 12 11 0 0 0
42.869 14 AUTOPILOT_VERSION 51500 v5.15_devel-179-g9a29798-dirty
42.869 14 CALIBRATION -34.632244 1
42.870 14 GPS 3 36031505 481366215 2241 219396 1389 -272 0 17379480 31 0
42.870 14 SVINFO 4 11 1 4 44 89 231
42.969 14 PPRZ_MODE 2 3 2 0 0 6
43.069 14 ALIVE 179,209,69,119,115,11,176,21,181,244,80,210,55,176,198,136
43.069 14 WP_MOVED 20 360289. 4813620. 300. 31
43.102 14 NAVIGATION 15 1 30.28125 66.5 2189.904785 73.069855 32 12 11 0 0 0
43.119 14 GPS 3 36031273 481365976 2241 218627 1390 -273 0 17379719 31 0
43.169 14 NAVIGATION 15 1 27.96875 64.5 2189.904785 73.069855 32 12 11 0 0 0
43.169 14 ESTIMATOR 218.824982 -2.73
43.270 14 AIRSPEED 13.7 0. 0. 0.
43.270 14 ATTITUDE 0.005424 3.851088 -0.250551
43.352 14 NAVIGATION 15 1 27.96875 64.5 2186.858154 70.302925 33 13 12 0 0 0
43.370 14 GPS 3 36031040 481365736 2242 217862 1391 -274 0 17379960 31 0
43.371 14 SVINFO 6 13 1 6 42 28 332
43.520 14 DESIRED 0.001478 -0.223775 0. -1500. -1500. 200. -0.564749 13.
43.552 14 FBW_STATUS 2 0 1 12.5 0.117397
43.569 14 WP_MOVED 21 360289. 4813625. 400. 31
43.602 14 NAVIGATION 15 1 25.65625 62. 2183.453857 67.098755 33 13 12 0 0 0
43.619 14 GPS 3 36030767 481365457 2242 216975 1394 -300 0 17380239 31 0
43.621 14 SVINFO 0 7 0 0 47 16 32
43.669 14 DATALINK_REPORT 5 8 1379 548 0 0
43.670 14 ESTIMATOR 217.266846 -3.
43.769 14 ATTITUDE 0.001839 3.852336 -0.246219
43.852 14 NAVIGATION 15 1 22.9375 59. 2179.408203 63.301888 33 13 12 0 0 0
43.869 14 IR_SENSORS 0 0 -42 -16 262
43.869 14 ENERGY 14 12.5 0.138286 1.728569 0.042732 0.534123
43.870 14 GPS 3 36030533 481365216 2242 216224 1398 -315 0 17380480 31 0
44.069 14 DL_VALUE 37 0.
44.069 14 WP_MOVED 22 360289. 4813645. 250. 31
44.102 14 NAVIGATION 15 1 20.5625 56.5 2175.960205 60.125423 33 13 12 0 0 0
44.119 14 GPS 3 36030298 481364975 2242 215486 1403 -306 0 17380719 31 0
44.169 14 NAVIGATION 15 1 18.21875 54. 2175.960205 60.125423 33 13 12 0 0 0
44.170 14 ESTIMATOR 215.630569 -3.06
44.269 14 AIRSPEED 13.7 0. 0. 0.
44.269 14 ATTITUDE 0.001839 3.853463 -0.235036
44.353 14 NAVIGATION 15 1 18.21875 54. 2172.533936 56.990551 34 14 13 0 0 0
44.369 14 FBW_STATUS 2 0 1 12.5 0.194015
44.369 14 GPS 3 36030062 481364733 2243 214768 1409 -290 0 17380960 31 0
44.468 14 GPS_SOL 651 651 651 7
44.569 14 DESIRED 0.000592 -0.150793 0. -1500. -1500. 200. -0.468917 13.
44.570 14 WP_MOVED 0 360326. 4813637. 260. 31
44.603 14 NAVIGATION 15 1 15.875 52. 2169.465576 54.369251 34 14 13 0 0 0
44.619 14 GPS 3 36029784 481364449 2243 213968 1418 -264 0 17381239 31 0
44.669 14 ESTIMATOR 214.07782 -2.64
44.768 14 ATTITUDE 0.00207 3.85471 -0.212089
44.853 14 NAVIGATION 15 1 13.09375 49. 2165.376221 50.719288 34 14 13 0 0 0
44.869 14 GPS 3 36029545 481364204 2243 213326 1426 -251 0 17381480 31 0
44.869 14 SVINFO 5 12 1 5 43 68 282
44.969 14 CALIBRATION -114.331413 2
44.970 14 ENERGY 24 12.5 0.304904 3.811294 0.043126 0.539051
45.069 14 IR_SENSORS 0 0 -27 -17 263
45.069 14 WP_MOVED 1 360284. 4813595. 260. 31
45.103 14 NAVIGATION 15 1 10.6875 46.5 2161.90625 47.712395 34 14 13 0 0 0
45.120 14 GPS 3 36029305 481363958 2243 212733 1434 -218 0 17381719 31 0
45.169 14 NAVIGATION 15 1 8.28125 44. 2161.90625 47.712395 34 14 13 0 0 0
45.170 14 ESTIMATOR 212.758148 -2.18
45.269 14 AIRSPEED 13.7 0. 0. 0.
45.269 14 ATTITUDE 0.0023 3.855351 -0.177926
45.352 14 NAVIGATION 15 1 8.28125 44. 2158.436523 44.772526 35 15 14 0 0 0
45.368 14 GPS 3 36029063 481363710 2243 212200 1442 -188 0 17381960 31 0
45.552 14 FBW_STATUS 2 0 1 12.5 0.400512
45.569 14 DL_VALUE 38 0.
45.570 14 WP_MOVED 2 360333.5 4813695. 260. 31
45.602 14 NAVIGATION 15 1 5.875 41.5 2154.966797 41.913788 35 15 14 0 0 0
45.619 14 DESIRED 5.6e-05 -0.069272 0. -1500. -1500. 200. -0.366293 13.
45.620 14 GPS 3 36028779 481363420 2242 211661 1450 -167 0 17382239 31 0
45.620 14 SVINFO 1 8 1 1 46 0 83
45.668 14 ESTIMATOR 211.707809 -1.67
45.769 14 ATTITUDE 0.002528 3.8556 -0.140048
45.853 14 NAVIGATION 15 1 3.0625 38.5 2150.855469 38.621613 35 15 14 0 0 0
45.869 14 GPS 3 36028536 481363170 2242 211277 1455 -144 0 17382480 31 0
45.869 14 SVINFO 2 9 1 2 45 28 133
46.069 14 ENERGY 33 12.5 0.452026 5.650324 0.043839 0.547964
46.069 14 WP_MOVED 3 360294.09375 4813785. 260. 31
46.103 14 NAVIGATION 15 1 0.625 36. 2147.36377 36.005424 35 15 14 0 0 0
46.119 14 GPS 3 36028291 481362920 2242 210967 1456 -115 0 17382719 31 0
46.119 14 SVINFO 3 10 1 3 44 71 183
46.169 14 NAVIGATION 15 1 -1.84375 33.5 2147.36377 36.005424 35 15 14 0 0 0
46.169 14 ESTIMATOR 210.944901 -1.15
46.269 14 IR_SENSORS 0 0 -2 -16 265
46.269 14 AIRSPEED 13.7 0. 0. 0.
46.269 14 ATTITUDE 0.002528 3.855757 -0.098587
46.353 14 NAVIGATION 15 1 -1.84375 33.5 2143.850342 33.550697 36 16 15 0 0 0
46.369 14 FBW_STATUS 2 0 1 12.5 0.471268
46.369 14 GPS 3 36028047 481362670 2242 210730 1455 -86 0 17382960 31 0
46.370 14 SVINFO 4 11 1 4 43 89 233
46.471 14 GPS_SOL 640 640 640 7
46.569 14 WP_MOVED 4 360416.3125 4813734. 260. 31
46.603 14 NAVIGATION 15 1 -4.28125 31. 2140.358643 31.294235 36 16 15 0 0 0
46.619 14 GPS 3 36027764 481362379 2242 210541 1450 -54 0 17383239 31 0
46.619 14 SVINFO 5 12 1 5 42 65 283
46.668 14 DESIRED 0.000656 -0.031569 0. -1500. -1500. 200. -0.320281 13.
46.668 14 ESTIMATOR 210.481567 -0.54
46.769 14 ATTITUDE 0.002528 3.855252 -0.064629
46.852 14 NAVIGATION 15 1 -7.125 28. 2136.225586 28.892311 36 16 15 0 0 0
46.870 14 GPS 3 36027522 481362130 2242 210446 1444 -28 0 17383480 31 0
46.870 14 SVINFO 6 13 1 6 41 22 334
47.069 14 CALIBRATION -149.540924 2
47.069 14 DL_VALUE 39 0.
47.069 14 WP_MOVED 5 360421. 4813583.5 260. 31
47.101 14 NAVIGATION 15 1 -9.5625 26. 2133.091553 27.702732 36 16 15 0 0 0
47.119 14 GPS 3 36027281 481361884 2242 210405 1435 14 0 17383719 31 0
47.120 14 SVINFO 0 7 0 0 46 12 34
47.169 14 ENERGY 35 12.5 0.504151 6.301883 0.044735 0.559153
47.169 14 NAVIGATION 15 1 -11.9375 23.5 2133.091553 27.702732 36 16 15 0 0 0
47.170 14 ESTIMATOR 210.328537 0.14
47.270 14 AIRSPEED 13.7 0. 0. 0.
47.270 14 ATTITUDE 0.002528 3.854742 -0.034485
47.352 14 NAVIGATION 15 1 -11.9375 23.5 2129.643555 26.358185 37 17 16 0 0 0
47.369 14 GPS 3 36027043 481361639 2242 210409 1424 17 0 17383960 31 0
47.370 14 SVINFO 1 8 0 1 45 1 84
47.471 14 COMMANDS 3406,-12,45,0
47.472 14 IR_SENSORS 0 0 17 -16 264
47.552 14 FBW_STATUS 2 0 1 12.5 0.490329
47.569 14 WP_MOVED 6 360164.8125 4813664.5 260. 31
47.602 14 NAVIGATION 15 1 -14.3125 21. 2126.195557 25.413532 37 17 16 0 0 0
47.619 14 GPS 3 36026767 481361356 2242 210458 1408 28 0 17384239 31 0
47.668 14 COMMANDS 3331,14,-105,0
47.668 14 ESTIMATOR 210.428818 0.28
47.720 14 DESIRED 0.000429 -0.024143 0. -1500. -1500. 200. -0.311285 13.
47.769 14 STATE_FILTER_STATUS 2 3 300
47.769 14 ATTITUDE 0.0023 3.853593 -0.011653
47.853 14 NAVIGATION 15 1 -17.0625 18. 2122.128174 24.801792 37 17 16 0 0 0
47.870 14 GPS 3 36026533 481361117 2242 210526 1395 23 0 17384480 31 0
47.974 14 PPRZ_MODE 2 3 2 0 0 6
48.069 14 ALIVE 179,209,69,119,115,11,176,21,181,244,80,210,55,176,198,136
48.070 14 WP_MOVED 7 360558.40625 4813804.5 260. 31
48.103 14 NAVIGATION 15 1 -19.4375 15.5 2118.680176 24.860941 37 17 16 0 0 0
48.119 14 GPS 3 36026302 481360879 2242 210607 1380 43 0 17384719 31 0
48.170 14 NAVIGATION 15 1 -21.71875 13. 2118.680176 24.860941 37 17 16 0 0 0
48.170 14 ESTIMATOR 210.573074 0.43
48.269 14 ENERGY 32 12.5 0.443434 5.542928 0.045611 0.570111
48.270 14 AIRSPEED 13.7 0. 0. 0.
48.270 14 ATTITUDE 0.0023 3.852046 -0.004125
48.352 14 NAVIGATION 15 1 -21.71875 13. 2115.297852 25.312134 38 18 17 0 0 0
48.370 14 FBW_STATUS 2 0 1 12.5 0.436448
48.373 14 GPS 3 36026073 481360645 2242 210693 1365 39 0 17384960 31 0
48.480 14 GPS_SOL 629 629 629 7
48.567 14 DL_VALUE 40 0.
48.567 14 WP_MOVED 8 358784. 4812095. 200. 31
48.603 14 NAVIGATION 15 1 -24.03125 11. 2112.251221 26.429169 38 18 17 0 0 0
48.618 14 GPS 3 36025809 481360374 2242 210786 1347 24 0 17385239 31 0
48.619 14 SVINFO 6 13 1 6 40 19 335
48.669 14 IR_SENSORS 0 0 22 -16 264
48.669 14 ESTIMATOR 210.782043 0.24
48.769 14 DATALINK_REPORT 10 8 1504 525 0 0
48.769 14 DESIRED 0.000719 -0.031851 0. -1500. -1500. 200. -0.320593 13.
48.770 14 ATTITUDE 0.0023 3.850541 -0.004125
48.810 14 WIND_INFO 14 5 -1. 0.6 0. 13.7
48.852 14 NAVIGATION 15 1 -26.65625 8.5 2108.628418 27.978664 38 18 17 0 0 0
48.869 14 GPS 3 36025586 481360144 2242 210852 1335 28 0 17385480 31 0
49.069 14 WP_MOVED 9 360312.8125 4813652. 185. 31
49.103 14 NAVIGATION 15 1 -28.90625 6. 2105.267822 29.522387 38 18 17 0 0 0
49.120 14 GPS 3 36025364 481359917 2242 210902 1322 -4 0 17385719 31 0
49.169 14 CALIBRATION -82.061317 2
49.169 14 NAVIGATION 15 1 -31.125 3.5 2105.267822 29.522387 38 18 17 0 0 0
49.170 14 ESTIMATOR 210.911346 -0.04
49.268 14 AIRSPEED 13.7 0. 0. 0.
49.268 14 ATTITUDE 0.0023 3.826677 -0.007888
49.353 14 NAVIGATION 15 1 -31.125 3.5 2101.929199 31.321169 39 19 18 0 0 0
49.369 14 ENERGY 28 12.5 0.386189 4.827361 0.046361 0.579483
49.369 14 GPS 3 36025144 481359691 2242 210930 1312 -19 0 17385960 31 0
49.369 14 SVINFO 2 9 0 2 44 34 135
49.552 14 FBW_STATUS 2 0 1 12.5 0.382965
49.569 14 WP_MOVED 10 360452.8125 4813581. 260. 31
49.602 14 NAVIGATION 15 1 -33.3125 1.5 2098.969971 33.346252 39 19 18 0 0 0
49.619 14 GPS 3 36024889 481359430 2242 210935 1302 -15 0 17386239 31 0
49.619 14 SVINFO 3 10 0 3 43 76 185
49.669 14 ESTIMATOR 210.880142 -0.15
49.769 14 ATTITUDE 0.0023 3.824939 -0.015421
49.820 14 DESIRED 0.000656 -0.037354 0. -1500. -1500. 200. -0.327261 13.
49.852 14 NAVIGATION 15 1 -35.875 -1.5 2095.033203 35.906345 39 19 18 0 0 0
49.869 14 IR_SENSORS 0 0 18 -16 264
49.870 14 GPS 3 36024672 481359207 2242 210915 1297 -25 0 17386480 31 0
49.870 14 SVINFO 4 11 0 4 42 88 235
50.069 14 DL_VALUE 41 0.
50.069 14 WP_MOVED 11 360169.5 4813757.5 260. 31
50.102 14 NAVIGATION 15 1 -38.03125 -3.5 2092.095947 38.191963 39 19 18 0 0 0
50.120 14 GPS 3 36024455 481358984 2242 210873 1294 -40 0 17386719 31 0
50.120 14 SVINFO 5 12 1 5 41 60 285
50.169 14 NAVIGATION 15 1 -40.1875 -5.5 2092.095947 38.191963 39 19 18 0 0 0
50.170 14 ESTIMATOR 210.816391 -0.4
50.270 14 AIRSPEED 13.7 0. 0. 0.
50.270 14 ATTITUDE 0.0023 3.824486 -0.026734
50.352 14 NAVIGATION 15 1 -40.1875 -5.5 2089.158447 40.562115 40 20 19 0 0 0
50.369 14 FBW_STATUS 2 0 1 12.5 0.383643
50.369 14 GPS 3 36024203 481358725 2242 210800 1293 -63 0 17387000 31 0
50.479 14 NAVIGATION_REF 360284 4813595 31 185.
50.480 14 GPS_SOL 616 616 616 7
50.480 14 ENERGY 29 12.5 0.389759 4.871988 0.047062 0.588243
50.568 14 WP_MOVED 12 360287.59375 4813581. 260. 31
50.603 14 NAVIGATION 15 1 -42.71875 -8.5 2085.243652 43.55619 40 20 19 0 0 0
50.619 14 GPS 3 36023986 481358502 2242 210720 1294 -58 0 17387239 31 0
50.619 14 SVINFO 0 7 0 0 45 8 36
50.670 14 ESTIMATOR 210.620132 -0.58
50.769 14 ATTITUDE 0.002528 3.824511 -0.034485
50.854 14 NAVIGATION 15 1 -44.90625 -10.5 2082.284424 46.117474 40 20 19 0 0 0
50.872 14 DESIRED 0.000757 -0.030317 0. -1500. -1500. 200. -0.318604 13.
50.872 14 GPS 3 36023769 481358279 2242 210628 1297 -60 0 17387480 31 0
50.873 14 SVINFO 1 8 1 1 44 3 86
51.068 14 IR_SENSORS 0 0 13 -17 265
51.068 14 WP_MOVED 13 360311.5 4813547. 260. 31
51.102 14 NAVIGATION 15 1 -47.0625 -13. 2078.989258 48.824982 40 20 19 0 0 0
51.118 14 GPS 3 36023551 481358055 2242 210528 1301 -56 0 17387719 31 0
51.119 14 SVINFO 2 9 1 2 43 37 136
51.170 14 NAVIGATION 15 1 -49.21875 -15. 2078.989258 48.824982 40 20 19 0 0 0
51.171 14 ESTIMATOR 210.402893 -0.56
51.269 14 CALIBRATION -89.122421 2
51.269 14 AIRSPEED 13.7 0. 0. 0.
51.270 14 ATTITUDE -0.001231 3.824544 -0.038249
51.351 14 NAVIGATION 15 1 -49.21875 -15. 2076.051758 51.45372 41 21 20 0 0 0
51.368 14 GPS 3 36023332 481357830 2242 210423 1306 -55 0 17387960 31 0
51.369 14 SVINFO 3 10 1 3 42 78 186
51.552 14 FBW_STATUS 2 0 1 12.5 0.429833
51.568 14 DL_VALUE 42 0.6
51.568 14 ENERGY 31 12.5 0.429833 5.372909 0.047813 0.59763
51.568 14 WP_MOVED 14 360300.6875 4813575.5 260. 31
51.603 14 NAVIGATION 15 1 -51.4375 -17.5 2072.713135 54.33292 41 21 20 0 0 0
51.619 14 GPS 3 36023076 481357567 2241 210300 1313 -59 0 17388239 31 0
51.620 14 SVINFO 4 11 0 4 41 88 236
51.670 14 ESTIMATOR 210.203232 -0.59
51.769 14 ATTITUDE 0.002528 3.824611 -0.038249
51.852 14 NAVIGATION 15 1 -54. -20. 2069.134033 57.584721 41 21 20 0 0 0
51.869 14 GPS 3 36022856 481357340 2241 210198 1318 -57 0 17388480 31 0
51.869 14 SVINFO 5 12 1 5 40 57 286
51.919 14 DESIRED 0.00129 -0.019946 0. -1500. -1500. 200. -0.306097 13.
52.069 14 WP_MOVED 15 360297.6875 4813554.5 260. 31
52.103 14 NAVIGATION 15 1 -56.1875 -22. 2066.174805 60.340992 41 21 20 0 0 0
52.120 14 GPS 3 36022634 481357112 2241 210103 1323 -73 0 17388719 31 0
52.120 14 SVINFO 6 13 1 6 39 14 337
52.169 14 NAVIGATION 15 1 -58.4375 -24.5 2066.174805 60.340992 41 21 20 0 0 0
52.170 14 ESTIMATOR 209.986771 -0.73
52.269 14 IR_SENSORS 0 0 14 -17 265
52.269 14 AIRSPEED 13.7 0. 0. 0.
52.269 14 ATTITUDE -0.001231 3.824898 -0.034485
52.352 14 NAVIGATION 15 1 -58.4375 -24.5 2062.814453 63.36554 42 22 21 0 0 0
52.368 14 FBW_STATUS 2 0 1 12.5 0.469318
52.369 14 GPS 3 36022412 481356883 2241 210017 1328 -81 0 17388960 31 0
52.452 14 COMMANDS 3327,22,235,0
52.499 14 GPS_SOL 603 603 603 7
52.569 14 WP_MOVED 16 361184. 4813643. 260. 31
52.602 14 NAVIGATION 15 1 -60.625 -26.5 2059.85498 66.163742 42 22 21 0 0 0
52.619 14 GPS 3 36022152 481356615 2241 209932 1335 -92 0 17389239 31 0
52.669 14 COMMANDS 3400,22,192,0
52.669 14 ENERGY 35 12.5 0.490687 6.133583 0.048652 0.608125
52.670 14 ESTIMATOR 209.725739 -0.92
52.769 14 STATE_FILTER_STATUS 2 3 296
52.770 14 ATTITUDE -0.001231 3.825189 -0.030723
52.852 14 NAVIGATION 15 1 -63.21875 -29.5 2055.896484 69.762886 42 22 21 0 0 0
52.868 14 GPS 3 36021928 481356384 2241 209874 1339 -79 0 17389480 31 0
52.991 14 PPRZ_MODE 2 3 2 0 0 6
52.991 14 DESIRED 0.002105 -0.014435 0. -1500. -1500. 200. -0.291772 13.
53.070 14 ALIVE 179,209,69,119,115,11,176,21,181,244,80,210,55,176,198,136
53.070 14 DL_VALUE 43 12000.
53.070 14 WP_MOVED 17 361184. 4813643. 260. 31
53.102 14 NAVIGATION 15 1 -65.46875 -31.5 2052.893555 72.652649 42 22 21 0 0 0
53.118 14 GPS 3 36021704 481356153 2241 209831 1344 -58 0 17389719 31 0
53.169 14 NAVIGATION 15 1 -67.71875 -34. 2052.893555 72.652649 42 22 21 0 0 0
53.170 14 ESTIMATOR 209.506912 -0.58
53.269 14 AIRSPEED 13.7 0. 0. 0.
53.269 14 ATTITUDE -0.001473 3.825303 -0.022961
53.353 14 NAVIGATION 15 1 -67.71875 -34. 2049.532959 75.774857 43 23 22 0 0 0
53.370 14 CALIBRATION -137.120575 0
53.370 14 GPS 3 36021479 481355920 2240 209803 1348 -53 0 17389960 31 0
53.494 14 IR_SENSORS 0 0 18 -17 264
53.553 14 FBW_STATUS 2 0 1 12.5 0.522958
53.569 14 WP_MOVED 18 360289. 4813605. 220. 31
53.602 14 NAVIGATION 15 1 -69.9375 -36.5 2046.194214 78.889191 43 23 22 0 0 0
53.619 14 GPS 3 36021216 481355648 2240 209790 1351 -41 0 17390239 31 0
53.620 14 SVINFO 5 12 1 5 39 54 287
53.668 14 ESTIMATOR 209.459671 -0.41
53.770 14 ENERGY 37 12.5 0.524956 6.561953 0.049593 0.619881
53.771 14 ATTITUDE -0.001473 3.825097 -0.01919
53.853 14 NAVIGATION 15 1 -72.59375 -39. 2042.549805 82.406631 43 23 22 0 0 0
53.869 14 DATALINK_REPORT 5 9 1632 541 0 0
53.869 14 GPS 3 36020990 481355415 2240 209794 1352 -25 0 17390480 31 0
53.869 14 SVINFO 6 13 1 6 38 12 338
54.005 14 AUTOPILOT_VERSION 51500 v5.15_devel-179-g9a29798-dirty
54.020 14 DESIRED 0.002634 -0.01395 0. -1500. -1500. 200. -0.28379 13.
54.069 14 WP_MOVED 19 360289. 4813610. 500. 31
54.103 14 NAVIGATION 15 1 -74.84375 -41.5 2039.189209 85.579422 43 23 22 0 0 0
54.118 14 GPS 3 36020764 481355181 2240 209809 1353 -6 0 17390719 31 0
54.119 14 SVINFO 0 7 0 0 44 4 38
54.169 14 NAVIGATION 15 1 -77.125 -44. 2039.189209 85.579422 43 23 22 0 0 0
54.169 14 ESTIMATOR 209.509903 -0.06
54.269 14 AIRSPEED 13.7 0. 0. 0.
54.269 14 ATTITUDE 0.0023 3.824938 -0.011653
54.353 14 NAVIGATION 15 1 -77.125 -44. 2035.806763 88.793388 44 24 23 0 0 0
54.370 14 FBW_STATUS 2 0 1 12.5 0.515524
54.370 14 GPS 3 36020538 481354948 2240 209833 1353 2 0 17390960 31 0
54.370 14 SVINFO 1 8 0 1 43 6 88
54.491 14 GPS_SOL 589 589 589 7
54.569 14 DL_VALUE 44 1.5
54.569 14 WP_MOVED 20 360289. 4813620. 300. 31
54.602 14 NAVIGATION 15 1 -79.375 -46. 2032.803833 91.740891 44 24 23 0 0 0
54.619 14 GPS 3 36020275 481354676 2240 209870 1350 -7 0 17391239 31 0
54.620 14 SVINFO 2 9 1 2 42 43 138
54.669 14 IR_SENSORS 0 0 20 -16 264
54.669 14 ESTIMATOR 209.659424 -0.07
54.769 14 ATTITUDE 0.0023 3.824436 -0.011653
54.853 14 NAVIGATION 15 1 -82. -48.5 2029.181152 95.269356 44 24 23 0 0 0
54.868 14 ENERGY 35 12.5 0.50307 6.28838 0.050538 0.631698
54.869 14 GPS 3 36020050 481354443 2240 209906 1348 -3 0 17391480 31 0
54.869 14 SVINFO 3 10 1 3 41 82 188
55.070 14 DESIRED 0.00291 -0.01425 0. -1500. -1500. 200. -0.289783 13.
55.070 14 WP_MOVED 21 360289. 4813625. 400. 31
55.103 14 NAVIGATION 15 1 -84.28125 -51. 2025.798706 98.510551 44 24 23 0 0 0
55.118 14 GPS 3 36019826 481354211 2240 209942 1345 -20 0 17391720 31 0
55.119 14 SVINFO 4 11 1 4 40 85 238
55.169 14 NAVIGATION 15 1 -86.5 -53.5 2025.798706 98.510551 44 24 23 0 0 0
55.170 14 ESTIMATOR 209.764099 -0.2
55.269 14 AIRSPEED 13.7 0. 0. 0.
55.269 14 ATTITUDE 0.0023 3.823892 -0.007888
55.352 14 NAVIGATION 15 1 -86.5 -53.5 2022.459961 101.707916 45 25 24 0 0 0
55.369 14 GPS 3 36019602 481353979 2240 209978 1342 0 0 17391960 31 0
55.469 14 CALIBRATION -122.818924 0
55.552 14 FBW_STATUS 2 0 1 12.5 0.48711
55.569 14 WP_MOVED 22 360289. 4813645. 250. 31
55.602 14 NAVIGATION 15 1 -88.75 -55.5 2019.457031 104.674797 45 25 24 0 0 0
55.620 14 GPS 3 36019341 481353709 2240 210016 1339 4 0 17392239 31 0
55.670 14 ESTIMATOR 209.842789 0.04
55.769 14 ATTITUDE 0.0023 3.823502 -0.011653
55.852 14 NAVIGATION 15 1 -91.34375 -58.5 2015.498535 108.470871 45 25 24 0 0 0
55.869 14 IR_SENSORS 0 0 20 -16 264
55.869 14 GPS 3 36019118 481353479 2240 210045 1336 5 0 17392480 31 0
55.870 14 SVINFO 0 7 0 0 43 3 39
55.968 14 ENERGY 34 12.5 0.474107 5.926338 0.051436 0.642926
56.068 14 DL_VALUE 45 1250.
56.068 14 WP_MOVED 0 360326. 4813637. 260. 31
56.102 14 NAVIGATION 15 1 -93.5625 -61. 2012.159912 111.691277 45 25 24 0 0 0
56.119 14 DESIRED 0.003078 -0.014615 0. -1500. -1500. 200. -0.297082 13.
56.119 14 GPS 3 36018896 481353248 2240 210070 1333 -5 0 17392720 31 0
56.120 14 SVINFO 1 8 1 1 42 8 89
56.169 14 NAVIGATION 15 1 -95.78125 -63. 2012.159912 111.691277 45 25 24 0 0 0
56.169 14 ESTIMATOR 209.955185 -0.05
56.269 14 AIRSPEED 13.7 0. 0. 0.
56.270 14 ATTITUDE 0.0023 3.823517 -0.011653
56.352 14 NAVIGATION 15 1 -95.78125 -63. 2009.178711 114.643135 46 26 25 0 0 0
56.369 14 FBW_STATUS 2 0 1 12.5 0.464009
56.370 14 GPS 3 36018673 481353019 2240 210089 1331 -17 0 17392960 31 0
56.370 14 SVINFO 2 9 0 2 41 47 139
56.469 14 GPS_SOL 574 574 574 7
56.568 14 WP_MOVED 1 360284. 4813595. 260. 31
56.602 14 NAVIGATION 15 1 -98.03125 -65.5 2005.818115 117.899857 46 26 25 0 0 0
56.619 14 GPS 3 36018415 481352752 2241 210105 1327 -20 0 17393239 31 0
56.619 14 SVINFO 3 10 1 3 40 84 189
56.668 14 ESTIMATOR 209.980026 -0.2
56.769 14 ATTITUDE 0.006075 3.824184 -0.011653
56.852 14 NAVIGATION 15 1 -100.59375 -68. 2002.239258 121.421181 46 26 25 0 0 0
56.869 14 GPS 3 36018193 481352523 2241 210113 1326 -23 0 17393480 31 0
56.870 14 SVINFO 4 11 1 4 39 84 239
57.069 14 IR_SENSORS 0 0 20 -15 264
57.069 14 ENERGY 33 12.5 0.459419 5.742738 0.052288 0.653566
57.070 14 WP_MOVED 2 360333.5 4813695. 260. 31
57.103 14 NAVIGATION 15 1 -102.84375 -70.5 1998.878662 124.687958 46 26 25 0 0 0
57.120 14 GPS 3 36017972 481352295 2241 210116 1324 -31 0 17393720 31 0
57.120 14 SVINFO 5 12 1 5 38 47 289
57.168 14 DESIRED 0.001927 -0.014726 0. -1500. -1500. 200. -0.299316 13.
57.169 14 NAVIGATION 15 1 -105.03125 -72.5 1998.878662 124.687958 46 26 25 0 0 0
57.169 14 ESTIMATOR 209.971329 -0.31
57.269 14 AIRSPEED 13.7 0. 0. 0.
57.269 14 ATTITUDE 0.0023 3.82497 -0.015421
57.352 14 NAVIGATION 15 1 -105.03125 -72.5 1995.919312 127.623718 47 27 26 0 0 0
57.369 14 GPS 3 36017750 481352067 2241 210115 1323 -27 0 17393960 31 0
57.369 14 SVINFO 6 13 0 6 37 8 340
57.453 14 COMMANDS 3214,-5,8,0
57.552 14 FBW_STATUS 2 0 1 12.5 0.459419
57.568 14 CALIBRATION -102.061073 0
57.569 14 DL_VALUE 46 0.
57.569 14 WP_MOVED 3 360294.09375 4813785. 260. 31
57.602 14 NAVIGATION 15 1 -107.21875 -75. 1992.602417 130.846695 47 27 26 0 0 0
57.619 14 GPS 3 36017492 481351802 2241 210109 1322 -15 0 17394239 31 0
57.669 14 COMMANDS 3200,-4,8,0
57.669 14 ESTIMATOR 209.939667 -0.15
57.770 14 STATE_FILTER_STATUS 2 3 299
57.770 14 ATTITUDE 0.0023 3.825404 -0.015421
57.852 14 NAVIGATION 15 1 -109.84375 -77.5 1988.979736 134.431763 47 27 26 0 0 0
57.868 14 GPS 3 36017271 481351574 2241 210102 1322 -19 0 17394480 31 0
57.969 14 PPRZ_MODE 2 3 2 0 0 6
58.070 14 ALIVE 179,209,69,119,115,11,176,21,181,244,80,210,55,176,198,136
58.070 14 WP_MOVED 4 360416.3125 4813734. 260. 31
58.102 14 NAVIGATION 15 1 -112.03125 -79.5 1986.020508 137.372665 47 27 26 0 0 0
58.120 14 GPS 3 36017050 481351347 2241 210092 1321 -16 0 17394720 31 0
58.169 14 ENERGY 32 12.5 0.452026 5.650324 0.053126 0.66405
58.169 14 NAVIGATION 15 1 -114.28125 -82. 1986.020508 137.372665 47 27 26 0 0 0
58.170 14 ESTIMATOR 209.9534 -0.16
58.219 14 DESIRED 0.001568 -0.014692 0. -1500. -1500. 200. -0.298628 13.
58.269 14 IR_SENSORS 0 0 19 -16 264
58.269 14 AIRSPEED 13.7 0. 0. 0.
58.269 14 ATTITUDE 0.0023 3.825129 -0.015421
58.352 14 NAVIGATION 15 1 -114.28125 -82. 1982.659912 140.656326 48 28 27 0 0 0
58.370 14 FBW_STATUS 2 0 1 12.5 0.449216
58.371 14 GPS 3 36016792 481351081 2241 210078 1321 0 0 17395000 31 0
58.469 14 GPS_SOL 559 559 559 7
58.569 14 WP_MOVED 5 360421. 4813583.5 260. 31
58.602 14 NAVIGATION 15 1 -116.84375 -85. 1978.723389 144.490356 48 28 27 0 0 0
58.620 14 GPS 3 36016571 481350854 2241 210065 1320 0 0 17395240 31 0
58.620 14 SVINFO 4 11 1 4 38 82 240
58.669 14 ESTIMATOR 209.983765 0.
58.769 14 ATTITUDE 0.0023 3.825266 -0.015421
58.812 14 WIND_INFO 14 5 -0.9 0.6 0. 13.7
58.852 14 NAVIGATION 15 1 -119.03125 -87. 1975.764038 147.436218 48 28 27 0 0 0
58.868 14 GPS 3 36016350 481350627 2241 210051 1318 -2 0 17395480 31 0
58.869 14 SVINFO 5 12 1 5 37 44 290
58.969 14 DATALINK_REPORT 0 10 1761 546 0 0
59.068 14 DL_VALUE 47 7500.
59.069 14 WP_MOVED 6 360164.8125 4813664.5 260. 31
59.102 14 NAVIGATION 15 1 -121.21875 -89.5 1972.447266 150.679245 48 28 27 0 0 0
59.118 14 GPS 3 36016130 481350401 2242 210035 1317 12 0 17395720 31 0
59.119 14 SVINFO 6 13 0 6 36 6 341
59.169 14 NAVIGATION 15 1 -123.46875 -91.5 1972.447266 150.679245 48 28 27 0 0 0
59.170 14 ESTIMATOR 210.006134 0.12
59.269 14 ENERGY 31 12.5 0.42099 5.262371 0.05393 0.67409
59.270 14 DESIRED 0.001409 -0.014788 0. -1500. -1500. 200. -0.300033 13.
59.270 14 AIRSPEED 13.7 0. 0. 0.
59.270 14 ATTITUDE 0.0023 3.831391 -0.015421
59.352 14 NAVIGATION 15 1 -123.46875 -91.5 1969.444214 153.677521 49 29 28 0 0 0
59.369 14 GPS 3 36015910 481350175 2242 210017 1315 5 0 17395960 31 0
59.369 14 SVINFO 0 7 0 0 42 1 41
59.469 14 NAVIGATION_REF 360284 4813595 31 185.
59.470 14 IR_SENSORS 0 0 19 -16 264
59.552 14 FBW_STATUS 2 0 1 12.5 0.41167
59.569 14 WP_MOVED 7 360558.40625 4813804.5 260. 31
59.602 14 NAVIGATION 15 1 -125.625 -93.5 1966.506836 156.601059 49 29 28 0 0 0
59.619 14 GPS 3 36015654 481349911 2242 209992 1311 -11 0 17396240 31 0
59.619 14 SVINFO 1 8 0 1 41 12 91
59.669 14 CALIBRATION -70.809235 2
59.669 14 ESTIMATOR 210.030182 -0.11
59.768 14 ATTITUDE 0.0023 3.831315 -0.015421
59.852 14 NAVIGATION 15 1 -128.1875 -96.5 1962.57019 160.450256 49 29 28 0 0 0
59.869 14 GPS 3 36015434 481349686 2242 209968 1309 -14 0 17396480 31 0
59.870 14 SVINFO 2 9 1 2 40 53 141
60.069 14 WP_MOVED 8 358784. 4812095. 200. 31
60.102 14 NAVIGATION 15 1 -130.4375 -98.5 1959.567261 163.450882 49 29 28 0 0 0
60.120 14 GPS 3 36015216 481349461 2242 209941 1307 -20 0 17396720 31 0
60.120 14 SVINFO 3 10 1 3 39 86 191
60.170 14 NAVIGATION 15 1 -132.59375 -101. 1959.567261 163.450882 49 29 28 0 0 0
60.170 14 ESTIMATOR 209.954575 -0.2
60.269 14 AIRSPEED 13.7 0. 0. 0.
60.270 14 ATTITUDE -0.001473 3.830965 -0.015421
60.320 14 DESIRED 0.001064 -0.014836 0. -1500. -1500. 200. -0.299792 13.
60.352 14 NAVIGATION 15 1 -132.59375 -101. 1956.272217 166.679642 50 30 29 0 0 0
60.370 14 FBW_STATUS 2 0 1 12.5 0.403081
60.370 14 ENERGY 30 12.5 0.403252 5.04065 0.054679 0.683458
60.371 14 GPS 3 36014997 481349237 2242 209911 1305 -13 0 17396960 31 0
60.469 14 GPS_SOL 543 543 543 7
60.568 14 DL_VALUE 48 1500.
60.568 14 WP_MOVED 9 360312.8125 4813652. 185. 31
60.602 14 NAVIGATION 15 1 -134.78125 -103. 1953.312866 169.631912 50 30 29 0 0 0
60.620 14 GPS 3 36014743 481348975 2241 209873 1302 -14 0 17397240 31 0
60.669 14 IR_SENSORS 0 0 19 -17 264
60.669 14 ESTIMATOR 209.873535 -0.14
60.769 14 ATTITUDE -0.001473 3.829997 -0.015421
60.853 14 NAVIGATION 15 1 -137.3125 -106. 1949.398193 173.466782 50 30 29 0 0 0
60.869 14 GPS 3 36014525 481348751 2241 209838 1301 -20 0 17397480 31 0
61.069 14 WP_MOVED 10 360452.8125 4813581. 260. 31
61.102 14 NAVIGATION 15 1 -139.5 -108. 1946.438843 176.42067 50 30 29 0 0 0
61.119 14 GPS 3 36014308 481348527 2241 209800 1299 -18 0 17397720 31 0
61.120 14 SVINFO 0 7 0 0 41 0 42
61.169 14 NAVIGATION 15 1 -141.65625 -110.5 1946.438843 176.42067 50 30 29 0 0 0
61.169 14 ESTIMATOR 209.791367 -0.18
61.269 14 AIRSPEED 13.7 0. 0. 0.
61.269 14 ATTITUDE -0.001473 3.829291 -0.015421
61.353 14 NAVIGATION 15 1 -141.65625 -110.5 1943.143799 179.657288 51 31 30 0 0 0
61.369 14 DESIRED 0.001783 -0.014534 0. -1500. -1500. 200. -0.293741 13.
61.369 14 GPS 3 36014091 481348304 2241 209761 1298 -14 0 17397960 31 0
61.371 14 SVINFO 1 8 1 1 40 14 92
61.469 14 ENERGY 29 12.5 0.390951 4.886884 0.055406 0.692545
61.553 14 FBW_STATUS 2 0 1 12.5 0.389589
61.568 14 WP_MOVED 11 360169.5 4813757.5 260. 31
61.602 14 NAVIGATION 15 1 -143.84375 -112.5 1940.18457 182.612366 51 31 30 0 0 0
61.620 14 GPS 3 36013838 481348043 2241 209713 1296 -31 0 17398240 31 0
61.621 14 SVINFO 2 9 1 2 39 56 142
61.669 14 ESTIMATOR 209.714569 -0.31
61.770 14 CALIBRATION -54.630711 0
61.770 14 ATTITUDE 0.0023 3.828408 -0.015421
61.852 14 NAVIGATION 15 1 -146.34375 -115. 1936.649292 186.122253 51 31 30 0 0 0
61.869 14 IR_SENSORS 0 0 19 -16 264
61.869 14 GPS 3 36013622 481347820 2241 209670 1295 -37 0 17398480 31 0
61.870 14 SVINFO 3 10 1 3 38 87 192
62.068 14 DL_VALUE 49 1.
62.068 14 WP_MOVED 12 360287.59375 4813581. 260. 31
62.102 14 NAVIGATION 15 1 -148.5 -117.5 1933.354248 189.363403 51 31 30 0 0 0
62.120 14 GPS 3 36013405 481347596 2241 209627 1295 -40 0 17398720 31 0
62.121 14 SVINFO 4 11 1 4 37 79 242
62.169 14 NAVIGATION 15 1 -150.71875 -119.5 1933.354248 189.363403 51 31 30 0 0 0
62.170 14 ESTIMATOR 209.572906 -0.4
62.269 14 AIRSPEED 13.7 0. 0. 0.
62.269 14 ATTITUDE 0.0023 3.828345 -0.015421
62.353 14 NAVIGATION 15 1 -150.71875 -119.5 1930.373047 192.344452 52 32 31 0 0 0
62.369 14 FBW_STATUS 2 0 1 12.5 0.397262
62.370 14 GPS 3 36013189 481347373 2241 209582 1294 -40 0 17398960 31 0
62.370 14 SVINFO 5 12 0 5 36 38 292
62.420 14 DESIRED 0.002029 -0.01412 0. -1500. -1500. 200. -0.287187 13.
62.452 14 COMMANDS 2864,-2,-97,0
62.469 14 GPS_SOL 528 528 528 7
62.568 14 ENERGY 29 12.5 0.399656 4.995698 0.056128 0.701569
62.568 14 WP_MOVED 13 360311.5 4813547. 260. 31
62.602 14 NAVIGATION 15 1 -152.875 -122. 1927.078003 195.588257 52 32 31 0 0 0
62.619 14 GPS 3 36012936 481347113 2241 209531 1294 -52 0 17399240 31 0
62.619 14 SVINFO 6 13 1 6 35 3 343
62.669 14 COMMANDS 2892,-1,-28,0
62.669 14 ESTIMATOR 209.432068 -0.52
62.769 14 STATE_FILTER_STATUS 2 3 300
62.770 14 ATTITUDE 0.0023 3.828894 -0.011653
62.852 14 NAVIGATION 15 1 -155.375 -124.5 1923.542725 199.102081 52 32 31 0 0 0
62.868 14 GPS 3 36012720 481346890 2241 209487 1295 -36 0 17399480 31 0
62.968 14 PPRZ_MODE 2 3 2 0 0 6
63.068 14 ALIVE 179,209,69,119,115,11,176,21,181,244,80,210,55,176,198,136
63.068 14 IR_SENSORS 0 0 20 -16 264
63.068 14 WP_MOVED 14 360300.6875 4813575.5 260. 31
63.102 14 NAVIGATION 15 1 -157.5625 -126.5 1920.583496 202.059875 52 32 31 0 0 0
63.118 14 GPS 3 36012503 481346667 2241 209443 1296 -40 0 17399720 31 0
63.169 14 NAVIGATION 15 1 -159.71875 -129. 1920.583496 202.059875 52 32 31 0 0 0
63.170 14 ESTIMATOR 209.307037 -0.4
63.269 14 AIRSPEED 13.7 0. 0. 0.
63.269 14 ATTITUDE 0.0023 3.829729 -0.015421
63.352 14 NAVIGATION 15 1 -159.71875 -129. 1917.288452 205.307281 53 33 32 0 0 0
63.370 14 GPS 3 36012286 481346444 2242 209400 1297 -55 0 17399960 31 0
63.469 14 DESIRED 0.001506 -0.013721 0. -1500. -1500. 200. -0.279211 13.
63.552 14 FBW_STATUS 2 0 1 12.5 0.417705
63.569 14 DL_VALUE 50 0.3
63.569 14 WP_MOVED 15 360297.6875 4813554.5 260. 31
63.602 14 NAVIGATION 15 1 -161.875 -131. 1914.350952 208.241486 53 33 32 0 0 0
63.618 14 GPS 3 36012032 481346183 2242 209352 1298 -44 0 17400240 31 0
63.619 14 SVINFO 3 10 1 3 37 88 193
63.668 14 ENERGY 31 12.5 0.418915 5.236435 0.056879 0.710949
63.669 14 ESTIMATOR 209.179184 -0.44
63.769 14 ATTITUDE 0.0023 3.83079 -0.015421
63.852 14 NAVIGATION 15 1 -164.4375 -133.5 1910.771973 211.806381 53 33 32 0 0 0
63.869 14 CALIBRATION -72.327957 0
63.869 14 GPS 3 36011814 481345960 2242 209311 1300 -34 0 17400480 31 0
63.870 14 SVINFO 4 11 0 4 36 77 243
64.069 14 DATALINK_REPORT 5 10 1890 539 0 0
64.070 14 WP_MOVED 16 361184. 4813643. 260. 31
64.103 14 NAVIGATION 15 1 -166.59375 -136. 1907.476929 215.056915 53 33 32 0 0 0
64.119 14 GPS 3 36011596 481345736 2242 209273 1301 -30 0 17400720 31 0
64.119 14 SVINFO 5 12 0 5 35 35 293
64.169 14 NAVIGATION 15 1 -168.78125 -138. 1907.476929 215.056915 53 33 32 0 0 0
64.169 14 ESTIMATOR 209.106384 -0.3
64.269 14 IR_SENSORS 0 0 20 -16 264
64.270 14 AIRSPEED 13.7 0. 0. 0.
64.270 14 ATTITUDE 0.0023 3.831527 -0.011653
64.353 14 NAVIGATION 15 1 -168.78125 -138. 1904.5177 218.016312 54 34 33 0 0 0
64.369 14 FBW_STATUS 2 0 1 12.5 0.423067
64.369 14 GPS 3 36011378 481345512 2242 209237 1302 -16 0 17400960 31 0
64.369 14 SVINFO 6 13 1 6 34 2 344
64.469 14 GPS_SOL 512 512 512 7
64.522 14 DESIRED 0.000572 -0.01342 0. -1500. -1500. 200. -0.273192 13.
64.569 14 WP_MOVED 17 361184. 4813643. 260. 31
64.602 14 NAVIGATION 15 1 -171. -140.5 1901.178955 221.317078 54 34 33 0 0 0
64.618 14 GPS 3 36011123 481345251 2242 209196 1303 -15 0 17401240 31 0
64.619 14 SVINFO 0 7 0 0 40 0 44
64.669 14 ESTIMATOR 209.082916 -0.15
64.769 14 ENERGY 30 12.5 0.417533 5.219159 0.057651 0.720599
64.770 14 ATTITUDE -0.001473 3.831775 -0.011653
64.853 14 NAVIGATION 15 1 -173.5 -143. 1897.643555 224.836044 54 34 33 0 0 0
64.869 14 GPS 3 36010905 481345027 2242 209163 1303 -11 0 17401480 31 0
64.869 14 SVINFO 1 8 1 1 39 19 94
65.069 14 AUTOPILOT_VERSION 51500 v5.15_devel-179-g9a29798-dirty
65.069 14 DL_VALUE 51 1.
65.069 14 WP_MOVED 18 360289. 4813605. 220. 31
65.102 14 NAVIGATION 15 1 -175.71875 -145.5 1894.304932 228.13884 54 34 33 0 0 0
65.119 14 GPS 3 36010686 481344803 2242 209130 1303 -5 0 17401720 31 0
65.119 14 SVINFO 2 9 1 2 38 62 144
65.169 14 NAVIGATION 15 1 -177.875 -147.5 1894.304932 228.13884 54 34 33 0 0 0
65.170 14 ESTIMATOR 209.06868 -0.05
65.269 14 AIRSPEED 13.7 0. 0. 0.
65.269 14 ATTITUDE 0.0023 3.831453 -0.011653
65.352 14 NAVIGATION 15 1 -177.875 -147.5 1891.367432 231.075241 55 35 34 0 0 0
65.369 14 GPS 3 36010468 481344579 2242 209097 1303 -6 0 17401960 31 0
65.469 14 IR_SENSORS 0 0 20 -16 264
65.552 14 FBW_STATUS 2 0 1 12.5 0.403595
65.568 14 DESIRED 0.00089 -0.013363 0. -1500. -1500. 200. -0.27206 13.
65.568 14 WP_MOVED 19 360289. 4813610. 500. 31
65.603 14 NAVIGATION 15 1 -180.0625 -149.5 1888.408081 234.035797 55 35 34 0 0 0
65.619 14 GPS 3 36010214 481344318 2242 209058 1301 -10 0 17402240 31 0
65.670 14 ESTIMATOR 209.053482 -0.1
65.769 14 ATTITUDE 0.0023 3.831158 -0.015421
65.852 14 NAVIGATION 15 1 -182.59375 -152.5 1884.493408 237.900665 55 35 34 0 0 0
65.869 14 ENERGY 29 12.5 0.399314 4.991421 0.058399 0.729954
65.870 14 GPS 3 36009996 481344094 2242 209024 1300 -10 0 17402480 31 0
65.969 14 CALIBRATION -57.218319 0
66.070 14 WP_MOVED 20 360289. 4813620. 300. 31
66.102 14 NAVIGATION 15 1 -184.78125 -154.5 1881.534058 240.861694 55 35 34 0 0 0
66.119 14 GPS 3 36009778 481343871 2242 208988 1299 -13 0 17402720 31 0
66.169 14 NAVIGATION 15 1 -187. -157. 1881.534058 240.861694 55 35 34 0 0 0
66.170 14 ESTIMATOR 208.998016 -0.13
66.268 14 AIRSPEED 13.7 0. 0. 0.
66.268 14 ATTITUDE 0.0023 3.830982 -0.015421
66.353 14 NAVIGATION 15 1 -187. -157. 1878.195435 244.167969 56 36 35 0 0 0
66.369 14 FBW_STATUS 2 0 1 12.5 0.392995
66.370 14 GPS 3 36009561 481343647 2242 208951 1298 -11 0 17402960 31 0
66.376 14 SVINFO 0 7 0 0 39 0 45
66.469 14 GPS_SOL 496 496 496 7
66.568 14 DL_VALUE 52 0.1
66.568 14 WP_MOVED 21 360289. 4813625. 400. 31
66.601 14 NAVIGATION 15 1 -189.15625 -159. 1875.257935 247.105408 56 36 35 0 0 0
66.618 14 DESIRED 0.000904 -0.01329 0. -1500. -1500. 200. -0.268878 13.
66.618 14 GPS 3 36009307 481343387 2242 208906 1296 -17 0 17403240 31 0
66.619 14 SVINFO 1 8 1 1 38 21 95
66.668 14 IR_SENSORS 0 0 20 -17 264
66.668 14 ESTIMATOR 208.92691 -0.17
66.768 14 ATTITUDE -0.001473 3.830291 -0.011653
66.853 14 NAVIGATION 15 1 -191.65625 -161.5 1871.722656 250.627945 56 36 35 0 0 0
66.868 14 GPS 3 36009091 481343164 2242 208865 1295 -30 0 17403480 31 0
66.868 14 SVINFO 2 9 1 2 37 65 145
66.971 14 ENERGY 29 12.5 0.3901 4.876244 0.059119 0.738953
67.070 14 WP_MOVED 22 360289. 4813645. 250. 31
67.102 14 NAVIGATION 15 1 -193.84375 -164. 1868.405762 253.912186 56 36 35 0 0 0
67.119 14 GPS 3 36008874 481342942 2241 208822 1294 -40 0 17403720 31 0
67.119 14 SVINFO 3 10 1 3 36 89 195
67.169 14 NAVIGATION 15 1 -196.03125 -166. 1868.405762 253.912186 56 36 35 0 0 0
67.169 14 ESTIMATOR 208.807907 -0.4
67.269 14 AIRSPEED 13.7 0. 0. 0.
67.270 14 ATTITUDE 0.0023 3.829647 -0.011653
67.352 14 NAVIGATION 15 1 -196.03125 -166. 1865.446411 256.873993 57 37 36 0 0 0
67.370 14 GPS 3 36008622 481342682 2241 208770 1293 -40 0 17404000 31 0
67.371 14 SVINFO 4 11 1 4 35 72 245
67.453 14 COMMANDS 2852,-8,-15,0
67.553 14 FBW_STATUS 2 0 1 12.5 0.397604
67.569 14 WP_MOVED 0 360326. 4813637. 260. 31
67.603 14 NAVIGATION 15 1 -198.5 -168.5 1861.932983 260.373779 57 37 36 0 0 0
67.620 14 GPS 3 36008405 481342459 2241 208725 1293 -44 0 17404240 31 0
67.621 14 SVINFO 5 12 1 5 34 29 295
67.669 14 COMMANDS 2874,-6,-14,0
67.669 14 DESIRED 0.001483 -0.012846 0. -1500. -1500. 200. -0.261718 13.
67.670 14 ESTIMATOR 208.652252 -0.44
67.768 14 STATE_FILTER_STATUS 2 3 300
67.768 14 ATTITUDE 0.0023 3.829442 -0.011653
67.852 14 NAVIGATION 15 1 -200.71875 -171. 1858.594238 263.683563 57 37 36 0 0 0
67.869 14 IR_SENSORS 0 0 20 -16 264
67.869 14 GPS 3 36008189 481342237 2241 208680 1294 -51 0 17404480 31 0
67.869 14 SVINFO 6 13 1 6 33 0 346
67.969 14 PPRZ_MODE 2 3 2 0 0 6
68.068 14 ALIVE 179,209,69,119,115,11,176,21,181,244,80,210,55,176,198,136
68.069 14 CALIBRATION -60.335896 0
68.069 14 DL_VALUE 53 -0.062832
68.069 14 ENERGY 30 12.5 0.408745 5.109316 0.059849 0.748071
68.069 14 WP_MOVED 1 360284. 4813595. 260. 31
68.102 14 NAVIGATION 15 1 -202.875 -173. 1855.65686 266.621948 57 37 36 0 0 0
68.119 14 GPS 3 36007972 481342014 2241 208635 1295 -55 0 17404720 31 0
68.170 14 NAVIGATION 15 1 -205.03125 -175.5 1855.65686 266.621948 57 37 36 0 0 0
68.170 14 ESTIMATOR 208.494644 -0.55
68.268 14 AIRSPEED 13.7 0. 0. 0.
68.269 14 ATTITUDE 0.0023 3.829598 -0.015421
68.352 14 NAVIGATION 15 1 -205.03125 -175.5 1852.361816 269.885284 58 38 37 0 0 0
68.369 14 FBW_STATUS 2 0 1 12.5 0.417705
68.370 14 GPS 3 36007755 481341790 2241 208591 1296 -51 0 17404960 31 0
68.469 14 NAVIGATION_REF 360284 4813595 31 185.
68.469 14 GPS_SOL 480 480 480 7
68.570 14 WP_MOVED 2 360333.5 4813695. 260. 31
68.601 14 NAVIGATION 15 1 -207.1875 -177.5 1849.424316 272.823944 58 38 37 0 0 0
68.619 14 GPS 3 36007502 481341530 2241 208542 1299 -54 0 17405240 31 0
68.619 14 SVINFO 2 9 1 2 36 68 146
68.671 14 ESTIMATOR 208.356766 -0.54
68.719 14 DESIRED 0.001495 -0.012391 0. -1500. -1500. 200. -0.252613 13.
68.769 14 ATTITUDE 0.0023 3.829695 -0.011653
68.814 14 WIND_INFO 14 5 -0.9 0.6 0. 13.7
68.852 14 NAVIGATION 15 1 -209.71875 -180. 1845.867188 276.372864 58 38 37 0 0 0
68.869 14 GPS 3 36007284 481341306 2241 208502 1300 -55 0 17405480 31 0
68.870 14 SVINFO 3 10 0 3 35 89 196
69.068 14 IR_SENSORS 0 0 19 -17 264
69.068 14 WP_MOVED 3 360294.09375 4813785. 260. 31
69.103 14 NAVIGATION 15 1 -211.90625 -182.5 1842.550293 279.661407 58 38 37 0 0 0
69.119 14 GPS 3 36007066 481341081 2241 208464 1303 -30 0 17405720 31 0
69.119 14 SVINFO 4 11 1 4 34 69 246
69.169 14 DATALINK_REPORT 0 11 2023 561 0 0
69.170 14 ENERGY 32 12.5 0.435227 5.440342 0.060626 0.757784
69.171 14 NAVIGATION 15 1 -214.125 -184.5 1842.550293 279.661407 58 38 37 0 0 0
69.171 14 ESTIMATOR 208.236313 -0.3
69.269 14 AIRSPEED 13.7 0. 0. 0.
69.269 14 ATTITUDE 0.0023 3.829542 -0.015421
69.353 14 NAVIGATION 15 1 -214.125 -184.5 1839.569214 282.647766 59 39 38 0 0 0
69.369 14 GPS 3 36006848 481340857 2241 208429 1305 -32 0 17405960 31 0
69.553 14 FBW_STATUS 2 0 1 12.5 0.438017
69.569 14 DL_VALUE 54 0.087266
69.569 14 WP_MOVED 4 360416.3125 4813734. 260. 31
69.602 14 NAVIGATION 15 1 -216.28125 -187. 1836.27417 285.913574 59 39 38 0 0 0
69.618 14 GPS 3 36006593 481340594 2241 208392 1307 -18 0 17406240 31 0
69.669 14 ESTIMATOR 208.21051 -0.18
69.770 14 DESIRED 0.002084 -0.012105 0. -1500. -1500. 200. -0.246898 13.
69.770 14 ATTITUDE 0.0023 3.829472 -0.011653
69.852 14 NAVIGATION 15 1 -218.84375 -189.5 1832.69519 289.487183 59 39 38 0 0 0
69.869 14 GPS 3 36006374 481340368 2241 208363 1308 -24 0 17406480 31 0
69.870 14 SVINFO 0 7 0 0 38 0 47
70.069 14 WP_MOVED 5 360421. 4813583.5 260. 31
70.102 14 NAVIGATION 15 1 -221. -192. 1829.400146 292.75415 59 39 38 0 0 0
70.119 14 GPS 3 36006156 481340143 2241 208336 1309 -36 0 17406720 31 0
70.119 14 SVINFO 1 8 1 1 37 27 97
70.169 14 CALIBRATION -78.876099 0
70.170 14 NAVIGATION 15 1 -223.1875 -194. 1829.400146 292.75415 59 39 38 0 0 0
70.171 14 ESTIMATOR 208.201904 -0.36
70.269 14 IR_SENSORS 0 0 19 -16 264
70.269 14 ENERGY 32 12.5 0.43889 5.486126 0.061426 0.76779
70.269 14 AIRSPEED 13.7 0. 0. 0.
70.270 14 ATTITUDE 0.0023 3.829685 -0.015421
70.352 14 NAVIGATION 15 1 -223.1875 -194. 1826.440796 295.717194 60 40 39 0 0 0
70.368 14 FBW_STATUS 2 0 1 12.5 0.439938
70.369 14 GPS 3 36005936 481339917 2241 208311 1310 -31 0 17406960 31 0
70.469 14 GPS_SOL 464 464 464 7
70.569 14 WP_MOVED 6 360164.8125 4813664.5 260. 31
70.602 14 NAVIGATION 15 1 -225.375 -196.5 1823.124023 299.008606 60 40 39 0 0 0
70.619 14 GPS 3 36005681 481339654 2241 208283 1311 -43 0 17407240 31 0
70.669 14 ESTIMATOR 208.136154 -0.43
70.769 14 ATTITUDE 0.0023 3.830103 -0.011653
70.819 14 DESIRED 0.00182 -0.012008 0. -1500. -1500. 200. -0.244954 13.
70.853 14 NAVIGATION 15 1 -227.9375 -199. 1819.545044 302.583038 60 40 39 0 0 0
70.869 14 GPS 3 36005461 481339428 2241 208260 1312 -23 0 17407480 31 0
71.068 14 DL_VALUE 55 1.
71.068 14 WP_MOVED 7 360558.40625 4813804.5 260. 31
71.102 14 NAVIGATION 15 1 -230.15625 -201.5 1816.206299 305.898926 60 40 39 0 0 0
71.118 14 GPS 3 36005242 481339202 2241 208239 1313 -33 0 17407720 31 0
71.119 14 SVINFO 5 12 1 5 33 23 297
71.169 14 NAVIGATION 15 1 -232.34375 -203.5 1816.206299 305.898926 60 40 39 0 0 0
71.169 14 ESTIMATOR 208.084793 -0.33
