3.125 14 GPS 3 36028477 481359546 899 185000 0 20 0 92708960 31 0
3.309 14 FBW_STATUS 2 0 1 12.5 0.
3.325 14 DL_VALUE 10 0.
3.325 14 WP_MOVED 9 360459.6875 4813680. 235. 31
3.359 14 NAVIGATION 2 1 0. 0. 0. 0. 0 6 6 1 0 0
3.375 14 DESIRED 0. 0.00024 0. 0. 0. 235. 0. 13.
3.375 14 GPS 3 36028477 481359546 899 185000 0 32 0 92709240 31 0
3.426 14 ESTIMATOR 185.066711 0.32
3.526 14 ATTITUDE 0.0023 0. -0.000365
3.608 14 NAVIGATION 2 1 0. 0. 0. 0. 0 6 6 1 0 0
3.627 14 GPS 3 36028477 481359546 899 185000 0 33 0 92709480 31 0
3.826 14 WP_MOVED 10 360424. 4813592.5 235. 31
3.860 14 NAVIGATION 2 1 0. 0. 0. 0. 0 6 6 1 0 0
3.876 14 GPS 3 36028477 481359546 899 185000 0 34 0 92709720 31 0
3.877 14 SVINFO 3 10 1 3 48 6 159
3.927 14 NAVIGATION 2 1 0. 0. 0. 0. 0 6 6 1 0 0
3.927 14 ESTIMATOR 185.142395 0.34
4.026 14 IR_SENSORS 0 0 23 -16 264
4.027 14 ENERGY 0 12.5 0. 0. 0. 0.
4.027 14 AIRSPEED 0. 0. 0. 0.
4.027 14 ATTITUDE 0.0023 0. -0.000365
4.110 14 NAVIGATION 2 1 0. 0. 0. 0. 0 7 7 1 0 0
4.127 14 FBW_STATUS 2 0 1 12.5 0.
4.127 14 GPS 3 36028477 481359546 899 185000 0 21 0 92709960 31 0
4.225 14 GPS_SOL 625 625 625 7
4.325 14 WP_MOVED 11 360234.40625 4813661.5 235. 31
4.359 14 NAVIGATION 2 1 0. 0. 0. 0. 0 7 7 1 0 0
4.376 14 GPS 3 36028477 481359546 899 185000 0 26 0 92710240 31 0
4.426 14 DESIRED 0. 0.00024 0. 0. 0. 235. 0. 13.
4.426 14 ESTIMATOR 185.164597 0.26
4.526 14 ATTITUDE 0.0023 0. -0.000365
4.609 14 NAVIGATION 2 1 0. 0. 0. 0. 0 7 7 1 0 0
4.627 14 GPS 3 36028477 481359546 899 185000 0 18 0 92710480 31 0
4.827 14 CALIBRATION 0. 0
4.827 14 DL_VALUE 11 1.
4.827 14 WP_MOVED 0 360326. 4813637. 260. 31
4.860 14 NAVIGATION 2 1 0. 0. 0. 0. 0 7 7 1 0 0
4.877 14 GPS 3 36028477 481359546 899 185000 0 6 0 92710720 31 0
4.877 14 SVINFO 0 7 0 0 46 79 10
4.927 14 NAVIGATION 2 1 0. 0. 0. 0. 0 7 7 1 0 0
4.927 14 ESTIMATOR 185.16008 0.06
5.026 14 AIRSPEED 0. 0. 0. 0.
5.027 14 ATTITUDE 0.0023 0. -0.000365
5.109 14 NAVIGATION 2 1 0. 0. 0. 0. 0 8 8 1 0 0
5.127 14 ENERGY 0 12.5 0. 0. 0. 0.
5.128 14 GPS 3 36028477 481359546 899 185000 0 0 0 92710960 31 0
5.128 14 SVINFO 1 8 1 1 47 38 60
5.226 14 NAVIGATION_REF 360284 4813595 31 185.
5.227 14 IR_SENSORS 0 0 23 -16 264
5.309 14 FBW_STATUS 2 0 1 12.5 0.
5.326 14 WP_MOVED 1 360284. 4813595. 260. 31
5.360 14 NAVIGATION 2 1 0. 0. 0. 0. 0 8 8 1 0 0
5.376 14 GPS 3 36028477 481359546 899 185000 0 13 0 92711240 31 0
5.376 14 SVINFO 2 9 1 2 48 3 110
5.427 14 ESTIMATOR 185.096741 0.13
5.476 14 DESIRED 0. 0.00024 0. 0. 0. 235. 0. 13.
5.527 14 ATTITUDE 0.0023 0. -0.000365
5.609 14 NAVIGATION 2 1 0. 0. 0. 0. 0 8 8 1 0 0
5.634 14 GPS 3 36028477 481359546 899 185000 0 -2 0 92711480 31 0
5.825 14 WP_MOVED 2 360333.5 4813695. 235. 31
5.859 14 NAVIGATION 2 1 0. 0. 0. 0. 0 8 8 1 0 0
5.875 14 GPS 3 36028477 481359546 899 185000 0 -16 0 92711720 31 0
5.876 14 SVINFO 4 11 1 4 49 46 210
5.926 14 NAVIGATION 2 1 0. 0. 0. 0. 0 8 8 1 0 0
5.926 14 ESTIMATOR 185.067673 -0.16
6.026 14 AIRSPEED 0. 0. 0. 0.
6.027 14 ATTITUDE 0.0023 0. -0.000365
6.110 14 NAVIGATION 2 1 0. 0. 0. 0. 0 9 9 1 0 0
6.130 14 FBW_STATUS 2 0 1 12.5 0.
6.131 14 GPS 3 36028477 481359546 899 185000 0 -3 0 92711960 31 0
6.225 14 GPS_SOL 637 637 637 7
6.225 14 ENERGY 0 12.5 0. 0. 0. 0.
6.326 14 DL_VALUE 12 1.
6.326 14 WP_MOVED 3 360461.40625 4813640. 215. 31
6.360 14 NAVIGATION 2 1 0. 0. 0. 0. 0 9 9 1 0 0
6.376 14 GPS 3 36028477 481359546 899 185000 0 2 0 92712240 31 0
6.426 14 IR_SENSORS 0 0 23 -16 264
6.427 14 ESTIMATOR 185.009705 0.02
6.526 14 DESIRED 0. 0.00024 0. 0. 0. 235. 0. 13.
6.526 14 ATTITUDE 0.0023 0. -0.000365
6.609 14 NAVIGATION 2 1 0. 0. 0. 0. 0 9 9 1 0 0
6.637 14 GPS 3 36028477 481359546 899 185000 0 -9 0 92712480 31 0
6.638 14 SVINFO 0 7 0 0 47 76 11
6.826 14 WP_MOVED 4 360312.8125 4813652. 185. 31
6.859 14 NAVIGATION 2 1 0. 0. 0. 0. 0 9 9 1 0 0
6.876 14 GPS 3 36028477 481359546 899 185000 0 13 0 92712720 31 0
6.927 14 CALIBRATION 0. 0
6.927 14 NAVIGATION 2 1 0. 0. 0. 0. 0 9 9 1 0 0
6.927 14 ESTIMATOR 184.991394 0.13
7.027 14 AIRSPEED 0. 0. 0. 0.
7.027 14 ATTITUDE 0.0023 0. -0.000365
7.109 14 NAVIGATION 2 1 0. 0. 0. 0. 0 10 10 1 0 0
7.135 14 GPS 3 36028477 481359546 899 185000 0 10 0 92712960 31 0
7.209 14 COMMANDS 0,-17,7,0
7.310 14 FBW_STATUS 2 0 1 12.5 0.
7.327 14 ENERGY 0 12.5 0. 0. 0. 0.
7.327 14 WP_MOVED 5 360452.8125 4813581. 260. 31
7.359 14 NAVIGATION 2 1 0. 0. 0. 0. 0 10 10 1 0 0
7.377 14 GPS 3 36028477 481359546 899 185000 0 24 0 92713240 31 0
7.426 14 COMMANDS 0,-17,7,0
7.427 14 ESTIMATOR 185.031769 0.24
7.526 14 STATE_FILTER_STATUS 2 3 303
7.526 14 ATTITUDE 0.0023 0. -0.000365
7.576 14 DESIRED 0. 0.00024 0. 0. 0. 235. 0. 13.
7.610 14 NAVIGATION 2 1 0. 0. 0. 0. 0 10 10 1 0 0
7.635 14 IR_SENSORS 0 0 23 -16 264
7.636 14 GPS 3 36028477 481359546 899 185000 0 34 0 92713480 31 0
7.725 14 DATALINK_REPORT 9 1 514 529 0 0
7.725 14 PPRZ_MODE 2 1 2 0 0 6
7.827 14 ALIVE 158,87,147,219,247,235,138,154,89,223,120,51,202,91,226,10
7.827 14 DL_VALUE 13 1.
7.827 14 WP_MOVED 6 360169.5 4813757.5 260. 31
7.860 14 NAVIGATION 2 1 0. 0. 0. 0. 0 10 10 1 0 0
7.875 14 GPS 3 36028477 481359546 899 185000 0 18 0 92713720 31 0
7.926 14 NAVIGATION 2 1 0. 0. 0. 0. 0 10 10 1 0 0
7.926 14 ESTIMATOR 185.113815 0.18
8.026 14 AIRSPEED 0. 0. 0. 0.
8.027 14 ATTITUDE 0.0023 0. -0.000365
8.110 14 NAVIGATION 2 1 0. 0. 0. 0. 0 11 11 1 0 0
8.146 14 FBW_STATUS 2 0 1 12.5 0.
8.147 14 GPS 3 36028477 481359546 899 185000 0 21 0 92713960 31 0
8.225 14 GPS_SOL 648 648 648 7
8.326 14 WP_MOVED 7 360284.5 4813704. 235. 31
8.359 14 NAVIGATION 2 1 0. 0. 0. 0. 0 11 11 1 0 0
8.376 14 GPS 3 36028477 481359546 899 185000 0 17 0 92714240 31 0
8.426 14 ENERGY 0 12.5 0. 0. 0. 0.
8.426 14 ESTIMATOR 185.126694 0.17
8.526 14 ATTITUDE 0.0023 0. -0.000365
8.609 14 NAVIGATION 2 1 0. 0. 0. 0. 0 11 11 1 0 0
8.639 14 DESIRED 0. 0.00024 0. 0. 0. 235. 0. 13.
8.640 14 GPS 3 36028477 481359546 899 185000 0 15 0 92714480 31 0
8.640 14 SVINFO 1 8 0 1 48 32 62
8.826 14 IR_SENSORS 0 0 23 -16 264
8.826 14 WP_MOVED 8 360269.1875 4813753. 235. 31
8.859 14 NAVIGATION 2 1 0. 0. 0. 0. 0 11 11 1 0 0
8.876 14 GPS 3 36028477 481359546 899 185000 0 16 0 92714720 31 0
8.926 14 NAVIGATION 2 1 0. 0. 0. 0. 0 11 11 1 0 0
8.927 14 ESTIMATOR 185.121277 0.16
9.012 14 WIND_INFO 14 5 0. 0. 0. 0.
9.025 14 CALIBRATION 0. 0
9.025 14 AIRSPEED 0. 0. 0. 0.
9.025 14 ATTITUDE 0.0023 0. -0.000365
9.115 14 NAVIGATION 2 1 0. 0. 0. 0. 0 12 12 1 0 0
9.126 14 GPS 3 36028477 481359546 899 185000 0 -2 0 92714960 31 0
9.126 14 SVINFO 3 10 0 3 49 11 162
9.174 14 SETTING 10 14 1.
9.175 14 DL_VALUE 10 1.
9.310 14 FBW_STATUS 2 0 1 12.5 0.
9.332 14 AUTOPILOT_VERSION 51500 v5.15_devel-179-g9a29798-dirty
9.335 14 DL_VALUE 14 1.
9.335 14 WP_MOVED 9 360459.6875 4813680. 235. 31
9.359 14 NAVIGATION 2 1 0. 0. 0. 0. 0 12 12 1 0 0
9.376 14 GPS 3 36028477 481359546 899 185000 0 4 0 92715240 31 0
9.426 14 ESTIMATOR 185.085312 0.04
9.527 14 ENERGY 0 12.5 0. 0. 0. 0.
9.528 14 ATTITUDE 0.0023 0. -0.000365
9.608 14 NAVIGATION 2 1 0. 0. 0. 0. 0 12 12 1 0 0
9.625 14 GPS 3 36028477 481359546 899 185000 0 0 0 92715480 31 0
9.676 14 DESIRED 0. 0.00024 0. 0. 0. 235. 0. 13.
9.827 14 WP_MOVED 10 360424. 4813592.5 235. 31
9.859 14 NAVIGATION 2 1 0. 0. 0. 0. 0 12 12 1 0 0
9.879 14 GPS 3 36028477 481359546 899 185000 0 9 0 92715720 31 0
9.926 14 NAVIGATION 2 1 0. 0. 0. 0. 0 12 12 1 0 0
9.926 14 ESTIMATOR 185.052612 0.09
9.971 14 BLOCK 3 14
9.971 14 NAVIGATION 3 0 0. 0. 0. 0. 0 0 0 1 0 0
10.025 14 IR_SENSORS 0 0 23 -16 264
10.025 14 AIRSPEED 0. 0. 0. 0.
10.025 14 ATTITUDE 0.0023 0. -0.000365
10.110 14 NAVIGATION 3 2 0. 0. 198.624115 0. 0 1 0 0 0 0
10.125 14 FBW_STATUS 2 0 1 12.5 0.
10.126 14 GPS 3 36028477 481359546 899 185000 0 4 0 92715960 31 0
10.225 14 GPS_SOL 659 659 659 7
10.326 14 WP_MOVED 11 360234.40625 4813661.5 235. 31
10.360 14 NAVIGATION 3 2 0. 3. 196.180374 3. 0 1 0 0 0 0
10.376 14 GPS 3 36028477 481359852 3599 184996 1272 -4 0 92716240 31 0
10.427 14 ESTIMATOR 185.047867 -0.04
10.526 14 ATTITUDE -0.028171 6.282742 0.015037
10.609 14 NAVIGATION 3 2 0. 6. 193.752274 6. 0 1 0 0 0 0
10.626 14 ENERGY 26 12.5 0.308143 3.851789 0.000116 0.001456
10.626 14 GPS 3 36028476 481360151 3597 184982 1245 -7 0 92716480 31 0
10.626 14 SVINFO 2 9 0 2 49 0 113
10.725 14 DESIRED -0.3 0.268748 5.650936 -114.5 162.300003 235. 0. 13.
10.827 14 DL_VALUE 15 80.
10.827 14 WP_MOVED 0 360326. 4813637. 260. 31
10.861 14 NAVIGATION 3 2 -0.03125 9. 191.321671 9.000054 0 1 0 0 0 0
10.876 14 GPS 3 36028471 481360449 3591 184981 1242 20 0 92716720 31 0
10.926 14 NAVIGATION 3 2 -0.03125 9. 191.321671 9.000054 0 1 0 0 0 0
10.927 14 ESTIMATOR 184.999588 0.2
11.027 14 AIRSPEED 0. 0. 0. 0.
11.027 14 ATTITUDE -0.145058 6.267768 0.075347
11.109 14 TAKEOFF 23
11.110 14 NAVIGATION 3 2 -0.15625 12. 188.850693 12.001018 1 2 1 0 0 0
11.126 14 CALIBRATION 0. 0
11.127 14 GPS 3 36028460 481360751 3578 185028 1259 28 0 92716960 31 0
11.226 14 IR_SENSORS 0 0 49 -67 252
11.309 14 FBW_STATUS 2 0 1 12.5 0.939077
11.328 14 WP_MOVED 1 360284. 4813595. 260. 31
11.359 14 NAVIGATION 3 2 -0.4375 15.5 185.904526 15.506173 1 2 1 0 0 0
11.376 14 GPS 3 36028433 481361112 3556 185190 1296 85 0 92717240 31 0
11.426 14 ESTIMATOR 185.133545 0.85
11.526 14 ATTITUDE -0.271113 6.206964 0.152905
11.611 14 NAVIGATION 3 2 -0.78125 19. 182.939453 19.016054 1 2 1 0 0 0
11.626 14 GPS 3 36028395 481361430 3530 185457 1335 119 0 92717480 31 0
11.725 14 ENERGY 81 12.5 1.38167 17.270874 0.001612 0.020152
11.776 14 DESIRED -0.554765 0.29775 5.612377 -114.5 162.300003 235. 0. 13.
11.826 14 WP_MOVED 2 360333.5 4813695. 235. 31
11.860 14 NAVIGATION 3 2 -1.375 22. 180.225845 22.042927 1 2 1 0 0 0
11.875 14 GPS 3 36028337 481361756 3499 185867 1379 193 0 92717720 31 0
11.876 14 SVINFO 0 7 0 0 48 69 14
11.927 14 NAVIGATION 3 2 -1.375 22. 180.225845 22.042927 1 2 1 0 0 0
11.927 14 ESTIMATOR 185.722137 1.93
12.026 14 AIRSPEED 0. 0. 0. 0.
12.027 14 ATTITUDE -0.407809 6.107806 0.246279
12.110 14 NAVIGATION 3 2 -2.1875 25.5 176.998123 25.593655 2 3 2 0 0 0
12.126 14 FBW_STATUS 2 0 1 12.5 1.627817
12.126 14 GPS 3 36028256 481362088 3462 186432 1422 247 0 92717960 31 0
12.209 14 COMMANDS 8524,-210,421,0
12.226 14 GPS_SOL 668 668 668 7
12.327 14 DL_VALUE 16 80.
12.327 14 WP_MOVED 3 360461.40625 4813640. 215. 31
12.360 14 NAVIGATION 3 2 -3.46875 29. 173.484375 29.206715 2 3 2 0 0 0
12.376 14 GPS 3 36028129 481362475 3414 187286 1456 304 0 92718240 31 0
12.426 14 COMMANDS 8524,637,131,0
12.426 14 IR_SENSORS 0 0 90 -130 217
12.426 14 ESTIMATOR 186.984711 3.04
12.527 14 STATE_FILTER_STATUS 2 3 438
12.527 14 ATTITUDE -0.478948 5.959626 0.315388
12.610 14 NAVIGATION 3 2 -4.84375 32.5 169.919205 32.858971 2 3 2 0 0 0
12.626 14 GPS 3 36027991 481362800 3370 188168 1471 369 0 92718480 31 0
12.726 14 PPRZ_MODE 2 1 3 0 0 6
12.827 14 DATALINK_REPORT 3 4 635 520 0 0
12.827 14 ALIVE 158,87,147,219,247,235,138,154,89,223,120,51,202,91,226,10
12.827 14 ENERGY 88 12.5 1.627817 20.347708 0.00456 0.056995
12.827 14 DESIRED -0.316716 0.308764 5.581712 -114.5 162.300003 235. 0. 13.
12.828 14 WP_MOVED 4 360312.8125 4813652. 185. 31
12.860 14 NAVIGATION 3 2 -6.46875 35.5 166.580292 36.084549 2 3 2 0 0 0
12.876 14 GPS 3 36027829 481363115 3327 189168 1477 402 0 92718720 31 0
12.927 14 NAVIGATION 3 2 -6.46875 35.5 166.580292 36.084549 2 3 2 0 0 0
12.927 14 ESTIMATOR 188.876678 4.02
13.026 14 AIRSPEED 0. 0. 0. 0.
13.027 14 ATTITUDE -0.407997 5.807083 0.3397
13.110 14 NAVIGATION 3 2 -8.3125 38.5 163.101883 39.38715 3 4 3 0 0 0
13.127 14 GPS 3 36027645 481363418 3288 190268 1475 456 0 92718960 31 0
13.226 14 CALIBRATION 0. 0
13.310 14 FBW_STATUS 2 0 1 12.5 1.627817
13.326 14 WP_MOVED 5 360452.8125 4813581. 260. 31
13.360 14 NAVIGATION 3 2 -10.625 42. 158.940567 43.323097 3 4 3 0 0 0
13.376 14 GPS 3 36027411 481363756 3249 191645 1468 485 0 92719240 31 0
13.425 14 ESTIMATOR 191.255569 4.85
13.527 14 ATTITUDE -0.284554 5.67213 0.330558
13.610 14 NAVIGATION 3 2 -12.78125 45. 155.261063 46.779915 3 4 3 0 0 0
13.626 14 IR_SENSORS 0 0 103 -77 234
13.627 14 GPS 3 36027197 481364033 3223 192879 1458 497 0 92719480 31 0
13.826 14 DL_VALUE 17 0.
13.826 14 WP_MOVED 6 360169.5 4813757.5 260. 31
13.860 14 NAVIGATION 3 2 -15. 47.5 151.918701 49.812145 3 4 3 0 0 0
13.876 14 DESIRED -0.010033 0.2818 5.569061 -114.5 162.300003 235. 0. 13.
13.876 14 GPS 3 36026974 481364301 3202 194137 1449 519 0 92719720 31 0
13.876 14 SVINFO 1 8 0 1 49 23 65
13.926 14 ENERGY 88 12.5 1.627817 20.347708 0.007544 0.094299
13.926 14 NAVIGATION 3 2 -15. 47.5 151.918701 49.812145 3 4 3 0 0 0
13.926 14 ESTIMATOR 193.898544 5.19
14.026 14 AIRSPEED 0. 0. 0. 0.
14.027 14 ATTITUDE -0.158483 5.589342 0.314604
14.110 14 NAVIGATION 3 2 -17.3125 50. 148.514984 52.912407 4 5 4 0 0 0
14.126 14 FBW_STATUS 2 0 1 12.5 1.627817
14.126 14 GPS 3 36026746 481364560 3187 195400 1439 529 0 92719960 31 0
14.225 14 NAVIGATION_REF 360284 4813595 31 185.
14.226 14 GPS_SOL 676 676 676 7
14.326 14 WP_MOVED 7 360284.5 4813704. 235. 31
14.360 14 NAVIGATION 3 2 -20. 53. 144.487854 56.648037 4 5 4 0 0 0
14.376 14 GPS 3 36026476 481364857 3175 196861 1430 499 0 92720240 31 0
14.427 14 ESTIMATOR 196.645416 4.99
14.526 14 ATTITUDE -0.038857 5.542534 0.300257
14.609 14 NAVIGATION 3 2 -22.3125 55.5 141.08429 59.817204 4 5 4 0 0 0
14.626 14 GPS 3 36026243 481365107 3170 198092 1425 490 0 92720480 31 0
14.826 14 IR_SENSORS 0 0 97 -12 247
14.827 14 WP_MOVED 8 360269.1875 4813753. 235. 31
14.860 14 NAVIGATION 3 2 -24.625 58. 137.680817 63.011036 4 5 4 0 0 0
14.876 14 GPS 3 36026011 481365357 3170 199296 1421 468 0 92720720 31 0
14.927 14 DESIRED 0.042942 0.264129 5.571939 -114.5 162.300003 235. 0. 13.
14.927 14 NAVIGATION 3 2 -24.625 58. 137.680817 63.011036 4 5 4 0 0 0
14.928 14 ESTIMATOR 199.201614 4.68
15.027 14 ENERGY 88 12.5 1.627817 20.347708 0.010528 0.131603
15.027 14 AIRSPEED 0. 0. 0. 0.
15.027 14 ATTITUDE 0.034499 5.532867 0.283429
15.110 14 NAVIGATION 3 2 -26.9375 60.5 134.277435 66.225967 5 6 5 0 0 0
15.126 14 GPS 3 36025779 481365607 3172 200472 1419 456 0 92720960 31 0
15.310 14 FBW_STATUS 2 0 1 12.5 1.627817
15.327 14 CALIBRATION 0. 0
15.327 14 DL_VALUE 18 1.
15.327 14 WP_MOVED 9 360459.6875 4813680. 235. 31
15.359 14 NAVIGATION 3 2 -29.625 63.5 130.250549 70.07061 5 6 5 0 0 0
15.376 14 GPS 3 36025511 481365901 3177 201809 1420 479 0 92721240 31 0
15.376 14 SVINFO 0 7 0 0 49 64 16
15.426 14 ESTIMATOR 201.607132 4.79
15.527 14 ATTITUDE 0.050784 5.545076 0.270183
15.610 14 NAVIGATION 3 2 -31.90625 66. 126.867722 73.307632 5 6 5 0 0 0
15.626 14 GPS 3 36025284 481366155 3181 202930 1422 468 0 92721480 31 0
15.826 14 WP_MOVED 10 360424. 4813592.5 235. 31
15.860 14 NAVIGATION 3 2 -34.1875 68.5 123.48497 76.557396 5 6 5 0 0 0
15.876 14 GPS 3 36025058 481366412 3186 204033 1424 459 0 92721720 31 0
15.926 14 NAVIGATION 3 2 -34.1875 68.5 123.48497 76.557396 5 6 5 0 0 0
15.926 14 ESTIMATOR 204.013504 4.59
15.977 14 DESIRED 0.013212 0.265835 5.575097 -114.5 162.300003 235. 0. 13.
16.026 14 IR_SENSORS 0 0 91 -7 249
16.026 14 AIRSPEED 0. 0. 0. 0.
16.027 14 ATTITUDE 0.034727 5.561198 0.263116
16.110 14 NAVIGATION 3 2 -36.4375 71. 120.12262 79.804085 6 7 6 0 0 0
16.126 14 FBW_STATUS 2 0 1 12.5 1.627817
16.127 14 ENERGY 88 12.5 1.627817 20.347708 0.013513 0.168907
16.127 14 GPS 3 36024833 481366671 3190 205122 1427 464 0 92721960 31 0
16.226 14 GPS_SOL 683 683 683 7
16.326 14 WP_MOVED 11 360234.40625 4813661.5 235. 31
16.360 14 NAVIGATION 3 2 -39.03125 74.5 115.77726 84.105225 6 7 6 0 0 0
16.376 14 GPS 3 36024572 481366974 3193 206383 1431 468 0 92722240 31 0
16.427 14 ESTIMATOR 206.329437 4.68
16.526 14 ATTITUDE 0.014676 5.573337 0.259568
16.610 14 NAVIGATION 3 2 -41.28125 77. 112.414749 87.367851 6 7 6 0 0 0
16.626 14 GPS 3 36024348 481367236 3195 207460 1434 464 0 92722480 31 0
16.826 14 DL_VALUE 19 1.
16.826 14 WP_MOVED 0 360326. 4813637. 260. 31
16.859 14 NAVIGATION 3 2 -43.5 79.5 109.072632 90.622849 6 7 6 0 0 0
16.876 14 GPS 3 36024125 481367499 3196 208537 1437 469 0 92722720 31 0
16.926 14 NAVIGATION 3 2 -43.5 79.5 109.072632 90.622849 6 7 6 0 0 0
16.926 14 ESTIMATOR 208.620392 4.69
17.027 14 DESIRED -0.004572 0.261939 5.57436 -114.5 162.300003 235. 0. 13.
17.027 14 AIRSPEED 0. 0. 0. 0.
17.027 14 ATTITUDE -0.001337 5.578332 0.256012
17.110 14 NAVIGATION 3 2 -45.75 82.5 105.330925 94.336166 7 8 7 0 0 0
17.126 14 GPS 3 36023901 481367763 3196 209614 1440 479 0 92722960 31 0
17.211 14 COMMANDS 8524,-25,76,0
17.225 14 IR_SENSORS 0 0 89 -17 249
17.226 14 ENERGY 88 12.5 1.627817 20.347708 0.016497 0.206212
17.310 14 FBW_STATUS 2 0 1 12.5 1.627817
17.327 14 WP_MOVED 1 360284. 4813595. 260. 31
17.359 14 NAVIGATION 4 0 -48.34375 85. 0. 97.786087 7 0 0 0 0 0
17.375 14 GPS 3 36023639 481368070 3196 210875 1442 467 0 92723240 31 0
17.427 14 COMMANDS 8524,-10,76,0
17.427 14 CALIBRATION 0. 0
17.427 14 ESTIMATOR 210.926514 4.67
17.526 14 STATE_FILTER_STATUS 2 3 357
17.526 14 ATTITUDE -0.009332 5.578501 0.259568
17.610 14 NAVIGATION 4 2 -50.59375 87.5 0. 101.07412 7 0 0 0 0 0
17.626 14 GPS 3 36023415 481368334 3195 211960 1443 455 0 92723480 31 0
17.726 14 PPRZ_MODE 2 3 2 2 0 6
17.826 14 ALIVE 158,87,147,219,247,235,138,154,89,223,120,51,202,91,226,10
17.826 14 WP_MOVED 2 360333.5 4813695. 235. 31
17.859 14 NAVIGATION 4 2 -52.84375 90.5 0. 104.798431 7 0 0 0 0 0
17.876 14 GPS 3 36023190 481368598 3195 213049 1444 456 0 92723720 31 0
17.927 14 DATALINK_REPORT 8 4 755 528 0 0
17.927 14 NAVIGATION 4 2 -52.84375 90.5 0. 104.798431 7 0 0 0 0 0
17.928 14 ESTIMATOR 213.158966 4.56
18.026 14 AIRSPEED 0. 0. 0. 0.
18.026 14 ATTITUDE 0.082909 5.578071 0.263116
18.076 14 DESIRED 1.080046 0.309473 5.572036 -114.5 162.300003 235. 0.655231 13.
18.110 14 NAVIGATION 4 2 -55.0625 93. 0. 108.078117 8 1 1 0 0 0
18.126 14 FBW_STATUS 2 0 1 12.5 1.627817
18.126 14 GPS 3 36022967 481368864 3200 214144 1445 455 0 92723960 31 0
18.175 14 CIRCLE 49.5 100.099998 80.
18.225 14 GPS_SOL 689 689 689 7
18.326 14 DL_VALUE 20 0.
18.326 14 ENERGY 88 12.5 1.627817 20.347708 0.019481 0.243516
18.326 14 WP_MOVED 3 360461.40625 4813640. 215. 31
18.359 14 NAVIGATION 4 2 -57.625 96.5 0. 112.396133 8 1 1 0 0 0
18.376 14 GPS 3 36022714 481369180 3213 215435 1445 451 0 92724240 31 0
18.427 14 IR_SENSORS 0 0 93 31 247
18.427 14 ESTIMATOR 215.406433 4.51
18.526 14 ATTITUDE 0.208142 5.60896 0.277726
18.609 14 NAVIGATION 4 2 -59.71875 99. 0. 115.617165 8 1 1 0 0 0
18.626 14 GPS 3 36022506 481369457 3230 216553 1442 468 0 92724480 31 0
18.826 14 WP_MOVED 4 360312.8125 4813652. 185. 31
18.860 14 NAVIGATION 4 2 -61.625 102. 0. 119.170639 8 1 1 0 0 0
18.876 14 GPS 3 36022311 481369740 3254 217681 1435 490 0 92724720 31 0
18.927 14 NAVIGATION 4 2 -61.625 102. 0. 119.170639 8 1 1 0 0 0
18.927 14 ESTIMATOR 217.70163 4.9
19.014 14 WIND_INFO 14 5 -3.4 5.1 0. 8.5
19.026 14 AIRSPEED 8.5 0. 0. 0.
19.026 14 ATTITUDE 0.348883 5.679377 0.303341
19.110 14 NAVIGATION 4 2 -63.4375 104.5 0. 122.247971 9 2 2 0 0 0
19.126 14 DESIRED 1.07684 0.231154 5.572036 -114.5 162.300003 235. 0.483148 13.
19.127 14 GPS 3 36022132 481370030 3283 218804 1418 487 0 92724960 31 0
19.226 14 CIRCLE 49.5 100.099998 80.
19.310 14 FBW_STATUS 2 0 1 12.5 1.053361
19.327 14 WP_MOVED 5 360452.8125 4813581. 260. 31
19.360 14 NAVIGATION 4 2 -65.21875 108. 0. 126.16452 9 2 2 0 0 0
19.377 14 GPS 3 36021951 481370375 3326 220082 1389 464 0 92725240 31 0
19.426 14 ENERGY 60 12.5 1.013073 12.663415 0.021962 0.274525
19.426 14 ESTIMATOR 220.104691 4.64
19.527 14 CALIBRATION 78.845032 2
19.527 14 ATTITUDE 0.476162 5.892451 0.314976
19.610 14 NAVIGATION 4 2 -66.5 111.5 0. 129.824875 9 2 2 0 0 0
19.627 14 IR_SENSORS 0 0 96 108 226
19.627 14 GPS 3 36021824 481370675 3371 221116 1357 438 0 92725480 31 0
19.826 14 DL_VALUE 21 0.
19.827 14 WP_MOVED 6 360169.5 4813757.5 260. 31
19.860 14 NAVIGATION 4 2 -67.46875 114.5 0. 132.899521 9 2 2 0 0 0
19.876 14 GPS 3 36021730 481370977 3425 222064 1318 401 0 92725720 31 0
19.925 14 NAVIGATION 4 2 -67.46875 114.5 0. 132.899521 9 2 2 0 0 0
19.926 14 ESTIMATOR 222.255264 4.01
20.026 14 AIRSPEED 8.5 0. 0. 0.
20.027 14 ATTITUDE 0.611381 6.209868 0.311463
20.111 14 NAVIGATION 4 2 -68.03125 117. 0. 135.341232 10 3 3 0 0 0
20.127 14 FBW_STATUS 2 0 1 12.5 0.514258
20.127 14 GPS 3 36021671 481371278 3489 222895 1275 358 0 92725960 31 0
20.175 14 DESIRED 0.983731 0.134856 5.572036 -114.5 162.300003 235. 0.355064 13.
20.225 14 GPS_SOL 693 693 693 7
20.277 14 CIRCLE 49.5 100.099998 80.
20.326 14 WP_MOVED 7 360284.5 4813704. 235. 31
20.359 14 NAVIGATION 4 2 -68.21875 120.5 0. 138.470383 10 3 3 0 0 0
20.376 14 GPS 3 36021652 481371621 3574 223691 1223 295 0 92726240 31 0
20.427 14 AUTOPILOT_VERSION 51500 v5.15_devel-179-g9a29798-dirty
20.427 14 ESTIMATOR 223.964783 2.95
20.525 14 ENERGY 24 12.5 0.317414 3.967671 0.023094 0.288678
20.526 14 ATTITUDE 0.622673 0.381927 0.265937
20.610 14 NAVIGATION 4 2 -68. 123.5 0. 140.983154 10 3 3 0 0 0
20.626 14 GPS 3 36021677 481371904 51 224216 1183 238 0 92726480 31 0
20.827 14 IR_SENSORS 0 0 72 136 219
20.827 14 WP_MOVED 8 360269.1875 4813753. 235. 31
20.860 14 NAVIGATION 4 2 -67.34375 126. 0. 142.867706 10 3 3 0 0 0
20.876 14 GPS 3 36021739 481372172 130 224597 1148 168 0 92726720 31 0
20.926 14 NAVIGATION 4 2 -67.34375 126. 0. 142.867706 10 3 3 0 0 0
20.927 14 ESTIMATOR 225.024445 1.68
21.026 14 AIRSPEED 8.5 0. 0. 0.
21.027 14 ATTITUDE 0.614487 0.777071 0.202944
21.109 14 NAVIGATION 4 2 -66.375 128.5 0. 144.630188 11 4 4 0 0 0
21.126 14 GPS 3 36021836 481372423 211 224839 1121 89 0 92726960 31 0
21.225 14 DESIRED 0.72399 0.078366 5.572036 -114.5 162.300003 235. 0.291335 13.
21.310 14 FBW_STATUS 2 0 1 12.5 0.221658
21.326 14 DL_VALUE 22 0.
21.327 14 CIRCLE 49.5 100.099998 80.
21.327 14 WP_MOVED 9 360459.6875 4813680. 235. 31
21.359 14 NAVIGATION 4 2 -64.84375 131.5 0. 146.618423 11 4 4 0 0 0
21.376 14 GPS 3 36021992 481372691 308 224961 1104 31 0 92727240 31 0
21.427 14 ESTIMATOR 225.369919 0.31
21.525 14 ATTITUDE 0.610474 1.120151 0.150313
21.610 14 NAVIGATION 4 2 -63.15625 133.5 0. 147.685349 11 4 4 0 0 0
21.626 14 CALIBRATION 149.459167 0
21.627 14 ENERGY 19 12.5 0.228522 2.85652 0.023535 0.294182
21.627 14 GPS 3 36022159 481372896 391 224950 1104 2 0 92727480 31 0
21.826 14 WP_MOVED 10 360424. 4813592.5 235. 31
21.860 14 NAVIGATION 4 2 -61.1875 135.5 0. 148.674683 11 4 4 0 0 0
21.876 14 GPS 3 36022356 481373076 475 224855 1112 -11 0 92727720 31 0
21.927 14 NAVIGATION 4 2 -61.1875 135.5 0. 148.674683 11 4 4 0 0 0
21.927 14 ESTIMATOR 225.203934 -0.11
22.026 14 IR_SENSORS 0 0 43 135 225
22.026 14 AIRSPEED 8.5 0. 0. 0.
22.026 14 ATTITUDE 0.603251 1.365864 0.101568
22.110 14 NAVIGATION 4 2 -58.9375 136.5 0. 148.680466 12 5 5 0 0 0
22.126 14 FBW_STATUS 2 0 1 12.5 0.248104
22.126 14 GPS 3 36022579 481373229 557 224696 1126 -35 0 92727960 31 0
22.210 14 COMMANDS 1999,-3333,-182,0
22.226 14 GPS_SOL 697 697 697 7
22.276 14 DESIRED 0.136519 0.073481 5.572036 -114.5 162.300003 235. 0.298411 13.
22.327 14 WP_MOVED 11 360234.40625 4813661.5 235. 31
22.360 14 NAVIGATION 4 2 -56.0625 138.5 0. 149.416382 12 5 5 0 0 0
22.376 14 CIRCLE 49.5 100.099998 80.
22.376 14 GPS 3 36022868 481373369 653 224466 1149 -62 0 92728240 31 0
22.427 14 COMMANDS 2214,-4833,26,0
22.427 14 ESTIMATOR 224.837128 -0.62
22.526 14 STATE_FILTER_STATUS 2 3 386
22.527 14 ATTITUDE 0.502674 1.593131 0.062856
22.610 14 NAVIGATION 4 2 -53.375 139. 0. 148.895569 12 5 5 0 0 0
22.627 14 GPS 3 36023134 481373458 714 224262 1168 -60 0 92728480 31 0
22.726 14 PPRZ_MODE 2 3 2 2 0 6
22.726 14 ENERGY 26 12.5 0.339092 4.238653 0.024018 0.300221
22.826 14 ALIVE 158,87,147,219,247,235,138,154,89,223,120,51,202,91,226,10
22.826 14 DL_VALUE 23 1.
22.826 14 WP_MOVED 0 360326. 4813637. 260. 31
22.861 14 NAVIGATION 4 2 -50.625 140. 0. 148.872055 12 5 5 0 0 0
22.876 14 GPS 3 36023413 481373522 770 224074 1190 -54 0 92728720 31 0
22.926 14 NAVIGATION 4 2 -50.625 140. 0. 148.872055 12 5 5 0 0 0
22.927 14 ESTIMATOR 224.334198 -0.54
23.027 14 DATALINK_REPORT 4 5 877 535 0 0
23.027 14 AIRSPEED 8.5 0. 0. 0.
23.027 14 ATTITUDE 0.367757 1.731688 0.03954
23.110 14 NAVIGATION 4 2 -47.75 140. 0. 147.919113 13 6 6 0 0 0
23.126 14 GPS 3 36023700 481373564 817 223917 1211 -45 0 92728960 31 0
23.226 14 NAVIGATION_REF 360284 4813595 31 185.
23.226 14 IR_SENSORS 0 0 32 67 255
23.310 14 FBW_STATUS 2 0 1 12.5 0.425493
23.327 14 DESIRED -0.608588 0.071996 5.572036 -114.5 162.300003 235. 0.326199 13.
23.327 14 WP_MOVED 1 360284. 4813595. 260. 31
23.359 14 NAVIGATION 4 2 -44.3125 140.5 0. 147.32225 13 6 6 0 0 0
23.377 14 GPS 3 36024045 481373588 865 223783 1236 -25 0 92729240 31 0
23.425 14 CIRCLE 49.5 100.099998 80.
23.426 14 ESTIMATOR 223.954788 -0.25
23.527 14 ATTITUDE 0.246081 1.840598 0.031858
23.609 14 NAVIGATION 4 2 -41.3125 140.5 0. 146.447845 13 6 6 0 0 0
23.626 14 GPS 3 36024345 481373592 892 223714 1251 -20 0 92729480 31 0
23.725 14 CALIBRATION 69.144081 2
23.827 14 ENERGY 34 12.5 0.474817 5.935217 0.024782 0.309773
23.827 14 WP_MOVED 2 360333.5 4813695. 235. 31
23.860 14 NAVIGATION 4 2 -38.28125 140. 0. 145.13942 13 6 6 0 0 0
23.877 14 GPS 3 36024649 481373584 914 223688 1265 1 0 92729720 31 0
23.878 14 SVINFO 6 13 0 6 48 61 321
23.925 14 NAVIGATION 4 2 -38.28125 140. 0. 145.13942 13 6 6 0 0 0
23.926 14 ESTIMATOR 223.7686 0.01
24.027 14 AIRSPEED 8.5 0. 0. 0.
24.027 14 ATTITUDE 0.116014 1.897109 0.037556
24.110 14 NAVIGATION 4 2 -35.21875 140. 0. 144.361908 14 7 7 0 0 0
24.126 14 FBW_STATUS 2 0 1 12.5 0.489255
24.127 14 GPS 3 36024954 481373568 930 223702 1275 14 0 92729960 31 0
24.226 14 GPS_SOL 699 699 699 7
24.326 14 DL_VALUE 24 1.
24.326 14 WP_MOVED 3 360461.40625 4813640. 215. 31
24.359 14 NAVIGATION 4 2 -31.625 140. 0. 143.527496 14 7 7 0 0 0
24.376 14 DESIRED -0.942263 0.054304 5.572036 -114.5 162.300003 235. 0.336545 13.
24.376 14 GPS 3 36025313 481373542 941 223763 1283 16 0 92730240 31 0
24.426 14 IR_SENSORS 0 0 34 -11 263
24.426 14 ESTIMATOR 223.78183 0.16
24.476 14 CIRCLE 49.5 100.099998 80.
24.526 14 ATTITUDE -0.001717 1.927157 0.045036
24.610 14 NAVIGATION 4 2 -28.5625 139.5 0. 142.394058 14 7 7 0 0 0
24.626 14 GPS 3 36025620 481373519 942 223847 1286 16 0 92730480 31 0
24.826 14 WP_MOVED 4 360312.8125 4813652. 185. 31
24.860 14 NAVIGATION 4 2 -25.46875 139.5 0. 141.805878 14 7 7 0 0 0
24.876 14 GPS 3 36025929 481373499 938 223952 1287 41 0 92730720 31 0
24.925 14 ENERGY 34 12.5 0.480332 6.004144 0.025677 0.320966
24.926 14 NAVIGATION 4 2 -25.46875 139.5 0. 141.805878 14 7 7 0 0 0
24.926 14 ESTIMATOR 223.889801 0.41
25.025 14 AIRSPEED 8.5 0. 0. 0.
25.026 14 ATTITUDE -0.132327 1.922786 0.055173
25.110 14 NAVIGATION 4 2 -22.375 139. 0. 140.789352 15 8 8 0 0 0
25.127 14 GPS 3 36026237 481373484 927 224071 1286 57 0 92730960 31 0
25.310 14 FBW_STATUS 2 0 1 12.5 0.460477
25.327 14 WP_MOVED 5 360452.8125 4813581. 260. 31
25.359 14 NAVIGATION 4 2 -22.375 139. 0. 140.789352 15 8 8 0 0 0
25.375 14 GPS 3 36026596 481373478 905 224217 1282 54 0 92731240 31 0
25.376 14 SVINFO 5 12 1 5 48 88 271
25.426 14 DESIRED -0.969013 0.06894 5.572036 -114.5 162.300003 235. 0.329625 13.
25.427 14 ESTIMATOR 224.170944 0.54
25.526 14 CIRCLE 49.5 100.099998 80.
25.526 14 ATTITUDE -0.254111 1.882223 0.063579
25.609 14 NAVIGATION 4 2 -18.78125 139. 0. 140.263092 15 8 8 0 0 0
25.626 14 IR_SENSORS 0 0 38 -89 247
25.627 14 GPS 3 36026903 481373488 882 224341 1278 56 0 92731480 31 0
25.826 14 CALIBRATION 64.458633 2
25.827 14 DL_VALUE 25 0.
25.827 14 WP_MOVED 6 360169.5 4813757.5 260. 31
25.860 14 NAVIGATION 4 2 -15.71875 139.5 0. 140.382797 15 8 8 0 0 0
25.875 14 GPS 3 36027207 481373514 850 224456 1274 40 0 92731720 31 0
25.927 14 NAVIGATION 4 2 -12.65625 139.5 0. 140.382797 15 8 8 0 0 0
25.927 14 ESTIMATOR 224.455215 0.4
26.026 14 ENERGY 31 12.5 0.419088 5.238594 0.026508 0.331355
26.026 14 AIRSPEED 8.5 0. 0. 0.
26.026 14 ATTITUDE -0.385511 1.814427 0.075829
26.110 14 NAVIGATION 4 2 -12.65625 139.5 0. 140.072937 16 9 9 0 0 0
26.127 14 FBW_STATUS 2 0 1 12.5 0.418396
26.127 14 GPS 3 36027508 481373561 811 224559 1268 44 0 92731960 31 0
26.225 14 GPS_SOL 699 699 699 7
26.327 14 WP_MOVED 7 360284.5 4813704. 235. 31
26.359 14 NAVIGATION 4 2 -9.65625 140. 0. 140.332611 16 9 9 0 0 0
26.376 14 GPS 3 36027852 481373646 752 224653 1262 30 0 92732240 31 0
26.426 14 ESTIMATOR 224.662796 0.3
26.476 14 DESIRED -0.879937 0.080137 5.572036 -114.5 162.300003 235. 0.313314 13.
26.526 14 ATTITUDE -0.506226 1.690701 0.091001
26.576 14 CIRCLE 49.5 100.099998 80.
26.609 14 NAVIGATION 4 2 -6.21875 141. 0. 141.13707 16 9 9 0 0 0
26.626 14 GPS 3 36028136 481373749 700 224705 1259 21 0 92732480 31 0
26.826 14 IR_SENSORS 0 0 40 -159 210
26.826 14 WP_MOVED 8 360269.1875 4813753. 235. 31
26.860 14 NAVIGATION 4 2 -3.375 142. 0. 142.0401 16 9 9 0 0 0
26.876 14 GPS 3 36028406 481373883 635 224726 1256 0 0 92732720 31 0
26.926 14 NAVIGATION 4 2 -0.65625 143.5 0. 142.0401 16 9 9 0 0 0
26.926 14 ESTIMATOR 224.767517 0.
27.026 14 AIRSPEED 8.5 0. 0. 0.
27.027 14 ATTITUDE -0.604203 1.537527 0.103618
27.109 14 NAVIGATION 4 2 -0.65625 143.5 0. 143.501495 17 10 10 0 0 0
27.127 14 ENERGY 29 12.5 0.384321 4.804018 0.027228 0.340344
27.127 14 GPS 3 36028657 481374050 563 224714 1256 -25 0 92732960 31 0
27.209 14 COMMANDS 2803,-157,-168,0
27.310 14 FBW_STATUS 2 0 1 12.5 0.392314
27.326 14 DL_VALUE 26 0.
27.327 14 WP_MOVED 9 360459.6875 4813680. 235. 31
27.359 14 NAVIGATION 4 2 1.8125 145. 0. 145.011322 17 10 10 0 0 0
27.376 14 GPS 3 36028921 481374284 472 224672 1260 -10 0 92733240 31 0
27.427 14 COMMANDS 2854,1075,-163,0
27.427 14 ESTIMATOR 224.68631 -0.1
27.526 14 STATE_FILTER_STATUS 2 3 409
27.526 14 DESIRED -0.460854 0.085316 5.572036 -114.5 162.300003 235. 0.307387 13.
27.526 14 ATTITUDE -0.604203 1.3039 0.098956
27.610 14 NAVIGATION 4 2 4.4375 147. 0. 147.066956 17 10 10 0 0 0
27.625 14 CIRCLE 49.5 100.099998 80.
27.626 14 GPS 3 36029118 481374515 405 224623 1264 -12 0 92733480 31 0
27.726 14 PPRZ_MODE 2 3 2 2 0 6
27.826 14 ALIVE 158,87,147,219,247,235,138,154,89,223,120,51,202,91,226,10
27.827 14 WP_MOVED 10 360424. 4813592.5 235. 31
27.859 14 NAVIGATION 4 2 6.4375 150. 0. 150.138077 17 10 10 0 0 0
27.876 14 GPS 3 36029285 481374770 333 224570 1270 -29 0 92733720 31 0
27.926 14 CALIBRATION 38.142002 2
27.927 14 NAVIGATION 4 2 8.09375 152.5 0. 150.138077 17 10 10 0 0 0
27.927 14 ESTIMATOR 224.608246 -0.29
28.026 14 IR_SENSORS 0 0 38 -147 219
28.027 14 AIRSPEED 8.5 0. 0. 0.
28.027 14 ATTITUDE -0.528325 1.082317 0.084539
28.108 14 NAVIGATION 4 2 8.09375 152.5 0. 152.71463 18 11 11 0 0 0
28.126 14 DATALINK_REPORT 10 5 1001 535 0 0
28.127 14 FBW_STATUS 2 0 1 12.5 0.438017
28.127 14 GPS 3 36029423 481375043 267 224529 1277 -34 0 92733960 31 0
28.226 14 GPS_SOL 699 699 699 7
28.226 14 ENERGY 32 12.5 0.447638 5.595474 0.027982 0.349777
28.327 14 WP_MOVED 11 360234.40625 4813661.5 235. 31
28.359 14 NAVIGATION 4 2 9.5 155. 0. 155.290863 18 11 11 0 0 0
28.375 14 GPS 3 36029550 481375380 197 224514 1284 -17 0 92734240 31 0
28.427 14 ESTIMATOR 224.465714 -0.17
28.526 14 ATTITUDE -0.40929 0.836385 0.068898
28.576 14 DESIRED 0.562624 0.069461 5.572036 -114.5 162.300003 235. 0.31398 13.
28.609 14 NAVIGATION 4 2 10.78125 158.5 0. 158.866241 18 11 11 0 0 0
28.626 14 GPS 3 36029632 481375678 154 224533 1288 -2 0 92734480 31 0
28.627 14 SVINFO 4 11 1 4 48 81 223
28.689 14 CIRCLE 49.5 100.099998 80.
28.825 14 DL_VALUE 27 0.
28.826 14 WP_MOVED 0 360326. 4813637. 260. 31
28.860 14 NAVIGATION 4 2 11.5625 161.5 0. 161.913376 18 11 11 0 0 0
28.876 14 GPS 3 36029694 481375982 114 224582 1292 23 0 92734720 31 0
28.925 14 NAVIGATION 4 2 12.21875 164. 0. 161.913376 18 11 11 0 0 0
28.926 14 ESTIMATOR 224.481262 0.23
29.016 14 WIND_INFO 14 5 -2. -2.8 0. 15.4
29.026 14 AIRSPEED 15.4 0. 0. 0.
29.027 14 ATTITUDE -0.278147 0.667228 0.056888
29.110 14 NAVIGATION 4 2 12.21875 164. 0. 164.454544 19 12 12 0 0 0
29.126 14 GPS 3 36029737 481376289 81 224658 1293 30 0 92734960 31 0
29.127 14 SVINFO 6 13 1 6 47 52 324
29.225 14 IR_SENSORS 0 0 36 -75 252
29.310 14 FBW_STATUS 2 0 1 12.5 0.480332
29.327 14 ENERGY 34 12.5 0.480332 6.004144 0.028851 0.360641
29.327 14 WP_MOVED 1 360284. 4813595. 260. 31
29.360 14 NAVIGATION 4 2 12.625 167.5 0. 167.975113 19 12 12 0 0 0
29.376 14 GPS 3 36029771 481376650 49 224775 1293 52 0 92735240 31 0
29.426 14 ESTIMATOR 224.677948 0.52
29.525 14 ATTITUDE -0.155425 0.196303 0.051906
29.610 14 NAVIGATION 4 2 12.96875 171. 0. 171.491074 19 12 12 0 0 0
29.626 14 DESIRED 1.0085 0.037652 5.572036 -114.5 162.300003 235. 0.309662 13.
29.627 14 GPS 3 36029789 481376959 32 224891 1290 48 0 92735480 31 0
29.726 14 CIRCLE 49.5 100.099998 80.
29.826 14 WP_MOVED 2 360333.5 4813695. 235. 31
29.860 14 NAVIGATION 4 2 13.125 174. 0. 174.494308 19 12 12 0 0 0
29.876 14 GPS 3 36029800 481377267 20 225016 1285 42 0 92735720 31 0
29.927 14 NAVIGATION 4 2 13.25 177.5 0. 174.494308 19 12 12 0 0 0
29.927 14 ESTIMATOR 224.966431 0.42
30.026 14 CALIBRATION 16.501169 2
30.027 14 AIRSPEED 15.4 0. 0. 0.
30.027 14 ATTITUDE -0.02473 0.156478 0.049283
30.110 14 NAVIGATION 4 2 13.25 177.5 0. 177.993851 20 13 13 0 0 0
30.126 14 FBW_STATUS 2 0 1 12.5 0.432441
30.127 14 GPS 3 36029808 481377574 15 225141 1279 41 0 92735960 31 0
30.225 14 GPS_SOL 697 697 697 7
30.326 14 DL_VALUE 28 0.
30.327 14 WP_MOVED 3 360461.40625 4813640. 215. 31
30.359 14 NAVIGATION 4 2 13.34375 180. 0. 180.493912 20 13 13 0 0 0
30.377 14 GPS 3 36029818 481377930 16 225279 1270 45 0 92736240 31 0
30.427 14 IR_SENSORS 0 0 34 3 263
30.427 14 ENERGY 30 12.5 0.410981 5.137268 0.029664 0.370805
30.427 14 ESTIMATOR 225.214218 0.45
30.526 14 ATTITUDE 0.093241 0.151601 0.041298
30.609 14 NAVIGATION 4 2 13.40625 183.5 0. 183.989059 20 13 13 0 0 0
30.626 14 GPS 3 36029831 481378234 24 225382 1265 40 0 92736480 31 0
30.626 14 SVINFO 5 12 1 5 47 85 274
30.676 14 DESIRED 1.050984 0.028736 5.572036 -114.5 162.300003 235. 0.293573 13.
30.776 14 CIRCLE 49.5 100.099998 80.
30.826 14 WP_MOVED 4 360312.8125 4813652. 185. 31
30.859 14 NAVIGATION 4 2 13.5625 187. 0. 187.49118 20 13 13 0 0 0
30.877 14 GPS 3 36029851 481378536 38 225466 1260 45 0 92736720 31 0
30.926 14 NAVIGATION 4 2 13.78125 190. 0. 187.49118 20 13 13 0 0 0
30.927 14 ESTIMATOR 225.447357 0.45
31.026 14 AIRSPEED 15.4 0. 0. 0.
31.026 14 ATTITUDE 0.222987 0.183316 0.035195
31.110 14 NAVIGATION 4 2 13.78125 190. 0. 190.499146 21 14 14 0 0 0
31.126 14 GPS 3 36029883 481378836 59 225528 1257 23 0 92736960 31 0
31.310 14 FBW_STATUS 2 0 1 12.5 0.403595
31.326 14 WP_MOVED 5 360452.8125 4813581. 260. 31
31.359 14 NAVIGATION 4 2 14.09375 193. 0. 193.513916 21 14 14 0 0 0
31.376 14 GPS 3 36029938 481379183 95 225572 1256 29 0 92737240 31 0
31.427 14 ESTIMATOR 225.599609 0.29
31.526 14 AUTOPILOT_VERSION 51500 v5.15_devel-179-g9a29798-dirty
31.527 14 ENERGY 30 12.5 0.402224 5.027798 0.030407 0.380082
31.527 14 ATTITUDE 0.34374 0.263063 0.034655
31.610 14 NAVIGATION 4 2 14.625 196. 0. 196.544876 21 14 14 0 0 0
31.626 14 IR_SENSORS 0 0 31 81 251
31.627 14 GPS 3 36030006 481379477 129 225585 1257 26 0 92737480 31 0
31.726 14 DESIRED 1.033265 0.055287 5.572036 -114.5 162.300003 235. 0.282012 13.
31.826 14 DL_VALUE 29 5.
31.827 14 CIRCLE 49.5 100.099998 80.
31.827 14 WP_MOVED 6 360169.5 4813757.5 260. 31
31.859 14 NAVIGATION 4 2 15.34375 199.5 0. 200.089172 21 14 14 0 0 0
31.876 14 GPS 3 36030095 481379766 172 225576 1259 2 0 92737720 31 0
31.877 14 SVINFO 3 10 1 3 48 48 175
31.926 14 NAVIGATION 4 2 16.21875 202.5 0. 200.089172 21 14 14 0 0 0
31.926 14 ESTIMATOR 225.679077 0.02
32.026 14 AIRSPEED 15.4 0. 0. 0.
32.026 14 ATTITUDE 0.4772 0.369321 0.044741
32.108 14 NAVIGATION 4 2 16.21875 202.5 0. 203.148453 22 15 15 0 0 0
32.125 14 CALIBRATION 19.184784 0
32.126 14 FBW_STATUS 2 0 1 12.5 0.411153
32.126 14 GPS 3 36030211 481380046 223 225547 1263 -12 0 92737960 31 0
32.209 14 COMMANDS 2965,3782,251,0
32.226 14 NAVIGATION_REF 360284 4813595 31 185.
32.226 14 GPS_SOL 694 694 694 7
32.326 14 WP_MOVED 7 360284.5 4813704. 235. 31
32.360 14 NAVIGATION 4 2 17.375 205. 0. 205.735001 22 15 15 0 0 0
32.376 14 GPS 3 36030382 481380358 298 225487 1270 -23 0 92738240 31 0
32.427 14 COMMANDS 3023,3400,270,0
32.427 14 ESTIMATOR 225.584976 -0.23
32.527 14 STATE_FILTER_STATUS 2 3 394
32.527 14 ATTITUDE 0.596095 0.542118 0.057097
32.609 14 NAVIGATION 4 2 19.09375 208. 0. 208.874527 22 15 15 0 0 0
32.626 14 ENERGY 32 12.5 0.433834 5.422923 0.031163 0.389541
32.626 14 GPS 3 36030563 481380605 361 225413 1277 -55 0 92738480 31 0
32.627 14 SVINFO 6 13 1 6 46 46 326
32.726 14 PPRZ_MODE 2 3 2 2 0 6
32.776 14 DESIRED 1.015104 0.077097 5.572036 -114.5 162.300003 235. 0.282451 13.
32.826 14 ALIVE 158,87,147,219,247,235,138,154,89,223,120,51,202,91,226,10
32.827 14 IR_SENSORS 0 0 34 136 226
32.827 14 WP_MOVED 8 360269.1875 4813753. 235. 31
32.860 14 NAVIGATION 4 2 20.875 210.5 0. 211.532547 22 15 15 0 0 0
32.876 14 CIRCLE 49.5 100.099998 80.
32.876 14 GPS 3 36030775 481380830 433 225330 1286 -54 0 92738720 31 0
32.926 14 NAVIGATION 4 2 23. 213. 0. 211.532547 22 15 15 0 0 0
32.927 14 ESTIMATOR 225.352707 -0.54
33.027 14 AIRSPEED 15.4 0. 0. 0.
33.027 14 ATTITUDE 0.604552 0.727819 0.062056
33.109 14 NAVIGATION 4 2 23. 213. 0. 214.23819 23 16 16 0 0 0
33.126 14 GPS 3 36031015 481381027 504 225251 1296 -69 0 92738960 31 0
33.225 14 DATALINK_REPORT 5 6 1127 546 0 0
33.310 14 FBW_STATUS 2 0 1 12.5 0.496601
33.327 14 DL_VALUE 30 100.
33.327 14 WP_MOVED 9 360459.6875 4813680. 235. 31
33.360 14 NAVIGATION 4 2 25.40625 214.5 0. 215.999374 23 16 16 0 0 0
33.377 14 GPS 3 36031326 481381220 593 225177 1309 -61 0 92739240 31 0
33.377 14 SVINFO 2 9 0 2 48 10 126
33.426 14 ESTIMATOR 225.085434 -0.61
33.527 14 ATTITUDE 0.604552 0.950477 0.070698
33.610 14 NAVIGATION 4 2 28.53125 216.5 0. 218.371887 23 16 16 0 0 0
33.626 14 GPS 3 36031614 481381350 657 225134 1317 -56 0 92739480 31 0
33.725 14 ENERGY 37 12.5 0.530233 6.627917 0.03205 0.400625
33.827 14 DESIRED 0.980375 0.077846 5.572036 -114.5 162.300003 235. 0.297437 13.
33.827 14 WP_MOVED 10 360424. 4813592.5 235. 31
33.859 14 NAVIGATION 4 2 31.40625 218. 0. 220.250656 23 16 16 0 0 0
33.876 14 GPS 3 36031918 481381444 727 225111 1326 -61 0 92739720 31 0
33.877 14 SVINFO 4 11 1 4 47 86 226
33.926 14 CIRCLE 49.5 100.099998 80.
33.927 14 NAVIGATION 4 2 34.4375 219. 0. 220.250656 23 16 16 0 0 0
33.927 14 ESTIMATOR 224.913055 -0.61
34.027 14 IR_SENSORS 0 0 37 136 226
34.027 14 AIRSPEED 15.4 0. 0. 0.
34.027 14 ATTITUDE 0.604552 1.140687 0.075011
34.109 14 NAVIGATION 4 2 34.4375 219. 0. 221.691101 24 17 17 0 0 0
34.126 14 FBW_STATUS 2 0 1 12.5 0.567888
34.126 14 GPS 3 36032233 481381502 797 225111 1333 -57 0 92739960 31 0
34.127 14 SVINFO 5 12 0 5 46 82 276
34.226 14 CALIBRATION -80.188126 2
34.226 14 GPS_SOL 690 690 690 7
34.326 14 WP_MOVED 11 360234.40625 4813661.5 235. 31
34.359 14 NAVIGATION 4 2 37.5625 219.5 0. 222.690796 24 17 17 0 0 0
34.377 14 GPS 3 36032608 481381520 883 225135 1343 -30 0 92740240 31 0
34.426 14 ESTIMATOR 224.81781 -0.3
34.526 14 ATTITUDE 0.604552 1.366696 0.079317
34.609 14 NAVIGATION 4 2 41.34375 219.5 0. 223.359695 24 17 17 0 0 0
34.627 14 GPS 3 36032931 481381494 946 225176 1349 -32 0 92740480 31 0
34.826 14 DL_VALUE 31 1.
34.827 14 ENERGY 43 12.5 0.624658 7.808227 0.033117 0.413958
34.827 14 WP_MOVED 0 360326. 4813637. 260. 31
34.860 14 NAVIGATION 4 2 44.5625 219.5 0. 223.977829 24 17 17 0 0 0
34.876 14 DESIRED 0.823305 0.082347 5.572036 -114.5 162.300003 235. 0.304376 13.
34.877 14 GPS 3 36033250 481381430 1014 225235 1355 -15 0 92740720 31 0
34.926 14 NAVIGATION 4 2 47.71875 219. 0. 223.977829 24 17 17 0 0 0
34.927 14 ESTIMATOR 224.892548 -0.15
34.976 14 CIRCLE 49.5 100.099998 80.
35.025 14 AIRSPEED 15.4 0. 0. 0.
35.026 14 ATTITUDE 0.604552 1.563245 0.083617
35.109 14 NAVIGATION 4 2 47.71875 219. 0. 224.138519 25 18 18 0 0 0
35.126 14 GPS 3 36033561 481381327 1082 225310 1361 -7 0 92740960 31 0
35.227 14 IR_SENSORS 0 0 39 136 225
35.309 14 FBW_STATUS 2 0 1 12.5 0.635296
35.326 14 WP_MOVED 1 360284. 4813595. 260. 31
35.358 14 NAVIGATION 4 2 50.84375 217.5 0. 223.363678 25 18 18 0 0 0
35.375 14 GPS 3 36033905 481381163 1166 225414 1366 7 0 92741240 31 0
35.376 14 SVINFO 3 10 1 3 47 54 177
35.427 14 ESTIMATOR 225.07254 0.07
35.526 14 ATTITUDE 0.606513 1.801153 0.084362
35.610 14 NAVIGATION 4 2 54.28125 216. 0. 222.71608 25 18 18 0 0 0
35.627 14 GPS 3 36034181 481380984 1228 225514 1368 17 0 92741480 31 0
35.826 14 WP_MOVED 2 360333.5 4813695. 235. 31
35.858 14 NAVIGATION 4 2 57.0625 214.5 0. 221.960312 25 18 18 0 0 0
35.876 14 GPS 3 36034435 481380775 1295 225622 1370 10 0 92741720 31 0
35.926 14 ENERGY 43 12.5 0.633393 7.917408 0.034274 0.428421
35.927 14 DESIRED 0.38681 0.076996 5.572036 -114.5 162.300003 235. 0.29403 13.
35.927 14 NAVIGATION 4 2 59.625 212. 0. 221.960312 25 18 18 0 0 0
35.928 14 ESTIMATOR 225.339264 0.1
36.026 14 CIRCLE 49.5 100.099998 80.
36.026 14 AIRSPEED 15.4 0. 0. 0.
36.026 14 ATTITUDE 0.575843 2.012054 0.081421
36.109 14 NAVIGATION 4 2 59.625 212. 0. 220.225204 26 19 19 0 0 0
36.126 14 FBW_STATUS 2 0 1 12.5 0.637581
36.127 14 GPS 3 36034663 481380537 1361 225738 1371 18 0 92741960 31 0
36.127 14 SVINFO 6 13 1 6 45 40 328
36.225 14 GPS_SOL 685 685 685 7
36.325 14 CALIBRATION -126.528374 0
36.326 14 DL_VALUE 32 0.
36.326 14 WP_MOVED 3 360461.40625 4813640. 215. 31
36.359 14 NAVIGATION 4 2 61.875 210. 0. 218.925827 26 19 19 0 0 0
36.376 14 GPS 3 36034896 481380233 1434 225897 1371 60 0 92742240 31 0
36.426 14 IR_SENSORS 0 0 39 106 241
36.426 14 ESTIMATOR 225.605957 0.6
36.527 14 ATTITUDE 0.456746 2.25123 0.07187
36.610 14 NAVIGATION 4 2 64.21875 206.5 0. 216.255173 26 19 19 0 0 0
36.626 14 GPS 3 36035070 481379953 1480 226058 1369 62 0 92742480 31 0
36.627 14 SVINFO 1 8 1 1 48 0 78
36.826 14 WP_MOVED 4 360312.8125 4813652. 185. 31
36.860 14 NAVIGATION 4 2 65.96875 204. 0. 214.401199 26 19 19 0 0 0
36.876 14 GPS 3 36035222 481379663 1524 226242 1365 74 0 92742720 31 0
36.927 14 NAVIGATION 4 2 67.5 201. 0. 214.401199 26 19 19 0 0 0
36.927 14 ESTIMATOR 226.053696 0.74
36.977 14 DESIRED -0.468544 0.048794 5.572036 -114.5 162.300003 235. 0.274993 13.
37.027 14 ENERGY 41 12.5 0.604083 7.551037 0.035422 0.442771
37.027 14 AIRSPEED 15.4 0. 0. 0.
37.027 14 ATTITUDE 0.324414 2.411716 0.061238
37.077 14 CIRCLE 49.5 100.099998 80.
37.109 14 NAVIGATION 4 2 67.5 201. 0. 212.03125 27 20 20 0 0 0
37.126 14 GPS 3 36035354 481379364 1560 226442 1360 91 0 92742959 31 0
37.214 14 COMMANDS 3924,-6705,-157,0
37.310 14 FBW_STATUS 2 0 1 12.5 0.583679
37.325 14 WP_MOVED 5 360452.8125 4813581. 260. 31
37.360 14 NAVIGATION 4 2 68.78125 198. 0. 209.606445 27 20 20 0 0 0
37.376 14 GPS 3 36035488 481379010 1597 226687 1351 96 0 92743240 31 0
37.376 14 SVINFO 4 11 0 4 46 88 228
37.427 14 COMMANDS 3838,-7114,-205,0
37.427 14 ESTIMATOR 226.561752 0.96
37.526 14 STATE_FILTER_STATUS 2 3 334
37.527 14 ATTITUDE 0.20419 2.547162 0.054092
37.609 14 NAVIGATION 4 2 70.125 194.5 0. 206.755325 27 20 20 0 0 0
37.626 14 IR_SENSORS 0 0 36 29 261
37.626 14 GPS 3 36035589 481378704 1618 226899 1343 91 0 92743480 31 0
37.626 14 SVINFO 5 12 1 5 45 78 278
37.727 14 PPRZ_MODE 2 3 2 2 0 6
37.825 14 ALIVE 158,87,147,219,247,235,138,154,89,223,120,51,202,91,226,10
37.826 14 DL_VALUE 33 0.
37.826 14 WP_MOVED 6 360169.5 4813757.5 260. 31
37.859 14 NAVIGATION 4 2 71.125 191.5 0. 204.281708 27 20 20 0 0 0
37.877 14 GPS 3 36035680 481378397 1634 227107 1334 77 0 92743720 31 0
37.877 14 SVINFO 6 13 1 6 44 37 329
37.926 14 NAVIGATION 4 2 72.0625 188.5 0. 204.281708 27 20 20 0 0 0
37.927 14 ESTIMATOR 227.067795 0.77
38.027 14 DESIRED -0.85045 0.019993 5.572036 -114.5 162.300003 235. 0.245198 13.
38.027 14 AIRSPEED 15.4 0. 0. 0.
38.027 14 ATTITUDE 0.074238 2.616038 0.045036
38.110 14 NAVIGATION 4 2 72.0625 188.5 0. 201.804993 28 21 21 0 0 0
38.126 14 FBW_STATUS 2 0 1 12.5 0.531509
38.126 14 ENERGY 37 12.5 0.532238 6.652979 0.036458 0.455729
38.127 14 CIRCLE 49.5 100.099998 80.
38.127 14 GPS 3 36035765 481378090 1645 227305 1326 67 0 92743959 31 0
38.128 14 SVINFO 0 7 0 0 48 24 29
38.227 14 GPS_SOL 678 678 678 7
38.327 14 DATALINK_REPORT 10 6 1257 546 0 0
38.327 14 WP_MOVED 7 360284.5 4813704. 235. 31
38.359 14 NAVIGATION 4 2 72.875 185.5 0. 199.301315 28 21 21 0 0 0
38.376 14 GPS 3 36035860 481377733 1650 227515 1317 61 0 92744240 31 0
38.426 14 CALIBRATION -63.681995 0
38.426 14 ESTIMATOR 227.458725 0.61
38.527 14 ATTITUDE -0.043634 2.64274 0.034269
38.609 14 NAVIGATION 4 2 73.84375 182. 0. 196.410019 28 21 21 0 0 0
38.626 14 GPS 3 36035943 481377430 1647 227675 1311 46 0 92744480 31 0
38.627 14 SVINFO 2 9 1 2 47 17 129
38.827 14 IR_SENSORS 0 0 31 -49 259
38.827 14 WP_MOVED 8 360269.1875 4813753. 235. 31
38.859 14 NAVIGATION 4 2 74.6875 179. 0. 193.956757 28 21 21 0 0 0
38.876 14 GPS 3 36036030 481377128 1638 227811 1307 28 0 92744720 31 0
38.877 14 SVINFO 3 10 0 3 46 60 179
38.927 14 NAVIGATION 4 2 75.5625 175.5 0. 193.956757 28 21 21 0 0 0
38.927 14 ESTIMATOR 227.760178 0.28
39.017 14 WIND_INFO 14 5 -0.7 -0.7 0. 13.8
39.026 14 AIRSPEED 13.8 0. 0. 0.
39.026 14 ATTITUDE -0.17478 2.617715 0.029389
39.076 14 DESIRED -0.926027 0.030415 5.572036 -114.5 162.300003 235. 0.221172 13.
39.110 14 NAVIGATION 4 2 75.5625 175.5 0. 191.075745 29 22 22 0 0 0
39.126 14 GPS 3 36036125 481376830 1623 227924 1304 27 0 92744959 31 0
39.176 14 CIRCLE 49.5 100.099998 80.
39.227 14 ENERGY 36 12.5 0.505592 6.319895 0.037401 0.467511
39.309 14 FBW_STATUS 2 0 1 12.5 0.505051
39.326 14 DL_VALUE 34 80.
39.326 14 WP_MOVED 9 360459.6875 4813680. 235. 31
39.359 14 NAVIGATION 4 2 76.5 173. 0. 189.159317 29 22 22 0 0 0
39.376 14 GPS 3 36036250 481376487 1595 228026 1303 18 0 92745240 31 0
39.425 14 ESTIMATOR 227.948563 0.18
39.526 14 ATTITUDE -0.297269 2.713186 0.025612
39.609 14 NAVIGATION 4 2 77.71875 169.5 0. 186.468369 29 22 22 0 0 0
39.626 14 GPS 3 36036374 481376199 1568 228090 1304 6 0 92745480 31 0
39.826 14 WP_MOVED 10 360424. 4813592.5 235. 31
39.859 14 NAVIGATION 4 2 79. 166.5 0. 184.291214 29 22 22 0 0 0
39.877 14 GPS 3 36036515 481375919 1532 228133 1307 -6 0 92745720 31 0
39.927 14 NAVIGATION 4 2 80.40625 163.5 0. 184.291214 29 22 22 0 0 0
39.927 14 ESTIMATOR 228.058945 -0.06
40.026 14 IR_SENSORS 0 0 28 -124 233
40.027 14 AIRSPEED 13.8 0. 0. 0.
40.027 14 ATTITUDE -0.426234 2.600406 0.032332
40.109 14 NAVIGATION 4 2 80.40625 163.5 0. 182.201569 30 23 23 0 0 0
40.128 14 FBW_STATUS 2 0 1 12.5 0.517879
40.129 14 DESIRED -0.806066 0.057111 5.572036 -114.5 162.300003 235. 0.208232 13.
40.129 14 GPS 3 36036678 481375650 1488 228159 1311 -1 0 92745959 31 0
40.129 14 SVINFO 1 8 1 1 47 0 80
40.228 14 GPS_SOL 670 670 670 7
40.229 14 CIRCLE 49.5 100.099998 80.
40.327 14 ENERGY 37 12.5 0.520598 6.507477 0.038337 0.479213
40.327 14 WP_MOVED 11 360234.40625 4813661.5 235. 31
40.359 14 NAVIGATION 4 2 82.0625 161. 0. 180.707642 30 23 23 0 0 0
40.377 14 GPS 3 36036897 481375354 1424 228167 1317 -12 0 92746240 31 0
40.426 14 ESTIMATOR 228.095688 -0.12
40.525 14 CALIBRATION -68.429237 0
40.526 14 ATTITUDE -0.550376 2.411808 0.05074
40.609 14 NAVIGATION 4 2 84.21875 158. 0. 179.044113 30 23 23 0 0 0
40.626 14 GPS 3 36037114 481375121 1370 228155 1323 7 0 92746480 31 0
40.826 14 DL_VALUE 35 0.
40.826 14 WP_MOVED 0 360326. 4813637. 260. 31
40.859 14 NAVIGATION 4 2 86.375 156. 0. 178.316132 30 23 23 0 0 0
40.876 14 GPS 3 36037357 481374915 1303 228128 1330 -3 0 92746720 31 0
40.877 14 SVINFO 4 11 1 4 45 89 230
40.927 14 NAVIGATION 4 2 88.8125 153.5 0. 178.316132 30 23 23 0 0 0
40.927 14 ESTIMATOR 228.111755 -0.03
41.026 14 AIRSPEED 13.8 0. 0. 0.
41.026 14 ATTITUDE -0.601862 2.201306 0.060683
41.109 14 NAVIGATION 4 2 88.8125 153.5 0. 177.341232 31 24 24 0 0 0
41.126 14 GPS 3 36037625 481374738 1234 228095 1337 -2 0 92746959 31 0
41.127 14 SVINFO 5 12 1 5 44 73 280
41.176 14 DESIRED -0.241572 0.072715 5.572036 -114.5 162.300003 235. 0.206647 13.
41.226 14 NAVIGATION_REF 360284 4813595 31 185.
41.226 14 IR_SENSORS 0 0 32 -161 209
41.276 14 CIRCLE 49.5 100.099998 80.
41.310 14 FBW_STATUS 2 0 1 12.5 0.541923
41.327 14 WP_MOVED 1 360284. 4813595. 260. 31
41.360 14 NAVIGATION 4 2 91.5 152. 0. 177.415466 31 24 24 0 0 0
41.376 14 GPS 3 36037963 481374572 1149 228068 1345 18 0 92747240 31 0
41.377 14 SVINFO 6 13 0 6 43 31 331
41.426 14 ENERGY 38 12.5 0.540642 6.758021 0.039314 0.491428
41.427 14 ESTIMATOR 228.089447 0.18
41.526 14 ATTITUDE -0.525171 1.939756 0.062293
41.609 14 NAVIGATION 4 2 94.875 150. 0. 177.485962 31 24 24 0 0 0
41.626 14 GPS 3 36038269 481374464 1095 228074 1349 8 0 92747480 31 0
41.826 14 WP_MOVED 2 360333.5 4813695. 235. 31
41.860 14 NAVIGATION 4 2 97.9375 149. 0. 178.305222 31 24 24 0 0 0
41.876 14 GPS 3 36038583 481374384 1042 228118 1351 39 0 92747720 31 0
41.926 14 NAVIGATION 4 2 101.09375 148.5 0. 178.305222 31 24 24 0 0 0
41.926 14 ESTIMATOR 228.133545 0.39
42.026 14 AIRSPEED 13.8 0. 0. 0.
42.026 14 ATTITUDE -0.394013 1.759415 0.055817
42.109 14 NAVIGATION 4 2 101.09375 148.5 0. 179.644638 32 25 25 0 0 0
42.126 14 FBW_STATUS 2 0 1 12.5 0.536984
42.127 14 GPS 3 36038902 481374329 997 228199 1350 53 0 92747959 31 0
42.127 14 SVINFO 2 9 1 2 46 22 131
42.222 14 COMMANDS 3616,8204,-67,0
42.227 14 GPS_SOL 661 661 661 7
42.227 14 DESIRED 0.738959 0.046035 5.572036 -114.5 162.300003 235. 0.205994 13.
42.326 14 DL_VALUE 36 2.
42.326 14 CIRCLE 49.5 100.099998 80.
42.327 14 WP_MOVED 3 360461.40625 4813640. 215. 31
42.360 14 NAVIGATION 4 2 104.28125 148. 0. 181.048553 32 25 25 0 0 0
42.376 14 GPS 3 36039278 481374291 951 228332 1345 94 0 92748240 31 0
42.377 14 SVINFO 3 10 1 3 45 66 181
42.427 14 COMMANDS 3532,8617,-101,0
42.427 14 IR_SENSORS 0 0 34 -92 247
42.428 14 ESTIMATOR 228.349319 0.94
42.527 14 STATE_FILTER_STATUS 2 3 370
42.527 14 ENERGY 36 12.5 0.511727 6.396583 0.040297 0.50371
42.528 14 ATTITUDE -0.273306 1.606831 0.04844
42.609 14 NAVIGATION 4 2 108.0625 147.5 0. 182.848999 32 25 25 0 0 0
42.626 14 AUTOPILOT_VERSION 51500 v5.15_devel-179-g9a29798-dirty
42.627 14 CALIBRATION -60.686329 0
42.627 14 GPS 3 36039599 481374278 924 228471 1339 106 0 92748480 31 0
42.627 14 SVINFO 4 11 1 4 44 89 231
42.731 14 PPRZ_MODE 2 3 2 2 0 6
42.827 14 ALIVE 158,87,147,219,247,235,138,154,89,223,120,51,202,91,226,10
42.828 14 WP_MOVED 4 360312.8125 4813652. 185. 31
42.860 14 NAVIGATION 4 2 111.25 147. 0. 184.35173 32 25 25 0 0 0
42.876 14 GPS 3 36039918 481374278 900 228622 1330 110 0 92748720 31 0
42.927 14 NAVIGATION 4 2 114.4375 147. 0. 184.35173 32 25 25 0 0 0
42.927 14 ESTIMATOR 228.769241 1.1
43.026 14 AIRSPEED 13.8 0. 0. 0.
43.026 14 ATTITUDE -0.143492 1.521267 0.043761
43.109 14 NAVIGATION 4 2 114.4375 147. 0. 186.292618 33 26 26 0 0 0
43.127 14 GPS 3 36040235 481374287 882 228777 1319 108 0 92748959 31 0
43.128 14 SVINFO 6 13 1 6 42 28 332
43.275 14 DESIRED 1.012039 0.017861 5.572036 -114.5 162.300003 235. 0.186923 13.
43.310 14 FBW_STATUS 2 0 1 12.5 0.443084
43.326 14 WP_MOVED 5 360452.8125 4813581. 260. 31
43.360 14 NAVIGATION 4 2 117.625 147. 0. 188.267471 33 26 26 0 0 0
43.376 14 CIRCLE 49.5 100.099998 80.
43.376 14 GPS 3 36040600 481374306 868 228952 1305 78 0 92749240 31 0
43.377 14 SVINFO 0 7 0 0 47 16 32
43.426 14 DATALINK_REPORT 5 7 1390 564 0 0
43.427 14 ESTIMATOR 229.170105 0.78
43.526 14 ATTITUDE -0.020941 1.46872 0.038028
43.610 14 NAVIGATION 4 2 121.25 147.5 0. 190.939285 33 26 26 0 0 0
43.627 14 IR_SENSORS 0 0 32 -14 263
43.627 14 ENERGY 31 12.5 0.427748 5.346856 0.04115 0.514376
43.627 14 GPS 3 36040911 481374325 865 229088 1296 54 0 92749480 31 0
43.826 14 DL_VALUE 37 0.
43.827 14 WP_MOVED 6 360169.5 4813757.5 260. 31
43.860 14 NAVIGATION 4 2 124.375 148. 0. 193.321335 33 26 26 0 0 0
43.877 14 GPS 3 36041219 481374343 867 229206 1286 49 0 92749720 31 0
43.926 14 NAVIGATION 4 2 127.4375 148. 0. 193.321335 33 26 26 0 0 0
43.926 14 ESTIMATOR 229.371597 0.49
44.026 14 AIRSPEED 13.8 0. 0. 0.
44.026 14 ATTITUDE 0.104633 1.465006 0.030063
44.109 14 NAVIGATION 4 2 127.4375 148. 0. 195.305695 34 27 27 0 0 0
44.126 14 FBW_STATUS 2 0 1 12.5 0.413392
44.127 14 GPS 3 36041526 481374356 875 229302 1279 48 0 92749959 31 0
44.236 14 GPS_SOL 651 651 651 7
44.327 14 DESIRED 1.054288 0.026863 5.572036 -114.5 162.300003 235. 0.168852 13.
44.327 14 WP_MOVED 7 360284.5 4813704. 235. 31
44.359 14 NAVIGATION 4 2 130.53125 148. 0. 197.338303 34 27 27 0 0 0
44.376 14 GPS 3 36041882 481374361 894 229383 1272 46 0 92750240 31 0
44.426 14 CIRCLE 49.5 100.099998 80.
44.426 14 ESTIMATOR 229.518036 0.46
44.527 14 ATTITUDE 0.226733 1.509717 0.023813
44.609 14 NAVIGATION 4 2 134.0625 148. 0. 199.69165 34 27 27 0 0 0
44.627 14 GPS 3 36042187 481374353 915 229426 1269 34 0 92750480 31 0
44.627 14 SVINFO 5 12 1 5 43 68 282
44.738 14 CALIBRATION 7.335376 0
44.738 14 ENERGY 29 12.5 0.399143 4.989283 0.041906 0.523826
44.827 14 IR_SENSORS 0 0 29 64 256
44.827 14 WP_MOVED 8 360269.1875 4813753. 235. 31
44.860 14 NAVIGATION 4 2 137.125 148. 0. 201.760422 34 27 27 0 0 0
44.876 14 GPS 3 36042490 481374329 944 229446 1268 36 0 92750720 31 0
44.926 14 NAVIGATION 4 2 140.125 148. 0. 201.760422 34 27 27 0 0 0
44.926 14 ESTIMATOR 229.608582 0.36
45.025 14 AIRSPEED 13.8 0. 0. 0.
45.025 14 ATTITUDE 0.359378 1.592209 0.027309
45.109 14 NAVIGATION 4 2 140.125 148. 0. 203.811218 35 28 28 0 0 0
45.126 14 GPS 3 36042792 481374287 980 229442 1267 32 0 92750959 31 0
45.309 14 FBW_STATUS 2 0 1 12.5 0.389249
45.326 14 DL_VALUE 38 0.
45.326 14 WP_MOVED 9 360459.6875 4813680. 235. 31
45.360 14 NAVIGATION 4 2 143.15625 147. 0. 205.189453 35 28 28 0 0 0
45.376 14 DESIRED 1.031971 0.054598 5.572036 -114.5 162.300003 235. 0.161021 13.
45.377 14 GPS 3 36043138 481374208 1036 229411 1269 7 0 92751240 31 0
45.378 14 SVINFO 1 8 1 1 46 0 83
45.427 14 ESTIMATOR 229.635132 0.07
45.476 14 CIRCLE 49.5 100.099998 80.
45.526 14 ATTITUDE 0.480671 1.744564 0.03249
45.610 14 NAVIGATION 4 2 146.625 146.5 0. 207.270691 35 28 28 0 0 0
45.628 14 GPS 3 36043427 481374111 1084 229362 1271 -4 0 92751480 31 0
45.628 14 SVINFO 2 9 1 2 45 28 133
45.827 14 ENERGY 29 12.5 0.398288 4.978596 0.042628 0.532847
45.827 14 WP_MOVED 10 360424. 4813592.5 235. 31
45.859 14 NAVIGATION 4 2 149.53125 145.5 0. 208.638062 35 28 28 0 0 0
45.876 14 GPS 3 36043706 481373984 1144 229291 1275 -15 0 92751720 31 0
45.877 14 SVINFO 3 10 1 3 44 71 183
45.927 14 NAVIGATION 4 2 152.28125 144.5 0. 208.638062 35 28 28 0 0 0
45.927 14 ESTIMATOR 229.496796 -0.15
46.026 14 IR_SENSORS 0 0 31 136 226
46.027 14 AIRSPEED 13.8 0. 0. 0.
46.027 14 ATTITUDE 0.604552 1.927625 0.049051
46.109 14 NAVIGATION 4 2 152.28125 144.5 0. 209.928146 36 29 29 0 0 0
46.126 14 FBW_STATUS 2 0 1 12.5 0.407886
46.126 14 GPS 3 36043969 481373824 1213 229201 1280 -25 0 92751959 31 0
46.127 14 SVINFO 4 11 1 4 43 89 233
46.234 14 GPS_SOL 640 640 640 7
46.326 14 WP_MOVED 11 360234.40625 4813661.5 235. 31
46.359 14 NAVIGATION 4 2 154.9375 142.5 0. 210.503876 36 29 29 0 0 0
46.376 14 GPS 3 36044248 481373597 1303 229084 1289 -33 0 92752240 31 0
46.376 14 SVINFO 5 12 1 5 42 65 283
46.425 14 DESIRED 1.008558 0.071385 5.572036 -114.5 162.300003 235. 0.168213 13.
46.426 14 ESTIMATOR 229.26709 -0.33
46.527 14 CIRCLE 49.5 100.099998 80.
46.527 14 ATTITUDE 0.604552 2.198448 0.057727
46.610 14 NAVIGATION 4 2 157.71875 140.5 0. 211.223709 36 29 29 0 0 0
46.626 14 GPS 3 36044461 481373370 1368 228989 1295 -28 0 92752480 31 0
46.626 14 SVINFO 6 13 1 6 41 22 334
46.826 14 CALIBRATION -15.197928 0
46.826 14 DL_VALUE 39 0.
46.826 14 WP_MOVED 0 360326. 4813637. 260. 31
46.860 14 NAVIGATION 4 2 159.84375 138.5 0. 211.500061 36 29 29 0 0 0
46.876 14 GPS 3 36044645 481373117 1439 228906 1302 -2 0 92752720 31 0
46.877 14 SVINFO 0 7 0 0 46 12 34
46.926 14 ENERGY 32 12.5 0.440287 5.503591 0.043398 0.542477
46.927 14 NAVIGATION 4 2 161.6875 135.5 0. 211.500061 36 29 29 0 0 0
46.927 14 ESTIMATOR 229.023651 -0.02
47.026 14 AIRSPEED 13.8 0. 0. 0.
47.026 14 ATTITUDE 0.604552 2.436649 0.06638
47.109 14 NAVIGATION 4 2 161.6875 135.5 0. 210.957581 37 30 30 0 0 0
47.127 14 GPS 3 36044797 481372843 1510 228841 1307 -12 0 92752959 31 0
47.127 14 SVINFO 1 8 0 1 45 1 84
47.210 14 COMMANDS 3153,2736,66,0
47.229 14 IR_SENSORS 0 0 36 136 226
47.309 14 FBW_STATUS 2 0 1 12.5 0.451148
47.327 14 WP_MOVED 1 360284. 4813595. 260. 31
47.360 14 NAVIGATION 4 2 163.21875 133. 0. 210.54538 37 30 30 0 0 0
47.376 14 GPS 3 36044931 481372500 1598 228785 1313 -9 0 92753240 31 0
47.427 14 COMMANDS 3185,2572,15,0
47.427 14 ESTIMATOR 228.90239 -0.09
47.477 14 DESIRED 0.947541 0.072015 5.572036 -114.5 162.300003 235. 0.18081 13.
47.526 14 STATE_FILTER_STATUS 2 3 398
47.527 14 ATTITUDE 0.604552 2.718871 0.070698
47.576 14 CIRCLE 49.5 100.099998 80.
47.610 14 NAVIGATION 4 2 164.5625 129.5 0. 209.406464 37 30 30 0 0 0
47.626 14 GPS 3 36045006 481372194 1662 228754 1315 -18 0 92753480 31 0
47.741 14 PPRZ_MODE 2 3 2 2 0 6
47.825 14 ALIVE 158,87,147,219,247,235,138,154,89,223,120,51,202,91,226,10
47.825 14 WP_MOVED 2 360333.5 4813695. 235. 31
47.859 14 NAVIGATION 4 2 165.34375 126.5 0. 208.18454 37 30 30 0 0 0
47.876 14 GPS 3 36045043 481371880 1732 228736 1317 2 0 92753720 31 0
47.927 14 NAVIGATION 4 2 165.6875 123. 0. 208.18454 37 30 30 0 0 0
47.927 14 ESTIMATOR 228.785431 0.02
48.026 14 ENERGY 34 12.5 0.468786 5.859828 0.044233 0.552915
48.027 14 AIRSPEED 13.8 0. 0. 0.
48.027 14 ATTITUDE 0.604552 2.962219 0.075011
48.110 14 NAVIGATION 4 2 165.6875 123. 0. 206.352478 38 31 31 0 0 0
48.126 14 FBW_STATUS 2 0 1 12.5 0.470558
48.126 14 GPS 3 36045041 481371563 1802 228729 1318 1 0 92753959 31 0
48.235 14 GPS_SOL 629 629 629 7
48.325 14 DL_VALUE 40 0.
48.326 14 WP_MOVED 3 360461.40625 4813640. 215. 31
48.359 14 NAVIGATION 4 2 165.65625 120. 0. 204.553146 38 31 31 0 0 0
48.376 14 GPS 3 36044991 481371197 1889 228732 1320 -6 0 92754240 31 0
48.376 14 SVINFO 6 13 1 6 40 19 335
48.426 14 IR_SENSORS 0 0 38 136 226
48.426 14 ESTIMATOR 228.765549 -0.06
48.526 14 DATALINK_REPORT 10 7 1519 538 0 0
48.526 14 DESIRED 0.763484 0.072312 5.572036 -114.5 162.300003 235. 0.186761 13.
48.526 14 ATTITUDE 0.604552 3.251775 0.079317
48.609 14 NAVIGATION 4 2 165.15625 116.5 0. 202.110947 38 31 31 0 0 0
48.626 14 CIRCLE 49.5 100.099998 80.
48.627 14 GPS 3 36044907 481370892 1954 228741 1320 4 0 92754480 31 0
48.826 14 WP_MOVED 4 360312.8125 4813652. 185. 31
48.859 14 NAVIGATION 4 2 164.34375 113.5 0. 199.7276 38 31 31 0 0 0
48.876 14 GPS 3 36044786 481370598 2023 228754 1321 -19 0 92754720 31 0
48.927 14 CALIBRATION -45.694778 0
48.927 14 NAVIGATION 4 2 163.09375 110.5 0. 199.7276 38 31 31 0 0 0
48.927 14 ESTIMATOR 228.757034 -0.19
49.019 14 WIND_INFO 14 5 -0.7 -0.1 0. 13.3
49.027 14 AIRSPEED 13.3 0. 0. 0.
49.027 14 ATTITUDE 0.604552 3.501324 0.075011
49.110 14 NAVIGATION 4 2 163.09375 110.5 0. 197.002075 39 32 32 0 0 0
49.126 14 ENERGY 35 12.5 0.495165 6.189567 0.045114 0.563918
49.127 14 GPS 3 36044630 481370322 2093 228770 1322 -25 0 92754959 31 0
49.127 14 SVINFO 2 9 0 2 44 34 135
49.309 14 FBW_STATUS 2 0 1 12.5 0.503971
49.326 14 WP_MOVED 5 360452.8125 4813581. 260. 31
49.359 14 NAVIGATION 4 2 161.5625 108. 0. 194.335892 39 32 32 0 0 0
49.376 14 GPS 3 36044408 481370025 2180 228790 1324 -8 0 92755240 31 0
49.376 14 SVINFO 3 10 0 3 43 76 185
49.426 14 ESTIMATOR 228.695312 -0.08
49.527 14 ATTITUDE 0.570668 3.767517 0.072237
49.576 14 DESIRED 0.205497 0.066553 5.572036 -114.5 162.300003 235. 0.188248 13.
49.610 14 NAVIGATION 4 2 159.34375 104.5 0. 190.553619 39 32 32 0 0 0
49.626 14 IR_SENSORS 0 0 37 121 234
49.627 14 GPS 3 36044186 481369797 2241 228816 1326 -6 0 92755480 31 0
49.627 14 SVINFO 4 11 0 4 42 88 235
49.676 14 CIRCLE 49.5 100.099998 80.
49.826 14 DL_VALUE 41 0.
49.826 14 WP_MOVED 6 360169.5 4813757.5 260. 31
49.859 14 NAVIGATION 4 2 157.09375 102.5 0. 187.575836 39 32 32 0 0 0
49.876 14 GPS 3 36043941 481369592 2300 228862 1327 -3 0 92755720 31 0
49.876 14 SVINFO 5 12 1 5 41 60 285
49.926 14 NAVIGATION 4 2 154.65625 100.5 0. 187.575836 39 32 32 0 0 0
49.927 14 ESTIMATOR 228.738998 -0.03
50.025 14 AIRSPEED 13.3 0. 0. 0.
50.026 14 ATTITUDE 0.439815 3.986442 0.062621
50.110 14 NAVIGATION 4 2 154.65625 100.5 0. 184.441879 40 33 33 0 0 0
50.127 14 FBW_STATUS 2 0 1 12.5 0.520961
50.127 14 GPS 3 36043680 481369411 2352 228934 1328 -7 0 92755959 31 0
50.240 14 NAVIGATION_REF 360284 4813595 31 185.
50.243 14 GPS_SOL 616 616 616 7
50.243 14 ENERGY 37 12.5 0.523321 6.541512 0.046051 0.575633
50.327 14 WP_MOVED 7 360284.5 4813704. 235. 31
50.359 14 NAVIGATION 4 2 152.0625 98.5 0. 181.177414 40 33 33 0 0 0
50.376 14 GPS 3 36043358 481369225 2405 229049 1326 18 0 92756240 31 0
50.378 14 SVINFO 0 7 0 0 45 8 36
50.426 14 ESTIMATOR 228.83873 0.18
50.526 14 ATTITUDE 0.317052 4.178855 0.053528
50.609 14 NAVIGATION 4 2 148.84375 96.5 0. 177.38858 40 33 33 0 0 0
50.626 14 DESIRED -0.759498 0.039382 5.572036 -114.5 162.300003 235. 0.184838 13.
50.627 14 GPS 3 36043073 481369084 2438 229171 1323 29 0 92756480 31 0
50.627 14 SVINFO 1 8 1 1 44 3 86
50.742 14 CIRCLE 49.5 100.099998 80.
50.826 14 IR_SENSORS 0 0 36 46 259
50.826 14 WP_MOVED 8 360269.1875 4813753. 235. 31
50.859 14 NAVIGATION 4 2 145.96875 95.5 0. 174.433731 40 33 33 0 0 0
50.876 14 GPS 3 36042782 481368959 2467 229307 1320 42 0 92756720 31 0
50.877 14 SVINFO 2 9 1 2 43 37 136
50.926 14 NAVIGATION 4 2 143.09375 94. 0. 174.433731 40 33 33 0 0 0
50.927 14 ESTIMATOR 229.101212 0.42
51.025 14 CALIBRATION -66.831825 0
51.026 14 AIRSPEED 13.3 0. 0. 0.
51.026 14 ATTITUDE 0.188601 4.29169 0.046038
51.109 14 NAVIGATION 4 2 143.09375 94. 0. 171.206955 41 34 34 0 0 0
51.126 14 GPS 3 36042438 481368828 2491 229477 1315 48 0 92757000 31 0
51.127 14 SVINFO 3 10 1 3 42 78 186
51.309 14 FBW_STATUS 2 0 1 12.5 0.504151
51.325 14 DL_VALUE 42 0.
51.326 14 ENERGY 36 12.5 0.504151 6.301883 0.047 0.587504
51.326 14 WP_MOVED 9 360459.6875 4813680. 235. 31
51.360 14 NAVIGATION 4 2 139.65625 93. 0. 167.788162 41 34 34 0 0 0
51.376 14 GPS 3 36042141 481368725 2509 229624 1309 45 0 92757240 31 0
51.377 14 SVINFO 4 11 0 4 41 88 236
51.426 14 ESTIMATOR 229.454422 0.45
51.525 14 ATTITUDE 0.066634 4.369078 0.041298
51.610 14 NAVIGATION 4 2 136.65625 92. 0. 164.738968 41 34 34 0 0 0
51.627 14 GPS 3 36041844 481368627 2517 229767 1304 43 0 92757480 31 0
51.627 14 SVINFO 5 12 1 5 40 57 286
51.676 14 DESIRED -0.958561 0.0113 5.572036 -114.5 162.300003 235. 0.166367 13.
51.776 14 CIRCLE 49.5 100.099998 80.
51.827 14 WP_MOVED 10 360424. 4813592.5 235. 31
51.859 14 NAVIGATION 4 2 133.6875 91. 0. 161.719971 41 34 34 0 0 0
51.876 14 GPS 3 36041547 481368531 2520 229899 1300 21 0 92757720 31 0
51.876 14 SVINFO 6 13 1 6 39 14 337
51.925 14 NAVIGATION 4 2 130.71875 90. 0. 161.719971 41 34 34 0 0 0
51.926 14 ESTIMATOR 229.770325 0.21
52.026 14 IR_SENSORS 0 0 31 -33 262
52.026 14 AIRSPEED 13.3 0. 0. 0.
52.027 14 ATTITUDE -0.062463 4.388905 0.030507
52.110 14 NAVIGATION 4 2 130.71875 90. 0. 158.705353 42 35 35 0 0 0
52.127 14 FBW_STATUS 2 0 1 12.5 0.48854
52.128 14 GPS 3 36041251 481368433 2516 230018 1296 3 0 92757959 31 0
52.210 14 COMMANDS 3392,-6572,-110,0
52.226 14 GPS_SOL 603 603 603 7
52.326 14 WP_MOVED 11 360234.40625 4813661.5 235. 31
52.360 14 NAVIGATION 4 2 127.78125 89. 0. 155.721054 42 35 35 0 0 0
52.376 14 GPS 3 36040909 481368313 2503 230134 1294 -22 0 92758240 31 0
52.426 14 COMMANDS 3429,-6192,-60,0
52.426 14 ENERGY 35 12.5 0.49678 6.209751 0.047905 0.598805
52.426 14 ESTIMATOR 229.945633 -0.22
52.526 14 STATE_FILTER_STATUS 2 3 349
52.526 14 ATTITUDE -0.182147 4.358588 0.025534
52.609 14 NAVIGATION 4 2 124.34375 87.5 0. 152.044785 42 35 35 0 0 0
52.626 14 GPS 3 36040620 481368200 2487 230213 1295 -21 0 92758480 31 0
52.726 14 PPRZ_MODE 2 3 2 2 0 6
52.727 14 DESIRED -0.967112 0.031927 5.572036 -114.5 162.300003 235. 0.151631 13.
52.825 14 ALIVE 158,87,147,219,247,235,138,154,89,223,120,51,202,91,226,10
52.825 14 DL_VALUE 43 0.
52.825 14 CIRCLE 49.5 100.099998 80.
52.825 14 WP_MOVED 0 360326. 4813637. 260. 31
52.859 14 NAVIGATION 4 2 121.4375 86.5 0. 149.094986 42 35 35 0 0 0
52.876 14 GPS 3 36040334 481368076 2464 230273 1297 -15 0 92758720 31 0
52.927 14 NAVIGATION 4 2 118.625 85. 0. 149.094986 42 35 35 0 0 0
52.927 14 ESTIMATOR 230.011429 -0.15
53.025 14 AIRSPEED 13.3 0. 0. 0.
53.026 14 ATTITUDE -0.312759 4.28565 0.026067
53.109 14 NAVIGATION 4 2 118.625 85. 0. 145.93454 43 36 36 0 0 0
53.127 14 CALIBRATION -70.760757 0
53.130 14 GPS 3 36040055 481367936 2434 230317 1301 -24 0 92758959 31 0
53.226 14 IR_SENSORS 0 0 28 -109 240
53.310 14 FBW_STATUS 2 0 1 12.5 0.525501
53.326 14 WP_MOVED 1 360284. 4813595. 260. 31
53.360 14 NAVIGATION 4 2 115.8125 84. 0. 143.068283 43 36 36 0 0 0
53.376 14 GPS 3 36039740 481367749 2386 230347 1308 -28 0 92759240 31 0
53.376 14 SVINFO 5 12 1 5 39 54 287
53.427 14 ESTIMATOR 230.090729 -0.28
53.526 14 ENERGY 37 12.5 0.533333 6.666657 0.048848 0.610593
53.526 14 ATTITUDE -0.434701 4.143636 0.032842
53.609 14 NAVIGATION 4 2 112.65625 82. 0. 139.339264 43 36 36 0 0 0
53.626 14 DATALINK_REPORT 5 8 1652 557 0 0
53.626 14 GPS 3 36039483 481367566 2345 230358 1314 -23 0 92759480 31 0
53.626 14 SVINFO 6 13 1 6 38 12 338
53.726 14 AUTOPILOT_VERSION 51500 v5.15_devel-179-g9a29798-dirty
53.776 14 DESIRED -0.871224 0.059883 5.572036 -114.5 162.300003 235. 0.147278 13.
53.826 14 WP_MOVED 2 360333.5 4813695. 235. 31
53.859 14 NAVIGATION 4 2 110.09375 80. 0. 136.09053 43 36 36 0 0 0
53.876 14 CIRCLE 49.5 100.099998 80.
53.877 14 GPS 3 36039242 481367359 2292 230355 1322 -14 0 92759720 31 0
53.877 14 SVINFO 0 7 0 0 44 4 38
53.927 14 NAVIGATION 4 2 107.65625 78. 0. 136.09053 43 36 36 0 0 0
53.927 14 ESTIMATOR 230.128311 -0.14
54.026 14 AIRSPEED 13.3 0. 0. 0.
54.026 14 ATTITUDE -0.564017 3.971713 0.047427
54.110 14 NAVIGATION 4 2 107.65625 78. 0. 132.9431 44 37 37 0 0 0
54.126 14 FBW_STATUS 2 0 1 12.5 0.551281
54.126 14 GPS 3 36039024 481367127 2232 230337 1330 -14 0 92759960 31 0
54.127 14 SVINFO 1 8 0 1 43 6 88
54.226 14 GPS_SOL 589 589 589 7
54.326 14 DL_VALUE 44 160.
54.326 14 WP_MOVED 3 360461.40625 4813640. 215. 31
54.359 14 NAVIGATION 4 2 105.5 76. 0. 130.024033 44 37 37 0 0 0
54.376 14 GPS 3 36038803 481366823 2142 230301 1341 -34 0 92760240 31 0
54.376 14 SVINFO 2 9 1 2 42 43 138
54.428 14 IR_SENSORS 0 0 30 -163 208
54.428 14 ESTIMATOR 230.167191 -0.34
54.527 14 ATTITUDE -0.601862 3.699573 0.060683
54.610 14 NAVIGATION 4 2 103.28125 72.5 0. 126.187424 44 37 37 0 0 0
54.626 14 ENERGY 40 12.5 0.571038 7.13797 0.049857 0.623213
54.627 14 GPS 3 36038648 481366539 2085 230269 1348 -31 0 92760480 31 0
54.627 14 SVINFO 3 10 1 3 41 82 188
54.825 14 DESIRED -0.403041 0.069943 5.572036 -114.5 162.300003 235. 0.144984 13.
54.825 14 WP_MOVED 4 360312.8125 4813652. 185. 31
54.859 14 NAVIGATION 4 2 101.71875 70. 0. 123.477547 44 37 37 0 0 0
54.876 14 GPS 3 36038528 481366237 2017 230248 1356 -44 0 92760720 31 0
54.876 14 SVINFO 4 11 1 4 40 85 238
54.926 14 CIRCLE 49.5 100.099998 80.
54.927 14 NAVIGATION 4 2 100.53125 67. 0. 123.477547 44 37 37 0 0 0
54.927 14 ESTIMATOR 230.10289 -0.44
55.026 14 AIRSPEED 13.3 0. 0. 0.
55.027 14 ATTITUDE -0.579911 3.474641 0.063245
55.109 14 NAVIGATION 4 2 100.53125 67. 0. 120.811974 45 38 38 0 0 0
55.126 14 GPS 3 36038443 481365921 1950 230245 1363 -15 0 92760960 31 0
55.226 14 CALIBRATION -121.772797 0
55.309 14 FBW_STATUS 2 0 1 12.5 0.599576
55.326 14 WP_MOVED 5 360452.8125 4813581. 260. 31
55.359 14 NAVIGATION 4 2 99.6875 63.5 0. 118.194107 45 38 38 0 0 0
55.376 14 GPS 3 36038386 481365542 1872 230281 1370 7 0 92761240 31 0
55.427 14 ESTIMATOR 230.087204 0.07
55.526 14 ATTITUDE -0.461964 3.216906 0.056472
55.609 14 NAVIGATION 4 2 99.09375 60. 0. 115.842873 45 38 38 0 0 0
55.627 14 IR_SENSORS 0 0 33 -125 232
55.627 14 GPS 3 36038368 481365213 1830 230354 1372 23 0 92761480 31 0
55.628 14 SVINFO 0 7 0 0 43 3 39
55.725 14 ENERGY 41 12.5 0.597513 7.468907 0.050942 0.636777
55.825 14 DL_VALUE 45 0.
55.826 14 WP_MOVED 6 360169.5 4813757.5 260. 31
55.859 14 NAVIGATION 4 2 98.9375 56.5 0. 113.933662 45 38 38 0 0 0
55.875 14 DESIRED 0.756846 0.045634 5.572036 -114.5 162.300003 235. 0.144937 13.
55.876 14 GPS 3 36038376 481364884 1786 230465 1371 30 0 92761720 31 0
55.876 14 SVINFO 1 8 1 1 42 8 89
55.926 14 NAVIGATION 4 2 99. 53.5 0. 113.933662 45 38 38 0 0 0
55.926 14 ESTIMATOR 230.287613 0.3
55.977 14 CIRCLE 49.5 100.099998 80.
56.027 14 AIRSPEED 13.3 0. 0. 0.
56.027 14 ATTITUDE -0.331082 3.067019 0.051749
56.109 14 NAVIGATION 4 2 99. 53.5 0. 112.531105 46 39 39 0 0 0
56.126 14 FBW_STATUS 2 0 1 12.5 0.590773
56.126 14 GPS 3 36038404 481364557 1750 230607 1367 33 0 92761960 31 0
56.127 14 SVINFO 2 9 0 2 41 47 139
56.226 14 GPS_SOL 574 574 574 7
56.326 14 WP_MOVED 7 360284.5 4813704. 235. 31
56.359 14 NAVIGATION 4 2 99.28125 50. 0. 111.160995 46 39 39 0 0 0
56.376 14 GPS 3 36038459 481364179 1710 230800 1360 45 0 92762240 31 0
56.377 14 SVINFO 3 10 1 3 40 84 189
56.426 14 ESTIMATOR 230.582977 0.45
56.526 14 ATTITUDE -0.206083 2.934254 0.045801
56.610 14 NAVIGATION 4 2 99.84375 46.5 0. 110.14093 46 39 39 0 0 0
56.625 14 GPS 3 36038520 481363860 1692 230979 1355 47 0 92762480 31 0
56.626 14 SVINFO 4 11 1 4 39 84 239
56.827 14 IR_SENSORS 0 0 33 -50 259
56.827 14 ENERGY 39 12.5 0.567332 7.091653 0.052015 0.65018
56.827 14 WP_MOVED 8 360269.1875 4813753. 235. 31
56.859 14 NAVIGATION 4 2 100.4375 43. 0. 109.255165 46 39 39 0 0 0
56.877 14 GPS 3 36038589 481363544 1675 231162 1348 43 0 92762720 31 0
56.878 14 SVINFO 5 12 1 5 38 47 289
56.926 14 DESIRED 1.019778 0.017265 5.572036 -114.5 162.300003 235. 0.12695 13.
56.926 14 NAVIGATION 4 2 101.125 40. 0. 109.255165 46 39 39 0 0 0
56.926 14 ESTIMATOR 230.956802 0.43
57.026 14 CIRCLE 49.5 100.099998 80.
57.026 14 AIRSPEED 13.3 0. 0. 0.
57.026 14 ATTITUDE -0.077992 2.872368 0.03473
57.109 14 NAVIGATION 4 2 101.125 40. 0. 108.748634 47 40 40 0 0 0
57.127 14 GPS 3 36038665 481363231 1664 231343 1341 47 0 92762960 31 0
57.128 14 SVINFO 6 13 0 6 37 8 340
57.210 14 COMMANDS 3727,8089,-293,0
57.310 14 FBW_STATUS 2 0 1 12.5 0.54926
57.326 14 CALIBRATION -99.449409 0
57.327 14 DL_VALUE 46 0.32
57.327 14 WP_MOVED 9 360459.6875 4813680. 235. 31
57.360 14 NAVIGATION 4 2 101.875 37. 0. 108.385956 47 40 40 0 0 0
57.376 14 GPS 3 36038755 481362868 1659 231542 1333 56 0 92763240 31 0
57.427 14 COMMANDS 3670,7831,-274,0
57.427 14 ESTIMATOR 231.327576 0.56
57.526 14 STATE_FILTER_STATUS 2 3 300
57.527 14 ATTITUDE 0.043895 2.844222 0.029623
57.609 14 NAVIGATION 4 2 102.8125 33.5 0. 108.132607 47 40 40 0 0 0
57.626 14 GPS 3 36038831 481362558 1662 231698 1328 48 0 92763480 31 0
57.726 14 PPRZ_MODE 2 3 2 2 0 6
57.825 14 ALIVE 158,87,147,219,247,235,138,154,89,223,120,51,202,91,226,10
57.826 14 WP_MOVED 10 360424. 4813592.5 235. 31
57.859 14 NAVIGATION 4 2 103.5625 30. 0. 107.820183 47 40 40 0 0 0
57.876 14 GPS 3 36038902 481362249 1670 231835 1323 44 0 92763720 31 0
57.926 14 ENERGY 37 12.5 0.523139 6.53924 0.053015 0.662682
57.927 14 NAVIGATION 4 2 104.28125 27. 0. 107.820183 47 40 40 0 0 0
57.927 14 ESTIMATOR 231.695145 0.44
57.976 14 DESIRED 1.073606 0.022019 5.572036 -114.5 162.300003 235. 0.104197 13.
58.026 14 IR_SENSORS 0 0 28 29 262
58.026 14 AIRSPEED 13.3 0. 0. 0.
58.026 14 ATTITUDE 0.17307 2.862804 0.0192
58.076 14 CIRCLE 49.5 100.099998 80.
58.110 14 NAVIGATION 4 2 104.28125 27. 0. 107.71991 48 41 41 0 0 0
58.126 14 FBW_STATUS 2 0 1 12.5 0.51643
58.126 14 GPS 3 36038965 481361938 1685 231951 1320 52 0 92763960 31 0
58.226 14 GPS_SOL 559 559 559 7
58.325 14 WP_MOVED 11 360234.40625 4813661.5 235. 31
58.358 14 NAVIGATION 4 2 104.875 24. 0. 107.586082 48 41 41 0 0 0
58.376 14 GPS 3 36039024 481361574 1714 232059 1317 41 0 92764240 31 0
58.377 14 SVINFO 4 11 1 4 38 82 240
58.426 14 ESTIMATOR 231.994812 0.41
58.526 14 ATTITUDE 0.292187 2.939037 0.017408
58.610 14 NAVIGATION 4 2 105.5 20. 0. 107.379005 48 41 41 0 0 0
58.626 14 GPS 3 36039057 481361260 1739 232127 1316 32 0 92764480 31 0
58.627 14 SVINFO 5 12 1 5 37 44 290
58.726 14 DATALINK_REPORT 10 8 1786 561 0 0
58.826 14 DL_VALUE 47 0.
58.826 14 WP_MOVED 0 360326. 4813637. 260. 31
58.859 14 NAVIGATION 4 2 105.8125 17. 0. 107.169426 48 41 41 0 0 0
58.875 14 GPS 3 36039071 481360944 1774 232175 1315 38 0 92764720 31 0
58.876 14 SVINFO 6 13 0 6 36 6 341
58.926 14 NAVIGATION 4 2 105.96875 14. 0. 107.169426 48 41 41 0 0 0
58.927 14 ESTIMATOR 232.182388 0.38
59.021 14 WIND_INFO 14 5 -0.3 -0.1 0. 13.2
59.026 14 ENERGY 35 12.5 0.48711 6.088877 0.053938 0.674223
59.026 14 DESIRED 1.061562 0.048398 5.572036 -114.5 162.300003 235. 0.086852 13.
59.026 14 AIRSPEED 13.2 0. 0. 0.
59.027 14 ATTITUDE 0.422933 3.043603 0.025612
59.109 14 NAVIGATION 4 2 105.96875 14. 0. 106.889549 49 42 42 0 0 0
59.125 14 CIRCLE 49.5 100.099998 80.
59.126 14 GPS 3 36039058 481360576 1821 232206 1316 23 0 92765000 31 0
59.126 14 SVINFO 0 7 0 0 42 1 41
59.226 14 NAVIGATION_REF 360284 4813595 31 185.
59.226 14 IR_SENSORS 0 0 28 106 242
59.309 14 FBW_STATUS 2 0 1 12.5 0.482826
59.325 14 WP_MOVED 1 360284. 4813595. 260. 31
59.359 14 NAVIGATION 4 2 105.8125 10.5 0. 106.332191 49 42 42 0 0 0
59.376 14 GPS 3 36039016 481360263 1885 232212 1318 -1 0 92765240 31 0
59.377 14 SVINFO 1 8 0 1 41 12 91
59.426 14 CALIBRATION -61.099655 0
59.427 14 ESTIMATOR 232.289688 -0.01
59.526 14 ATTITUDE 0.543427 3.268651 0.036036
59.610 14 NAVIGATION 4 2 105.40625 7. 0. 105.638428 49 42 42 0 0 0
59.626 14 GPS 3 36038942 481359955 1935 232198 1320 -10 0 92765480 31 0
59.627 14 SVINFO 2 9 1 2 40 53 141
59.825 14 WP_MOVED 2 360333.5 4813695. 235. 31
59.859 14 NAVIGATION 4 2 104.6875 4. 0. 104.763893 49 42 42 0 0 0
59.875 14 GPS 3 36038832 481359656 2001 232165 1323 -22 0 92765720 31 0
59.876 14 SVINFO 3 10 1 3 39 86 191
59.926 14 NAVIGATION 4 2 103.5625 1. 0. 104.763893 49 42 42 0 0 0
59.926 14 ESTIMATOR 232.220184 -0.22
60.027 14 AIRSPEED 13.2 0. 0. 0.
60.027 14 ATTITUDE 0.604552 3.474979 0.049051
60.076 14 DESIRED 1.039028 0.067078 5.572036 -114.5 162.300003 235. 0.082072 13.
60.109 14 NAVIGATION 4 2 103.5625 1. 0. 103.567329 50 43 43 0 0 0
60.126 14 FBW_STATUS 2 0 1 12.5 0.500912
60.126 14 ENERGY 35 12.5 0.500372 6.254653 0.054834 0.685424
60.126 14 GPS 3 36038687 481359373 2071 232124 1328 -17 0 92765960 31 0
60.176 14 CIRCLE 49.5 100.099998 80.
60.226 14 GPS_SOL 543 543 543 7
60.326 14 DL_VALUE 48 0.01
60.326 14 WP_MOVED 3 360461.40625 4813640. 215. 31
60.359 14 NAVIGATION 4 2 102.125 -2. 0. 102.144585 50 43 43 0 0 0
60.376 14 GPS 3 36038474 481359065 2163 232082 1335 -15 0 92766240 31 0
60.426 14 IR_SENSORS 0 0 33 136 226
60.426 14 ESTIMATOR 232.10437 -0.15
60.527 14 ATTITUDE 0.604552 3.762554 0.062056
60.610 14 NAVIGATION 4 2 99.96875 -5. 0. 100.093712 50 43 43 0 0 0
60.626 14 GPS 3 36038259 481358827 2221 232059 1338 -15 0 92766480 31 0
60.826 14 WP_MOVED 4 360312.8125 4813652. 185. 31
60.859 14 NAVIGATION 4 2 97.84375 -7.5 0. 98.130775 50 43 43 0 0 0
60.875 14 GPS 3 36038016 481358616 2290 232049 1341 -6 0 92766720 31 0
60.876 14 SVINFO 0 7 0 0 41 0 42
60.927 14 NAVIGATION 4 2 95.40625 -9.5 0. 98.130775 50 43 43 0 0 0
60.927 14 ESTIMATOR 232.032913 -0.06
61.026 14 AIRSPEED 13.2 0. 0. 0.
61.026 14 ATTITUDE 0.604552 3.987711 0.06638
61.110 14 NAVIGATION 4 2 95.40625 -9.5 0. 95.878059 51 44 44 0 0 0
61.125 14 DESIRED 0.985611 0.067425 5.572036 -114.5 162.300003 235. 0.089013 13.
61.126 14 GPS 3 36037749 481358435 2358 232054 1344 4 0 92766960 31 0
61.126 14 SVINFO 1 8 1 1 40 14 92
61.226 14 ENERGY 36 12.5 0.51951 6.493874 0.055773 0.697161
61.226 14 CIRCLE 49.5 100.099998 80.
61.308 14 FBW_STATUS 2 0 1 12.5 0.520054
61.326 14 WP_MOVED 5 360452.8125 4813581. 260. 31
61.359 14 NAVIGATION 4 2 92.71875 -11. 0. 93.36898 51 44 44 0 0 0
61.375 14 GPS 3 36037412 481358266 2450 232075 1345 -5 0 92767240 31 0
61.376 14 SVINFO 2 9 1 2 39 56 142
61.425 14 ESTIMATOR 232.046906 -0.05
61.527 14 CALIBRATION -84.644028 0
61.528 14 ATTITUDE 0.604552 4.273688 0.070698
61.609 14 NAVIGATION 4 2 89.375 -13. 0. 90.315506 51 44 44 0 0 0
61.626 14 IR_SENSORS 0 0 36 136 226
61.627 14 GPS 3 36037107 481358159 2507 232103 1345 -8 0 92767480 31 0
61.627 14 SVINFO 3 10 1 3 38 87 192
61.827 14 DL_VALUE 49 0.1
61.827 14 WP_MOVED 6 360169.5 4813757.5 260. 31
61.860 14 NAVIGATION 4 2 86.34375 -14. 0. 87.471382 51 44 44 0 0 0
61.876 14 GPS 3 36036792 481358090 2575 232139 1345 -7 0 92767720 31 0
61.876 14 SVINFO 4 11 1 4 37 79 242
61.927 14 NAVIGATION 4 2 83.15625 -14.5 0. 87.471382 51 44 44 0 0 0
61.927 14 ESTIMATOR 232.059525 -0.07
62.027 14 AIRSPEED 13.2 0. 0. 0.
62.028 14 ATTITUDE 0.604552 4.498288 0.075011
62.110 14 NAVIGATION 4 2 83.15625 -14.5 0. 84.410973 52 45 45 0 0 0
62.126 14 FBW_STATUS 2 0 1 12.5 0.532603
62.127 14 GPS 3 36036471 481358059 2644 232179 1345 -5 0 92767960 31 0
62.127 14 SVINFO 5 12 0 5 36 38 292
62.176 14 DESIRED 0.850534 0.067385 5.572036 -114.5 162.300003 235. 0.088214 13.
62.210 14 COMMANDS 3625,1844,-91,0
62.226 14 GPS_SOL 528 528 528 7
62.277 14 CIRCLE 49.5 100.099998 80.
62.326 14 ENERGY 37 12.5 0.534427 6.680343 0.056739 0.709239
62.326 14 WP_MOVED 7 360284.5 4813704. 235. 31
62.360 14 NAVIGATION 4 2 79.96875 -15. 0. 81.363388 52 45 45 0 0 0
62.376 14 GPS 3 36036094 481358071 2735 232230 1346 -15 0 92768240 31 0
62.377 14 SVINFO 6 13 1 6 35 3 343
62.425 14 COMMANDS 3651,1412,-91,0
62.426 14 ESTIMATOR 232.107193 -0.15
62.526 14 STATE_FILTER_STATUS 2 3 398
62.527 14 ATTITUDE 0.604552 4.78391 0.070698
62.609 14 NAVIGATION 4 2 76.21875 -14.5 0. 77.585747 52 45 45 0 0 0
62.626 14 GPS 3 36035775 481358123 2792 232274 1345 0 0 92768480 31 0
62.726 14 PPRZ_MODE 2 3 2 2 0 6
62.827 14 ALIVE 158,87,147,219,247,235,138,154,89,223,120,51,202,91,226,10
62.828 14 IR_SENSORS 0 0 36 136 226
62.828 14 WP_MOVED 8 360269.1875 4813753. 235. 31
62.859 14 NAVIGATION 4 2 73. -14.5 0. 74.42614 52 45 45 0 0 0
62.876 14 GPS 3 36035465 481358213 2861 232319 1346 -3 0 92768720 31 0
62.926 14 NAVIGATION 4 2 69.875 -13.5 0. 74.42614 52 45 45 0 0 0
62.926 14 ESTIMATOR 232.17276 -0.03
63.026 14 AIRSPEED 13.2 0. 0. 0.
63.027 14 ATTITUDE 0.604552 5.007786 0.070698
63.110 14 NAVIGATION 4 2 69.875 -13.5 0. 71.167168 53 46 46 0 0 0
63.126 14 GPS 3 36035167 481358339 2929 232363 1347 -19 0 92768960 31 0
63.226 14 DESIRED 0.462371 0.067215 5.572036 -114.5 162.300003 235. 0.084817 13.
63.311 14 FBW_STATUS 2 0 1 12.5 0.551833
63.326 14 DL_VALUE 50 0.
63.327 14 CIRCLE 49.5 100.099998 80.
63.327 14 WP_MOVED 9 360459.6875 4813680. 235. 31
63.358 14 NAVIGATION 4 2 66.9375 -12. 0. 68.004623 53 46 46 0 0 0
63.376 14 GPS 3 36034842 481358530 3021 232413 1348 -8 0 92769240 31 0
63.377 14 SVINFO 3 10 1 3 37 88 193
63.426 14 ENERGY 38 12.5 0.552017 6.900209 0.057736 0.721695
63.426 14 ESTIMATOR 232.231369 -0.08
63.527 14 ATTITUDE 0.587628 5.291392 0.069335
63.609 14 NAVIGATION 4 2 63.65625 -10. 0. 64.436935 53 46 46 0 0 0
63.627 14 CALIBRATION -105.682747 0
63.628 14 GPS 3 36034586 481358728 3077 232458 1349 0 0 92769480 31 0
63.628 14 SVINFO 4 11 0 4 36 77 243
63.825 14 DATALINK_REPORT 5 9 1920 554 0 0
63.826 14 WP_MOVED 10 360424. 4813592.5 235. 31
63.860 14 NAVIGATION 4 2 61.09375 -8.5 0. 61.68222 53 46 46 0 0 0
63.876 14 GPS 3 36034351 481358953 3137 232518 1350 10 0 92769720 31 0
63.876 14 SVINFO 5 12 0 5 35 35 293
63.927 14 NAVIGATION 4 2 58.78125 -6. 0. 61.68222 53 46 46 0 0 0
63.927 14 ESTIMATOR 232.33725 0.1
64.025 14 IR_SENSORS 0 0 35 102 243
64.025 14 AIRSPEED 13.2 0. 0. 0.
64.026 14 ATTITUDE 0.46025 5.497392 0.055783
64.109 14 NAVIGATION 4 2 58.78125 -6. 0. 59.086678 54 47 47 0 0 0
64.126 14 FBW_STATUS 2 0 1 12.5 0.554041
64.126 14 GPS 3 36034139 481359197 3190 232600 1350 32 0 92769960 31 0
64.126 14 SVINFO 6 13 1 6 34 2 344
64.226 14 GPS_SOL 512 512 512 7
64.276 14 DESIRED -0.416518 0.045553 5.572036 -114.5 162.300003 235. 0.079883 13.
64.326 14 WP_MOVED 11 360234.40625 4813661.5 235. 31
64.359 14 NAVIGATION 4 2 56.65625 -3.5 0. 56.764256 54 47 47 0 0 0
64.376 14 CIRCLE 49.5 100.099998 80.
64.377 14 GPS 3 36033917 481359503 3249 232726 1347 46 0 92770240 31 0
64.377 14 SVINFO 0 7 0 0 40 0 44
64.426 14 ESTIMATOR 232.560562 0.46
64.527 14 ENERGY 37 12.5 0.53735 6.716871 0.058746 0.734325
64.528 14 ATTITUDE 0.336427 5.69453 0.050201
64.610 14 NAVIGATION 4 2 54.40625 -0.5 0. 54.408546 54 47 47 0 0 0
64.626 14 GPS 3 36033746 481359776 3280 232855 1343 56 0 92770480 31 0
64.626 14 SVINFO 1 8 1 1 39 19 94
64.826 14 AUTOPILOT_VERSION 51500 v5.15_devel-179-g9a29798-dirty
64.827 14 DL_VALUE 51 0.15
64.827 14 WP_MOVED 0 360326. 4813637. 260. 31
64.859 14 NAVIGATION 4 2 52.6875 2.5 0. 52.74678 54 47 47 0 0 0
64.876 14 GPS 3 36033591 481360057 3310 232998 1337 67 0 92770720 31 0
64.876 14 SVINFO 2 9 1 2 38 62 144
64.927 14 NAVIGATION 4 2 51.15625 5. 0. 52.74678 54 47 47 0 0 0
64.927 14 ESTIMATOR 232.896698 0.67
65.026 14 AIRSPEED 13.2 0. 0. 0.
65.026 14 ATTITUDE 0.20741 5.802074 0.042272
65.109 14 NAVIGATION 4 2 51.15625 5. 0. 51.400017 55 48 48 0 0 0
65.126 14 GPS 3 36033449 481360343 3335 233148 1329 69 0 92770960 31 0
65.226 14 IR_SENSORS 0 0 33 24 262
65.310 14 FBW_STATUS 2 0 1 12.5 0.490866
65.326 14 DESIRED -0.871625 0.017212 5.572036 -114.5 162.300003 235. 0.063099 13.
65.327 14 WP_MOVED 1 360284. 4813595. 260. 31
65.359 14 NAVIGATION 4 2 49.71875 8. 0. 50.358257 55 48 48 0 0 0
65.375 14 GPS 3 36033295 481360679 3358 233322 1319 65 0 92771240 31 0
65.427 14 CIRCLE 49.5 100.099998 80.
65.427 14 ESTIMATOR 233.274612 0.65
65.527 14 ATTITUDE 0.085642 5.885222 0.033811
65.609 14 NAVIGATION 4 2 48.21875 11. 0. 49.457535 55 48 48 0 0 0
65.626 14 ENERGY 34 12.5 0.473574 5.919679 0.059673 0.745914
65.627 14 GPS 3 36033170 481360969 3366 233464 1312 63 0 92771480 31 0
65.727 14 CALIBRATION -57.901676 0
65.826 14 WP_MOVED 2 360333.5 4813695. 235. 31
65.859 14 NAVIGATION 4 2 46.9375 14. 0. 48.980904 55 48 48 0 0 0
65.876 14 GPS 3 36033049 481361257 3371 233594 1304 55 0 92771720 31 0
65.926 14 NAVIGATION 4 2 45.71875 17. 0. 48.980904 55 48 48 0 0 0
65.926 14 ESTIMATOR 233.599579 0.55
66.026 14 AIRSPEED 13.2 0. 0. 0.
66.026 14 ATTITUDE -0.043634 5.908809 0.026741
66.110 14 NAVIGATION 4 2 45.71875 17. 0. 48.777084 56 49 49 0 0 0
66.126 14 FBW_STATUS 2 0 1 12.5 0.447112
66.126 14 GPS 3 36032927 481361544 3370 233706 1297 50 0 92771960 31 0
66.127 14 SVINFO 0 7 0 0 39 0 45
66.226 14 GPS_SOL 496 496 496 7
66.327 14 DL_VALUE 52 0.05
66.327 14 WP_MOVED 3 360461.40625 4813640. 215. 31
66.358 14 NAVIGATION 4 2 44.53125 20. 0. 48.816311 56 49 49 0 0 0
66.376 14 DESIRED -0.973248 0.015614 5.572036 -114.5 162.300003 235. 0.038127 13.
66.376 14 GPS 3 36032781 481361875 3358 233810 1290 33 0 92772240 31 0
66.376 14 SVINFO 1 8 1 1 38 21 95
66.426 14 IR_SENSORS 0 0 28 -54 258
66.426 14 ESTIMATOR 233.842758 0.33
66.476 14 CIRCLE 49.5 100.099998 80.
66.526 14 ATTITUDE -0.16283 5.88649 0.021255
66.609 14 NAVIGATION 4 2 43.0625 23.5 0. 49.057404 56 49 49 0 0 0
66.626 14 GPS 3 36032648 481362154 3345 233874 1287 13 0 92772480 31 0
66.627 14 SVINFO 2 9 1 2 37 65 145
66.726 14 ENERGY 31 12.5 0.432441 5.405516 0.060493 0.756165
66.825 14 WP_MOVED 4 360312.8125 4813652. 185. 31
66.859 14 NAVIGATION 4 2 41.71875 26. 0. 49.15744 56 49 49 0 0 0
66.875 14 GPS 3 36032505 481362427 3323 233913 1284 -6 0 92772720 31 0
66.875 14 SVINFO 3 10 1 3 36 89 195
66.927 14 NAVIGATION 4 2 40.28125 29. 0. 49.15744 56 49 49 0 0 0
66.927 14 ESTIMATOR 233.936478 -0.06
67.026 14 AIRSPEED 13.2 0. 0. 0.
67.027 14 ATTITUDE -0.292399 5.825576 0.017191
67.109 14 NAVIGATION 4 2 40.28125 29. 0. 49.634457 57 50 50 0 0 0
67.126 14 GPS 3 36032349 481362693 3295 233930 1284 -14 0 92772960 31 0
67.126 14 SVINFO 4 11 1 4 35 72 245
67.209 14 COMMANDS 3088,-4525,208,0
67.309 14 FBW_STATUS 2 0 1 12.5 0.43889
67.325 14 WP_MOVED 5 360452.8125 4813581. 260. 31
67.359 14 NAVIGATION 4 2 38.71875 31.5 0. 49.913841 57 50 50 0 0 0
67.376 14 GPS 3 36032146 481362990 3247 233922 1287 -30 0 92773240 31 0
67.376 14 SVINFO 5 12 1 5 34 29 295
67.426 14 COMMANDS 3125,-3964,240,0
67.426 14 DESIRED -0.912455 0.042837 5.572036 -114.5 162.300003 235. 0.03229 13.
67.426 14 ESTIMATOR 233.897217 -0.3
67.527 14 STATE_FILTER_STATUS 2 3 382
67.527 14 CIRCLE 49.5 100.099998 80.
67.527 14 ATTITUDE -0.41266 5.690967 0.022924
67.609 14 NAVIGATION 4 2 36.6875 34.5 0. 50.360924 57 50 50 0 0 0
67.626 14 IR_SENSORS 0 0 26 -129 231
67.626 14 GPS 3 36031951 481363231 3210 233895 1290 -43 0 92773480 31 0
67.627 14 SVINFO 6 13 1 6 33 0 346
67.726 14 PPRZ_MODE 2 3 2 2 0 6
67.826 14 ALIVE 158,87,147,219,247,235,138,154,89,223,120,51,202,91,226,10
67.826 14 CALIBRATION -49.062702 0
67.826 14 DL_VALUE 53 0.
67.826 14 ENERGY 33 12.5 0.459066 5.73833 0.061302 0.766269
67.826 14 WP_MOVED 6 360169.5 4813757.5 260. 31
67.859 14 NAVIGATION 4 2 34.78125 37. 0. 50.78125 57 50 50 0 0 0
67.876 14 GPS 3 36031735 481363454 3159 233849 1295 -55 0 92773720 31 0
67.927 14 NAVIGATION 4 2 32.625 39. 0. 50.78125 57 50 50 0 0 0
67.927 14 ESTIMATOR 233.763123 -0.55
68.026 14 AIRSPEED 13.2 0. 0. 0.
68.026 14 ATTITUDE -0.545105 5.536248 0.036521
68.110 14 NAVIGATION 4 2 32.625 39. 0. 50.846737 58 51 51 0 0 0
68.126 14 FBW_STATUS 2 0 1 12.5 0.477306
68.127 14 GPS 3 36031496 481363656 3100 233786 1302 -59 0 92773960 31 0
68.226 14 NAVIGATION_REF 360284 4813595 31 185.
68.226 14 GPS_SOL 480 480 480 7
68.326 14 WP_MOVED 7 360284.5 4813704. 235. 31
68.359 14 NAVIGATION 4 2 30.21875 41. 0. 50.933022 58 51 51 0 0 0
68.377 14 GPS 3 36031187 481363855 3010 233692 1315 -72 0 92774240 31 0
68.377 14 SVINFO 2 9 1 2 36 68 146
68.426 14 ESTIMATOR 233.563721 -0.72
68.476 14 DESIRED -0.654654 0.064694 5.572036 -114.5 162.300003 235. 0.039995 13.
68.526 14 ATTITUDE -0.601862 5.27371 0.051264
68.576 14 CIRCLE 49.5 100.099998 80.
68.610 14 NAVIGATION 4 2 27.125 43. 0. 50.840591 58 51 51 0 0 0
68.626 14 GPS 3 36030900 481363990 2952 233606 1322 -75 0 92774480 31 0
68.626 14 SVINFO 3 10 0 3 35 89 196
68.825 14 IR_SENSORS 0 0 30 -163 208
68.825 14 WP_MOVED 8 360269.1875 4813753. 235. 31
68.860 14 NAVIGATION 4 2 24.25 44.5 0. 50.67852 58 51 51 0 0 0
68.876 14 GPS 3 36030596 481364091 2883 233529 1333 -47 0 92774720 31 0
68.876 14 SVINFO 4 11 1 4 34 69 246
68.926 14 DATALINK_REPORT 10 9 2058 577 0 0
68.927 14 ENERGY 37 12.5 0.53078 6.634751 0.062209 0.777616
68.927 14 NAVIGATION 4 2 21.21875 45.5 0. 50.67852 58 51 51 0 0 0
68.927 14 ESTIMATOR 233.324173 -0.47
69.023 14 WIND_INFO 14 5 -0.3 -0.2 0. 13.1
69.026 14 AIRSPEED 13.1 0. 0. 0.
69.026 14 ATTITUDE -0.591251 5.0465 0.059294
69.109 14 NAVIGATION 4 2 21.21875 45.5 0. 50.204437 59 52 52 0 0 0
69.126 14 GPS 3 36030280 481364155 2814 233468 1342 -42 0 92774960 31 0
69.310 14 FBW_STATUS 2 0 1 12.5 0.549443
69.327 14 DL_VALUE 54 0.
69.327 14 WP_MOVED 9 360459.6875 4813680. 235. 31
69.359 14 NAVIGATION 4 2 18.0625 46. 0. 49.419167 59 52 52 0 0 0
69.376 14 GPS 3 36029904 481364186 2732 233438 1352 -12 0 92775240 31 0
69.425 14 ESTIMATOR 233.238007 -0.12
69.527 14 DESIRED 0.308679 0.051932 5.572036 -114.5 162.300003 235. 0.051785 13.
69.527 14 ATTITUDE -0.473692 4.785951 0.05278
69.609 14 NAVIGATION 4 2 14.28125 46.5 0. 48.643642 59 52 52 0 0 0
69.626 14 CIRCLE 49.5 100.099998 80.
69.626 14 GPS 3 36029578 481364180 2689 233457 1355 -4 0 92775480 31 0
69.626 14 SVINFO 0 7 0 0 38 0 47
69.827 14 WP_MOVED 10 360424. 4813592.5 235. 31
69.860 14 NAVIGATION 4 2 11. 46.5 0. 47.783367 59 52 52 0 0 0
69.877 14 GPS 3 36029254 481364148 2643 233517 1356 0 0 92775720 31 0
69.877 14 SVINFO 1 8 1 1 37 27 97
69.926 14 CALIBRATION -110.034882 0
69.926 14 NAVIGATION 4 2 7.8125 46. 0. 47.783367 59 52 52 0 0 0
69.927 14 ESTIMATOR 233.327515 0.
70.026 14 IR_SENSORS 0 0 33 -104 242
70.027 14 ENERGY 38 12.5 0.553673 6.920908 0.063214 0.790173
70.027 14 AIRSPEED 13.1 0. 0. 0.
70.027 14 ATTITUDE -0.343057 4.626694 0.048261
70.109 14 NAVIGATION 4 2 7.8125 46. 0. 46.65871 60 53 53 0 0 0
70.126 14 FBW_STATUS 2 0 1 12.5 0.554409
70.126 14 GPS 3 36028934 481364094 2604 233613 1354 19 0 92775960 31 0
70.226 14 GPS_SOL 464 464 464 7
70.327 14 WP_MOVED 11 360234.40625 4813661.5 235. 31
70.359 14 NAVIGATION 4 2 4.625 45.5 0. 45.734459 60 53 53 0 0 0
70.376 14 GPS 3 36028565 481364010 2563 233759 1349 20 0 92776240 31 0
70.426 14 ESTIMATOR 233.528198 0.2
70.526 14 ATTITUDE -0.221721 4.483879 0.042436
70.576 14 DESIRED 0.912499 0.023484 5.572036 -114.5 162.300003 235. 0.047974 13.
70.609 14 NAVIGATION 4 2 0.875 44.5 0. 44.508602 60 53 53 0 0 0
70.627 14 GPS 3 36028255 481363923 2543 233902 1344 45 0 92776480 31 0
70.676 14 CIRCLE 49.5 100.099998 80.
70.826 14 DL_VALUE 55 0.
70.826 14 WP_MOVED 0 360326. 4813637. 260. 31
70.858 14 NAVIGATION 4 2 -2.1875 44. 0. 44.054344 60 53 53 0 0 0
70.876 14 GPS 3 36027948 481363827 2525 234053 1338 38 0 92776720 31 0
70.876 14 SVINFO 5 12 1 5 33 23 297
70.926 14 NAVIGATION 4 2 -5.28125 43. 0. 44.054344 60 53 53 0 0 0
70.927 14 ESTIMATOR 233.845627 0.38
71.025 14 AIRSPEED 13.1 0. 0. 0.
71.025 14 ATTITUDE -0.089817 4.415721 0.035195
71.109 14 NAVIGATION 4 2 -5.28125 43. 0. 43.323109 61 54 54 0 0 0
71.126 14 ENERGY 36 12.5 0.522413 6.530161 0.064205 0.802561
71.126 14 GPS 3 36027645 481363724 2513 234204 1331 40 0 92776960 31 0
71.126 14 SVINFO 6 13 1 6 32 0 348
71.227 14 IR_SENSORS 0 0 31 -27 262
71.309 14 FBW_STATUS 2 0 1 12.5 0.514077
71.325 14 WP_MOVED 1 360284. 4813595. 260. 31
71.359 14 NAVIGATION 4 2 -8.3125 41.5 0. 42.324314 61 54 54 0 0 0
71.376 14 GPS 3 36027295 481363602 2506 234373 1323 61 0 92777240 31 0
71.377 14 SVINFO 0 7 0 0 37 1 48
71.425 14 ESTIMATOR 234.176315 0.61
71.526 14 ATTITUDE 0.032538 4.381642 0.025885
71.610 14 NAVIGATION 4 2 -11.78125 40.5 0. 42.178761 61 54 54 0 0 0
71.626 14 DESIRED 1.064482 0.007781 5.572036 -114.5 162.300003 235. 0.024711 13.
71.627 14 GPS 3 36026996 481363498 2507 234504 1318 47 0 92777480 31 0
71.627 14 SVINFO 1 8 1 1 36 30 98
71.726 14 CIRCLE 49.5 100.099998 80.
71.826 14 WP_MOVED 2 360333.5 4813695. 235. 31
71.859 14 NAVIGATION 4 2 -14.78125 39.5 0. 42.175056 61 54 54 0 0 0
71.876 14 GPS 3 36026697 481363398 2515 234617 1312 46 0 92777720 31 0
71.876 14 SVINFO 2 9 0 2 35 73 148
71.926 14 NAVIGATION 4 2 -17.78125 38.5 0. 42.175056 61 54 54 0 0 0
71.926 14 ESTIMATOR 234.523621 0.46
72.025 14 CALIBRATION -69.27327 0
72.026 14 AIRSPEED 13.1 0. 0. 0.
72.026 14 ATTITUDE 0.157604 4.3972 0.018798
72.110 14 NAVIGATION 4 2 -17.78125 38.5 0. 42.407814 62 55 55 0 0 0
72.126 14 FBW_STATUS 2 0 1 12.5 0.473574
72.127 14 GPS 3 36026397 481363305 2528 234709 1308 40 0 92777960 31 0
72.127 14 SVINFO 3 10 1 3 34 89 198
72.210 14 COMMANDS 3272,6524,72,0
72.229 14 GPS_SOL 448 448 448 7
72.230 14 ENERGY 34 12.5 0.470204 5.877547 0.065112 0.813895
72.327 14 DL_VALUE 56 0.
72.327 14 WP_MOVED 3 360461.40625 4813640. 215. 31
72.360 14 NAVIGATION 4 2 -20.78125 37.5 0. 42.873188 62 55 55 0 0 0
72.375 14 GPS 3 36026044 481363211 2556 234788 1304 18 0 92778240 31 0
72.375 14 SVINFO 4 11 1 4 33 64 248
72.425 14 COMMANDS 3248,6127,119,0
72.426 14 IR_SENSORS 0 0 27 52 259
72.426 14 ESTIMATOR 234.764725 0.18
72.527 14 STATE_FILTER_STATUS 2 3 341
72.527 14 ATTITUDE 0.280269 4.47124 0.01317
72.609 14 NAVIGATION 4 2 -24.3125 36.5 0. 43.855988 62 55 55 0 0 0
72.625 14 GPS 3 36025738 481363146 2580 234832 1303 6 0 92778480 31 0
72.625 14 SVINFO 5 12 1 5 32 20 298
72.675 14 DESIRED 1.061752 0.033662 5.572036 -114.5 162.300003 235. 0.007058 13.
72.725 14 PPRZ_MODE 2 3 2 2 0 6
72.777 14 CIRCLE 49.5 100.099998 80.
72.825 14 ALIVE 158,87,147,219,247,235,138,154,89,223,120,51,202,91,226,10
72.825 14 WP_MOVED 4 360312.8125 4813652. 185. 31
72.858 14 NAVIGATION 4 2 -27.375 36. 0. 45.225994 62 55 55 0 0 0
72.876 14 GPS 3 36025429 481363099 2614 234854 1303 -32 0 92778720 31 0
72.926 14 NAVIGATION 4 2 -30.46875 35.5 0. 45.225994 62 55 55 0 0 0
72.927 14 ESTIMATOR 234.836502 -0.32
73.026 14 AIRSPEED 13.1 0. 0. 0.
73.028 14 ATTITUDE 0.410955 4.574971 0.021177
73.110 14 NAVIGATION 4 2 -30.46875 35.5 0. 46.782417 63 56 56 0 0 0
73.132 14 GPS 3 36025117 481363075 2655 234856 1304 -58 0 92778960 31 0
73.308 14 FBW_STATUS 2 0 1 12.5 0.487646
73.325 14 ENERGY 35 12.5 0.487646 6.095579 0.065972 0.824647
73.326 14 WP_MOVED 5 360452.8125 4813581. 260. 31
73.360 14 NAVIGATION 4 2 -33.59375 35. 0. 48.513298 63 56 56 0 0 0
73.376 14 GPS 3 36024750 481363081 2722 234836 1310 -62 0 92779240 31 0
73.426 14 ESTIMATOR 234.688202 -0.62
73.528 14 ATTITUDE 0.529864 4.767467 0.030826
73.609 14 NAVIGATION 4 2 -37.21875 35. 0. 51.090462 63 56 56 0 0 0
73.630 14 IR_SENSORS 0 0 28 126 232
73.630 14 GPS 3 36024437 481363120 2770 234800 1315 -38 0 92779480 31 0
73.727 14 DESIRED 1.041369 0.061139 5.572036 -114.5 162.300003 235. 0.009354 13.
73.825 14 DL_VALUE 57 0.
73.825 14 CIRCLE 49.5 100.099998 80.
73.825 14 WP_MOVED 6 360169.5 4813757.5 260. 31
73.859 14 NAVIGATION 4 2 -40.375 36. 0. 54.093815 63 56 56 0 0 0
73.875 14 GPS 3 36024128 481363195 2836 234749 1322 -36 0 92779720 31 0
73.925 14 NAVIGATION 4 2 -43.46875 36.5 0. 54.093815 63 56 56 0 0 0
73.925 14 ESTIMATOR 234.569 -0.36
