6.103 14 ENERGY 0 12.5 0. 0. 0. 0.
6.103 14 AIRSPEED 0. 0. 0. 0.
6.103 14 ATTITUDE 0.0023 0. -0.000365
6.187 14 NAVIGATION 2 1 0. 0. 0. 0. 0 51 51 1 0 0
6.205 14 FBW_STATUS 2 0 1 12.5 0.
6.206 14 GPS 3 36028477 481359546 899 185000 0 4 0 92447959 31 0
6.303 14 GPS_SOL 629 629 629 7
6.404 14 DL_VALUE 40 0.
6.404 14 WP_MOVED 3 360461.40625 4813640. 215. 31
6.438 14 NAVIGATION 2 1 0. 0. 0. 0. 0 51 51 1 0 0
6.454 14 GPS 3 36028477 481359546 899 185000 0 -8 0 92448240 31 0
6.454 14 SVINFO 6 13 1 6 40 19 335
6.504 14 IR_SENSORS 0 0 23 -16 264
6.505 14 ESTIMATOR 185.06012 -0.08
6.584 14 WIND_INFO 14 5 0. 0. 0. 0.
6.604 14 DATALINK_REPORT 0 6 1487 525 0 0
6.604 14 DESIRED 0. 0.00024 0. 0. 0. 235. 0. 13.
6.604 14 ATTITUDE 0.0023 0. -0.000365
6.687 14 NAVIGATION 2 1 0. 0. 0. 0. 0 51 51 1 0 0
6.705 14 GPS 3 36028477 481359546 899 185000 0 0 0 92448480 31 0
6.904 14 WP_MOVED 4 360312.8125 4813652. 185. 31
6.939 14 NAVIGATION 2 1 0. 0. 0. 0. 0 51 51 1 0 0
6.956 14 GPS 3 36028477 481359546 899 185000 0 -24 0 92448720 31 0
7.004 14 CALIBRATION 0. 0
7.005 14 NAVIGATION 2 1 0. 0. 0. 0. 0 51 51 1 0 0
7.005 14 ESTIMATOR 185.022141 -0.24
7.107 14 AIRSPEED 0. 0. 0. 0.
7.108 14 ATTITUDE 0.0023 0. -0.000365
7.188 14 NAVIGATION 2 1 0. 0. 0. 0. 0 52 52 1 0 0
7.204 14 ENERGY 0 12.5 0. 0. 0. 0.
7.204 14 GPS 3 36028477 481359546 899 185000 0 -31 0 92448959 31 0
7.205 14 SVINFO 2 9 0 2 44 34 135
7.388 14 FBW_STATUS 2 0 1 12.5 0.
7.404 14 WP_MOVED 5 360452.8125 4813581. 260. 31
7.436 14 NAVIGATION 2 1 0. 0. 0. 0. 0 52 52 1 0 0
7.454 14 GPS 3 36028477 481359546 899 185000 0 -16 0 92449240 31 0
7.455 14 SVINFO 3 10 0 3 43 76 185
7.504 14 ESTIMATOR 184.919815 -0.16
7.604 14 ATTITUDE 0.0023 0. -0.000365
7.654 14 DESIRED 0. 0.00024 0. 0. 0. 235. 0. 13.
7.687 14 NAVIGATION 2 1 0. 0. 0. 0. 0 52 52 1 0 0
7.703 14 IR_SENSORS 0 0 23 -16 264
7.703 14 GPS 3 36028477 481359546 899 185000 0 -17 0 92449480 31 0
7.704 14 SVINFO 4 11 0 4 42 88 235
7.905 14 DL_VALUE 41 0.
7.905 14 WP_MOVED 6 360169.5 4813757.5 260. 31
7.938 14 NAVIGATION 2 1 0. 0. 0. 0. 0 52 52 1 0 0
7.955 14 GPS 3 36028477 481359546 899 185000 0 -23 0 92449720 31 0
7.956 14 SVINFO 5 12 1 5 41 60 285
8.005 14 NAVIGATION 2 1 0. 0. 0. 0. 0 52 52 1 0 0
8.006 14 ESTIMATOR 184.902725 -0.23
8.103 14 AIRSPEED 0. 0. 0. 0.
8.103 14 ATTITUDE 0.0023 0. -0.000365
8.188 14 NAVIGATION 2 1 0. 0. 0. 0. 0 53 53 1 0 0
8.204 14 FBW_STATUS 2 0 1 12.5 0.
8.204 14 GPS 3 36028477 481359546 899 185000 0 -37 0 92449959 31 0
8.305 14 NAVIGATION_REF 360284 4813595 31 185.
8.306 14 GPS_SOL 616 616 616 7
8.306 14 ENERGY 0 12.5 0. 0. 0. 0.
8.405 14 WP_MOVED 7 360284.5 4813704. 235. 31
8.438 14 NAVIGATION 2 1 0. 0. 0. 0. 0 53 53 1 0 0
8.455 14 GPS 3 36028477 481359546 899 185000 0 -24 0 92450240 31 0
8.456 14 SVINFO 0 7 0 0 45 8 36
8.505 14 ESTIMATOR 184.845749 -0.24
8.605 14 ATTITUDE 0.0023 0. -0.000365
8.687 14 NAVIGATION 2 1 0. 0. 0. 0. 0 53 53 1 0 0
8.704 14 DESIRED 0. 0.00024 0. 0. 0. 235. 0. 13.
8.704 14 GPS 3 36028477 481359546 899 185000 0 -21 0 92450480 31 0
8.705 14 SVINFO 1 8 1 1 44 3 86
8.904 14 IR_SENSORS 0 0 23 -16 264
8.904 14 WP_MOVED 8 360269.1875 4813753. 235. 31
8.938 14 NAVIGATION 2 1 0. 0. 0. 0. 0 53 53 1 0 0
8.954 14 GPS 3 36028477 481359546 899 185000 0 -14 0 92450720 31 0
8.955 14 SVINFO 2 9 1 2 43 37 136
9.004 14 NAVIGATION 2 1 0. 0. 0. 0. 0 53 53 1 0 0
9.006 14 ESTIMATOR 184.842651 -0.14
9.103 14 CALIBRATION 0. 0
9.103 14 AIRSPEED 0. 0. 0. 0.
9.103 14 ATTITUDE 0.0023 0. -0.000365
9.188 14 NAVIGATION 2 1 0. 0. 0. 0. 0 54 54 1 0 0
9.202 14 GPS 3 36028477 481359546 899 185000 0 -11 0 92450959 31 0
9.202 14 SVINFO 3 10 1 3 42 78 186
9.387 14 FBW_STATUS 2 0 1 12.5 0.
9.404 14 DL_VALUE 42 0.
9.404 14 ENERGY 0 12.5 0. 0. 0. 0.
9.404 14 WP_MOVED 9 360459.6875 4813680. 235. 31
9.437 14 NAVIGATION 2 1 0. 0. 0. 0. 0 54 54 1 0 0
9.453 14 GPS 3 36028477 481359546 899 185000 0 -15 0 92451240 31 0
9.454 14 SVINFO 4 11 0 4 41 88 236
9.504 14 ESTIMATOR 184.873352 -0.15
9.604 14 ATTITUDE 0.0023 0. -0.000365
9.687 14 NAVIGATION 2 1 0. 0. 0. 0. 0 54 54 1 0 0
9.704 14 GPS 3 36028477 481359546 899 185000 0 -15 0 92451480 31 0
9.705 14 SVINFO 5 12 1 5 40 57 286
9.755 14 DESIRED 0. 0.00024 0. 0. 0. 235. 0. 13.
9.903 14 WP_MOVED 10 360424. 4813592.5 235. 31
9.938 14 NAVIGATION 2 1 0. 0. 0. 0. 0 54 54 1 0 0
9.954 14 GPS 3 36028477 481359546 899 185000 0 -34 0 92451720 31 0
9.954 14 SVINFO 6 13 1 6 39 14 337
10.004 14 NAVIGATION 2 1 0. 0. 0. 0. 0 54 54 1 0 0
10.006 14 ESTIMATOR 184.8815 -0.34
10.103 14 IR_SENSORS 0 0 23 -16 264
10.103 14 AIRSPEED 0. 0. 0. 0.
10.104 14 ATTITUDE 0.0023 0. -0.000365
10.187 14 NAVIGATION 2 1 0. 0. 0. 0. 0 55 55 1 0 0
10.204 14 FBW_STATUS 2 0 1 12.5 0.
10.204 14 GPS 3 36028477 481359546 899 185000 0 -45 0 92451959 31 0
10.287 14 COMMANDS 0,-17,7,0
10.304 14 GPS_SOL 603 603 603 7
10.404 14 WP_MOVED 11 360234.40625 4813661.5 235. 31
10.437 14 NAVIGATION 2 1 0. 0. 0. 0. 0 55 55 1 0 0
10.454 14 GPS 3 36028477 481359546 899 185000 0 -62 0 92452240 31 0
10.503 14 COMMANDS 0,-17,7,0
10.503 14 ENERGY 0 12.5 0. 0. 0. 0.
10.504 14 ESTIMATOR 184.804062 -0.62
10.604 14 STATE_FILTER_STATUS 2 3 303
10.604 14 ATTITUDE 0.0023 0. -0.000365
10.687 14 NAVIGATION 2 1 0. 0. 0. 0. 0 55 55 1 0 0
10.704 14 GPS 3 36028477 481359546 899 185000 0 -54 0 92452480 31 0
10.804 14 PPRZ_MODE 2 1 2 0 0 6
10.805 14 DESIRED 0. 0.00024 0. 0. 0. 235. 0. 13.
10.904 14 ALIVE 158,87,147,219,247,235,138,154,89,223,120,51,202,91,226,10
10.905 14 DL_VALUE 43 0.
10.905 14 WP_MOVED 0 360326. 4813637. 260. 31
10.937 14 NAVIGATION 2 1 0. 0. 0. 0. 0 55 55 1 0 0
10.954 14 GPS 3 36028477 481359546 899 185000 0 -40 0 92452720 31 0
11.004 14 NAVIGATION 2 1 0. 0. 0. 0. 0 55 55 1 0 0
11.004 14 ESTIMATOR 184.705948 -0.4
11.104 14 AIRSPEED 0. 0. 0. 0.
11.104 14 ATTITUDE 0.0023 0. -0.000365
11.187 14 NAVIGATION 2 1 0. 0. 0. 0. 0 56 56 1 0 0
11.206 14 CALIBRATION 0. 0
11.207 14 GPS 3 36028477 481359546 899 185000 0 -42 0 92452959 31 0
11.303 14 IR_SENSORS 0 0 23 -16 264
11.387 14 FBW_STATUS 2 0 1 12.5 0.
11.404 14 WP_MOVED 1 360284. 4813595. 260. 31
11.438 14 NAVIGATION 2 1 0. 0. 0. 0. 0 56 56 1 0 0
11.454 14 GPS 3 36028477 481359546 899 185000 0 -37 0 92453240 31 0
11.455 14 SVINFO 5 12 1 5 39 54 287
11.504 14 ESTIMATOR 184.704437 -0.37
11.606 14 ENERGY 0 12.5 0. 0. 0. 0.
11.607 14 ATTITUDE 0.0023 0. -0.000365
11.688 14 NAVIGATION 2 1 0. 0. 0. 0. 0 56 56 1 0 0
11.703 14 DATALINK_REPORT 5 6 1615 541 0 0
11.704 14 GPS 3 36028477 481359546 899 185000 0 -27 0 92453480 31 0
11.704 14 SVINFO 6 13 1 6 38 12 338
11.803 14 AUTOPILOT_VERSION 51500 v5.15_devel-179-g9a29798-dirty
11.854 14 DESIRED 0. 0.00024 0. 0. 0. 235. 0. 13.
11.904 14 WP_MOVED 2 360333.5 4813695. 235. 31
11.937 14 NAVIGATION 2 1 0. 0. 0. 0. 0 56 56 1 0 0
11.954 14 GPS 3 36028477 481359546 899 185000 0 -13 0 92453720 31 0
11.955 14 SVINFO 0 7 0 0 44 4 38
12.005 14 NAVIGATION 2 1 0. 0. 0. 0. 0 56 56 1 0 0
12.006 14 ESTIMATOR 184.735596 -0.13
12.105 14 AIRSPEED 0. 0. 0. 0.
12.105 14 ATTITUDE 0.0023 0. -0.000365
12.188 14 NAVIGATION 2 1 0. 0. 0. 0. 0 57 57 1 0 0
12.204 14 FBW_STATUS 2 0 1 12.5 0.
12.204 14 GPS 3 36028477 481359546 899 185000 0 -7 0 92453960 31 0
12.205 14 SVINFO 1 8 0 1 43 6 88
12.303 14 GPS_SOL 589 589 589 7
12.325 14 SETTING 10 14 1.
12.326 14 DL_VALUE 10 1.
12.404 14 DL_VALUE 44 160.
12.405 14 WP_MOVED 3 360461.40625 4813640. 215. 31
12.437 14 NAVIGATION 2 1 0. 0. 0. 0. 0 57 57 1 0 0
12.454 14 GPS 3 36028477 481359546 899 185000 0 -21 0 92454240 31 0
12.455 14 SVINFO 2 9 1 2 42 43 138
12.504 14 IR_SENSORS 0 0 23 -16 264
12.504 14 ESTIMATOR 184.823074 -0.21
12.604 14 ATTITUDE 0.0023 0. -0.000365
12.687 14 NAVIGATION 2 1 0. 0. 0. 0. 0 57 57 1 0 0
12.704 14 ENERGY 0 12.5 0. 0. 0. 0.
12.704 14 GPS 3 36028477 481359546 899 185000 0 -18 0 92454480 31 0
12.705 14 SVINFO 3 10 1 3 41 82 188
12.905 14 DESIRED 0. 0.00024 0. 0. 0. 235. 0. 13.
12.906 14 WP_MOVED 4 360312.8125 4813652. 185. 31
12.937 14 NAVIGATION 2 1 0. 0. 0. 0. 0 57 57 1 0 0
12.954 14 GPS 3 36028477 481359546 899 185000 0 -35 0 92454720 31 0
12.954 14 SVINFO 4 11 1 4 40 85 238
13.005 14 NAVIGATION 2 1 0. 0. 0. 0. 0 57 57 1 0 0
13.005 14 ESTIMATOR 184.839905 -0.35
13.104 14 AIRSPEED 0. 0. 0. 0.
13.104 14 ATTITUDE 0.0023 0. -0.000365
13.171 14 BLOCK 3 14
13.171 14 NAVIGATION 3 0 0. 0. 0. 0. 0 0 0 1 0 0
13.187 14 NAVIGATION 3 2 0. 0. 198.624115 0. 0 1 0 0 0 0
13.203 14 GPS 3 36028477 481359546 899 185000 0 -14 0 92454960 31 0
13.304 14 CALIBRATION 0. 0
13.389 14 FBW_STATUS 2 0 1 12.5 0.095192
13.406 14 WP_MOVED 5 360452.8125 4813581. 260. 31
13.439 14 NAVIGATION 3 2 0. 0. 198.624115 0. 0 1 0 0 0 0
13.456 14 GPS 3 36028477 481359852 3599 184996 1269 -11 0 92455240 31 0
13.503 14 ESTIMATOR 184.836273 -0.11
13.604 14 ATTITUDE -0.028171 6.282656 0.015037
13.687 14 NAVIGATION 3 2 0. 3. 196.180374 3. 0 1 0 0 0 0
13.703 14 IR_SENSORS 0 0 30 -29 262
13.703 14 GPS 3 36028476 481360151 3597 184983 1245 -12 0 92455480 31 0
13.703 14 SVINFO 0 7 0 0 43 3 39
13.804 14 ENERGY 31 12.5 0.387888 4.848602 0.000176 0.002194
13.904 14 DL_VALUE 45 0.
13.904 14 WP_MOVED 6 360169.5 4813757.5 260. 31
13.937 14 NAVIGATION 3 2 0. 6. 193.752274 6. 0 1 0 0 0 0
13.954 14 DESIRED -0.4 0.272783 5.650936 -114.5 162.300003 235. 0. 13.
13.955 14 GPS 3 36028471 481360449 3591 184982 1242 -16 0 92455720 31 0
13.956 14 SVINFO 1 8 1 1 42 8 89
14.005 14 NAVIGATION 3 2 -0.03125 9. 193.752274 6. 0 1 0 0 0 0
14.006 14 ESTIMATOR 184.864258 -0.16
14.104 14 AIRSPEED 0. 0. 0. 0.
14.104 14 ATTITUDE -0.145058 6.267767 0.075347
14.187 14 TAKEOFF 68
14.188 14 NAVIGATION 3 2 -0.03125 9. 191.321671 9.000054 1 2 1 0 0 0
14.204 14 FBW_STATUS 2 0 1 12.5 0.757697
14.204 14 GPS 3 36028460 481360751 3578 185028 1260 -6 0 92455960 31 0
14.204 14 SVINFO 2 9 0 2 41 47 139
14.303 14 GPS_SOL 574 574 574 7
14.404 14 WP_MOVED 7 360284.5 4813704. 235. 31
14.438 14 NAVIGATION 3 2 -0.15625 12. 188.850693 12.001018 1 2 1 0 0 0
14.455 14 GPS 3 36028433 481361112 3554 185191 1299 39 0 92456240 31 0
14.456 14 SVINFO 3 10 1 3 40 84 189
14.505 14 ESTIMATOR 184.946259 0.39
14.605 14 ATTITUDE -0.271113 6.203804 0.152905
14.687 14 NAVIGATION 3 2 -0.4375 15.5 185.904526 15.506173 1 2 1 0 0 0
14.705 14 GPS 3 36028395 481361431 3530 185459 1336 84 0 92456480 31 0
14.706 14 SVINFO 4 11 1 4 39 84 239
14.905 14 IR_SENSORS 0 0 72 -105 235
14.906 14 ENERGY 86 12.5 1.505746 18.821825 0.001854 0.02318
14.906 14 WP_MOVED 8 360269.1875 4813753. 235. 31
14.937 14 NAVIGATION 3 2 -0.78125 19. 182.939453 19.016054 1 2 1 0 0 0
14.959 14 GPS 3 36028337 481361757 3499 185869 1379 137 0 92456720 31 0
14.960 14 SVINFO 5 12 1 5 38 47 289
15.004 14 DESIRED -0.555503 0.301006 5.612377 -114.5 162.300003 235. 0. 13.
15.006 14 NAVIGATION 3 2 -1.375 22. 182.939453 19.016054 1 2 1 0 0 0
15.007 14 ESTIMATOR 185.491135 1.37
15.103 14 AIRSPEED 0. 0. 0. 0.
15.103 14 ATTITUDE -0.407809 6.107826 0.246279
15.188 14 NAVIGATION 3 2 -1.375 22. 180.225845 22.042927 1 3 2 0 0 0
15.205 14 GPS 3 36028256 481362089 3462 186434 1423 208 0 92456960 31 0
15.206 14 SVINFO 6 13 0 6 37 8 340
15.287 14 COMMANDS 8524,-517,410,0
15.387 14 FBW_STATUS 2 0 1 12.5 1.627817
15.404 14 CALIBRATION 0. 0
15.405 14 DL_VALUE 46 0.32
15.405 14 WP_MOVED 9 360459.6875 4813680. 235. 31
15.438 14 NAVIGATION 3 2 -2.1875 25.5 176.998123 25.593655 2 3 2 0 0 0
15.454 14 GPS 3 36028128 481362476 3410 187286 1459 301 0 92457240 31 0
15.504 14 COMMANDS 8524,125,110,0
15.505 14 ESTIMATOR 186.707825 3.01
15.605 14 STATE_FILTER_STATUS 2 3 442
15.605 14 ATTITUDE -0.503292 5.951686 0.318753
15.689 14 NAVIGATION 3 2 -3.46875 29. 173.484375 29.206715 2 3 2 0 0 0
15.710 14 GPS 3 36027989 481362800 3367 188160 1472 348 0 92457480 31 0
15.803 14 PPRZ_MODE 2 1 3 0 0 6
15.904 14 ALIVE 158,87,147,219,247,235,138,154,89,223,120,51,202,91,226,10
15.904 14 WP_MOVED 10 360424. 4813592.5 235. 31
15.938 14 NAVIGATION 3 2 -4.875 32.5 169.899033 32.86359 2 3 2 0 0 0
15.956 14 GPS 3 36027822 481363114 3320 189146 1478 398 0 92457720 31 0
16.005 14 ENERGY 88 12.5 1.627817 20.347708 0.004831 0.060386
16.005 14 NAVIGATION 3 2 -6.5 35.5 169.899033 32.86359 2 3 2 0 0 0
16.005 14 ESTIMATOR 188.673477 3.98
16.055 14 DESIRED -0.311366 0.311548 5.581853 -114.5 162.300003 235. 0. 13.
16.104 14 IR_SENSORS 0 0 100 -127 216
16.104 14 AIRSPEED 0. 0. 0. 0.
16.104 14 ATTITUDE -0.477588 5.794874 0.348087
16.187 14 NAVIGATION 3 2 -6.5 35.5 166.560028 36.090164 3 4 3 0 0 0
16.204 14 FBW_STATUS 2 0 1 12.5 1.627817
16.204 14 GPS 3 36027632 481363413 3275 190224 1477 452 0 92457960 31 0
16.305 14 GPS_SOL 559 559 559 7
16.404 14 WP_MOVED 11 360234.40625 4813661.5 235. 31
16.438 14 NAVIGATION 3 2 -8.4375 38.5 163.020538 39.413719 3 4 3 0 0 0
16.454 14 GPS 3 36027385 481363743 3226 191572 1470 491 0 92458240 31 0
16.455 14 SVINFO 4 11 1 4 38 82 240
16.505 14 ESTIMATOR 191.103271 4.91
16.587 14 WIND_INFO 14 5 -4. 3.3 0. 10.3
16.605 14 ATTITUDE -0.352118 5.631151 0.335038
16.687 14 NAVIGATION 3 2 -10.90625 42. 158.756912 43.392929 3 4 3 0 0 0
16.704 14 GPS 3 36027158 481364011 3196 192781 1462 507 0 92458480 31 0
16.705 14 SVINFO 5 12 1 5 37 44 290
16.804 14 DATALINK_REPORT 0 9 1747 555 0 0
16.904 14 DL_VALUE 47 0.
16.905 14 WP_MOVED 0 360326. 4813637. 260. 31
16.938 14 NAVIGATION 3 2 -13.15625 44.5 155.394333 46.40406 3 4 3 0 0 0
16.956 14 GPS 3 36026920 481364266 3169 194017 1453 533 0 92458720 31 0
16.957 14 SVINFO 6 13 0 6 36 6 341
17.004 14 NAVIGATION 3 2 -15.5625 47. 155.394333 46.40406 3 4 3 0 0 0
17.004 14 ESTIMATOR 193.791779 5.33
17.104 14 ENERGY 88 12.5 1.627817 20.347708 0.007815 0.09769
17.104 14 DESIRED 0.010417 0.28529 5.57274 -114.5 162.300003 235. 0. 13.
17.105 14 AIRSPEED 10.3 0. 0. 0.
17.105 14 ATTITUDE -0.225512 5.603227 0.32069
17.187 14 NAVIGATION 3 2 -15.5625 47. 151.929977 49.50951 4 5 4 0 0 0
17.204 14 GPS 3 36026674 481364510 3148 195262 1444 531 0 92458960 31 0
17.204 14 SVINFO 0 7 0 0 42 1 41
17.304 14 NAVIGATION_REF 360284 4813595 31 185.
17.305 14 IR_SENSORS 0 0 101 -55 240
17.387 14 FBW_STATUS 2 0 1 12.5 1.627817
17.404 14 WP_MOVED 1 360284. 4813595. 260. 31
17.438 14 NAVIGATION 3 2 -18.03125 49.5 148.425262 52.681839 4 5 4 0 0 0
17.454 14 GPS 3 36026381 481364785 3129 196709 1435 513 0 92459240 31 0
17.454 14 SVINFO 1 8 0 1 41 12 91
17.505 14 CALIBRATION 0. 0
17.505 14 ESTIMATOR 196.544098 5.13
17.605 14 ATTITUDE -0.087661 5.495618 0.298176
17.688 14 NAVIGATION 3 2 -20.9375 52.5 144.256653 56.521049 4 5 4 0 0 0
17.704 14 GPS 3 36026126 481365015 3121 197933 1430 505 0 92459480 31 0
17.704 14 SVINFO 2 9 1 2 40 53 141
17.904 14 WP_MOVED 2 360333.5 4813695. 235. 31
17.937 14 NAVIGATION 3 2 -23.46875 54.5 141.09404 59.338287 4 5 4 0 0 0
17.954 14 GPS 3 36025871 481365243 3117 199135 1426 491 0 92459720 31 0
17.954 14 SVINFO 3 10 1 3 39 86 191
18.004 14 NAVIGATION 3 2 -26.03125 57. 141.09404 59.338287 4 5 4 0 0 0
18.005 14 ESTIMATOR 199.121155 4.91
18.103 14 AIRSPEED 10.3 0. 0. 0.
18.104 14 ATTITUDE 0.046639 5.463653 0.283429
18.154 14 DESIRED 0.153559 0.267504 5.581924 -114.5 162.300003 235. 0. 13.
18.187 14 NAVIGATION 3 2 -26.03125 57. 137.531128 62.662796 5 6 5 0 0 0
18.203 14 FBW_STATUS 2 0 1 12.5 1.627817
18.204 14 ENERGY 88 12.5 1.627817 20.347708 0.0108 0.134994
18.204 14 GPS 3 36025617 481365472 3119 200312 1423 489 0 92459960 31 0
18.304 14 GPS_SOL 543 543 543 7
18.404 14 DL_VALUE 48 0.01
18.404 14 WP_MOVED 3 360461.40625 4813640. 215. 31
18.438 14 NAVIGATION 3 2 -28.59375 59. 134.353165 65.563728 5 6 5 0 0 0
18.453 14 GPS 3 36025324 481365742 3128 201653 1423 476 0 92460240 31 0
18.504 14 IR_SENSORS 0 0 93 15 248
18.504 14 ESTIMATOR 201.585129 4.76
18.604 14 ATTITUDE 0.135285 5.493701 0.271504
18.687 14 NAVIGATION 3 2 -31.5 62. 130.188675 69.543152 5 6 5 0 0 0
18.704 14 GPS 3 36025077 481365979 3139 202777 1424 462 0 92460480 31 0
18.904 14 WP_MOVED 4 360312.8125 4813652. 185. 31
18.938 14 NAVIGATION 3 2 -34. 64.5 126.66922 72.912621 5 6 5 0 0 0
18.954 14 GPS 3 36024837 481366223 3152 203883 1426 457 0 92460720 31 0
18.955 14 SVINFO 0 7 0 0 41 0 42
19.004 14 NAVIGATION 3 2 -36.375 66.5 126.66922 72.912621 5 6 5 0 0 0
19.005 14 ESTIMATOR 203.91832 4.57
19.105 14 AIRSPEED 10.3 0. 0. 0.
19.106 14 ATTITUDE 0.159306 5.560271 0.267964
19.188 14 NAVIGATION 3 2 -36.375 66.5 123.616974 75.798355 6 7 6 0 0 0
19.203 14 DESIRED 0.099271 0.278394 5.599064 -114.5 162.300003 235. 0. 13.
19.204 14 GPS 3 36024602 481366473 3167 204976 1429 457 0 92460960 31 0
19.204 14 SVINFO 1 8 1 1 40 14 92
19.307 14 ENERGY 88 12.5 1.627817 20.347708 0.013784 0.172299
19.386 14 FBW_STATUS 2 0 1 12.5 1.627817
19.403 14 WP_MOVED 5 360452.8125 4813581. 260. 31
19.437 14 NAVIGATION 3 2 -38.75 69. 120.178841 79.136353 6 7 6 0 0 0
19.453 14 GPS 3 36024335 481366772 3187 206243 1433 438 0 92461240 31 0
19.453 14 SVINFO 2 9 1 2 39 56 142
19.505 14 ESTIMATOR 206.197266 4.38
19.604 14 CALIBRATION 0. 0
19.604 14 ATTITUDE 0.135285 5.651984 0.264415
19.688 14 NAVIGATION 3 2 -41.375 72.5 115.807198 83.475388 6 7 6 0 0 0
19.704 14 IR_SENSORS 0 0 92 16 249
19.704 14 GPS 3 36024113 481367035 3197 207331 1435 433 0 92461480 31 0
19.705 14 SVINFO 3 10 1 3 38 87 192
19.904 14 DL_VALUE 49 0.1
19.904 14 WP_MOVED 6 360169.5 4813757.5 260. 31
19.938 14 NAVIGATION 3 2 -43.625 75. 112.448021 86.764854 6 7 6 0 0 0
19.954 14 GPS 3 36023895 481367303 3208 208424 1437 432 0 92461720 31 0
19.955 14 SVINFO 4 11 1 4 37 79 242
20.004 14 NAVIGATION 3 2 -45.78125 77.5 112.448021 86.764854 6 7 6 0 0 0
20.004 14 ESTIMATOR 208.39476 4.32
20.104 14 AIRSPEED 10.3 0. 0. 0.
20.104 14 ATTITUDE 0.0548 5.708932 0.266654
20.187 14 NAVIGATION 3 2 -45.78125 77.5 109.148094 90.01207 7 8 7 0 0 0
20.205 14 FBW_STATUS 2 0 1 12.5 1.627817
20.205 14 GPS 3 36023644 481367618 3215 209708 1438 436 0 92462000 31 0
20.206 14 SVINFO 5 12 0 5 36 38 292
20.254 14 DESIRED -0.003337 0.265417 5.602158 -114.5 162.300003 235. 0. 13.
20.288 14 COMMANDS 8524,-285,-14,0
20.305 14 GPS_SOL 528 528 528 7
20.406 14 ENERGY 88 12.5 1.627817 20.347708 0.016768 0.209603
20.406 14 WP_MOVED 7 360284.5 4813704. 235. 31
20.438 14 NAVIGATION 3 2 -48.3125 80.5 105.223694 93.884758 7 8 7 0 0 0
20.454 14 GPS 3 36023431 481367890 3219 210817 1439 428 0 92462240 31 0
20.454 14 SVINFO 6 13 1 6 35 3 343
20.503 14 COMMANDS 8524,-215,-39,0
20.503 14 ESTIMATOR 210.674057 4.28
20.604 14 STATE_FILTER_STATUS 2 3 354
20.604 14 ATTITUDE 0.01046 5.738744 0.267964
20.687 14 NAVIGATION 4 0 -50.4375 83.5 0. 97.550972 7 0 0 0 0 0
20.706 14 GPS 3 36023219 481368163 3220 211932 1439 446 0 92462480 31 0
20.807 14 PPRZ_MODE 2 1 3 0 0 6
20.904 14 ALIVE 158,87,147,219,247,235,138,154,89,223,120,51,202,91,226,10
20.905 14 IR_SENSORS 0 0 92 -19 248
20.905 14 WP_MOVED 8 360269.1875 4813753. 235. 31
20.937 14 NAVIGATION 4 2 -52.5625 86. 0. 100.790955 7 0 0 0 0 0
20.955 14 GPS 3 36023006 481368435 3220 213049 1439 443 0 92462720 31 0
21.004 14 NAVIGATION 4 2 -54.65625 89. 0. 100.790955 7 0 0 0 0 0
21.005 14 ESTIMATOR 212.943695 4.43
21.103 14 AIRSPEED 10.3 0. 0. 0.
21.104 14 ATTITUDE 0.014482 5.740478 0.267964
21.187 14 NAVIGATION 4 2 -54.65625 89. 0. 104.442833 8 1 1 0 0 0
21.203 14 GPS 3 36022794 481368708 3220 214168 1439 428 0 92462960 31 0
21.304 14 DESIRED 1.071123 0.306545 5.602897 -114.5 162.300003 235. 0.661689 13.
21.388 14 FBW_STATUS 2 0 1 12.5 1.627817
21.404 14 DL_VALUE 50 0.
21.405 14 CIRCLE 49.5 100.099998 80.
21.405 14 WP_MOVED 9 360459.6875 4813680. 235. 31
21.438 14 NAVIGATION 4 2 -56.84375 91.5 0. 107.719368 8 1 1 0 0 0
21.454 14 GPS 3 36022548 481369027 3226 215477 1439 440 0 92463240 31 0
21.454 14 SVINFO 3 10 1 3 37 88 193
21.504 14 ENERGY 88 12.5 1.627817 20.347708 0.019753 0.246907
21.505 14 ESTIMATOR 215.234879 4.4
21.604 14 ATTITUDE 0.139295 5.757396 0.275035
21.686 14 NAVIGATION 4 2 -59.28125 94.5 0. 111.554993 8 1 1 0 0 0
21.704 14 CALIBRATION 0.091768 2
21.704 14 GPS 3 36022344 481369305 3236 216603 1438 450 0 92463480 31 0
21.704 14 SVINFO 4 11 0 4 36 77 243
21.905 14 DATALINK_REPORT 5 9 1877 542 0 0
21.906 14 WP_MOVED 10 360424. 4813592.5 235. 31
21.937 14 NAVIGATION 4 2 -61.3125 97.5 0. 115.175835 8 1 1 0 0 0
21.955 14 GPS 3 36022147 481369589 3252 217735 1437 457 0 92463720 31 0
21.955 14 SVINFO 5 12 0 5 35 35 293
22.003 14 NAVIGATION 4 2 -63.28125 100.5 0. 115.175835 8 1 1 0 0 0
22.004 14 ESTIMATOR 217.581711 4.57
22.105 14 IR_SENSORS 0 0 97 53 242
22.105 14 AIRSPEED 10.3 0. 0. 0.
22.106 14 ATTITUDE 0.278436 5.826265 0.293952
22.187 14 NAVIGATION 4 2 -63.28125 100.5 0. 118.763489 9 2 2 0 0 0
22.205 14 FBW_STATUS 2 0 1 12.5 1.419953
22.205 14 GPS 3 36021963 481369879 3275 218872 1431 472 0 92463960 31 0
22.205 14 SVINFO 6 13 1 6 34 2 344
22.304 14 GPS_SOL 512 512 512 7
22.354 14 DESIRED 1.084272 0.264829 5.602897 -114.5 162.300003 235. 0.522549 13.
22.404 14 WP_MOVED 11 360234.40625 4813661.5 235. 31
22.438 14 NAVIGATION 4 2 -65.125 103.5 0. 122.284569 9 2 2 0 0 0
22.454 14 CIRCLE 49.5 100.099998 80.
22.455 14 GPS 3 36021769 481370224 3314 220191 1410 468 0 92464240 31 0
22.455 14 SVINFO 0 7 0 0 40 0 44
22.504 14 ESTIMATOR 220.006058 4.68
22.604 14 ENERGY 65 12.5 1.117055 13.963186 0.022415 0.280183
22.605 14 ATTITUDE 0.407479 5.991359 0.309344
22.688 14 NAVIGATION 4 2 -67.0625 107. 0. 126.278969 9 2 2 0 0 0
22.706 14 GPS 3 36021626 481370525 3346 221290 1390 460 0 92464480 31 0
22.708 14 SVINFO 1 8 1 1 39 19 94
22.905 14 AUTOPILOT_VERSION 51500 v5.15_devel-179-g9a29798-dirty
22.906 14 DL_VALUE 51 0.15
22.906 14 WP_MOVED 0 360326. 4813637. 260. 31
22.938 14 NAVIGATION 4 2 -68.5 110. 0. 129.584915 9 2 2 0 0 0
22.955 14 GPS 3 36021509 481370830 3390 222332 1359 442 0 92464720 31 0
22.955 14 SVINFO 2 9 1 2 38 62 144
23.005 14 NAVIGATION 4 2 -69.65625 112.5 0. 129.584915 9 2 2 0 0 0
23.005 14 ESTIMATOR 222.349274 4.42
23.105 14 AIRSPEED 10.3 0. 0. 0.
23.106 14 ATTITUDE 0.542492 6.191523 0.315458
23.187 14 NAVIGATION 4 2 -69.65625 112.5 0. 132.31871 10 3 3 0 0 0
23.206 14 GPS 3 36021423 481371136 3443 223289 1322 406 0 92464960 31 0
23.304 14 IR_SENSORS 0 0 92 127 218
23.388 14 FBW_STATUS 2 0 1 12.5 0.520417
23.404 14 DESIRED 1.040183 0.157153 5.602897 -114.5 162.300003 235. 0.379522 13.
23.405 14 WP_MOVED 1 360284. 4813595. 260. 31
23.438 14 NAVIGATION 4 2 -70.5 116. 0. 135.743317 10 3 3 0 0 0
23.455 14 GPS 3 36021368 481371489 3528 224260 1265 336 0 92465240 31 0
23.504 14 CIRCLE 49.5 100.099998 80.
23.504 14 ESTIMATOR 224.383881 3.36
23.606 14 ATTITUDE 0.624753 0.25713 0.291642
23.688 14 NAVIGATION 4 2 -71.0625 119.5 0. 139.032837 10 3 3 0 0 0
23.703 14 ENERGY 26 12.5 0.376026 4.70033 0.023731 0.296642
23.704 14 GPS 3 36021363 481371783 3590 224941 1226 287 0 92465480 31 0
23.804 14 CALIBRATION 150. 2
23.904 14 WP_MOVED 2 360333.5 4813695. 235. 31
23.937 14 NAVIGATION 4 2 -71.125 122.5 0. 141.651031 10 3 3 0 0 0
23.954 14 GPS 3 36021396 481372065 66 225473 1181 223 0 92465720 31 0
24.004 14 NAVIGATION 4 2 -70.78125 125. 0. 141.651031 10 3 3 0 0 0
24.005 14 ESTIMATOR 225.766968 2.23
24.105 14 AIRSPEED 10.3 0. 0. 0.
24.106 14 ATTITUDE 0.618553 0.566948 0.234484
24.188 14 NAVIGATION 4 2 -70.78125 125. 0. 143.648819 11 4 4 0 0 0
24.204 14 FBW_STATUS 2 0 1 12.5 0.205199
24.204 14 GPS 3 36021465 481372330 145 225855 1140 162 0 92465960 31 0
24.204 14 SVINFO 0 7 0 0 39 0 45
24.304 14 GPS_SOL 496 496 496 7
24.405 14 DL_VALUE 52 0.05
24.406 14 WP_MOVED 3 360461.40625 4813640. 215. 31
24.438 14 NAVIGATION 4 2 -70.125 127.5 0. 145.512085 11 4 4 0 0 0
24.454 14 DESIRED 0.803861 0.076994 5.602897 -114.5 162.300003 235. 0.263886 13.
24.456 14 GPS 3 36021588 481372615 255 226115 1104 76 0 92466240 31 0
24.456 14 SVINFO 1 8 1 1 38 21 95
24.505 14 IR_SENSORS 0 0 62 136 222
24.505 14 ESTIMATOR 226.481903 0.76
24.555 14 CIRCLE 49.5 100.099998 80.
24.604 14 ATTITUDE 0.612474 0.920721 0.172495
24.687 14 NAVIGATION 4 2 -68.875 130.5 0. 147.560211 11 4 4 0 0 0
24.704 14 GPS 3 36021730 481372837 325 226195 1096 20 0 92466480 31 0
24.704 14 SVINFO 2 9 1 2 37 65 145
24.804 14 ENERGY 18 12.5 0.223484 2.79355 0.024162 0.302023
24.905 14 WP_MOVED 4 360312.8125 4813652. 185. 31
24.938 14 NAVIGATION 4 2 -67.46875 133. 0. 149.134277 11 4 4 0 0 0
24.955 14 GPS 3 36021902 481373036 409 226167 1097 -34 0 92466720 31 0
24.956 14 SVINFO 3 10 1 3 36 89 195
25.005 14 NAVIGATION 4 2 -65.71875 134.5 0. 149.134277 11 4 4 0 0 0
25.006 14 ESTIMATOR 226.488251 -0.34
25.104 14 AIRSPEED 10.3 0. 0. 0.
25.104 14 ATTITUDE 0.608487 1.151673 0.119555
25.188 14 NAVIGATION 4 2 -65.71875 134.5 0. 149.697037 12 5 5 0 0 0
25.203 14 GPS 3 36022104 481373209 493 226055 1108 -68 0 92466960 31 0
25.203 14 SVINFO 4 11 1 4 35 72 245
25.288 14 COMMANDS 1977,-866,-358,0
25.388 14 FBW_STATUS 2 0 1 12.5 0.259812
25.404 14 WP_MOVED 5 360452.8125 4813581. 260. 31
25.438 14 NAVIGATION 4 2 -63.71875 136.5 0. 150.639725 12 5 5 0 0 0
25.454 14 GPS 3 36022372 481373375 603 225846 1132 -105 0 92467240 31 0
25.454 14 SVINFO 5 12 1 5 34 29 295
25.503 14 COMMANDS 2129,-1962,-201,0
25.504 14 DESIRED 0.344866 0.076208 5.602897 -114.5 162.300003 235. 0.260587 13.
25.504 14 ESTIMATOR 226.067245 -1.05
25.605 14 STATE_FILTER_STATUS 2 3 400
25.605 14 CIRCLE 49.5 100.099998 80.
25.605 14 ATTITUDE 0.601297 1.405804 0.083617
25.686 14 NAVIGATION 4 2 -61.03125 138.5 0. 151.3508 12 5 5 0 0 0
25.704 14 IR_SENSORS 0 0 37 133 228
25.704 14 GPS 3 36022627 481373482 670 225626 1150 -124 0 92467480 31 0
25.705 14 SVINFO 6 13 1 6 33 0 346
25.804 14 PPRZ_MODE 2 3 2 2 0 6
25.904 14 ALIVE 158,87,147,219,247,235,138,154,89,223,120,51,202,91,226,10
25.904 14 CALIBRATION 85.46331 0
25.904 14 DL_VALUE 53 0.
25.905 14 ENERGY 25 12.5 0.324116 4.05145 0.024644 0.308046
25.905 14 WP_MOVED 6 360169.5 4813757.5 260. 31
25.937 14 NAVIGATION 4 2 -58.46875 139. 0. 150.796524 12 5 5 0 0 0
25.954 14 GPS 3 36022899 481373557 746 225394 1175 -133 0 92467720 31 0
26.005 14 NAVIGATION 4 2 -55.75 140. 0. 150.796524 12 5 5 0 0 0
26.005 14 ESTIMATOR 225.434738 -1.33
26.106 14 AIRSPEED 10.3 0. 0. 0.
26.107 14 ATTITUDE 0.494178 1.582572 0.049941
26.187 14 NAVIGATION 4 2 -55.75 140. 0. 150.69194 13 6 6 0 0 0
26.203 14 FBW_STATUS 2 0 1 12.5 0.370125
26.203 14 GPS 3 36023232 481373606 816 225143 1201 -123 0 92468000 31 0
26.304 14 NAVIGATION_REF 360284 4813595 31 185.
26.304 14 GPS_SOL 480 480 480 7
26.405 14 WP_MOVED 7 360284.5 4813704. 235. 31
26.438 14 NAVIGATION 4 2 -52.4375 140.5 0. 149.966461 13 6 6 0 0 0
26.454 14 GPS 3 36023526 481373619 883 224965 1230 -108 0 92468240 31 0
26.455 14 SVINFO 2 9 1 2 36 68 146
26.505 14 ESTIMATOR 224.846283 -1.08
26.555 14 DESIRED -0.520502 0.054767 5.602897 -114.5 162.300003 235. 0.296618 13.
26.588 14 WIND_INFO 14 5 -2.7 -1.8 0. 14.4
26.604 14 ATTITUDE 0.371378 1.749822 0.031691
26.664 14 CIRCLE 49.5 100.099998 80.
26.688 14 NAVIGATION 4 2 -49.46875 141. 0. 149.426086 13 6 6 0 0 0
26.705 14 GPS 3 36023825 481373608 920 224830 1246 -95 0 92468480 31 0
26.706 14 SVINFO 3 10 0 3 35 89 196
26.904 14 IR_SENSORS 0 0 30 60 257
26.904 14 WP_MOVED 8 360269.1875 4813753. 235. 31
26.938 14 NAVIGATION 4 2 -46.5 140.5 0. 147.994934 13 6 6 0 0 0
26.954 14 GPS 3 36024126 481373578 957 224741 1263 -52 0 92468720 31 0
26.954 14 SVINFO 4 11 1 4 34 69 246
27.004 14 DATALINK_REPORT 0 10 2015 577 0 0
27.005 14 ENERGY 35 12.5 0.494627 6.182843 0.025386 0.317322
27.005 14 NAVIGATION 4 2 -43.46875 140. 0. 147.994934 13 6 6 0 0 0
27.005 14 ESTIMATOR 224.490601 -0.52
27.104 14 AIRSPEED 14.4 0. 0. 0.
27.104 14 ATTITUDE 0.24167 1.535961 0.02761
27.189 14 NAVIGATION 4 2 -43.46875 140. 0. 146.593079 14 7 7 0 0 0
27.206 14 GPS 3 36024430 481373531 987 224695 1278 -36 0 92468960 31 0
27.387 14 FBW_STATUS 2 0 1 12.5 0.533515
27.405 14 DL_VALUE 54 0.
27.406 14 WP_MOVED 9 360459.6875 4813680. 235. 31
27.438 14 NAVIGATION 4 2 -40.4375 140. 0. 145.722992 14 7 7 0 0 0
27.454 14 GPS 3 36024785 481373461 1016 224694 1295 -2 0 92469240 31 0
27.504 14 ESTIMATOR 224.443253 -0.02
27.604 14 DESIRED -0.91866 0.044038 5.602897 -114.5 162.300003 235. 0.316604 13.
27.604 14 ATTITUDE 0.119804 1.623061 0.030063
27.688 14 NAVIGATION 4 2 -36.90625 139. 0. 143.816101 14 7 7 0 0 0
27.704 14 CIRCLE 49.5 100.099998 80.
27.704 14 GPS 3 36025090 481373392 1027 224734 1303 3 0 92469480 31 0
27.705 14 SVINFO 0 7 0 0 38 0 47
27.904 14 WP_MOVED 10 360424. 4813592.5 235. 31
27.938 14 NAVIGATION 4 2 -33.875 138.5 0. 142.582489 14 7 7 0 0 0
27.954 14 GPS 3 36025395 481373318 1036 224805 1309 3 0 92469720 31 0
27.955 14 SVINFO 1 8 1 1 37 27 97
28.005 14 CALIBRATION -33.999039 2
28.006 14 NAVIGATION 4 2 -30.78125 137.5 0. 142.582489 14 7 7 0 0 0
28.007 14 ESTIMATOR 224.594543 0.03
28.104 14 IR_SENSORS 0 0 32 -18 263
28.104 14 ENERGY 38 12.5 0.545955 6.824443 0.026363 0.329537
28.105 14 AIRSPEED 14.4 0. 0. 0.
28.105 14 ATTITUDE -0.005503 1.653903 0.033811
28.187 14 NAVIGATION 4 2 -30.78125 137.5 0. 140.903275 15 8 8 0 0 0
28.203 14 FBW_STATUS 2 0 1 12.5 0.548892
28.204 14 GPS 3 36025701 481373242 1038 224901 1313 19 0 92469960 31 0
28.304 14 GPS_SOL 464 464 464 7
28.405 14 WP_MOVED 11 360234.40625 4813661.5 235. 31
28.437 14 NAVIGATION 4 2 -27.75 137. 0. 139.782196 15 8 8 0 0 0
28.454 14 GPS 3 36026059 481373157 1032 225034 1315 14 0 92470240 31 0
28.504 14 ESTIMATOR 224.80542 0.14
28.605 14 ATTITUDE -0.127872 1.648362 0.039464
28.654 14 DESIRED -1.030665 0.039952 5.602897 -114.5 162.300003 235. 0.309634 13.
28.688 14 NAVIGATION 4 2 -24.15625 136. 0. 138.128647 15 8 8 0 0 0
28.708 14 GPS 3 36026368 481373090 1022 225156 1314 36 0 92470480 31 0
28.754 14 CIRCLE 49.5 100.099998 80.
28.904 14 DL_VALUE 55 0.
28.904 14 WP_MOVED 0 360326. 4813637. 260. 31
28.938 14 NAVIGATION 4 2 -21.0625 135.5 0. 137.127243 15 8 8 0 0 0
28.954 14 GPS 3 36026678 481373033 1004 225280 1313 27 0 92470720 31 0
28.955 14 SVINFO 5 12 1 5 33 23 297
29.004 14 NAVIGATION 4 2 -17.9375 134.5 0. 137.127243 15 8 8 0 0 0
29.005 14 ESTIMATOR 225.080505 0.27
29.104 14 AIRSPEED 14.4 0. 0. 0.
29.104 14 ATTITUDE -0.257718 1.60845 0.043975
29.187 14 NAVIGATION 4 2 -17.9375 134.5 0. 135.690842 16 9 9 0 0 0
29.204 14 ENERGY 36 12.5 0.511004 6.387549 0.027333 0.341666
29.204 14 GPS 3 36026989 481372989 980 225399 1310 27 0 92470960 31 0
29.205 14 SVINFO 6 13 1 6 32 0 348
29.304 14 IR_SENSORS 0 0 33 -96 245
29.388 14 FBW_STATUS 2 0 1 12.5 0.50307
29.404 14 WP_MOVED 1 360284. 4813595. 260. 31
29.438 14 NAVIGATION 4 2 -14.875 134.5 0. 135.320053 16 9 9 0 0 0
29.454 14 GPS 3 36027354 481372959 938 225524 1307 45 0 92471240 31 0
29.454 14 SVINFO 0 7 0 0 37 1 48
29.504 14 ESTIMATOR 225.342712 0.45
29.604 14 ATTITUDE -0.380445 1.512708 0.050511
29.687 14 NAVIGATION 4 2 -11.21875 134. 0. 134.468811 16 9 9 0 0 0
29.703 14 DESIRED -0.989956 0.056238 5.602897 -114.5 162.300003 235. 0.289719 13.
29.703 14 GPS 3 36027668 481372955 905 225614 1306 30 0 92471480 31 0
29.704 14 SVINFO 1 8 1 1 36 30 98
29.805 14 CIRCLE 49.5 100.099998 80.
29.904 14 WP_MOVED 2 360333.5 4813695. 235. 31
29.938 14 NAVIGATION 4 2 -8.0625 134. 0. 134.24234 16 9 9 0 0 0
29.954 14 GPS 3 36027980 481372977 860 225685 1305 28 0 92471720 31 0
29.956 14 SVINFO 2 9 0 2 35 73 148
30.005 14 NAVIGATION 4 2 -4.9375 134.5 0. 134.24234 16 9 9 0 0 0
30.005 14 ESTIMATOR 225.600311 0.28
30.103 14 CALIBRATION -38.534164 0
30.104 14 AIRSPEED 14.4 0. 0. 0.
30.104 14 ATTITUDE -0.50099 1.400064 0.064035
30.188 14 NAVIGATION 4 2 -4.9375 134.5 0. 134.590591 17 10 10 0 0 0
30.203 14 FBW_STATUS 2 0 1 12.5 0.496421
30.203 14 GPS 3 36028289 481373028 806 225734 1306 22 0 92471960 31 0
30.204 14 SVINFO 3 10 1 3 34 89 198
30.287 14 COMMANDS 3425,-2916,30,0
30.305 14 GPS_SOL 448 448 448 7
30.305 14 ENERGY 35 12.5 0.496959 6.211993 0.028247 0.353092
30.405 14 DL_VALUE 56 0.
30.405 14 WP_MOVED 3 360461.40625 4813640. 215. 31
30.437 14 NAVIGATION 4 2 -1.875 134.5 0. 134.513062 17 10 10 0 0 0
30.454 14 GPS 3 36028642 481373130 722 225759 1310 -1 0 92472240 31 0
30.454 14 SVINFO 4 11 1 4 33 64 248
30.505 14 COMMANDS 3453,-2243,22,0
30.506 14 IR_SENSORS 0 0 34 -163 207
30.506 14 ESTIMATOR 225.746124 -0.01
30.604 14 STATE_FILTER_STATUS 2 3 404
30.605 14 ATTITUDE -0.604203 1.206268 0.075531
30.688 14 NAVIGATION 4 2 1.65625 135.5 0. 135.510117 17 10 10 0 0 0
30.704 14 GPS 3 36028931 481373256 664 225754 1313 -13 0 92472480 31 0
30.706 14 SVINFO 5 12 1 5 32 20 298
30.754 14 DESIRED -0.822614 0.076819 5.602897 -114.5 162.300003 235. 0.277616 13.
30.805 14 PPRZ_MODE 2 3 2 2 0 6
30.854 14 CIRCLE 49.5 100.099998 80.
30.905 14 ALIVE 158,87,147,219,247,235,138,154,89,223,120,51,202,91,226,10
30.905 14 WP_MOVED 4 360312.8125 4813652. 185. 31
30.938 14 NAVIGATION 4 2 4.5625 137. 0. 137.075958 17 10 10 0 0 0
30.954 14 GPS 3 36029203 481373417 594 225739 1319 -47 0 92472720 31 0
31.003 14 NAVIGATION 4 2 7.28125 138.5 0. 137.075958 17 10 10 0 0 0
31.004 14 ESTIMATOR 225.720276 -0.47
31.104 14 AIRSPEED 14.4 0. 0. 0.
31.104 14 ATTITUDE -0.604203 1.026368 0.075531
31.187 14 NAVIGATION 4 2 7.28125 138.5 0. 138.691254 18 11 11 0 0 0
31.203 14 GPS 3 36029455 481373611 524 225723 1326 -65 0 92472960 31 0
31.388 14 FBW_STATUS 2 0 1 12.5 0.558647
31.405 14 ENERGY 39 12.5 0.558647 6.983092 0.029199 0.364993
31.405 14 WP_MOVED 5 360452.8125 4813581. 260. 31
31.438 14 NAVIGATION 4 2 9.8125 140.5 0. 140.842239 18 11 11 0 0 0
31.454 14 GPS 3 36029719 481373875 432 225710 1336 -57 0 92473240 31 0
31.505 14 ESTIMATOR 225.532562 -0.57
31.604 14 ATTITUDE -0.604203 0.798539 0.080231
31.688 14 NAVIGATION 4 2 12.4375 143.5 0. 144.037979 18 11 11 0 0 0
31.704 14 IR_SENSORS 0 0 35 -163 207
31.704 14 GPS 3 36029915 481374131 374 225709 1342 -24 0 92473480 31 0
31.805 14 DESIRED -0.117171 0.07603 5.602897 -114.5 162.300003 235. 0.284023 13.
31.904 14 DL_VALUE 57 0.
31.905 14 CIRCLE 49.5 100.099998 80.
31.905 14 WP_MOVED 6 360169.5 4813757.5 260. 31
31.937 14 NAVIGATION 4 2 14.40625 146. 0. 146.70903 18 11 11 0 0 0
31.954 14 GPS 3 36030081 481374410 307 225722 1350 -9 0 92473720 31 0
32.004 14 NAVIGATION 4 2 16.0625 148.5 0. 146.70903 18 11 11 0 0 0
32.004 14 ESTIMATOR 225.491669 -0.09
32.105 14 DATALINK_REPORT 5 10 2145 548 0 0
32.106 14 AIRSPEED 14.4 0. 0. 0.
32.106 14 ATTITUDE -0.514656 0.621651 0.0698
32.188 14 NAVIGATION 4 2 16.0625 148.5 0. 149.36618 19 12 12 0 0 0
32.205 14 CALIBRATION -102.063034 0
32.206 14 FBW_STATUS 2 0 1 12.5 0.600326
32.206 14 GPS 3 36030217 481374705 247 225763 1356 0 0 92473960 31 0
32.305 14 GPS_SOL 433 433 433 7
32.405 14 WP_MOVED 7 360284.5 4813704. 235. 31
32.438 14 NAVIGATION 4 2 17.40625 151.5 0. 152.496643 19 12 12 0 0 0
32.454 14 GPS 3 36030342 481375065 179 225853 1361 18 0 92474240 31 0
32.504 14 ENERGY 41 12.5 0.602955 7.536942 0.030279 0.378484
32.504 14 ESTIMATOR 225.623901 0.18
32.605 14 ATTITUDE -0.394013 0.437322 0.055817
32.688 14 NAVIGATION 4 2 18.6875 155. 0. 156.122467 19 12 12 0 0 0
32.706 14 GPS 3 36030424 481375382 144 225966 1361 52 0 92474480 31 0
32.708 14 SVINFO 6 13 0 6 31 0 350
32.854 14 DESIRED 0.764542 0.047669 5.602897 -114.5 162.300003 235. 0.281283 13.
32.904 14 IR_SENSORS 0 0 34 -97 245
32.905 14 WP_MOVED 8 360269.1875 4813753. 235. 31
32.937 14 NAVIGATION 4 2 19.5 158.5 0. 159.695023 19 12 12 0 0 0
32.953 14 CIRCLE 49.5 100.099998 80.
32.954 14 GPS 3 36030484 481375703 107 226107 1360 64 0 92474720 31 0
32.955 14 SVINFO 0 7 0 0 36 3 50
33.005 14 NAVIGATION 4 2 20.09375 161.5 0. 159.695023 19 12 12 0 0 0
33.006 14 ESTIMATOR 225.934784 0.64
33.104 14 AIRSPEED 14.4 0. 0. 0.
33.104 14 ATTITUDE -0.26613 0.332672 0.04844
33.190 14 NAVIGATION 4 2 20.09375 161.5 0. 162.745224 20 13 13 0 0 0
33.204 14 GPS 3 36030528 481376025 77 226270 1356 76 0 92474960 31 0
33.206 14 SVINFO 1 8 1 1 35 36 100
33.387 14 FBW_STATUS 2 0 1 12.5 0.571779
33.404 14 DL_VALUE 58 0.
33.404 14 WP_MOVED 9 360459.6875 4813680. 235. 31
33.438 14 NAVIGATION 4 2 20.53125 165. 0. 166.272461 20 13 13 0 0 0
33.453 14 GPS 3 36030563 481376402 47 226477 1348 68 0 92475240 31 0
33.454 14 SVINFO 2 9 1 2 34 77 150
33.504 14 ESTIMATOR 226.367615 0.68
33.605 14 ENERGY 39 12.5 0.563078 7.038477 0.031355 0.391942
33.605 14 ATTITUDE -0.143492 0.245366 0.043761
33.688 14 NAVIGATION 4 2 20.875 168.5 0. 169.788147 20 13 13 0 0 0
33.707 14 GPS 3 36030582 481376724 34 226660 1343 75 0 92475480 31 0
33.708 14 SVINFO 3 10 1 3 33 88 200
33.905 14 DESIRED 1.014827 0.019505 5.602897 -114.5 162.300003 235. 0.258972 13.
33.906 14 WP_MOVED 10 360424. 4813592.5 235. 31
33.938 14 NAVIGATION 4 2 21.09375 172. 0. 173.28862 20 13 13 0 0 0
33.954 14 GPS 3 36030596 481377044 23 226842 1336 80 0 92475720 31 0
33.955 14 SVINFO 4 11 0 4 32 58 250
34.005 14 AUTOPILOT_VERSION 51500 v5.15_devel-179-g9a29798-dirty
34.005 14 CIRCLE 49.5 100.099998 80.
34.006 14 NAVIGATION 4 2 21.21875 175. 0. 173.28862 20 13 13 0 0 0
34.006 14 ESTIMATOR 226.778519 0.8
34.104 14 IR_SENSORS 0 0 33 -20 263
34.105 14 AIRSPEED 14.4 0. 0. 0.
34.105 14 ATTITUDE -0.013068 0.211885 0.037556
34.187 14 NAVIGATION 4 2 21.21875 175. 0. 176.281693 21 14 14 0 0 0
34.208 14 FBW_STATUS 2 0 1 12.5 0.529323
34.208 14 GPS 3 36030607 481377363 19 227017 1329 79 0 92475960 31 0
34.304 14 CALIBRATION -65.388115 0
34.305 14 GPS_SOL 418 418 418 7
34.405 14 WP_MOVED 11 360234.40625 4813661.5 235. 31
34.437 14 NAVIGATION 4 2 21.34375 178.5 0. 179.77153 21 14 14 0 0 0
34.454 14 GPS 3 36030621 481377733 23 227204 1320 64 0 92476240 31 0
34.506 14 ESTIMATOR 227.190552 0.64
34.603 14 ATTITUDE 0.104633 0.212614 0.030063
34.691 14 NAVIGATION 4 2 21.4375 182. 0. 183.258194 21 14 14 0 0 0
34.704 14 ENERGY 35 12.5 0.507214 6.340174 0.032332 0.404155
34.704 14 GPS 3 36030638 481378048 31 227345 1315 72 0 92476480 31 0
34.706 14 SVINFO 0 7 0 0 35 4 51
34.904 14 DL_VALUE 59 0.
34.905 14 WP_MOVED 0 360326. 4813637. 260. 31
34.938 14 NAVIGATION 4 2 21.65625 185. 0. 186.263229 21 14 14 0 0 0
34.954 14 DESIRED 1.071707 0.031907 5.602897 -114.5 162.300003 235. 0.229526 13.
34.955 14 GPS 3 36030664 481378362 46 227465 1311 55 0 92476720 31 0
34.956 14 SVINFO 1 8 1 1 34 39 101
35.004 14 NAVIGATION 4 2 21.875 188. 0. 186.263229 21 14 14 0 0 0
35.004 14 ESTIMATOR 227.512634 0.55
35.054 14 CIRCLE 49.5 100.099998 80.
35.122 14 AIRSPEED 14.4 0. 0. 0.
35.123 14 ATTITUDE 0.237943 0.248029 0.023813
35.192 14 NAVIGATION 4 2 21.875 188. 0. 189.268372 22 15 15 0 0 0
35.207 14 GPS 3 36030701 481378673 68 227563 1307 62 0 92476960 31 0
35.208 14 SVINFO 2 9 0 2 33 79 151
35.286 14 COMMANDS 3335,5950,184,0
35.304 14 NAVIGATION_REF 360284 4813595 31 185.
35.305 14 IR_SENSORS 0 0 29 59 257
35.388 14 FBW_STATUS 2 0 1 12.5 0.478017
35.405 14 WP_MOVED 1 360284. 4813595. 260. 31
35.437 14 NAVIGATION 4 2 22.25 191.5 0. 192.788254 22 15 15 0 0 0
35.454 14 GPS 3 36030764 481379033 107 227651 1304 66 0 92477240 31 0
35.503 14 COMMANDS 3282,5540,229,0
35.504 14 ESTIMATOR 227.748886 0.66
35.604 14 STATE_FILTER_STATUS 2 3 358
35.604 14 ATTITUDE 0.359378 0.337653 0.027309
35.689 14 NAVIGATION 4 2 22.875 195. 0. 196.337128 22 15 15 0 0 0
35.704 14 GPS 3 36030839 481379337 138 227703 1303 70 0 92477480 31 0
35.804 14 PPRZ_MODE 2 3 2 2 0 6
35.805 14 ENERGY 33 12.5 0.459066 5.73833 0.033218 0.415218
35.904 14 ALIVE 158,87,147,219,247,235,138,154,89,223,120,51,202,91,226,10
35.905 14 WP_MOVED 2 360333.5 4813695. 235. 31
35.938 14 NAVIGATION 4 2 23.65625 198. 0. 199.408173 22 15 15 0 0 0
35.955 14 GPS 3 36030936 481379634 181 227735 1302 69 0 92477720 31 0
35.956 14 SVINFO 5 12 0 5 31 13 301
36.005 14 DESIRED 1.054831 0.058653 5.602897 -114.5 162.300003 235. 0.214209 13.
36.006 14 NAVIGATION 4 2 24.625 201. 0. 199.408173 22 15 15 0 0 0
36.007 14 ESTIMATOR 227.957672 0.69
36.105 14 CIRCLE 49.5 100.099998 80.
36.106 14 AIRSPEED 14.4 0. 0. 0.
36.106 14 ATTITUDE 0.489145 0.445266 0.037089
36.190 14 NAVIGATION 4 2 25.84375 204. 0. 205.630493 23 16 16 0 0 0
36.206 14 FBW_STATUS 2 0 1 12.5 0.440637
36.207 14 GPS 3 36031060 481379921 232 227745 1302 62 0 92477960 31 0
36.305 14 GPS_SOL 404 404 404 7
36.403 14 CALIBRATION -10.856933 0
36.404 14 DL_VALUE 60 0.6
36.404 14 WP_MOVED 3 360461.40625 4813640. 215. 31
36.437 14 NAVIGATION 4 2 27.65625 206.5 0. 208.34375 23 16 16 0 0 0
36.454 14 GPS 3 36031241 481380237 313 227730 1302 37 0 92478240 31 0
36.504 14 IR_SENSORS 0 0 32 133 228
36.505 14 ESTIMATOR 228.068954 0.37
36.590 14 WIND_INFO 14 5 -1. -1.1 0. 14.4
36.605 14 ATTITUDE 0.604552 0.632251 0.053391
36.698 14 NAVIGATION 4 2 29.53125 209.5 0. 211.571136 23 16 16 0 0 0
36.704 14 GPS 3 36031429 481380487 370 227692 1303 26 0 92478480 31 0
36.904 14 ENERGY 31 12.5 0.431397 5.392468 0.034023 0.425289
36.904 14 WP_MOVED 4 360312.8125 4813652. 185. 31
36.938 14 NAVIGATION 4 2 31.71875 211.5 0. 213.865204 23 16 16 0 0 0
36.954 14 GPS 3 36031647 481380712 441 227643 1305 8 0 92478720 31 0
37.004 14 NAVIGATION 4 2 31.71875 211.5 0. 213.865204 23 16 16 0 0 0
37.004 14 ESTIMATOR 227.986893 0.08
37.054 14 DESIRED 1.019465 0.073494 5.602897 -114.5 162.300003 235. 0.210393 13.
37.103 14 AIRSPEED 14.4 0. 0. 0.
37.104 14 ATTITUDE 0.604552 0.767109 0.062056
37.154 14 CIRCLE 49.5 100.099998 80.
37.198 14 NAVIGATION 4 2 31.71875 211.5 0. 213.865204 24 17 17 0 0 0
37.204 14 DATALINK_REPORT 1 11 2279 567 0 0
37.204 14 GPS 3 36031935 481380938 517 227586 1307 37 0 92479000 31 0
37.206 14 SVINFO 3 10 0 3 32 86 202
37.387 14 FBW_STATUS 2 0 1 12.5 0.430876
37.404 14 WP_MOVED 5 360452.8125 4813581. 260. 31
37.437 14 NAVIGATION 4 2 34.625 214. 0. 216.783051 24 17 17 0 0 0
37.454 14 GPS 3 36032206 481381098 605 227544 1310 18 0 92479240 31 0
37.455 14 SVINFO 4 11 1 4 31 52 252
37.504 14 ESTIMATOR 227.876312 0.18
37.604 14 ATTITUDE 0.604552 1.025394 0.070698
37.703 14 NAVIGATION 4 2 37.34375 215.5 0. 218.7117 24 17 17 0 0 0
37.705 14 IR_SENSORS 0 0 36 136 226
37.706 14 GPS 3 36032494 481381224 664 227511 1311 20 0 92479480 31 0
37.904 14 DL_VALUE 61 12000.
37.904 14 WP_MOVED 6 360169.5 4813757.5 260. 31
37.938 14 NAVIGATION 4 2 40.21875 216.5 0. 220.203995 24 17 17 0 0 0
37.954 14 GPS 3 36032796 481381313 734 227487 1311 16 0 92479720 31 0
37.955 14 SVINFO 6 13 1 6 30 1 353
38.004 14 ENERGY 32 12.5 0.435227 5.440342 0.034818 0.435225
38.004 14 NAVIGATION 4 2 43.21875 217.5 0. 220.203995 24 17 17 0 0 0
38.005 14 ESTIMATOR 227.768509 0.16
38.103 14 DESIRED 0.973734 0.07375 5.602897 -114.5 162.300003 235. 0.215524 13.
38.104 14 AIRSPEED 14.4 0. 0. 0.
38.104 14 ATTITUDE 0.604552 1.229162 0.075011
38.202 14 NAVIGATION 4 2 43.21875 217.5 0. 221.752365 25 18 18 0 0 0
38.208 14 FBW_STATUS 2 0 1 12.5 0.436273
38.208 14 CIRCLE 49.5 100.099998 80.
38.209 14 GPS 3 36033106 481381365 805 227471 1311 30 0 92479960 31 0
38.210 14 SVINFO 0 7 0 0 34 7 53
38.305 14 GPS_SOL 390 390 390 7
38.404 14 WP_MOVED 7 360284.5 4813704. 235. 31
38.437 14 NAVIGATION 4 2 46.28125 218.5 0. 223.347717 25 18 18 0 0 0
38.453 14 GPS 3 36033473 481381377 899 227461 1310 36 0 92480240 31 0
38.454 14 SVINFO 1 8 1 1 33 45 103
38.504 14 CALIBRATION -6.738375 0
38.505 14 ESTIMATOR 227.71048 0.36
38.604 14 ATTITUDE 0.604552 1.491471 0.079317
38.702 14 NAVIGATION 4 2 49.96875 218.5 0. 224.140854 25 18 18 0 0 0
38.705 14 GPS 3 36033786 481381345 957 227457 1308 50 0 92480480 31 0
38.708 14 SVINFO 2 9 1 2 32 83 153
38.905 14 IR_SENSORS 0 0 38 136 226
38.906 14 WP_MOVED 8 360269.1875 4813753. 235. 31
38.937 14 NAVIGATION 4 2 53.09375 218. 0. 224.37233 25 18 18 0 0 0
38.954 14 GPS 3 36034091 481381276 1028 227454 1306 52 0 92480720 31 0
39.004 14 NAVIGATION 4 2 56.15625 217.5 0. 224.37233 25 18 18 0 0 0
39.004 14 ESTIMATOR 227.738739 0.52
39.104 14 ENERGY 30 12.5 0.417533 5.219159 0.035605 0.445067
39.104 14 AIRSPEED 14.4 0. 0. 0.
39.104 14 ATTITUDE 0.604552 1.7011 0.079317
39.154 14 DESIRED 0.825792 0.073906 5.602897 -114.5 162.300003 235. 0.218633 13.
39.208 14 NAVIGATION 4 2 56.15625 217.5 0. 224.632523 26 19 19 0 0 0
39.209 14 GPS 3 36034386 481381169 1098 227452 1304 46 0 92480960 31 0
39.254 14 CIRCLE 49.5 100.099998 80.
39.387 14 FBW_STATUS 2 0 1 12.5 0.410981
39.404 14 DL_VALUE 62 1.5
39.404 14 WP_MOVED 9 360459.6875 4813680. 235. 31
39.437 14 NAVIGATION 4 2 59.09375 216.5 0. 224.419968 26 19 19 0 0 0
39.454 14 GPS 3 36034709 481381000 1193 227447 1301 41 0 92481240 31 0
39.454 14 SVINFO 5 12 1 5 30 9 303
39.504 14 ESTIMATOR 227.766235 0.41
39.604 14 ATTITUDE 0.604552 1.974505 0.079317
39.708 14 NAVIGATION 4 2 62.34375 214.5 0. 223.376343 26 19 19 0 0 0
39.709 14 GPS 3 36034964 481380821 1252 227439 1299 33 0 92481480 31 0
39.905 14 WP_MOVED 10 360424. 4813592.5 235. 31
39.938 14 NAVIGATION 4 2 64.875 213. 0. 222.660645 26 19 19 0 0 0
39.954 14 GPS 3 36035194 481380611 1323 227426 1296 20 0 92481720 31 0
39.955 14 SVINFO 0 7 0 0 33 9 54
40.005 14 NAVIGATION 4 2 67.15625 210.5 0. 222.660645 26 19 19 0 0 0
40.005 14 ESTIMATOR 227.734207 0.2
40.103 14 IR_SENSORS 0 0 37 135 226
40.103 14 AIRSPEED 14.4 0. 0. 0.
40.104 14 ATTITUDE 0.601297 2.195592 0.075011
40.187 14 NAVIGATION 4 2 67.15625 210.5 0. 220.952957 27 20 20 0 0 0
40.213 14 FBW_STATUS 2 0 1 12.5 0.406512
40.214 14 ENERGY 30 12.5 0.406512 5.081396 0.036355 0.454435
40.214 14 DESIRED 0.19211 0.072992 5.602897 -114.5 162.300003 235. 0.217974 13.
40.214 14 GPS 3 36035396 481380375 1394 227409 1295 34 0 92481960 31 0
40.286 14 COMMANDS 2893,-2966,-18,0
40.303 14 GPS_SOL 377 377 377 7
40.304 14 CIRCLE 49.5 100.099998 80.
40.404 14 WP_MOVED 11 360234.40625 4813661.5 235. 31
40.437 14 NAVIGATION 4 2 69.21875 208.5 0. 219.689514 27 20 20 0 0 0
40.454 14 GPS 3 36035594 481380071 1485 227390 1294 24 0 92482240 31 0
40.504 14 COMMANDS 2893,-4199,-32,0
40.504 14 ESTIMATOR 227.674423 0.24
40.605 14 STATE_FILTER_STATUS 2 3 388
40.605 14 CALIBRATION 13.436955 0
40.606 14 ATTITUDE 0.506109 2.478488 0.066961
40.687 14 NAVIGATION 4 2 71.15625 205. 0. 216.998184 27 20 20 0 0 0
40.718 14 GPS 3 36035732 481379794 1534 227389 1292 32 0 92482480 31 0
40.723 14 SVINFO 3 10 1 3 31 83 204
40.804 14 PPRZ_MODE 2 3 2 2 0 6
40.904 14 ALIVE 158,87,147,219,247,235,138,154,89,223,120,51,202,91,226,10
40.905 14 DL_VALUE 63 1250.
40.905 14 WP_MOVED 0 360326. 4813637. 260. 31
40.938 14 NAVIGATION 4 2 72.5625 202.5 0. 215.108261 27 20 20 0 0 0
40.955 14 GPS 3 36035845 481379505 1586 227409 1289 29 0 92482720 31 0
41.005 14 NAVIGATION 4 2 73.6875 199.5 0. 215.108261 27 20 20 0 0 0
41.006 14 ESTIMATOR 227.644287 0.29
41.104 14 AIRSPEED 14.4 0. 0. 0.
41.104 14 ATTITUDE 0.376159 2.660833 0.059667
41.187 14 NAVIGATION 4 2 73.6875 199.5 0. 212.673691 28 21 21 0 0 0
41.209 14 GPS 3 36035935 481379210 1631 227450 1285 32 0 92482960 31 0
41.254 14 DESIRED -0.628405 0.046078 5.602897 -114.5 162.300003 235. 0.220671 13.
41.305 14 IR_SENSORS 0 0 36 68 254
41.305 14 ENERGY 29 12.5 0.398288 4.978596 0.037092 0.463644
41.354 14 CIRCLE 49.5 100.099998 80.
41.387 14 FBW_STATUS 2 0 1 12.5 0.397262
41.405 14 WP_MOVED 1 360284. 4813595. 260. 31
41.437 14 NAVIGATION 4 2 74.625 196.5 0. 210.1931 28 21 21 0 0 0
41.454 14 GPS 3 36036014 481378861 1680 227519 1278 42 0 92483240 31 0
41.505 14 ESTIMATOR 227.674454 0.42
41.604 14 ATTITUDE 0.254257 2.831488 0.051373
41.688 14 NAVIGATION 4 2 75.40625 193. 0. 207.20787 28 21 21 0 0 0
41.723 14 GPS 3 36036065 481378559 1704 227591 1273 47 0 92483480 31 0
41.904 14 WP_MOVED 2 360333.5 4813695. 235. 31
41.937 14 NAVIGATION 4 2 75.875 190. 0. 204.589874 28 21 21 0 0 0
41.954 14 GPS 3 36036103 481378257 1727 227669 1267 40 0 92483720 31 0
41.955 14 SVINFO 1 8 0 1 32 52 105
42.005 14 NAVIGATION 4 2 76.28125 187. 0. 204.589874 28 21 21 0 0 0
42.006 14 ESTIMATOR 227.802383 0.4
42.104 14 AIRSPEED 14.4 0. 0. 0.
42.104 14 ATTITUDE 0.123593 2.918262 0.045036
42.188 14 NAVIGATION 4 2 76.28125 187. 0. 201.959961 29 22 22 0 0 0
42.213 14 FBW_STATUS 2 0 1 12.5 0.38127
42.215 14 GPS 3 36036133 481377956 1743 227748 1261 24 0 92483960 31 0
42.216 14 SVINFO 2 9 1 2 31 86 155
42.304 14 DATALINK_REPORT 6 11 2406 534 0 0
42.305 14 GPS_SOL 365 365 365 7
42.305 14 DESIRED -0.91374 0.018134 5.602897 -114.5 162.300003 235. 0.215928 13.
42.405 14 DL_VALUE 64 0.
42.405 14 ENERGY 28 12.5 0.382456 4.780701 0.037804 0.472546
42.405 14 CIRCLE 49.5 100.099998 80.
42.406 14 WP_MOVED 3 360461.40625 4813640. 215. 31
42.437 14 NAVIGATION 4 2 76.5625 184. 0. 199.293289 29 22 22 0 0 0
42.454 14 GPS 3 36036161 481377606 1755 227834 1254 5 0 92484240 31 0
42.504 14 IR_SENSORS 0 0 33 -10 263
42.505 14 ESTIMATOR 227.899902 0.05
42.605 14 ATTITUDE 0.005859 2.970936 0.037556
42.687 14 NAVIGATION 4 2 76.84375 180.5 0. 196.176483 29 22 22 0 0 0
42.727 14 CALIBRATION 24.300896 0
42.728 14 GPS 3 36036184 481377306 1757 227897 1250 -10 0 92484480 31 0
42.729 14 SVINFO 4 11 1 4 30 42 255
42.905 14 WP_MOVED 4 360312.8125 4813652. 185. 31
42.937 14 NAVIGATION 4 2 77.09375 177.5 0. 193.519241 29 22 22 0 0 0
42.954 14 GPS 3 36036208 481377008 1753 227948 1248 -7 0 92484720 31 0
43.004 14 NAVIGATION 4 2 77.34375 174.5 0. 193.519241 29 22 22 0 0 0
43.005 14 ESTIMATOR 227.90004 -0.07
43.104 14 AIRSPEED 14.4 0. 0. 0.
43.105 14 ATTITUDE -0.127872 2.965849 0.031858
43.187 14 NAVIGATION 4 2 77.34375 174.5 0. 190.872482 30 23 23 0 0 0
43.215 14 GPS 3 36036243 481376660 1741 227989 1249 1 0 92485000 31 0
43.354 14 DESIRED -0.960757 0.030006 5.602897 -114.5 162.300003 235. 0.212999 13.
43.387 14 FBW_STATUS 2 0 1 12.5 0.404624
43.405 14 WP_MOVED 5 360452.8125 4813581. 260. 31
43.437 14 NAVIGATION 4 2 77.6875 171. 0. 187.819992 30 23 23 0 0 0
43.454 14 CIRCLE 49.5 100.099998 80.
43.455 14 GPS 3 36036284 481376362 1718 228007 1251 -5 0 92485240 31 0
43.455 14 SVINFO 0 7 0 0 32 13 56
43.505 14 ENERGY 30 12.5 0.40737 5.092131 0.038529 0.481605
43.505 14 ESTIMATOR 227.936707 -0.05
43.605 14 ATTITUDE -0.245714 2.901317 0.027761
43.688 14 NAVIGATION 4 2 78.09375 168. 0. 185.263687 30 23 23 0 0 0
43.718 14 IR_SENSORS 0 0 29 -88 249
43.719 14 GPS 3 36036337 481376066 1697 228009 1254 -19 0 92485480 31 0
43.904 14 DL_VALUE 65 7500.
43.904 14 WP_MOVED 6 360169.5 4813757.5 260. 31
43.938 14 NAVIGATION 4 2 78.625 165. 0. 182.775513 30 23 23 0 0 0
43.954 14 GPS 3 36036408 481375772 1665 227995 1258 -26 0 92485720 31 0
44.004 14 NAVIGATION 4 2 79.34375 162.5 0. 182.775513 30 23 23 0 0 0
44.005 14 ESTIMATOR 227.923294 -0.26
44.104 14 AIRSPEED 14.4 0. 0. 0.
44.104 14 ATTITUDE -0.378823 2.803365 0.033482
44.187 14 NAVIGATION 4 2 79.34375 162.5 0. 180.83606 31 24 24 0 0 0
44.220 14 FBW_STATUS 2 0 1 12.5 0.434182
44.221 14 GPS 3 36036498 481375482 1627 227967 1264 -36 0 92485960 31 0
44.305 14 NAVIGATION_REF 360284 4813595 31 185.
44.305 14 GPS_SOL 353 353 353 7
44.404 14 DESIRED -0.90493 0.057315 5.602897 -114.5 162.300003 235. 0.212301 13.
44.405 14 WP_MOVED 7 360284.5 4813704. 235. 31
44.437 14 NAVIGATION 4 2 80.21875 159.5 0. 178.536545 31 24 24 0 0 0
44.454 14 GPS 3 36036633 481375152 1564 227917 1275 -22 0 92486240 31 0
44.504 14 CIRCLE 49.5 100.099998 80.
44.505 14 ESTIMATOR 227.827271 -0.22
44.605 14 ENERGY 33 12.5 0.452026 5.650324 0.039314 0.491427
44.606 14 ATTITUDE -0.498971 2.619721 0.041482
44.688 14 NAVIGATION 4 2 81.5625 156. 0. 176.035339 31 24 24 0 0 0
44.720 14 GPS 3 36036778 481374881 1518 227859 1282 -33 0 92486480 31 0
44.803 14 CALIBRATION -23.624582 0
44.904 14 IR_SENSORS 0 0 30 -158 212
44.904 14 WP_MOVED 8 360269.1875 4813753. 235. 31
44.937 14 NAVIGATION 4 2 83. 153.5 0. 174.502869 31 24 24 0 0 0
44.954 14 GPS 3 36036953 481374625 1456 227787 1291 -32 0 92486720 31 0
45.005 14 NAVIGATION 4 2 84.78125 150.5 0. 174.502869 31 24 24 0 0 0
45.006 14 ESTIMATOR 227.731308 -0.32
45.104 14 AUTOPILOT_VERSION 51500 v5.15_devel-179-g9a29798-dirty
45.105 14 AIRSPEED 14.4 0. 0. 0.
45.105 14 ATTITUDE -0.601862 2.426863 0.055976
45.187 14 NAVIGATION 4 2 84.78125 150.5 0. 172.737106 32 25 25 0 0 0
45.216 14 GPS 3 36037159 481374391 1386 227702 1301 -27 0 92486960 31 0
45.288 14 COMMANDS 3370,-246,154,0
45.387 14 FBW_STATUS 2 0 1 12.5 0.491224
45.404 14 DL_VALUE 66 1500.
45.405 14 WP_MOVED 9 360459.6875 4813680. 235. 31
45.437 14 NAVIGATION 4 2 86.84375 148.5 0. 172.029312 32 25 25 0 0 0
45.454 14 DESIRED -0.473239 0.073697 5.602897 -114.5 162.300003 235. 0.22007 13.
45.454 14 GPS 3 36037437 481374149 1292 227605 1315 -32 0 92487240 31 0
45.455 14 SVINFO 1 8 0 1 31 58 107
45.504 14 COMMANDS 3433,964,99,0
45.505 14 ESTIMATOR 227.598923 -0.32
45.554 14 CIRCLE 49.5 100.099998 80.
45.604 14 STATE_FILTER_STATUS 2 3 403
45.604 14 ATTITUDE -0.601862 2.144471 0.065383
45.687 14 NAVIGATION 4 2 89.625 146. 0. 171.314453 32 25 25 0 0 0
45.724 14 ENERGY 36 12.5 0.507034 6.337921 0.040194 0.502426
45.725 14 GPS 3 36037702 481373974 1234 227533 1323 -29 0 92487480 31 0
45.804 14 PPRZ_MODE 2 3 2 2 0 6
45.907 14 ALIVE 158,87,147,219,247,235,138,154,89,223,120,51,202,91,226,10
45.907 14 WP_MOVED 10 360424. 4813592.5 235. 31
45.938 14 NAVIGATION 4 2 92.28125 144.5 0. 171.45285 32 25 25 0 0 0
45.954 14 GPS 3 36037987 481373831 1165 227481 1331 -42 0 92487720 31 0
45.954 14 SVINFO 3 10 0 3 30 78 207
46.005 14 NAVIGATION 4 2 95.125 142.5 0. 171.45285 32 25 25 0 0 0
46.006 14 ESTIMATOR 227.457993 -0.42
46.103 14 IR_SENSORS 0 0 33 -147 219
46.103 14 AIRSPEED 14.4 0. 0. 0.
46.104 14 ATTITUDE -0.528325 1.930467 0.062293
46.187 14 NAVIGATION 4 2 95.125 142.5 0. 171.333054 33 26 26 0 0 0
46.220 14 FBW_STATUS 2 0 1 12.5 0.536984
46.221 14 GPS 3 36038289 481373720 1103 227460 1338 -12 0 92487960 31 0
46.303 14 GPS_SOL 343 343 343 7
46.404 14 WP_MOVED 11 360234.40625 4813661.5 235. 31
46.438 14 NAVIGATION 4 2 98.125 142. 0. 172.605087 33 26 26 0 0 0
46.454 14 GPS 3 36038653 481373626 1032 227488 1343 23 0 92488240 31 0
46.504 14 DESIRED 0.560697 0.055829 5.602897 -114.5 162.300003 235. 0.228585 13.
46.504 14 ESTIMATOR 227.385834 0.23
46.592 14 WIND_INFO 14 5 -0.2 0.2 0. 13.2
46.604 14 CIRCLE 49.5 100.099998 80.
46.604 14 ATTITUDE -0.405909 1.710396 0.056417
46.687 14 NAVIGATION 4 2 101.78125 141. 0. 173.897736 33 26 26 0 0 0
46.722 14 GPS 3 36038971 481373572 995 227556 1344 36 0 92488480 31 0
46.805 14 ENERGY 37 12.5 0.534245 6.678064 0.041165 0.514565
46.904 14 CALIBRATION -71.581253 0
46.904 14 DL_VALUE 67 1.
46.904 14 WP_MOVED 0 360326. 4813637. 260. 31
46.938 14 NAVIGATION 4 2 104.96875 140. 0. 174.981247 33 26 26 0 0 0
46.954 14 GPS 3 36039291 481373540 957 227659 1341 49 0 92488720 31 0
46.954 14 SVINFO 0 7 0 0 31 18 58
47.005 14 NAVIGATION 4 2 108.15625 140. 0. 174.981247 33 26 26 0 0 0
47.006 14 ESTIMATOR 227.587128 0.49
47.104 14 AIRSPEED 13.2 0. 0. 0.
47.105 14 ATTITUDE -0.274561 1.683649 0.052937
47.188 14 NAVIGATION 4 2 108.15625 140. 0. 176.911774 34 27 27 0 0 0
47.204 14 GPS 3 36039612 481373526 925 227788 1337 62 0 92488960 31 0
47.304 14 IR_SENSORS 0 0 34 -75 252
47.387 14 FBW_STATUS 2 0 1 12.5 0.514077
47.405 14 DATALINK_REPORT 1 12 2534 546 0 0
47.405 14 WP_MOVED 1 360284. 4813595. 260. 31
47.438 14 NAVIGATION 4 2 111.375 140. 0. 178.897705 34 27 27 0 0 0
47.455 14 GPS 3 36039984 481373527 893 227959 1328 77 0 92489240 31 0
47.456 14 SVINFO 2 9 1 2 30 89 158
47.505 14 ESTIMATOR 227.903839 0.77
47.554 14 DESIRED 0.969615 0.027956 5.602897 -114.5 162.300003 235. 0.218107 13.
47.604 14 ATTITUDE -0.155425 1.574041 0.044265
47.654 14 CIRCLE 49.5 100.099998 80.
47.688 14 NAVIGATION 4 2 115.09375 140. 0. 181.236221 34 27 27 0 0 0
47.704 14 GPS 3 36040302 481373539 878 228113 1322 82 0 92489480 31 0
47.904 14 ENERGY 34 12.5 0.483718 6.046477 0.042106 0.526322
47.904 14 WP_MOVED 2 360333.5 4813695. 235. 31
47.937 14 NAVIGATION 4 2 118.28125 140. 0. 183.276978 34 27 27 0 0 0
47.954 14 GPS 3 36040617 481373557 867 228266 1314 76 0 92489720 31 0
48.004 14 NAVIGATION 4 2 121.40625 140. 0. 183.276978 34 27 27 0 0 0
48.004 14 ESTIMATOR 228.295425 0.76
48.104 14 AIRSPEED 13.2 0. 0. 0.
48.104 14 ATTITUDE -0.02473 1.529472 0.038028
48.188 14 NAVIGATION 4 2 121.40625 140. 0. 185.309143 35 28 28 0 0 0
48.206 14 FBW_STATUS 2 0 1 12.5 0.466839
48.207 14 GPS 3 36040929 481373577 861 228411 1306 80 0 92489960 31 0
48.303 14 GPS_SOL 334 334 334 7
48.404 14 DL_VALUE 68 0.3
48.404 14 WP_MOVED 3 360461.40625 4813640. 215. 31
48.437 14 NAVIGATION 4 2 124.53125 140. 0. 187.371368 35 28 28 0 0 0
48.454 14 GPS 3 36041292 481373601 863 228562 1296 78 0 92490240 31 0
48.504 14 IR_SENSORS 0 0 31 3 264
48.505 14 ESTIMATOR 228.639496 0.78
48.605 14 DESIRED 1.057438 0.019513 5.602897 -114.5 162.300003 235. 0.196011 13.
48.605 14 ATTITUDE 0.093241 1.523734 0.030063
48.687 14 NAVIGATION 4 2 128.15625 140.5 0. 190.169067 35 28 28 0 0 0
48.703 14 CIRCLE 49.5 100.099998 80.
48.704 14 GPS 3 36041602 481373617 870 228671 1290 73 0 92490480 31 0
48.905 14 WP_MOVED 4 360312.8125 4813652. 185. 31
48.938 14 NAVIGATION 4 2 131.25 141. 0. 192.63324 35 28 28 0 0 0
48.955 14 GPS 3 36041910 481373625 885 228758 1285 49 0 92490720 31 0
49.004 14 CALIBRATION -8.493178 0
49.005 14 ENERGY 31 12.5 0.426013 5.325165 0.042935 0.536684
49.005 14 NAVIGATION 4 2 134.375 141. 0. 192.63324 35 28 28 0 0 0
49.006 14 ESTIMATOR 228.91922 0.49
49.104 14 AIRSPEED 13.2 0. 0. 0.
49.104 14 ATTITUDE 0.226733 1.560941 0.023813
49.188 14 NAVIGATION 4 2 134.375 141. 0. 194.775879 36 29 29 0 0 0
49.206 14 GPS 3 36042217 481373621 906 228821 1280 50 0 92490960 31 0
49.388 14 FBW_STATUS 2 0 1 12.5 0.414082
49.405 14 WP_MOVED 5 360452.8125 4813581. 260. 31
49.437 14 NAVIGATION 4 2 137.40625 141. 0. 196.879349 36 29 29 0 0 0
49.454 14 GPS 3 36042574 481373598 944 228865 1277 40 0 92491240 31 0
49.505 14 ESTIMATOR 229.047043 0.4
49.605 14 ATTITUDE 0.347385 1.662531 0.02686
49.654 14 DESIRED 1.052388 0.047212 5.602897 -114.5 162.300003 235. 0.18045 13.
49.687 14 NAVIGATION 4 2 141. 140.5 0. 199.050873 36 29 29 0 0 0
49.704 14 IR_SENSORS 0 0 29 81 251
49.704 14 GPS 3 36042878 481373559 974 228877 1276 19 0 92491480 31 0
49.754 14 CIRCLE 49.5 100.099998 80.
49.903 14 DL_VALUE 69 1.
49.904 14 WP_MOVED 6 360169.5 4813757.5 260. 31
49.937 14 NAVIGATION 4 2 144.0625 140. 0. 200.883057 36 29 29 0 0 0
49.954 14 GPS 3 36043178 481373496 1017 228868 1277 0 0 92491720 31 0
50.006 14 NAVIGATION 4 2 147. 139.5 0. 200.883057 36 29 29 0 0 0
50.006 14 ESTIMATOR 229.059067 0.
50.105 14 ENERGY 30 12.5 0.414771 5.184643 0.043695 0.54618
50.106 14 AIRSPEED 13.2 0. 0. 0.
50.106 14 ATTITUDE 0.475676 1.788396 0.032
50.187 14 NAVIGATION 4 2 147. 139.5 0. 202.655502 37 30 30 0 0 0
50.204 14 FBW_STATUS 2 0 1 12.5 0.416497
50.204 14 GPS 3 36043472 481373407 1068 228837 1279 -18 0 92491960 31 0
50.287 14 COMMANDS 3000,3882,290,0
50.304 14 GPS_SOL 325 325 325 7
50.404 14 WP_MOVED 7 360284.5 4813704. 235. 31
50.437 14 NAVIGATION 4 2 149.96875 138.5 0. 204.139359 37 30 30 0 0 0
50.454 14 GPS 3 36043802 481373265 1147 228776 1285 -40 0 92492240 31 0
50.504 14 COMMANDS 3067,3464,265,0
50.504 14 ESTIMATOR 228.910492 -0.4
50.604 14 STATE_FILTER_STATUS 2 3 393
50.604 14 ATTITUDE 0.599355 2.010834 0.048458
50.687 14 NAVIGATION 4 2 153.25 137.5 0. 205.892715 37 30 30 0 0 0
50.704 14 DESIRED 1.024626 0.072108 5.602897 -114.5 162.300003 235. 0.182685 13.
50.704 14 GPS 3 36044069 481373108 1205 228702 1290 -46 0 92492480 31 0
50.706 14 SVINFO 1 8 0 1 30 66 110
50.803 14 PPRZ_MODE 2 3 2 2 0 6
50.803 14 CIRCLE 49.5 100.099998 80.
50.906 14 ALIVE 158,87,147,219,247,235,138,154,89,223,120,51,202,91,226,10
50.906 14 IR_SENSORS 0 0 32 136 226
50.907 14 WP_MOVED 8 360269.1875 4813753. 235. 31
50.938 14 NAVIGATION 4 2 155.9375 135.5 0. 206.583527 37 30 30 0 0 0
50.954 14 GPS 3 36044316 481372918 1276 228620 1297 -65 0 92492720 31 0
51.004 14 NAVIGATION 4 2 158.40625 134. 0. 206.583527 37 30 30 0 0 0
51.004 14 ESTIMATOR 228.655396 -0.65
51.104 14 CALIBRATION -32.806957 0
51.105 14 AIRSPEED 13.2 0. 0. 0.
51.105 14 ATTITUDE 0.604552 2.23039 0.057727
51.188 14 NAVIGATION 4 2 158.40625 134. 0. 207.481415 38 31 31 0 0 0
51.204 14 ENERGY 34 12.5 0.480154 6.00192 0.044506 0.556322
51.204 14 GPS 3 36044539 481372697 1347 228543 1306 -58 0 92492960 31 0
51.387 14 FBW_STATUS 2 0 1 12.5 0.494448
51.405 14 DL_VALUE 70 0.1
51.406 14 WP_MOVED 9 360459.6875 4813680. 235. 31
51.437 14 NAVIGATION 4 2 160.65625 131.5 0. 207.611847 38 31 31 0 0 0
51.454 14 GPS 3 36044764 481372406 1440 228471 1318 -41 0 92493240 31 0
51.505 14 ESTIMATOR 228.389114 -0.41
51.604 14 ATTITUDE 0.604552 2.511638 0.06638
51.687 14 NAVIGATION 4 2 162.875 128.5 0. 207.462082 38 31 31 0 0 0
51.704 14 GPS 3 36044923 481372131 1499 228430 1324 -5 0 92493480 31 0
51.754 14 DESIRED 0.987161 0.07289 5.602897 -114.5 162.300003 235. 0.198327 13.
51.854 14 CIRCLE 49.5 100.099998 80.
51.904 14 WP_MOVED 10 360424. 4813592.5 235. 31
51.936 14 NAVIGATION 4 2 164.5 126. 0. 207.210648 38 31 31 0 0 0
51.954 14 GPS 3 36045048 481371837 1568 228409 1330 30 0 92493720 31 0
52.004 14 NAVIGATION 4 2 165.71875 123. 0. 207.210648 38 31 31 0 0 0
52.005 14 ESTIMATOR 228.336151 0.3
52.104 14 IR_SENSORS 0 0 37 136 226
52.104 14 AIRSPEED 13.2 0. 0. 0.
52.104 14 ATTITUDE 0.604552 2.730122 0.075011
52.187 14 NAVIGATION 4 2 165.71875 123. 0. 206.377579 39 32 32 0 0 0
52.204 14 FBW_STATUS 2 0 1 12.5 0.506853
52.204 14 GPS 3 36045138 481371530 1637 228407 1333 36 0 92493960 31 0
52.205 14 SVINFO 0 7 0 0 30 26 61
52.304 14 GPS_SOL 318 318 318 7
52.304 14 ENERGY 36 12.5 0.504511 6.306383 0.045429 0.56786
52.404 14 WP_MOVED 11 360234.40625 4813661.5 235. 31
52.437 14 NAVIGATION 4 2 166.625 119.5 0. 205.046677 39 32 32 0 0 0
52.453 14 GPS 3 36045194 481371160 1730 228424 1336 24 0 92494240 31 0
52.504 14 DATALINK_REPORT 6 12 2658 540 0 0
52.504 14 ESTIMATOR 228.48053 0.24
52.605 14 ATTITUDE 0.604552 3.006674 0.079317
52.687 14 NAVIGATION 4 2 167.15625 116. 0. 203.463043 39 32 32 0 0 0
52.704 14 GPS 3 36045201 481370840 1787 228451 1335 24 0 92494480 31 0
52.803 14 DESIRED 0.871819 0.072753 5.602897 -114.5 162.300003 235. 0.195584 13.
52.904 14 DL_VALUE 71 -0.062832
52.905 14 CIRCLE 49.5 100.099998 80.
52.905 14 WP_MOVED 0 360326. 4813637. 260. 31
52.938 14 NAVIGATION 4 2 167.25 113. 0. 201.845398 39 32 32 0 0 0
52.954 14 GPS 3 36045170 481370521 1856 228485 1335 44 0 92494720 31 0
53.005 14 NAVIGATION 4 2 166.9375 110. 0. 201.845398 39 32 32 0 0 0
53.006 14 ESTIMATOR 228.553741 0.44
53.104 14 AIRSPEED 13.2 0. 0. 0.
53.104 14 ATTITUDE 0.604552 3.224261 0.079317
53.187 14 NAVIGATION 4 2 166.9375 110. 0. 199.920303 40 33 33 0 0 0
53.204 14 CALIBRATION -50.971775 0
53.204 14 GPS 3 36045100 481370208 1925 228523 1333 52 0 92494960 31 0
53.304 14 NAVIGATION_REF 360284 4813595 31 185.
53.305 14 IR_SENSORS 0 0 38 136 226
53.387 14 FBW_STATUS 2 0 1 12.5 0.485324
53.404 14 ENERGY 34 12.5 0.485324 6.066555 0.046342 0.579277
53.405 14 WP_MOVED 1 360284. 4813595. 260. 31
53.437 14 NAVIGATION 4 2 166.25 106.5 0. 197.436859 40 33 33 0 0 0
53.454 14 GPS 3 36044972 481369858 2018 228569 1331 62 0 92495240 31 0
53.504 14 ESTIMATOR 228.709106 0.62
53.604 14 ATTITUDE 0.604552 3.502722 0.079317
53.688 14 NAVIGATION 4 2 164.96875 103. 0. 194.483124 40 33 33 0 0 0
53.704 14 GPS 3 36044824 481369576 2075 228606 1328 56 0 92495480 31 0
53.854 14 DESIRED 0.526193 0.07241 5.602897 -114.5 162.300003 235. 0.188727 13.
53.904 14 WP_MOVED 2 360333.5 4813695. 235. 31
53.937 14 NAVIGATION 4 2 163.5 100. 0. 191.656601 40 33 33 0 0 0
53.954 14 CIRCLE 49.5 100.099998 80.
53.955 14 GPS 3 36044644 481369313 2145 228640 1325 75 0 92495720 31 0
54.005 14 NAVIGATION 4 2 161.6875 97.5 0. 191.656601 40 33 33 0 0 0
54.006 14 ESTIMATOR 228.861252 0.75
54.104 14 AIRSPEED 13.2 0. 0. 0.
54.105 14 ATTITUDE 0.604552 3.723284 0.075011
54.188 14 NAVIGATION 4 2 161.6875 97.5 0. 188.809692 41 34 34 0 0 0
54.204 14 FBW_STATUS 2 0 1 12.5 0.447638
54.205 14 GPS 3 36044434 481369076 2214 228667 1322 73 0 92495960 31 0
54.304 14 GPS_SOL 312 312 312 7
54.405 14 DL_VALUE 72 0.087266
54.405 14 WP_MOVED 3 360461.40625 4813640. 215. 31
54.437 14 NAVIGATION 4 2 159.5625 95.5 0. 185.958176 41 34 34 0 0 0
54.454 14 GPS 3 36044156 481368832 2303 228698 1317 62 0 92496240 31 0
54.505 14 IR_SENSORS 0 0 37 118 235
54.506 14 ENERGY 31 12.5 0.434705 5.43381 0.047186 0.589823
54.506 14 ESTIMATOR 229.021332 0.62
54.605 14 ATTITUDE 0.506109 3.999649 0.066961
54.687 14 NAVIGATION 4 2 156.8125 93. 0. 182.316101 41 34 34 0 0 0
54.706 14 GPS 3 36043897 481368653 2352 228735 1313 39 0 92496480 31 0
54.904 14 DESIRED -0.317712 0.053533 5.602897 -114.5 162.300003 235. 0.17936 13.
54.905 14 WP_MOVED 4 360312.8125 4813652. 185. 31
54.938 14 NAVIGATION 4 2 154.21875 91. 0. 179.065414 41 34 34 0 0 0
54.954 14 GPS 3 36043624 481368498 2404 228789 1307 49 0 92496720 31 0
55.005 14 CIRCLE 49.5 100.099998 80.
55.006 14 NAVIGATION 4 2 151.5 89.5 0. 179.065414 41 34 34 0 0 0
55.006 14 ESTIMATOR 229.064987 0.49
55.104 14 AIRSPEED 13.2 0. 0. 0.
55.104 14 ATTITUDE 0.376159 4.175384 0.05575
55.188 14 NAVIGATION 4 2 151.5 89.5 0. 175.961639 42 35 35 0 0 0
55.203 14 GPS 3 36043341 481368365 2448 228858 1301 59 0 92496960 31 0
55.287 14 COMMANDS 2933,-7191,-121,0
55.304 14 CALIBRATION -0.366441 0
55.388 14 FBW_STATUS 2 0 1 12.5 0.407714
55.406 14 WP_MOVED 5 360452.8125 4813581. 260. 31
55.437 14 NAVIGATION 4 2 148.65625 88. 0. 172.750336 42 35 35 0 0 0
55.455 14 GPS 3 36043003 481368235 2497 228955 1291 36 0 92497240 31 0
55.504 14 COMMANDS 2911,-7605,-160,0
55.504 14 ESTIMATOR 229.174423 0.36
55.605 14 STATE_FILTER_STATUS 2 3 343
55.606 14 ENERGY 30 12.5 0.405825 5.072813 0.047955 0.59943
55.606 14 ATTITUDE 0.254257 4.338398 0.047569
55.687 14 NAVIGATION 4 2 145.28125 86.5 0. 169.082489 42 35 35 0 0 0
55.704 14 IR_SENSORS 0 0 35 43 260
55.705 14 GPS 3 36042710 481368140 2521 229046 1284 47 0 92497480 31 0
55.804 14 PPRZ_MODE 2 3 2 2 0 6
55.904 14 ALIVE 158,87,147,219,247,235,138,154,89,223,120,51,202,91,226,10
55.904 14 DL_VALUE 73 1.
55.905 14 WP_MOVED 6 360169.5 4813757.5 260. 31
55.936 14 NAVIGATION 4 2 142.375 86. 0. 166.332916 42 35 35 0 0 0
55.955 14 DESIRED -0.874574 0.026759 5.602897 -114.5 162.300003 235. 0.173751 13.
55.955 14 GPS 3 36042415 481368058 2544 229139 1276 59 0 92497720 31 0
56.004 14 NAVIGATION 4 2 139.40625 85. 0. 166.332916 42 35 35 0 0 0
56.004 14 ESTIMATOR 229.277786 0.59
56.053 14 CIRCLE 49.5 100.099998 80.
56.104 14 AIRSPEED 13.2 0. 0. 0.
56.105 14 ATTITUDE 0.123593 4.42111 0.041298
56.188 14 NAVIGATION 4 2 139.40625 85. 0. 163.276154 43 36 36 0 0 0
56.205 14 AUTOPILOT_VERSION 51500 v5.15_devel-179-g9a29798-dirty
56.205 14 FBW_STATUS 2 0 1 12.5 0.38483
56.206 14 GPS 3 36042119 481367985 2560 229229 1269 46 0 92497960 31 0
56.303 14 GPS_SOL 307 307 307 7
56.404 14 WP_MOVED 7 360284.5 4813704. 235. 31
56.438 14 NAVIGATION 4 2 136.4375 84.5 0. 160.485016 43 36 36 0 0 0
56.454 14 GPS 3 36041775 481367906 2573 229325 1260 56 0 92498240 31 0
56.504 14 ESTIMATOR 229.447479 0.56
56.594 14 WIND_INFO 14 5 -0.3 0. 0. 13.2
56.605 14 ATTITUDE 0.005859 4.471896 0.033811
56.687 14 NAVIGATION 4 2 133. 83.5 0. 157.039001 43 36 36 0 0 0
56.704 14 ENERGY 27 12.5 0.369956 4.624454 0.048666 0.608324
56.704 14 GPS 3 36041481 481367841 2574 229393 1255 52 0 92498480 31 0
56.904 14 IR_SENSORS 0 0 31 -36 261
56.905 14 WP_MOVED 8 360269.1875 4813753. 235. 31
56.938 14 NAVIGATION 4 2 130.0625 83. 0. 154.28952 43 36 36 0 0 0
56.954 14 GPS 3 36041188 481367774 2571 229446 1250 39 0 92498720 31 0
57.004 14 DESIRED -0.959103 0.017941 5.602897 -114.5 162.300003 235. 0.163875 13.
57.006 14 NAVIGATION 4 2 127.125 82.5 0. 154.28952 43 36 36 0 0 0
57.007 14 ESTIMATOR 229.61058 0.39
57.104 14 CIRCLE 49.5 100.099998 80.
57.104 14 AIRSPEED 13.2 0. 0. 0.
57.104 14 ATTITUDE -0.124147 4.482014 0.02805
57.187 14 NAVIGATION 4 2 127.125 82.5 0. 151.548721 44 37 37 0 0 0
57.204 14 GPS 3 36040898 481367702 2560 229479 1246 24 0 92498960 31 0
57.388 14 FBW_STATUS 2 0 1 12.5 0.358213
57.404 14 CALIBRATION 35.919029 0
57.405 14 DL_VALUE 74 1.
57.405 14 WP_MOVED 9 360459.6875 4813680. 235. 31
57.438 14 NAVIGATION 4 2 124.21875 81.5 0. 148.568329 44 37 37 0 0 0
57.455 14 GPS 3 36040563 481367607 2537 229492 1243 26 0 92499240 31 0
57.504 14 ESTIMATOR 229.653397 0.26
57.604 14 DATALINK_REPORT 1 13 2779 526 0 0
57.605 14 ATTITUDE -0.244566 4.420982 0.027309
57.687 14 NAVIGATION 4 2 120.875 80.5 0. 145.227463 44 37 37 0 0 0
57.704 14 GPS 3 36040280 481367513 2515 229481 1243 17 0 92499480 31 0
57.804 14 ENERGY 27 12.5 0.356041 4.450508 0.049326 0.61657
57.905 14 WP_MOVED 10 360424. 4813592.5 235. 31
57.937 14 NAVIGATION 4 2 118.0625 79.5 0. 142.334122 44 37 37 0 0 0
57.954 14 GPS 3 36040002 481367403 2483 229448 1244 -1 0 92499720 31 0
58.006 14 NAVIGATION 4 2 115.25 78.5 0. 142.334122 44 37 37 0 0 0
58.006 14 ESTIMATOR 229.635162 -0.01
58.053 14 DESIRED -0.918779 0.046236 5.602897 -114.5 162.300003 235. 0.160278 13.
58.104 14 IR_SENSORS 0 0 28 -112 239
58.104 14 AIRSPEED 13.2 0. 0. 0.
58.104 14 ATTITUDE -0.375398 4.326247 0.029357
58.154 14 CIRCLE 49.5 100.099998 80.
58.187 14 NAVIGATION 4 2 115.25 78.5 0. 139.444656 45 38 38 0 0 0
58.204 14 FBW_STATUS 2 0 1 12.5 0.361895
58.204 14 GPS 3 36039732 481367274 2445 229396 1247 -40 0 92499960 31 0
58.303 14 GPS_SOL 303 303 303 7
58.404 14 WP_MOVED 11 360234.40625 4813661.5 235. 31
58.437 14 NAVIGATION 4 2 112.5625 77. 0. 136.379318 45 38 38 0 0 0
58.454 14 GPS 3 36039430 481367096 2381 229312 1253 -49 0 92500240 31 0
58.505 14 ESTIMATOR 229.430771 -0.49
58.604 14 ATTITUDE -0.495767 4.144245 0.041482
58.687 14 NAVIGATION 4 2 109.5625 75.5 0. 133.057098 45 38 38 0 0 0
58.705 14 GPS 3 36039187 481366916 2335 229220 1259 -55 0 92500480 31 0
58.905 14 DL_VALUE 75 1.5
58.906 14 ENERGY 30 12.5 0.40823 5.10287 0.050015 0.625189
58.906 14 WP_MOVED 0 360326. 4813637. 260. 31
58.937 14 NAVIGATION 4 2 107.125 73.5 0. 129.915421 45 38 38 0 0 0
58.954 14 GPS 3 36038963 481366709 2271 229111 1268 -69 0 92500720 31 0
59.005 14 NAVIGATION 4 2 104.875 71.5 0. 129.915421 45 38 38 0 0 0
59.006 14 ESTIMATOR 229.13855 -0.69
59.104 14 DESIRED -0.723484 0.071266 5.602897 -114.5 162.300003 235. 0.171432 13.
59.105 14 AIRSPEED 13.2 0. 0. 0.
59.105 14 ATTITUDE -0.601862 3.948758 0.055976
59.187 14 NAVIGATION 4 2 104.875 71.5 0. 126.929176 46 39 39 0 0 0
59.204 14 CIRCLE 49.5 100.099998 80.
59.204 14 GPS 3 36038766 481366475 2201 228988 1278 -88 0 92500960 31 0
59.303 14 IR_SENSORS 0 0 31 -163 208
59.388 14 FBW_STATUS 2 0 1 12.5 0.455367
59.404 14 WP_MOVED 1 360284. 4813595. 260. 31
59.437 14 NAVIGATION 4 2 102.9375 69. 0. 123.923882 46 39 39 0 0 0
59.454 14 GPS 3 36038572 481366169 2105 228843 1295 -51 0 92501240 31 0
59.504 14 CALIBRATION -26.09704 0
59.505 14 ESTIMATOR 228.775162 -0.51
59.604 14 ATTITUDE -0.601862 3.655062 0.060683
59.687 14 NAVIGATION 4 2 100.96875 66.5 0. 120.900528 46 39 39 0 0 0
59.705 14 GPS 3 36038441 481365884 2046 228733 1304 -61 0 92501480 31 0
59.904 14 WP_MOVED 2 360333.5 4813695. 235. 31
59.938 14 NAVIGATION 4 2 99.65625 63.5 0. 118.167755 46 39 39 0 0 0
59.954 14 GPS 3 36038345 481365584 1977 228644 1315 -53 0 92501720 31 0
60.004 14 ENERGY 35 12.5 0.496421 6.205264 0.05085 0.635627
60.004 14 NAVIGATION 4 2 98.6875 60. 0. 118.167755 46 39 39 0 0 0
60.004 14 ESTIMATOR 228.549698 -0.53
60.104 14 AIRSPEED 13.2 0. 0. 0.
60.105 14 ATTITUDE -0.519908 3.429035 0.061623
60.154 14 DESIRED 0.095275 0.06256 5.602897 -114.5 162.300003 235. 0.189912 13.
60.188 14 NAVIGATION 4 2 98.6875 60. 0. 115.495552 47 40 40 0 0 0
60.205 14 FBW_STATUS 2 0 1 12.5 0.510643
60.205 14 GPS 3 36038282 481365272 1914 228591 1324 -44 0 92501960 31 0
60.256 14 CIRCLE 49.5 100.099998 80.
60.288 14 COMMANDS 3531,6431,21,0
60.304 14 GPS_SOL 301 301 301 7
60.405 14 DL_VALUE 76 1.
60.406 14 WP_MOVED 3 360461.40625 4813640. 215. 31
60.437 14 NAVIGATION 4 2 98.0625 57.5 0. 113.677193 47 40 40 0 0 0
60.455 14 GPS 3 36038245 481364902 1840 228588 1332 -36 0 92502240 31 0
60.505 14 COMMANDS 3596,7554,-42,0
60.505 14 IR_SENSORS 0 0 34 -122 233
60.505 14 ESTIMATOR 228.412552 -0.36
60.604 14 STATE_FILTER_STATUS 2 3 388
60.605 14 ATTITUDE -0.400816 3.190257 0.055817
60.688 14 NAVIGATION 4 2 97.6875 53.5 0. 111.378174 47 40 40 0 0 0
60.703 14 GPS 3 36038240 481364581 1808 228633 1334 -6 0 92502480 31 0
60.705 14 SVINFO 6 13 1 6 31 28 6
60.804 14 PPRZ_MODE 2 3 2 2 0 6
60.904 14 ALIVE 158,87,147,219,247,235,138,154,89,223,120,51,202,91,226,10
60.904 14 WP_MOVED 4 360312.8125 4813652. 185. 31
60.936 14 NAVIGATION 4 2 97.65625 50.5 0. 109.940865 47 40 40 0 0 0
60.954 14 GPS 3 36038257 481364261 1770 228716 1335 9 0 92502720 31 0
61.005 14 NAVIGATION 4 2 97.8125 47. 0. 109.940865 47 40 40 0 0 0
61.005 14 ESTIMATOR 228.471786 0.09
61.105 14 ENERGY 38 12.5 0.538995 6.737438 0.051813 0.647661
61.105 14 AIRSPEED 13.2 0. 0. 0.
61.105 14 ATTITUDE -0.269723 3.067431 0.04844
61.188 14 NAVIGATION 4 2 97.8125 47. 0. 108.518593 48 41 41 0 0 0
61.205 14 DESIRED 0.927609 0.035764 5.602897 -114.5 162.300003 235. 0.195846 13.
61.205 14 GPS 3 36038291 481363943 1739 228828 1333 28 0 92502960 31 0
61.305 14 CIRCLE 49.5 100.099998 80.
61.387 14 FBW_STATUS 2 0 1 12.5 0.535706
61.404 14 WP_MOVED 5 360452.8125 4813581. 260. 31
61.437 14 NAVIGATION 4 2 98.15625 44. 0. 107.566956 48 41 41 0 0 0
61.454 14 GPS 3 36038347 481363575 1706 228986 1328 52 0 92503240 31 0
61.504 14 ESTIMATOR 228.736374 0.52
61.604 14 CALIBRATION -74.219872 0
61.604 14 ATTITUDE -0.147202 2.956031 0.043761
61.687 14 NAVIGATION 4 2 98.71875 40.5 0. 106.703522 48 41 41 0 0 0
61.704 14 IR_SENSORS 0 0 33 -47 259
61.705 14 GPS 3 36038405 481363262 1694 229134 1325 49 0 92503480 31 0
61.904 14 DL_VALUE 77 1.
61.904 14 WP_MOVED 6 360169.5 4813757.5 260. 31
61.938 14 NAVIGATION 4 2 99.28125 37. 0. 105.951721 48 41 41 0 0 0
61.954 14 GPS 3 36038469 481362952 1683 229284 1319 59 0 92503720 31 0
62.005 14 NAVIGATION 4 2 99.9375 34. 0. 105.951721 48 41 41 0 0 0
62.006 14 ESTIMATOR 229.115799 0.59
62.104 14 AIRSPEED 13.2 0. 0. 0.
62.104 14 ATTITUDE -0.016847 2.915871 0.033811
62.187 14 NAVIGATION 4 2 99.9375 34. 0. 105.562798 49 42 42 0 0 0
62.203 14 FBW_STATUS 2 0 1 12.5 0.50325
62.204 14 ENERGY 35 12.5 0.503971 6.299631 0.052775 0.65968
62.204 14 GPS 3 36038547 481362592 1678 229454 1313 58 0 92504000 31 0
62.204 14 SVINFO 5 12 1 5 31 1 316
62.262 14 DESIRED 1.053981 0.011412 5.602897 -114.5 162.300003 235. 0.176526 13.
62.303 14 NAVIGATION_REF 360284 4813595 31 185.
62.304 14 GPS_SOL 300 300 300 7
62.353 14 CIRCLE 49.5 100.099998 80.
62.406 14 WP_MOVED 7 360284.5 4813704. 235. 31
62.437 14 NAVIGATION 4 2 100.71875 30.5 0. 105.235527 49 42 42 0 0 0
62.455 14 GPS 3 36038612 481362285 1682 229588 1306 57 0 92504240 31 0
62.504 14 ESTIMATOR 229.490875 0.57
62.605 14 ATTITUDE 0.100836 2.91341 0.026311
62.687 14 NAVIGATION 4 2 101.375 27. 0. 104.908966 49 42 42 0 0 0
62.705 14 DATALINK_REPORT 6 13 2902 535 0 0
62.705 14 GPS 3 36038672 481361978 1689 229705 1303 37 0 92504480 31 0
62.903 14 IR_SENSORS 0 0 29 31 262
62.904 14 WP_MOVED 8 360269.1875 4813753. 235. 31
62.937 14 NAVIGATION 4 2 101.96875 24.5 0. 104.870758 49 42 42 0 0 0
62.954 14 GPS 3 36038724 481361670 1704 229803 1300 28 0 92504720 31 0
63.005 14 NAVIGATION 4 2 102.5 21. 0. 104.870758 49 42 42 0 0 0
63.006 14 ESTIMATOR 229.759369 0.28
63.104 14 AIRSPEED 13.2 0. 0. 0.
63.104 14 ATTITUDE 0.234211 2.951784 0.023813
63.188 14 NAVIGATION 4 2 102.5 21. 0. 104.629105 50 43 43 0 0 0
63.204 14 GPS 3 36038764 481361362 1725 229880 1298 18 0 92504960 31 0
63.303 14 ENERGY 34 12.5 0.476772 5.959655 0.053664 0.670801
63.303 14 DESIRED 1.062954 0.03744 5.602897 -114.5 162.300003 235. 0.157219 13.
63.387 14 FBW_STATUS 2 0 1 12.5 0.476595
63.404 14 DL_VALUE 78 1.
63.405 14 CIRCLE 49.5 100.099998 80.
63.406 14 WP_MOVED 9 360459.6875 4813680. 235. 31
63.437 14 NAVIGATION 4 2 102.875 18.5 0. 104.525192 50 43 43 0 0 0
63.454 14 GPS 3 36038792 481360999 1767 229944 1298 3 0 92505240 31 0
63.505 14 ESTIMATOR 229.901932 0.03
63.605 14 ATTITUDE 0.354651 3.061051 0.022957
63.689 14 NAVIGATION 4 2 103.15625 14.5 0. 104.170349 50 43 43 0 0 0
63.707 14 CALIBRATION -47.026379 0
63.707 14 GPS 3 36038794 481360687 1794 229978 1299 3 0 92505480 31 0
63.904 14 WP_MOVED 10 360424. 4813592.5 235. 31
63.937 14 NAVIGATION 4 2 103.15625 11. 0. 103.741081 50 43 43 0 0 0
63.955 14 GPS 3 36038774 481360376 1837 229994 1301 9 0 92505720 31 0
64.005 14 NAVIGATION 4 2 103. 8.5 0. 103.741081 50 43 43 0 0 0
64.006 14 ESTIMATOR 229.949783 0.09
64.104 14 IR_SENSORS 0 0 29 108 241
64.104 14 AIRSPEED 13.2 0. 0. 0.
64.104 14 ATTITUDE 0.475676 3.184721 0.032
64.187 14 NAVIGATION 4 2 102.53125 5. 0. 102.653091 51 44 44 0 0 0
64.204 14 FBW_STATUS 2 0 1 12.5 0.48354
64.204 14 GPS 3 36038726 481360066 1888 229992 1305 -12 0 92505960 31 0
64.205 14 SVINFO 6 13 1 6 32 34 8
64.305 14 GPS_SOL 300 300 300 7
64.353 14 DESIRED 1.038428 0.064141 5.602897 -114.5 162.300003 235. 0.150679 13.
64.404 14 ENERGY 35 12.5 0.490508 6.131345 0.054548 0.681842
64.404 14 WP_MOVED 11 360234.40625 4813661.5 235. 31
64.439 14 NAVIGATION 4 2 101.53125 1.5 0. 101.542328 51 44 44 0 0 0
64.455 14 CIRCLE 49.5 100.099998 80.
64.455 14 GPS 3 36038629 481359712 1972 229969 1313 -20 0 92506240 31 0
64.504 14 ESTIMATOR 229.952942 -0.2
64.605 14 ATTITUDE 0.604552 3.42117 0.049051
64.688 14 NAVIGATION 4 2 100.34375 -1.5 0. 100.354958 51 44 44 0 0 0
64.704 14 GPS 3 36038509 481359419 2024 229930 1317 -22 0 92506480 31 0
64.905 14 DL_VALUE 79 1.
64.905 14 WP_MOVED 0 360326. 4813637. 260. 31
64.937 14 NAVIGATION 4 2 98.78125 -4. 0. 98.862206 51 44 44 0 0 0
64.954 14 GPS 3 36038353 481359143 2093 229887 1324 -38 0 92506720 31 0
65.004 14 NAVIGATION 4 2 98.78125 -4. 0. 98.862206 51 44 44 0 0 0
65.004 14 ESTIMATOR 229.863159 -0.38
65.105 14 AIRSPEED 13.2 0. 0. 0.
65.106 14 ATTITUDE 0.604552 3.634643 0.057727
65.195 14 NAVIGATION 4 2 96.875 -6.5 0. 97.092819 52 45 45 0 0 0
65.209 14 GPS 3 36038164 481358885 2163 229850 1331 -49 0 92506960 31 0
65.287 14 COMMANDS 3628,3075,104,0
65.304 14 IR_SENSORS 0 0 34 136 226
65.386 14 FBW_STATUS 2 0 1 12.5 0.538812
65.403 14 DESIRED 1.014603 0.07079 5.602897 -114.5 162.300003 235. 0.156324 13.
65.403 14 WP_MOVED 1 360284. 4813595. 260. 31
65.438 14 NAVIGATION 4 2 94.28125 -9.5 0. 94.758659 52 45 45 0 0 0
65.455 14 GPS 3 36037904 481358615 2261 229825 1340 -24 0 92507240 31 0
65.455 14 SVINFO 4 11 1 4 31 8 268
65.505 14 COMMANDS 3675,2939,54,0
65.505 14 ENERGY 38 12.5 0.541191 6.764886 0.055491 0.693631
65.506 14 CIRCLE 49.5 100.099998 80.
65.506 14 ESTIMATOR 229.707428 -0.24
65.605 14 STATE_FILTER_STATUS 2 3 397
65.605 14 ATTITUDE 0.604552 3.930877 0.06638
65.687 14 NAVIGATION 4 2 91.78125 -11.5 0. 92.498909 52 45 45 0 0 0
65.704 14 GPS 3 36037652 481358413 2312 229823 1344 -42 0 92507480 31 0
65.804 14 PPRZ_MODE 2 3 2 2 0 6
65.804 14 CALIBRATION -92.803078 0
65.904 14 ALIVE 158,87,147,219,247,235,138,154,89,223,120,51,202,91,226,10
65.904 14 WP_MOVED 2 360333.5 4813695. 235. 31
65.938 14 NAVIGATION 4 2 89. -13. 0. 89.944427 52 45 45 0 0 0
65.954 14 GPS 3 36037377 481358242 2381 229838 1348 -17 0 92507720 31 0
66.005 14 NAVIGATION 4 2 89. -13. 0. 89.944427 52 45 45 0 0 0
66.005 14 ESTIMATOR 229.651962 -0.17
66.105 14 AIRSPEED 13.2 0. 0. 0.
66.105 14 ATTITUDE 0.604552 4.144218 0.075011
66.188 14 NAVIGATION 4 2 86.09375 -14.5 0. 87.306267 53 46 46 0 0 0
66.205 14 FBW_STATUS 2 0 1 12.5 0.570296
66.206 14 GPS 3 36037083 481358105 2449 229869 1352 -14 0 92507960 31 0
66.305 14 GPS_SOL 301 301 301 7
66.405 14 DL_VALUE 80 0.
66.406 14 WP_MOVED 3 360461.40625 4813640. 215. 31
66.438 14 NAVIGATION 4 2 82.4375 -15.5 0. 83.882011 53 46 46 0 0 0
66.454 14 DESIRED 0.888315 0.070903 5.602897 -114.5 162.300003 235. 0.158584 13.
66.455 14 GPS 3 36036722 481357990 2546 229924 1356 4 0 92508240 31 0
66.504 14 IR_SENSORS 0 0 37 136 226
66.505 14 ESTIMATOR 229.713867 0.04
66.553 14 CIRCLE 49.5 100.099998 80.
66.594 14 WIND_INFO 14 5 -0.2 0.1 0. 13.2
66.604 14 ENERGY 40 12.5 0.575306 7.191324 0.056523 0.70654
66.604 14 ATTITUDE 0.604552 4.437764 0.075011
66.688 14 NAVIGATION 4 2 79.25 -16.5 0. 80.949448 53 46 46 0 0 0
66.703 14 GPS 3 36036401 481357932 2597 229982 1357 -3 0 92508480 31 0
66.904 14 WP_MOVED 4 360312.8125 4813652. 185. 31
66.941 14 NAVIGATION 4 2 76. -16.5 0. 77.770493 53 46 46 0 0 0
66.954 14 GPS 3 36036076 481357912 2664 230048 1358 -7 0 92508720 31 0
66.956 14 SVINFO 3 10 0 3 31 44 219
67.004 14 NAVIGATION 4 2 76. -16.5 0. 77.770493 53 46 46 0 0 0
67.005 14 ESTIMATOR 229.850891 -0.07
67.103 14 AIRSPEED 13.2 0. 0. 0.
67.104 14 ATTITUDE 0.604552 4.64293 0.075011
67.187 14 NAVIGATION 4 2 72.78125 -16.5 0. 74.628151 54 47 47 0 0 0
67.204 14 GPS 3 36035750 481357930 2732 230120 1359 -8 0 92508960 31 0
67.304 14 AUTOPILOT_VERSION 51500 v5.15_devel-179-g9a29798-dirty
67.387 14 FBW_STATUS 2 0 1 12.5 0.590773
67.404 14 WP_MOVED 5 360452.8125 4813581. 260. 31
67.439 14 NAVIGATION 4 2 69. -15.5 0. 70.719513 54 47 47 0 0 0
67.454 14 GPS 3 36035376 481358001 2828 230209 1361 0 0 92509240 31 0
67.454 14 SVINFO 5 12 0 5 32 4 319
67.503 14 DESIRED 0.580005 0.070519 5.602897 -114.5 162.300003 235. 0.150907 13.
67.503 14 ESTIMATOR 229.969772 0.
67.605 14 CIRCLE 49.5 100.099998 80.
67.605 14 ATTITUDE 0.604552 4.93351 0.075011
67.688 14 NAVIGATION 4 2 65.875 -14.5 0. 67.45195 54 47 47 0 0 0
67.704 14 IR_SENSORS 0 0 37 136 226
67.704 14 ENERGY 41 12.5 0.593953 7.424416 0.057597 0.719953
67.704 14 GPS 3 36035065 481358101 2879 230287 1361 15 0 92509480 31 0
67.803 14 DATALINK_REPORT 1 14 3026 540 0 0
67.903 14 CALIBRATION -119.984146 0
67.903 14 DL_VALUE 0 0.
67.903 14 WP_MOVED 6 360169.5 4813757.5 260. 31
67.938 14 NAVIGATION 4 2 62.9375 -13. 0. 64.266083 54 47 47 0 0 0
67.955 14 GPS 3 36034768 481358238 2947 230366 1362 20 0 92509720 31 0
68.004 14 NAVIGATION 4 2 62.9375 -13. 0. 64.266083 54 47 47 0 0 0
68.005 14 ESTIMATOR 230.160034 0.2
68.104 14 AIRSPEED 13.2 0. 0. 0.
68.104 14 ATTITUDE 0.587628 5.143866 0.073612
68.188 14 NAVIGATION 4 2 60.125 -11.5 0. 61.214912 55 48 48 0 0 0
68.204 14 FBW_STATUS 2 0 1 12.5 0.588531
68.206 14 GPS 3 36034489 481358409 3014 230447 1362 18 0 92509960 31 0
68.305 14 GPS_SOL 304 304 304 7
68.402 14 WP_MOVED 7 360284.5 4813704. 235. 31
68.437 14 NAVIGATION 4 2 57.125 -9. 0. 57.829624 55 48 48 0 0 0
68.454 14 GPS 3 36034189 481358644 3099 230558 1362 36 0 92510240 31 0
68.504 14 ESTIMATOR 230.378143 0.36
68.553 14 DESIRED -0.200055 0.056641 5.602897 -114.5 162.300003 235. 0.138656 13.
68.604 14 ATTITUDE 0.4772 5.413633 0.065071
68.654 14 CIRCLE 49.5 100.099998 80.
68.687 14 NAVIGATION 4 2 54.78125 -6.5 0. 55.165527 55 48 48 0 0 0
68.704 14 GPS 3 36033953 481358870 3137 230675 1360 46 0 92510480 31 0
68.804 14 ENERGY 39 12.5 0.573449 7.168116 0.058672 0.733392
68.904 14 IR_SENSORS 0 0 36 84 249
68.904 14 WP_MOVED 8 360269.1875 4813753. 235. 31
68.938 14 NAVIGATION 4 2 52.625 -4.5 0. 52.817047 55 48 48 0 0 0
68.954 14 GPS 3 36033737 481359113 3183 230814 1356 49 0 92510720 31 0
69.004 14 NAVIGATION 4 2 52.625 -4.5 0. 52.817047 55 48 48 0 0 0
69.005 14 ESTIMATOR 230.681961 0.49
69.104 14 AIRSPEED 13.2 0. 0. 0.
69.104 14 ATTITUDE 0.336427 5.561664 0.054077
69.187 14 NAVIGATION 4 2 50.625 -2. 0. 50.66449 56 49 49 0 0 0
69.204 14 GPS 3 36033537 481359369 3221 230969 1351 60 0 92510960 31 0
69.387 14 FBW_STATUS 2 0 1 12.5 0.547056
69.404 14 DL_VALUE 1 0.
69.404 14 WP_MOVED 9 360459.6875 4813680. 235. 31
69.438 14 NAVIGATION 4 2 48.5 1.5 0. 48.52319 56 49 49 0 0 0
69.454 14 GPS 3 36033324 481359680 3264 231165 1342 69 0 92511240 31 0
69.455 14 SVINFO 6 13 0 6 33 43 11
69.504 14 ESTIMATOR 231.039978 0.69
69.605 14 DESIRED -0.742023 0.028386 5.602897 -114.5 162.300003 235. 0.118801 13.
69.605 14 ATTITUDE 0.215481 5.705991 0.046545
69.687 14 NAVIGATION 4 2 46.8125 4. 0. 46.983082 56 49 49 0 0 0
69.704 14 CIRCLE 49.5 100.099998 80.
69.705 14 GPS 3 36033155 481359952 3281 231337 1336 61 0 92511480 31 0
69.903 14 ENERGY 36 12.5 0.519147 6.489343 0.059676 0.745942
69.904 14 WP_MOVED 10 360424. 4813592.5 235. 31
69.938 14 NAVIGATION 4 2 45.21875 6.5 0. 45.683537 56 49 49 0 0 0
69.954 14 GPS 3 36032996 481360228 3299 231508 1328 72 0 92511720 31 0
70.004 14 CALIBRATION -78.75412 0
70.005 14 NAVIGATION 4 2 45.21875 6.5 0. 45.683537 56 49 49 0 0 0
70.005 14 ESTIMATOR 231.425507 0.72
70.104 14 IR_SENSORS 0 0 33 6 263
70.105 14 AIRSPEED 13.2 0. 0. 0.
70.105 14 ATTITUDE 0.093241 5.76889 0.037556
70.189 14 NAVIGATION 4 2 43.6875 9.5 0. 44.708473 57 50 50 0 0 0
70.209 14 FBW_STATUS 2 0 1 12.5 0.499114
70.209 14 GPS 3 36032843 481360506 3311 231671 1320 80 0 92511960 31 0
70.259 14 SVINFO 2 9 1 2 31 78 171
70.288 14 COMMANDS 3386,-6861,-285,0
70.305 14 GPS_SOL 308 308 308 7
70.405 14 WP_MOVED 11 360234.40625 4813661.5 235. 31
70.438 14 NAVIGATION 4 2 41.9375 13. 0. 43.906193 57 50 50 0 0 0
70.454 14 GPS 3 36032669 481360830 3318 231844 1309 63 0 92512240 31 0
70.505 14 COMMANDS 3319,-6664,-301,0
70.506 14 ESTIMATOR 231.827896 0.63
70.604 14 STATE_FILTER_STATUS 2 3 318
70.605 14 ATTITUDE -0.0323 5.801822 0.030507
70.654 14 DESIRED -0.890273 0.010089 5.602897 -114.5 162.300003 235. 0.095163 13.
70.688 14 NAVIGATION 4 2 40.4375 15.5 0. 43.306366 57 50 50 0 0 0
70.704 14 GPS 3 36032521 481361105 3316 231973 1304 36 0 92512480 31 0
70.705 14 SVINFO 4 11 0 4 32 3 271
70.754 14 CIRCLE 49.5 100.099998 80.
70.803 14 PPRZ_MODE 2 3 2 2 0 6
70.904 14 ALIVE 158,87,147,219,247,235,138,154,89,223,120,51,202,91,226,10
70.904 14 DL_VALUE 2 0.
70.904 14 WP_MOVED 0 360326. 4813637. 260. 31
70.938 14 NAVIGATION 4 2 38.9375 18.5 0. 43.108917 57 50 50 0 0 0
70.954 14 GPS 3 36032369 481361378 3309 232081 1299 28 0 92512720 31 0
70.955 14 SVINFO 5 12 1 5 33 7 321
71.003 14 ENERGY 33 12.5 0.4656 5.820003 0.060566 0.757075
71.003 14 NAVIGATION 4 2 38.9375 18.5 0. 43.108917 57 50 50 0 0 0
71.003 14 ESTIMATOR 232.074463 0.28
71.104 14 AIRSPEED 13.2 0. 0. 0.
71.104 14 ATTITUDE -0.16283 5.785189 0.021255
71.187 14 NAVIGATION 4 2 38.9375 18.5 0. 43.108917 58 51 51 0 0 0
71.203 14 GPS 3 36032184 481361690 3293 232177 1295 35 0 92513000 31 0
71.204 14 SVINFO 6 13 1 6 34 46 12
71.303 14 NAVIGATION_REF 360284 4813595 31 185.
71.305 14 IR_SENSORS 0 0 28 -72 254
71.387 14 FBW_STATUS 2 0 1 12.5 0.456599
71.404 14 WP_MOVED 1 360284. 4813595. 260. 31
71.436 14 NAVIGATION 4 2 37.09375 21.5 0. 42.874191 58 51 51 0 0 0
71.454 14 GPS 3 36032015 481361950 3264 232234 1292 7 0 92513240 31 0
71.504 14 ESTIMATOR 232.238693 0.07
71.604 14 ATTITUDE -0.285291 5.706184 0.021177
71.687 14 NAVIGATION 4 2 35.40625 24. 0. 42.773853 58 51 51 0 0 0
71.704 14 DESIRED -0.852808 0.036721 5.602897 -114.5 162.300003 235. 0.082839 13.
71.705 14 GPS 3 36031834 481362202 3242 232269 1293 21 0 92513480 31 0
71.804 14 CIRCLE 49.5 100.099998 80.
71.904 14 WP_MOVED 2 360333.5 4813695. 235. 31
71.938 14 NAVIGATION 4 2 33.5625 26.5 0. 42.763203 58 51 51 0 0 0
71.955 14 GPS 3 36031638 481362442 3207 232282 1294 14 0 92513720 31 0
72.004 14 NAVIGATION 4 2 31.65625 29. 0. 42.763203 58 51 51 0 0 0
72.004 14 ESTIMATOR 232.304291 0.14
72.106 14 CALIBRATION -40.743111 0
72.106 14 ENERGY 33 12.5 0.45308 5.663505 0.061405 0.767562
72.107 14 AIRSPEED 13.2 0. 0. 0.
72.107 14 ATTITUDE -0.41266 5.605264 0.027126
72.188 14 NAVIGATION 4 2 31.65625 29. 0. 42.931553 59 52 52 0 0 0
72.204 14 FBW_STATUS 2 0 1 12.5 0.452377
72.205 14 GPS 3 36031424 481362668 3165 232274 1296 12 0 92513960 31 0
72.205 14 SVINFO 3 10 1 3 32 34 222
72.304 14 GPS_SOL 313 313 313 7
72.406 14 DL_VALUE 3 1.
72.406 14 WP_MOVED 3 360461.40625 4813640. 215. 31
72.438 14 NAVIGATION 4 2 29.5 31. 0. 42.793106 59 52 52 0 0 0
72.454 14 GPS 3 36031149 481362908 3093 232241 1301 -6 0 92514240 31 0
72.504 14 IR_SENSORS 0 0 27 -144 221
72.504 14 ESTIMATOR 232.323853 -0.06
72.604 14 ATTITUDE -0.536725 5.402976 0.040475
72.688 14 NAVIGATION 4 2 26.71875 33.5 0. 42.850224 59 52 52 0 0 0
72.704 14 GPS 3 36030893 481363087 3048 232192 1304 -21 0 92514480 31 0
72.754 14 DESIRED -0.556747 0.063635 5.602897 -114.5 162.300003 235. 0.080284 13.
72.854 14 CIRCLE 49.5 100.099998 80.
72.904 14 DATALINK_REPORT 6 14 3152 533 0 0
72.904 14 WP_MOVED 4 360312.8125 4813652. 185. 31
72.937 14 NAVIGATION 4 2 24.15625 35. 0. 42.526749 59 52 52 0 0 0
72.954 14 GPS 3 36030616 481363236 2982 232124 1310 -34 0 92514720 31 0
73.004 14 NAVIGATION 4 2 21.40625 37. 0. 42.526749 59 52 52 0 0 0
73.004 14 ESTIMATOR 232.200027 -0.34
73.104 14 AIRSPEED 13.2 0. 0. 0.
73.105 14 ATTITUDE -0.601862 5.206149 0.051264
73.187 14 NAVIGATION 4 2 21.40625 37. 0. 42.746082 60 53 53 0 0 0
73.204 14 ENERGY 34 12.5 0.476417 5.95521 0.062248 0.778092
73.204 14 GPS 3 36030270 481363366 2906 232032 1317 -50 0 92515000 31 0
73.388 14 FBW_STATUS 2 0 1 12.5 0.489434
73.405 14 WP_MOVED 5 360452.8125 4813581. 260. 31
73.437 14 NAVIGATION 4 2 17.96875 38. 0. 42.034225 60 53 53 0 0 0
73.454 14 GPS 3 36029961 481363440 2819 231965 1327 -54 0 92515240 31 0
73.455 14 SVINFO 1 8 1 1 31 89 123
73.504 14 ESTIMATOR 231.967758 -0.54
73.604 14 ATTITUDE -0.504187 4.915812 0.050862
73.687 14 NAVIGATION 4 2 14.84375 39. 0. 41.729328 60 53 53 0 0 0
73.704 14 IR_SENSORS 0 0 31 -135 227
73.704 14 GPS 3 36029644 481363483 2776 231929 1331 -25 0 92515480 31 0
