3.694 14 GPS_SOL 648 648 648 7
3.795 14 WP_MOVED 7 360284.5 4813704. 235. 31
3.828 14 NAVIGATION 2 1 0. 0. 0. 0. 0 11 11 1 0 0
3.845 14 GPS 3 36028477 481359546 899 185000 0 17 0 92624240 31 0
3.895 14 ENERGY 0 12.5 0. 0. 0. 0.
3.895 14 ESTIMATOR 185.126648 0.17
3.994 14 ATTITUDE 0.0023 0. -0.000365
4.078 14 NAVIGATION 2 1 0. 0. 0. 0. 0 11 11 1 0 0
4.095 14 DESIRED 0. 0.00024 0. 0. 0. 235. 0. 13.
4.096 14 GPS 3 36028477 481359546 899 185000 0 15 0 92624480 31 0
4.096 14 SVINFO 1 8 0 1 48 32 62
4.294 14 IR_SENSORS 0 0 23 -16 264
4.295 14 WP_MOVED 8 360269.1875 4813753. 235. 31
4.328 14 NAVIGATION 2 1 0. 0. 0. 0. 0 11 11 1 0 0
4.345 14 GPS 3 36028477 481359546 899 185000 0 16 0 92624720 31 0
4.395 14 NAVIGATION 2 1 0. 0. 0. 0. 0 11 11 1 0 0
4.395 14 ESTIMATOR 185.121246 0.16
4.495 14 CALIBRATION 0. 0
4.495 14 AIRSPEED 0. 0. 0. 0.
4.495 14 ATTITUDE 0.0023 0. -0.000365
4.529 14 WIND_INFO 14 5 0. 0. 0. 0.
4.579 14 NAVIGATION 2 1 0. 0. 0. 0. 0 12 12 1 0 0
4.595 14 GPS 3 36028477 481359546 899 185000 0 -2 0 92624960 31 0
4.596 14 SVINFO 3 10 0 3 49 11 162
4.778 14 FBW_STATUS 2 0 1 12.5 0.
4.795 14 AUTOPILOT_VERSION 51500 v5.15_devel-179-g9a29798-dirty
4.795 14 DL_VALUE 14 1.
4.795 14 WP_MOVED 9 360459.6875 4813680. 235. 31
4.829 14 NAVIGATION 2 1 0. 0. 0. 0. 0 12 12 1 0 0
4.845 14 GPS 3 36028477 481359546 899 185000 0 4 0 92625240 31 0
4.895 14 ESTIMATOR 185.085312 0.04
4.996 14 ENERGY 0 12.5 0. 0. 0. 0.
4.996 14 ATTITUDE 0.0023 0. -0.000365
5.079 14 NAVIGATION 2 1 0. 0. 0. 0. 0 12 12 1 0 0
5.098 14 GPS 3 36028477 481359546 899 185000 0 0 0 92625480 31 0
5.145 14 DESIRED 0. 0.00024 0. 0. 0. 235. 0. 13.
5.295 14 WP_MOVED 10 360424. 4813592.5 235. 31
5.328 14 NAVIGATION 2 1 0. 0. 0. 0. 0 12 12 1 0 0
5.346 14 GPS 3 36028477 481359546 899 185000 0 9 0 92625720 31 0
5.396 14 NAVIGATION 2 1 0. 0. 0. 0. 0 12 12 1 0 0
5.397 14 ESTIMATOR 185.052612 0.09
5.494 14 IR_SENSORS 0 0 23 -16 264
5.495 14 AIRSPEED 0. 0. 0. 0.
5.495 14 ATTITUDE 0.0023 0. -0.000365
5.579 14 NAVIGATION 2 1 0. 0. 0. 0. 0 13 13 1 0 0
5.597 14 FBW_STATUS 2 0 1 12.5 0.
5.597 14 GPS 3 36028477 481359546 899 185000 0 4 0 92625960 31 0
5.695 14 GPS_SOL 659 659 659 7
5.795 14 WP_MOVED 11 360234.40625 4813661.5 235. 31
5.829 14 NAVIGATION 2 1 0. 0. 0. 0. 0 13 13 1 0 0
5.846 14 GPS 3 36028477 481359546 899 185000 0 -2 0 92626240 31 0
5.895 14 ESTIMATOR 185.048904 -0.02
5.995 14 ATTITUDE 0.0023 0. -0.000365
6.079 14 NAVIGATION 2 1 0. 0. 0. 0. 0 13 13 1 0 0
6.098 14 ENERGY 0 12.5 0. 0. 0. 0.
6.099 14 GPS 3 36028477 481359546 899 185000 0 -1 0 92626480 31 0
6.100 14 SVINFO 2 9 0 2 49 0 113
6.194 14 DESIRED 0. 0.00024 0. 0. 0. 235. 0. 13.
6.294 14 DL_VALUE 15 80.
6.295 14 WP_MOVED 0 360326. 4813637. 260. 31
6.328 14 NAVIGATION 2 1 0. 0. 0. 0. 0 13 13 1 0 0
6.345 14 GPS 3 36028477 481359546 899 185000 0 21 0 92626720 31 0
6.395 14 NAVIGATION 2 1 0. 0. 0. 0. 0 13 13 1 0 0
6.395 14 ESTIMATOR 185.022385 0.21
6.495 14 AIRSPEED 0. 0. 0. 0.
6.496 14 ATTITUDE 0.0023 0. -0.000365
6.578 14 NAVIGATION 2 1 0. 0. 0. 0. 0 14 14 1 0 0
6.595 14 CALIBRATION 0. 0
6.595 14 GPS 3 36028477 481359546 899 185000 0 9 0 92626960 31 0
6.695 14 IR_SENSORS 0 0 23 -16 264
6.779 14 FBW_STATUS 2 0 1 12.5 0.
6.796 14 WP_MOVED 1 360284. 4813595. 260. 31
6.828 14 NAVIGATION 2 1 0. 0. 0. 0. 0 14 14 1 0 0
6.844 14 GPS 3 36028477 481359546 899 185000 0 24 0 92627240 31 0
6.897 14 ESTIMATOR 185.058075 0.24
6.995 14 ATTITUDE 0.0023 0. -0.000365
7.078 14 NAVIGATION 2 1 0. 0. 0. 0. 0 14 14 1 0 0
7.096 14 GPS 3 36028477 481359546 899 185000 0 8 0 92627480 31 0
7.196 14 ENERGY 0 12.5 0. 0. 0. 0.
7.245 14 DESIRED 0. 0.00024 0. 0. 0. 235. 0. 13.
7.296 14 WP_MOVED 2 360333.5 4813695. 235. 31
7.329 14 NAVIGATION 2 1 0. 0. 0. 0. 0 14 14 1 0 0
7.345 14 GPS 3 36028477 481359546 899 185000 0 23 0 92627720 31 0
7.345 14 SVINFO 0 7 0 0 48 69 14
7.395 14 NAVIGATION 2 1 0. 0. 0. 0. 0 14 14 1 0 0
7.395 14 ESTIMATOR 185.080063 0.23
7.494 14 AIRSPEED 0. 0. 0. 0.
7.495 14 ATTITUDE 0.0023 0. -0.000365
7.578 14 NAVIGATION 2 1 0. 0. 0. 0. 0 15 15 1 0 0
7.595 14 FBW_STATUS 2 0 1 12.5 0.
7.595 14 GPS 3 36028477 481359546 899 185000 0 12 0 92627960 31 0
7.681 14 COMMANDS 0,-17,7,0
7.694 14 GPS_SOL 668 668 668 7
7.795 14 DL_VALUE 16 80.
7.796 14 WP_MOVED 3 360461.40625 4813640. 215. 31
7.829 14 NAVIGATION 2 1 0. 0. 0. 0. 0 15 15 1 0 0
7.845 14 GPS 3 36028477 481359546 899 185000 0 -5 0 92628240 31 0
7.895 14 COMMANDS 0,-17,7,0
7.895 14 IR_SENSORS 0 0 23 -16 264
7.895 14 ESTIMATOR 185.098236 -0.05
7.994 14 STATE_FILTER_STATUS 2 3 303
7.994 14 ATTITUDE 0.0023 0. -0.000365
8.078 14 NAVIGATION 2 1 0. 0. 0. 0. 0 15 15 1 0 0
8.095 14 GPS 3 36028477 481359546 899 185000 0 1 0 92628480 31 0
8.194 14 PPRZ_MODE 2 1 2 0 0 6
8.295 14 DATALINK_REPORT 4 2 632 510 0 0
8.296 14 ALIVE 158,87,147,219,247,235,138,154,89,223,120,51,202,91,226,10
8.296 14 ENERGY 0 12.5 0. 0. 0. 0.
8.296 14 DESIRED 0. 0.00024 0. 0. 0. 235. 0. 13.
8.296 14 WP_MOVED 4 360312.8125 4813652. 185. 31
8.329 14 NAVIGATION 2 1 0. 0. 0. 0. 0 15 15 1 0 0
8.345 14 GPS 3 36028477 481359546 899 185000 0 -13 0 92628720 31 0
8.395 14 NAVIGATION 2 1 0. 0. 0. 0. 0 15 15 1 0 0
8.396 14 ESTIMATOR 185.049194 -0.13
8.495 14 AIRSPEED 0. 0. 0. 0.
8.496 14 ATTITUDE 0.0023 0. -0.000365
8.579 14 NAVIGATION 2 1 0. 0. 0. 0. 0 16 16 1 0 0
8.595 14 GPS 3 36028477 481359546 899 185000 0 -1 0 92628960 31 0
8.695 14 CALIBRATION 0. 0
8.778 14 FBW_STATUS 2 0 1 12.5 0.
8.796 14 WP_MOVED 5 360452.8125 4813581. 260. 31
8.828 14 NAVIGATION 2 1 0. 0. 0. 0. 0 16 16 1 0 0
8.845 14 GPS 3 36028477 481359546 899 185000 0 -8 0 92629240 31 0
8.894 14 ESTIMATOR 185.007355 -0.08
8.995 14 ATTITUDE 0.0023 0. -0.000365
9.078 14 NAVIGATION 2 1 0. 0. 0. 0. 0 16 16 1 0 0
9.095 14 IR_SENSORS 0 0 23 -16 264
9.095 14 GPS 3 36028477 481359546 899 185000 0 -16 0 92629480 31 0
9.295 14 DL_VALUE 17 0.
9.295 14 WP_MOVED 6 360169.5 4813757.5 260. 31
9.326 14 SETTING 10 14 1.
9.326 14 DL_VALUE 10 1.
9.328 14 NAVIGATION 2 1 0. 0. 0. 0. 0 16 16 1 0 0
9.345 14 DESIRED 0. 0.00024 0. 0. 0. 235. 0. 13.
9.345 14 GPS 3 36028477 481359546 899 185000 0 -4 0 92629720 31 0
9.345 14 SVINFO 1 8 0 1 49 23 65
9.395 14 ENERGY 0 12.5 0. 0. 0. 0.
9.396 14 NAVIGATION 2 1 0. 0. 0. 0. 0 16 16 1 0 0
9.397 14 ESTIMATOR 184.963303 -0.04
9.495 14 AIRSPEED 0. 0. 0. 0.
9.495 14 ATTITUDE 0.0023 0. -0.000365
9.578 14 NAVIGATION 2 1 0. 0. 0. 0. 0 17 17 1 0 0
9.596 14 FBW_STATUS 2 0 1 12.5 0.
9.596 14 GPS 3 36028477 481359546 899 185000 0 3 0 92629960 31 0
9.695 14 NAVIGATION_REF 360284 4813595 31 185.
9.695 14 GPS_SOL 676 676 676 7
9.795 14 WP_MOVED 7 360284.5 4813704. 235. 31
9.828 14 NAVIGATION 2 1 0. 0. 0. 0. 0 17 17 1 0 0
9.845 14 GPS 3 36028477 481359546 899 185000 0 -21 0 92630240 31 0
9.896 14 ESTIMATOR 184.979797 -0.21
9.995 14 ATTITUDE 0.0023 0. -0.000365
10.026 14 BLOCK 3 14
10.026 14 NAVIGATION 3 0 0. 0. 0. 0. 0 0 0 1 0 0
10.079 14 NAVIGATION 3 2 0. 0. 198.624115 0. 0 0 0 0 0 0
10.095 14 GPS 3 36028477 481359546 899 185000 0 -21 0 92630480 31 0
10.295 14 IR_SENSORS 0 0 24 -18 264
10.296 14 WP_MOVED 8 360269.1875 4813753. 235. 31
10.334 14 NAVIGATION 3 2 0. 0. 198.624115 0. 0 0 0 0 0 0
10.345 14 GPS 3 36028477 481359802 3599 184997 1063 -34 0 92630720 31 0
10.395 14 DESIRED -0.2 0.263131 5.668788 -114.5 162.300003 235. 0. 13.
10.395 14 NAVIGATION 3 2 0. 2.5 198.624115 0. 0 0 0 0 0 0
10.395 14 ESTIMATOR 184.920074 -0.34
10.494 14 ENERGY 21 12.5 0.232352 2.9044 7e-05 0.00088
10.495 14 AIRSPEED 0. 0. 0. 0.
10.495 14 ATTITUDE -0.028171 6.282893 0.015037
10.579 14 TAKEOFF 27
10.579 14 NAVIGATION 3 2 0. 2.5 196.586594 2.5 1 1 1 0 0 0
10.597 14 GPS 3 36028476 481360102 3598 184986 1250 -38 0 92630960 31 0
10.778 14 FBW_STATUS 2 0 1 12.5 0.471268
10.795 14 CALIBRATION 0. 0
10.796 14 DL_VALUE 18 1.
10.796 14 WP_MOVED 9 360459.6875 4813680. 235. 31
10.828 14 NAVIGATION 3 2 0. 5.5 194.155838 5.5 1 1 1 0 0 0
10.845 14 GPS 3 36028471 481360451 3589 184986 1247 5 0 92631240 31 0
10.846 14 SVINFO 0 7 0 0 49 64 16
10.895 14 ESTIMATOR 184.832077 0.05
10.995 14 ATTITUDE -0.136808 6.265216 0.070933
11.078 14 NAVIGATION 3 2 -0.03125 9. 191.321671 9.000054 1 1 1 0 0 0
11.095 14 GPS 3 36028460 481360754 3578 185038 1264 22 0 92631480 31 0
11.295 14 WP_MOVED 10 360424. 4813592.5 235. 31
11.328 14 NAVIGATION 3 2 -0.15625 12. 188.850693 12.001018 1 1 1 0 0 0
11.345 14 GPS 3 36028438 481361064 3559 185175 1295 56 0 92631720 31 0
11.395 14 NAVIGATION 3 2 -0.34375 15. 188.850693 12.001018 1 1 1 0 0 0
11.395 14 ESTIMATOR 185.007278 0.56
11.445 14 DESIRED -0.593042 0.289151 5.632827 -114.5 162.300003 235. 0. 13.
11.495 14 IR_SENSORS 0 0 60 -85 245
11.496 14 AIRSPEED 0. 0. 0. 0.
11.496 14 ATTITUDE -0.271113 6.213061 0.152905
11.578 14 NAVIGATION 3 2 -0.34375 15. 186.357025 15.003939 2 2 2 0 0 0
11.594 14 FBW_STATUS 2 0 1 12.5 1.28314
11.594 14 ENERGY 76 12.5 1.263894 15.798673 0.00139 0.017377
11.594 14 GPS 3 36028402 481361382 3535 185429 1334 116 0 92631960 31 0
11.695 14 GPS_SOL 683 683 683 7
11.795 14 WP_MOVED 11 360234.40625 4813661.5 235. 31
11.829 14 NAVIGATION 3 2 -0.75 18.5 183.350769 18.515196 2 2 2 0 0 0
11.845 14 GPS 3 36028336 481361763 3493 185905 1392 203 0 92632240 31 0
11.894 14 ESTIMATOR 185.611252 2.03
11.996 14 ATTITUDE -0.402561 6.09734 0.24102
12.078 14 NAVIGATION 3 2 -1.375 22. 180.225845 22.042927 2 2 2 0 0 0
12.095 14 GPS 3 36028254 481362096 3462 186481 1427 256 0 92632480 31 0
12.295 14 DL_VALUE 19 1.
12.296 14 WP_MOVED 0 360326. 4813637. 260. 31
12.330 14 NAVIGATION 3 2 -2.1875 25.5 176.998123 25.593655 2 2 2 0 0 0
12.345 14 GPS 3 36028146 481362428 3420 187209 1456 324 0 92632720 31 0
12.395 14 NAVIGATION 3 2 -3.3125 29. 176.998123 25.593655 2 2 2 0 0 0
12.396 14 ESTIMATOR 186.943588 3.24
12.494 14 DESIRED -0.476277 0.314447 5.595771 -114.5 162.300003 235. 0. 13.
12.495 14 AIRSPEED 0. 0. 0. 0.
12.495 14 ATTITUDE -0.505415 5.969834 0.320455
12.579 14 NAVIGATION 3 2 -3.3125 29. 173.584427 29.18857 3 3 3 0 0 0
12.595 14 GPS 3 36028011 481362755 3374 188073 1472 390 0 92632960 31 0
12.678 14 COMMANDS 8524,784,-228,0
12.694 14 IR_SENSORS 0 0 96 -137 212
12.695 14 ENERGY 88 12.5 1.627817 20.347708 0.004288 0.053603
12.780 14 FBW_STATUS 2 0 1 12.5 1.627817
12.796 14 WP_MOVED 1 360284. 4813595. 260. 31
12.829 14 NAVIGATION 3 2 -4.625 32. 170.442383 32.3325 3 3 3 0 0 0
12.846 14 GPS 3 36027819 481363122 3311 189222 1479 438 0 92633240 31 0
12.894 14 COMMANDS 8524,1324,-408,0
12.894 14 CALIBRATION 0. 0
12.894 14 ESTIMATOR 188.916321 4.38
12.995 14 STATE_FILTER_STATUS 2 3 444
12.996 14 ATTITUDE -0.483067 5.779634 0.349872
13.078 14 NAVIGATION 3 2 -6.5625 36. 166.139084 36.593258 3 3 3 0 0 0
13.095 14 GPS 3 36027628 481363420 3274 190306 1477 454 0 92633480 31 0
13.196 14 PPRZ_MODE 2 1 3 0 0 6
13.296 14 ALIVE 158,87,147,219,247,235,138,154,89,223,120,51,202,91,226,10
13.296 14 WP_MOVED 2 360333.5 4813695. 235. 31
13.328 14 NAVIGATION 3 2 -8.46875 38.5 163.000198 39.420422 3 3 3 0 0 0
13.345 14 GPS 3 36027417 481363704 3234 191462 1472 484 0 92633720 31 0
13.396 14 DATALINK_REPORT 3 4 755 537 0 0
13.396 14 NAVIGATION 3 2 -10.59375 41.5 163.000198 39.420422 3 3 3 0 0 0
13.396 14 ESTIMATOR 191.283646 4.84
13.496 14 AIRSPEED 0. 0. 0. 0.
13.496 14 ATTITUDE -0.352118 5.644928 0.338697
13.545 14 DESIRED -0.136619 0.297707 5.574946 -114.5 162.300003 235. 0. 13.
13.578 14 NAVIGATION 3 2 -10.59375 41.5 159.339722 42.830803 4 4 4 0 0 0
13.595 14 FBW_STATUS 2 0 1 12.5 1.627817
13.596 14 GPS 3 36027191 481363974 3200 192668 1464 502 0 92633960 31 0
13.695 14 GPS_SOL 689 689 689 7
13.794 14 DL_VALUE 20 0.
13.795 14 ENERGY 88 12.5 1.627817 20.347708 0.007273 0.090908
13.795 14 WP_MOVED 3 360461.40625 4813640. 215. 31
13.828 14 NAVIGATION 3 2 -12.84375 44. 155.977188 45.83625 4 4 4 0 0 0
13.845 14 GPS 3 36026914 481364272 3164 194111 1452 507 0 92634240 31 0
13.894 14 IR_SENSORS 0 0 102 -75 235
13.895 14 ESTIMATOR 193.874969 5.07
13.995 14 ATTITUDE -0.225512 5.522422 0.32069
14.078 14 NAVIGATION 3 2 -15.625 47.5 151.510086 50.003906 4 4 4 0 0 0
14.095 14 GPS 3 36026667 481364515 3146 195358 1444 522 0 92634480 31 0
14.295 14 WP_MOVED 4 360312.8125 4813652. 185. 31
14.329 14 NAVIGATION 3 2 -18.0625 49.5 148.404953 52.692543 4 4 4 0 0 0
14.346 14 GPS 3 36026416 481364751 3131 196599 1436 537 0 92634720 31 0
14.395 14 NAVIGATION 3 2 -20.59375 52. 148.404953 52.692543 4 4 4 0 0 0
14.396 14 ESTIMATOR 196.527496 5.37
14.495 14 AIRSPEED 0. 0. 0. 0.
14.495 14 ATTITUDE -0.087661 5.464938 0.298176
14.530 14 WIND_INFO 14 5 -3.2 3. 0. 10.6
14.579 14 NAVIGATION 3 2 -20.59375 52. 144.860184 55.929443 5 5 5 0 0 0
14.596 14 DESIRED 0.134743 0.268365 5.577896 -114.5 162.300003 235. 0. 13.
14.596 14 GPS 3 36026161 481364981 3121 197826 1430 530 0 92634960 31 0
14.778 14 FBW_STATUS 2 0 1 12.5 1.627817
14.797 14 WP_MOVED 5 360452.8125 4813581. 260. 31
14.832 14 NAVIGATION 3 2 -23.15625 54.5 141.295868 59.215385 5 5 5 0 0 0
14.845 14 GPS 3 36025863 481365247 3116 199230 1425 508 0 92635240 31 0
14.895 14 ENERGY 88 12.5 1.627817 20.347708 0.010257 0.128212
14.896 14 ESTIMATOR 199.195526 5.08
14.996 14 CALIBRATION 0. 0
14.997 14 ATTITUDE 0.038545 5.426751 0.283429
15.078 14 NAVIGATION 3 2 -26.125 57. 137.47084 62.701797 5 5 5 0 0 0
15.095 14 IR_SENSORS 0 0 95 1 248
15.095 14 GPS 3 36025608 481365475 3118 200406 1423 497 0 92635480 31 0
15.295 14 DL_VALUE 21 0.
15.295 14 WP_MOVED 6 360169.5 4813757.5 260. 31
15.328 14 NAVIGATION 3 2 -28.65625 59. 134.313217 65.591011 5 5 5 0 0 0
15.345 14 GPS 3 36025356 481365705 3125 201557 1423 486 0 92635720 31 0
15.395 14 NAVIGATION 3 2 -31.1875 61.5 134.313217 65.591011 5 5 5 0 0 0
15.395 14 ESTIMATOR 201.657791 4.86
15.494 14 AIRSPEED 10.6 0. 0. 0.
15.495 14 ATTITUDE 0.139295 5.449524 0.271504
15.578 14 NAVIGATION 3 2 -31.1875 61.5 130.773132 68.955856 6 6 6 0 0 0
15.596 14 FBW_STATUS 2 0 1 12.5 1.627817
15.597 14 GPS 3 36025109 481365941 3136 202683 1424 480 0 92635960 31 0
15.645 14 DESIRED 0.147709 0.278394 5.592486 -114.5 162.300003 235. 0. 13.
15.695 14 GPS_SOL 693 693 693 7
15.795 14 WP_MOVED 7 360284.5 4813704. 235. 31
15.828 14 NAVIGATION 3 2 -33.65625 64. 127.273727 72.310051 6 6 6 0 0 0
15.845 14 GPS 3 36024827 481366225 3155 203972 1427 474 0 92636240 31 0
15.895 14 AUTOPILOT_VERSION 51500 v5.15_devel-179-g9a29798-dirty
15.895 14 ESTIMATOR 204.01059 4.74
15.995 14 ENERGY 88 12.5 1.627817 20.347708 0.013241 0.165516
15.996 14 ATTITUDE 0.167289 5.526145 0.267964
16.080 14 NAVIGATION 3 2 -36.46875 67. 123.170479 76.282173 6 6 6 0 0 0
16.096 14 GPS 3 36024593 481366475 3168 205063 1429 474 0 92636480 31 0
16.295 14 IR_SENSORS 0 0 91 23 248
16.295 14 WP_MOVED 8 360269.1875 4813753. 235. 31
16.329 14 NAVIGATION 3 2 -38.84375 69. 120.119766 79.182304 6 6 6 0 0 0
16.344 14 GPS 3 36024364 481366732 3183 206149 1432 461 0 92636720 31 0
16.396 14 NAVIGATION 3 2 -41.125 71.5 120.119766 79.182304 6 6 6 0 0 0
16.396 14 ESTIMATOR 206.2957 4.61
16.495 14 AIRSPEED 10.6 0. 0. 0.
16.495 14 ATTITUDE 0.135285 5.595982 0.264415
16.578 14 NAVIGATION 3 2 -41.125 71.5 116.741302 82.483429 7 7 7 0 0 0
16.595 14 GPS 3 36024141 481366994 3196 207236 1435 441 0 92636960 31 0
16.694 14 DESIRED 0.044078 0.273778 5.603528 -114.5 162.300003 235. 0. 13.
16.779 14 FBW_STATUS 2 0 1 12.5 1.627817
16.795 14 DL_VALUE 22 0.
16.796 14 WP_MOVED 9 360459.6875 4813680. 235. 31
16.828 14 NAVIGATION 3 2 -43.34375 74.5 113.013504 86.191246 7 7 7 0 0 0
16.845 14 GPS 3 36023887 481367307 3211 208510 1437 448 0 92637240 31 0
16.895 14 ESTIMATOR 208.499664 4.48
16.994 14 ATTITUDE 0.078895 5.666136 0.266654
17.078 14 NAVIGATION 3 2 -45.875 77.5 109.089096 90.059792 7 7 7 0 0 0
17.095 14 CALIBRATION 0. 0
17.096 14 ENERGY 88 12.5 1.627817 20.347708 0.016226 0.20282
17.096 14 GPS 3 36023674 481367578 3218 209611 1438 466 0 92637480 31 0
17.294 14 WP_MOVED 10 360424. 4813592.5 235. 31
17.328 14 NAVIGATION 3 2 -48.03125 80.5 105.400833 93.740341 7 7 7 0 0 0
17.345 14 GPS 3 36023463 481367852 3224 210720 1439 490 0 92637720 31 0
17.396 14 NAVIGATION 3 2 -50.125 83. 105.400833 93.740341 7 7 7 0 0 0
17.396 14 ESTIMATOR 210.766327 4.9
17.494 14 IR_SENSORS 0 0 93 -10 248
17.495 14 AIRSPEED 10.6 0. 0. 0.
17.495 14 ATTITUDE 0.022531 5.697794 0.271504
17.579 14 NAVIGATION 4 0 -50.125 83. 0. 96.961411 8 0 0 0 0 0
17.595 14 FBW_STATUS 2 0 1 12.5 1.627817
17.595 14 GPS 3 36023254 481368127 3227 211836 1439 495 0 92637960 31 0
17.679 14 COMMANDS 8524,-264,-113,0
17.695 14 GPS_SOL 697 697 697 7
17.745 14 DESIRED -0.032879 0.261966 5.600823 -114.5 162.300003 235. 0. 13.
17.794 14 WP_MOVED 11 360234.40625 4813661.5 235. 31
17.829 14 NAVIGATION 4 2 -52.1875 86. 0. 100.595901 8 0 0 0 0 0
17.846 14 CIRCLE 49.5 100.099998 80.
17.847 14 GPS 3 36023011 481368449 3228 213143 1439 488 0 92638240 31 0
17.894 14 COMMANDS 8524,8005,353,0
17.894 14 ESTIMATOR 213.177048 4.88
17.995 14 STATE_FILTER_STATUS 2 3 352
17.996 14 ATTITUDE 0.018506 5.708614 0.271504
18.078 14 NAVIGATION 4 2 -54.625 89. 0. 104.426483 8 0 0 0 0 0
18.095 14 GPS 3 36022803 481368724 3229 214266 1439 492 0 92638480 31 0
18.195 14 PPRZ_MODE 2 3 2 2 0 6
18.195 14 ENERGY 88 12.5 1.627817 20.347708 0.01921 0.240125
18.296 14 ALIVE 158,87,147,219,247,235,138,154,89,223,120,51,202,91,226,10
18.296 14 DL_VALUE 23 1.
18.297 14 WP_MOVED 0 360326. 4813637. 260. 31
18.331 14 NAVIGATION 4 2 -56.71875 92. 0. 108.078751 8 0 0 0 0 0
18.345 14 GPS 3 36022598 481369002 3235 215391 1438 492 0 92638720 31 0
18.396 14 NAVIGATION 4 2 -58.75 94.5 0. 108.078751 8 0 0 0 0 0
18.397 14 ESTIMATOR 215.541306 4.92
18.495 14 DATALINK_REPORT 4 5 873 523 0 0
18.495 14 AIRSPEED 10.6 0. 0. 0.
18.496 14 ATTITUDE 0.151666 5.72428 0.276376
18.579 14 NAVIGATION 4 2 -58.75 94.5 0. 111.27359 9 1 1 0 0 0
18.595 14 GPS 3 36022398 481369283 3246 216520 1438 490 0 92638960 31 0
18.696 14 NAVIGATION_REF 360284 4813595 31 185.
18.696 14 IR_SENSORS 0 0 95 36 245
18.779 14 FBW_STATUS 2 0 1 12.5 1.545814
18.795 14 DESIRED 1.079647 0.309227 5.600823 -114.5 162.300003 235. 0.583761 13.
18.795 14 WP_MOVED 1 360284. 4813595. 260. 31
18.828 14 NAVIGATION 4 2 -60.75 97.5 0. 114.87738 9 1 1 0 0 0
18.845 14 GPS 3 36022176 481369618 3270 217843 1434 492 0 92639240 31 0
18.896 14 CIRCLE 49.5 100.099998 80.
18.896 14 ESTIMATOR 217.908859 4.92
18.994 14 ATTITUDE 0.282376 5.811252 0.293952
19.079 14 NAVIGATION 4 2 -63. 101. 0. 119.037811 9 1 1 0 0 0
19.096 14 GPS 3 36022000 481369912 3290 218978 1426 480 0 92639480 31 0
19.195 14 CALIBRATION 24.671907 2
19.294 14 ENERGY 71 12.5 1.201143 15.014283 0.021963 0.274542
19.294 14 WP_MOVED 2 360333.5 4813695. 235. 31
19.329 14 NAVIGATION 4 2 -64.75 103.5 0. 122.085266 9 1 1 0 0 0
19.346 14 GPS 3 36021842 481370211 3321 220099 1408 479 0 92639720 31 0
19.346 14 SVINFO 6 13 0 6 48 61 321
19.396 14 NAVIGATION 4 2 -66.34375 106.5 0. 122.085266 9 1 1 0 0 0
19.396 14 ESTIMATOR 220.246445 4.79
19.495 14 AIRSPEED 10.6 0. 0. 0.
19.496 14 ATTITUDE 0.420191 5.938728 0.310872
19.588 14 NAVIGATION 4 2 -66.34375 106.5 0. 125.474075 10 2 2 0 0 0
19.595 14 FBW_STATUS 2 0 1 12.5 1.017886
19.600 14 GPS 3 36021706 481370514 3358 221186 1383 461 0 92639960 31 0
19.694 14 GPS_SOL 699 699 699 7
19.795 14 DL_VALUE 24 1.
19.796 14 WP_MOVED 3 360461.40625 4813640. 215. 31
19.829 14 NAVIGATION 4 2 -67.71875 110. 0. 129.17363 10 2 2 0 0 0
19.846 14 DESIRED 1.053638 0.175615 5.600823 -114.5 162.300003 235. 0.408671 13.
19.846 14 GPS 3 36021582 481370870 3420 222374 1339 408 0 92640240 31 0
19.895 14 IR_SENSORS 0 0 95 112 225
19.895 14 ESTIMATOR 222.48996 4.08
19.944 14 CIRCLE 49.5 100.099998 80.
19.995 14 ATTITUDE 0.546015 6.187553 0.311657
20.079 14 NAVIGATION 4 2 -68.90625 113.5 0. 132.779221 10 2 2 0 0 0
20.094 14 GPS 3 36021509 481371176 3467 223291 1307 363 0 92640480 31 0
20.295 14 WP_MOVED 4 360312.8125 4813652. 185. 31
20.329 14 NAVIGATION 4 2 -69.65625 116. 0. 135.307022 10 2 2 0 0 0
20.345 14 GPS 3 36021474 481371477 3532 224087 1265 329 0 92640720 31 0
20.395 14 ENERGY 31 12.5 0.459948 5.749352 0.023469 0.293365
20.395 14 NAVIGATION 4 2 -70.03125 119.5 0. 135.307022 10 2 2 0 0 0
20.396 14 ESTIMATOR 224.290695 3.29
20.495 14 AIRSPEED 10.6 0. 0. 0.
20.496 14 ATTITUDE 0.624753 0.177267 0.283625
20.578 14 NAVIGATION 4 2 -70.03125 119.5 0. 138.508575 11 3 3 0 0 0
20.596 14 GPS 3 36021477 481371770 5 224743 1220 281 0 92640960 31 0
20.779 14 FBW_STATUS 2 0 1 12.5 0.27844
20.795 14 WP_MOVED 5 360452.8125 4813581. 260. 31
20.828 14 NAVIGATION 4 2 -70. 122.5 0. 141.089508 11 3 3 0 0 0
20.846 14 GPS 3 36021528 481372095 108 225324 1165 194 0 92641240 31 0
20.846 14 SVINFO 5 12 1 5 48 88 271
20.895 14 DESIRED 0.917207 0.079406 5.600823 -114.5 162.300003 235. 0.299459 13.
20.895 14 ESTIMATOR 225.618622 1.94
20.994 14 CIRCLE 49.5 100.099998 80.
20.995 14 ATTITUDE 0.618553 0.569297 0.230369
21.078 14 NAVIGATION 4 2 -69.46875 125.5 0. 143.443909 11 3 3 0 0 0
21.095 14 IR_SENSORS 0 0 69 136 220
21.095 14 GPS 3 36021610 481372355 175 225665 1135 146 0 92641480 31 0
21.294 14 CALIBRATION 150. 0
21.296 14 DL_VALUE 25 0.
21.299 14 WP_MOVED 6 360169.5 4813757.5 260. 31
21.328 14 NAVIGATION 4 2 -68.65625 128. 0. 145.250397 11 3 3 0 0 0
21.347 14 GPS 3 36021726 481372595 257 225864 1109 75 0 92641720 31 0
21.395 14 NAVIGATION 4 2 -67.46875 130.5 0. 145.250397 11 3 3 0 0 0
21.396 14 ESTIMATOR 226.229477 0.75
21.494 14 ENERGY 18 12.5 0.219075 2.738437 0.023963 0.299533
21.495 14 AIRSPEED 10.6 0. 0. 0.
21.495 14 ATTITUDE 0.612474 0.854238 0.172495
21.578 14 NAVIGATION 4 2 -67.46875 130.5 0. 146.909088 12 4 4 0 0 0
21.595 14 FBW_STATUS 2 0 1 12.5 0.219075
21.595 14 GPS 3 36021874 481372813 341 225939 1099 32 0 92641960 31 0
21.694 14 GPS_SOL 699 699 699 7
21.796 14 WP_MOVED 7 360284.5 4813704. 235. 31
21.829 14 NAVIGATION 4 2 -66.03125 132.5 0. 148.041809 12 4 4 0 0 0
21.846 14 GPS 3 36022085 481373038 453 225895 1103 -27 0 92642240 31 0
21.894 14 ESTIMATOR 226.251022 -0.27
21.945 14 DESIRED 0.579242 0.076443 5.600823 -114.5 162.300003 235. 0.261176 13.
21.995 14 ATTITUDE 0.608487 1.164102 0.119555
22.045 14 CIRCLE 49.5 100.099998 80.
22.079 14 NAVIGATION 4 2 -63.90625 134.5 0. 148.910233 12 4 4 0 0 0
22.096 14 GPS 3 36022296 481373201 522 225771 1112 -52 0 92642480 31 0
22.294 14 IR_SENSORS 0 0 41 136 225
22.295 14 WP_MOVED 8 360269.1875 4813753. 235. 31
22.328 14 NAVIGATION 4 2 -61.78125 136.5 0. 149.830475 12 4 4 0 0 0
22.345 14 GPS 3 36022532 481373335 605 225590 1129 -84 0 92642720 31 0
22.395 14 NAVIGATION 4 2 -59.4375 138. 0. 149.830475 12 4 4 0 0 0
22.395 14 ESTIMATOR 225.855652 -0.84
22.496 14 AIRSPEED 10.6 0. 0. 0.
22.496 14 ATTITUDE 0.589536 1.376868 0.078597
22.578 14 NAVIGATION 4 2 -59.4375 138. 0. 150.255844 13 5 5 0 0 0
22.595 14 ENERGY 23 12.5 0.284972 3.562145 0.024408 0.305103
22.595 14 GPS 3 36022789 481373436 685 225373 1150 -110 0 92642960 31 0
22.678 14 COMMANDS 2284,-3713,56,0
22.778 14 FBW_STATUS 2 0 1 12.5 0.311877
22.796 14 DL_VALUE 26 0.
22.796 14 WP_MOVED 9 360459.6875 4813680. 235. 31
22.828 14 NAVIGATION 4 2 -56.875 139. 0. 150.185776 13 5 5 0 0 0
22.845 14 GPS 3 36023109 481373514 779 225112 1181 -87 0 92643240 31 0
22.896 14 COMMANDS 2425,-5016,142,0
22.896 14 ESTIMATOR 225.244995 -0.87
22.995 14 STATE_FILTER_STATUS 2 3 380
22.996 14 DESIRED -0.166208 0.063324 5.600823 -114.5 162.300003 235. 0.282732 13.
22.996 14 ATTITUDE 0.472203 1.607605 0.048261
23.078 14 NAVIGATION 4 2 -53.65625 139.5 0. 149.463181 13 5 5 0 0 0
23.095 14 CIRCLE 49.5 100.099998 80.
23.096 14 GPS 3 36023394 481373549 829 224909 1199 -76 0 92643480 31 0
23.195 14 PPRZ_MODE 2 3 2 2 0 6
23.295 14 ALIVE 158,87,147,219,247,235,138,154,89,223,120,51,202,91,226,10
23.295 14 WP_MOVED 10 360424. 4813592.5 235. 31
23.329 14 NAVIGATION 4 2 -50.84375 140. 0. 148.946594 13 5 5 0 0 0
23.344 14 GPS 3 36023687 481373559 880 224738 1218 -78 0 92643720 31 0
23.396 14 CALIBRATION 54.354912 0
23.396 14 NAVIGATION 4 2 -47.875 140. 0. 148.946594 13 5 5 0 0 0
23.396 14 ESTIMATOR 224.793396 -0.78
23.494 14 IR_SENSORS 0 0 31 72 254
23.495 14 AIRSPEED 10.6 0. 0. 0.
23.495 14 ATTITUDE 0.33905 1.737694 0.03418
23.581 14 NAVIGATION 4 2 -47.875 140. 0. 147.959503 14 6 6 0 0 0
23.595 14 DATALINK_REPORT 10 5 997 535 0 0
23.595 14 FBW_STATUS 2 0 1 12.5 0.391632
23.595 14 GPS 3 36023983 481373547 923 224606 1234 -72 0 92643960 31 0
23.694 14 GPS_SOL 699 699 699 7
23.694 14 ENERGY 31 12.5 0.419779 5.247238 0.025047 0.313082
23.794 14 WP_MOVED 11 360234.40625 4813661.5 235. 31
23.829 14 NAVIGATION 4 2 -44.90625 140. 0. 147.025742 14 6 6 0 0 0
23.846 14 GPS 3 36024331 481373510 968 224502 1253 -47 0 92644240 31 0
23.895 14 ESTIMATOR 224.44133 -0.47
23.996 14 ATTITUDE 0.218647 1.850206 0.027174
24.046 14 DESIRED -0.799575 0.047788 5.600823 -114.5 162.300003 235. 0.311989 13.
24.078 14 NAVIGATION 4 2 -41.4375 139.5 0. 145.524277 14 6 6 0 0 0
24.095 14 GPS 3 36024630 481373463 989 224453 1264 -30 0 92644480 31 0
24.096 14 SVINFO 4 11 1 4 48 81 223
24.146 14 CIRCLE 49.5 100.099998 80.
24.294 14 DL_VALUE 27 0.
24.294 14 WP_MOVED 0 360326. 4813637. 260. 31
24.329 14 NAVIGATION 4 2 -38.4375 139. 0. 144.216644 14 6 6 0 0 0
24.346 14 GPS 3 36024931 481373405 1008 224440 1275 -2 0 92644720 31 0
24.396 14 NAVIGATION 4 2 -35.4375 138.5 0. 144.216644 14 6 6 0 0 0
24.397 14 ESTIMATOR 224.322601 -0.02
24.495 14 AIRSPEED 10.6 0. 0. 0.
24.496 14 ATTITUDE 0.089341 1.90185 0.029623
24.532 14 WIND_INFO 14 5 -0.8 0.5 0. 12.2
24.578 14 NAVIGATION 4 2 -35.4375 138.5 0. 142.961761 15 7 7 0 0 0
24.596 14 GPS 3 36025233 481373340 1021 224461 1285 6 0 92644960 31 0
24.596 14 SVINFO 6 13 1 6 47 52 324
24.694 14 IR_SENSORS 0 0 31 -6 264
24.779 14 FBW_STATUS 2 0 1 12.5 0.512811
24.794 14 ENERGY 36 12.5 0.512811 6.410138 0.025926 0.324078
24.794 14 WP_MOVED 1 360284. 4813595. 260. 31
24.829 14 NAVIGATION 4 2 -32.4375 138. 0. 141.761032 15 7 7 0 0 0
24.845 14 GPS 3 36025586 481373260 1028 224520 1294 33 0 92645240 31 0
24.895 14 ESTIMATOR 224.408112 0.33
24.995 14 ATTITUDE -0.028516 1.817189 0.034269
25.078 14 NAVIGATION 4 2 -28.90625 137. 0. 140.016327 15 7 7 0 0 0
25.095 14 DESIRED -1.017123 0.038867 5.600823 -114.5 162.300003 235. 0.317757 13.
25.095 14 GPS 3 36025890 481373192 1026 224594 1297 31 0 92645480 31 0
25.195 14 CIRCLE 49.5 100.099998 80.
25.295 14 WP_MOVED 2 360333.5 4813695. 235. 31
25.329 14 NAVIGATION 4 2 -25.875 136.5 0. 138.930801 15 7 7 0 0 0
25.345 14 GPS 3 36026195 481373127 1019 224683 1298 27 0 92645720 31 0
25.396 14 NAVIGATION 4 2 -22.78125 135.5 0. 138.930801 15 7 7 0 0 0
25.396 14 ESTIMATOR 224.617371 0.27
25.495 14 CALIBRATION -0.343328 2
25.495 14 AIRSPEED 12.2 0. 0. 0.
25.495 14 ATTITUDE -0.151713 1.802652 0.040439
25.578 14 NAVIGATION 4 2 -22.78125 135.5 0. 137.401733 16 8 8 0 0 0
25.595 14 FBW_STATUS 2 0 1 12.5 0.492119
25.595 14 GPS 3 36026501 481373070 1005 224780 1298 29 0 92645960 31 0
25.695 14 GPS_SOL 697 697 697 7
25.794 14 DL_VALUE 28 0.
25.795 14 WP_MOVED 3 360461.40625 4813640. 215. 31
25.828 14 NAVIGATION 4 2 -19.75 135. 0. 136.437027 16 8 8 0 0 0
25.845 14 GPS 3 36026860 481373017 977 224895 1296 37 0 92646240 31 0
25.895 14 IR_SENSORS 0 0 33 -84 250
25.896 14 ENERGY 34 12.5 0.471268 5.890846 0.026836 0.335445
25.896 14 ESTIMATOR 224.810898 0.37
25.995 14 ATTITUDE -0.281724 1.734518 0.048981
26.078 14 NAVIGATION 4 2 -16.15625 134.5 0. 135.466873 16 8 8 0 0 0
26.094 14 GPS 3 36027169 481372988 953 224988 1294 36 0 92646480 31 0
26.095 14 SVINFO 5 12 1 5 47 85 274
26.146 14 DESIRED -1.007236 0.054273 5.600823 -114.5 162.300003 235. 0.305673 13.
26.245 14 CIRCLE 49.5 100.099998 80.
26.295 14 WP_MOVED 4 360312.8125 4813652. 185. 31
26.328 14 NAVIGATION 4 2 -13.0625 134.5 0. 135.132812 16 8 8 0 0 0
26.345 14 GPS 3 36027479 481372977 919 225071 1291 45 0 92646720 31 0
26.395 14 NAVIGATION 4 2 -9.9375 134.5 0. 135.132812 16 8 8 0 0 0
26.395 14 ESTIMATOR 225.029495 0.45
26.494 14 AIRSPEED 12.2 0. 0. 0.
26.495 14 ATTITUDE -0.414397 1.638951 0.057023
26.578 14 NAVIGATION 4 2 -9.9375 134.5 0. 134.866608 17 9 9 0 0 0
26.595 14 GPS 3 36027789 481372990 877 225140 1289 26 0 92646960 31 0
26.778 14 FBW_STATUS 2 0 1 12.5 0.437843
26.795 14 WP_MOVED 5 360452.8125 4813581. 260. 31
26.829 14 NAVIGATION 4 2 -6.875 134.5 0. 134.675598 17 9 9 0 0 0
26.845 14 GPS 3 36028146 481373038 810 225194 1286 32 0 92647240 31 0
26.895 14 ESTIMATOR 225.203278 0.32
26.996 14 AUTOPILOT_VERSION 51500 v5.15_devel-179-g9a29798-dirty
26.996 14 ENERGY 32 12.5 0.436273 5.453417 0.027661 0.345765
26.996 14 ATTITUDE -0.533592 1.459337 0.071925
27.078 14 NAVIGATION 4 2 -3.3125 134.5 0. 134.540787 17 9 9 0 0 0
27.095 14 IR_SENSORS 0 0 35 -155 214
27.096 14 GPS 3 36028445 481373112 760 225215 1286 29 0 92647480 31 0
27.197 14 DESIRED -0.900476 0.075656 5.600823 -114.5 162.300003 235. 0.293902 13.
27.295 14 DL_VALUE 29 5.
27.295 14 CIRCLE 49.5 100.099998 80.
27.295 14 WP_MOVED 6 360169.5 4813757.5 260. 31
27.328 14 NAVIGATION 4 2 -0.3125 135.5 0. 135.500366 17 9 9 0 0 0
27.345 14 GPS 3 36028734 481373221 693 225206 1287 2 0 92647720 31 0
27.346 14 SVINFO 3 10 1 3 48 48 175
27.395 14 NAVIGATION 4 2 2.625 136.5 0. 135.500366 17 9 9 0 0 0
27.395 14 ESTIMATOR 225.304245 0.02
27.495 14 AIRSPEED 12.2 0. 0. 0.
27.496 14 ATTITUDE -0.604203 1.265505 0.080231
27.579 14 NAVIGATION 4 2 2.625 136.5 0. 136.525238 18 10 10 0 0 0
27.596 14 CALIBRATION -2.134593 0
27.596 14 FBW_STATUS 2 0 1 12.5 0.445185
27.596 14 GPS 3 36029008 481373366 621 225176 1290 -13 0 92647960 31 0
27.683 14 COMMANDS 3163,-1287,-33,0
27.696 14 NAVIGATION_REF 360284 4813595 31 185.
27.697 14 GPS_SOL 694 694 694 7
27.796 14 WP_MOVED 7 360284.5 4813704. 235. 31
27.828 14 NAVIGATION 4 2 5.34375 138.5 0. 138.603043 18 10 10 0 0 0
27.845 14 GPS 3 36029303 481373577 520 225128 1298 -17 0 92648240 31 0
27.895 14 COMMANDS 3216,-396,-32,0
27.896 14 ESTIMATOR 225.213089 -0.17
27.994 14 STATE_FILTER_STATUS 2 3 405
27.995 14 ATTITUDE -0.604203 0.97533 0.080231
28.080 14 NAVIGATION 4 2 8.28125 140. 0. 140.244705 18 10 10 0 0 0
28.095 14 ENERGY 34 12.5 0.467016 5.837694 0.02848 0.356002
28.095 14 GPS 3 36029531 481373791 467 225085 1302 -42 0 92648480 31 0
28.096 14 SVINFO 6 13 1 6 46 46 326
28.196 14 PPRZ_MODE 2 3 2 2 0 6
28.244 14 DESIRED -0.446009 0.077618 5.600823 -114.5 162.300003 235. 0.293607 13.
28.295 14 ALIVE 158,87,147,219,247,235,138,154,89,223,120,51,202,91,226,10
28.295 14 IR_SENSORS 0 0 35 -163 207
28.295 14 WP_MOVED 8 360269.1875 4813753. 235. 31
28.329 14 NAVIGATION 4 2 10.5625 142.5 0. 142.89093 18 10 10 0 0 0
28.345 14 CIRCLE 49.5 100.099998 80.
28.345 14 GPS 3 36029731 481374033 396 225045 1308 -36 0 92648720 31 0
28.396 14 NAVIGATION 4 2 12.5625 145. 0. 142.89093 18 10 10 0 0 0
28.396 14 ESTIMATOR 225.043961 -0.36
28.496 14 AIRSPEED 12.2 0. 0. 0.
28.496 14 ATTITUDE -0.593557 0.763209 0.078658
28.578 14 NAVIGATION 4 2 12.5625 145. 0. 145.543182 19 11 11 0 0 0
28.594 14 GPS 3 36029902 481374298 326 225012 1315 -49 0 92648960 31 0
28.698 14 DATALINK_REPORT 5 6 1123 546 0 0
28.778 14 FBW_STATUS 2 0 1 12.5 0.518422
28.794 14 DL_VALUE 30 100.
28.795 14 WP_MOVED 9 360459.6875 4813680. 235. 31
28.829 14 NAVIGATION 4 2 14.28125 147.5 0. 148.189758 19 11 11 0 0 0
28.845 14 GPS 3 36030063 481374632 238 224999 1324 -36 0 92649240 31 0
28.846 14 SVINFO 2 9 0 2 48 10 126
28.894 14 ESTIMATOR 224.88559 -0.36
28.996 14 ATTITUDE -0.475633 0.486743 0.06638
29.079 14 NAVIGATION 4 2 15.875 150.5 0. 151.334946 19 11 11 0 0 0
29.096 14 GPS 3 36030171 481374931 198 225023 1327 -29 0 92649480 31 0
29.196 14 ENERGY 38 12.5 0.551833 6.897912 0.029413 0.367655
29.295 14 DESIRED 0.557981 0.059473 5.600823 -114.5 162.300003 235. 0.303432 13.
29.296 14 WP_MOVED 10 360424. 4813592.5 235. 31
29.329 14 NAVIGATION 4 2 16.96875 154. 0. 154.932037 19 11 11 0 0 0
29.345 14 GPS 3 36030254 481375240 151 225080 1331 -28 0 92649720 31 0
29.345 14 SVINFO 4 11 1 4 47 86 226
29.397 14 CIRCLE 49.5 100.099998 80.
29.398 14 NAVIGATION 4 2 17.8125 157. 0. 154.932037 19 11 11 0 0 0
29.399 14 ESTIMATOR 224.858231 -0.28
29.495 14 IR_SENSORS 0 0 35 -104 242
29.496 14 AIRSPEED 12.2 0. 0. 0.
29.496 14 ATTITUDE -0.355007 0.333549 0.056953
29.578 14 NAVIGATION 4 2 17.8125 157. 0. 158.007233 20 12 12 0 0 0
29.595 14 FBW_STATUS 2 0 1 12.5 0.577164
29.596 14 GPS 3 36030317 481375554 112 225171 1334 -19 0 92649960 31 0
29.597 14 SVINFO 5 12 0 5 46 82 276
29.695 14 CALIBRATION -78.118179 2
29.696 14 GPS_SOL 690 690 690 7
29.794 14 WP_MOVED 11 360234.40625 4813661.5 235. 31
29.829 14 NAVIGATION 4 2 18.40625 160. 0. 161.055237 20 12 12 0 0 0
29.845 14 GPS 3 36030367 481375925 67 225312 1336 13 0 92650240 31 0
29.895 14 ESTIMATOR 224.960617 0.13
29.996 14 ATTITUDE -0.221721 0.183905 0.050201
30.079 14 NAVIGATION 4 2 18.9375 164. 0. 165.089767 20 12 12 0 0 0
30.096 14 GPS 3 36030395 481376244 49 225456 1336 9 0 92650480 31 0
30.295 14 DL_VALUE 31 1.
30.295 14 ENERGY 40 12.5 0.581071 7.263389 0.030467 0.380834
30.295 14 WP_MOVED 0 360326. 4813637. 260. 31
30.328 14 NAVIGATION 4 2 19.21875 167. 0. 168.102234 20 12 12 0 0 0
30.345 14 DESIRED 0.99673 0.028616 5.600823 -114.5 162.300003 235. 0.296638 13.
30.346 14 GPS 3 36030412 481376564 31 225616 1334 26 0 92650720 31 0
30.394 14 NAVIGATION 4 2 19.375 170.5 0. 168.102234 20 12 12 0 0 0
30.395 14 ESTIMATOR 225.258286 0.26
30.445 14 CIRCLE 49.5 100.099998 80.
30.495 14 AIRSPEED 12.2 0. 0. 0.
30.495 14 ATTITUDE -0.089817 0.118626 0.042765
30.579 14 NAVIGATION 4 2 19.375 170.5 0. 171.597321 21 13 13 0 0 0
30.596 14 GPS 3 36030423 481376884 18 225784 1332 31 0 92650960 31 0
30.696 14 IR_SENSORS 0 0 33 -27 262
30.778 14 FBW_STATUS 2 0 1 12.5 0.574006
30.794 14 WP_MOVED 1 360284. 4813595. 260. 31
30.829 14 NAVIGATION 4 2 19.5 173.5 0. 174.592377 21 13 13 0 0 0
30.845 14 GPS 3 36030431 481377256 11 225982 1328 39 0 92651240 31 0
30.846 14 SVINFO 3 10 1 3 47 54 177
30.894 14 ESTIMATOR 225.638107 0.39
30.994 14 ATTITUDE 0.028625 0.08358 0.037556
31.078 14 NAVIGATION 4 2 19.5625 177. 0. 178.077774 21 13 13 0 0 0
31.095 14 GPS 3 36030438 481377574 13 226147 1326 44 0 92651480 31 0
31.294 14 WP_MOVED 2 360333.5 4813695. 235. 31
31.328 14 NAVIGATION 4 2 19.65625 180. 0. 181.070068 21 13 13 0 0 0
31.345 14 GPS 3 36030449 481377892 20 226302 1324 30 0 92651720 31 0
31.396 14 ENERGY 39 12.5 0.563448 7.043098 0.031515 0.393933
31.396 14 DESIRED 1.069628 0.027007 5.600823 -114.5 162.300003 235. 0.27476 13.
31.396 14 NAVIGATION 4 2 19.71875 183.5 0. 181.070068 21 13 13 0 0 0
31.396 14 ESTIMATOR 226.041443 0.3
31.496 14 CIRCLE 49.5 100.099998 80.
31.497 14 AIRSPEED 12.2 0. 0. 0.
31.497 14 ATTITUDE 0.157964 0.098893 0.030507
31.581 14 NAVIGATION 4 2 19.71875 183.5 0. 184.556442 22 14 14 0 0 0
31.595 14 FBW_STATUS 2 0 1 12.5 0.562893
31.596 14 GPS 3 36030468 481378209 33 226443 1322 28 0 92651960 31 0
31.597 14 SVINFO 6 13 1 6 45 40 328
31.695 14 GPS_SOL 685 685 685 7
31.795 14 CALIBRATION -83.067116 0
31.796 14 DL_VALUE 32 0.
31.796 14 WP_MOVED 3 360461.40625 4813640. 215. 31
31.829 14 NAVIGATION 4 2 19.9375 186.5 0. 187.562668 22 14 14 0 0 0
31.845 14 GPS 3 36030503 481378577 62 226588 1322 51 0 92652240 31 0
31.895 14 IR_SENSORS 0 0 30 51 259
31.895 14 ESTIMATOR 226.351974 0.51
31.994 14 ATTITUDE 0.276571 0.175256 0.028493
32.095 14 NAVIGATION 4 2 20.28125 190.5 0. 191.576553 22 14 14 0 0 0
32.096 14 GPS 3 36030540 481378839 80 226677 1323 39 0 92652440 31 0
32.097 14 SVINFO 1 8 1 1 48 0 78
32.294 14 WP_MOVED 4 360312.8125 4813652. 185. 31
32.328 14 NAVIGATION 4 2 20.65625 193. 0. 194.102234 22 14 14 0 0 0
32.345 14 GPS 3 36030614 481379203 114 226784 1324 36 0 92652720 31 0
32.396 14 NAVIGATION 4 2 21.40625 196.5 0. 194.102234 22 14 14 0 0 0
32.397 14 ESTIMATOR 226.667435 0.36
32.445 14 DESIRED 1.069794 0.05428 5.600823 -114.5 162.300003 235. 0.254413 13.
32.495 14 ENERGY 38 12.5 0.546689 6.833616 0.032534 0.40667
32.495 14 AIRSPEED 12.2 0. 0. 0.
32.495 14 ATTITUDE 0.410955 0.267564 0.033116
32.545 14 CIRCLE 49.5 100.099998 80.
32.579 14 NAVIGATION 4 2 21.40625 196.5 0. 197.662537 23 15 15 0 0 0
32.595 14 GPS 3 36030700 481379509 157 226857 1326 38 0 92652959 31 0
32.690 14 COMMANDS 3678,4597,245,0
32.777 14 FBW_STATUS 2 0 1 12.5 0.541923
32.795 14 WP_MOVED 5 360452.8125 4813581. 260. 31
32.828 14 NAVIGATION 4 2 22.25 199.5 0. 200.736923 23 15 15 0 0 0
32.846 14 GPS 3 36030833 481379856 227 226921 1329 29 0 92653240 31 0
32.846 14 SVINFO 4 11 0 4 46 88 228
32.895 14 COMMANDS 3668,4196,273,0
32.895 14 ESTIMATOR 226.889191 0.29
32.994 14 STATE_FILTER_STATUS 2 3 385
32.995 14 ATTITUDE 0.531573 0.467164 0.043891
33.078 14 NAVIGATION 4 2 23.5625 203. 0. 204.362885 23 15 15 0 0 0
33.096 14 IR_SENSORS 0 0 32 126 232
33.097 14 GPS 3 36030979 481380141 270 226957 1331 18 0 92653480 31 0
33.097 14 SVINFO 5 12 1 5 45 78 278
33.204 14 PPRZ_MODE 2 3 2 2 0 6
33.294 14 ALIVE 158,87,147,219,247,235,138,154,89,223,120,51,202,91,226,10
33.295 14 DL_VALUE 33 0.
33.295 14 WP_MOVED 6 360169.5 4813757.5 260. 31
33.329 14 NAVIGATION 4 2 25.0625 206. 0. 207.518982 23 15 15 0 0 0
33.345 14 GPS 3 36031155 481380408 335 226975 1335 -1 0 92653720 31 0
33.346 14 SVINFO 6 13 1 6 44 37 329
33.395 14 NAVIGATION 4 2 26.8125 208.5 0. 207.518982 23 15 15 0 0 0
33.396 14 ESTIMATOR 226.997635 -0.01
33.494 14 DESIRED 1.049247 0.075033 5.600823 -114.5 162.300003 235. 0.241186 13.
33.495 14 AIRSPEED 12.2 0. 0. 0.
33.495 14 ATTITUDE 0.604552 0.655152 0.057727
33.578 14 NAVIGATION 4 2 26.8125 208.5 0. 210.216934 24 16 16 0 0 0
33.597 14 FBW_STATUS 2 0 1 12.5 0.55073
33.597 14 ENERGY 38 12.5 0.550362 6.879526 0.03353 0.419126
33.597 14 CIRCLE 49.5 100.099998 80.
33.597 14 GPS 3 36031364 481380653 403 226981 1339 -11 0 92653959 31 0
33.598 14 SVINFO 0 7 0 0 48 24 29
33.701 14 GPS_SOL 678 678 678 7
33.795 14 DATALINK_REPORT 10 6 1253 546 0 0
33.796 14 WP_MOVED 7 360284.5 4813704. 235. 31
33.829 14 NAVIGATION 4 2 28.875 211. 0. 212.966583 24 16 16 0 0 0
33.844 14 GPS 3 36031643 481380906 501 226992 1347 -7 0 92654240 31 0
33.896 14 CALIBRATION -84.856049 0
33.897 14 ESTIMATOR 226.971207 -0.07
33.995 14 ATTITUDE 0.604552 0.939668 0.06638
34.079 14 NAVIGATION 4 2 31.6875 213.5 0. 215.838715 24 16 16 0 0 0
34.095 14 GPS 3 36031909 481381091 552 227012 1350 -12 0 92654480 31 0
34.096 14 SVINFO 2 9 1 2 47 17 129
34.295 14 IR_SENSORS 0 0 37 136 226
34.296 14 WP_MOVED 8 360269.1875 4813753. 235. 31
34.329 14 NAVIGATION 4 2 34.34375 215.5 0. 218.219482 24 16 16 0 0 0
34.345 14 GPS 3 36032196 481381243 620 227044 1353 -14 0 92654720 31 0
34.346 14 SVINFO 3 10 0 3 46 60 179
34.395 14 NAVIGATION 4 2 37.21875 217. 0. 218.219482 24 16 16 0 0 0
34.396 14 ESTIMATOR 226.96579 -0.14
34.494 14 AIRSPEED 12.2 0. 0. 0.
34.495 14 ATTITUDE 0.604552 1.141495 0.075011
34.533 14 WIND_INFO 14 5 -0.7 -0.3 0. 13.7
34.545 14 DESIRED 1.016643 0.075021 5.600823 -114.5 162.300003 235. 0.240939 13.
34.579 14 NAVIGATION 4 2 37.21875 217. 0. 220.168655 25 17 17 0 0 0
34.596 14 GPS 3 36032500 481381360 688 227091 1357 0 0 92654959 31 0
34.645 14 CIRCLE 49.5 100.099998 80.
34.699 14 ENERGY 40 12.5 0.585544 7.319302 0.034574 0.432175
34.778 14 FBW_STATUS 2 0 1 12.5 0.58797
34.796 14 DL_VALUE 34 80.
34.796 14 WP_MOVED 9 360459.6875 4813680. 235. 31
34.828 14 NAVIGATION 4 2 40.25 218.5 0. 222.176315 25 17 17 0 0 0
34.845 14 GPS 3 36032870 481381451 784 227162 1360 10 0 92655240 31 0
34.895 14 ESTIMATOR 227.020844 0.1
34.995 14 ATTITUDE 0.604552 1.359124 0.079317
35.078 14 NAVIGATION 4 2 43.96875 219. 0. 223.370209 25 17 17 0 0 0
35.095 14 GPS 3 36033194 481381488 835 227235 1361 9 0 92655480 31 0
35.295 14 WP_MOVED 10 360424. 4813592.5 235. 31
35.328 14 NAVIGATION 4 2 47.15625 219.5 0. 224.50827 25 17 17 0 0 0
35.344 14 GPS 3 36033521 481381486 903 227315 1362 8 0 92655720 31 0
35.396 14 NAVIGATION 4 2 50.4375 219. 0. 224.50827 25 17 17 0 0 0
35.396 14 ESTIMATOR 227.167877 0.08
35.496 14 IR_SENSORS 0 0 38 136 226
35.496 14 AIRSPEED 13.7 0. 0. 0.
35.498 14 ATTITUDE 0.604552 1.555593 0.079317
35.581 14 NAVIGATION 4 2 50.4375 219. 0. 224.733047 26 18 18 0 0 0
35.595 14 FBW_STATUS 2 0 1 12.5 0.598075
35.595 14 DESIRED 0.890013 0.074722 5.600823 -114.5 162.300003 235. 0.234964 13.
35.595 14 GPS 3 36033846 481381445 971 227402 1362 24 0 92655959 31 0
35.597 14 SVINFO 1 8 1 1 47 0 80
35.695 14 GPS_SOL 670 670 670 7
35.695 14 CIRCLE 49.5 100.099998 80.
35.796 14 ENERGY 41 12.5 0.595077 7.43846 0.035661 0.445755
35.796 14 WP_MOVED 11 360234.40625 4813661.5 235. 31
35.828 14 NAVIGATION 4 2 53.71875 219. 0. 225.492142 26 18 18 0 0 0
35.845 14 GPS 3 36034215 481381350 1067 227509 1363 24 0 92656240 31 0
35.894 14 ESTIMATOR 227.355865 0.24
35.994 14 CALIBRATION -109.256035 0
35.995 14 ATTITUDE 0.604552 1.827993 0.079317
36.078 14 NAVIGATION 4 2 57.40625 218. 0. 225.431763 26 18 18 0 0 0
36.095 14 GPS 3 36034519 481381228 1117 227602 1362 51 0 92656480 31 0
36.296 14 DL_VALUE 35 0.
36.296 14 WP_MOVED 0 360326. 4813637. 260. 31
36.328 14 NAVIGATION 4 2 60.4375 216.5 0. 224.777542 26 18 18 0 0 0
36.345 14 GPS 3 36034806 481381072 1185 227695 1362 46 0 92656720 31 0
36.345 14 SVINFO 4 11 1 4 45 89 230
36.395 14 NAVIGATION 4 2 63.34375 215. 0. 224.777542 26 18 18 0 0 0
36.395 14 ESTIMATOR 227.617874 0.46
36.496 14 AIRSPEED 13.7 0. 0. 0.
36.497 14 ATTITUDE 0.604552 2.026674 0.079317
36.579 14 NAVIGATION 4 2 63.34375 215. 0. 224.137085 27 19 19 0 0 0
36.596 14 GPS 3 36035072 481380883 1253 227788 1360 49 0 92656959 31 0
36.597 14 SVINFO 5 12 1 5 44 73 280
36.645 14 DESIRED 0.572763 0.074047 5.600823 -114.5 162.300003 235. 0.221464 13.
36.704 14 NAVIGATION_REF 360284 4813595 31 185.
36.705 14 IR_SENSORS 0 0 38 136 226
36.745 14 CIRCLE 49.5 100.099998 80.
36.778 14 FBW_STATUS 2 0 1 12.5 0.570852
36.794 14 WP_MOVED 1 360284. 4813595. 260. 31
36.829 14 NAVIGATION 4 2 65.96875 213.5 0. 223.459442 27 19 19 0 0 0
36.846 14 GPS 3 36035352 481380625 1349 227892 1359 64 0 92657240 31 0
36.847 14 SVINFO 6 13 0 6 43 31 331
36.894 14 ENERGY 39 12.5 0.564927 7.061584 0.03673 0.459124
36.894 14 ESTIMATOR 227.875305 0.64
36.995 14 ATTITUDE 0.604552 2.304097 0.079317
37.079 14 NAVIGATION 4 2 68.78125 211. 0. 221.927597 27 19 19 0 0 0
37.095 14 GPS 3 36035562 481380376 1400 227977 1357 41 0 92657480 31 0
37.296 14 WP_MOVED 2 360333.5 4813695. 235. 31
37.328 14 NAVIGATION 4 2 70.84375 208.5 0. 220.206909 27 19 19 0 0 0
37.345 14 GPS 3 36035740 481380104 1466 228061 1355 56 0 92657720 31 0
37.396 14 NAVIGATION 4 2 72.65625 205.5 0. 220.206909 27 19 19 0 0 0
37.396 14 ESTIMATOR 228.106918 0.56
37.494 14 AIRSPEED 13.7 0. 0. 0.
37.495 14 ATTITUDE 0.511175 2.50476 0.067602
37.578 14 NAVIGATION 4 2 72.65625 205.5 0. 217.966003 28 20 20 0 0 0
37.595 14 FBW_STATUS 2 0 1 12.5 0.542473
37.596 14 GPS 3 36035890 481379816 1525 228156 1352 59 0 92657959 31 0
37.596 14 SVINFO 2 9 1 2 46 22 131
37.678 14 COMMANDS 3649,-5412,-63,0
37.705 14 GPS_SOL 661 661 661 7
37.705 14 DESIRED -0.252936 0.058282 5.600823 -114.5 162.300003 235. 0.206792 13.
37.795 14 DL_VALUE 36 2.
37.795 14 CIRCLE 49.5 100.099998 80.
37.795 14 WP_MOVED 3 360461.40625 4813640. 215. 31
37.828 14 NAVIGATION 4 2 74.125 202.5 0. 215.640366 28 20 20 0 0 0
37.844 14 GPS 3 36036030 481379466 1597 228290 1346 95 0 92658240 31 0
37.845 14 SVINFO 3 10 1 3 45 66 181
37.896 14 COMMANDS 3562,-6587,-96,0
37.896 14 IR_SENSORS 0 0 37 89 247
37.897 14 ESTIMATOR 228.35022 0.95
37.996 14 STATE_FILTER_STATUS 2 3 369
37.996 14 ENERGY 36 12.5 0.517154 6.464425 0.037731 0.471637
37.996 14 ATTITUDE 0.388193 2.731165 0.056317
38.080 14 NAVIGATION 4 2 75.5625 199. 0. 212.863083 28 20 20 0 0 0
38.097 14 AUTOPILOT_VERSION 51500 v5.15_devel-179-g9a29798-dirty
38.098 14 CALIBRATION -64.311127 0
38.098 14 GPS 3 36036125 481379158 1628 228423 1341 104 0 92658480 31 0
38.099 14 SVINFO 4 11 1 4 44 89 231
38.206 14 PPRZ_MODE 2 3 2 2 0 6
38.295 14 ALIVE 158,87,147,219,247,235,138,154,89,223,120,51,202,91,226,10
38.295 14 WP_MOVED 4 360312.8125 4813652. 185. 31
38.329 14 NAVIGATION 4 2 76.5 196. 0. 210.400208 28 20 20 0 0 0
38.345 14 GPS 3 36036199 481378847 1665 228569 1333 108 0 92658720 31 0
38.395 14 NAVIGATION 4 2 77.25 193. 0. 210.400208 28 20 20 0 0 0
38.396 14 ESTIMATOR 228.744629 1.08
38.494 14 AIRSPEED 13.7 0. 0. 0.
38.495 14 ATTITUDE 0.25799 2.850001 0.051373
38.578 14 NAVIGATION 4 2 77.25 193. 0. 207.885941 29 21 21 0 0 0
38.595 14 GPS 3 36036257 481378534 1695 228722 1323 107 0 92658959 31 0
38.595 14 SVINFO 6 13 1 6 42 28 332
38.746 14 DESIRED -0.820363 0.029814 5.600823 -114.5 162.300003 235. 0.187661 13.
38.779 14 FBW_STATUS 2 0 1 12.5 0.449743
38.795 14 WP_MOVED 5 360452.8125 4813581. 260. 31
38.828 14 NAVIGATION 4 2 77.8125 190. 0. 205.316299 29 21 21 0 0 0
38.845 14 CIRCLE 49.5 100.099998 80.
38.845 14 GPS 3 36036308 481378171 1727 228900 1307 79 0 92659240 31 0
38.845 14 SVINFO 0 7 0 0 47 16 32
38.896 14 DATALINK_REPORT 5 7 1386 564 0 0
38.896 14 ESTIMATOR 229.128036 0.79
38.995 14 ATTITUDE 0.135224 2.958225 0.045535
39.078 14 NAVIGATION 4 2 78.34375 186.5 0. 202.286911 29 21 21 0 0 0
39.096 14 IR_SENSORS 0 0 34 11 263
39.096 14 ENERGY 31 12.5 0.434182 5.427277 0.038596 0.482447
39.097 14 GPS 3 36036341 481377861 1739 229045 1299 57 0 92659480 31 0
39.294 14 DL_VALUE 37 0.
39.294 14 WP_MOVED 6 360169.5 4813757.5 260. 31
39.328 14 NAVIGATION 4 2 78.65625 183. 0. 199.187866 29 21 21 0 0 0
39.345 14 GPS 3 36036368 481377552 1749 229178 1289 56 0 92659720 31 0
39.394 14 NAVIGATION 4 2 78.9375 180. 0. 199.187866 29 21 21 0 0 0
39.395 14 ESTIMATOR 229.339935 0.56
39.494 14 AIRSPEED 13.7 0. 0. 0.
39.495 14 ATTITUDE 0.00965 2.995994 0.037556
39.579 14 NAVIGATION 4 2 78.9375 180. 0. 196.548035 30 22 22 0 0 0
39.595 14 FBW_STATUS 2 0 1 12.5 0.416842
39.595 14 GPS 3 36036393 481377246 1753 229295 1281 57 0 92659959 31 0
39.694 14 GPS_SOL 651 651 651 7
39.795 14 DESIRED -0.957161 0.014997 5.600823 -114.5 162.300003 235. 0.169802 13.
39.795 14 WP_MOVED 7 360284.5 4813704. 235. 31
39.828 14 NAVIGATION 4 2 79.15625 177. 0. 193.893555 30 22 22 0 0 0
39.845 14 GPS 3 36036424 481376891 1748 229406 1271 55 0 92660240 31 0
39.896 14 CIRCLE 49.5 100.099998 80.
39.896 14 ESTIMATOR 229.531509 0.55
39.997 14 ATTITUDE -0.112279 2.993381 0.02761
40.079 14 NAVIGATION 4 2 79.5 173.5 0. 190.846802 30 22 22 0 0 0
40.095 14 GPS 3 36036456 481376588 1740 229476 1267 46 0 92660480 31 0
40.096 14 SVINFO 5 12 1 5 43 68 282
40.195 14 CALIBRATION 8.105496 0
40.197 14 ENERGY 29 12.5 0.39692 4.961505 0.039357 0.491959
40.295 14 IR_SENSORS 0 0 29 -67 255
40.295 14 WP_MOVED 8 360269.1875 4813753. 235. 31
40.328 14 NAVIGATION 4 2 79.8125 170.5 0. 188.255905 30 22 22 0 0 0
40.345 14 GPS 3 36036496 481376287 1723 229523 1264 47 0 92660720 31 0
40.395 14 NAVIGATION 4 2 80.21875 167.5 0. 188.255905 30 22 22 0 0 0
40.396 14 ESTIMATOR 229.680084 0.47
40.495 14 AIRSPEED 13.7 0. 0. 0.
40.496 14 ATTITUDE -0.240957 2.949685 0.023391
40.578 14 NAVIGATION 4 2 80.21875 167.5 0. 185.718323 31 23 23 0 0 0
40.595 14 GPS 3 36036548 481375989 1700 229546 1262 43 0 92660959 31 0
40.778 14 FBW_STATUS 2 0 1 12.5 0.380931
40.796 14 DL_VALUE 38 0.
40.796 14 WP_MOVED 9 360459.6875 4813680. 235. 31
40.828 14 NAVIGATION 4 2 80.71875 164.5 0. 183.236908 31 23 23 0 0 0
40.845 14 DESIRED -0.923326 0.042601 5.600823 -114.5 162.300003 235. 0.158012 13.
40.845 14 GPS 3 36036629 481375645 1656 229544 1261 15 0 92661240 31 0
40.845 14 SVINFO 1 8 1 1 46 0 83
40.895 14 ESTIMATOR 229.764252 0.15
40.945 14 CIRCLE 49.5 100.099998 80.
40.994 14 ATTITUDE -0.363482 2.831288 0.028875
41.078 14 NAVIGATION 4 2 81.53125 161. 0. 180.46701 31 23 23 0 0 0
41.095 14 GPS 3 36036719 481375356 1627 229517 1262 4 0 92661480 31 0
41.096 14 SVINFO 2 9 1 2 45 28 133
41.295 14 ENERGY 29 12.5 0.385849 4.823114 0.040064 0.500805
41.295 14 WP_MOVED 10 360424. 4813592.5 235. 31
41.328 14 NAVIGATION 4 2 82.4375 158. 0. 178.213196 31 23 23 0 0 0
41.345 14 GPS 3 36036832 481375074 1581 229469 1264 -6 0 92661720 31 0
41.346 14 SVINFO 3 10 1 3 44 71 183
41.394 14 NAVIGATION 4 2 83.5625 155. 0. 178.213196 31 23 23 0 0 0
41.395 14 ESTIMATOR 229.669296 -0.06
41.495 14 IR_SENSORS 0 0 28 -140 224
41.496 14 AIRSPEED 13.7 0. 0. 0.
41.496 14 ATTITUDE -0.495767 2.700472 0.037089
41.583 14 NAVIGATION 4 2 83.5625 155. 0. 176.090012 32 24 24 0 0 0
41.599 14 FBW_STATUS 2 0 1 12.5 0.392825
41.602 14 GPS 3 36036970 481374803 1528 229401 1268 -16 0 92661959 31 0
41.603 14 SVINFO 4 11 1 4 43 89 233
41.695 14 GPS_SOL 640 640 640 7
41.795 14 WP_MOVED 11 360234.40625 4813661.5 235. 31
41.828 14 NAVIGATION 4 2 84.9375 152.5 0. 174.55838 32 24 24 0 0 0
41.845 14 GPS 3 36037169 481374506 1440 229296 1277 -31 0 92662240 31 0
41.845 14 SVINFO 5 12 1 5 42 65 283
41.896 14 DESIRED -0.728042 0.069945 5.600823 -114.5 162.300003 235. 0.162324 13.
41.896 14 ESTIMATOR 229.484146 -0.31
41.994 14 CIRCLE 49.5 100.099998 80.
41.995 14 ATTITUDE -0.601862 2.455994 0.055976
42.079 14 NAVIGATION 4 2 86.9375 149.5 0. 172.940384 32 24 24 0 0 0
42.100 14 GPS 3 36037372 481374275 1386 229186 1282 -34 0 92662480 31 0
42.101 14 SVINFO 6 13 1 6 41 22 334
42.294 14 CALIBRATION -5.246877 0
42.294 14 DL_VALUE 39 0.
42.294 14 WP_MOVED 0 360326. 4813637. 260. 31
42.328 14 NAVIGATION 4 2 88.96875 147. 0. 171.826767 32 24 24 0 0 0
42.344 14 GPS 3 36037604 481374070 1315 229069 1291 -16 0 92662720 31 0
42.345 14 SVINFO 0 7 0 0 46 12 34
42.395 14 ENERGY 31 12.5 0.42636 5.329502 0.040806 0.510075
42.395 14 NAVIGATION 4 2 91.28125 145.5 0. 171.826767 32 24 24 0 0 0
42.395 14 ESTIMATOR 229.2146 -0.16
42.495 14 AIRSPEED 13.7 0. 0. 0.
42.495 14 ATTITUDE -0.601862 2.243173 0.060683
42.578 14 NAVIGATION 4 2 91.28125 145.5 0. 171.76297 33 25 25 0 0 0
42.595 14 GPS 3 36037862 481373894 1243 228959 1299 -30 0 92662959 31 0
42.595 14 SVINFO 1 8 0 1 45 1 84
42.678 14 COMMANDS 3100,3064,73,0
42.694 14 IR_SENSORS 0 0 32 -160 210
42.779 14 FBW_STATUS 2 0 1 12.5 0.443259
42.795 14 WP_MOVED 1 360284. 4813595. 260. 31
42.827 14 NAVIGATION 4 2 93.875 143.5 0. 171.47818 33 25 25 0 0 0
42.845 14 GPS 3 36038188 481373728 1146 228852 1310 -25 0 92663240 31 0
42.894 14 COMMANDS 3152,4766,72,0
42.895 14 ESTIMATOR 228.994812 -0.25
42.946 14 DESIRED 0.088219 0.063855 5.600823 -114.5 162.300003 235. 0.176424 13.
42.996 14 STATE_FILTER_STATUS 2 3 399
42.996 14 ATTITUDE -0.517826 1.96034 0.06096
43.045 14 CIRCLE 49.5 100.099998 80.
43.079 14 NAVIGATION 4 2 97.125 142. 0. 172.038559 33 25 25 0 0 0
43.098 14 GPS 3 36038484 481373619 1102 228795 1313 -28 0 92663480 31 0
43.195 14 PPRZ_MODE 2 3 2 2 0 6
43.295 14 ALIVE 158,87,147,219,247,235,138,154,89,223,120,51,202,91,226,10
43.296 14 WP_MOVED 2 360333.5 4813695. 235. 31
43.329 14 NAVIGATION 4 2 100.09375 141. 0. 172.915466 33 25 25 0 0 0
43.347 14 GPS 3 36038789 481373537 1049 228779 1316 3 0 92663720 31 0
43.396 14 NAVIGATION 4 2 103.125 140. 0. 172.915466 33 25 25 0 0 0
43.397 14 ESTIMATOR 228.814697 0.03
43.495 14 ENERGY 33 12.5 0.465777 5.822215 0.041629 0.520362
43.496 14 AIRSPEED 13.7 0. 0. 0.
43.496 14 ATTITUDE -0.388932 1.797588 0.055221
43.578 14 NAVIGATION 4 2 103.125 140. 0. 173.88147 34 26 26 0 0 0
43.595 14 FBW_STATUS 2 0 1 12.5 0.46737
43.595 14 GPS 3 36039100 481373480 1004 228803 1317 14 0 92663959 31 0
43.696 14 GPS_SOL 629 629 629 7
43.795 14 DL_VALUE 40 0.
43.795 14 WP_MOVED 3 360461.40625 4813640. 215. 31
43.828 14 NAVIGATION 4 2 106.25 139. 0. 174.957321 34 26 26 0 0 0
43.845 14 GPS 3 36039466 481373439 952 228872 1314 20 0 92664240 31 0
43.845 14 SVINFO 6 13 1 6 40 19 335
43.895 14 IR_SENSORS 0 0 34 -90 247
43.896 14 ESTIMATOR 228.85733 0.2
43.994 14 DATALINK_REPORT 10 7 1515 538 0 0
43.995 14 DESIRED 0.84098 0.036996 5.600823 -114.5 162.300003 235. 0.185482 13.
43.995 14 ATTITUDE -0.26613 1.635988 0.04844
44.079 14 NAVIGATION 4 2 109.875 139. 0. 177.182159 34 26 26 0 0 0
44.095 14 CIRCLE 49.5 100.099998 80.
44.095 14 GPS 3 36039780 481373423 930 228960 1310 36 0 92664480 31 0
44.295 14 WP_MOVED 4 360312.8125 4813652. 185. 31
44.329 14 NAVIGATION 4 2 113.0625 138.5 0. 178.788651 34 26 26 0 0 0
44.345 14 GPS 3 36040094 481373419 907 229063 1305 18 0 92664720 31 0
44.394 14 CALIBRATION -31.235003 0
44.395 14 NAVIGATION 4 2 116.21875 138.5 0. 178.788651 34 26 26 0 0 0
44.395 14 ESTIMATOR 229.024261 0.18
44.494 14 AIRSPEED 13.7 0. 0. 0.
44.495 14 ATTITUDE -0.136054 1.560681 0.03995
44.534 14 WIND_INFO 14 5 -0. 0.4 0. 13.2
44.578 14 NAVIGATION 4 2 116.21875 138.5 0. 180.801132 35 27 27 0 0 0
44.594 14 ENERGY 33 12.5 0.461713 5.771409 0.042481 0.531006
44.594 14 GPS 3 36040406 481373424 889 229175 1299 14 0 92664959 31 0
44.595 14 SVINFO 2 9 0 2 44 34 135
44.778 14 FBW_STATUS 2 0 1 12.5 0.462242
44.795 14 WP_MOVED 5 360452.8125 4813581. 260. 31
44.828 14 NAVIGATION 4 2 119.34375 139. 0. 183.204605 35 27 27 0 0 0
44.845 14 GPS 3 36040768 481373438 875 229307 1292 30 0 92665240 31 0
44.845 14 SVINFO 3 10 0 3 43 76 185
44.895 14 ESTIMATOR 229.176559 0.3
44.994 14 ATTITUDE -0.013068 1.559808 0.033811
45.044 14 DESIRED 1.025457 0.009466 5.600823 -114.5 162.300003 235. 0.177107 13.
45.078 14 NAVIGATION 4 2 122.9375 139. 0. 185.565704 35 27 27 0 0 0
45.095 14 IR_SENSORS 0 0 32 -12 263
45.095 14 GPS 3 36041077 481373452 874 229414 1289 27 0 92665480 31 0
45.096 14 SVINFO 4 11 0 4 42 88 235
45.145 14 CIRCLE 49.5 100.099998 80.
45.295 14 DL_VALUE 41 0.
45.296 14 WP_MOVED 6 360169.5 4813757.5 260. 31
45.328 14 NAVIGATION 4 2 126. 139. 0. 187.608643 35 27 27 0 0 0
45.345 14 GPS 3 36041385 481373465 876 229511 1285 17 0 92665720 31 0
45.345 14 SVINFO 5 12 1 5 41 60 285
45.396 14 NAVIGATION 4 2 129.09375 139. 0. 187.608643 35 27 27 0 0 0
45.397 14 ESTIMATOR 229.399399 0.17
45.496 14 AIRSPEED 13.2 0. 0. 0.
45.496 14 ATTITUDE 0.112221 1.561158 0.026311
45.579 14 NAVIGATION 4 2 129.09375 139. 0. 189.700272 36 28 28 0 0 0
45.599 14 FBW_STATUS 2 0 1 12.5 0.455367
45.599 14 GPS 3 36041693 481373472 885 229594 1283 -3 0 92665959 31 0
45.696 14 NAVIGATION_REF 360284 4813595 31 185.
45.697 14 GPS_SOL 616 616 616 7
45.698 14 ENERGY 33 12.5 0.45889 5.736126 0.04332 0.541502
45.795 14 WP_MOVED 7 360284.5 4813704. 235. 31
45.828 14 NAVIGATION 4 2 132.15625 139. 0. 191.797485 36 28 28 0 0 0
45.845 14 GPS 3 36042052 481373471 909 229670 1282 0 0 92666240 31 0
45.845 14 SVINFO 0 7 0 0 45 8 36
45.895 14 ESTIMATOR 229.523972 0.
45.994 14 ATTITUDE 0.234211 1.617836 0.023813
46.079 14 NAVIGATION 4 2 135.78125 139. 0. 194.313019 36 28 28 0 0 0
46.097 14 DESIRED 1.05564 0.035785 5.600823 -114.5 162.300003 235. 0.164281 13.
46.098 14 GPS 3 36042360 481373456 927 229716 1283 -2 0 92666480 31 0
46.099 14 SVINFO 1 8 1 1 44 3 86
46.195 14 CIRCLE 49.5 100.099998 80.
46.295 14 IR_SENSORS 0 0 28 66 256
46.295 14 WP_MOVED 8 360269.1875 4813753. 235. 31
46.329 14 NAVIGATION 4 2 138.84375 139. 0. 196.465225 36 28 28 0 0 0
46.345 14 GPS 3 36042667 481373425 956 229746 1286 -2 0 92666720 31 0
46.345 14 SVINFO 2 9 1 2 43 37 136
46.395 14 NAVIGATION 4 2 141.9375 139. 0. 196.465225 36 28 28 0 0 0
46.395 14 ESTIMATOR 229.613968 -0.02
46.495 14 CALIBRATION -38.821831 0
46.495 14 AIRSPEED 13.2 0. 0. 0.
46.495 14 ATTITUDE 0.36662 1.70079 0.023391
46.578 14 NAVIGATION 4 2 141.9375 139. 0. 198.663666 37 29 29 0 0 0
46.595 14 GPS 3 36042973 481373375 993 229760 1289 -5 0 92666959 31 0
46.597 14 SVINFO 3 10 1 3 42 78 186
46.778 14 FBW_STATUS 2 0 1 12.5 0.476061
46.796 14 DL_VALUE 42 0.
46.796 14 ENERGY 34 12.5 0.476061 5.950767 0.044176 0.552204
46.796 14 WP_MOVED 9 360459.6875 4813680. 235. 31
46.829 14 NAVIGATION 4 2 144.96875 138.5 0. 200.494858 37 29 29 0 0 0
46.845 14 GPS 3 36043324 481373287 1056 229758 1296 -18 0 92667240 31 0
46.846 14 SVINFO 4 11 0 4 41 88 236
46.896 14 ESTIMATOR 229.666809 -0.18
46.995 14 ATTITUDE 0.487582 1.874169 0.03249
47.078 14 NAVIGATION 4 2 148.5 137.5 0. 202.382065 37 29 29 0 0 0
47.095 14 GPS 3 36043618 481373182 1097 229740 1300 -22 0 92667480 31 0
47.096 14 SVINFO 5 12 1 5 40 57 286
47.145 14 DESIRED 1.041483 0.062841 5.600823 -114.5 162.300003 235. 0.159996 13.
47.245 14 CIRCLE 49.5 100.099998 80.
47.294 14 WP_MOVED 10 360424. 4813592.5 235. 31
47.327 14 NAVIGATION 4 2 151.40625 136.5 0. 203.853134 37 29 29 0 0 0
47.345 14 GPS 3 36043901 481373046 1157 229707 1307 -47 0 92667720 31 0
47.346 14 SVINFO 6 13 1 6 39 14 337
47.394 14 NAVIGATION 4 2 154.25 135. 0. 203.853134 37 29 29 0 0 0
47.394 14 ESTIMATOR 229.625397 -0.47
47.494 14 IR_SENSORS 0 0 31 136 226
47.494 14 AIRSPEED 13.2 0. 0. 0.
47.494 14 ATTITUDE 0.604552 2.04658 0.049051
47.578 14 NAVIGATION 4 2 154.25 135. 0. 204.983078 38 30 30 0 0 0
47.595 14 FBW_STATUS 2 0 1 12.5 0.513896
47.596 14 GPS 3 36044167 481372876 1224 229660 1315 -65 0 92667959 31 0
47.678 14 COMMANDS 3574,3219,211,0
47.695 14 GPS_SOL 603 603 603 7
47.797 14 WP_MOVED 11 360234.40625 4813661.5 235. 31
47.828 14 NAVIGATION 4 2 156.9375 133. 0. 205.71431 38 30 30 0 0 0
47.844 14 GPS 3 36044451 481372638 1323 229603 1328 -82 0 92668240 31 0
47.895 14 COMMANDS 3686,3185,161,0
47.896 14 ENERGY 38 12.5 0.541374 6.767173 0.045096 0.563701
47.896 14 ESTIMATOR 229.440643 -0.82
47.995 14 STATE_FILTER_STATUS 2 3 395
47.996 14 ATTITUDE 0.604552 2.33172 0.057727
48.078 14 NAVIGATION 4 2 159.78125 131. 0. 206.618118 38 30 30 0 0 0
48.098 14 GPS 3 36044667 481372401 1375 229566 1335 -70 0 92668480 31 0
48.195 14 PPRZ_MODE 2 3 2 2 0 6
48.196 14 DESIRED 1.018894 0.071313 5.600823 -114.5 162.300003 235. 0.166781 13.
48.295 14 ALIVE 158,87,147,219,247,235,138,154,89,223,120,51,202,91,226,10
48.295 14 DL_VALUE 43 0.
48.295 14 CIRCLE 49.5 100.099998 80.
48.295 14 WP_MOVED 0 360326. 4813637. 260. 31
48.327 14 NAVIGATION 4 2 161.9375 128.5 0. 206.726883 38 30 30 0 0 0
48.346 14 GPS 3 36044855 481372139 1444 229548 1344 -48 0 92668720 31 0
48.395 14 NAVIGATION 4 2 163.8125 126. 0. 206.726883 38 30 30 0 0 0
48.395 14 ESTIMATOR 229.248978 -0.48
48.495 14 AIRSPEED 13.2 0. 0. 0.
48.495 14 ATTITUDE 0.604552 2.537755 0.06638
48.579 14 NAVIGATION 4 2 163.8125 126. 0. 206.665268 39 31 31 0 0 0
48.595 14 CALIBRATION -114.056786 0
48.596 14 GPS 3 36045011 481371854 1512 229550 1352 -41 0 92668959 31 0
48.696 14 IR_SENSORS 0 0 36 136 226
48.778 14 FBW_STATUS 2 0 1 12.5 0.604647
48.794 14 WP_MOVED 1 360284. 4813595. 260. 31
48.827 14 NAVIGATION 4 2 165.375 123. 0. 206.101654 39 31 31 0 0 0
48.845 14 GPS 3 36045150 481371500 1609 229579 1362 -24 0 92669240 31 0
48.846 14 SVINFO 5 12 1 5 39 54 287
48.896 14 ESTIMATOR 229.248856 -0.24
48.996 14 ENERGY 42 12.5 0.611425 7.642813 0.046165 0.577057
48.996 14 ATTITUDE 0.604552 2.817694 0.075011
49.078 14 NAVIGATION 4 2 166.78125 119.5 0. 205.173676 39 31 31 0 0 0
49.095 14 DATALINK_REPORT 5 8 1648 557 0 0
49.095 14 GPS 3 36045229 481371182 1659 229626 1365 -7 0 92669480 31 0
49.095 14 SVINFO 6 13 1 6 38 12 338
49.194 14 AUTOPILOT_VERSION 51500 v5.15_devel-179-g9a29798-dirty
49.246 14 DESIRED 0.954657 0.071601 5.600823 -114.5 162.300003 235. 0.172534 13.
49.295 14 WP_MOVED 2 360333.5 4813695. 235. 31
49.328 14 NAVIGATION 4 2 167.53125 116. 0. 203.77124 39 31 31 0 0 0
49.345 14 CIRCLE 49.5 100.099998 80.
49.345 14 GPS 3 36045271 481370856 1727 229690 1369 13 0 92669720 31 0
49.346 14 SVINFO 0 7 0 0 44 4 38
49.395 14 NAVIGATION 4 2 167.96875 113. 0. 203.77124 39 31 31 0 0 0
49.395 14 ESTIMATOR 229.388107 0.13
49.495 14 AIRSPEED 13.2 0. 0. 0.
49.496 14 ATTITUDE 0.604552 3.018266 0.075011
49.579 14 NAVIGATION 4 2 167.96875 113. 0. 202.441345 40 32 32 0 0 0
49.595 14 FBW_STATUS 2 0 1 12.5 0.617277
49.595 14 GPS 3 36045274 481370526 1794 229766 1371 24 0 92669960 31 0
49.596 14 SVINFO 1 8 0 1 43 6 88
49.694 14 GPS_SOL 589 589 589 7
49.795 14 DL_VALUE 44 160.
49.795 14 WP_MOVED 3 360461.40625 4813640. 215. 31
49.827 14 NAVIGATION 4 2 167.96875 110. 0. 200.782227 40 32 32 0 0 0
49.844 14 GPS 3 36045229 481370145 1889 229868 1373 16 0 92670240 31 0
49.845 14 SVINFO 2 9 1 2 42 43 138
49.896 14 IR_SENSORS 0 0 38 136 226
49.896 14 ESTIMATOR 229.646103 0.16
49.996 14 ATTITUDE 0.604552 3.293867 0.079317
50.079 14 NAVIGATION 4 2 167.53125 106. 0. 198.24913 40 32 32 0 0 0
50.095 14 ENERGY 42 12.5 0.613877 7.673466 0.047293 0.59116
50.095 14 GPS 3 36045149 481369825 1940 229963 1373 21 0 92670480 31 0
50.095 14 SVINFO 3 10 1 3 41 82 188
50.294 14 DESIRED 0.766023 0.071005 5.600823 -114.5 162.300003 235. 0.160617 13.
50.295 14 WP_MOVED 4 360312.8125 4813652. 185. 31
50.328 14 NAVIGATION 4 2 166.71875 102.5 0. 195.707413 40 32 32 0 0 0
50.345 14 GPS 3 36045032 481369517 2007 230060 1372 5 0 92670720 31 0
50.345 14 SVINFO 4 11 1 4 40 85 238
50.394 14 CIRCLE 49.5 100.099998 80.
50.395 14 NAVIGATION 4 2 165.5625 99.5 0. 195.707413 40 32 32 0 0 0
50.395 14 ESTIMATOR 229.874054 0.05
50.495 14 AIRSPEED 13.2 0. 0. 0.
50.495 14 ATTITUDE 0.604552 3.493401 0.075011
50.578 14 NAVIGATION 4 2 165.5625 99.5 0. 193.161057 41 33 33 0 0 0
50.596 14 GPS 3 36044880 481369225 2074 230159 1372 26 0 92670960 31 0
50.695 14 CALIBRATION -131.430573 0
50.778 14 FBW_STATUS 2 0 1 12.5 0.608975
50.796 14 WP_MOVED 5 360452.8125 4813581. 260. 31
50.828 14 NAVIGATION 4 2 164.0625 96.5 0. 190.338531 41 33 33 0 0 0
50.845 14 GPS 3 36044661 481368909 2169 230273 1372 31 0 92671240 31 0
50.894 14 ESTIMATOR 230.086166 0.31
50.995 14 ATTITUDE 0.604552 3.769777 0.075011
51.079 14 NAVIGATION 4 2 161.84375 93.5 0. 186.910797 41 33 33 0 0 0
51.095 14 IR_SENSORS 0 0 37 136 226
51.095 14 GPS 3 36044441 481368664 2220 230369 1371 33 0 92671480 31 0
51.095 14 SVINFO 0 7 0 0 43 3 39
51.195 14 ENERGY 41 12.5 0.600514 7.506424 0.04841 0.605122
51.294 14 DL_VALUE 45 0.
51.294 14 WP_MOVED 6 360169.5 4813757.5 260. 31
51.328 14 NAVIGATION 4 2 159.65625 91. 0. 183.769196 41 33 33 0 0 0
51.346 14 DESIRED 0.039777 0.065736 5.600823 -114.5 162.300003 235. 0.143507 13.
51.346 14 GPS 3 36044194 481368447 2286 230465 1370 24 0 92671720 31 0
51.347 14 SVINFO 1 8 1 1 42 8 89
51.396 14 NAVIGATION 4 2 157.15625 89. 0. 183.769196 41 33 33 0 0 0
51.396 14 ESTIMATOR 230.343964 0.24
51.445 14 CIRCLE 49.5 100.099998 80.
51.494 14 AIRSPEED 13.2 0. 0. 0.
51.495 14 ATTITUDE 0.523084 3.969218 0.064109
51.578 14 NAVIGATION 4 2 157.15625 89. 0. 180.607544 42 34 34 0 0 0
51.595 14 FBW_STATUS 2 0 1 12.5 0.595451
51.596 14 GPS 3 36043926 481368257 2346 230572 1369 18 0 92671960 31 0
51.596 14 SVINFO 2 9 0 2 41 47 139
51.694 14 GPS_SOL 574 574 574 7
51.797 14 WP_MOVED 7 360284.5 4813704. 235. 31
51.828 14 NAVIGATION 4 2 154.53125 87. 0. 177.338394 42 34 34 0 0 0
51.845 14 GPS 3 36043594 481368068 2419 230720 1365 30 0 92672240 31 0
51.845 14 SVINFO 3 10 1 3 40 84 189
51.896 14 ESTIMATOR 230.549438 0.3
51.995 14 ATTITUDE 0.400225 4.196878 0.056888
52.079 14 NAVIGATION 4 2 151.15625 85. 0. 173.41629 42 34 34 0 0 0
52.095 14 GPS 3 36043297 481367930 2451 230869 1362 34 0 92672480 31 0
52.096 14 SVINFO 4 11 1 4 39 84 239
52.295 14 IR_SENSORS 0 0 35 67 254
52.295 14 ENERGY 40 12.5 0.582748 7.284345 0.049497 0.618708
52.295 14 WP_MOVED 8 360269.1875 4813753. 235. 31
52.328 14 NAVIGATION 4 2 148.21875 84. 0. 170.366653 42 34 34 0 0 0
52.345 14 GPS 3 36042993 481367813 2488 231035 1357 35 0 92672720 31 0
52.345 14 SVINFO 5 12 1 5 38 47 289
52.395 14 DESIRED -0.724763 0.037765 5.600823 -114.5 162.300003 235. 0.129383 13.
52.396 14 NAVIGATION 4 2 145.15625 82.5 0. 170.366653 42 34 34 0 0 0
52.396 14 ESTIMATOR 230.839691 0.35
52.494 14 CIRCLE 49.5 100.099998 80.
52.495 14 AIRSPEED 13.2 0. 0. 0.
52.495 14 ATTITUDE 0.269156 4.316349 0.047569
52.578 14 NAVIGATION 4 2 145.15625 82.5 0. 166.96283 43 35 35 0 0 0
52.596 14 GPS 3 36042685 481367712 2519 231212 1351 46 0 92672960 31 0
52.597 14 SVINFO 6 13 0 6 37 8 340
52.678 14 COMMANDS 3821,-7789,-195,0
52.779 14 FBW_STATUS 2 0 1 12.5 0.566592
52.795 14 CALIBRATION -109.875923 0
52.796 14 DL_VALUE 46 0.32
52.796 14 WP_MOVED 9 360459.6875 4813680. 235. 31
52.829 14 NAVIGATION 4 2 142.09375 81.5 0. 163.807449 43 35 35 0 0 0
52.845 14 GPS 3 36042322 481367612 2553 231425 1342 63 0 92673240 31 0
52.895 14 COMMANDS 3758,-7860,-213,0
52.895 14 ESTIMATOR 231.19487 0.63
52.995 14 STATE_FILTER_STATUS 2 3 318
52.996 14 ATTITUDE 0.146605 4.428815 0.041783
53.078 14 NAVIGATION 4 2 138.4375 80.5 0. 160.141159 43 35 35 0 0 0
53.096 14 GPS 3 36042010 481367537 2564 231607 1337 60 0 92673480 31 0
53.196 14 PPRZ_MODE 2 3 2 2 0 6
53.295 14 ALIVE 158,87,147,219,247,235,138,154,89,223,120,51,202,91,226,10
53.295 14 WP_MOVED 10 360424. 4813592.5 235. 31
53.328 14 NAVIGATION 4 2 135.34375 80. 0. 157.219376 43 35 35 0 0 0
53.345 14 GPS 3 36041698 481367468 2575 231783 1330 60 0 92673720 31 0
53.396 14 ENERGY 37 12.5 0.53315 6.664377 0.050525 0.631564
53.396 14 NAVIGATION 4 2 132.21875 79. 0. 157.219376 43 35 35 0 0 0
53.396 14 ESTIMATOR 231.623077 0.6
53.446 14 DESIRED -0.94982 0.008751 5.600823 -114.5 162.300003 235. 0.107466 13.
53.496 14 IR_SENSORS 0 0 32 -11 263
53.496 14 AIRSPEED 13.2 0. 0. 0.
53.496 14 ATTITUDE 0.021031 4.466049 0.033811
53.545 14 CIRCLE 49.5 100.099998 80.
53.579 14 NAVIGATION 4 2 132.21875 79. 0. 154.022064 44 36 36 0 0 0
53.595 14 FBW_STATUS 2 0 1 12.5 0.523321
53.595 14 GPS 3 36041387 481367402 2580 231947 1324 72 0 92673960 31 0
53.694 14 GPS_SOL 559 559 559 7
53.796 14 WP_MOVED 11 360234.40625 4813661.5 235. 31
53.829 14 NAVIGATION 4 2 129.125 78.5 0. 151.114243 44 36 36 0 0 0
53.845 14 GPS 3 36041026 481367325 2576 232118 1315 63 0 92674240 31 0
53.845 14 SVINFO 4 11 1 4 38 82 240
53.895 14 ESTIMATOR 232.028656 0.63
53.995 14 ATTITUDE -0.101069 4.467968 0.023813
54.078 14 NAVIGATION 4 2 125.5 78. 0. 147.764175 44 36 36 0 0 0
54.095 14 GPS 3 36040719 481367254 2570 232242 1312 55 0 92674480 31 0
54.097 14 SVINFO 5 12 1 5 37 44 290
54.195 14 DATALINK_REPORT 10 8 1782 561 0 0
54.294 14 DL_VALUE 47 0.
54.295 14 WP_MOVED 0 360326. 4813637. 260. 31
54.330 14 NAVIGATION 4 2 122.4375 77. 0. 144.637268 44 36 36 0 0 0
54.346 14 GPS 3 36040415 481367176 2555 232343 1308 60 0 92674720 31 0
54.346 14 SVINFO 6 13 0 6 36 6 341
54.396 14 NAVIGATION 4 2 119.40625 76. 0. 144.637268 44 36 36 0 0 0
54.396 14 ESTIMATOR 232.339279 0.6
54.496 14 ENERGY 34 12.5 0.474285 5.928558 0.051446 0.643079
54.496 14 DESIRED -0.966408 0.028052 5.600823 -114.5 162.300003 235. 0.083985 13.
54.496 14 AIRSPEED 13.2 0. 0. 0.
54.496 14 ATTITUDE -0.228988 4.431385 0.019051
54.536 14 WIND_INFO 14 5 -0.3 -0.1 0. 13.5
54.579 14 NAVIGATION 4 2 119.40625 76. 0. 141.540985 45 37 37 0 0 0
54.595 14 CIRCLE 49.5 100.099998 80.
54.595 14 GPS 3 36040115 481367087 2534 232420 1305 44 0 92674960 31 0
54.596 14 SVINFO 0 7 0 0 42 1 41
54.694 14 NAVIGATION_REF 360284 4813595 31 185.
54.694 14 IR_SENSORS 0 0 27 -89 249
54.778 14 FBW_STATUS 2 0 1 12.5 0.464009
54.795 14 WP_MOVED 1 360284. 4813595. 260. 31
54.828 14 NAVIGATION 4 2 116.40625 75. 0. 138.475327 45 37 37 0 0 0
54.845 14 GPS 3 36039771 481366965 2491 232479 1302 14 0 92675240 31 0
54.845 14 SVINFO 1 8 0 1 41 12 91
54.896 14 CALIBRATION -49.540047 0
54.896 14 ESTIMATOR 232.555145 0.14
54.995 14 ATTITUDE -0.350012 4.346798 0.023844
55.079 14 NAVIGATION 4 2 112.96875 74.5 0. 135.322525 45 37 37 0 0 0
55.095 14 GPS 3 36039484 481366841 2466 232504 1302 5 0 92675480 31 0
55.096 14 SVINFO 2 9 1 2 40 53 141
55.294 14 WP_MOVED 2 360333.5 4813695. 235. 31
55.328 14 NAVIGATION 4 2 110.09375 73. 0. 132.097061 45 37 37 0 0 0
55.344 14 GPS 3 36039206 481366696 2423 232508 1304 -7 0 92675720 31 0
55.345 14 SVINFO 3 10 1 3 39 86 191
55.395 14 NAVIGATION 4 2 107.34375 71.5 0. 132.097061 45 37 37 0 0 0
55.395 14 ESTIMATOR 232.561874 -0.07
55.495 14 AIRSPEED 13.5 0. 0. 0.
55.495 14 ATTITUDE -0.48213 4.226283 0.031639
55.546 14 DESIRED -0.866727 0.054748 5.600823 -114.5 162.300003 235. 0.07296 13.
55.579 14 NAVIGATION 4 2 107.34375 71.5 0. 128.976471 46 38 38 0 0 0
55.596 14 FBW_STATUS 2 0 1 12.5 0.469318
55.596 14 ENERGY 34 12.5 0.469141 5.864257 0.052301 0.653759
55.597 14 GPS 3 36038942 481366526 2373 232490 1306 -8 0 92675960 31 0
55.644 14 CIRCLE 49.5 100.099998 80.
55.696 14 GPS_SOL 543 543 543 7
55.794 14 DL_VALUE 48 0.01
55.794 14 WP_MOVED 3 360461.40625 4813640. 215. 31
55.829 14 NAVIGATION 4 2 104.6875 70. 0. 125.934395 46 38 38 0 0 0
55.845 14 GPS 3 36038657 481366296 2284 232444 1314 -21 0 92676240 31 0
55.894 14 IR_SENSORS 0 0 28 -159 211
55.895 14 ESTIMATOR 232.493332 -0.21
55.995 14 ATTITUDE -0.601862 3.977262 0.046545
56.079 14 NAVIGATION 4 2 101.8125 67.5 0. 122.155785 46 38 38 0 0 0
56.095 14 GPS 3 36038437 481366068 2238 232382 1317 -31 0 92676480 31 0
56.295 14 WP_MOVED 4 360312.8125 4813652. 185. 31
56.328 14 NAVIGATION 4 2 99.625 65.5 0. 119.22831 46 38 38 0 0 0
56.345 14 GPS 3 36038247 481365814 2168 232312 1324 -31 0 92676720 31 0
56.345 14 SVINFO 0 7 0 0 41 0 42
56.395 14 NAVIGATION 4 2 97.71875 62.5 0. 119.22831 46 38 38 0 0 0
56.396 14 ESTIMATOR 232.338898 -0.31
56.495 14 AIRSPEED 13.5 0. 0. 0.
56.495 14 ATTITUDE -0.601862 3.771447 0.055976
56.578 14 NAVIGATION 4 2 97.71875 62.5 0. 115.996567 47 39 39 0 0 0
56.595 14 DESIRED -0.194711 0.066686 5.600823 -114.5 162.300003 235. 0.079833 13.
56.596 14 GPS 3 36038087 481365537 2099 232245 1331 -25 0 92676960 31 0
56.596 14 SVINFO 1 8 1 1 40 14 92
56.695 14 ENERGY 36 12.5 0.50361 6.295131 0.05319 0.664872
56.695 14 CIRCLE 49.5 100.099998 80.
56.779 14 FBW_STATUS 2 0 1 12.5 0.506673
56.794 14 WP_MOVED 5 360452.8125 4813581. 260. 31
56.828 14 NAVIGATION 4 2 96.125 60. 0. 113.313789 47 39 39 0 0 0
56.845 14 GPS 3 36037943 481365191 1999 232186 1340 -31 0 92677240 31 0
56.845 14 SVINFO 2 9 1 2 39 56 142
56.894 14 ESTIMATOR 232.192459 -0.31
56.995 14 CALIBRATION -78.800812 0
56.995 14 ATTITUDE -0.519908 3.470462 0.057175
57.079 14 NAVIGATION 4 2 94.6875 56.5 0. 110.263199 47 39 39 0 0 0
57.095 14 IR_SENSORS 0 0 32 -139 224
57.095 14 GPS 3 36037854 481364881 1960 232168 1342 -27 0 92677480 31 0
57.095 14 SVINFO 3 10 1 3 38 87 192
57.296 14 DL_VALUE 49 0.1
57.296 14 WP_MOVED 6 360169.5 4813757.5 260. 31
57.328 14 NAVIGATION 4 2 93.8125 53.5 0. 107.995537 47 39 39 0 0 0
57.345 14 GPS 3 36037794 481364564 1908 232189 1345 -13 0 92677720 31 0
57.345 14 SVINFO 4 11 1 4 37 79 242
57.395 14 NAVIGATION 4 2 93.15625 50.5 0. 107.995537 47 39 39 0 0 0
57.395 14 ESTIMATOR 232.093948 -0.13
57.496 14 AIRSPEED 13.5 0. 0. 0.
57.496 14 ATTITUDE -0.388932 3.310089 0.051085
57.578 14 NAVIGATION 4 2 93.15625 50.5 0. 105.963844 48 40 40 0 0 0
57.594 14 FBW_STATUS 2 0 1 12.5 0.530962
57.595 14 GPS 3 36037758 481364243 1863 232248 1345 2 0 92677960 31 0
57.595 14 SVINFO 5 12 0 5 36 38 292
57.645 14 DESIRED 0.735955 0.040977 5.600823 -114.5 162.300003 235. 0.087182 13.
57.678 14 COMMANDS 3605,8156,-94,0
57.694 14 GPS_SOL 528 528 528 7
57.756 14 CIRCLE 49.5 100.099998 80.
57.796 14 ENERGY 37 12.5 0.530233 6.627917 0.054145 0.676816
57.797 14 WP_MOVED 7 360284.5 4813704. 235. 31
57.829 14 NAVIGATION 4 2 92.84375 47. 0. 104.062302 48 40 40 0 0 0
57.845 14 GPS 3 36037742 481363868 1809 232357 1341 9 0 92678240 31 0
57.846 14 SVINFO 6 13 1 6 35 3 343
57.895 14 COMMANDS 3605,8576,-127,0
57.896 14 ESTIMATOR 232.176743 0.09
57.994 14 STATE_FILTER_STATUS 2 3 368
57.995 14 ATTITUDE -0.269723 3.136435 0.044496
58.078 14 NAVIGATION 4 2 92.6875 43. 0. 102.176186 48 40 40 0 0 0
58.095 14 GPS 3 36037747 481363546 1790 232477 1338 31 0 92678480 31 0
58.194 14 PPRZ_MODE 2 3 2 2 0 6
58.295 14 ALIVE 158,87,147,219,247,235,138,154,89,223,120,51,202,91,226,10
58.295 14 IR_SENSORS 0 0 33 -65 255
58.296 14 WP_MOVED 8 360269.1875 4813753. 235. 31
58.328 14 NAVIGATION 4 2 92.71875 40. 0. 100.979042 48 40 40 0 0 0
58.345 14 GPS 3 36037765 481363227 1767 232611 1333 34 0 92678720 31 0
58.395 14 NAVIGATION 4 2 92.875 37. 0. 100.979042 48 40 40 0 0 0
58.395 14 ESTIMATOR 232.41568 0.34
58.495 14 AIRSPEED 13.5 0. 0. 0.
58.495 14 ATTITUDE -0.136054 3.061991 0.036134
58.579 14 NAVIGATION 4 2 92.875 37. 0. 99.973824 49 41 41 0 0 0
58.595 14 GPS 3 36037793 481362910 1750 232753 1327 21 0 92678960 31 0
58.695 14 DESIRED 1.00915 0.012782 5.600823 -114.5 162.300003 235. 0.07753 13.
58.780 14 FBW_STATUS 2 0 1 12.5 0.512269
58.795 14 DL_VALUE 50 0.
58.796 14 CIRCLE 49.5 100.099998 80.
58.796 14 WP_MOVED 9 360459.6875 4813680. 235. 31
58.828 14 NAVIGATION 4 2 93.15625 33.5 0. 98.996651 49 41 41 0 0 0
58.845 14 GPS 3 36037832 481362542 1735 232918 1318 31 0 92679240 31 0
58.845 14 SVINFO 3 10 1 3 37 88 193
58.895 14 ENERGY 36 12.5 0.508296 6.353702 0.0551 0.688752
58.895 14 ESTIMATOR 232.695099 0.31
58.996 14 ATTITUDE -0.016847 3.006236 0.030063
59.079 14 NAVIGATION 4 2 93.5625 30. 0. 98.254471 49 41 41 0 0 0
59.095 14 CALIBRATION -76.559891 0
59.095 14 GPS 3 36037868 481362228 1734 233052 1315 37 0 92679480 31 0
59.095 14 SVINFO 4 11 0 4 36 77 243
59.294 14 DATALINK_REPORT 5 9 1916 554 0 0
59.295 14 WP_MOVED 10 360424. 4813592.5 235. 31
59.327 14 NAVIGATION 4 2 93.9375 27. 0. 97.740746 49 41 41 0 0 0
59.346 14 GPS 3 36037903 481361916 1736 233173 1310 35 0 92679720 31 0
59.346 14 SVINFO 5 12 0 5 35 35 293
59.395 14 NAVIGATION 4 2 94.28125 23.5 0. 97.740746 49 41 41 0 0 0
59.396 14 ESTIMATOR 232.997559 0.35
59.494 14 IR_SENSORS 0 0 29 13 264
59.495 14 AIRSPEED 13.5 0. 0. 0.
59.495 14 ATTITUDE 0.112035 3.007181 0.022143
59.578 14 NAVIGATION 4 2 94.28125 23.5 0. 97.165855 50 42 42 0 0 0
59.596 14 FBW_STATUS 2 0 1 12.5 0.487289
59.596 14 GPS 3 36037933 481361603 1745 233278 1306 42 0 92679960 31 0
59.597 14 SVINFO 6 13 1 6 34 2 344
59.695 14 GPS_SOL 512 512 512 7
59.761 14 DESIRED 1.06629 0.021032 5.600823 -114.5 162.300003 235. 0.060073 13.
59.796 14 WP_MOVED 11 360234.40625 4813661.5 235. 31
59.828 14 NAVIGATION 4 2 94.5625 20.5 0. 96.759064 50 42 42 0 0 0
59.845 14 CIRCLE 49.5 100.099998 80.
59.845 14 GPS 3 36037958 481361239 1769 233377 1303 30 0 92680240 31 0
59.845 14 SVINFO 0 7 0 0 40 0 44
59.896 14 ESTIMATOR 233.274918 0.3
59.995 14 ENERGY 34 12.5 0.474817 5.935217 0.056001 0.700009
59.995 14 ATTITUDE 0.230474 3.064728 0.016209
60.077 14 NAVIGATION 4 2 94.84375 17. 0. 96.355263 50 42 42 0 0 0
60.096 14 GPS 3 36037966 481360927 1785 233439 1302 28 0 92680480 31 0
60.098 14 SVINFO 1 8 1 1 39 19 94
60.295 14 AUTOPILOT_VERSION 51500 v5.15_devel-179-g9a29798-dirty
60.295 14 DL_VALUE 51 0.15
60.296 14 WP_MOVED 0 360326. 4813637. 260. 31
60.328 14 NAVIGATION 4 2 94.9375 14. 0. 95.964203 50 42 42 0 0 0
60.344 14 GPS 3 36037958 481360614 1814 233482 1301 25 0 92680720 31 0
60.344 14 SVINFO 2 9 1 2 38 62 144
60.395 14 NAVIGATION 4 2 94.84375 10.5 0. 95.964203 50 42 42 0 0 0
60.396 14 ESTIMATOR 233.452866 0.25
60.494 14 AIRSPEED 13.5 0. 0. 0.
60.495 14 ATTITUDE 0.363003 3.143399 0.019469
60.579 14 NAVIGATION 4 2 94.84375 10.5 0. 95.423203 51 43 43 0 0 0
60.597 14 GPS 3 36037931 481360303 1850 233504 1302 16 0 92680960 31 0
60.695 14 IR_SENSORS 0 0 27 91 248
60.779 14 FBW_STATUS 2 0 1 12.5 0.460301
60.795 14 DESIRED 1.055373 0.047623 5.600823 -114.5 162.300003 235. 0.046414 13.
60.795 14 WP_MOVED 1 360284. 4813595. 260. 31
60.828 14 NAVIGATION 4 2 94.5625 7.5 0. 94.859459 51 43 43 0 0 0
60.845 14 GPS 3 36037869 481359943 1916 233507 1304 1 0 92681240 31 0
60.894 14 CIRCLE 49.5 100.099998 80.
60.895 14 ESTIMATOR 233.540771 0.01
60.994 14 ATTITUDE 0.484132 3.32417 0.028398
61.078 14 NAVIGATION 4 2 93.9375 4. 0. 94.022621 51 43 43 0 0 0
61.095 14 ENERGY 33 12.5 0.461889 5.773616 0.056853 0.71066
61.095 14 GPS 3 36037787 481359641 1952 233489 1306 -3 0 92681480 31 0
61.196 14 CALIBRATION -52.27375 0
61.295 14 WP_MOVED 2 360333.5 4813695. 235. 31
61.328 14 NAVIGATION 4 2 93.125 1. 0. 93.130371 51 43 43 0 0 0
61.345 14 GPS 3 36037673 481359348 2011 233452 1309 -13 0 92681720 31 0
61.396 14 NAVIGATION 4 2 91.96875 -2. 0. 93.130371 51 43 43 0 0 0
61.396 14 ESTIMATOR 233.503876 -0.13
61.495 14 AIRSPEED 13.5 0. 0. 0.
61.495 14 ATTITUDE 0.602603 3.492124 0.044131
61.578 14 NAVIGATION 4 2 91.96875 -2. 0. 91.990494 52 44 44 0 0 0
61.595 14 FBW_STATUS 2 0 1 12.5 0.469318
61.595 14 GPS 3 36037526 481359069 2078 233396 1314 -19 0 92681960 31 0
61.596 14 SVINFO 0 7 0 0 39 0 45
61.694 14 GPS_SOL 496 496 496 7
61.795 14 DL_VALUE 52 0.05
61.796 14 WP_MOVED 3 360461.40625 4813640. 215. 31
61.828 14 NAVIGATION 4 2 90.53125 -5. 0. 90.66922 52 44 44 0 0 0
61.845 14 DESIRED 1.028628 0.065296 5.600823 -114.5 162.300003 235. 0.04644 13.
61.845 14 GPS 3 36037311 481358768 2183 233323 1323 -27 0 92682240 31 0
61.845 14 SVINFO 1 8 1 1 38 21 95
61.894 14 IR_SENSORS 0 0 32 136 226
61.895 14 ESTIMATOR 233.38356 -0.27
61.946 14 CIRCLE 49.5 100.099998 80.
61.995 14 ATTITUDE 0.604552 3.798142 0.053391
62.077 14 NAVIGATION 4 2 88.375 -7.5 0. 88.692673 52 44 44 0 0 0
62.095 14 GPS 3 36037094 481358535 2230 233267 1326 -36 0 92682480 31 0
62.096 14 SVINFO 2 9 1 2 37 65 145
62.196 14 ENERGY 35 12.5 0.489076 6.113456 0.057719 0.721483
62.295 14 WP_MOVED 4 360312.8125 4813652. 185. 31
62.327 14 NAVIGATION 4 2 86.21875 -10. 0. 86.79673 52 44 44 0 0 0
62.345 14 GPS 3 36036850 481358330 2299 233222 1330 -41 0 92682720 31 0
62.346 14 SVINFO 3 10 1 3 36 89 195
62.395 14 NAVIGATION 4 2 83.71875 -12. 0. 86.79673 52 44 44 0 0 0
62.395 14 ESTIMATOR 233.215652 -0.41
62.495 14 AIRSPEED 13.5 0. 0. 0.
62.495 14 ATTITUDE 0.604552 4.004809 0.062056
62.578 14 NAVIGATION 4 2 83.71875 -12. 0. 84.574402 53 45 45 0 0 0
62.596 14 GPS 3 36036581 481358155 2368 233193 1335 -33 0 92682960 31 0
62.597 14 SVINFO 4 11 1 4 35 72 245
62.678 14 COMMANDS 3497,2938,-8,0
62.780 14 FBW_STATUS 2 0 1 12.5 0.513173
62.796 14 WP_MOVED 5 360452.8125 4813581. 260. 31
62.828 14 NAVIGATION 4 2 81.0625 -14. 0. 82.262558 53 45 45 0 0 0
62.844 14 GPS 3 36036243 481357993 2472 233178 1340 -28 0 92683240 31 0
62.845 14 SVINFO 5 12 1 5 34 29 295
62.896 14 COMMANDS 3538,2818,-7,0
62.896 14 DESIRED 0.980389 0.065774 5.600823 -114.5 162.300003 235. 0.05599 13.
62.896 14 ESTIMATOR 233.083755 -0.28
62.996 14 STATE_FILTER_STATUS 2 3 397
62.997 14 CIRCLE 49.5 100.099998 80.
62.997 14 ATTITUDE 0.604552 4.313235 0.06638
63.079 14 NAVIGATION 4 2 77.6875 -15.5 0. 79.218666 53 45 45 0 0 0
63.095 14 IR_SENSORS 0 0 36 136 226
63.095 14 GPS 3 36035937 481357892 2518 233181 1341 -31 0 92683480 31 0
63.096 14 SVINFO 6 13 1 6 33 0 346
63.194 14 PPRZ_MODE 2 3 2 2 0 6
63.294 14 ALIVE 158,87,147,219,247,235,138,154,89,223,120,51,202,91,226,10
63.295 14 CALIBRATION -92.558289 0
63.295 14 DL_VALUE 53 0.
63.295 14 ENERGY 37 12.5 0.530233 6.627917 0.058655 0.733193
63.295 14 WP_MOVED 6 360169.5 4813757.5 260. 31
63.329 14 NAVIGATION 4 2 74.625 -16.5 0. 76.427353 53 45 45 0 0 0
63.346 14 GPS 3 36035621 481357829 2586 233196 1343 -30 0 92683720 31 0
63.395 14 NAVIGATION 4 2 71.4375 -17.5 0. 76.427353 53 45 45 0 0 0
63.395 14 ESTIMATOR 233.034927 -0.3
63.494 14 AIRSPEED 13.5 0. 0. 0.
63.495 14 ATTITUDE 0.604552 4.517999 0.070698
63.578 14 NAVIGATION 4 2 71.4375 -17.5 0. 73.549751 54 46 46 0 0 0
63.595 14 FBW_STATUS 2 0 1 12.5 0.541008
63.596 14 GPS 3 36035299 481357804 2655 233221 1345 -23 0 92683960 31 0
63.696 14 NAVIGATION_REF 360284 4813595 31 185.
63.697 14 GPS_SOL 480 480 480 7
63.796 14 WP_MOVED 7 360284.5 4813704. 235. 31
63.828 14 NAVIGATION 4 2 68.25 -17.5 0. 70.457878 54 46 46 0 0 0
63.845 14 GPS 3 36034922 481357823 2758 233259 1348 -22 0 92684240 31 0
63.845 14 SVINFO 2 9 1 2 36 68 146
63.895 14 ESTIMATOR 233.0439 -0.22
63.944 14 DESIRED 0.841801 0.065934 5.600823 -114.5 162.300003 235. 0.05919 13.
63.995 14 ATTITUDE 0.604552 4.823867 0.070698
64.045 14 CIRCLE 49.5 100.099998 80.
64.078 14 NAVIGATION 4 2 64.4375 -17.5 0. 66.771561 54 46 46 0 0 0
64.096 14 GPS 3 36034604 481357882 2803 233298 1349 -23 0 92684480 31 0
64.098 14 SVINFO 3 10 0 3 35 89 196
64.295 14 IR_SENSORS 0 0 36 136 226
64.295 14 WP_MOVED 8 360269.1875 4813753. 235. 31
64.327 14 NAVIGATION 4 2 61.28125 -16.5 0. 63.463703 54 46 46 0 0 0
64.345 14 GPS 3 36034294 481357978 2872 233340 1350 2 0 92684720 31 0
64.345 14 SVINFO 4 11 1 4 34 69 246
64.395 14 DATALINK_REPORT 10 9 2054 577 0 0
64.395 14 ENERGY 39 12.5 0.556988 6.962348 0.059657 0.745718
64.395 14 NAVIGATION 4 2 58.21875 -15.5 0. 63.463703 54 46 46 0 0 0
64.395 14 ESTIMATOR 233.095413 0.02
64.495 14 AIRSPEED 13.5 0. 0. 0.
64.495 14 ATTITUDE 0.604552 5.026791 0.070698
64.537 14 WIND_INFO 14 5 -0.1 0.1 0. 13.4
64.578 14 NAVIGATION 4 2 58.21875 -15.5 0. 60.246765 55 47 47 0 0 0
64.595 14 GPS 3 36033950 481358135 2946 233393 1352 1 0 92685000 31 0
64.780 14 FBW_STATUS 2 0 1 12.5 0.558647
64.797 14 DL_VALUE 54 0.
64.798 14 WP_MOVED 9 360459.6875 4813680. 235. 31
64.829 14 NAVIGATION 4 2 54.78125 -14. 0. 56.541889 55 47 47 0 0 0
64.844 14 GPS 3 36033675 481358308 3042 233441 1354 13 0 92685240 31 0
64.894 14 ESTIMATOR 233.245651 0.13
64.996 14 DESIRED 0.418092 0.065711 5.600823 -114.5 162.300003 235. 0.054732 13.
64.996 14 ATTITUDE 0.604552 5.308499 0.070698
65.078 14 NAVIGATION 4 2 52. -12.5 0. 53.481304 55 47 47 0 0 0
65.094 14 CIRCLE 49.5 100.099998 80.
65.095 14 GPS 3 36033421 481358511 3088 233488 1354 7 0 92685480 31 0
65.095 14 SVINFO 0 7 0 0 38 0 47
65.296 14 WP_MOVED 10 360424. 4813592.5 235. 31
65.327 14 NAVIGATION 4 2 49.4375 -10.5 0. 50.540245 55 47 47 0 0 0
65.344 14 GPS 3 36033193 481358743 3154 233540 1354 -4 0 92685720 31 0
65.345 14 SVINFO 1 8 1 1 37 27 97
65.396 14 CALIBRATION -111.671532 0
65.396 14 NAVIGATION 4 2 47.15625 -8. 0. 50.540245 55 47 47 0 0 0
65.396 14 ESTIMATOR 233.398514 -0.04
65.495 14 IR_SENSORS 0 0 35 113 238
65.495 14 ENERGY 39 12.5 0.556619 6.957743 0.060678 0.75847
65.495 14 AIRSPEED 13.4 0. 0. 0.
65.495 14 ATTITUDE 0.506109 5.50519 0.058746
65.578 14 NAVIGATION 4 2 47.15625 -8. 0. 47.830032 56 48 48 0 0 0
65.595 14 FBW_STATUS 2 0 1 12.5 0.557725
65.595 14 GPS 3 36032990 481358997 3213 233609 1354 7 0 92685960 31 0
65.696 14 GPS_SOL 464 464 464 7
65.794 14 WP_MOVED 11 360234.40625 4813661.5 235. 31
65.828 14 NAVIGATION 4 2 45.15625 -5.5 0. 45.489964 56 48 48 0 0 0
65.845 14 GPS 3 36032783 481359314 3287 233717 1352 8 0 92686240 31 0
65.895 14 ESTIMATOR 233.52803 0.08
65.995 14 ATTITUDE 0.38698 5.740644 0.051829
66.045 14 DESIRED -0.445479 0.04064 5.600823 -114.5 162.300003 235. 0.046645 13.
66.079 14 NAVIGATION 4 2 43.09375 -2. 0. 43.140137 56 48 48 0 0 0
66.095 14 GPS 3 36032628 481359599 3315 233834 1349 34 0 92686480 31 0
66.144 14 CIRCLE 49.5 100.099998 80.
66.296 14 DL_VALUE 55 0.
66.296 14 WP_MOVED 0 360326. 4813637. 260. 31
66.329 14 NAVIGATION 4 2 41.53125 0.5 0. 41.53426 56 48 48 0 0 0
66.346 14 GPS 3 36032492 481359891 3351 233968 1345 31 0 92686720 31 0
66.346 14 SVINFO 5 12 1 5 33 23 297
66.395 14 NAVIGATION 4 2 40.15625 3.5 0. 41.53426 56 48 48 0 0 0
66.395 14 ESTIMATOR 233.773712 0.31
66.495 14 AIRSPEED 13.4 0. 0. 0.
66.495 14 ATTITUDE 0.254257 5.852642 0.043761
66.578 14 NAVIGATION 4 2 40.15625 3.5 0. 40.308491 57 49 49 0 0 0
66.595 14 ENERGY 37 12.5 0.536436 6.705452 0.061685 0.771067
66.595 14 GPS 3 36032372 481360190 3380 234115 1339 38 0 92686960 31 0
66.596 14 SVINFO 6 13 1 6 32 0 348
66.695 14 IR_SENSORS 0 0 33 37 261
66.779 14 FBW_STATUS 2 0 1 12.5 0.528048
66.795 14 WP_MOVED 1 360284. 4813595. 260. 31
66.829 14 NAVIGATION 4 2 38.96875 6.5 0. 39.507133 57 49 49 0 0 0
66.845 14 GPS 3 36032248 481360542 3413 234294 1330 65 0 92687240 31 0
66.845 14 SVINFO 0 7 0 0 37 1 48
66.895 14 ESTIMATOR 234.085953 0.65
66.995 14 ATTITUDE 0.13495 5.962082 0.037556
67.078 14 NAVIGATION 4 2 37.71875 10. 0. 39.021843 57 49 49 0 0 0
67.095 14 DESIRED -0.9301 0.01227 5.600823 -114.5 162.300003 235. 0.027421 13.
67.096 14 GPS 3 36032151 481360845 3422 234447 1325 56 0 92687480 31 0
67.096 14 SVINFO 1 8 1 1 36 30 98
67.196 14 CIRCLE 49.5 100.099998 80.
67.296 14 WP_MOVED 2 360333.5 4813695. 235. 31
67.328 14 NAVIGATION 4 2 36.78125 13. 0. 39.011028 57 49 49 0 0 0
67.345 14 GPS 3 36032060 481361148 3432 234592 1318 59 0 92687720 31 0
67.345 14 SVINFO 2 9 0 2 35 73 148
67.395 14 NAVIGATION 4 2 35.84375 16. 0. 39.011028 57 49 49 0 0 0
67.395 14 ESTIMATOR 234.478668 0.59
67.495 14 CALIBRATION -74.615768 0
67.495 14 AIRSPEED 13.4 0. 0. 0.
67.495 14 ATTITUDE 0.005859 5.996362 0.030063
67.578 14 NAVIGATION 4 2 35.84375 16. 0. 39.252701 58 50 50 0 0 0
67.597 14 FBW_STATUS 2 0 1 12.5 0.479619
67.597 14 GPS 3 36031971 481361450 3436 234725 1311 58 0 92687960 31 0
67.598 14 SVINFO 3 10 1 3 34 89 198
67.678 14 COMMANDS 3291,-7002,-266,0
67.694 14 GPS_SOL 448 448 448 7
67.695 14 ENERGY 34 12.5 0.474285 5.928558 0.062612 0.782647
67.796 14 DL_VALUE 56 0.
67.797 14 WP_MOVED 3 360461.40625 4813640. 215. 31
67.828 14 NAVIGATION 4 2 34.96875 19. 0. 39.797153 58 50 50 0 0 0
67.845 14 GPS 3 36031866 481361800 3430 234859 1303 36 0 92688240 31 0
67.845 14 SVINFO 4 11 1 4 33 64 248
67.895 14 COMMANDS 3246,-6646,-167,0
67.896 14 IR_SENSORS 0 0 29 -41 261
67.896 14 ESTIMATOR 234.812607 0.36
67.996 14 STATE_FILTER_STATUS 2 3 334
67.996 14 ATTITUDE -0.112279 5.992366 0.020012
68.078 14 NAVIGATION 4 2 33.875 22.5 0. 40.666515 58 50 50 0 0 0
68.096 14 GPS 3 36031772 481362097 3422 234950 1300 26 0 92688480 31 0
68.097 14 SVINFO 5 12 1 5 32 20 298
68.145 14 DESIRED -0.968719 0.016386 5.600823 -114.5 162.300003 235. 0.005622 13.
68.195 14 PPRZ_MODE 2 3 2 2 0 6
68.245 14 CIRCLE 49.5 100.099998 80.
68.302 14 ALIVE 158,87,147,219,247,235,138,154,89,223,120,51,202,91,226,10
68.303 14 WP_MOVED 4 360312.8125 4813652. 185. 31
68.329 14 NAVIGATION 4 2 32.96875 25.5 0. 41.679592 58 50 50 0 0 0
68.346 14 GPS 3 36031669 481362391 3406 235019 1296 -13 0 92688720 31 0
68.395 14 NAVIGATION 4 2 31.9375 28.5 0. 41.679592 58 50 50 0 0 0
68.395 14 ESTIMATOR 234.989853 -0.13
68.494 14 AIRSPEED 13.4 0. 0. 0.
68.495 14 ATTITUDE -0.244566 5.950624 0.015544
68.578 14 NAVIGATION 4 2 31.9375 28.5 0. 42.804836 59 51 51 0 0 0
68.594 14 GPS 3 36031554 481362680 3384 235064 1295 -40 0 92688960 31 0
68.781 14 FBW_STATUS 2 0 1 12.5 0.471268
68.796 14 ENERGY 34 12.5 0.471268 5.890846 0.06346 0.793252
68.796 14 WP_MOVED 5 360452.8125 4813581. 260. 31
68.829 14 NAVIGATION 4 2 30.78125 31.5 0. 44.042427 59 51 51 0 0 0
68.845 14 GPS 3 36031402 481363010 3337 235088 1297 -48 0 92689240 31 0
68.895 14 ESTIMATOR 234.936996 -0.48
68.995 14 ATTITUDE -0.36693 5.828901 0.020646
69.078 14 NAVIGATION 4 2 29.25 34.5 0. 45.230659 59 51 51 0 0 0
69.094 14 IR_SENSORS 0 0 26 -117 237
69.095 14 GPS 3 36031251 481363283 3311 235088 1300 -24 0 92689480 31 0
69.196 14 DESIRED -0.891859 0.04343 5.600823 -114.5 162.300003 235. 0.00189 13.
69.296 14 DL_VALUE 57 0.
69.299 14 CIRCLE 49.5 100.099998 80.
69.300 14 WP_MOVED 6 360169.5 4813757.5 260. 31
69.329 14 NAVIGATION 4 2 27.78125 37.5 0. 46.669559 59 51 51 0 0 0
69.345 14 GPS 3 36031079 481363545 3267 235070 1305 -22 0 92689720 31 0
69.396 14 NAVIGATION 4 2 26.0625 40. 0. 46.669559 59 51 51 0 0 0
69.396 14 ESTIMATOR 234.889175 -0.22
69.494 14 DATALINK_REPORT 5 10 2184 548 0 0
69.495 14 AIRSPEED 13.4 0. 0. 0.
69.495 14 ATTITUDE -0.495767 5.70489 0.028288
69.577 14 NAVIGATION 4 2 26.0625 40. 0. 47.741531 59 52 52 0 0 0
69.594 14 CALIBRATION -77.621254 0
69.595 14 FBW_STATUS 2 0 1 12.5 0.493552
69.595 14 GPS 3 36030884 481363792 3215 235035 1311 -31 0 92689960 31 0
69.695 14 GPS_SOL 433 433 433 7
69.795 14 WP_MOVED 7 360284.5 4813704. 235. 31
69.829 14 NAVIGATION 4 2 24.09375 42.5 0. 48.854465 60 52 52 0 0 0
69.845 14 GPS 3 36030623 481364053 3123 234975 1323 -41 0 92690240 31 0
69.896 14 ENERGY 36 12.5 0.504511 6.306383 0.064356 0.804447
69.896 14 ESTIMATOR 234.851135 -0.41
69.995 14 ATTITUDE -0.601862 5.451697 0.046545
70.078 14 NAVIGATION 4 2 21.5 45. 0. 49.872337 60 52 52 0 0 0
70.095 14 GPS 3 36030371 481364248 3077 234907 1327 -23 0 92690480 31 0
70.096 14 SVINFO 6 13 0 6 31 0 350
70.246 14 DESIRED -0.555022 0.062917 5.600823 -114.5 162.300003 235. 0.004466 13.
70.299 14 IR_SENSORS 0 0 29 -163 208
70.305 14 WP_MOVED 8 360269.1875 4813753. 235. 31
70.329 14 NAVIGATION 4 2 18.96875 47. 0. 50.683464 60 52 52 0 0 0
70.344 14 CIRCLE 49.5 100.099998 80.
70.345 14 GPS 3 36030096 481364413 3008 234837 1336 -23 0 92690720 31 0
70.345 14 SVINFO 0 7 0 0 36 3 50
70.394 14 NAVIGATION 4 2 16.21875 48.5 0. 50.683464 60 52 52 0 0 0
70.394 14 ESTIMATOR 234.758865 -0.23
70.495 14 AIRSPEED 13.4 0. 0. 0.
70.495 14 ATTITUDE -0.601862 5.248218 0.055976
70.578 14 NAVIGATION 4 2 16.21875 48.5 0. 51.139984 61 53 53 0 0 0
70.597 14 GPS 3 36029801 481364544 2939 234776 1343 -17 0 92690960 31 0
70.599 14 SVINFO 1 8 1 1 35 36 100
