84.132 2 NPS_RATE_ATTITUDE -0.064673 -0.047661 -0.115166 -0.018791 6.433496 -0.856996
84.133 2 NPS_POS_LLH 0.758751 0.758745 0.755398 0.022211 0.022211 372.76131 10396.762601 133.807164 318.807165
84.134 2 NPS_SPEED_POS 0.146969 -0.00061 -0.034019 18.747846 -0.267826 -2.30159 1223.736817 -21.516632 -137.762865
84.134 2 NPS_GYRO_BIAS 1.8e-05 5e-06 7e-06
84.134 2 NPS_SENSORS_SCALED 1.332773 -0. -9.656719 0.416184 0.014605 0.909163
84.134 2 NPS_WIND 0. 0. 0.
84.179 2 DL_VALUE 1 0.
84.179 2 DESIRED 0.04 0.2 0. 5. 1278. 500. 4. 15.
84.180 2 ATTITUDE 0.004224 -0.012464 0.129281
84.221 2 NAVIGATION 36 7 3.9 1225.5 74.5 1225.5 75 70 0 0 0 0
84.232 2 NPS_RATE_ATTITUDE -0.051444 -0.034218 -0.123906 -0.027657 6.427759 -0.872103
84.232 2 NPS_POS_LLH 0.758751 0.758745 0.755398 0.022211 0.022211 373.049593 10397.05087 134.087583 319.087583
84.232 2 NPS_SPEED_POS 0.144255 3.2e-05 -0.026931 18.766193 -0.272809 -2.30366 1226.081449 -21.550418 -138.050696
84.232 2 NPS_GYRO_BIAS 1.1e-05 4e-06 9e-06
84.232 2 NPS_SENSORS_SCALED 1.147666 0.111064 -9.733359 0.416272 0.014601 0.909123
84.233 2 NPS_WIND 0. 0. 0.
84.299 2 IMU_ACCEL 1.294922 -0.036133 -9.771484
84.300 2 ATTITUDE 0.004347 -0.012528 0.129388
84.333 2 NPS_RATE_ATTITUDE 0.192331 -0.026032 -0.139998 -0.021799 6.425682 -0.882107
84.333 2 NPS_POS_LLH 0.758751 0.758746 0.755398 0.022211 0.022211 373.222686 10397.223956 134.255955 319.255955
84.333 2 NPS_SPEED_POS 0.142119 0.004865 -0.027528 18.77698 -0.275897 -2.30497 1227.489319 -21.570995 -138.223518
84.333 2 NPS_GYRO_BIAS 1e-05 7e-06 9e-06
84.334 2 NPS_SENSORS_SCALED 1.221709 -0.074043 -9.733359 0.416302 0.014783 0.909106
84.334 2 NPS_WIND 0. 0. 0.
84.341 2 GPS 3 36028852 481481715 -8 318975 1876 230 1794 75208 31 0
84.381 2 IMU_GYRO 0.00415 0. -0.001953
84.382 2 WP_MOVED 0 360326. 4813634. 260.029999 31
84.383 2 DESIRED 0.04 0.2 0. 5. 1278. 500. 4. 15.
84.383 2 ATTITUDE 0.004748 -0.012684 0.129481
84.433 2 NPS_RATE_ATTITUDE 0.19893 0.024066 -0.136519 0.002196 6.425139 -0.899756
84.434 2 NPS_POS_LLH 0.758752 0.758746 0.755399 0.022211 0.022211 373.51142 10397.512676 134.536813 319.536813
84.434 2 NPS_SPEED_POS 0.138631 0.005119 -0.01954 18.794469 -0.280927 -2.307695 1229.837542 -21.605798 -138.511798
84.434 2 NPS_GYRO_BIAS 7e-06 1e-06 3e-06
84.434 2 NPS_SENSORS_SCALED 1.184687 -0.111064 -9.695039 0.416306 0.015323 0.909096
84.434 2 NPS_WIND 0. 0. 0.
84.463 2 NAVIGATION 36 7 3.9 1229. 129. 1229. 75 70 0 0 0 0
84.503 2 PPRZ_MODE 2 3 3 1 0 21
84.504 2 LINK_REPORT 2 -1 103 0 103553 3990 0 953. 36. 32 4.38
84.504 2 SEGMENT 5. 1300. 5. 1100.
84.505 2 ESTIMATOR 319.466492 2.31
84.506 2 ATTITUDE 0.005142 -0.012792 0.129635
84.534 2 NPS_RATE_ATTITUDE 39.797114 -110.884158 -0.950858 0.18798 5.933179 -0.918423
84.535 2 NPS_POS_LLH 0.758752 0.758746 0.755399 0.022211 0.022211 373.685746 10397.686994 134.706412 319.706412
84.535 2 NPS_SPEED_POS -5.091092 0.233511 -35.293826 18.756865 -0.283115 -2.392837 1231.247058 -21.626971 -138.685852
84.535 2 NPS_GYRO_BIAS 6e-06 -2e-06 3e-06
84.535 2 NPS_SENSORS_SCALED 0.518301 -0.074043 -8.775352 0.424091 0.018427 0.905432
84.535 2 NPS_WIND 0. 0. 0.
84.585 2 GPS 3 36028856 481482466 -9 319849 1886 128 1794 75608 31 0
84.586 2 DESIRED 0.61 -0.06 3.1 5. 1169. 300. -1.5 15.
84.586 2 ATTITUDE 0.103567 -0.011551 -0.02125
84.636 2 NPS_RATE_ATTITUDE 78.061621 -6.231137 2.973863 8.196774 -2.700819 -0.679204
84.636 2 NPS_POS_LLH 0.758752 0.758747 0.755399 0.022211 0.022211 373.874254 10397.87549 134.887022 319.887022
84.636 2 NPS_SPEED_POS 0.99971 -2.204366 11.543367 18.935822 -0.310075 -0.407827 1233.602317 -21.663872 -138.873904
84.636 2 NPS_GYRO_BIAS 1.1e-05 1e-06 3e-06
84.637 2 NPS_SENSORS_SCALED 1.25873 0.74043 3.71707 0.555279 0.131726 0.821166
84.637 2 NPS_WIND 0. 0. 0.
84.716 2 NAVIGATION 36 7 3.9 1232.5 129. 1229. 75 70 0 0 0 0
84.716 2 ATTITUDE 0.237085 -0.011607 -0.039042
84.736 2 NPS_RATE_ATTITUDE 71.086367 -16.780878 -3.682525 14.576423 -3.592662 -0.921389
84.736 2 NPS_POS_LLH 0.758753 0.758747 0.755399 0.022211 0.022211 373.872152 10397.873378 134.879616 319.879617
84.736 2 NPS_SPEED_POS 1.141421 2.61737 2.362976 19.0202 -0.249731 0.38562 1235.183821 -21.687662 -138.871495
84.736 2 NPS_GYRO_BIAS 1.1e-05 -4e-06 8e-06
84.736 2 NPS_SENSORS_SCALED 0.962559 0.370215 -2.529141 0.568094 0.222064 0.792437
84.736 2 NPS_WIND 0. 0. 0.
84.748 2 NAVIGATION 36 7 3.9 1232.5 132.5 1232.5 75 70 0 0 0 0
84.787 2 CALIBRATION -90. 0
84.787 2 ENERGY 34 12.5 4.192604 52.407551 0.291809 3.647613
84.788 2 AIRSPEED 22.6 0. 0. 0.
84.788 2 DESIRED 0.61 -0.03 3.1 5. 1172. 300. -1.5 15.
84.788 2 ATTITUDE 0.34881 -0.024459 -0.05935
84.830 2 GPS 3 36028858 481482846 -5 319833 1908 -84 1794 75808 31 0
84.836 2 NPS_RATE_ATTITUDE 45.244095 -3.465316 -0.954018 22.053846 -4.762941 -1.751241
84.837 2 NPS_POS_LLH 0.758753 0.758747 0.7554 0.022211 0.022211 373.771582 10397.772795 134.77105 319.77105
84.837 2 NPS_SPEED_POS 0.858831 1.691682 3.256433 19.132565 -0.127422 1.168984 1237.568721 -21.711568 -138.770462
84.837 2 NPS_GYRO_BIAS 1.5e-05 -1e-06 9e-06
84.838 2 NPS_SENSORS_SCALED 0.370215 -0.851494 -5.364844 0.584503 0.325805 0.743107
84.838 2 NPS_WIND 0. 0. 0.
84.912 2 WP_MOVED 1 360284. 4813592. 260.029999 31
84.912 2 ATTITUDE 0.424076 -0.027217 -0.064257
84.937 2 NPS_RATE_ATTITUDE 30.532554 0.036408 6.03659 25.226237 -4.967671 -1.655077
84.938 2 NPS_POS_LLH 0.758753 0.758748 0.7554 0.022211 0.022211 373.661124 10397.662328 134.655238 319.655238
84.938 2 NPS_SPEED_POS 0.762952 0.030467 1.588619 19.19306 0.005429 1.46414 1239.165678 -21.717055 -138.659693
84.938 2 NPS_GYRO_BIAS 1.6e-05 -2e-06 8e-06
84.938 2 NPS_SENSORS_SCALED 0.037021 -1.295752 -7.165898 0.587435 0.364753 0.722409
84.939 2 NPS_WIND 0. 0. 0.
84.994 2 NAVIGATION 36 7 3.9 1236.5 136.5 1236.5 75 71 1 0 0 0
84.995 2 IMU_GYRO 0.4021 0.052979 0.204102
84.995 2 ESTIMATOR 319.851227 -1.59
84.995 2 DESIRED 0.61 -0.02 3.1 5. 1176. 300. -1.5 15.
84.996 2 ATTITUDE 0.470969 -0.013379 -0.068202
85.037 2 NPS_RATE_ATTITUDE 19.595163 4.678295 14.620084 27.980619 -5.278335 -0.4356
85.038 2 NPS_POS_LLH 0.758754 0.758748 0.7554 0.022211 0.022211 373.475875 10397.477067 134.462467 319.462467
85.038 2 NPS_SPEED_POS 0.751016 -1.835286 0.263356 19.266291 0.306439 1.691525 1241.409243 -21.70039 -138.474007
85.038 2 NPS_GYRO_BIAS 1.8e-05 1e-06 1.2e-05
85.038 2 NPS_SENSORS_SCALED -0.185107 -1.036602 -9.005273 0.592165 0.387845 0.706341
85.038 2 NPS_WIND 0. 0. 0.
85.116 2 STATE_FILTER_STATUS 4 3 0
85.116 2 IMU_MAG 0. 0. 0.
85.117 2 IMU_ACCEL -0.22168 -0.850586 -9.694336
85.117 2 GPS 3 36028866 481483228 4 319562 1923 -159 1794 76008 31 0
85.118 2 ATTITUDE 0.503251 0.013312 -0.072268
85.139 2 NPS_RATE_ATTITUDE 16.71241 7.246494 16.393645 29.357404 -5.468911 0.962164
85.139 2 NPS_POS_LLH 0.758754 0.758748 0.755401 0.022211 0.022211 373.331458 10397.332641 134.31266 319.31266
85.139 2 NPS_SPEED_POS 0.731107 -1.71554 0.011081 19.310698 0.623892 1.772828 1243.016675 -21.662242 -138.329276
85.139 2 NPS_GYRO_BIAS 1.3e-05 5e-06 1.6e-05
85.140 2 NPS_SENSORS_SCALED -0.25915 -0.629365 -10.078242 0.594958 0.392768 0.701255
85.140 2 NPS_WIND 0. 0. 0.
85.224 2 FBW_STATUS 0 40 1 12.5 4.905077
85.225 2 DESIRED 0.61 -0.01 3.1 5. 1176. 300. -1.5 15.
85.225 2 ATTITUDE 0.529985 0.044654 -0.074204
85.238 2 NAVIGATION 36 7 4.2 1244. 144. 1244. 76 71 1 0 0 0
85.239 2 NPS_RATE_ATTITUDE 13.639063 9.356967 14.00783 31.065949 -5.583481 3.155819
85.239 2 NPS_POS_LLH 0.758754 0.758749 0.755401 0.022211 0.022211 373.106699 10397.107868 134.079797 319.079798
85.239 2 NPS_SPEED_POS 0.497194 -0.404431 0.468155 19.353035 1.237102 1.821946 1245.433571 -21.547217 -138.104045
85.239 2 NPS_GYRO_BIAS 1.5e-05 7e-06 1.5e-05
85.239 2 NPS_SENSORS_SCALED -0.444258 -0.444258 -10.806328 0.596133 0.396002 0.698433
85.239 2 NPS_WIND 0. 0. 0.
85.278 2 ATTITUDE 0.552271 0.074285 -0.07279
85.339 2 NPS_RATE_ATTITUDE 10.609426 8.972095 12.035557 31.96492 -5.459695 4.510855
85.340 2 NPS_POS_LLH 0.758754 0.758749 0.755401 0.022211 0.022211 372.955019 10396.956179 133.92271 318.92271
85.340 2 NPS_SPEED_POS 0.330283 0.585406 0.266406 19.35728 1.699864 1.820633 1247.04664 -21.425051 -137.95205
85.340 2 NPS_GYRO_BIAS 1.2e-05 8e-06 7e-06
85.340 2 NPS_SENSORS_SCALED -0.555322 -0.407236 -11.457773 0.593755 0.397294 0.699724
85.341 2 NPS_WIND 0. 0. 0.
85.361 2 GPS 3 36028883 481483614 26 319204 1935 -179 1794 76208 31 0
85.401 2 WP_MOVED 2 360304. 4813672. 260.029999 31
85.402 2 DESIRED 0.61 -0. 3.1 5. 1184. 300. -1.5 15.
85.403 2 ATTITUDE 0.567953 0.100653 -0.070332
85.441 2 NPS_RATE_ATTITUDE 7.573303 8.822445 11.608424 32.554772 -5.373285 5.611589
85.441 2 NPS_POS_LLH 0.758755 0.758749 0.755401 0.022212 0.022212 372.819052 10396.820204 133.781877 318.781878
85.441 2 NPS_SPEED_POS 0.190339 0.647251 0.31069 19.342379 2.121529 1.813583 1248.497988 -21.281702 -137.8158
85.441 2 NPS_GYRO_BIAS 1.7e-05 7e-06 4e-06
85.441 2 NPS_SENSORS_SCALED -0.629365 -0.592344 -11.304492 0.591808 0.396668 0.701725
85.441 2 NPS_WIND 0. 0. 0.
85.482 2 NAVIGATION 36 7 4.6 1248. 148. 1248. 76 71 1 0 0 0
85.483 2 ESTIMATOR 319.046875 -1.81
85.483 2 ATTITUDE 0.576704 0.126871 -0.068355
85.505 2 LINK_REPORT 2 -1 104 0 104561 4029 0 1008. 39. 32 4.38
85.541 2 NPS_RATE_ATTITUDE 3.820108 10.144436 12.953543 33.079557 -5.219888 7.522261
85.541 2 NPS_POS_LLH 0.758755 0.758749 0.755402 0.022212 0.022212 372.593446 10396.594585 133.548176 318.548177
85.541 2 NPS_SPEED_POS 0.097929 0.016404 0.258368 19.280617 2.812232 1.801419 1250.912388 -20.973281 -137.58972
85.542 2 NPS_GYRO_BIAS 1.2e-05 8e-06 7e-06
85.542 2 NPS_SENSORS_SCALED -0.777451 -0.703408 -11.534414 0.587931 0.389693 0.708856
85.542 2 NPS_WIND 0. 0. 0.
85.603 2 IMU_GYRO 0.052979 0.166992 0.240479
85.604 2 GPS 3 36028978 481484385 91 318455 1949 -178 1794 76608 31 0
85.605 2 DESIRED 0.61 0. 3.1 5. 1188. 300. -1.4 15.
85.605 2 ATTITUDE 0.580945 0.155914 -0.066517
85.642 2 NPS_RATE_ATTITUDE 2.809946 9.569225 14.092167 33.226919 -5.153792 8.913312
85.642 2 NPS_POS_LLH 0.758755 0.75875 0.755402 0.022212 0.022212 372.444528 10396.445657 133.393879 318.39388
85.642 2 NPS_SPEED_POS 0.082709 -0.151679 -0.14974 19.215875 3.277342 1.780164 1252.516537 -20.719556 -137.440487
85.642 2 NPS_GYRO_BIAS 8e-06 7e-06 5e-06
85.642 2 NPS_SENSORS_SCALED -0.851494 -0.74043 -11.457773 0.58539 0.381581 0.715342
85.642 2 NPS_WIND 0. 0. 0.
85.684 2 DL_VALUE 2 15.
85.685 2 SEGMENT 5. 1300. 5. 1100.
85.685 2 NAVIGATION 36 7 5.1 1252. 148. 1248. 76 71 1 0 0 0
85.686 2 ATTITUDE 0.583738 0.186395 -0.066197
85.726 2 NAVIGATION 36 7 5.1 1252. 152. 1252. 76 71 1 0 0 0
85.742 2 NPS_RATE_ATTITUDE 2.732992 10.081091 14.696967 33.358172 -5.120852 10.966388
85.742 2 NPS_POS_LLH 0.758756 0.75875 0.755402 0.022212 0.022212 372.238797 10396.239914 133.180655 318.180655
85.742 2 NPS_SPEED_POS 0.027323 -0.291313 -0.120557 19.094712 3.932679 1.754165 1254.751665 -20.299083 -137.234318
85.742 2 NPS_GYRO_BIAS 1.4e-05 9e-06 5e-06
85.742 2 NPS_SENSORS_SCALED -0.925537 -0.629365 -11.457773 0.582002 0.368311 0.724997
85.742 2 NPS_WIND 0. 0. 0.
85.807 2 AIRSPEED 22.6 0. 0. 0.
85.808 2 DESIRED 0.61 0. 3.1 5. 1192. 300. -1.4 15.
85.808 2 ATTITUDE 0.586712 0.218129 -0.065254
85.843 2 NPS_RATE_ATTITUDE 2.827208 10.490998 14.331819 33.456758 -5.041214 12.479039
85.843 2 NPS_POS_LLH 0.758756 0.75875 0.755403 0.022212 0.022212 372.09381 10396.094918 133.030348 318.030348
85.843 2 NPS_SPEED_POS -0.075538 -0.105387 -0.081867 18.985571 4.410542 1.730062 1256.338472 -19.951555 -137.089019
85.843 2 NPS_GYRO_BIAS 1.1e-05 1.1e-05 6e-06
85.844 2 NPS_SENSORS_SCALED -0.99958 -0.481279 -11.726016 0.578309 0.358977 0.732594
85.844 2 NPS_WIND 0. 0. 0.
85.849 2 GPS 3 36029059 481484766 124 318090 1949 -173 1794 76808 31 0
85.888 2 ENERGY 37 12.5 5.282303 66.028786 0.29335 3.666882
85.888 2 IMU_ACCEL -0.961914 -0.517578 -11.648438
85.889 2 WP_MOVED 3 360328.8125 4813694. 260.029999 31
85.889 2 ATTITUDE 0.589761 0.248937 -0.064373
85.944 2 NPS_RATE_ATTITUDE 2.481097 10.132549 13.790774 33.60664 -4.952744 14.652704
85.944 2 NPS_POS_LLH 0.758756 0.758751 0.755403 0.022212 0.022212 371.880519 10395.881613 132.80914 317.80914
85.945 2 NPS_SPEED_POS -0.211616 0.043712 0.017959 18.788564 5.128109 1.692808 1258.699748 -19.35521 -136.875263
85.945 2 NPS_GYRO_BIAS 1.6e-05 1.5e-05 1e-05
85.945 2 NPS_SENSORS_SCALED -1.110645 -0.629365 -11.496094 0.572752 0.345703 0.743266
85.945 2 NPS_WIND 0. 0. 0.
85.970 2 NAVIGATION 36 7 6. 1255.5 155.5 1255.5 76 72 2 0 0 0
86.011 2 FBW_STATUS 0 40 1 12.5 5.300513
86.012 2 ESTIMATOR 317.860596 -1.67
86.012 2 DESIRED 0.61 0.01 3.2 5. 1196. 300. -1.4 15.
86.013 2 ATTITUDE 0.592236 0.279122 -0.063539
86.044 2 NPS_RATE_ATTITUDE 2.039659 11.008447 13.690706 33.673957 -4.868368 16.08882
86.045 2 NPS_POS_LLH 0.758756 0.758751 0.755403 0.022212 0.022212 371.740584 10395.74167 132.663976 317.663976
86.045 2 NPS_SPEED_POS -0.251698 -0.093339 0.229312 18.636606 5.597327 1.672862 1260.259247 -18.908274 -136.735021
86.045 2 NPS_GYRO_BIAS 1.4e-05 1.2e-05 1e-05
86.045 2 NPS_SENSORS_SCALED -1.184687 -0.629365 -11.649375 0.568318 0.336787 0.750726
86.045 2 NPS_WIND 0. 0. 0.
86.092 2 COMMANDS 3637,126,1357,0
86.092 2 GPS_SOL 650 100 650 11
86.093 2 GPS 3 36029163 481485141 159 317736 1946 -167 1794 77008 31 0
86.094 2 ATTITUDE 0.593753 0.309632 -0.062036
86.145 2 NPS_RATE_ATTITUDE 1.545904 10.03563 13.951113 33.713586 -4.757121 18.100889
86.145 2 NPS_POS_LLH 0.758757 0.758751 0.755404 0.022212 0.022212 371.548059 10395.549133 132.464208 317.464208
86.146 2 NPS_SPEED_POS -0.310672 -0.052162 -0.056004 18.396923 6.248324 1.636435 1262.419816 -18.217083 -136.54207
86.146 2 NPS_GYRO_BIAS 1.7e-05 1.5e-05 1.5e-05
86.146 2 NPS_SENSORS_SCALED -1.221709 -0.629365 -11.572734 0.561678 0.323695 0.761406
86.146 2 NPS_WIND 0. 0. 0.
86.224 2 IMU_GYRO 0.026367 0.178711 0.247803
86.225 2 DESIRED 0.61 0.01 3.2 5. 1196. 300. -1.4 15.
86.225 2 ATTITUDE 0.594682 0.340051 -0.061684
86.225 2 NAVIGATION 36 7 8.2 1263. 163. 1263. 77 72 2 0 0 0
86.245 2 NPS_RATE_ATTITUDE 1.417119 10.18855 14.207983 33.716697 -4.706118 19.549955
86.245 2 NPS_POS_LLH 0.758757 0.758751 0.755404 0.022212 0.022212 371.412824 10395.413889 132.323858 317.323858
86.246 2 NPS_SPEED_POS -0.309482 -0.171214 -0.035933 18.208703 6.701676 1.616756 1263.94515 -17.677455 -136.406534
86.246 2 NPS_GYRO_BIAS 1.5e-05 1.4e-05 1.7e-05
86.246 2 NPS_SENSORS_SCALED -1.221709 -0.555322 -11.534414 0.556932 0.313882 0.768963
86.246 2 NPS_WIND 0. 0. 0.
86.295 2 ATTITUDE 0.595342 0.371684 -0.060363
86.337 2 GPS 3 36029288 481485509 194 317393 1941 -162 1794 77208 31 0
86.346 2 NPS_RATE_ATTITUDE 1.425817 10.253062 14.237977 33.712217 -4.545801 21.803535
86.347 2 NPS_POS_LLH 0.758757 0.758752 0.755404 0.022212 0.022212 371.213475 10395.214528 132.116943 317.116943
86.347 2 NPS_SPEED_POS -0.396057 -0.083239 -0.191807 17.895482 7.380758 1.573471 1266.202068 -16.797447 -136.206739
86.347 2 NPS_GYRO_BIAS 1.2e-05 1.6e-05 1.9e-05
86.347 2 NPS_SENSORS_SCALED -1.221709 -0.666387 -11.726016 0.547779 0.299124 0.781321
86.347 2 NPS_WIND 0. 0. 0.
86.417 2 COMMANDS 3714,108,1376,0
86.418 2 IMU_MAG 0. 0. 0.
86.418 2 WP_MOVED 4 360220.5 4813715. 260.029999 31
86.419 2 DESIRED 0.61 0.01 3.2 5. 1203. 300. -1.3 15.
86.419 2 ATTITUDE 0.596065 0.40291 -0.059798
86.447 2 NPS_RATE_ATTITUDE 1.436347 10.354405 14.277183 33.715445 -4.501063 23.123273
86.448 2 NPS_POS_LLH 0.758758 0.758752 0.755404 0.022213 0.022213 371.096696 10395.097741 131.995688 316.995689
86.448 2 NPS_SPEED_POS -0.393297 -0.18911 -0.05451 17.692209 7.780997 1.549188 1267.536667 -16.228815 -136.089695
86.448 2 NPS_GYRO_BIAS 1.1e-05 1.6e-05 2.3e-05
86.448 2 NPS_SENSORS_SCALED -1.332773 -0.666387 -11.611055 0.542771 0.290414 0.788073
86.448 2 NPS_WIND 0. 0. 0.
86.500 2 NAVIGATION 36 7 9.8 1266.5 166.6 1266.5 77 72 2 0 0 0
86.500 2 ESTIMATOR 317.150604 -1.55
86.501 2 ATTITUDE 0.596807 0.434069 -0.05953
86.506 2 LINK_REPORT 2 -1 105 0 105594 4069 0 1033. 40. 32 4.38
86.547 2 NPS_RATE_ATTITUDE 1.400648 10.850427 14.209268 33.721246 -4.381391 25.35292
86.548 2 NPS_POS_LLH 0.758758 0.758752 0.755405 0.022213 0.022213 370.905569 10394.906602 131.797222 316.797223
86.548 2 NPS_SPEED_POS -0.430439 -0.229342 0.029796 17.329508 8.432937 1.514464 1269.725864 -15.215337 -135.898135
86.549 2 NPS_GYRO_BIAS 1.8e-05 1.7e-05 1.8e-05
86.549 2 NPS_SENSORS_SCALED -1.221709 -0.666387 -11.687695 0.533106 0.276149 0.799713
86.549 2 NPS_WIND 0. 0. 0.
86.582 2 GPS 3 36029606 481486214 265 316745 1925 -149 1794 77608 31 0
86.583 2 DESIRED 0.61 0.01 3.2 5. 1206. 300. -1.3 15.
86.583 2 ATTITUDE 0.59754 0.465568 -0.058615
86.648 2 NPS_RATE_ATTITUDE 1.320962 10.264405 14.231667 33.723408 -4.313117 26.826331
86.649 2 NPS_POS_LLH 0.758758 0.758753 0.755405 0.022213 0.022213 370.78081 10394.781834 131.667657 316.667657
86.649 2 NPS_SPEED_POS -0.474649 -0.191604 -0.069601 17.070176 8.860565 1.48776 1271.159265 -14.494687 -135.773091
86.649 2 NPS_GYRO_BIAS 2.3e-05 1.2e-05 2.1e-05
86.649 2 NPS_SENSORS_SCALED -1.369795 -0.629365 -11.496094 0.526481 0.266796 0.807241
86.649 2 NPS_WIND 0. 0. 0.
86.735 2 NAVIGATION 36 7 11.5 1270. 166.6 1266.5 77 72 2 0 0 0
86.735 2 IMU_ACCEL -1.40625 -0.554688 -11.610352
86.736 2 ATTITUDE 0.598161 0.496589 -0.058529
86.744 2 NAVIGATION 36 7 11.5 1270. 170.1 1270.1 77 72 2 0 0 0
86.749 2 NPS_RATE_ATTITUDE 1.22263 10.77687 14.331329 33.718049 -4.233674 28.887836
86.749 2 NPS_POS_LLH 0.758758 0.758753 0.755405 0.022213 0.022213 370.609324 10394.610338 131.489568 316.489568
86.749 2 NPS_SPEED_POS -0.445916 -0.369833 0.120577 16.68781 9.439672 1.459744 1273.128709 -13.426977 -135.601214
86.749 2 NPS_GYRO_BIAS 2.1e-05 7e-06 2.2e-05
86.749 2 NPS_SENSORS_SCALED -1.295752 -0.703408 -11.496094 0.516928 0.253729 0.817561
86.750 2 NPS_WIND 0. 0. 0.
86.784 2 AIRSPEED 22.6 0. 0. 0.
86.784 2 IMU_GYRO 0.022217 0.191406 0.250977
86.784 2 DESIRED 0.61 0.01 3.2 5. 1210. 300. -1.3 15.
86.784 2 ATTITUDE 0.598614 0.528089 -0.057987
86.849 2 NPS_RATE_ATTITUDE 1.177583 10.446203 14.348861 33.708667 -4.142016 30.388869
86.850 2 NPS_POS_LLH 0.758759 0.758753 0.755406 0.022213 0.022213 370.488891 10394.489897 131.364512 316.364513
86.850 2 NPS_SPEED_POS -0.505104 -0.264524 -0.070345 16.398773 9.845828 1.435795 1274.507415 -12.623394 -135.480507
86.850 2 NPS_GYRO_BIAS 2.2e-05 1.1e-05 1.8e-05
86.851 2 NPS_SENSORS_SCALED -1.295752 -0.703408 -11.572734 0.509115 0.244471 0.825249
86.851 2 NPS_WIND 0. 0. 0.
86.866 2 GPS 3 36029795 481486548 300 316439 1915 -144 1794 77808 31 0
86.906 2 PONG 
86.906 2 CALIBRATION -114.7 0
86.906 2 SEGMENT 5. 1300. 5. 1100.
86.907 2 WP_MOVED 5 360272.5 4813571. 260.029999 31
86.907 2 ATTITUDE 0.598994 0.559403 -0.057839
86.949 2 NPS_RATE_ATTITUDE 1.143627 10.400502 14.464993 33.694617 -4.06546 32.610292
86.950 2 NPS_POS_LLH 0.758759 0.758753 0.755406 0.022214 0.022214 370.311865 10394.31286 131.180708 316.180709
86.950 2 NPS_SPEED_POS -0.487932 -0.351086 -0.013041 15.944559 10.435867 1.405045 1276.529108 -11.355513 -135.303078
86.950 2 NPS_GYRO_BIAS 2.2e-05 2e-05 1.7e-05
86.951 2 NPS_SENSORS_SCALED -1.295752 -0.629365 -11.419453 0.497836 0.230746 0.836012
86.951 2 NPS_WIND 0. 0. 0.
86.989 2 NAVIGATION 36 7 13.3 1273.5 173.7 1273.6 77 73 3 0 0 0
86.989 2 ENERGY 39 12.5 5.606771 70.084641 0.295027 3.687847
86.990 2 ESTIMATOR 316.201385 -1.39
86.990 2 DESIRED 0.61 0.01 3.3 5. 1214. 300. -1.2 15.
86.991 2 ATTITUDE 0.59936 0.590772 -0.057897
87.050 2 NPS_RATE_ATTITUDE 1.142829 10.922739 14.472292 33.684334 -3.992676 34.112621
87.051 2 NPS_POS_LLH 0.758759 0.758754 0.755406 0.022214 0.022214 370.195762 10394.196749 131.060194 316.060195
87.051 2 NPS_SPEED_POS -0.476074 -0.409104 0.069044 15.628052 10.816999 1.386831 1277.844723 -10.469938 -135.186713
87.051 2 NPS_GYRO_BIAS 1.4e-05 2.2e-05 1.6e-05
87.051 2 NPS_SENSORS_SCALED -1.332773 -0.629365 -11.649375 0.48953 0.221745 0.843321
87.052 2 NPS_WIND 0. 0. 0.
87.094 2 WIND_INFO 2 5 -2.6 -3.9 0. 22.2
87.110 2 GPS 3 36030003 481486868 336 316144 1904 -139 1794 78008 31 0
87.110 2 ATTITUDE 0.59963 0.622615 -0.057414
87.151 2 NPS_RATE_ATTITUDE 1.119581 10.357419 14.525004 33.67275 -3.911547 36.202695
87.151 2 NPS_POS_LLH 0.75876 0.758754 0.755406 0.022214 0.022214 370.036145 10394.037122 130.894554 315.894554
87.152 2 NPS_SPEED_POS -0.511549 -0.379835 -0.030039 15.165487 11.337712 1.357371 1279.641182 -9.177341 -135.026737
87.152 2 NPS_GYRO_BIAS 1.9e-05 2.1e-05 1.4e-05
87.152 2 NPS_SENSORS_SCALED -1.332773 -0.629365 -11.534414 0.477771 0.209438 0.853153
87.152 2 NPS_WIND 0. 0. 0.
87.191 2 FBW_STATUS 0 40 1 12.5 5.64557
87.191 2 DL_VALUE 3 1.
87.191 2 DESIRED 0.61 0.01 3.3 5. 1214. 300. -1.2 15.
87.192 2 ATTITUDE 0.599982 0.654041 -0.057575
87.231 2 NAVIGATION 36 7 17.7 1279.5 179.9 1279.6 78 73 3 0 0 0
87.250 2 NPS_RATE_ATTITUDE 1.095854 10.381133 14.576959 33.66402 -3.863433 37.694945
87.250 2 NPS_POS_LLH 0.75876 0.758754 0.755407 0.022214 0.022214 369.923961 10393.924931 130.77818 315.778181
87.250 2 NPS_SPEED_POS -0.500892 -0.454803 0.036404 14.824405 11.695529 1.341347 1280.890826 -8.217551 -134.914303
87.250 2 NPS_GYRO_BIAS 2.1e-05 2e-05 1.3e-05
87.251 2 NPS_SENSORS_SCALED -1.443838 -0.629365 -11.496094 0.469173 0.2008 0.859974
87.251 2 NPS_WIND 0. 0. 0.
87.312 2 STATE_FILTER_STATUS 4 3 0
87.313 2 ATTITUDE 0.600183 0.686184 -0.056912
87.351 2 NPS_RATE_ATTITUDE 1.067931 10.776564 14.537294 33.652599 -3.751805 39.23004
87.352 2 NPS_POS_LLH 0.75876 0.758754 0.755407 0.022215 0.022215 369.813196 10393.81416 130.663323 315.663324
87.353 2 NPS_SPEED_POS -0.537506 -0.393586 -0.047887 14.470546 12.046596 1.319274 1282.111564 -7.228317 -134.803294
87.353 2 NPS_GYRO_BIAS 2e-05 2.1e-05 1e-05
87.353 2 NPS_SENSORS_SCALED -1.369795 -0.629365 -11.649375 0.459138 0.192337 0.867294
87.353 2 NPS_WIND 0. 0. 0.
87.354 2 GPS 3 36030229 481487174 372 315859 1891 -134 1794 78208 31 0
87.393 2 IMU_GYRO 0.019043 0.181885 0.255371
87.394 2 WP_MOVED 6 360132.40625 4813672.5 260.029999 31
87.394 2 DESIRED 0.61 0.02 3.3 5. 1220. 300. -1.2 15.
87.395 2 ATTITUDE 0.600344 0.717891 -0.056761
87.451 2 NPS_RATE_ATTITUDE 1.029371 10.487302 14.669954 33.638762 -3.6805 41.327247
87.451 2 NPS_POS_LLH 0.75876 0.758755 0.755407 0.022215 0.022215 369.661548 10393.662502 130.506114 315.506115
87.452 2 NPS_SPEED_POS -0.497222 -0.462952 -0.014465 13.95961 12.520564 1.289106 1283.7701 -5.794941 -134.651313
87.452 2 NPS_GYRO_BIAS 1.7e-05 2e-05 1e-05
87.452 2 NPS_SENSORS_SCALED -1.406816 -0.629365 -11.496094 0.446131 0.180743 0.876527
87.452 2 NPS_WIND 0. 0. 0.
87.476 2 NAVIGATION 36 7 20.1 1282.5 183.1 1282.7 78 73 3 0 0 0
87.508 2 LINK_REPORT 2 -1 106 0 106551 4106 0 957. 37. 34 7.3
87.516 2 IMU_ACCEL -1.40625 -0.666016 -11.380859
87.516 2 ESTIMATOR 315.629578 -1.29
87.517 2 ATTITUDE 0.600395 0.749648 -0.056957
87.551 2 NPS_RATE_ATTITUDE 1.041522 11.114507 14.728537 33.628301 -3.619948 42.842365
87.552 2 NPS_POS_LLH 0.75876 0.758755 0.755407 0.022215 0.022215 369.555016 10393.555963 130.395734 315.395734
87.552 2 NPS_SPEED_POS -0.43256 -0.558957 0.125365 13.585774 12.843715 1.273272 1284.917889 -4.738022 -134.54455
87.552 2 NPS_GYRO_BIAS 2.1e-05 1.8e-05 4e-06
87.552 2 NPS_SENSORS_SCALED -1.25873 -0.592344 -11.457773 0.436275 0.172627 0.883099
87.553 2 NPS_WIND 0. 0. 0.
87.597 2 GPS 3 36030732 481487731 444 315319 1865 -125 1794 78608 31 0
87.598 2 DESIRED 0.61 0.02 3.4 5. 1222. 300. -1.2 15.
87.598 2 ATTITUDE 0.60055 0.781788 -0.056602
87.652 2 NPS_RATE_ATTITUDE 1.04545 10.426044 14.798238 33.616795 -3.53143 45.119945
87.652 2 NPS_POS_LLH 0.758761 0.758755 0.755407 0.022215 0.022215 369.398044 10393.398982 130.233189 315.23319
87.653 2 NPS_SPEED_POS -0.487245 -0.496751 -0.036427 13.006489 13.311538 1.24494 1286.580075 -3.10303 -134.387243
87.653 2 NPS_GYRO_BIAS 2.4e-05 2e-05 4e-06
87.653 2 NPS_SENSORS_SCALED -1.369795 -0.703408 -11.496094 0.420992 0.160854 0.892688
87.653 2 NPS_WIND 0. 0. 0.
87.678 2 IMU_MAG 0. 0. 0.
87.679 2 NAVIGATION 36 7 22.7 1285.5 183.1 1282.7 78 73 3 0 0 0
87.679 2 ATTITUDE 0.600715 0.813675 -0.056931
87.727 2 NAVIGATION 36 7 22.7 1285.5 186.3 1285.7 78 73 3 0 0 0
87.752 2 NPS_RATE_ATTITUDE 1.048951 10.487458 14.846443 33.611854 -3.492796 46.482985
87.752 2 NPS_POS_LLH 0.758761 0.758755 0.755408 0.022216 0.022216 369.305344 10393.306277 130.137263 315.137264
87.752 2 NPS_SPEED_POS -0.461585 -0.527567 -0.00169 12.651802 13.578597 1.232526 1287.542297 -2.094591 -134.294349
87.752 2 NPS_GYRO_BIAS 2.3e-05 2.1e-05 5e-06
87.752 2 NPS_SENSORS_SCALED -1.332773 -0.629365 -11.457773 0.411772 0.154003 0.89818
87.752 2 NPS_WIND 0. 0. 0.
87.799 2 AIRSPEED 22.200001 0. 0. 0.
87.800 2 DESIRED 0.61 0.02 3.4 5. 1226. 300. -1.1 15.
87.800 2 ATTITUDE 0.600874 0.845874 -0.056885
87.841 2 GPS 3 36031006 481487983 480 315063 1851 -122 1794 78808 31 0
87.853 2 NPS_RATE_ATTITUDE 1.031294 10.495019 14.873517 33.604292 -3.399571 48.778916
87.853 2 NPS_POS_LLH 0.758761 0.758755 0.755408 0.022216 0.022216 369.152904 10393.153828 129.979647 314.979648
87.853 2 NPS_SPEED_POS -0.477563 -0.520682 -0.041172 12.045114 14.005191 1.209802 1289.086083 -0.370403 -134.141597
87.854 2 NPS_GYRO_BIAS 2.5e-05 2.2e-05 -2e-06
87.854 2 NPS_SENSORS_SCALED -1.295752 -0.555322 -11.457773 0.395373 0.142976 0.907325
87.854 2 NPS_WIND 0. 0. 0.
87.882 2 WP_MOVED 7 360464.09375 4813807. 260.029999 31
87.883 2 ATTITUDE 0.601018 0.878 -0.05706
87.953 2 NPS_RATE_ATTITUDE 1.012784 10.462021 14.941378 33.599982 -3.361134 50.298205
87.953 2 NPS_POS_LLH 0.758761 0.758756 0.755408 0.022216 0.022216 369.052878 10393.053796 129.876313 314.876313
87.954 2 NPS_SPEED_POS -0.441918 -0.554244 -0.00826 11.632135 14.274989 1.196394 1290.07267 0.808029 -134.041371
87.954 2 NPS_GYRO_BIAS 2.4e-05 2e-05 -0.
87.954 2 NPS_SENSORS_SCALED -1.332773 -0.629365 -11.381133 0.384552 0.135878 0.913048
87.954 2 NPS_WIND 0. 0. 0.
87.964 2 NAVIGATION 36 7 25.5 1287.5 188.6 1287.8 78 74 4 0 0 0
88.004 2 FBW_STATUS 0 40 1 12.5 5.810713
88.005 2 IMU_GYRO 0.019043 0.184082 0.261719
88.005 2 ESTIMATOR 314.847443 -1.18
88.006 2 DESIRED 0.61 0.02 3.5 5. 1228. 300. -1.1 15.
88.006 2 ATTITUDE 0.601071 0.91002 -0.057469
88.053 2 NPS_RATE_ATTITUDE 1.008265 10.814362 15.000337 33.592474 -3.282388 52.602288
88.054 2 NPS_POS_LLH 0.758761 0.758756 0.755408 0.022217 0.022217 368.904618 10392.905529 129.72331 314.723311
88.054 2 NPS_SPEED_POS -0.406276 -0.588847 0.033093 11.000828 14.657253 1.179354 1291.487425 2.616532 -133.892824
88.054 2 NPS_GYRO_BIAS 1.8e-05 2.4e-05 -1e-06
88.054 2 NPS_SENSORS_SCALED -1.369795 -0.666387 -11.457773 0.367395 0.125607 0.921544
88.054 2 NPS_WIND 0. 0. 0.
88.085 2 GPS_SOL 650 100 650 11
88.086 2 SEGMENT 5. 1300. 5. 1100.
88.087 2 ENERGY 40 12.5 5.836795 72.959938 0.296786 3.709826
88.088 2 GPS 3 36031293 481488214 517 314814 1837 -118 1794 79008 31 0
88.088 2 ATTITUDE 0.60109 0.942586 -0.05738
88.154 2 NPS_RATE_ATTITUDE 1.006177 10.458996 15.054835 33.589489 -3.244003 53.98242
88.155 2 NPS_POS_LLH 0.758761 0.758756 0.755408 0.022217 0.022217 368.816818 10392.817724 129.632792 314.632793
88.155 2 NPS_SPEED_POS -0.420736 -0.572695 -0.030771 10.613742 14.875271 1.167 1292.297993 3.72407 -133.804858
88.155 2 NPS_GYRO_BIAS 2.1e-05 2.1e-05 -2e-06
88.155 2 NPS_SENSORS_SCALED -1.332773 -0.592344 -11.419453 0.356997 0.119704 0.926404
88.156 2 NPS_WIND 0. 0. 0.
88.226 2 DESIRED 0.61 0.02 3.5 5. 1228. 300. -1.1 15.
88.227 2 ATTITUDE 0.601113 0.974766 -0.057876
88.248 2 NAVIGATION 36 7 31.3 1292. 193.8 1292.4 79 74 4 0 0 0
88.254 2 NPS_RATE_ATTITUDE 1.01472 11.572553 15.147321 33.585953 -3.189983 56.288284
88.255 2 NPS_POS_LLH 0.758762 0.758756 0.755408 0.022217 0.022217 368.672121 10392.67302 129.483784 314.483785
88.255 2 NPS_SPEED_POS -0.233991 -0.722596 0.276122 9.960858 15.214618 1.153604 1293.584017 5.605005 -133.6599
88.255 2 NPS_GYRO_BIAS 1.7e-05 2.1e-05 1e-06
88.255 2 NPS_SENSORS_SCALED -1.369795 -0.592344 -11.381133 0.339374 0.110273 0.934165
88.255 2 NPS_WIND 0. 0. 0.
88.287 2 DATALINK_REPORT 1 34 0 1010 0 0
88.287 2 IMU_ACCEL -1.294922 -0.591797 -11.53418
88.287 2 ATTITUDE 0.601084 1.007677 -0.057711
88.329 2 GPS 3 36031591 481488425 554 314572 1823 -115 1794 79208 31 0
88.355 2 NPS_RATE_ATTITUDE 1.005904 10.721587 15.135453 33.584067 -3.102012 57.862613
88.356 2 NPS_POS_LLH 0.758762 0.758756 0.755409 0.022218 0.022218 368.576776 10392.57767 129.385718 314.385718
88.356 2 NPS_SPEED_POS -0.409957 -0.5851 -0.051673 9.514114 15.429144 1.137232 1294.395547 6.88189 -133.564388
88.356 2 NPS_GYRO_BIAS 1.7e-05 2.3e-05 1e-06
88.356 2 NPS_SENSORS_SCALED -1.221709 -0.592344 -11.534414 0.326318 0.10433 0.939485
88.356 2 NPS_WIND 0. 0. 0.
88.410 2 ALIVE 48,227,73,111,232,6,121,226,245,160,22,77,177,74,97,28
88.411 2 WP_MOVED 8 360484. 4813582. 215.029999 31
88.412 2 DESIRED 0.61 0.02 3.6 5. 1232. 300. -1.1 15.
88.412 2 ATTITUDE 0.601054 1.040277 -0.057823
88.456 2 NPS_RATE_ATTITUDE 0.993253 10.659002 15.260968 33.584394 -3.053024 60.025935
88.457 2 NPS_POS_LLH 0.758762 0.758756 0.755409 0.022218 0.022218 368.445478 10392.446366 129.250822 314.250823
88.457 2 NPS_SPEED_POS -0.333536 -0.629714 0.008134 8.882218 15.706927 1.119426 1295.468701 8.698436 -133.432869
88.457 2 NPS_GYRO_BIAS 2e-05 2.1e-05 -2e-06
88.457 2 NPS_SENSORS_SCALED -1.25873 -0.555322 -11.381133 0.309087 0.096417 0.946134
88.457 2 NPS_WIND 0. 0. 0.
88.493 2 NAVIGATION 36 7 34.4 1294. 196.2 1294.5 79 74 4 0 0 0
88.493 2 ESTIMATOR 314.365479 -1.12
88.493 2 ATTITUDE 0.601003 1.072935 -0.058258
88.508 2 LINK_REPORT 2 -1 107 0 107617 4147 0 1066. 41. 34 7.3
88.557 2 NPS_RATE_ATTITUDE 1.005777 11.063864 15.311642 33.584821 -3.002477 61.591253
88.558 2 NPS_POS_LLH 0.758762 0.758756 0.755409 0.022218 0.022218 368.352715 10392.3536 129.155642 314.155642
88.558 2 NPS_SPEED_POS -0.282157 -0.659919 0.072141 8.426399 15.889569 1.109975 1296.18994 10.015034 -133.339958
88.558 2 NPS_GYRO_BIAS 2e-05 2.4e-05 -4e-06
88.558 2 NPS_SENSORS_SCALED -1.184687 -0.555322 -11.381133 0.29616 0.091062 0.950787
88.558 2 NPS_WIND 0. 0. 0.
88.613 2 IMU_GYRO 0.019043 0.188232 0.26709
88.614 2 GPS 3 36032220 481488783 628 314108 1795 -110 1794 79608 31 0
88.615 2 DESIRED 0.61 0.02 3.6 5. 1234. 300. -1.1 15.
88.615 2 ATTITUDE 0.600955 1.105944 -0.058206
88.657 2 NPS_RATE_ATTITUDE 1.021611 10.61468 15.405068 33.590095 -2.945803 63.93523
88.658 2 NPS_POS_LLH 0.758762 0.758757 0.755409 0.022219 0.022219 368.215286 10392.216164 129.014826 314.014827
88.658 2 NPS_SPEED_POS -0.296142 -0.638614 -0.009333 7.732482 16.141585 1.09368 1297.199927 12.017299 -133.202319
88.658 2 NPS_GYRO_BIAS 1.9e-05 2.5e-05 -3e-06
88.658 2 NPS_SENSORS_SCALED -1.221709 -0.666387 -11.419453 0.276733 0.083581 0.957305
88.659 2 NPS_WIND 0. 0. 0.
88.695 2 DL_VALUE 4 300.029999
88.695 2 NAVIGATION 36 7 37.6 1295.5 196.2 1294.5 79 74 4 0 0 0
88.696 2 ATTITUDE 0.600907 1.138842 -0.058719
88.736 2 NAVIGATION 36 7 37.6 1295.5 198.2 1296. 79 74 4 0 0 0
88.758 2 NPS_RATE_ATTITUDE 1.031626 10.66379 15.460061 33.595008 -2.920967 65.342908
88.758 2 NPS_POS_LLH 0.758762 0.758757 0.755409 0.022219 0.022219 368.133611 10392.134487 128.93126 313.931261
88.758 2 NPS_SPEED_POS -0.258116 -0.661017 0.029232 7.313525 16.278405 1.087679 1297.764168 13.233113 -133.120527
88.758 2 NPS_GYRO_BIAS 1.9e-05 2e-05 -1e-06
88.758 2 NPS_SENSORS_SCALED -1.295752 -0.555322 -11.304492 0.265011 0.079398 0.960971
88.758 2 NPS_WIND 0. 0. 0.
88.817 2 AIRSPEED 22.200001 0. 0. 0.
88.818 2 DESIRED 0.61 0.02 3.6 5. 1236. 300. -1.1 15.
88.819 2 ATTITUDE 0.600835 1.171943 -0.058982
88.858 2 GPS 3 36032546 481488930 665 313885 1781 -108 1794 79808 31 0
88.859 2 NPS_RATE_ATTITUDE 1.046796 10.683931 15.504918 33.605891 -2.853438 67.713203
88.859 2 NPS_POS_LLH 0.758762 0.758757 0.755409 0.022219 0.022219 367.998538 10391.999409 128.79327 313.793271
88.859 2 NPS_SPEED_POS -0.267421 -0.639888 -0.016886 6.606464 16.484704 1.075283 1298.634296 15.281073 -132.985273
88.859 2 NPS_GYRO_BIAS 1.6e-05 2.5e-05 -7e-06
88.859 2 NPS_SENSORS_SCALED -1.110645 -0.666387 -11.381133 0.244595 0.072986 0.966875
88.860 2 NPS_WIND 0. 0. 0.
88.899 2 WP_MOVED 9 360364. 4813612. 185.029999 31
88.900 2 ATTITUDE 0.600727 1.205156 -0.05934
88.959 2 NPS_RATE_ATTITUDE 1.053268 10.694501 15.573913 33.615281 -2.829748 69.285422
88.960 2 NPS_POS_LLH 0.758763 0.758757 0.755409 0.02222 0.02222 367.909327 10391.910195 128.702279 313.70228
88.960 2 NPS_SPEED_POS -0.224637 -0.650724 0.012286 6.131888 16.606077 1.069042 1299.165069 16.659949 -132.89595
88.961 2 NPS_GYRO_BIAS 1.2e-05 2.4e-05 -1e-05
88.961 2 NPS_SENSORS_SCALED -1.25873 -0.629365 -11.381133 0.23117 0.069087 0.970457
88.961 2 NPS_WIND 0. 0. 0.
88.980 2 NAVIGATION 36 7 40.8 1297.5 200.7 1298.1 79 75 5 0 0 0
88.981 2 CALIBRATION -124.8 0
88.981 2 IMU_MAG 0. 0. 0.
88.981 2 ESTIMATOR 313.686615 -1.06
88.982 2 DESIRED 0.61 0.02 3.7 5. 1238. 300. -1. 15.
88.982 2 ATTITUDE 0.600641 1.238176 -0.059892
89.060 2 NPS_RATE_ATTITUDE 1.061036 11.130133 15.623563 33.625461 -2.796291 70.870894
89.061 2 NPS_POS_LLH 0.758763 0.758757 0.755409 0.02222 0.02222 367.820519 10391.821383 128.611824 313.611825
89.061 2 NPS_SPEED_POS -0.156349 -0.674366 0.09615 5.655253 16.714296 1.064738 1299.656225 18.048385 -132.807037
89.061 2 NPS_GYRO_BIAS 1.3e-05 2.4e-05 -1.2e-05
89.061 2 NPS_SENSORS_SCALED -1.110645 -0.592344 -11.342813 0.217346 0.065491 0.973895
89.062 2 NPS_WIND 0. 0. 0.
89.102 2 NAVIGATION_REF 360284 4813592 31 185.029999
89.103 2 IMU_ACCEL -1.110352 -0.554688 -11.418945
89.103 2 GPS 3 36032879 481489053 703 313666 1767 -106 1794 80008 31 0
89.104 2 ATTITUDE 0.600513 1.271722 -0.059961
89.161 2 NPS_RATE_ATTITUDE 1.072012 10.676593 15.707236 33.642396 -2.754863 73.094662
89.161 2 NPS_POS_LLH 0.758763 0.758757 0.75541 0.02222 0.02222 367.696996 10391.697858 128.486222 313.486223
89.162 2 NPS_SPEED_POS -0.190908 -0.645187 -0.009058 4.981437 16.845349 1.055841 1300.27672 20.006285 -132.683382
89.162 2 NPS_GYRO_BIAS 1.2e-05 2.5e-05 -1.3e-05
89.162 2 NPS_SENSORS_SCALED -1.147666 -0.629365 -11.381133 0.197813 0.060997 0.97834
89.162 2 NPS_WIND 0. 0. 0.
89.184 2 FBW_STATUS 0 40 1 12.5 5.990129
89.185 2 ENERGY 41 12.5 5.992005 74.90007 0.298599 3.732497
89.186 2 IMU_GYRO 0.019043 0.188232 0.273438
89.186 2 DESIRED 0.61 0.02 3.7 5. 1238. 300. -1. 15.
89.187 2 ATTITUDE 0.60044 1.304922 -0.060526
89.228 2 NAVIGATION 36 7 47.5 1299.5 204. 1300.4 80 75 5 0 0 0
89.262 2 NPS_RATE_ATTITUDE 1.082454 10.731266 15.781011 33.655995 -2.739283 74.682696
89.262 2 NPS_POS_LLH 0.758763 0.758757 0.75541 0.022221 0.022221 367.609221 10391.61008 128.397123 313.397123
89.262 2 NPS_SPEED_POS -0.149146 -0.648991 0.01689 4.499482 16.922911 1.053165 1300.671765 21.413387 -132.595522
89.262 2 NPS_GYRO_BIAS 1.3e-05 2.6e-05 -1.3e-05
89.263 2 NPS_SENSORS_SCALED -1.147666 -0.629365 -11.419453 0.183924 0.058161 0.981218
89.263 2 NPS_WIND 0. 0. 0.
89.307 2 SEGMENT 5. 1300. 5. 1100.
89.307 2 ATTITUDE 0.600333 1.338827 -0.060549
89.348 2 GPS 3 36033216 481489153 741 313450 1754 -105 1794 80208 31 0
89.361 2 NPS_RATE_ATTITUDE 1.082494 10.856341 15.814144 33.677353 -2.664612 77.106882
89.362 2 NPS_POS_LLH 0.758763 0.758757 0.75541 0.022221 0.022221 367.478092 10391.478948 128.264261 313.264261
89.362 2 NPS_SPEED_POS -0.171949 -0.636294 -0.034386 3.769117 17.015766 1.043909 1301.188706 23.534816 -132.464279
89.362 2 NPS_GYRO_BIAS 1.5e-05 2.5e-05 -7e-06
89.362 2 NPS_SENSORS_SCALED -1.147666 -0.555322 -11.496094 0.161759 0.054533 0.985322
89.362 2 NPS_WIND 0. 0. 0.
89.388 2 PPRZ_MODE 2 3 3 1 0 21
89.388 2 WP_MOVED 10 360310.90625 4813569. 260.029999 31
89.389 2 DESIRED 0.61 0.02 3.8 5. 1240. 300. -1. 15.
89.390 2 ATTITUDE 0.600284 1.37248 -0.06077
89.462 2 NPS_RATE_ATTITUDE 1.079878 10.827459 15.901967 33.69333 -2.648716 78.706855
89.462 2 NPS_POS_LLH 0.758763 0.758757 0.75541 0.022221 0.022221 367.391418 10391.392272 128.176602 313.176603
89.462 2 NPS_SPEED_POS -0.115926 -0.641646 0.003373 3.280887 17.06124 1.038728 1301.482442 24.954788 -132.37754
89.463 2 NPS_GYRO_BIAS 1.4e-05 2.1e-05 -4e-06
89.463 2 NPS_SENSORS_SCALED -1.221709 -0.518301 -11.381133 0.147502 0.05252 0.987666
89.463 2 NPS_WIND 0. 0. 0.
89.469 2 NAVIGATION 36 7 50.9 1300. 205.2 1301. 80 75 5 0 0 0
89.509 2 STATE_FILTER_STATUS 4 3 0
89.510 2 LINK_REPORT 2 -1 108 0 108621 4186 0 1004. 39. 34 7.3
89.510 2 ESTIMATOR 313.254669 -1.04
89.511 2 ATTITUDE 0.600181 1.406308 -0.061369
89.563 2 NPS_RATE_ATTITUDE 1.091285 11.162372 15.980689 33.715919 -2.607426 80.973156
89.563 2 NPS_POS_LLH 0.758763 0.758757 0.75541 0.022222 0.022222 367.270499 10391.271351 128.054533 313.054534
89.564 2 NPS_SPEED_POS -0.063857 -0.642238 0.044672 2.597437 17.102419 1.034852 1301.825391 26.947911 -132.256542
89.564 2 NPS_GYRO_BIAS 1.2e-05 2e-05 -7e-06
89.564 2 NPS_SENSORS_SCALED -1.147666 -0.666387 -11.342813 0.126886 0.050248 0.990644
89.564 2 NPS_WIND 0. 0. 0.
89.591 2 GPS 3 36033900 481489284 818 313028 1728 -103 1794 80608 31 0
89.592 2 DESIRED 0.61 0.03 3.8 5. 1240. 300. -1. 15.
89.593 2 ATTITUDE 0.600104 1.440386 -0.061514
89.663 2 NPS_RATE_ATTITUDE 1.094218 10.882833 16.045305 33.733534 -2.586093 82.592887
89.664 2 NPS_POS_LLH 0.758763 0.758757 0.75541 0.022222 0.022222 367.184507 10391.185358 127.967885 312.967886
89.664 2 NPS_SPEED_POS -0.077426 -0.628217 -0.008648 2.107157 17.116424 1.030523 1302.021408 28.37379 -132.170504
89.664 2 NPS_GYRO_BIAS 1e-05 1.9e-05 -7e-06
89.664 2 NPS_SENSORS_SCALED -1.073623 -0.629365 -11.381133 0.112187 0.04904 0.992476
89.664 2 NPS_WIND 0. 0. 0.
89.726 2 NAVIGATION 36 7 54.4 1301. 205.2 1301. 80 75 5 0 0 0
89.727 2 ATTITUDE 0.599957 1.474482 -0.062081
89.727 2 NAVIGATION 36 7 54.4 1301. 207. 1302.1 80 75 5 0 0 0
89.763 2 NPS_RATE_ATTITUDE 1.118623 11.371713 16.139106 33.762064 -2.565471 85.028634
89.764 2 NPS_POS_LLH 0.758763 0.758757 0.75541 0.022223 0.022223 367.055864 10391.056714 127.838513 312.838513
89.764 2 NPS_SPEED_POS 0.035236 -0.632679 0.117277 1.374447 17.112222 1.029456 1302.238982 30.513395 -132.041807
89.764 2 NPS_GYRO_BIAS 5e-06 1.9e-05 -1e-06
89.764 2 NPS_SENSORS_SCALED -1.184687 -0.555322 -11.381133 0.090145 0.047881 0.994777
89.764 2 NPS_WIND 0. 0. 0.
89.793 2 AIRSPEED 22.200001 0. 0. 0.
89.793 2 IMU_GYRO 0.02002 0.198975 0.281982
89.794 2 DESIRED 0.61 0.03 3.8 5. 1241. 300. -1. 15.
89.794 2 ATTITUDE 0.599846 1.508737 -0.062487
89.835 2 GPS 3 36034242 481489314 857 312821 1715 -102 1794 80808 31 0
89.864 2 NPS_RATE_ATTITUDE 1.124172 11.074367 16.165051 33.780393 -2.535949 86.506735
89.864 2 NPS_POS_LLH 0.758763 0.758757 0.75541 0.022223 0.022223 366.978757 10390.979607 127.761117 312.761117
89.865 2 NPS_SPEED_POS -0.030308 -0.613236 0.008539 0.933491 17.095733 1.026999 1302.325537 31.796259 -131.964676
89.865 2 NPS_GYRO_BIAS 2e-06 2.1e-05 -2e-06
89.865 2 NPS_SENSORS_SCALED -1.073623 -0.555322 -11.342813 0.076468 0.047581 0.995936
89.865 2 NPS_WIND 0. 0. 0.
89.916 2 IMU_ACCEL -0.924805 -0.628906 -11.303711
89.917 2 WP_MOVED 11 360184. 4813592. 260.029999 31
89.917 2 ATTITUDE 0.59964 1.543217 -0.062907
89.965 2 NPS_RATE_ATTITUDE 1.144379 10.990984 16.265673 33.813757 -2.521455 88.957178
89.966 2 NPS_POS_LLH 0.758763 0.758757 0.75541 0.022223 0.022223 366.850562 10390.851412 127.632685 312.632685
89.966 2 NPS_SPEED_POS 0.006953 -0.599246 0.016147 0.201187 17.044344 1.025608 1302.396395 33.930326 -131.836456
89.966 2 NPS_GYRO_BIAS -2e-06 2e-05 -1.1e-05
89.966 2 NPS_SENSORS_SCALED -1.036602 -0.592344 -11.342813 0.054253 0.04773 0.997386
89.966 2 NPS_WIND 0. 0. 0.
89.997 2 NAVIGATION 36 7 57.8 1301. 207.8 1302.3 80 76 6 0 0 0
89.998 2 FBW_STATUS 0 40 1 12.5 6.119907
89.999 2 ESTIMATOR 312.626404 -1.02
89.999 2 DESIRED 0.61 0.03 3.9 5. 1241. 300. -1. 15.
90.000 2 ATTITUDE 0.599405 1.577461 -0.0635
90.066 2 NPS_RATE_ATTITUDE 1.163806 11.321143 16.310493 33.837559 -2.500575 90.606903
90.066 2 NPS_POS_LLH 0.758763 0.758757 0.75541 0.022224 0.022224 366.765047 10390.765897 127.547182 312.547182
90.066 2 NPS_SPEED_POS 0.049685 -0.593142 0.061552 -0.284867 16.993483 1.026412 1302.392915 35.348658 -131.750934
90.067 2 NPS_GYRO_BIAS -1e-06 2.1e-05 -1.1e-05
90.067 2 NPS_SENSORS_SCALED -1.073623 -0.666387 -11.304492 0.039111 0.048297 0.998067
90.067 2 NPS_WIND 0. 0. 0.
90.079 2 GPS_SOL 650 100 650 11
90.080 2 GPS 3 36034584 481489321 896 312615 1703 -102 1794 81008 31 0
90.080 2 ATTITUDE 0.599221 1.612302 -0.063692
90.166 2 NPS_RATE_ATTITUDE 1.180652 11.02948 16.400302 33.873691 -2.485822 92.915571
90.167 2 NPS_POS_LLH 0.758763 0.758757 0.75541 0.022224 0.022224 366.645377 10390.646227 127.427757 312.427757
90.167 2 NPS_SPEED_POS 0.037728 -0.575083 0.004278 -0.964411 16.900338 1.025807 1302.319981 37.32605 -131.631268
90.167 2 NPS_GYRO_BIAS -2e-06 2.3e-05 -1e-05
90.168 2 NPS_SENSORS_SCALED -0.99958 -0.592344 -11.266172 0.018137 0.049724 0.998598
90.168 2 NPS_WIND 0. 0. 0.
90.201 2 DL_VALUE 5 0.
90.234 2 DESIRED 0.61 0.03 3.9 5. 1241. 300. -1. 15.
90.235 2 ATTITUDE 0.599008 1.646789 -0.06427
90.242 2 NAVIGATION 36 7 64.6 1301. 209.7 1302.6 81 76 6 0 0 0
90.266 2 NPS_RATE_ATTITUDE 1.200798 11.466347 16.470964 33.901139 -2.484608 94.567559
90.267 2 NPS_POS_LLH 0.758763 0.758757 0.75541 0.022224 0.022224 366.559789 10390.560639 127.342506 312.342506
90.267 2 NPS_SPEED_POS 0.148991 -0.573881 0.137268 -1.445681 16.817959 1.028586 1302.219532 38.731075 -131.545692
90.267 2 NPS_GYRO_BIAS 1e-06 2.5e-05 -8e-06
90.267 2 NPS_SENSORS_SCALED -1.110645 -0.592344 -11.266172 0.003285 0.051195 0.998683
90.267 2 NPS_WIND 0. 0. 0.
90.281 2 IMU_MAG 0. 0. 0.
90.281 2 ENERGY 42 12.5 6.220058 77.750732 0.300466 3.755836
90.282 2 ATTITUDE 0.598885 1.681973 -0.06433
90.363 2 GPS 3 36034924 481489304 935 312410 1691 -102 1794 81208 31 0
90.367 2 NPS_RATE_ATTITUDE 1.200057 11.128243 16.51636 33.943576 -2.436895 97.084367
90.367 2 NPS_POS_LLH 0.758763 0.758757 0.75541 0.022225 0.022225 366.431236 10390.432087 127.214711 312.214711
90.368 2 NPS_SPEED_POS 0.04317 -0.552138 -0.031123 -2.168078 16.669465 1.026303 1301.993677 40.824349 -131.417172
90.368 2 NPS_GYRO_BIAS 4e-06 2.1e-05 -6e-06
90.369 2 NPS_SENSORS_SCALED -1.073623 -0.629365 -11.304492 -0.01997 0.054118 0.998335
90.369 2 NPS_WIND 0. 0. 0.
90.403 2 IMU_GYRO 0.02124 0.19458 0.28833
90.404 2 WP_MOVED 12 360184. 4813792. 260.029999 31
90.405 2 DESIRED 0.61 0.03 3.9 5. 1241. 300. -0.9 15.
90.405 2 ATTITUDE 0.598797 1.716886 -0.064538
90.468 2 NPS_RATE_ATTITUDE 1.198077 11.179286 16.604162 33.972758 -2.438671 98.748075
90.468 2 NPS_POS_LLH 0.758763 0.758757 0.75541 0.022225 0.022225 366.345661 10390.346514 127.129809 312.12981
90.469 2 NPS_SPEED_POS 0.097662 -0.535064 0.011775 -2.644657 16.554117 1.027398 1301.793108 42.208754 -131.331629
90.469 2 NPS_GYRO_BIAS 6e-06 1.5e-05 -1e-05
90.469 2 NPS_SENSORS_SCALED -0.962559 -0.629365 -11.304492 -0.034787 0.056519 0.997795
90.469 2 NPS_WIND 0. 0. 0.
90.487 2 NAVIGATION 36 7 67.9 1301. 210.6 1302.8 81 76 6 0 0 0
90.487 2 SEGMENT 5. 1300. 5. 1100.
90.488 2 ESTIMATOR 312.213745 -1.02
90.488 2 ATTITUDE 0.59868 1.751975 -0.065102
90.510 2 LINK_REPORT 2 -1 109 0 109656 4226 0 1035. 40. 34 7.3
90.568 2 NPS_RATE_ATTITUDE 1.209351 11.395251 16.677606 34.013064 -2.420199 101.104721
90.569 2 NPS_POS_LLH 0.758763 0.758757 0.75541 0.022226 0.022226 366.225501 10390.226356 127.010814 312.010814
90.569 2 NPS_SPEED_POS 0.119955 -0.517173 0.02128 -3.30583 16.37075 1.030607 1301.445973 44.129623 -131.211527
90.570 2 NPS_GYRO_BIAS 6e-06 9e-06 -1.2e-05
90.570 2 NPS_SENSORS_SCALED -1.073623 -0.666387 -11.381133 -0.055985 0.060497 0.996597
90.570 2 NPS_WIND 0. 0. 0.
90.609 2 GPS 3 36035587 481489203 1015 312002 1669 -103 1794 81608 31 0
90.610 2 DESIRED 0.61 0.03 4. 5. 1241. 300. -0.9 15.
90.610 2 ATTITUDE 0.598538 1.787227 -0.065257
90.669 2 NPS_RATE_ATTITUDE 1.217475 11.230976 16.743311 34.043257 -2.419817 102.786266
90.669 2 NPS_POS_LLH 0.758763 0.758757 0.75541 0.022226 0.022226 366.139517 10390.140374 126.92582 311.92582
90.669 2 NPS_SPEED_POS 0.120643 -0.503652 -0.00061 -3.774546 16.224157 1.032259 1301.150919 45.487832 -131.125594
90.670 2 NPS_GYRO_BIAS 9e-06 1.2e-05 -1.1e-05
90.670 2 NPS_SENSORS_SCALED -1.073623 -0.666387 -11.342813 -0.070825 0.063797 0.995446
90.670 2 NPS_WIND 0. 0. 0.
90.690 2 NAVIGATION 36 7 71.2 1300. 210.6 1302.8 81 76 6 0 0 0
90.691 2 IMU_ACCEL -0.999023 -0.554688 -11.380859
90.691 2 ATTITUDE 0.598455 1.822603 -0.065805
90.734 2 NAVIGATION 36 7 71.2 1300. 210.7 1302. 81 76 6 0 0 0
90.770 2 NPS_RATE_ATTITUDE 1.229335 11.65621 16.822947 34.088858 -2.419523 105.321878
90.770 2 NPS_POS_LLH 0.758763 0.758757 0.75541 0.022226 0.022226 366.010006 10390.010865 126.798036 311.798037
90.771 2 NPS_SPEED_POS 0.193325 -0.472046 0.084985 -4.467836 15.980519 1.038774 1300.635664 47.500925 -130.996173
90.771 2 NPS_GYRO_BIAS 8e-06 1.3e-05 -1e-05
90.771 2 NPS_SENSORS_SCALED -0.962559 -0.592344 -11.304492 -0.09302 0.069448 0.993239
90.771 2 NPS_WIND 0. 0. 0.
90.811 2 AIRSPEED 22.200001 0. 0. 0.
90.812 2 DESIRED 0.61 0.03 4. 5. 1240. 300. -0.9 15.
90.812 2 ATTITUDE 0.598373 1.858026 -0.066113
90.854 2 GPS 3 36035909 481489117 1056 311798 1659 -103 1794 81808 31 0
90.870 2 NPS_RATE_ATTITUDE 1.225309 11.364691 16.857759 34.116477 -2.411988 106.853218
90.871 2 NPS_POS_LLH 0.758763 0.758757 0.75541 0.022227 0.022227 365.931953 10389.932814 126.72116 311.72116
90.871 2 NPS_SPEED_POS 0.142322 -0.470354 0.001345 -4.880465 15.820274 1.040918 1300.285081 48.69352 -130.918183
90.871 2 NPS_GYRO_BIAS 6e-06 1.4e-05 -1.8e-05
90.872 2 NPS_SENSORS_SCALED -0.888516 -0.629365 -11.304492 -0.106415 0.073242 0.991621
90.872 2 NPS_WIND 0. 0. 0.
90.893 2 WP_MOVED 13 360384. 4813792. 260.029999 31
90.893 2 ATTITUDE 0.598291 1.893694 -0.066445
90.971 2 NPS_RATE_ATTITUDE 1.226838 11.310869 16.923579 34.147137 -2.421297 108.548468
90.972 2 NPS_POS_LLH 0.758763 0.758757 0.755409 0.022227 0.022227 365.84498 10389.845844 126.635615 311.635615
90.972 2 NPS_SPEED_POS 0.16125 -0.45178 0.008272 -5.333298 15.630435 1.045071 1299.85946 50.00405 -130.831287
90.973 2 NPS_GYRO_BIAS 8e-06 1.3e-05 -1.6e-05
90.973 2 NPS_SENSORS_SCALED -0.962559 -0.592344 -11.342813 -0.120859 0.077799 0.989616
90.973 2 NPS_WIND 0. 0. 0.
90.975 2 NAVIGATION 36 7 74.5 1299. 210.8 1301.1 81 77 7 0 0 0
91.015 2 IMU_GYRO 0.022217 0.198975 0.294678
91.015 2 ESTIMATOR 311.594574 -1.04
91.016 2 DESIRED 0.61 0.03 4. 5. 1239. 300. -0.9 15.
91.017 2 ATTITUDE 0.598193 1.929138 -0.067021
91.073 2 NPS_RATE_ATTITUDE 1.225959 11.606199 16.989715 34.191833 -2.420059 111.114111
91.073 2 NPS_POS_LLH 0.758763 0.758757 0.755409 0.022227 0.022227 365.71366 10389.714527 126.506671 311.506671
91.073 2 NPS_SPEED_POS 0.191361 -0.426131 0.038584 -6.001665 15.322273 1.053293 1299.150929 51.938899 -130.700096
91.073 2 NPS_GYRO_BIAS 1.6e-05 1.1e-05 -1.8e-05
91.074 2 NPS_SENSORS_SCALED -0.925537 -0.592344 -11.304492 -0.142685 0.085315 0.986084
91.074 2 NPS_WIND 0. 0. 0.
91.097 2 COMMANDS 4181,94,1953,0
91.097 2 CALIBRATION -134.1 0
91.098 2 GPS 3 36036222 481489010 1096 311592 1649 -104 1794 82008 31 0
91.098 2 ATTITUDE 0.598051 1.96521 -0.067147
91.173 2 NPS_RATE_ATTITUDE 1.228047 11.375342 17.046742 34.221667 -2.426557 112.825503
91.174 2 NPS_POS_LLH 0.758762 0.758757 0.755409 0.022228 0.022228 365.625636 10389.626506 126.420386 311.420386
91.174 2 NPS_SPEED_POS 0.172911 -0.418089 -0.005754 -6.441226 15.100914 1.057347 1298.632425 53.206615 -130.612167
91.174 2 NPS_GYRO_BIAS 1.6e-05 1.4e-05 -1.8e-05
91.174 2 NPS_SENSORS_SCALED -0.925537 -0.666387 -11.304492 -0.156936 0.090779 0.983428
91.175 2 NPS_WIND 0. 0. 0.
91.178 2 FBW_STATUS 0 40 1 12.5 6.370094
91.179 2 DESIRED 0.61 0.03 4. 5. 1239. 300. -0.9 15.
91.179 2 ATTITUDE 0.597944 2.000896 -0.067641
91.227 2 NAVIGATION 36 7 80.6 1297. 211. 1299.5 82 77 7 0 0 0
91.274 2 NPS_RATE_ATTITUDE 1.234196 12.201548 17.122796 34.265764 -2.436958 115.405225
91.274 2 NPS_POS_LLH 0.758762 0.758757 0.755409 0.022228 0.022228 365.492701 10389.493576 126.290288 311.290288
91.274 2 NPS_SPEED_POS 0.296117 -0.356516 0.165911 -7.086479 14.746525 1.067562 1297.786776 55.072368 -130.479389
91.274 2 NPS_GYRO_BIAS 1.7e-05 1e-05 -1.5e-05
91.274 2 NPS_SENSORS_SCALED -0.925537 -0.666387 -11.304492 -0.178079 0.099656 0.978957
91.274 2 NPS_WIND 0. 0. 0.
91.305 2 ATTITUDE 0.597784 2.037302 -0.067693
91.347 2 GPS 3 36036525 481488882 1137 311385 1640 -106 1794 82208 31 0
91.374 2 NPS_RATE_ATTITUDE 1.227482 11.618582 17.140102 34.294665 -2.417327 117.147105
91.375 2 NPS_POS_LLH 0.758762 0.758757 0.755409 0.022228 0.022228 365.403532 10389.404411 126.203159 311.203159
91.375 2 NPS_SPEED_POS 0.177847 -0.390739 -0.015771 -7.511742 14.493629 1.069268 1297.178482 56.290798 -130.390333
91.375 2 NPS_GYRO_BIAS 1.2e-05 5e-06 -1.3e-05
91.375 2 NPS_SENSORS_SCALED -0.962559 -0.629365 -11.304492 -0.192514 0.106023 0.97555
91.376 2 NPS_WIND 0. 0. 0.
91.388 2 COMMANDS 4234,97,1998,0
91.389 2 ENERGY 44 12.5 6.46743 80.84288 0.302401 3.780015
91.389 2 WP_MOVED 14 360384. 4813592. 260.029999 31
91.390 2 DESIRED 0.61 0.03 4. 5. 1237. 300. -0.9 15.
91.391 2 ATTITUDE 0.597647 2.07344 -0.067806
91.467 2 NAVIGATION 36 7 83.5 1295.5 210.7 1298.2 82 77 7 0 0 0
91.475 2 NPS_RATE_ATTITUDE 1.225915 11.560651 17.245143 34.335293 -2.436723 119.563874
91.475 2 NPS_POS_LLH 0.758762 0.758757 0.755409 0.022229 0.022229 365.278335 10389.279219 126.081015 311.081016
91.475 2 NPS_SPEED_POS 0.213822 -0.3543 0.008982 -8.092825 14.120258 1.075247 1296.268033 57.960148 -130.265307
91.475 2 NPS_GYRO_BIAS 1e-05 2e-06 -9e-06
91.475 2 NPS_SENSORS_SCALED -0.888516 -0.629365 -11.419453 -0.211485 0.115522 0.97053
91.475 2 NPS_WIND 0. 0. 0.
91.509 2 IMU_ACCEL -0.961914 -0.628906 -11.303711
91.510 2 ESTIMATOR 311.174835 -1.07
91.511 2 LINK_REPORT 2 -1 110 0 110606 4262 0 950. 36. 34 7.3
91.511 2 ATTITUDE 0.597471 2.109753 -0.068317
91.576 2 NPS_RATE_ATTITUDE 1.233764 11.90446 17.284958 34.36361 -2.434207 121.310099
91.576 2 NPS_POS_LLH 0.758762 0.758756 0.755409 0.022229 0.022229 365.18833 10389.189217 125.993328 310.993329
91.576 2 NPS_SPEED_POS 0.241491 -0.328832 0.049208 -8.497958 13.83973 1.081115 1295.576715 59.125236 -130.175431
91.577 2 NPS_GYRO_BIAS 1e-05 5e-06 -1.2e-05
91.577 2 NPS_SENSORS_SCALED -0.851494 -0.592344 -11.381133 -0.22517 0.122738 0.966558
91.577 2 NPS_WIND 0. 0. 0.
91.590 2 IMU_MAG 0. 0. 0.
91.590 2 IMU_GYRO 0.022217 0.205322 0.301025
91.592 2 GPS 3 36037095 481488566 1220 310966 1623 -108 1794 82608 31 0
91.592 2 DESIRED 0.61 0.03 4.1 5. 1236. 300. -0.8 15.
91.593 2 ATTITUDE 0.59727 2.146286 -0.068337
91.677 2 NPS_RATE_ATTITUDE 1.250663 11.609301 17.367648 34.407509 -2.45033 123.924796
91.677 2 NPS_POS_LLH 0.758762 0.758756 0.755409 0.022229 0.022229 365.052598 10389.053491 125.861284 310.861285
91.677 2 NPS_SPEED_POS 0.217944 -0.317879 -0.003241 -9.092089 13.396688 1.08813 1294.477116 60.827765 -130.039907
91.677 2 NPS_GYRO_BIAS 6e-06 4e-06 -1e-05
91.677 2 NPS_SENSORS_SCALED -0.925537 -0.629365 -11.227852 -0.244902 0.134233 0.960211
91.678 2 NPS_WIND 0. 0. 0.
91.733 2 STATE_FILTER_STATUS 4 3 0
91.733 2 DL_VALUE 6 0.
91.733 2 SEGMENT 5. 1300. 5. 1100.
91.734 2 NAVIGATION 36 7 86.3 1294. 210.7 1298.2 82 77 7 0 0 0
91.735 2 ATTITUDE 0.597086 2.182863 -0.068768
91.735 2 NAVIGATION 36 7 86.3 1294. 210.4 1296.9 82 77 7 0 0 0
91.777 2 NPS_RATE_ATTITUDE 1.267868 12.045648 17.415996 34.437368 -2.465661 125.672992
91.777 2 NPS_POS_LLH 0.758762 0.758756 0.755409 0.022229 0.022229 364.961469 10388.962367 125.772751 310.772751
91.777 2 NPS_SPEED_POS 0.279569 -0.268396 0.094274 -9.476154 13.088054 1.095691 1293.703373 61.931371 -129.948925
91.777 2 NPS_GYRO_BIAS 8e-06 7e-06 -1e-05
91.777 2 NPS_SENSORS_SCALED -0.925537 -0.518301 -11.304492 -0.2577 0.142343 0.955682
91.777 2 NPS_WIND 0. 0. 0.
91.796 2 AIRSPEED 22.200001 0. 0. 0.
91.797 2 DESIRED 0.61 0.03 4.1 5. 1234. 300. -0.8 15.
91.797 2 ATTITUDE 0.596888 2.219484 -0.068957
91.837 2 GPS 3 36037358 481488378 1262 310754 1615 -109 1794 82808 31 0
91.878 2 NPS_RATE_ATTITUDE 1.283514 11.684117 17.46362 34.483377 -2.475378 128.311434
91.878 2 NPS_POS_LLH 0.758762 0.758756 0.755408 0.02223 0.02223 364.823748 10388.824653 125.639121 310.639121
91.879 2 NPS_SPEED_POS 0.215683 -0.284288 -0.008445 -10.037753 12.603281 1.104114 1292.483545 63.537337 -129.811436
91.879 2 NPS_GYRO_BIAS 5e-06 3e-06 -1.1e-05
91.879 2 NPS_SENSORS_SCALED -0.777451 -0.518301 -11.342813 -0.276697 0.155161 0.948348
91.879 2 NPS_WIND 0. 0. 0.
91.879 2 WP_MOVED 15 360161.5 4813627.5 260.029999 31
91.879 2 ATTITUDE 0.596676 2.256381 -0.069216
91.918 2 PONG 
91.978 2 NPS_RATE_ATTITUDE 1.294355 11.712047 17.512175 34.511571 -2.495437 129.890353
91.979 2 NPS_POS_LLH 0.758761 0.758756 0.755408 0.02223 0.02223 364.740549 10388.741458 125.558487 310.558488
91.979 2 NPS_SPEED_POS 0.228234 -0.260227 0.008973 -10.363898 12.301427 1.11091 1291.718431 64.471313 -129.728383
91.979 2 NPS_GYRO_BIAS 6e-06 7e-06 -8e-06
91.979 2 NPS_SENSORS_SCALED -0.74043 -0.629365 -11.304492 -0.287533 0.163215 0.943762
91.979 2 NPS_WIND 0. 0. 0.
92.001 2 NAVIGATION 36 7 89. 1292. 209.6 1295.1 82 78 8 0 0 0
92.003 2 AUTOPILOT_VERSION 51500 v5.15_devel-179-g9a29798-dirty
92.004 2 FBW_STATUS 0 40 1 12.5 6.626644
92.004 2 ESTIMATOR 310.53186 -1.11
92.005 2 DESIRED 0.61 0.03 4.1 5. 1232. 300. -0.8 15.
92.005 2 ATTITUDE 0.596516 2.293014 -0.069649
92.079 2 NPS_RATE_ATTITUDE 1.300582 12.05846 17.541405 34.542609 -2.504363 131.659056
92.081 2 NPS_POS_LLH 0.758761 0.758756 0.755408 0.02223 0.02223 364.647446 10388.648359 125.46833 310.468331
92.081 2 NPS_SPEED_POS 0.2529 -0.228603 0.057548 -10.716916 11.956207 1.119087 1290.840008 65.482128 -129.635448
92.082 2 NPS_GYRO_BIAS 4e-06 9e-06 -1.2e-05
92.082 2 NPS_SENSORS_SCALED -0.777451 -0.629365 -11.304492 -0.299583 0.172477 0.93835
92.082 2 NPS_WIND 0. 0. 0.
92.083 2 GPS_SOL 650 100 650 11
92.084 2 GPS 3 36037607 481488173 1304 310540 1607 -111 1794 83008 31 0
92.085 2 ATTITUDE 0.596346 2.330315 -0.069632
92.180 2 NPS_RATE_ATTITUDE 1.30001 11.745993 17.610169 34.588727 -2.529964 134.310694
92.181 2 NPS_POS_LLH 0.758761 0.758755 0.755408 0.022231 0.022231 364.506717 10388.507638 125.332202 310.332203
92.181 2 NPS_SPEED_POS 0.218081 -0.228715 -0.006035 -11.229321 11.418243 1.129005 1289.468111 66.94325 -129.494981
92.181 2 NPS_GYRO_BIAS 3e-06 6e-06 -1.3e-05
92.182 2 NPS_SENSORS_SCALED -0.666387 -0.666387 -11.342813 -0.316858 0.186943 0.929867
92.182 2 NPS_WIND 0. 0. 0.
92.204 2 IMU_GYRO 0.022217 0.205322 0.306396
92.220 2 DESIRED 0.61 0.03 4.1 5. 1232. 300. -0.8 15.
92.220 2 ATTITUDE 0.596184 2.36715 -0.069966
92.244 2 NAVIGATION 36 7 93.8 1287.5 207.5 1290.9 83 78 8 0 0 0
92.281 2 NPS_RATE_ATTITUDE 1.310972 12.48377 17.66159 34.618882 -2.555224 136.080514
92.281 2 NPS_POS_LLH 0.758761 0.758755 0.755408 0.022231 0.022231 364.412077 10388.413003 125.240746 310.240747
92.281 2 NPS_SPEED_POS 0.312389 -0.133991 0.167136 -11.55648 11.048397 1.138555 1288.518613 67.879422 -129.400524
92.281 2 NPS_GYRO_BIAS 4e-06 9e-06 -1.8e-05
92.281 2 NPS_SENSORS_SCALED -0.74043 -0.703408 -11.151211 -0.327843 0.19697 0.923971
92.281 2 NPS_WIND 0. 0. 0.
92.284 2 IMU_ACCEL -0.740234 -0.666016 -11.303711
92.284 2 ATTITUDE 0.596044 2.40461 -0.069838
92.368 2 GPS 3 36037838 481487951 1346 310323 1601 -113 1794 83208 31 0
92.381 2 NPS_RATE_ATTITUDE 1.301654 11.889859 17.674865 34.65981 -2.546651 138.592546
92.382 2 NPS_POS_LLH 0.758761 0.758755 0.755407 0.022231 0.022231 364.278531 10388.279466 125.11181 310.11181
92.382 2 NPS_SPEED_POS 0.196737 -0.21464 -0.032316 -12.000082 10.511347 1.145212 1287.144299 69.137284 -129.267243
92.382 2 NPS_GYRO_BIAS -5e-06 7e-06 -2.4e-05
92.383 2 NPS_SENSORS_SCALED -0.777451 -0.666387 -11.342813 -0.343508 0.211491 0.915026
92.383 2 NPS_WIND 0. 0. 0.
92.409 2 WP_MOVED 16 360289. 4813692. 500.029999 31
92.409 2 DESIRED 0.61 0.04 4.1 5. 1228. 300. -0.8 15.
92.410 2 ATTITUDE 0.595854 2.441748 -0.069742
92.483 2 NPS_RATE_ATTITUDE 1.302101 11.845711 17.741892 34.6889 -2.574151 140.369301
92.483 2 NPS_POS_LLH 0.758761 0.758755 0.755407 0.022231 0.022231 364.18265 10388.18359 125.019325 310.019326
92.483 2 NPS_SPEED_POS 0.210056 -0.181507 -0.012091 -12.30258 10.117511 1.151851 1286.131598 69.99687 -129.171557
92.484 2 NPS_GYRO_BIAS -5e-06 5e-06 -2.9e-05
92.484 2 NPS_SENSORS_SCALED -0.703408 -0.666387 -11.304492 -0.353636 0.222194 0.90861
92.484 2 NPS_WIND 0. 0. 0.
92.491 2 NAVIGATION 36 7 95.9 1285. 206.1 1288.6 83 78 8 0 0 0
92.492 2 ENERGY 45 12.5 6.77911 84.738876 0.304431 3.805395
92.493 2 ESTIMATOR 310.089905 -1.14
92.493 2 ATTITUDE 0.595657 2.479047 -0.069983
92.511 2 LINK_REPORT 2 -1 111 0 111688 4304 0 1082. 42. 35 18.02
92.584 2 NPS_RATE_ATTITUDE 1.320073 12.086079 17.794664 34.73122 -2.597121 143.058727
92.585 2 NPS_POS_LLH 0.75876 0.758755 0.755407 0.022231 0.022231 364.037552 10388.038501 124.879476 309.879477
92.585 2 NPS_SPEED_POS 0.214608 -0.150997 0.010254 -12.73384 9.51116 1.164068 1284.566577 71.223892 -129.026762
92.585 2 NPS_GYRO_BIAS -9e-06 1e-06 -2e-05
92.585 2 NPS_SENSORS_SCALED -0.777451 -0.629365 -11.381133 -0.368529 0.238779 0.898427
92.586 2 NPS_WIND 0. 0. 0.
92.613 2 GPS 3 36038247 481487462 1432 309879 1589 -116 1794 83608 31 0
92.614 2 DESIRED 0.61 0.04 4.1 5. 1225. 300. -0.8 15.
92.614 2 ATTITUDE 0.595429 2.516454 -0.069848
92.684 2 NPS_RATE_ATTITUDE 1.338814 11.910253 17.838675 34.760412 -2.623422 144.848884
92.685 2 NPS_POS_LLH 0.75876 0.758755 0.755407 0.022232 0.022232 363.940046 10387.941 124.785566 309.785567
92.685 2 NPS_SPEED_POS 0.199655 -0.14727 -0.013479 -13.007071 9.095901 1.171513 1283.493949 71.999236 -128.929463
92.685 2 NPS_GYRO_BIAS -8e-06 -1e-06 -2.3e-05
92.685 2 NPS_SENSORS_SCALED -0.703408 -0.592344 -11.304492 -0.377778 0.250177 0.891457
92.685 2 NPS_WIND 0. 0. 0.
92.695 2 NAVIGATION 36 7 97.8 1282.5 206.1 1288.6 83 78 8 0 0 0
92.695 2 ATTITUDE 0.595202 2.553955 -0.070108
92.736 2 NAVIGATION 36 7 97.8 1282.5 204.8 1286.2 83 78 8 0 0 0
92.785 2 NPS_RATE_ATTITUDE 1.365981 12.327022 17.881427 34.801877 -2.659759 147.36399
92.785 2 NPS_POS_LLH 0.75876 0.758754 0.755407 0.022232 0.022232 363.802289 10387.803252 124.65297 309.652971
92.785 2 NPS_SPEED_POS 0.227486 -0.086072 0.070198 -13.367925 8.502571 1.185128 1281.955168 73.025959 -128.792004
92.785 2 NPS_GYRO_BIAS -1.3e-05 -1e-06 -1.8e-05
92.785 2 NPS_SENSORS_SCALED -0.703408 -0.592344 -11.227852 -0.390091 0.266581 0.881342
92.785 2 NPS_WIND 0. 0. 0.
92.817 2 AIRSPEED 22.200001 0. 0. 0.
92.817 2 IMU_GYRO 0.022217 0.214844 0.310547
92.818 2 DESIRED 0.61 0.04 4.1 5. 1222. 300. -0.7 15.
92.819 2 ATTITUDE 0.594968 2.591456 -0.070118
92.859 2 GPS 3 36038422 481487197 1475 309652 1584 -118 1794 83808 31 0
92.886 2 NPS_RATE_ATTITUDE 1.378184 12.015498 17.896946 34.832225 -2.67723 149.169184
92.887 2 NPS_POS_LLH 0.75876 0.758754 0.755406 0.022232 0.022232 363.702986 10387.703956 124.557438 309.557438
92.887 2 NPS_SPEED_POS 0.182541 -0.124322 -0.012694 -13.61173 8.068345 1.192835 1280.830929 73.716468 -128.69292
92.887 2 NPS_GYRO_BIAS -1.3e-05 3e-06 -2.6e-05
92.887 2 NPS_SENSORS_SCALED -0.777451 -0.592344 -11.266172 -0.398551 0.278591 0.87381
92.888 2 NPS_WIND 0. 0. 0.
92.899 2 IMU_MAG 0. 0. 0.
92.900 2 SEGMENT 5. 1300. 5. 1100.
92.901 2 WP_MOVED 17 360289. 4813892. 300.029999 31
92.902 2 ATTITUDE 0.594797 2.629219 -0.070167
92.982 2 NAVIGATION 36 7 99.6 1280. 203.4 1283.9 83 79 9 0 0 0
92.982 2 ESTIMATOR 309.405792 -1.2
92.983 2 DESIRED 0.61 0.04 4.1 5. 1220. 300. -0.7 15.
92.983 2 ATTITUDE 0.594677 2.666658 -0.070354
92.986 2 NPS_RATE_ATTITUDE 1.386521 11.988358 17.960551 34.877785 -2.729592 151.866393
92.987 2 NPS_POS_LLH 0.758759 0.758754 0.755406 0.022232 0.022232 363.552684 10387.553663 124.412914 309.412914
92.987 2 NPS_SPEED_POS 0.190006 -0.08805 0.013953 -13.952386 7.40516 1.207399 1279.107854 74.683699 -128.542953
92.987 2 NPS_GYRO_BIAS -7e-06 9e-06 -2.9e-05
92.987 2 NPS_SENSORS_SCALED -0.703408 -0.629365 -11.342813 -0.409976 0.297022 0.862379
92.987 2 NPS_WIND 0. 0. 0.
93.087 2 NPS_RATE_ATTITUDE 1.392234 12.199171 17.971043 34.906772 -2.746488 153.682014
93.087 2 NPS_POS_LLH 0.758759 0.758754 0.755406 0.022232 0.022232 363.451398 10387.452384 124.315557 309.315558
93.088 2 NPS_SPEED_POS 0.17538 -0.081185 0.013606 -14.163123 6.954484 1.217197 1277.936298 75.282081 -128.441895
93.088 2 NPS_GYRO_BIAS -5e-06 1e-05 -3.4e-05
93.088 2 NPS_SENSORS_SCALED -0.703408 -0.666387 -11.381133 -0.417385 0.309567 0.854376
93.088 2 NPS_WIND 0. 0. 0.
93.102 2 IMU_ACCEL -0.666016 -0.628906 -11.303711
93.103 2 GPS 3 36038575 481486921 1518 309422 1579 -120 1794 84008 31 0
93.104 2 ATTITUDE 0.594516 2.70471 -0.070117
93.183 2 FBW_STATUS 0 40 1 12.5 6.899401
93.183 2 CALIBRATION -150. 0
93.184 2 DL_VALUE 7 84.
93.184 2 DESIRED 0.61 0.04 4.1 5. 1220. 300. -0.7 15.
93.185 2 ATTITUDE 0.594482 2.742259 -0.070229
93.188 2 NPS_RATE_ATTITUDE 1.391702 11.998653 18.027595 34.947081 -2.795454 156.211319
93.188 2 NPS_POS_LLH 0.758759 0.758753 0.755406 0.022233 0.022232 363.308339 10387.309334 124.178094 309.178094
93.189 2 NPS_SPEED_POS 0.156889 -0.07542 -0.011078 -14.436097 6.312667 1.230383 1276.26774 76.056088 -128.299162
93.189 2 NPS_GYRO_BIAS -5e-06 9e-06 -3.8e-05
93.189 2 NPS_SENSORS_SCALED -0.703408 -0.592344 -11.227852 -0.426548 0.327439 0.843113
93.189 2 NPS_WIND 0. 0. 0.
93.235 2 NAVIGATION 36 7 102.5 1274. 199.4 1278.1 84 79 9 0 0 0
93.288 2 NPS_RATE_ATTITUDE 1.389616 12.828143 18.048455 34.973834 -2.823648 158.028662
93.288 2 NPS_POS_LLH 0.758759 0.758753 0.755406 0.022233 0.022233 363.205083 10387.206085 124.078897 309.078898
93.288 2 NPS_SPEED_POS 0.204268 0.031688 0.150912 -14.613877 5.848546 1.242168 1275.057225 76.562844 -128.196142
93.288 2 NPS_GYRO_BIAS -1e-06 9e-06 -4.2e-05
93.288 2 NPS_SENSORS_SCALED -0.74043 -0.592344 -11.381133 -0.432676 0.340412 0.834812
93.288 2 NPS_WIND 0. 0. 0.
93.310 2 ATTITUDE 0.594418 2.780425 -0.069842
93.351 2 GPS 3 36038708 481486635 1562 309187 1575 -123 1794 84208 31 0
93.389 2 NPS_RATE_ATTITUDE 1.371464 12.220249 18.038149 34.998694 -2.826697 159.863334
93.389 2 NPS_POS_LLH 0.758759 0.758753 0.755405 0.022233 0.022233 363.101045 10387.102054 123.978967 308.978967
93.389 2 NPS_SPEED_POS 0.13432 -0.082452 -0.029269 -14.779577 5.375511 1.248423 1273.832406 77.030565 -128.092344
93.390 2 NPS_GYRO_BIAS -3e-06 9e-06 -4.5e-05
93.390 2 NPS_SENSORS_SCALED -0.703408 -0.629365 -11.419453 -0.438768 0.353514 0.826142
93.390 2 NPS_WIND 0. 0. 0.
93.391 2 DATALINK_REPORT 2 35 0 1006 0 0
93.392 2 IMU_GYRO 0.023193 0.21167 0.311768
93.392 2 WP_MOVED 18 360289. 4814092. 500.029999 31
93.393 2 DESIRED 0.61 0.04 4.2 5. 1214. 300. -0.7 15.
93.393 2 ATTITUDE 0.594348 2.818296 -0.069504
93.473 2 NAVIGATION 36 7 103.5 1271.5 197.8 1275.7 84 79 9 0 0 0
93.490 2 NPS_RATE_ATTITUDE 1.363024 12.106408 18.11374 35.033877 -2.884524 162.584525
93.490 2 NPS_POS_LLH 0.758758 0.758753 0.755405 0.022233 0.022233 362.943908 10386.944927 123.828073 308.828074
93.491 2 NPS_SPEED_POS 0.130478 -0.04338 -0.010304 -15.000424 4.659021 1.26124 1271.9708 77.657778 -127.935571
93.491 2 NPS_GYRO_BIAS -1e-06 5e-06 -4e-05
93.492 2 NPS_SENSORS_SCALED -0.666387 -0.518301 -11.381133 -0.446074 0.373404 0.81338
93.492 2 NPS_WIND 0. 0. 0.
93.513 2 LINK_REPORT 2 -1 112 0 112635 4340 0 947. 36. 35 18.02
93.514 2 ALIVE 48,227,73,111,232,6,121,226,245,160,22,77,177,74,97,28
93.514 2 ESTIMATOR 308.929291 -1.25
93.514 2 ATTITUDE 0.59423 2.856228 -0.069584
93.591 2 NPS_RATE_ATTITUDE 1.366571 12.419211 18.123574 35.055078 -2.904682 164.417305
93.592 2 NPS_POS_LLH 0.758758 0.758752 0.755405 0.022233 0.022233 362.838114 10386.83914 123.72649 308.72649
93.593 2 NPS_SPEED_POS 0.130894 -0.018298 0.024004 -15.129314 4.176659 1.271144 1270.715305 78.025981 -127.830024
93.593 2 NPS_GYRO_BIAS -3e-06 2e-06 -3.4e-05
93.593 2 NPS_SENSORS_SCALED -0.703408 -0.629365 -11.381133 -0.450663 0.386829 0.804529
93.593 2 NPS_WIND 0. 0. 0.
93.594 2 ENERGY 47 12.5 7.020247 87.75309 0.306541 3.831769
93.594 2 GPS 3 36038904 481486038 1649 308706 1569 -127 1794 84608 31 0
93.595 2 DESIRED 0.61 0.04 4.2 5. 1212. 300. -0.7 15.
93.595 2 ATTITUDE 0.594145 2.894325 -0.06922
93.691 2 NPS_RATE_ATTITUDE 1.368379 12.138462 18.161062 35.083934 -2.952074 166.972819
93.692 2 NPS_POS_LLH 0.758758 0.758752 0.755405 0.022233 0.022233 362.688795 10386.689831 123.583122 308.583122
93.692 2 NPS_SPEED_POS 0.105988 -0.03546 -0.021186 -15.285932 3.493692 1.283243 1268.940796 78.473464 -127.681053
93.692 2 NPS_GYRO_BIAS 0. 1.2e-05 -3.5e-05
93.693 2 NPS_SENSORS_SCALED -0.74043 -0.629365 -11.381133 -0.455918 0.405795 0.792129
93.693 2 NPS_WIND 0. 0. 0.
93.745 2 NAVIGATION 36 7 104.4 1268.5 197.8 1275.7 84 79 9 0 0 0
93.745 2 ATTITUDE 0.594025 2.932459 -0.069209
93.745 2 NAVIGATION 36 7 104.4 1268.5 195.6 1272.8 84 79 9 0 0 0
93.792 2 NPS_RATE_ATTITUDE 1.373879 12.548605 18.183694 35.103512 -2.991402 168.798685
93.792 2 NPS_POS_LLH 0.758758 0.758752 0.755404 0.022233 0.022233 362.581155 10386.582199 123.479767 308.479768
93.792 2 NPS_SPEED_POS 0.118344 0.036148 0.075323 -15.379633 3.00347 1.294399 1267.662958 78.744192 -127.573665
93.792 2 NPS_GYRO_BIAS 2e-06 1.5e-05 -3.6e-05
93.792 2 NPS_SENSORS_SCALED -0.74043 -0.555322 -11.342813 -0.458981 0.419459 0.783193
93.792 2 NPS_WIND 0. 0. 0.
93.796 2 AIRSPEED 22.200001 0. 0. 0.
93.797 2 DESIRED 0.61 0.04 4.2 5. 1208. 300. -0.6 15.
93.797 2 ATTITUDE 0.59405 2.970583 -0.068995
93.838 2 GPS 3 36038967 481485730 1693 308458 1566 -129 1794 84808 31 0
93.879 2 STATE_FILTER_STATUS 4 3 0
93.879 2 IMU_ACCEL -0.777344 -0.591797 -11.227539
93.880 2 WP_MOVED 19 360289. 4814292. 300.029999 31
93.880 2 ATTITUDE 0.594056 3.009 -0.068762
93.893 2 NPS_RATE_ATTITUDE 1.365644 12.191226 18.182831 35.130448 -3.030722 171.552509
93.894 2 NPS_POS_LLH 0.758757 0.758752 0.755404 0.022233 0.022233 362.418113 10386.419167 123.323197 308.323198
93.894 2 NPS_SPEED_POS 0.08106 -0.032046 -0.024803 -15.493093 2.260694 1.307892 1265.733065 79.073273 -127.411002
93.894 2 NPS_GYRO_BIAS 4e-06 2e-05 -3.5e-05
93.894 2 NPS_SENSORS_SCALED -0.777451 -0.592344 -11.227852 -0.462937 0.440067 0.769435
93.894 2 NPS_WIND 0. 0. 0.
93.994 2 NPS_RATE_ATTITUDE 1.357428 12.158415 18.206812 35.145147 -3.070114 173.195675
93.995 2 NPS_POS_LLH 0.758757 0.758752 0.755404 0.022233 0.022233 362.319451 10386.320512 123.228439 308.22844
93.995 2 NPS_SPEED_POS 0.073731 -0.01671 -0.014167 -15.544821 1.813526 1.317253 1264.569066 79.226058 -127.31257
93.995 2 NPS_GYRO_BIAS 4e-06 1.6e-05 -3.3e-05
93.995 2 NPS_SENSORS_SCALED -0.703408 -0.555322 -11.304492 -0.464494 0.452475 0.761256
93.995 2 NPS_WIND 0. 0. 0.
94.000 2 NAVIGATION 36 7 105.1 1265.5 193.4 1269.9 84 80 10 0 0 0
94.001 2 FBW_STATUS 0 40 1 12.5 7.069134
94.001 2 IMU_GYRO 0.023193 0.213867 0.314941
94.002 2 ESTIMATOR 308.184662 -1.32
94.002 2 DESIRED 0.61 0.04 4.2 5. 1206. 300. -0.6 15.
94.003 2 ATTITUDE 0.594014 3.047006 -0.068759
94.082 2 GPS_SOL 650 100 650 11
94.083 2 SEGMENT 5. 1300. 5. 1100.
94.084 2 GPS 3 36039008 481485421 1737 308207 1564 -132 1794 85008 31 0
94.084 2 ATTITUDE 0.593913 3.085605 -0.068287
94.096 2 NPS_RATE_ATTITUDE 1.346635 12.343559 18.202079 35.165208 -3.11142 175.954488
94.096 2 NPS_POS_LLH 0.758757 0.758751 0.755404 0.022233 0.022233 362.153372 10386.154444 123.06889 308.068891
94.096 2 NPS_SPEED_POS 0.061165 -0.01396 -0.007076 -15.603835 1.065211 1.332663 1262.621933 79.406063 -127.146876
94.097 2 NPS_GYRO_BIAS 1e-06 1.9e-05 -3.6e-05
94.097 2 NPS_SENSORS_SCALED -0.518301 -0.703408 -11.381133 -0.466545 0.473195 0.747277
94.097 2 NPS_WIND 0. 0. 0.
94.197 2 NPS_RATE_ATTITUDE 1.34266 12.161554 18.223682 35.17734 -3.152544 177.78464
94.197 2 NPS_POS_LLH 0.758757 0.758751 0.755403 0.022233 0.022233 362.041686 10386.042766 122.961568 307.961569
94.197 2 NPS_SPEED_POS 0.048744 -0.019714 -0.025886 -15.624394 0.564443 1.342022 1261.32065 79.473958 -127.035447
94.198 2 NPS_GYRO_BIAS -1e-06 1.9e-05 -3.1e-05
94.198 2 NPS_SENSORS_SCALED -0.74043 -0.666387 -11.381133 -0.467038 0.487012 0.738034
94.198 2 NPS_WIND 0. 0. 0.
94.204 2 IMU_MAG 0. 0. 0.
94.205 2 DESIRED 0.61 0.04 4.2 5. 1206. 300. -0.6 15.
94.205 2 ATTITUDE 0.593877 3.123715 -0.068202
94.246 2 NAVIGATION 36 7 105.6 1259. 188.2 1263.4 85 80 10 0 0 0
94.285 2 PPRZ_MODE 2 3 3 1 0 21
94.285 2 ATTITUDE 0.593833 -3.12073 -0.067637
94.296 2 NPS_RATE_ATTITUDE 1.338809 13.022375 18.213189 35.190595 -3.190219 -179.635154
94.296 2 NPS_POS_LLH 0.758756 0.758751 0.755403 0.022233 0.022233 361.883826 10385.884916 122.809823 307.809823
94.296 2 NPS_SPEED_POS 0.050758 0.079134 0.120656 -15.627177 -0.135674 1.357464 1259.497347 79.498994 -126.877947
94.296 2 NPS_GYRO_BIAS 1e-06 1.7e-05 -3.1e-05
94.297 2 NPS_SENSORS_SCALED -0.592344 -0.666387 -11.381133 -0.467154 0.506349 0.724829
94.297 2 NPS_WIND 0. 0. 0.
94.367 2 GPS 3 36039023 481485108 1781 307950 1563 -134 1794 85208 31 0
94.398 2 NPS_RATE_ATTITUDE 1.324977 12.31728 18.194378 35.198659 -3.200596 -177.784043
94.398 2 NPS_POS_LLH 0.758756 0.758751 0.755403 0.022233 0.022233 361.770241 10385.771338 122.700603 307.700604
94.398 2 NPS_SPEED_POS 0.03138 -0.047358 -0.051401 -15.611097 -0.639962 1.362203 1258.195644 79.466676 -126.76462
94.398 2 NPS_GYRO_BIAS 1e-06 1.6e-05 -3.2e-05
94.399 2 NPS_SENSORS_SCALED -0.629365 -0.629365 -11.304492 -0.466852 0.520108 0.715218
94.399 2 NPS_WIND 0. 0. 0.
94.408 2 WP_MOVED 20 360289. 4814492. 500.029999 31
94.408 2 DESIRED 0.61 0.04 4.2 5. 1199. 300. -0.6 15.
94.409 2 ATTITUDE 0.59383 -3.082358 -0.067026
94.491 2 NAVIGATION 36 7 105.5 1256. 185.6 1260.4 85 80 10 0 0 0
94.491 2 ESTIMATOR 307.665283 -1.36
94.492 2 ATTITUDE 0.59383 -3.043966 -0.066941
94.498 2 NPS_RATE_ATTITUDE 1.304325 12.504357 18.248395 35.207985 -3.261885 -175.035602
94.499 2 NPS_POS_LLH 0.758756 0.75875 0.755403 0.022233 0.022233 361.5989 10385.600008 122.535797 307.535797
94.499 2 NPS_SPEED_POS 0.025073 0.041396 0.046576 -15.557713 -1.391027 1.374384 1256.247228 79.339654 -126.593665
94.499 2 NPS_GYRO_BIAS 6e-06 1e-05 -2.9e-05
94.499 2 NPS_SENSORS_SCALED -0.666387 -0.703408 -11.342813 -0.464703 0.540657 0.701243
94.499 2 NPS_WIND 0. 0. 0.
94.513 2 LINK_REPORT 2 -1 113 0 113688 4381 0 1053. 41. 35 18.02
94.599 2 NPS_RATE_ATTITUDE 1.28877 12.507685 18.23349 35.210395 -3.276032 -173.182089
94.600 2 NPS_POS_LLH 0.758756 0.75875 0.755402 0.022233 0.022233 361.483759 10385.484874 122.424996 307.424996
94.600 2 NPS_SPEED_POS 0.011809 -0.001893 -0.004831 -15.502927 -1.890362 1.382025 1254.952929 79.202942 -126.478781
94.600 2 NPS_GYRO_BIAS 5e-06 1.3e-05 -2.8e-05
94.601 2 NPS_SENSORS_SCALED -0.518301 -0.592344 -11.419453 -0.463007 0.554279 0.691665
94.601 2 NPS_WIND 0. 0. 0.
94.612 2 IMU_GYRO 0.023193 0.218018 0.315918
94.613 2 GPS 3 36038983 481484486 -1730 307424 1561 -138 1794 85608 31 0
94.614 2 DESIRED 0.61 0.05 4.2 5. 1196. 300. -0.6 15.
94.614 2 ATTITUDE 0.593806 -3.005442 -0.066293
94.694 2 DL_VALUE 8 100.
94.695 2 ENERGY 48 12.5 7.25179 90.647377 0.308723 3.859048
94.695 2 NAVIGATION 36 7 105.2 1253. 185.6 1260.4 85 80 10 0 0 0
94.696 2 IMU_ACCEL -0.666016 -0.628906 -11.342773
94.696 2 ATTITUDE 0.593773 -2.966976 -0.066131
94.700 2 NPS_RATE_ATTITUDE 1.288584 12.277523 18.255046 35.212661 -3.330984 -170.425395
94.701 2 NPS_POS_LLH 0.758755 0.75875 0.755402 0.022233 0.022233 361.309978 10385.311104 122.257692 307.257692
94.701 2 NPS_SPEED_POS -0.002712 -0.009475 -0.022885 -15.392088 -2.635754 1.393183 1253.021636 78.919968 -126.305384
94.701 2 NPS_GYRO_BIAS 5e-06 5e-06 -2.5e-05
94.701 2 NPS_SENSORS_SCALED -0.629365 -0.592344 -11.304492 -0.458969 0.574554 0.677669
94.701 2 NPS_WIND 0. 0. 0.
94.738 2 NAVIGATION 36 7 105.2 1253. 182.9 1257.4 85 80 10 0 0 0
94.801 2 NPS_RATE_ATTITUDE 1.289304 12.762053 18.242679 35.212409 -3.35617 -168.764532
94.802 2 NPS_POS_LLH 0.758755 0.75875 0.755402 0.022233 0.022233 361.204937 10385.20607 122.156513 307.156513
94.802 2 NPS_SPEED_POS -0.01206 0.050423 0.069216 -15.309135 -3.079008 1.401596 1251.870262 78.705655 -126.200573
94.802 2 NPS_GYRO_BIAS 6e-06 1.1e-05 -2.1e-05
94.803 2 NPS_SENSORS_SCALED -0.555322 -0.666387 -11.342813 -0.45609 0.586624 0.669219
94.803 2 NPS_WIND 0. 0. 0.
94.816 2 AIRSPEED 22.200001 0. 0. 0.
94.817 2 DESIRED 0.61 0.05 4.2 5. 1193. 300. -0.6 15.
94.817 2 ATTITUDE 0.593742 -2.928513 -0.065756
94.858 2 GPS 3 36038927 481484178 -1686 307156 1561 -140 1794 85808 31 0
94.899 2 WP_MOVED 21 360289. 4814692. 300.029999 31
94.899 2 ATTITUDE 0.593724 -2.889888 -0.065344
94.902 2 NPS_RATE_ATTITUDE 1.276758 12.297798 18.217685 35.210237 -3.392226 -165.997209
94.903 2 NPS_POS_LLH 0.758755 0.758749 0.755402 0.022233 0.022233 361.02878 10385.029923 121.986739 306.986739
94.903 2 NPS_SPEED_POS -0.015931 -0.030723 -0.033121 -15.14337 -3.815258 1.410939 1249.966625 78.274675 -126.024794
94.903 2 NPS_GYRO_BIAS 3e-06 1.7e-05 -2.2e-05
94.904 2 NPS_SENSORS_SCALED -0.592344 -0.592344 -11.304492 -0.450441 0.606505 0.655175
94.904 2 NPS_WIND 0. 0. 0.
94.980 2 NAVIGATION 36 7 104.7 1250. 180.1 1254.4 85 81 11 0 0 0
94.981 2 ESTIMATOR 306.857666 -1.42
94.981 2 DESIRED 0.61 0.05 4.2 5. 1190. 300. -0.5 15.
94.982 2 ATTITUDE 0.593681 -2.851659 -0.065175
95.003 2 NPS_RATE_ATTITUDE 1.276856 12.301511 18.224246 35.207334 -3.430538 -164.162596
95.004 2 NPS_POS_LLH 0.758755 0.758749 0.755401 0.022233 0.022233 360.910623 10384.911773 121.872796 306.872797
95.004 2 NPS_SPEED_POS -0.021567 -0.003855 -0.000154 -15.014294 -4.299941 1.419068 1248.709954 77.936506 -125.906888
95.005 2 NPS_GYRO_BIAS -0. 1.5e-05 -2.4e-05
95.005 2 NPS_SENSORS_SCALED -0.629365 -0.703408 -11.342813 -0.445829 0.619589 0.646023
95.005 2 NPS_WIND 0. 0. 0.
95.102 2 GPS 3 36038847 481483876 -1642 306884 1561 -142 1794 86008 31 0
95.103 2 ATTITUDE 0.593671 -2.812867 -0.064495
95.104 2 NPS_RATE_ATTITUDE 1.267726 12.399323 18.187422 35.200666 -3.453682 -161.575001
95.104 2 NPS_POS_LLH 0.758754 0.758749 0.755401 0.022233 0.022233 360.7441 10384.74526 121.712109 306.712109
95.104 2 NPS_SPEED_POS -0.029332 -0.035019 -0.025069 -14.808143 -4.972387 1.428369 1246.970025 77.395583 -125.740713
95.105 2 NPS_GYRO_BIAS 3e-06 1.9e-05 -2.3e-05
95.105 2 NPS_SENSORS_SCALED -0.629365 -0.629365 -11.419453 -0.438935 0.63765 0.633039
95.105 2 NPS_WIND 0. 0. 0.
95.184 2 FBW_STATUS 0 40 1 12.5 7.346559
95.184 2 IMU_GYRO 0.022217 0.21582 0.315918
95.186 2 DESIRED 0.61 0.05 4.2 5. 1190. 300. -0.5 15.
95.186 2 ATTITUDE 0.593656 -2.774599 -0.064236
95.205 2 NPS_RATE_ATTITUDE 1.258552 12.284412 18.196452 35.194926 -3.488321 -159.741047
95.205 2 NPS_POS_LLH 0.758754 0.758749 0.755401 0.022233 0.022233 360.624571 10384.625738 121.596695 306.596696
95.206 2 NPS_SPEED_POS -0.037861 -0.033022 -0.026021 -14.643271 -5.446788 1.434802 1245.742784 76.961403 -125.621429
95.206 2 NPS_GYRO_BIAS 6e-06 2.3e-05 -2.2e-05
95.206 2 NPS_SENSORS_SCALED -0.592344 -0.666387 -11.304492 -0.433161 0.650343 0.62404
95.206 2 NPS_WIND 0. 0. 0.
95.247 2 NAVIGATION 36 7 102.8 1244. 174.1 1248.2 86 81 11 0 0 0
95.305 2 NPS_RATE_ATTITUDE 1.241766 12.932623 18.138267 35.181686 -3.498038 -156.961164
95.305 2 NPS_POS_LLH 0.758754 0.758748 0.755401 0.022233 0.022233 360.444142 10384.445319 121.422349 306.422349
95.305 2 NPS_SPEED_POS -0.048986 0.000387 0.046732 -14.368353 -6.147853 1.4442 1243.92919 76.236684 -125.441364
95.305 2 NPS_GYRO_BIAS 5e-06 2e-05 -1.9e-05
95.306 2 NPS_SENSORS_SCALED -0.592344 -0.629365 -11.419453 -0.424124 0.669035 0.610337
95.306 2 NPS_WIND 0. 0. 0.
95.306 2 CALIBRATION -150. 0
95.306 2 SEGMENT 5. 1300. 5. 1100.
95.306 2 ATTITUDE 0.593657 -2.735754 -0.063467
95.346 2 GPS 3 36038745 481483582 -1597 306608 1562 -143 1794 86208 31 0
95.387 2 WP_MOVED 22 360289. 4814892. 500.029999 31
95.387 2 DESIRED 0.61 0.05 4.2 5. 1184. 300. -0.5 15.
95.388 2 ATTITUDE 0.593671 -2.697233 -0.062703
95.406 2 NPS_RATE_ATTITUDE 1.219187 12.34431 18.130166 35.171756 -3.509809 -155.117883
95.406 2 NPS_POS_LLH 0.758754 0.758748 0.755401 0.022232 0.022232 360.323544 10384.324727 121.305738 306.305739
95.406 2 NPS_SPEED_POS -0.031812 -0.072949 -0.061471 -14.165837 -6.611092 1.444798 1242.740168 75.705004 -125.321004
95.406 2 NPS_GYRO_BIAS 8e-06 2.1e-05 -1.9e-05
95.407 2 NPS_SENSORS_SCALED -0.444258 -0.666387 -11.534414 -0.41743 0.681217 0.601412
95.407 2 NPS_WIND 0. 0. 0.
95.468 2 NAVIGATION 36 7 101.6 1241. 170.9 1245.1 86 81 11 0 0 0
95.507 2 NPS_RATE_ATTITUDE 1.206099 12.352411 18.153838 35.161418 -3.537617 -153.470014
95.508 2 NPS_POS_LLH 0.758754 0.758748 0.7554 0.022232 0.022232 360.214857 10384.216047 121.20059 306.200591
95.508 2 NPS_SPEED_POS -0.049278 -0.042657 -0.027377 -13.972114 -7.020075 1.448305 1241.684928 75.193788 -125.212529
95.508 2 NPS_GYRO_BIAS 1.1e-05 1.8e-05 -2e-05
95.508 2 NPS_SENSORS_SCALED -0.518301 -0.666387 -11.304492 -0.410767 0.691999 0.593639
95.508 2 NPS_WIND 0. 0. 0.
95.508 2 IMU_MAG 0. 0. 0.
95.508 2 IMU_ACCEL -0.628906 -0.740234 -11.457031
95.509 2 ESTIMATOR 306.302155 -1.44
95.509 2 ATTITUDE 0.593677 -2.658836 -0.062425
95.515 2 LINK_REPORT 2 -1 114 0 114701 4420 0 1013. 39. 35 18.02
95.589 2 GPS 3 36038473 481483020 -1509 306048 1564 -145 1794 86608 31 0
95.590 2 DESIRED 0.57 0.05 4.2 5. 1181. 300. -0.5 15.
95.590 2 ATTITUDE 0.588736 -2.620114 -0.061705
95.607 2 NPS_RATE_ATTITUDE -2.495298 12.301537 18.300738 34.854312 -3.557571 -150.69125
95.607 2 NPS_POS_LLH 0.758753 0.758748 0.7554 0.022232 0.022232 360.033095 10384.034294 121.024613 306.024614
95.608 2 NPS_SPEED_POS -0.092182 0.003803 -0.096117 -13.624745 -7.687966 1.452138 1239.959808 74.274391 -125.031114
95.608 2 NPS_GYRO_BIAS 5e-06 1.5e-05 -2.1e-05
95.608 2 NPS_SENSORS_SCALED -0.555322 -0.555322 -11.457773 -0.399082 0.706749 0.584157
95.608 2 NPS_WIND 0. 0. 0.
95.707 2 NPS_RATE_ATTITUDE -2.555012 11.890078 18.219412 34.524165 -3.596496 -148.862419
95.708 2 NPS_POS_LLH 0.758753 0.758747 0.7554 0.022232 0.022232 359.911867 10383.913073 120.90716 305.90716
95.708 2 NPS_SPEED_POS -0.098548 -0.011383 -0.119001 -13.378339 -8.121065 1.45221 1238.834609 73.615592 -124.910113
95.708 2 NPS_GYRO_BIAS 5e-06 1.4e-05 -1.8e-05
95.709 2 NPS_SENSORS_SCALED -0.629365 -0.666387 -11.419453 -0.390413 0.715048 0.579901
95.709 2 NPS_WIND 0. 0. 0.
95.711 2 NAVIGATION 36 7 100.1 1238. 170.9 1245.1 86 81 11 0 0 0
95.711 2 ATTITUDE 0.582225 -2.581798 -0.061692
95.753 2 NAVIGATION 36 7 100.1 1238. 167.6 1242. 86 81 11 0 0 0
