90.541 2 NPS_RATE_ATTITUDE -0.026004 -0.012314 0.025867 0.264078 6.131208 -1.099908
90.542 2 NPS_POS_LLH 0.758751 0.758746 0.755398 0.022211 0.022211 368.498964 10392.500236 129.533514 314.533514
90.542 2 NPS_SPEED_POS 0.126723 -0.005358 -0.02624 19.071044 -0.350946 -2.266566 1227.114201 -21.623163 -133.499868
90.542 2 NPS_GYRO_BIAS 3e-06 1.8e-05 -6e-06
90.542 2 NPS_SENSORS_SCALED 1.221709 -0.074043 -9.618398 0.285282 0.03237 0.957901
90.542 2 NPS_WIND 0. 0. 0.
90.620 2 NAVIGATION 36 7 3.8 1227. 73. 1227. 77 69 0 0 0 0
90.642 2 NPS_RATE_ATTITUDE -0.01186 -0.01559 0.022151 0.262689 6.130308 -1.097861
90.642 2 NPS_POS_LLH 0.758752 0.758746 0.755398 0.022211 0.022211 368.688228 10392.689491 129.717446 314.717447
90.642 2 NPS_SPEED_POS 0.124578 -0.003813 -0.027027 19.081574 -0.350663 -2.268414 1228.703894 -21.652397 -133.688825
90.643 2 NPS_GYRO_BIAS 5e-06 1.5e-05 -9e-06
90.643 2 NPS_SENSORS_SCALED 1.25873 -0.074043 -9.733359 0.285298 0.032333 0.957897
90.643 2 NPS_WIND 0. 0. 0.
90.660 2 ESTIMATOR 314.538513 2.26
90.660 2 ATTITUDE 0.012171 -0.018046 0.133406
90.742 2 GPS 3 36028848 481482261 -10 314938 1909 227 1794 76858 31 0
90.743 2 NPS_RATE_ATTITUDE 0.042767 -0.001732 0.012371 0.265896 6.128716 -1.095737
90.744 2 NPS_POS_LLH 0.758752 0.758746 0.755399 0.022211 0.022211 368.972408 10392.973658 129.993624 314.993624
90.744 2 NPS_SPEED_POS 0.121826 -0.000267 -0.020538 19.097051 -0.35019 -2.27106 1231.090063 -21.696201 -133.972544
90.744 2 NPS_GYRO_BIAS 8e-06 1.2e-05 -8e-06
90.745 2 NPS_SENSORS_SCALED 1.221709 -0. -9.656719 0.285326 0.032372 0.957888
90.745 2 NPS_WIND 0. 0. 0.
90.745 2 DESIRED 0.05 0.2 0. 5. 1283. 500. 4. 15.
90.746 2 ATTITUDE 0.012178 -0.018074 0.133469
90.799 2 LINK_REPORT 2 -1 109 0 109384 4214 0 975. 37. 33 10.34
90.824 2 NAVIGATION 36 7 3.8 1230.5 73. 1227. 77 69 0 0 0 0
90.824 2 IMU_ACCEL 1.18457 0.036133 -9.80957
90.825 2 ATTITUDE 0.012203 -0.018104 0.133577
90.859 2 NPS_RATE_ATTITUDE 0.05074 0.004829 0.00751 0.269902 6.129649 -1.094926
90.860 2 NPS_POS_LLH 0.758752 0.758747 0.755399 0.022211 0.022211 369.162049 10393.16329 130.177926 315.177927
90.860 2 NPS_SPEED_POS 0.119319 0.001389 -0.024003 19.107101 -0.349852 -2.273021 1232.681904 -21.725369 -134.161877
90.860 2 NPS_GYRO_BIAS 9e-06 1.2e-05 -1.2e-05
90.860 2 NPS_SENSORS_SCALED 1.184687 0.037021 -9.81 0.285311 0.032433 0.95789
90.860 2 NPS_WIND 0. 0. 0.
90.864 2 NAVIGATION 36 7 3.8 1230.5 130.5 1230.5 77 69 0 0 0 0
90.944 2 NPS_RATE_ATTITUDE 65.887454 -78.523461 6.423261 3.089749 -0.086595 -1.13539
90.945 2 NPS_POS_LLH 0.758752 0.758747 0.755399 0.022211 0.022211 369.421525 10393.422753 130.429929 315.42993
90.945 2 NPS_SPEED_POS -0.438601 -3.043291 -6.477551 19.129238 -0.354846 -1.74205 1234.909972 -21.766151 -134.420921
90.945 2 NPS_GYRO_BIAS 1.1e-05 1.1e-05 -1.1e-05
90.945 2 NPS_SENSORS_SCALED 1.99916 0.25915 10.154883 0.38735 0.077822 0.918646
90.945 2 NPS_WIND 0. 0. 0.
90.945 2 AIRSPEED 16.6 0. 0. 0.
90.945 2 DESIRED 0.61 -0.05 3.1 5. 1170. 300. -1.1 15.
90.945 2 ATTITUDE 0.052125 -0.019729 0.038516
90.986 2 GPS 3 36028849 481482644 -10 315382 1908 217 1794 77058 31 0
91.026 2 WP_MOVED 13 360384. 4813792. 260.029999 31
91.026 2 ATTITUDE 0.179952 -0.015733 -0.017148
91.044 2 NPS_RATE_ATTITUDE 78.578832 -4.945554 1.2681 9.242451 -2.537685 -0.892635
91.044 2 NPS_POS_LLH 0.758753 0.758747 0.7554 0.022211 0.022211 369.500433 10393.501652 130.503472 315.503473
91.045 2 NPS_SPEED_POS 0.951796 -1.223427 9.798921 19.249917 -0.373345 -0.293343 1236.509792 -21.797029 -134.499518
91.045 2 NPS_GYRO_BIAS 7e-06 1.5e-05 -1.7e-05
91.045 2 NPS_SENSORS_SCALED 1.036602 0.703408 1.532813 0.426521 0.171421 0.888089
91.045 2 NPS_WIND 0. 0. 0.
91.108 2 NAVIGATION 36 7 3.8 1234.5 134.5 1234.5 77 70 1 0 0 0
91.145 2 NPS_RATE_ATTITUDE 68.842745 -15.644587 -4.043333 15.545384 -3.45869 -1.258831
91.145 2 NPS_POS_LLH 0.758753 0.758747 0.7554 0.022211 0.022211 369.494047 10393.495257 130.491696 315.491696
91.145 2 NPS_SPEED_POS 1.070721 2.833779 2.17409 19.331686 -0.301617 0.399758 1238.117363 -21.825443 -134.492819
91.145 2 NPS_GYRO_BIAS 9e-06 1.3e-05 -1.8e-05
91.145 2 NPS_SENSORS_SCALED 0.74043 0.222129 -2.950664 0.440821 0.268395 0.856533
91.146 2 NPS_WIND 0. 0. 0.
91.147 2 IMU_GYRO 1.143799 -0.238281 -0.074463
91.147 2 ESTIMATOR 315.77832 -0.45
91.149 2 DESIRED 0.61 -0.02 3.1 5. 1174. 300. -1.2 15.
91.149 2 ATTITUDE 0.305603 -0.025617 -0.036778
91.228 2 COMMANDS 3606,1603,750,0
91.229 2 CALIBRATION -92. 0
91.230 2 GPS 3 36028849 481483028 -8 315487 1934 -45 1794 77258 31 0
91.230 2 ATTITUDE 0.39671 -0.03399 -0.045857
91.245 2 NPS_RATE_ATTITUDE 44.061253 -2.558737 -0.262209 22.285133 -4.343404 -1.938456
91.246 2 NPS_POS_LLH 0.758753 0.758748 0.7554 0.022211 0.022211 369.405267 10393.406465 130.395334 315.395335
91.246 2 NPS_SPEED_POS 0.766117 1.504382 3.007191 19.42806 -0.180182 1.071692 1240.378668 -21.854002 -134.4036
91.246 2 NPS_GYRO_BIAS 1.7e-05 1.4e-05 -1.6e-05
91.246 2 NPS_SENSORS_SCALED 0.296172 -0.888516 -5.748047 0.454251 0.368685 0.811009
91.246 2 NPS_WIND 0. 0. 0.
91.310 2 FBW_STATUS 0 40 1 12.5 5.298691
91.365 2 NPS_RATE_ATTITUDE 29.758599 0.722653 6.862771 25.366288 -4.519178 -1.757037
91.365 2 NPS_POS_LLH 0.758754 0.758748 0.7554 0.022211 0.022211 369.304228 10393.305416 130.288859 315.28886
91.366 2 NPS_SPEED_POS 0.662253 -0.213155 1.382625 19.482045 -0.037524 1.337536 1241.999984 -21.863489 -134.302244
91.366 2 NPS_GYRO_BIAS 1.6e-05 1.4e-05 -1.9e-05
91.366 2 NPS_SENSORS_SCALED 0.037021 -1.25873 -7.510781 0.457084 0.410039 0.789272
91.366 2 NPS_WIND 0. 0. 0.
91.366 2 DESIRED 0.61 -0. 3.1 5. 1174. 300. -1.2 15.
91.367 2 ATTITUDE 0.454611 -0.026795 -0.048969
91.391 2 NAVIGATION 36 7 3.9 1242. 142. 1242. 78 70 1 0 0 0
91.431 2 ATTITUDE 0.492301 -0.004882 -0.052743
91.447 2 NPS_RATE_ATTITUDE 19.021766 5.495223 15.108009 28.221109 -4.819101 -0.316215
91.447 2 NPS_POS_LLH 0.758754 0.758748 0.755401 0.022211 0.022211 369.122664 10393.123838 130.099115 315.099116
91.447 2 NPS_SPEED_POS 0.64305 -1.902638 0.146195 19.549566 0.31125 1.54636 1244.439598 -21.848329 -134.120204
91.447 2 NPS_GYRO_BIAS 1.7e-05 9e-06 -1.5e-05
91.447 2 NPS_SENSORS_SCALED -0.25915 -1.073623 -9.426797 0.46242 0.439123 0.77029
91.447 2 NPS_WIND 0. 0. 0.
91.472 2 GPS 3 36028854 481483416 0 315277 1948 -135 1794 77458 31 0
91.547 2 NPS_RATE_ATTITUDE 16.585436 7.47425 16.024844 29.448806 -4.96207 0.959517
91.547 2 NPS_POS_LLH 0.758754 0.758749 0.755401 0.022211 0.022211 369.004523 10393.00569 129.976055 314.976055
91.548 2 NPS_SPEED_POS 0.610988 -1.580019 -0.007228 19.582226 0.613332 1.605019 1245.907088 -21.814093 -134.001776
91.548 2 NPS_GYRO_BIAS 1.1e-05 6e-06 -1.3e-05
91.548 2 NPS_SENSORS_SCALED -0.296172 -0.592344 -10.231523 0.465038 0.447445 0.763898
91.548 2 NPS_WIND 0. 0. 0.
91.553 2 COMMANDS 3726,638,1254,0
91.553 2 ENERGY 39 12.5 5.51649 68.956123 0.310542 3.881783
91.554 2 WP_MOVED 14 360384. 4813592. 260.029999 31
91.554 2 DESIRED 0.61 0.01 3.1 5. 1182. 300. -1.2 15.
91.555 2 ATTITUDE 0.521524 0.025256 -0.055352
91.636 2 NAVIGATION 36 7 4.1 1246. 146. 1246. 78 70 1 0 0 0
91.637 2 IMU_ACCEL -0.554688 -0.407227 -10.99707
91.637 2 ESTIMATOR 315.253204 -1.6
91.637 2 ATTITUDE 0.546087 0.054822 -0.055708
91.648 2 NPS_RATE_ATTITUDE 13.079816 9.059459 13.396912 31.143374 -5.02979 3.100168
91.649 2 NPS_POS_LLH 0.758755 0.758749 0.755401 0.022211 0.022211 368.801615 10392.802768 129.764932 314.764933
91.649 2 NPS_SPEED_POS 0.385605 -0.178912 0.383886 19.611481 1.239548 1.641014 1248.357113 -21.699463 -133.798389
91.650 2 NPS_GYRO_BIAS 9e-06 3e-06 -9e-06
91.650 2 NPS_SENSORS_SCALED -0.407236 -0.296172 -11.112891 0.466338 0.457171 0.757318
91.650 2 NPS_WIND 0. 0. 0.
91.749 2 NPS_RATE_ATTITUDE 9.82954 8.812381 11.716133 32.003634 -4.919144 4.398915
91.749 2 NPS_POS_LLH 0.758755 0.758749 0.755402 0.022211 0.022211 368.665134 10392.666277 129.622972 314.622972
91.750 2 NPS_SPEED_POS 0.215422 0.592661 0.30231 19.606613 1.701397 1.638763 1249.991343 -21.57706 -133.661587
91.750 2 NPS_GYRO_BIAS 1.2e-05 6e-06 -1.4e-05
91.750 2 NPS_SENSORS_SCALED -0.481279 -0.444258 -11.342813 0.464521 0.461533 0.755788
91.750 2 NPS_WIND 0. 0. 0.
91.757 2 IMU_MAG 0. 0. 0.
91.758 2 IMU_GYRO 0.166992 0.153076 0.202148
91.758 2 GPS 3 36028899 481484198 49 314622 1968 -163 1794 77858 31 0
91.760 2 DESIRED 0.61 0.01 3.1 5. 1186. 300. -1.1 15.
91.760 2 ATTITUDE 0.564388 0.081861 -0.053304
91.799 2 LINK_REPORT 2 -1 110 0 110394 4253 0 1010. 39. 33 10.34
91.876 2 NPS_RATE_ATTITUDE 5.093254 8.961517 11.999194 32.787233 -4.771006 6.218021
91.877 2 NPS_POS_LLH 0.758755 0.75875 0.755402 0.022212 0.022212 368.461478 10392.462608 129.411107 314.411107
91.877 2 NPS_SPEED_POS 0.048994 0.374436 0.23557 19.559996 2.395056 1.627531 1252.439728 -21.320862 -133.457451
91.877 2 NPS_GYRO_BIAS 5e-06 5e-06 -1.1e-05
91.877 2 NPS_SENSORS_SCALED -0.777451 -0.666387 -11.227852 0.461746 0.462176 0.757094
91.877 2 NPS_WIND 0. 0. 0.
91.877 2 STATE_FILTER_STATUS 4 3 0
91.878 2 DL_VALUE 6 0.
91.878 2 SEGMENT 5. 1300. 5. 1100.
91.878 2 NAVIGATION 36 7 4.4 1250. 146. 1246. 78 70 1 0 0 0
91.878 2 ATTITUDE 0.575424 0.107188 -0.051332
91.880 2 NAVIGATION 36 7 4.4 1250. 150. 1250. 78 70 1 0 0 0
91.921 2 AIRSPEED 16.6 0. 0. 0.
91.922 2 DESIRED 0.61 0.02 3.1 5. 1190. 300. -1.1 15.
91.922 2 ATTITUDE 0.580927 0.134866 -0.04954
91.951 2 NPS_RATE_ATTITUDE 3.217233 9.984589 13.154423 33.024433 -4.672872 7.528757
91.952 2 NPS_POS_LLH 0.758755 0.75875 0.755402 0.022212 0.022212 368.326575 10392.327695 129.270746 314.270746
91.955 2 NPS_SPEED_POS 0.016916 -0.076579 0.14809 19.504587 2.852597 1.615626 1254.067549 -21.102245 -133.322227
91.955 2 NPS_GYRO_BIAS 6e-06 7e-06 -1.2e-05
91.955 2 NPS_SENSORS_SCALED -0.851494 -0.777451 -11.496094 0.459637 0.458357 0.760691
91.955 2 NPS_WIND 0. 0. 0.
92.005 2 GPS 3 36028952 481484588 81 314284 1971 -161 1794 78058 31 0
92.043 2 WP_MOVED 15 360161.5 4813627.5 260.029999 31
92.043 2 ATTITUDE 0.584017 0.164293 -0.049044
92.050 2 NPS_RATE_ATTITUDE 2.445032 9.782283 14.374905 33.182044 -4.60986 9.499605
92.050 2 NPS_POS_LLH 0.758756 0.75875 0.755403 0.022212 0.022212 368.140373 10392.141481 129.076935 314.076935
92.050 2 NPS_SPEED_POS -0.014954 -0.30663 -0.133934 19.396772 3.503025 1.585073 1256.337134 -20.731531 -133.13558
92.050 2 NPS_GYRO_BIAS 7e-06 4e-06 -1e-05
92.051 2 NPS_SENSORS_SCALED -0.851494 -0.666387 -11.457773 0.457395 0.44969 0.767187
92.051 2 NPS_WIND 0. 0. 0.
92.126 2 NAVIGATION 36 7 4.9 1254. 154. 1254. 78 71 2 0 0 0
92.128 2 AUTOPILOT_VERSION 51500 v5.15_devel-179-g9a29798-dirty
92.129 2 FBW_STATUS 0 40 1 12.5 5.857307
92.129 2 ESTIMATOR 314.120361 -1.56
92.130 2 DESIRED 0.61 0.02 3.1 5. 1194. 300. -1.1 15.
92.130 2 ATTITUDE 0.586923 0.195129 -0.048867
92.152 2 NPS_RATE_ATTITUDE 2.526125 10.035319 14.438255 33.270372 -4.57716 10.965918
92.152 2 NPS_POS_LLH 0.758756 0.75875 0.755403 0.022212 0.022212 368.009434 10392.010533 128.940589 313.94059
92.152 2 NPS_SPEED_POS -0.088787 -0.290824 -0.066698 19.298543 3.972722 1.564829 1257.949562 -20.420088 -133.004323
92.152 2 NPS_GYRO_BIAS 6e-06 8e-06 -1e-05
92.152 2 NPS_SENSORS_SCALED -0.925537 -0.629365 -11.687695 0.455653 0.442855 0.772184
92.152 2 NPS_WIND 0. 0. 0.
92.207 2 PONG 
92.248 2 GPS_SOL 650 100 650 11
92.249 2 GPS 3 36029027 481484975 114 313954 1970 -156 1794 78258 31 0
92.249 2 ATTITUDE 0.589944 0.226033 -0.047614
92.253 2 NPS_RATE_ATTITUDE 2.418326 9.968982 13.794321 33.41305 -4.453983 13.169207
92.253 2 NPS_POS_LLH 0.758756 0.758751 0.755403 0.022212 0.022212 367.816733 10391.817818 128.739837 313.739838
92.253 2 NPS_SPEED_POS -0.231786 0.032612 -0.081511 19.116672 4.69019 1.523453 1260.350923 -19.878769 -132.811149
92.253 2 NPS_GYRO_BIAS 4e-06 9e-06 -9e-06
92.253 2 NPS_SENSORS_SCALED -0.99958 -0.592344 -11.611055 0.451414 0.433147 0.780139
92.253 2 NPS_WIND 0. 0. 0.
92.329 2 IMU_GYRO 0.037109 0.175537 0.236084
92.331 2 DESIRED 0.61 0.02 3.1 5. 1194. 300. -1.1 15.
92.331 2 ATTITUDE 0.592522 0.255841 -0.046916
92.363 2 NPS_RATE_ATTITUDE 2.097745 10.024648 13.572772 33.486324 -4.394448 14.442033
92.363 2 NPS_POS_LLH 0.758757 0.758751 0.755404 0.022212 0.022212 367.703586 10391.704663 128.621899 313.621899
92.363 2 NPS_SPEED_POS -0.292188 0.031064 0.026241 18.989557 5.11604 1.502013 1261.779987 -19.510994 -132.69772
92.364 2 NPS_GYRO_BIAS 2e-06 7e-06 -1.4e-05
92.364 2 NPS_SENSORS_SCALED -0.962559 -0.592344 -11.572734 0.448889 0.427427 0.784737
92.364 2 NPS_WIND 0. 0. 0.
92.373 2 NAVIGATION 36 7 6.6 1261.5 161.5 1261.5 79 71 2 0 0 0
92.452 2 IMU_ACCEL -1.036133 -0.666016 -11.763672
92.452 2 ATTITUDE 0.59422 0.285937 -0.045101
92.455 2 NPS_RATE_ATTITUDE 1.47016 10.519466 13.544782 33.548745 -4.213824 16.598044
92.455 2 NPS_POS_LLH 0.758757 0.758751 0.755404 0.022212 0.022212 367.518438 10391.519502 128.428841 313.428842
92.455 2 NPS_SPEED_POS -0.375951 0.022838 -0.032767 18.748193 5.817247 1.462186 1264.139005 -18.827731 -132.512106
92.456 2 NPS_GYRO_BIAS 0. 6e-06 -2.2e-05
92.456 2 NPS_SENSORS_SCALED -1.073623 -0.629365 -11.802656 0.442942 0.41734 0.793496
92.456 2 NPS_WIND 0. 0. 0.
92.492 2 GPS 3 36029125 481485357 149 313634 1966 -150 1794 78458 31 0
92.534 2 WP_MOVED 16 360289. 4813692. 500.029999 31
92.534 2 DESIRED 0.61 0.02 3.2 5. 1202. 300. -1. 15.
92.535 2 ATTITUDE 0.595116 0.315766 -0.044284
92.555 2 NPS_RATE_ATTITUDE 1.202301 9.98338 13.851226 33.556707 -4.146398 18.013642
92.556 2 NPS_POS_LLH 0.758757 0.758752 0.755404 0.022212 0.022212 367.398344 10391.3994 128.303535 313.303535
92.556 2 NPS_SPEED_POS -0.383864 -0.090198 -0.08488 18.567684 6.279566 1.429983 1265.693922 -18.323581 -132.391705
92.556 2 NPS_GYRO_BIAS -7e-06 8e-06 -2.3e-05
92.556 2 NPS_SENSORS_SCALED -1.110645 -0.74043 -11.611055 0.439543 0.410111 0.799136
92.556 2 NPS_WIND 0. 0. 0.
92.616 2 NAVIGATION 36 7 7.8 1265.5 165.5 1265.5 79 71 2 0 0 0
92.657 2 ENERGY 42 12.5 6.089752 76.121902 0.312338 3.904225
92.657 2 ESTIMATOR 313.441132 -1.43
92.658 2 ATTITUDE 0.595646 0.345881 -0.043953
92.658 2 NPS_RATE_ATTITUDE 1.17883 10.929638 14.140681 33.54643 -4.046709 20.189111
92.658 2 NPS_POS_LLH 0.758758 0.758752 0.755404 0.022212 0.022212 367.222253 10391.223296 128.119723 313.119723
92.658 2 NPS_SPEED_POS -0.364735 -0.329347 0.117263 18.271585 6.953842 1.395227 1267.996716 -17.496361 -132.215158
92.659 2 NPS_GYRO_BIAS -8e-06 1e-06 -2e-05
92.659 2 NPS_SENSORS_SCALED -1.184687 -0.629365 -11.649375 0.433935 0.39878 0.807888
92.659 2 NPS_WIND 0. 0. 0.
92.738 2 GPS 3 36029388 481486095 218 313035 1952 -137 1794 78858 31 0
92.739 2 DESIRED 0.61 0.02 3.2 5. 1206. 300. -1. 15.
92.740 2 ATTITUDE 0.596241 0.376825 -0.043185
92.756 2 NPS_RATE_ATTITUDE 1.234733 10.16572 14.135935 33.544215 -3.973692 21.512934
92.756 2 NPS_POS_LLH 0.758758 0.758752 0.755405 0.022212 0.022212 367.118854 10391.119889 128.011753 313.011754
92.757 2 NPS_SPEED_POS -0.434061 -0.177867 -0.105926 18.07764 7.356652 1.369346 1269.359883 -16.959691 -132.111489
92.757 2 NPS_GYRO_BIAS -1.2e-05 1e-06 -2.3e-05
92.757 2 NPS_SENSORS_SCALED -1.110645 -0.629365 -11.687695 0.430068 0.392064 0.813225
92.757 2 NPS_WIND 0. 0. 0.
92.801 2 LINK_REPORT 2 -1 111 0 111416 4292 0 1022. 39. 34 20.3
92.868 2 NPS_RATE_ATTITUDE 1.274245 10.200214 14.106894 33.549106 -3.919411 22.964907
92.869 2 NPS_POS_LLH 0.758758 0.758753 0.755405 0.022213 0.022213 367.006062 10391.007089 127.893942 312.893942
92.869 2 NPS_SPEED_POS -0.451255 -0.217914 -0.024853 17.849878 7.79586 1.345749 1270.85695 -16.328272 -131.9984
92.869 2 NPS_GYRO_BIAS -1e-05 -2e-06 -2.2e-05
92.870 2 NPS_SENSORS_SCALED -1.110645 -0.629365 -11.534414 0.426003 0.384762 0.818833
92.870 2 NPS_WIND 0. 0. 0.
92.871 2 NAVIGATION 36 7 9.2 1269. 165.5 1265.5 79 71 2 0 0 0
92.871 2 ATTITUDE 0.596966 0.407137 -0.043102
92.871 2 NAVIGATION 36 7 9.2 1269. 169.1 1269. 79 71 2 0 0 0
92.942 2 AIRSPEED 16.6 0. 0. 0.
92.942 2 IMU_GYRO 0.02002 0.187256 0.243652
92.942 2 DESIRED 0.61 0.03 3.2 5. 1209. 300. -1. 15.
92.942 2 ATTITUDE 0.59767 0.43787 -0.042508
92.957 2 NPS_RATE_ATTITUDE 1.200452 10.474592 14.008229 33.557674 -3.801368 25.157924
92.957 2 NPS_POS_LLH 0.758758 0.758753 0.755405 0.022213 0.022213 366.840239 10390.841253 127.720713 312.720714
92.957 2 NPS_SPEED_POS -0.49718 -0.215002 0.004826 17.483814 8.441183 1.312865 1273.065632 -15.313356 -131.832138
92.957 2 NPS_GYRO_BIAS -1.5e-05 -0. -2e-05
92.957 2 NPS_SENSORS_SCALED -1.25873 -0.629365 -11.726016 0.418858 0.374042 0.827441
92.957 2 NPS_WIND 0. 0. 0.
92.984 2 GPS 3 36029551 481486449 253 312755 1942 -131 1794 79058 31 0
93.024 2 IMU_MAG 0. 0. 0.
93.025 2 SEGMENT 5. 1300. 5. 1100.
93.025 2 WP_MOVED 17 360289. 4813892. 300.029999 31
93.025 2 ATTITUDE 0.598169 0.468087 -0.042318
93.058 2 NPS_RATE_ATTITUDE 1.108113 10.074667 14.060198 33.559069 -3.740106 26.60388
93.058 2 NPS_POS_LLH 0.758759 0.758753 0.755406 0.022213 0.022213 366.732169 10390.733175 127.607795 312.607795
93.059 2 NPS_SPEED_POS -0.516234 -0.22216 -0.040727 17.223679 8.863311 1.288953 1274.51185 -14.592247 -131.72378
93.059 2 NPS_GYRO_BIAS -1.1e-05 3e-06 -2.7e-05
93.059 2 NPS_SENSORS_SCALED -1.221709 -0.555322 -11.534414 0.414117 0.366945 0.832986
93.059 2 NPS_WIND 0. 0. 0.
93.106 2 NAVIGATION 36 7 10.9 1272.5 172.6 1272.5 79 72 3 0 0 0
93.145 2 ESTIMATOR 312.553955 -1.26
93.146 2 DESIRED 0.61 0.03 3.2 5. 1212. 300. -1. 15.
93.146 2 ATTITUDE 0.598583 0.498545 -0.042287
93.159 2 NPS_RATE_ATTITUDE 1.02822 10.799727 14.189752 33.552089 -3.662774 28.636527
93.159 2 NPS_POS_LLH 0.758759 0.758753 0.755406 0.022213 0.022213 366.583713 10390.584708 127.452675 312.452676
93.159 2 NPS_SPEED_POS -0.458767 -0.411182 0.168324 16.841481 9.435945 1.263753 1276.499199 -13.524605 -131.574928
93.160 2 NPS_GYRO_BIAS -6e-06 9e-06 -2.9e-05
93.160 2 NPS_SENSORS_SCALED -1.147666 -0.555322 -11.534414 0.407207 0.35695 0.8407
93.160 2 NPS_WIND 0. 0. 0.
93.227 2 IMU_ACCEL -1.22168 -0.628906 -11.572266
93.228 2 GPS 3 36029734 481486790 288 312485 1931 -126 1794 79258 31 0
93.228 2 ATTITUDE 0.598845 0.529349 -0.041814
93.259 2 NPS_RATE_ATTITUDE 0.999185 10.153561 14.22901 33.543268 -3.582807 30.11236
93.259 2 NPS_POS_LLH 0.758759 0.758754 0.755406 0.022213 0.022213 366.479572 10390.480559 127.343869 312.343869
93.260 2 NPS_SPEED_POS -0.528946 -0.285872 -0.069195 16.553524 9.838225 1.241639 1277.890746 -12.721476 -131.47051
93.260 2 NPS_GYRO_BIAS -4e-06 9e-06 -3.4e-05
93.260 2 NPS_SENSORS_SCALED -1.221709 -0.629365 -11.572734 0.401541 0.349841 0.846395
93.260 2 NPS_WIND 0. 0. 0.
93.308 2 FBW_STATUS 0 40 1 12.5 6.294014
93.381 2 NPS_RATE_ATTITUDE 1.004375 10.175288 14.327646 33.5326 -3.512877 32.304699
93.381 2 NPS_POS_LLH 0.75876 0.758754 0.755406 0.022214 0.022214 366.326542 10390.327518 127.183995 312.183995
93.381 2 NPS_SPEED_POS -0.50903 -0.360687 -0.008838 16.102343 10.422863 1.21486 1279.931968 -11.454916 -131.317072
93.381 2 NPS_GYRO_BIAS -2e-06 8e-06 -4e-05
93.381 2 NPS_SENSORS_SCALED -1.184687 -0.592344 -11.496094 0.393468 0.339309 0.854435
93.381 2 NPS_WIND 0. 0. 0.
93.381 2 CALIBRATION -136.5 0
93.381 2 DL_VALUE 7 80.
93.381 2 DESIRED 0.61 0.03 3.2 5. 1212. 300. -1. 15.
93.382 2 ATTITUDE 0.599126 0.55997 -0.041981
93.391 2 NAVIGATION 36 7 14.8 1279. 179.3 1279.1 80 72 3 0 0 0
93.428 2 ATTITUDE 0.599434 0.591049 -0.041341
93.460 2 NPS_RATE_ATTITUDE 1.004705 11.1855 14.291091 33.526558 -3.431623 33.650069
93.460 2 NPS_POS_LLH 0.75876 0.758754 0.755407 0.022214 0.022214 366.236183 10390.237152 127.089622 312.089623
93.460 2 NPS_SPEED_POS -0.479361 -0.450612 0.154574 15.819541 10.764294 1.199287 1281.129116 -10.660394 -131.226474
93.461 2 NPS_GYRO_BIAS 0. 1e-05 -4.2e-05
93.461 2 NPS_SENSORS_SCALED -1.221709 -0.629365 -11.649375 0.387665 0.333113 0.859511
93.461 2 NPS_WIND 0. 0. 0.
93.510 2 GPS 3 36029937 481487116 323 312226 1920 -121 1794 79458 31 0
93.551 2 DATALINK_REPORT 1 34 0 1001 0 0
93.551 2 IMU_GYRO 0.015869 0.17749 0.246826
93.552 2 WP_MOVED 18 360289. 4814092. 500.029999 31
93.553 2 DESIRED 0.61 0.03 3.3 5. 1219. 300. -0.9 15.
93.554 2 ATTITUDE 0.59971 0.621872 -0.041176
93.561 2 NPS_RATE_ATTITUDE 0.943785 10.210339 14.36011 33.518291 -3.335459 35.862052
93.561 2 NPS_POS_LLH 0.75876 0.758754 0.755407 0.022214 0.022214 366.089083 10390.090041 126.935994 311.935995
93.561 2 NPS_SPEED_POS -0.534878 -0.382456 -0.026868 15.326347 11.322907 1.163695 1283.075911 -9.279611 -131.078983
93.561 2 NPS_GYRO_BIAS -2e-06 9e-06 -4.6e-05
93.561 2 NPS_SENSORS_SCALED -1.25873 -0.629365 -11.457773 0.378314 0.323004 0.867499
93.562 2 NPS_WIND 0. 0. 0.
93.633 2 NAVIGATION 36 7 17. 1282. 182.4 1282.1 80 72 3 0 0 0
93.634 2 ALIVE 84,160,18,137,67,90,20,217,119,254,202,219,218,115,193,250
93.634 2 ESTIMATOR 312.029541 -1.16
93.635 2 ATTITUDE 0.599855 0.652583 -0.041324
93.662 2 NPS_RATE_ATTITUDE 0.926749 10.575243 14.43422 33.511033 -3.284735 37.336867
93.662 2 NPS_POS_LLH 0.75876 0.758755 0.755407 0.022214 0.022214 365.993053 10389.994003 126.835729 311.835729
93.662 2 NPS_SPEED_POS -0.484223 -0.487358 0.10045 14.987603 11.679364 1.147651 1284.339055 -8.321104 -130.9827
93.663 2 NPS_GYRO_BIAS -1e-06 2e-06 -4.1e-05
93.663 2 NPS_SENSORS_SCALED -1.295752 -0.666387 -11.381133 0.372018 0.316332 0.872665
93.663 2 NPS_WIND 0. 0. 0.
93.755 2 ENERGY 43 12.5 6.45787 80.723381 0.314263 3.928287
93.756 2 GPS 3 36030397 481487726 394 311736 1894 -112 1794 79858 31 0
93.756 2 DESIRED 0.61 0.03 3.3 5. 1222. 300. -0.9 15.
93.757 2 ATTITUDE 0.600062 0.683879 -0.041057
93.762 2 NPS_RATE_ATTITUDE 0.907157 10.220977 14.492274 33.499978 -3.184321 39.573134
93.763 2 NPS_POS_LLH 0.758761 0.758755 0.755407 0.022215 0.022215 365.851697 10389.852637 126.688202 311.688202
93.763 2 NPS_SPEED_POS -0.524482 -0.427902 -0.04017 14.459941 12.198919 1.119567 1286.179756 -6.828506 -130.840974
93.763 2 NPS_GYRO_BIAS -1e-06 4e-06 -3.4e-05
93.763 2 NPS_SENSORS_SCALED -1.332773 -0.518301 -11.496094 0.361698 0.306527 0.880468
93.763 2 NPS_WIND 0. 0. 0.
93.803 2 LINK_REPORT 2 -1 112 0 112453 4332 0 1037. 40. 34 20.3
93.837 2 NAVIGATION 36 7 19.3 1285. 182.4 1282.1 80 72 3 0 0 0
93.837 2 ATTITUDE 0.600183 0.714806 -0.041347
93.864 2 NPS_RATE_ATTITUDE 0.906731 10.261549 14.549726 33.494294 -3.144376 40.907431
93.866 2 NPS_POS_LLH 0.758761 0.758755 0.755407 0.022215 0.022215 365.768469 10389.769403 126.601378 311.601379
93.866 2 NPS_SPEED_POS -0.499087 -0.464793 -0.00472 14.134645 12.498645 1.106017 1287.252092 -5.902291 -130.75753
93.867 2 NPS_GYRO_BIAS 3e-06 1.1e-05 -3.7e-05
93.867 2 NPS_SENSORS_SCALED -1.295752 -0.666387 -11.381133 0.355628 0.300757 0.884919
93.867 2 NPS_WIND 0. 0. 0.
93.878 2 NAVIGATION 36 7 19.3 1285. 185.6 1285.1 80 72 3 0 0 0
93.958 2 AIRSPEED 16.6 0. 0. 0.
93.958 2 DESIRED 0.61 0.03 3.4 5. 1225. 300. -0.9 15.
93.959 2 ATTITUDE 0.600356 0.746233 -0.041335
93.965 2 NPS_RATE_ATTITUDE 0.897872 10.425408 14.58051 33.485772 -3.054308 43.154416
93.965 2 NPS_POS_LLH 0.758761 0.758755 0.755408 0.022215 0.022215 365.631843 10389.632768 126.458945 311.458945
93.965 2 NPS_SPEED_POS -0.49853 -0.475276 -0.007162 13.576728 12.980464 1.084119 1288.984294 -4.309667 -130.620555
93.967 2 NPS_GYRO_BIAS 2e-06 1.7e-05 -3.4e-05
93.967 2 NPS_SENSORS_SCALED -1.295752 -0.592344 -11.496094 0.344673 0.291376 0.892361
93.967 2 NPS_WIND 0. 0. 0.
93.999 2 GPS 3 36030651 481488004 429 311506 1881 -108 1794 80058 31 0
94.039 2 STATE_FILTER_STATUS 4 3 0
94.039 2 IMU_ACCEL -1.332031 -0.554688 -11.342773
94.040 2 WP_MOVED 19 360289. 4814292. 300.029999 31
94.040 2 ATTITUDE 0.600485 0.77744 -0.041498
94.065 2 NPS_RATE_ATTITUDE 0.882085 10.229194 14.63673 33.481329 -3.011213 44.644069
94.066 2 NPS_POS_LLH 0.758761 0.758756 0.755408 0.022215 0.022215 365.542389 10389.543307 126.365751 311.365751
94.066 2 NPS_SPEED_POS -0.487468 -0.488607 -0.01537 13.19407 13.289506 1.069033 1290.099785 -3.214996 -130.530876
94.066 2 NPS_GYRO_BIAS 4e-06 1.8e-05 -3.6e-05
94.066 2 NPS_SENSORS_SCALED -1.147666 -0.74043 -11.381133 0.337419 0.285294 0.897086
94.066 2 NPS_WIND 0. 0. 0.
94.122 2 NAVIGATION 36 7 21.9 1288. 188.8 1288.2 80 73 4 0 0 0
94.123 2 FBW_STATUS 0 40 1 12.5 6.519114
94.123 2 IMU_GYRO 0.014893 0.179688 0.25415
94.123 2 ESTIMATOR 311.322205 -1.05
94.124 2 DESIRED 0.61 0.03 3.4 5. 1228. 300. -0.9 15.
94.125 2 ATTITUDE 0.600614 0.808774 -0.041906
94.166 2 NPS_RATE_ATTITUDE 0.862712 10.807047 14.702973 33.474001 -2.947926 46.741369
94.167 2 NPS_POS_LLH 0.758761 0.758756 0.755408 0.022216 0.022216 365.418905 10389.419815 126.237212 311.237213
94.167 2 NPS_SPEED_POS -0.407964 -0.577851 0.126342 12.647326 13.702233 1.053501 1291.607341 -1.640267 -130.407087
94.167 2 NPS_GYRO_BIAS 1e-06 1.7e-05 -3.3e-05
94.168 2 NPS_SENSORS_SCALED -1.221709 -0.481279 -11.496094 0.326834 0.276966 0.903591
94.168 2 NPS_WIND 0. 0. 0.
94.243 2 GPS_SOL 650 100 650 11
94.244 2 SEGMENT 5. 1300. 5. 1100.
94.244 2 GPS 3 36030920 481488265 465 311282 1867 -105 1794 80258 31 0
94.245 2 ATTITUDE 0.600596 0.840399 -0.041835
94.267 2 NPS_RATE_ATTITUDE 0.861285 10.278006 14.734341 33.468891 -2.891078 48.250483
94.267 2 NPS_POS_LLH 0.758762 0.758756 0.755408 0.022216 0.022216 365.331931 10389.332835 126.146761 311.146761
94.267 2 NPS_SPEED_POS -0.469391 -0.510975 -0.0294 12.246003 13.986266 1.038922 1292.644615 -0.486506 -130.319902
94.267 2 NPS_GYRO_BIAS -1e-06 2.1e-05 -3.6e-05
94.268 2 NPS_SENSORS_SCALED -1.25873 -0.518301 -11.457773 0.318806 0.271193 0.908199
94.268 2 NPS_WIND 0. 0. 0.
94.325 2 IMU_MAG 0. 0. 0.
94.326 2 DESIRED 0.61 0.03 3.4 5. 1228. 300. -0.9 15.
94.326 2 ATTITUDE 0.600636 0.87191 -0.042258
94.370 2 NPS_RATE_ATTITUDE 0.854141 10.31414 14.834908 33.46341 -2.839428 50.502612
94.371 2 NPS_POS_LLH 0.758762 0.758756 0.755409 0.022216 0.022216 365.203423 10389.204319 126.013248 311.013248
94.371 2 NPS_SPEED_POS -0.416307 -0.554167 0.016377 11.633419 14.389564 1.02322 1294.137209 1.287264 -130.191091
94.371 2 NPS_GYRO_BIAS -1e-06 1.9e-05 -2.9e-05
94.371 2 NPS_SENSORS_SCALED -1.221709 -0.592344 -11.419453 0.306999 0.262804 0.91471
94.371 2 NPS_WIND 0. 0. 0.
94.371 2 NAVIGATION 36 7 27.4 1293. 194.3 1293.3 81 73 4 0 0 0
94.446 2 PPRZ_MODE 2 3 3 1 0 21
94.446 2 ATTITUDE 0.600641 0.903844 -0.042091
94.469 2 NPS_RATE_ATTITUDE 0.848338 10.740426 14.823108 33.459411 -2.760006 52.038711
94.469 2 NPS_POS_LLH 0.758762 0.758756 0.755409 0.022217 0.022217 365.118774 10389.119664 125.925407 310.925407
94.469 2 NPS_SPEED_POS -0.420713 -0.557431 0.021173 11.214965 14.645658 1.010511 1295.08932 2.497091 -130.106248
94.469 2 NPS_GYRO_BIAS -1e-06 1.6e-05 -3.2e-05
94.469 2 NPS_SENSORS_SCALED -1.25873 -0.666387 -11.572734 0.298011 0.257414 0.919204
94.470 2 NPS_WIND 0. 0. 0.
94.488 2 GPS 3 36031204 481488506 501 311066 1853 -102 1794 80458 31 0
94.529 2 WP_MOVED 20 360289. 4814492. 500.029999 31
94.529 2 DESIRED 0.61 0.03 3.5 5. 1233. 300. -0.8 15.
94.530 2 ATTITUDE 0.600677 0.935682 -0.042224
94.569 2 NPS_RATE_ATTITUDE 0.829527 10.376184 14.92972 33.456337 -2.703997 54.157024
94.570 2 NPS_POS_LLH 0.758762 0.758757 0.755409 0.022217 0.022217 365.002424 10389.003307 125.804787 310.804787
94.570 2 NPS_SPEED_POS -0.394024 -0.570915 0.00034 10.617389 14.986381 0.990751 1296.362928 4.225897 -129.989638
94.570 2 NPS_GYRO_BIAS 3e-06 1.4e-05 -2.8e-05
94.570 2 NPS_SENSORS_SCALED -1.184687 -0.592344 -11.457773 0.286166 0.250147 0.924956
94.570 2 NPS_WIND 0. 0. 0.
94.610 2 NAVIGATION 36 7 30.4 1295.5 197.1 1295.9 81 73 4 0 0 0
94.651 2 ESTIMATOR 310.889496 -0.99
94.651 2 ATTITUDE 0.600666 0.967428 -0.042655
94.670 2 NPS_RATE_ATTITUDE 0.830812 10.883777 14.992336 33.454075 -2.662633 55.68053
94.670 2 NPS_POS_LLH 0.758762 0.758757 0.755409 0.022217 0.022217 364.920428 10388.921307 125.719885 310.719885
94.671 2 NPS_SPEED_POS -0.310059 -0.633909 0.124533 10.185682 15.214161 0.981647 1297.229761 5.484337 -129.907464
94.671 2 NPS_GYRO_BIAS 4e-06 1.1e-05 -2.8e-05
94.671 2 NPS_SENSORS_SCALED -1.147666 -0.666387 -11.381133 0.277424 0.245131 0.928953
94.671 2 NPS_WIND 0. 0. 0.
94.732 2 IMU_GYRO 0.014893 0.182861 0.259521
94.733 2 GPS 3 36031805 481488929 574 310652 1826 -96 1794 80858 31 0
94.734 2 DESIRED 0.61 0.03 3.5 5. 1236. 300. -0.8 15.
94.734 2 ATTITUDE 0.600669 0.99968 -0.042677
94.771 2 NPS_RATE_ATTITUDE 0.830829 10.436517 15.026107 33.452782 -2.608181 57.216587
94.771 2 NPS_POS_LLH 0.758762 0.758757 0.755409 0.022218 0.022218 364.839293 10388.840167 125.635965 310.635965
94.771 2 NPS_SPEED_POS -0.374303 -0.57751 -0.020583 9.746435 15.431928 0.969474 1298.060311 6.761333 -129.826159
94.772 2 NPS_GYRO_BIAS 7e-06 1.3e-05 -3e-05
94.772 2 NPS_SENSORS_SCALED -1.147666 -0.592344 -11.457773 0.268238 0.240304 0.932904
94.772 2 NPS_WIND 0. 0. 0.
94.803 2 LINK_REPORT 2 -1 113 0 113436 4370 0 983. 38. 34 20.3
94.877 2 NPS_RATE_ATTITUDE 0.834891 10.453812 15.11357 33.453373 -2.564315 59.354807
94.877 2 NPS_POS_LLH 0.758763 0.758757 0.755409 0.022218 0.022218 364.727206 10388.728073 125.520187 310.520187
94.878 2 NPS_SPEED_POS -0.321589 -0.603549 0.020924 9.12464 15.715824 0.956975 1299.161191 8.578526 -129.713845
94.878 2 NPS_GYRO_BIAS 6e-06 6e-06 -2.6e-05
94.878 2 NPS_SENSORS_SCALED -1.147666 -0.592344 -11.496094 0.255688 0.233851 0.938054
94.878 2 NPS_WIND 0. 0. 0.
94.879 2 DL_VALUE 8 100.
94.880 2 ENERGY 45 12.5 6.636268 82.953346 0.31627 3.953377
94.880 2 NAVIGATION 36 7 33.4 1297.5 197.1 1295.9 81 73 4 0 0 0
94.880 2 IMU_ACCEL -1.22168 -0.591797 -11.380859
94.880 2 ATTITUDE 0.600653 1.031613 -0.04322
94.895 2 NAVIGATION 36 7 33.4 1297.5 199.5 1297.9 81 73 4 0 0 0
94.935 2 AIRSPEED 16.6 0. 0. 0.
94.935 2 DESIRED 0.61 0.04 3.6 5. 1238. 300. -0.8 15.
94.935 2 ATTITUDE 0.600616 1.064013 -0.043488
94.972 2 NPS_RATE_ATTITUDE 0.836273 10.771875 15.135705 33.454542 -2.515669 60.899568
94.972 2 NPS_POS_LLH 0.758763 0.758757 0.755409 0.022218 0.022218 364.647908 10388.648771 125.438402 310.438402
94.973 2 NPS_SPEED_POS -0.292767 -0.618708 0.059774 8.674742 15.904261 0.949109 1299.902885 9.896099 -129.634393
94.973 2 NPS_GYRO_BIAS 6e-06 1.2e-05 -2.2e-05
94.973 2 NPS_SENSORS_SCALED -1.110645 -0.703408 -11.457773 0.246164 0.229471 0.941676
94.973 2 NPS_WIND 0. 0. 0.
94.976 2 GPS 3 36032121 481489108 610 310454 1812 -94 1794 81058 31 0
95.057 2 WP_MOVED 21 360289. 4814692. 300.029999 31
95.058 2 ATTITUDE 0.600578 1.096294 -0.043876
95.073 2 NPS_RATE_ATTITUDE 0.836545 10.460579 15.214051 33.458734 -2.461816 63.209596
95.073 2 NPS_POS_LLH 0.758763 0.758757 0.75541 0.022219 0.022219 364.530425 10388.531282 125.317427 310.317427
95.073 2 NPS_SPEED_POS -0.291829 -0.607209 0.008195 7.98985 16.165569 0.935234 1300.944487 11.900768 -129.516694
95.073 2 NPS_GYRO_BIAS 3e-06 1.6e-05 -2e-05
95.074 2 NPS_SENSORS_SCALED -1.147666 -0.666387 -11.457773 0.231944 0.223283 0.94676
95.074 2 NPS_WIND 0. 0. 0.
95.139 2 NAVIGATION 36 7 36.6 1299. 201.5 1299.5 81 74 5 0 0 0
95.139 2 ESTIMATOR 310.288055 -0.92
95.140 2 DESIRED 0.61 0.04 3.6 5. 1239. 300. -0.8 15.
95.140 2 ATTITUDE 0.600504 1.128719 -0.044446
95.173 2 NPS_RATE_ATTITUDE 0.836227 10.906558 15.273336 33.46251 -2.431229 64.753751
95.174 2 NPS_POS_LLH 0.758763 0.758757 0.75541 0.022219 0.022219 364.452882 10388.453736 125.237717 310.237717
95.174 2 NPS_SPEED_POS -0.202388 -0.650814 0.125982 7.529724 16.323673 0.929411 1301.591157 13.254577 -129.439017
95.174 2 NPS_GYRO_BIAS -0. 1.5e-05 -2.5e-05
95.175 2 NPS_SENSORS_SCALED -1.110645 -0.629365 -11.381133 0.222349 0.2194 0.949964
95.175 2 NPS_WIND 0. 0. 0.
95.262 2 GPS 3 36032447 481489265 647 310261 1799 -92 1794 81258 31 0
95.263 2 ATTITUDE 0.600422 1.161408 -0.044566
95.274 2 NPS_RATE_ATTITUDE 0.838337 10.496393 15.329676 33.468944 -2.370189 66.934486
95.275 2 NPS_POS_LLH 0.758763 0.758757 0.75541 0.022219 0.022219 364.345294 10388.346143 125.12731 310.127311
95.275 2 NPS_SPEED_POS -0.260153 -0.607794 -0.010113 6.876759 16.525906 0.917771 1302.431616 15.171032 -129.331252
95.276 2 NPS_GYRO_BIAS 3e-06 2e-05 -2.3e-05
95.276 2 NPS_SENSORS_SCALED -1.147666 -0.592344 -11.304492 0.208287 0.214321 0.954301
95.276 2 NPS_WIND 0. 0. 0.
95.369 2 FBW_STATUS 0 40 1 12.5 6.682507
95.369 2 IMU_GYRO 0.014893 0.185059 0.26709
95.369 2 DESIRED 0.61 0.04 3.6 5. 1239. 300. -0.8 15.
95.369 2 ATTITUDE 0.600315 1.19403 -0.045119
95.376 2 NPS_RATE_ATTITUDE 0.845481 10.536785 15.399774 33.47504 -2.346302 68.486296
95.379 2 NPS_POS_LLH 0.758763 0.758758 0.75541 0.02222 0.02222 364.269183 10388.270029 125.049344 310.049344
95.380 2 NPS_SPEED_POS -0.216443 -0.618983 0.020227 6.407593 16.654972 0.912147 1302.985143 16.553658 -129.255025
95.380 2 NPS_GYRO_BIAS 6e-06 2.3e-05 -2.3e-05
95.380 2 NPS_SENSORS_SCALED -1.110645 -0.555322 -11.457773 0.198441 0.210943 0.957148
95.380 2 NPS_WIND 0. 0. 0.
95.387 2 NAVIGATION 36 7 43.1 1302. 205.6 1302.7 82 74 5 0 0 0
95.426 2 CALIBRATION -150. 0
95.427 2 SEGMENT 5. 1300. 5. 1100.
95.428 2 ATTITUDE 0.600183 1.227055 -0.045177
95.476 2 NPS_RATE_ATTITUDE 0.856953 10.796819 15.426979 33.486224 -2.267363 70.851362
95.476 2 NPS_POS_LLH 0.758763 0.758758 0.75541 0.02222 0.02222 364.15582 10388.156662 124.933444 309.933444
95.477 2 NPS_SPEED_POS -0.220742 -0.613627 -0.00056 5.696095 16.825703 0.901506 1303.741802 18.646449 -129.141501
95.477 2 NPS_GYRO_BIAS 6e-06 2e-05 -2e-05
95.477 2 NPS_SENSORS_SCALED -1.073623 -0.629365 -11.419453 0.182529 0.206316 0.961314
95.477 2 NPS_WIND 0. 0. 0.
95.507 2 GPS 3 36032778 481489401 684 310072 1786 -91 1794 81458 31 0
95.549 2 WP_MOVED 22 360289. 4814892. 500.029999 31
95.550 2 DESIRED 0.61 0.04 3.7 5. 1242. 300. -0.8 15.
95.550 2 ATTITUDE 0.600092 1.260068 -0.045448
95.577 2 NPS_RATE_ATTITUDE 0.848398 10.600778 15.502541 33.495868 -2.239119 72.415888
95.577 2 NPS_POS_LLH 0.758763 0.758758 0.75541 0.02222 0.02222 364.081195 10388.082034 124.857295 309.857295
95.578 2 NPS_SPEED_POS -0.194429 -0.616089 -0.004225 5.21715 16.924141 0.892767 1304.196515 20.05279 -129.066779
95.578 2 NPS_GYRO_BIAS 9e-06 1.8e-05 -2e-05
95.578 2 NPS_SENSORS_SCALED -1.110645 -0.592344 -11.342813 0.172248 0.203523 0.963803
95.578 2 NPS_WIND 0. 0. 0.
95.631 2 NAVIGATION 36 7 46.5 1303. 207.2 1303.8 82 74 5 0 0 0
95.631 2 IMU_MAG 0. 0. 0.
95.632 2 IMU_ACCEL -1.110352 -0.703125 -11.418945
95.632 2 ESTIMATOR 309.909302 -0.89
95.633 2 ATTITUDE 0.600035 1.292975 -0.045978
95.678 2 NPS_RATE_ATTITUDE 0.856789 11.008541 15.592638 33.510897 -2.190276 74.781582
95.678 2 NPS_POS_LLH 0.758763 0.758758 0.75541 0.022221 0.022221 363.970194 10387.971029 124.744258 309.744258
95.678 2 NPS_SPEED_POS -0.113238 -0.634063 0.075828 4.497617 17.04673 0.885416 1304.803742 22.176269 -128.955646
95.679 2 NPS_GYRO_BIAS 8e-06 1.8e-05 -1.9e-05
95.679 2 NPS_SENSORS_SCALED -1.073623 -0.703408 -11.496094 0.156412 0.19974 0.967289
95.679 2 NPS_WIND 0. 0. 0.
95.754 2 GPS 3 36033457 481489603 760 309706 1760 -88 1794 81858 31 0
95.755 2 DESIRED 0.61 0.04 3.7 5. 1243. 300. -0.7 15.
95.755 2 ATTITUDE 0.599967 1.326354 -0.04613
95.779 2 NPS_RATE_ATTITUDE 0.853863 10.674867 15.639865 33.521024 -2.159863 76.207018
95.779 2 NPS_POS_LLH 0.758764 0.758758 0.75541 0.022221 0.022221 363.904097 10387.904931 124.677086 309.677086
95.779 2 NPS_SPEED_POS -0.148702 -0.614944 -0.006126 4.062395 17.106965 0.879246 1305.124747 23.457099 -128.889479
95.780 2 NPS_GYRO_BIAS 3e-06 1.4e-05 -1.8e-05
95.780 2 NPS_SENSORS_SCALED -0.99958 -0.629365 -11.342813 0.146753 0.197727 0.969214
95.780 2 NPS_WIND 0. 0. 0.
95.805 2 LINK_REPORT 2 -1 114 0 114429 4408 0 993. 38. 34 20.3
95.835 2 NAVIGATION 36 7 49.9 1304. 207.2 1303.8 82 74 5 0 0 0
95.836 2 ATTITUDE 0.599831 1.359512 -0.046702
95.875 2 NAVIGATION 36 7 49.9 1304. 208.9 1305. 82 74 5 0 0 0
95.879 2 NPS_RATE_ATTITUDE 0.870897 10.707997 15.733972 33.539793 -2.129416 78.581008
95.879 2 NPS_POS_LLH 0.758764 0.758758 0.75541 0.022222 0.022222 363.794689 10387.795521 124.566127 309.566128
95.880 2 NPS_SPEED_POS -0.091342 -0.623458 0.03515 3.336879 17.183549 0.873721 1305.587208 25.600562 -128.779968
95.880 2 NPS_GYRO_BIAS 2e-06 1.6e-05 -2e-05
95.880 2 NPS_SENSORS_SCALED -0.99958 -0.629365 -11.381133 0.130837 0.1948 0.972081
95.880 2 NPS_WIND 0. 0. 0.
95.957 2 ENERGY 45 12.5 6.781046 84.763077 0.318321 3.979017
95.958 2 AIRSPEED 16.6 0. 0. 0.
95.958 2 IMU_GYRO 0.014893 0.193604 0.273438
95.958 2 DESIRED 0.61 0.04 3.8 5. 1244. 300. -0.7 15.
95.959 2 ATTITUDE 0.599674 1.393024 -0.047017
95.980 2 NPS_RATE_ATTITUDE 0.882883 10.859606 15.760689 33.55392 -2.092669 80.180903
95.980 2 NPS_POS_LLH 0.758764 0.758758 0.75541 0.022222 0.022222 363.722059 10387.722889 124.492633 309.492633
95.980 2 NPS_SPEED_POS -0.08956 -0.611614 0.024302 2.851364 17.218495 0.870021 1305.845081 27.034061 -128.707279
95.981 2 NPS_GYRO_BIAS -1e-06 2e-05 -2.1e-05
95.981 2 NPS_SENSORS_SCALED -1.073623 -0.629365 -11.381133 0.119755 0.193171 0.973833
95.981 2 NPS_WIND 0. 0. 0.
95.998 2 GPS 3 36033802 481489670 798 309529 1747 -87 1794 82058 31 0
96.039 2 WP_MOVED 0 360326. 4813634. 260.029999 31
96.039 2 ATTITUDE 0.599537 1.426475 -0.047463
96.080 2 NPS_RATE_ATTITUDE 0.890651 10.742978 15.843849 33.576502 -2.06629 82.411677
96.081 2 NPS_POS_LLH 0.758764 0.758758 0.75541 0.022222 0.022222 363.620944 10387.621772 124.390535 309.390536
96.081 2 NPS_SPEED_POS -0.063392 -0.603991 0.020173 2.170533 17.245797 0.865481 1306.138004 29.044731 -128.606095
96.081 2 NPS_GYRO_BIAS 1e-06 1.6e-05 -2.3e-05
96.082 2 NPS_SENSORS_SCALED -0.99958 -0.666387 -11.266172 0.104591 0.191324 0.975942
96.082 2 NPS_WIND 0. 0. 0.
96.120 2 NAVIGATION 36 7 53.4 1304.5 210.1 1305.6 82 75 6 0 0 0
96.161 2 FBW_STATUS 0 40 1 12.5 6.777176
96.162 2 ESTIMATOR 309.367828 -0.86
96.163 2 DESIRED 0.61 0.04 3.8 5. 1244. 300. -0.7 15.
96.163 2 ATTITUDE 0.599472 1.459993 -0.048042
96.181 2 NPS_RATE_ATTITUDE 0.89632 11.134735 15.894489 33.593489 -2.044634 84.014653
96.181 2 NPS_POS_LLH 0.758764 0.758758 0.75541 0.022223 0.022223 363.548901 10387.549728 124.317954 309.317955
96.181 2 NPS_SPEED_POS 0.006787 -0.608527 0.101925 1.685083 17.249484 0.864581 1306.298655 30.482126 -128.534012
96.181 2 NPS_GYRO_BIAS -3e-06 2.1e-05 -2.6e-05
96.182 2 NPS_SENSORS_SCALED -0.962559 -0.555322 -11.381133 0.093583 0.190306 0.977258
96.182 2 NPS_WIND 0. 0. 0.
96.241 2 COMMANDS 4405,85,1747,0
96.242 2 STATE_FILTER_STATUS 4 3 0
96.243 2 GPS_SOL 650 100 650 11
96.243 2 GPS 3 36034147 481489712 836 309354 1735 -86 1794 82258 31 0
96.244 2 ATTITUDE 0.599279 1.493791 -0.048214
96.283 2 NPS_RATE_ATTITUDE 0.904426 10.757234 15.973539 33.620418 -2.011038 86.428427
96.284 2 NPS_POS_LLH 0.758764 0.758758 0.755411 0.022223 0.022223 363.441155 10387.441981 124.209656 309.209656
96.284 2 NPS_SPEED_POS -0.031364 -0.587449 0.004527 0.95493 17.231066 0.860571 1306.463632 32.637468 -128.426222
96.285 2 NPS_GYRO_BIAS -0. 2.1e-05 -3.3e-05
96.285 2 NPS_SENSORS_SCALED -1.036602 -0.555322 -11.381133 0.076904 0.189263 0.978914
96.285 2 NPS_WIND 0. 0. 0.
96.323 2 DL_VALUE 9 2.
96.324 2 DESIRED 0.61 0.04 3.8 5. 1244. 300. -0.7 15.
96.324 2 ATTITUDE 0.599125 1.527472 -0.048776
96.377 2 NAVIGATION 36 7 60.3 1305.5 212.8 1306.9 83 75 6 0 0 0
96.384 2 NPS_RATE_ATTITUDE 0.918255 10.80575 16.041905 33.639872 -2.002096 88.037236
96.384 2 NPS_POS_LLH 0.758764 0.758758 0.755411 0.022223 0.022223 363.369464 10387.37029 124.137766 309.137767
96.384 2 NPS_SPEED_POS 0.004448 -0.580465 0.025839 0.47043 17.202434 0.860797 1306.52301 34.072287 -128.354511
96.384 2 NPS_GYRO_BIAS 2e-06 1.9e-05 -3.1e-05
96.385 2 NPS_SENSORS_SCALED -1.036602 -0.592344 -11.266172 0.065957 0.188895 0.979784
96.385 2 NPS_WIND 0. 0. 0.
96.445 2 IMU_ACCEL -0.924805 -0.591797 -11.380859
96.445 2 ATTITUDE 0.598952 1.561542 -0.048896
96.484 2 NPS_RATE_ATTITUDE 0.926808 11.283472 16.052318 33.658022 -1.964738 89.509176
96.486 2 NPS_POS_LLH 0.758764 0.758758 0.755411 0.022224 0.022224 363.304892 10387.305718 124.073131 309.073131
96.487 2 NPS_SPEED_POS 0.036568 -0.579372 0.072623 0.034249 17.165344 0.860072 1306.541966 35.361139 -128.289928
96.487 2 NPS_GYRO_BIAS -1e-06 2.2e-05 -3e-05
96.487 2 NPS_SENSORS_SCALED -0.888516 -0.555322 -11.419453 0.055449 0.188802 0.980452
96.487 2 NPS_WIND 0. 0. 0.
96.487 2 GPS 3 36034492 481489733 874 309180 1723 -86 1794 82458 31 0
96.527 2 COMMANDS 4432,89,1792,0
96.527 2 IMU_GYRO 0.015869 0.19043 0.278809
96.528 2 WP_MOVED 1 360284. 4813592. 260.029999 31
96.529 2 DESIRED 0.61 0.04 3.9 5. 1246. 300. -0.7 15.
96.529 2 ATTITUDE 0.598801 1.595611 -0.049121
96.584 2 NPS_RATE_ATTITUDE 0.92674 10.842948 16.153433 33.691021 -1.942078 91.942671
96.584 2 NPS_POS_LLH 0.758764 0.758758 0.755411 0.022224 0.022224 363.197751 10387.198577 123.966128 308.966129
96.585 2 NPS_SPEED_POS 0.023425 -0.562797 0.00332 -0.692754 17.080286 0.855834 1306.500712 37.5018 -128.182783
96.585 2 NPS_GYRO_BIAS 0. 2.8e-05 -3.4e-05
96.585 2 NPS_SENSORS_SCALED -0.925537 -0.703408 -11.381133 0.038673 0.189134 0.981193
96.586 2 NPS_WIND 0. 0. 0.
96.609 2 NAVIGATION 36 7 63.8 1305.5 213.7 1307.1 83 75 6 0 0 0
96.650 2 SEGMENT 5. 1300. 5. 1100.
96.651 2 ESTIMATOR 309.017822 -0.85
96.651 2 ATTITUDE 0.59863 1.629616 -0.049664
96.685 2 NPS_RATE_ATTITUDE 0.938144 11.254931 16.221555 33.713502 -1.932822 93.571272
96.685 2 NPS_POS_LLH 0.758764 0.758758 0.755411 0.022225 0.022224 363.126375 10387.127202 123.895014 308.895014
96.686 2 NPS_SPEED_POS 0.109595 -0.554194 0.101852 -1.172746 17.007243 0.857305 1306.422963 38.922205 -128.111415
96.686 2 NPS_GYRO_BIAS -1e-06 2.9e-05 -3.7e-05
96.686 2 NPS_SENSORS_SCALED -0.962559 -0.592344 -11.266172 0.027531 0.189683 0.981463
96.686 2 NPS_WIND 0. 0. 0.
96.732 2 GPS 3 36035176 481489702 952 308838 1701 -85 1794 82858 31 0
96.733 2 DESIRED 0.61 0.04 3.9 5. 1246. 300. -0.7 15.
96.733 2 ATTITUDE 0.598543 1.664035 -0.049784
96.786 2 NPS_RATE_ATTITUDE 0.953253 10.878342 16.296272 33.749676 -1.909676 96.030529
96.786 2 NPS_POS_LLH 0.758764 0.758758 0.75541 0.022225 0.022225 363.019203 10387.020031 123.788485 308.788485
96.787 2 NPS_SPEED_POS 0.056785 -0.538033 -0.005176 -1.890933 16.87346 0.857204 1306.231428 41.040052 -128.004269
96.787 2 NPS_GYRO_BIAS 0. 3.2e-05 -3.9e-05
96.787 2 NPS_SENSORS_SCALED -0.888516 -0.629365 -11.304492 0.010566 0.19104 0.981529
96.787 2 NPS_WIND 0. 0. 0.
96.806 2 LINK_REPORT 2 -1 115 0 115454 4448 0 1025. 40. 34 20.3
96.876 2 NAVIGATION 36 7 67.1 1305. 213.7 1307.1 83 75 6 0 0 0
96.876 2 ATTITUDE 0.59839 1.698295 -0.050263
96.888 2 NPS_RATE_ATTITUDE 0.962269 10.909765 16.356733 33.772279 -1.911393 97.50284
96.889 2 NPS_POS_LLH 0.758764 0.758758 0.75541 0.022225 0.022225 362.954812 10386.955641 123.724624 308.724624
96.890 2 NPS_SPEED_POS 0.087988 -0.525059 0.01738 -2.31784 16.779402 0.859586 1306.073579 42.302098 -127.939903
96.891 2 NPS_GYRO_BIAS -4e-06 3.3e-05 -3.8e-05
96.891 2 NPS_SENSORS_SCALED -0.851494 -0.555322 -11.266172 0.000677 0.192148 0.98137
96.891 2 NPS_WIND 0. 0. 0.
96.894 2 NAVIGATION 36 7 67.1 1305. 214.2 1306.7 83 75 6 0 0 0
96.934 2 IMU_MAG 0. 0. 0.
96.934 2 AIRSPEED 16.6 0. 0. 0.
96.934 2 DESIRED 0.61 0.04 3.9 5. 1245. 300. -0.7 15.
96.934 2 ATTITUDE 0.598275 1.732831 -0.050586
96.975 2 GPS 3 36035512 481489653 991 308667 1690 -86 1794 83058 31 0
96.988 2 NPS_RATE_ATTITUDE 0.977753 11.022711 16.413023 33.811311 -1.896916 99.978486
96.988 2 NPS_POS_LLH 0.758764 0.758758 0.75541 0.022226 0.022226 362.846974 10386.847804 123.617905 308.617906
96.989 2 NPS_SPEED_POS 0.096162 -0.509869 0.013113 -3.024304 16.599564 0.86411 1305.739665 44.388586 -127.832118
96.989 2 NPS_GYRO_BIAS -4e-06 2.8e-05 -3.5e-05
96.989 2 NPS_SENSORS_SCALED -0.925537 -0.666387 -11.266172 -0.016184 0.194502 0.980773
96.989 2 NPS_WIND 0. 0. 0.
97.057 2 ENERGY 46 12.5 6.903289 86.291107 0.320412 4.005152
97.058 2 WP_MOVED 2 360304. 4813672. 260.029999 31
97.058 2 ATTITUDE 0.598127 1.767393 -0.050995
97.089 2 NPS_RATE_ATTITUDE 0.98457 10.944898 16.472098 33.838481 -1.900559 101.625927
97.089 2 NPS_POS_LLH 0.758764 0.758758 0.75541 0.022226 0.022226 362.774801 10386.775633 123.546644 308.546644
97.090 2 NPS_SPEED_POS 0.110781 -0.496052 0.012477 -3.491295 16.463806 0.867368 1305.468146 45.766312 -127.759992
97.090 2 NPS_GYRO_BIAS -6e-06 2.3e-05 -3.3e-05
97.090 2 NPS_SENSORS_SCALED -0.851494 -0.629365 -11.304492 -0.027144 0.196419 0.980148
97.090 2 NPS_WIND 0. 0. 0.
97.139 2 NAVIGATION 36 7 70.5 1304.5 214.7 1306.4 83 76 7 0 0 0
97.139 2 IMU_GYRO 0.016846 0.193604 0.286133
97.139 2 ESTIMATOR 308.500671 -0.87
97.140 2 DESIRED 0.61 0.04 4. 5. 1244. 300. -0.6 15.
97.140 2 ATTITUDE 0.598039 1.801993 -0.051593
97.189 2 NPS_RATE_ATTITUDE 0.985916 11.313797 16.536537 33.876252 -1.898174 103.948042
97.189 2 NPS_POS_LLH 0.758763 0.758758 0.75541 0.022226 0.022226 362.673108 10386.673942 123.446443 308.446443
97.190 2 NPS_SPEED_POS 0.165764 -0.471653 0.074372 -4.137454 16.252717 0.874496 1305.02307 47.675019 -127.658375
97.190 2 NPS_GYRO_BIAS -2e-06 2e-05 -3.5e-05
97.190 2 NPS_SENSORS_SCALED -0.888516 -0.592344 -11.304492 -0.042631 0.199554 0.978963
97.191 2 NPS_WIND 0. 0. 0.
97.220 2 PONG 
97.261 2 IMU_ACCEL -0.850586 -0.628906 -11.303711
97.262 2 GPS 3 36035840 481489581 1031 308496 1680 -87 1794 83258 31 0
97.263 2 ATTITUDE 0.597906 1.836908 -0.051842
97.289 2 NPS_RATE_ATTITUDE 0.98669 11.056589 16.58308 33.903314 -1.894537 105.613234
97.290 2 NPS_POS_LLH 0.758763 0.758758 0.75541 0.022227 0.022227 362.600042 10386.600879 123.374598 308.374599
97.290 2 NPS_SPEED_POS 0.131378 -0.466673 0.00717 -4.595549 16.08659 0.877649 1304.659162 49.022577 -127.585374
97.290 2 NPS_GYRO_BIAS -0. 2e-05 -3.4e-05
97.290 2 NPS_SENSORS_SCALED -0.814473 -0.666387 -11.304492 -0.053695 0.202117 0.977892
97.290 2 NPS_WIND 0. 0. 0.
97.343 2 FBW_STATUS 0 40 1 12.5 6.93248
97.344 2 DESIRED 0.61 0.04 4. 5. 1244. 300. -0.6 15.
97.344 2 ATTITUDE 0.597775 1.871706 -0.052382
97.376 2 WIND_INFO 2 5 0.7 2.2 0. 16.7
97.385 2 NAVIGATION 36 7 77. 1302.5 214.9 1304.8 84 76 7 0 0 0
97.390 2 NPS_RATE_ATTITUDE 0.991441 11.41589 16.678312 33.943891 -1.906911 108.111243
97.390 2 NPS_POS_LLH 0.758763 0.758758 0.75541 0.022227 0.022227 362.489762 10386.490601 123.266387 308.266387
97.390 2 NPS_SPEED_POS 0.230455 -0.432995 0.119513 -5.272031 15.814429 0.885896 1304.042294 51.01668 -127.475205
97.390 2 NPS_GYRO_BIAS -2e-06 1.5e-05 -3.8e-05
97.390 2 NPS_SENSORS_SCALED -0.851494 -0.703408 -11.227852 -0.069869 0.206463 0.975961
97.390 2 NPS_WIND 0. 0. 0.
97.424 2 ATTITUDE 0.597577 1.9069 -0.052522
97.491 2 NPS_RATE_ATTITUDE 0.994849 11.378922 16.686819 33.970829 -1.880545 109.805652
97.491 2 NPS_POS_LLH 0.758763 0.758758 0.75541 0.022227 0.022227 362.415687 10386.416529 123.193848 308.193848
97.492 2 NPS_SPEED_POS 0.161154 -0.434905 0.022407 -5.718748 15.616844 0.888659 1303.584343 52.326411 -127.401213
97.492 2 NPS_GYRO_BIAS 3e-06 1.1e-05 -3.6e-05
97.492 2 NPS_SENSORS_SCALED -0.74043 -0.592344 -11.304492 -0.081294 0.209708 0.974383
97.492 2 NPS_WIND 0. 0. 0.
97.506 2 GPS 3 36036162 481489487 1071 308324 1670 -88 1794 83458 31 0
97.546 2 CALIBRATION -150. 0
97.546 2 WP_MOVED 3 360328.8125 4813694. 260.029999 31
97.547 2 DESIRED 0.61 0.04 4. 5. 1242. 300. -0.6 15.
97.547 2 ATTITUDE 0.597415 1.942099 -0.052755
97.592 2 NPS_RATE_ATTITUDE 0.997871 11.182124 16.784186 34.009761 -1.887645 112.155978
97.592 2 NPS_POS_LLH 0.758763 0.758758 0.75541 0.022228 0.022228 362.311723 10386.312569 123.092243 308.092243
97.592 2 NPS_SPEED_POS 0.17518 -0.412844 0.008567 -6.335017 15.319442 0.892535 1302.881057 54.131247 -127.297378
97.592 2 NPS_GYRO_BIAS -3e-06 1.3e-05 -3.4e-05
97.593 2 NPS_SENSORS_SCALED -0.777451 -0.555322 -11.342813 -0.096272 0.214707 0.971926
97.593 2 NPS_WIND 0. 0. 0.
97.628 2 NAVIGATION 36 7 80.1 1302. 215.5 1304.5 84 76 7 0 0 0
97.629 2 ESTIMATOR 308.150085 -0.89
97.629 2 ATTITUDE 0.597181 1.977295 -0.053255
97.693 2 NPS_RATE_ATTITUDE 1.013481 11.555806 16.838073 34.037647 -1.888754 113.846682
97.693 2 NPS_POS_LLH 0.758763 0.758757 0.75541 0.022228 0.022228 362.23701 10386.23786 123.019361 308.019362
97.694 2 NPS_SPEED_POS 0.228687 -0.382841 0.077342 -6.766544 15.092924 0.898079 1302.335119 55.398515 -127.222766
97.694 2 NPS_GYRO_BIAS -6e-06 3e-06 -3.5e-05
97.694 2 NPS_SENSORS_SCALED -0.777451 -0.666387 -11.304492 -0.106982 0.218609 0.969934
97.694 2 NPS_WIND 0. 0. 0.
97.750 2 IMU_GYRO 0.016846 0.197754 0.291504
97.751 2 GPS 3 36036776 481489235 1151 307975 1651 -90 1794 83858 31 0
97.752 2 DESIRED 0.61 0.04 4. 5. 1242. 300. -0.6 15.
97.753 2 ATTITUDE 0.596982 2.012825 -0.053424
97.794 2 NPS_RATE_ATTITUDE 1.035205 11.271706 16.911104 34.081878 -1.891155 116.391457
97.794 2 NPS_POS_LLH 0.758763 0.758757 0.75541 0.022228 0.022228 362.12424 10386.125094 122.909561 307.909562
97.795 2 NPS_SPEED_POS 0.192942 -0.377336 0.005241 -7.403924 14.729999 0.903999 1301.449301 57.262723 -127.11016
97.795 2 NPS_GYRO_BIAS -1e-06 5e-06 -3.5e-05
97.795 2 NPS_SENSORS_SCALED -0.814473 -0.518301 -11.304492 -0.122861 0.225005 0.966585
97.795 2 NPS_WIND 0. 0. 0.
97.806 2 LINK_REPORT 2 -1 116 0 116418 4485 0 964. 37. 36 31.45
97.832 2 DL_VALUE 10 1.
97.832 2 SEGMENT 5. 1300. 5. 1100.
97.833 2 NAVIGATION 36 7 83.1 1300.5 215.5 1304.5 84 76 7 0 0 0
97.833 2 ATTITUDE 0.596846 2.048223 -0.053905
97.883 2 NAVIGATION 36 7 83.1 1300.5 215.2 1303.2 84 76 7 0 0 0
97.899 2 NPS_RATE_ATTITUDE 1.047412 11.299336 16.967361 34.112335 -1.903565 118.088435
97.899 2 NPS_POS_LLH 0.758763 0.758757 0.75541 0.022229 0.022229 362.048545 10386.049403 122.835994 307.835995
97.899 2 NPS_SPEED_POS 0.217323 -0.35872 0.027675 -7.8194 14.473775 0.910066 1300.814943 58.479625 -127.034584
97.899 2 NPS_GYRO_BIAS -2e-06 1e-05 -3.8e-05
97.899 2 NPS_SENSORS_SCALED -0.814473 -0.629365 -11.227852 -0.133108 0.229618 0.96414
97.899 2 NPS_WIND 0. 0. 0.
97.954 2 AIRSPEED 16.700001 0. 0. 0.
97.954 2 DESIRED 0.61 0.04 4.1 5. 1240. 300. -0.6 15.
97.954 2 ATTITUDE 0.596717 2.083898 -0.054148
97.995 2 NPS_RATE_ATTITUDE 1.054557 11.366656 17.011314 34.155453 -1.903788 120.483716
97.996 2 NPS_POS_LLH 0.758763 0.758757 0.755409 0.022229 0.022229 361.941705 10385.942568 122.732326 307.732326
97.996 2 NPS_SPEED_POS 0.200783 -0.34544 0.002779 -8.389885 14.095011 0.917675 1299.869294 60.146369 -126.927922
97.996 2 NPS_GYRO_BIAS -4e-06 1.1e-05 -3.4e-05
97.996 2 NPS_SENSORS_SCALED -0.851494 -0.666387 -11.304492 -0.147606 0.236533 0.96035
97.996 2 NPS_WIND 0. 0. 0.
97.996 2 GPS 3 36037066 481489079 1192 307799 1643 -91 1794 84058 31 0
98.036 2 IMU_ACCEL -0.740234 -0.591797 -11.265625
98.037 2 WP_MOVED 4 360220.5 4813715. 260.029999 31
98.037 2 ATTITUDE 0.59661 2.119612 -0.054495
98.096 2 NPS_RATE_ATTITUDE 1.054201 11.360972 17.067165 34.186468 -1.918839 122.190358
98.097 2 NPS_POS_LLH 0.758763 0.758757 0.755409 0.022229 0.022229 361.864854 10385.865721 122.657876 307.657876
98.097 2 NPS_SPEED_POS 0.2153 -0.324213 0.014463 -8.78807 13.810949 0.923853 1299.153484 61.309191 -126.851206
98.097 2 NPS_GYRO_BIAS -2e-06 8e-06 -3.5e-05
98.097 2 NPS_SENSORS_SCALED -0.703408 -0.592344 -11.304492 -0.157506 0.241786 0.957465
98.097 2 NPS_WIND 0. 0. 0.
98.120 2 NAVIGATION 36 7 86. 1299. 214.9 1301.8 84 77 8 0 0 0
98.159 2 FBW_STATUS 0 40 1 12.5 7.049567
98.160 2 ENERGY 47 12.5 7.049567 88.119591 0.322549 4.031861
98.161 2 ESTIMATOR 307.613739 -0.92
98.162 2 DESIRED 0.61 0.05 4.1 5. 1239. 300. -0.6 15.
98.162 2 ATTITUDE 0.596488 2.155351 -0.054975
98.197 2 NPS_RATE_ATTITUDE 1.059963 11.72024 17.110941 34.216982 -1.929709 123.905926
98.198 2 NPS_POS_LLH 0.758762 0.758757 0.755409 0.02223 0.02223 361.787411 10385.788282 122.582943 307.582943
98.198 2 NPS_SPEED_POS 0.2609 -0.286431 0.084656 -9.177612 13.516039 0.931467 1298.404856 62.447893 -126.773904
98.198 2 NPS_GYRO_BIAS -1e-06 1e-05 -3.9e-05
98.198 2 NPS_SENSORS_SCALED -0.777451 -0.629365 -11.227852 -0.167358 0.247294 0.954382
98.199 2 NPS_WIND 0. 0. 0.
98.241 2 NAVIGATION_REF 360284 4813592 31 185.029999
98.241 2 GPS_SOL 650 100 650 11
98.242 2 IMU_MAG 0. 0. 0.
98.243 2 GPS 3 36037343 481488903 1233 307620 1635 -92 1794 84258 31 0
98.244 2 ATTITUDE 0.596358 2.191389 -0.055041
98.298 2 NPS_RATE_ATTITUDE 1.062896 11.407232 17.172823 34.262534 -1.942058 126.489624
98.298 2 NPS_POS_LLH 0.758762 0.758757 0.755409 0.02223 0.02223 361.670216 10385.671094 122.469716 307.469716
98.298 2 NPS_SPEED_POS 0.214767 -0.292671 0.000817 -9.748151 13.052048 0.940273 1297.22179 64.108651 -126.656934
98.298 2 NPS_GYRO_BIAS -3e-06 5e-06 -4.1e-05
98.299 2 NPS_SENSORS_SCALED -0.814473 -0.703408 -11.227852 -0.181923 0.25603 0.9494
98.299 2 NPS_WIND 0. 0. 0.
98.323 2 IMU_GYRO 0.018066 0.199951 0.296875
98.324 2 DESIRED 0.61 0.05 4.1 5. 1239. 300. -0.6 15.
98.324 2 ATTITUDE 0.596208 2.227292 -0.055493
98.377 2 NAVIGATION 36 7 91.4 1295. 213.3 1298.2 85 77 8 0 0 0
98.398 2 NPS_RATE_ATTITUDE 1.068572 11.446753 17.228949 34.292607 -1.962142 128.211408
98.398 2 NPS_POS_LLH 0.758762 0.758757 0.755409 0.02223 0.02223 361.591384 10385.592267 122.39366 307.39366
98.398 2 NPS_SPEED_POS 0.227517 -0.268879 0.014675 -10.116661 12.729959 0.948118 1296.394024 65.182971 -126.57826
98.399 2 NPS_GYRO_BIAS -7e-06 2e-06 -4e-05
98.400 2 NPS_SENSORS_SCALED -0.703408 -0.592344 -11.304492 -0.191197 0.262164 0.945897
98.400 2 NPS_WIND 0. 0. 0.
98.448 2 STATE_FILTER_STATUS 4 3 0
98.448 2 ATTITUDE 0.596029 2.263611 -0.055509
98.490 2 GPS 3 36037604 481488708 1274 307439 1627 -94 1794 84458 31 0
98.499 2 NPS_RATE_ATTITUDE 1.073958 11.612439 17.24972 34.337405 -1.951932 130.828485
98.500 2 NPS_POS_LLH 0.758762 0.758756 0.755409 0.022231 0.02223 361.471983 10385.472872 122.278613 307.278613
98.501 2 NPS_SPEED_POS 0.207466 -0.270187 -0.012195 -10.654265 12.225243 0.956246 1295.095699 66.742966 -126.459107
98.501 2 NPS_GYRO_BIAS -7e-06 4e-06 -3.7e-05
98.501 2 NPS_SENSORS_SCALED -0.703408 -0.629365 -11.304492 -0.205566 0.271834 0.940136
98.502 2 NPS_WIND 0. 0. 0.
98.531 2 WP_MOVED 5 360272.5 4813571. 260.029999 31
98.532 2 DESIRED 0.61 0.05 4.1 5. 1235. 300. -0.6 15.
98.532 2 ATTITUDE 0.595843 2.29991 -0.055572
98.600 2 NPS_RATE_ATTITUDE 1.076838 11.519619 17.308807 34.364815 -1.968795 132.387162
98.600 2 NPS_POS_LLH 0.758762 0.758756 0.755409 0.022231 0.022231 361.399954 10385.400848 122.209303 307.209304
98.602 2 NPS_SPEED_POS 0.217118 -0.249063 -0.007252 -10.966654 11.911215 0.960891 1294.284854 67.648126 -126.387234
98.602 2 NPS_GYRO_BIAS -6e-06 -1e-06 -3.7e-05
98.602 2 NPS_SENSORS_SCALED -0.703408 -0.629365 -11.266172 -0.213519 0.277895 0.936585
98.602 2 NPS_WIND 0. 0. 0.
98.613 2 NAVIGATION 36 7 93.9 1293. 212.5 1296.4 85 77 8 0 0 0
98.652 2 DATALINK_REPORT 1 36 0 1017 0 0
98.653 2 ESTIMATOR 307.246094 -0.95
98.653 2 ATTITUDE 0.595645 2.336141 -0.055993
98.700 2 NPS_RATE_ATTITUDE 1.090758 11.860767 17.375903 34.409683 -1.985642 135.005016
98.701 2 NPS_POS_LLH 0.758762 0.758756 0.755408 0.022231 0.022231 361.278863 10385.279765 122.092916 307.092916
98.701 2 NPS_SPEED_POS 0.246023 -0.204449 0.044063 -11.467765 11.371228 0.97193 1292.882479 69.10352 -126.266412
98.701 2 NPS_GYRO_BIAS -5e-06 -0. -3.8e-05
98.701 2 NPS_SENSORS_SCALED -0.666387 -0.666387 -11.342813 -0.226651 0.288429 0.930293
98.702 2 NPS_WIND 0. 0. 0.
98.735 2 ALIVE 84,160,18,137,67,90,20,217,119,254,202,219,218,115,193,250
98.736 2 GPS 3 36038080 481488269 1357 307069 1614 -97 1794 84858 31 0
98.737 2 DESIRED 0.61 0.05 4.1 5. 1233. 300. -0.5 15.
98.737 2 ATTITUDE 0.595529 2.372741 -0.055963
98.802 2 NPS_RATE_ATTITUDE 1.093791 11.625884 17.419677 34.440004 -1.999323 136.75385
98.802 2 NPS_POS_LLH 0.758761 0.758756 0.755408 0.022231 0.022231 361.197451 10385.198358 122.014753 307.014754
98.802 2 NPS_SPEED_POS 0.220321 -0.211884 -0.00569 -11.789925 10.998368 0.977734 1291.913331 70.035648 -126.185186
98.802 2 NPS_GYRO_BIAS 0. -4e-06 -3.8e-05
98.803 2 NPS_SENSORS_SCALED -0.703408 -0.592344 -11.304492 -0.235084 0.295746 0.925893
98.803 2 NPS_WIND 0. 0. 0.
98.807 2 LINK_REPORT 2 -1 117 0 117474 4526 0 1056. 41. 36 31.45
98.876 2 NAVIGATION 36 7 96.2 1290.5 212.5 1296.4 85 77 8 0 0 0
98.877 2 IMU_ACCEL -0.666016 -0.703125 -11.303711
98.877 2 ATTITUDE 0.595453 2.40921 -0.056322
98.877 2 NAVIGATION 36 7 96.2 1290.5 211.2 1294.1 85 77 8 0 0 0
98.902 2 NPS_RATE_ATTITUDE 1.101719 11.986338 17.486975 34.48466 -2.031022 139.380022
98.903 2 NPS_POS_LLH 0.758761 0.758756 0.755408 0.022232 0.022231 361.07422 10385.075136 121.896563 306.896563
98.903 2 NPS_SPEED_POS 0.262343 -0.14793 0.08045 -12.251562 10.423117 0.989894 1290.410467 71.374691 -126.062246
98.903 2 NPS_GYRO_BIAS 7e-06 0. -4.1e-05
98.903 2 NPS_SENSORS_SCALED -0.703408 -0.703408 -11.266172 -0.247097 0.307134 0.919032
98.903 2 NPS_WIND 0. 0. 0.
98.938 2 AIRSPEED 16.700001 0. 0. 0.
98.938 2 IMU_GYRO 0.019043 0.209473 0.302002
98.938 2 DESIRED 0.61 0.05 4.1 5. 1230. 300. -0.5 15.
98.938 2 ATTITUDE 0.595382 2.445917 -0.05643
98.980 2 GPS 3 36038291 481488025 1399 306880 1608 -99 1794 85058 31 0
99.003 2 NPS_RATE_ATTITUDE 1.098731 11.765625 17.501276 34.510894 -2.037107 140.968577
99.003 2 NPS_POS_LLH 0.758761 0.758755 0.755408 0.022232 0.022232 360.99956 10385.000481 121.825018 306.825018
99.003 2 NPS_SPEED_POS 0.217766 -0.178495 0.003032 -12.517359 10.067596 0.995984 1289.481581 72.143143 -125.987765
99.003 2 NPS_GYRO_BIAS 2e-06 7e-06 -4.3e-05
99.003 2 NPS_SENSORS_SCALED -0.629365 -0.666387 -11.304492 -0.254293 0.314197 0.914671
99.003 2 NPS_WIND 0. 0. 0.
99.061 2 SEGMENT 5. 1300. 5. 1100.
99.062 2 WP_MOVED 6 360132.40625 4813672.5 260.029999 31
99.062 2 ATTITUDE 0.595297 2.482631 -0.056563
99.103 2 NPS_RATE_ATTITUDE 1.100159 11.697584 17.569013 34.553846 -2.075901 143.603807
99.103 2 NPS_POS_LLH 0.758761 0.758755 0.755408 0.022232 0.022232 360.874054 10384.874985 121.704849 306.704849
99.104 2 NPS_SPEED_POS 0.217195 -0.151391 0.007795 -12.939095 9.460521 1.00798 1287.890261 73.363821 -125.862568
99.104 2 NPS_GYRO_BIAS -4e-06 2e-06 -4.1e-05
99.104 2 NPS_SENSORS_SCALED -0.592344 -0.629365 -11.342813 -0.265273 0.326322 0.907277
99.104 2 NPS_WIND 0. 0. 0.
99.143 2 NAVIGATION 36 7 98.3 1288.5 210.3 1292.2 85 78 9 0 0 0
99.144 2 ESTIMATOR 306.673828 -1.01
99.144 2 DESIRED 0.61 0.05 4.1 5. 1228. 300. -0.5 15.
99.144 2 ATTITUDE 0.595209 2.519344 -0.056891
99.204 2 NPS_RATE_ATTITUDE 1.101787 11.995499 17.590435 34.581096 -2.091534 145.373612
99.204 2 NPS_POS_LLH 0.758761 0.758755 0.755407 0.022232 0.022232 360.789446 10384.790382 121.623894 306.623894
99.204 2 NPS_SPEED_POS 0.229896 -0.121144 0.048928 -13.205153 9.046064 1.017147 1286.800843 74.134993 -125.778171
99.204 2 NPS_GYRO_BIAS -2e-06 2e-06 -4.1e-05
99.204 2 NPS_SENSORS_SCALED -0.629365 -0.666387 -11.342813 -0.272464 0.334645 0.9021
99.205 2 NPS_WIND 0. 0. 0.
99.225 2 ENERGY 48 12.5 7.24785 90.598129 0.324738 4.059225
99.226 2 GPS 3 36038483 481487768 1441 306688 1602 -101 1794 85258 31 0
99.226 2 ATTITUDE 0.595088 2.556399 -0.056838
99.305 2 NPS_RATE_ATTITUDE 1.098872 11.748024 17.61963 34.60796 -2.110292 147.143613
99.305 2 NPS_POS_LLH 0.75876 0.758755 0.755407 0.022232 0.022232 360.704167 10384.70511 121.542341 306.542342
99.305 2 NPS_SPEED_POS 0.19988 -0.140594 -0.008962 -13.460066 8.62278 1.024475 1285.689706 74.871246 -125.693108
99.305 2 NPS_GYRO_BIAS 3e-06 1e-06 -4.2e-05
99.306 2 NPS_SENSORS_SCALED -0.592344 -0.666387 -11.266172 -0.279312 0.343148 0.896795
99.306 2 NPS_WIND 0. 0. 0.
99.308 2 FBW_STATUS 0 40 1 12.5 7.24785
99.348 2 PPRZ_MODE 2 3 3 1 0 21
99.348 2 DL_VALUE 11 0.
99.349 2 DESIRED 0.61 0.05 4.1 5. 1228. 300. -0.5 15.
99.350 2 ATTITUDE 0.594975 2.593259 -0.057057
99.390 2 NAVIGATION 36 7 101.9 1283. 207.1 1287. 86 78 9 0 0 0
99.405 2 NPS_RATE_ATTITUDE 1.104541 12.385137 17.682569 34.646899 -2.153876 149.796728
99.405 2 NPS_POS_LLH 0.75876 0.758755 0.755407 0.022232 0.022232 360.574934 10384.575886 121.418827 306.418827
99.405 2 NPS_SPEED_POS 0.260159 -0.030184 0.147905 -13.817892 7.975714 1.038827 1283.984513 75.908795 -125.564207
99.405 2 NPS_GYRO_BIAS 4e-06 4e-06 -4.3e-05
99.405 2 NPS_SENSORS_SCALED -0.703408 -0.629365 -11.227852 -0.288762 0.356233 0.888663
99.406 2 NPS_WIND 0. 0. 0.
99.429 2 ATTITUDE 0.594859 2.630504 -0.056903
99.506 2 NPS_RATE_ATTITUDE 1.100125 12.091527 17.66754 34.669052 -2.146394 151.41437
99.506 2 NPS_POS_LLH 0.75876 0.758754 0.755407 0.022233 0.022233 360.496575 10384.497533 121.343969 306.343969
99.507 2 NPS_SPEED_POS 0.196503 -0.108103 0.015259 -14.020143 7.57813 1.044495 1282.940532 76.492117 -125.486051
99.507 2 NPS_GYRO_BIAS 4e-06 3e-06 -4e-05
99.507 2 NPS_SENSORS_SCALED -0.666387 -0.703408 -11.381133 -0.29474 0.364264 0.88343
99.507 2 NPS_WIND 0. 0. 0.
99.512 2 GPS 3 36038654 481487498 1484 306493 1597 -103 1794 85458 31 0
99.553 2 IMU_MAG 0. 0. 0.
99.553 2 IMU_GYRO 0.019043 0.206299 0.306396
99.554 2 WP_MOVED 7 360464.09375 4813807. 260.029999 31
99.554 2 DESIRED 0.61 0.05 4.2 5. 1223. 300. -0.5 15.
99.555 2 ATTITUDE 0.594743 2.66776 -0.056776
99.607 2 NPS_RATE_ATTITUDE 1.093392 11.838784 17.740164 34.705624 -2.183974 154.080484
99.607 2 NPS_POS_LLH 0.75876 0.758754 0.755407 0.022233 0.022233 360.365143 10384.366111 121.218481 306.218481
99.607 2 NPS_SPEED_POS 0.184118 -0.094725 -0.007783 -14.333587 6.903735 1.054058 1281.168089 77.397338 -125.354966
99.607 2 NPS_GYRO_BIAS 4e-06 -2e-06 -3.7e-05
99.608 2 NPS_SENSORS_SCALED -0.592344 -0.629365 -11.342813 -0.303204 0.377915 0.874788
99.608 2 NPS_WIND 0. 0. 0.
99.635 2 NAVIGATION 36 7 103.5 1280.5 205.6 1284.7 86 78 9 0 0 0
99.635 2 CALIBRATION -150. 0
99.635 2 IMU_ACCEL -0.554688 -0.703125 -11.342773
99.636 2 ESTIMATOR 306.275116 -1.05
99.636 2 ATTITUDE 0.594629 2.70488 -0.057026
99.707 2 NPS_RATE_ATTITUDE 1.097472 12.23138 17.770619 34.728325 -2.203226 155.868965
99.707 2 NPS_POS_LLH 0.75876 0.758754 0.755406 0.022233 0.022233 360.276691 10384.277665 121.134061 306.134062
99.708 2 NPS_SPEED_POS 0.202073 -0.04357 0.059701 -14.525097 6.447923 1.062951 1279.965554 77.953704 -125.266748
99.708 2 NPS_GYRO_BIAS 5e-06 -2e-06 -4e-05
99.708 2 NPS_SENSORS_SCALED -0.629365 -0.629365 -11.457773 -0.308569 0.387204 0.86883
99.708 2 NPS_WIND 0. 0. 0.
99.756 2 GPS 3 36038935 481486927 1569 306091 1588 -106 1794 85858 31 0
99.757 2 DESIRED 0.61 0.05 4.2 5. 1220. 300. -0.5 15.
99.757 2 ATTITUDE 0.59451 2.742372 -0.056807
99.808 2 NPS_RATE_ATTITUDE 1.104841 11.884116 17.814539 34.762046 -2.235665 158.554142
99.808 2 NPS_POS_LLH 0.758759 0.758754 0.755406 0.022233 0.022233 360.14283 10384.143815 121.006346 306.006347
99.808 2 NPS_SPEED_POS 0.166996 -0.074059 -0.015592 -14.788125 5.751846 1.073475 1278.133151 78.716302 -125.133247
99.809 2 NPS_GYRO_BIAS 9e-06 4e-06 -3e-05
99.809 2 NPS_SENSORS_SCALED -0.629365 -0.592344 -11.419453 -0.315936 0.4014 0.859692
99.809 2 LINK_REPORT 2 -1 118 0 118501 4566 0 1027. 40. 36 31.45
99.809 2 NPS_WIND 0. 0. 0.
99.839 2 NAVIGATION 36 7 104.8 1277. 205.6 1284.7 86 78 9 0 0 0
99.840 2 ATTITUDE 0.594428 2.779711 -0.056999
99.890 2 NAVIGATION 36 7 104.8 1277. 203.2 1281.3 86 78 9 0 0 0
99.908 2 NPS_RATE_ATTITUDE 1.107493 12.117329 17.849271 34.783967 -2.267594 160.342359
99.908 2 NPS_POS_LLH 0.758759 0.758753 0.755406 0.022233 0.022233 360.052758 10384.05375 120.920429 305.920429
99.908 2 NPS_SPEED_POS 0.185325 -0.019869 0.054058 -14.945665 5.282669 1.082754 1276.894141 79.1761 -125.043417
99.908 2 NPS_GYRO_BIAS 5e-06 8e-06 -3.1e-05
99.908 2 NPS_SENSORS_SCALED -0.703408 -0.666387 -11.304492 -0.320245 0.411029 0.853526
99.908 2 NPS_WIND 0. 0. 0.
99.961 2 AIRSPEED 16.700001 0. 0. 0.
99.962 2 DESIRED 0.61 0.05 4.2 5. 1217. 300. -0.5 15.
99.962 2 ATTITUDE 0.594393 2.81734 -0.056939
100.002 2 GPS 3 36039042 481486629 1612 305885 1584 -108 1794 86058 31 0
100.009 2 NPS_RATE_ATTITUDE 1.108364 11.990967 17.853586 34.812995 -2.289014 162.865079
100.010 2 NPS_POS_LLH 0.758759 0.758753 0.755406 0.022233 0.022233 359.925428 10383.92643 120.798986 305.798987
100.010 2 NPS_SPEED_POS 0.148899 -0.060122 -0.014314 -15.143487 4.616414 1.093425 1275.138685 79.753657 -124.916432
100.010 2 NPS_GYRO_BIAS -1e-06 4e-06 -3.4e-05
100.011 2 NPS_SENSORS_SCALED -0.592344 -0.74043 -11.304492 -0.326117 0.424692 0.844566
100.011 2 NPS_WIND 0. 0. 0.
100.043 2 WP_MOVED 8 360484. 4813582. 215.029999 31
100.043 2 ATTITUDE 0.594303 2.854886 -0.056885
100.111 2 NPS_RATE_ATTITUDE 1.104234 11.947589 17.886231 34.833132 -2.321777 164.657538
100.111 2 NPS_POS_LLH 0.758759 0.758753 0.755405 0.022233 0.022233 359.833727 10383.834735 120.711534 305.711535
100.112 2 NPS_SPEED_POS 0.143641 -0.043225 -0.006257 -15.267638 4.13601 1.101796 1273.871452 80.118359 -124.82498
100.112 2 NPS_GYRO_BIAS -3e-06 2e-06 -3.8e-05
100.112 2 NPS_SENSORS_SCALED -0.629365 -0.666387 -11.342813 -0.329576 0.434567 0.838176
100.112 2 NPS_WIND 0. 0. 0.
100.124 2 NAVIGATION 36 7 105.8 1274. 201.1 1278.4 86 79 10 0 0 0
100.125 2 FBW_STATUS 0 40 1 12.5 7.392088
100.125 2 IMU_GYRO 0.019043 0.208496 0.30957
100.125 2 ESTIMATOR 305.654053 -1.1
100.126 2 DESIRED 0.61 0.05 4.2 5. 1214. 300. -0.4 15.
100.126 2 ATTITUDE 0.594207 2.89237 -0.057059
100.211 2 NPS_RATE_ATTITUDE 1.104542 12.189418 17.899436 34.86072 -2.353559 167.363858
100.211 2 NPS_POS_LLH 0.758758 0.758753 0.755405 0.022233 0.022233 359.694732 10383.695752 120.578974 305.578975
100.211 2 NPS_SPEED_POS 0.136736 -0.02354 0.016726 -15.426743 3.40917 1.115246 1271.952727 80.590046 -124.686363
100.211 2 NPS_GYRO_BIAS -3e-06 -2e-06 -3.8e-05
100.212 2 NPS_SENSORS_SCALED -0.592344 -0.592344 -11.304492 -0.334406 0.44954 0.828308
100.212 2 NPS_WIND 0. 0. 0.
100.246 2 GPS_SOL 650 100 650 11
100.246 2 SEGMENT 5. 1300. 5. 1100.
100.248 2 GPS 3 36039126 481486323 1655 305676 1581 -110 1794 86258 31 0
100.248 2 ATTITUDE 0.594104 2.930129 -0.056788
100.311 2 NPS_RATE_ATTITUDE 1.107398 11.985114 17.920452 34.876833 -2.378538 168.984695
100.312 2 NPS_POS_LLH 0.758758 0.758753 0.755405 0.022234 0.022234 359.610619 10383.611645 120.498751 305.498752
100.312 2 NPS_SPEED_POS 0.122379 -0.039346 -0.018389 -15.506858 2.968777 1.121905 1270.792641 80.829228 -124.602478
100.312 2 NPS_GYRO_BIAS -4e-06 0. -3.5e-05
100.312 2 NPS_SENSORS_SCALED -0.629365 -0.777451 -11.304492 -0.336804 0.458603 0.822347
100.313 2 NPS_WIND 0. 0. 0.
100.327 2 ENERGY 49 12.5 7.429758 92.871979 0.326986 4.087324
100.328 2 DESIRED 0.61 0.05 4.2 5. 1214. 300. -0.4 15.
100.328 2 ATTITUDE 0.594006 2.9677 -0.056912
100.381 2 NAVIGATION 36 7 107.2 1268. 196.7 1272.5 87 79 10 0 0 0
100.411 2 NPS_RATE_ATTITUDE 1.109844 12.767778 17.946638 34.901705 -2.418884 171.693173
100.411 2 NPS_POS_LLH 0.758758 0.758752 0.755405 0.022234 0.022234 359.46913 10383.470167 120.363787 305.363787
100.411 2 NPS_SPEED_POS 0.139883 0.077904 0.142116 -15.613284 2.23233 1.136146 1268.847276 81.154336 -124.461374
100.411 2 NPS_GYRO_BIAS 2e-06 1e-06 -3.6e-05
100.411 2 NPS_SENSORS_SCALED -0.592344 -0.592344 -11.496094 -0.340163 0.473827 0.812271
100.411 2 NPS_WIND 0. 0. 0.
100.448 2 IMU_ACCEL -0.591797 -0.591797 -11.380859
100.448 2 ATTITUDE 0.593887 3.005639 -0.056541
100.489 2 GPS 3 36039187 481486014 1698 305462 1578 -112 1794 86458 31 0
100.512 2 NPS_RATE_ATTITUDE 1.103643 12.176847 17.927717 34.917045 -2.418071 173.51746
100.512 2 NPS_POS_LLH 0.758758 0.758752 0.755404 0.022234 0.022234 359.373987 10383.375031 120.273014 305.273015
100.513 2 NPS_SPEED_POS 0.103866 -0.045388 -0.030499 -15.666435 1.73535 1.140564 1267.543853 81.319683 -124.366488
100.513 2 NPS_GYRO_BIAS -2e-06 7e-06 -3.7e-05
100.513 2 NPS_SENSORS_SCALED -0.629365 -0.629365 -11.266172 -0.342407 0.484032 0.805282
100.513 2 NPS_WIND 0. 0. 0.
100.530 2 WP_MOVED 9 360364. 4813612. 185.029999 31
100.531 2 DESIRED 0.61 0.05 4.2 5. 1208. 300. -0.4 15.
100.532 2 ATTITUDE 0.593783 3.043502 -0.056191
100.613 2 NAVIGATION 36 7 107.6 1265. 194.3 1269.6 87 79 10 0 0 0
100.614 2 NPS_RATE_ATTITUDE 1.094982 12.079425 17.987619 34.937812 -2.462376 176.043671
100.615 2 NPS_POS_LLH 0.758757 0.758752 0.755404 0.022234 0.022234 359.240099 10383.241153 120.145266 305.145267
100.615 2 NPS_SPEED_POS 0.095357 -0.012276 -0.012515 -15.715153 1.03923 1.149496 1265.712968 81.481513 -124.232962
100.615 2 NPS_GYRO_BIAS -4e-06 0. -3.8e-05
100.615 2 NPS_SENSORS_SCALED -0.518301 -0.777451 -11.381133 -0.344131 0.498376 0.79574
100.615 2 NPS_WIND 0. 0. 0.
100.653 2 STATE_FILTER_STATUS 4 3 0
100.653 2 ESTIMATOR 305.222107 -1.14
100.653 2 ATTITUDE 0.593712 3.081198 -0.056224
100.713 2 NPS_RATE_ATTITUDE 1.099077 12.399385 17.995946 34.950677 -2.479124 177.863213
100.714 2 NPS_POS_LLH 0.758757 0.758752 0.755404 0.022234 0.022234 359.143697 10383.144759 120.05326 305.05326
100.715 2 NPS_SPEED_POS 0.09255 0.018795 0.030324 -15.731699 0.541893 1.157328 1264.402581 81.547414 -124.13682
100.716 2 NPS_GYRO_BIAS -5e-06 2e-06 -3.3e-05
100.716 2 NPS_SENSORS_SCALED -0.592344 -0.666387 -11.342813 -0.345159 0.508661 0.788757
100.716 2 NPS_WIND 0. 0. 0.
100.735 2 IMU_GYRO 0.019043 0.213867 0.311768
100.736 2 GPS 3 36039238 481485386 1785 305025 1573 -116 1794 86858 31 0
100.737 2 DESIRED 0.61 0.05 4.2 5. 1205. 300. -0.4 15.
100.737 2 ATTITUDE 0.593645 3.119302 -0.055837
100.810 2 LINK_REPORT 2 -1 119 0 119479 4603 0 978. 37. 36 31.45
100.814 2 NPS_RATE_ATTITUDE 1.098231 12.12297 18.011006 34.96339 -2.501763 179.679316
100.815 2 NPS_POS_LLH 0.758757 0.758751 0.755404 0.022234 0.022234 359.046753 10383.047823 119.960713 304.960713
100.816 2 NPS_SPEED_POS 0.079383 -0.016518 -0.026003 -15.733397 0.042794 1.163242 1263.09143 81.571773 -124.040136
100.817 2 NPS_GYRO_BIAS -5e-06 4e-06 -3.4e-05
100.817 2 NPS_SENSORS_SCALED -0.629365 -0.592344 -11.342813 -0.345701 0.518961 0.781779
100.817 2 NPS_WIND 0. 0. 0.
100.882 2 DL_VALUE 12 0.
100.882 2 IMU_MAG 0. 0. 0.
100.883 2 NAVIGATION 36 7 107.8 1262. 194.3 1269.6 87 79 10 0 0 0
100.883 2 ATTITUDE 0.593608 -3.126026 -0.055786
100.883 2 NAVIGATION 36 7 107.8 1262. 191.9 1266.6 87 79 10 0 0 0
100.915 2 NPS_RATE_ATTITUDE 1.098119 12.489165 18.037983 34.980743 -2.548725 -177.600806
100.915 2 NPS_POS_LLH 0.758757 0.758751 0.755403 0.022234 0.022234 358.900238 10382.901319 119.820788 304.820789
100.916 2 NPS_SPEED_POS 0.071671 0.05618 0.06866 -15.707435 -0.703374 1.175365 1261.126021 81.530452 -123.894011
100.916 2 NPS_GYRO_BIAS -2e-06 -2e-06 -3.3e-05
100.916 2 NPS_SENSORS_SCALED -0.518301 -0.629365 -11.342813 -0.345574 0.534417 0.771352
100.917 2 NPS_WIND 0. 0. 0.
100.938 2 AIRSPEED 16.700001 0. 0. 0.
100.938 2 DESIRED 0.61 0.06 4.2 5. 1202. 300. -0.4 15.
100.938 2 ATTITUDE 0.593564 -3.087998 -0.055541
100.979 2 GPS 3 36039226 481485072 -1770 304802 1572 -118 1794 87058 31 0
101.016 2 NPS_RATE_ATTITUDE 1.100065 12.263652 18.022388 34.989891 -2.560969 -175.957356
101.016 2 NPS_POS_LLH 0.758756 0.758751 0.755403 0.022234 0.022234 358.811621 10382.812708 119.736118 304.736118
101.016 2 NPS_SPEED_POS 0.061558 -0.003531 -0.006969 -15.675617 -1.151413 1.181202 1259.94908 81.460901 -123.805628
101.016 2 NPS_GYRO_BIAS -1e-06 -2e-06 -3.4e-05
101.017 2 NPS_SENSORS_SCALED -0.592344 -0.629365 -11.419453 -0.345339 0.543676 0.764961
101.017 2 NPS_WIND 0. 0. 0.
101.060 2 WP_MOVED 10 360310.90625 4813569. 260.029999 31
101.061 2 ATTITUDE 0.593525 -3.050052 -0.05536
101.117 2 NPS_RATE_ATTITUDE 1.096148 12.148361 18.043284 35.0046 -2.608167 -173.236315
101.117 2 NPS_POS_LLH 0.758756 0.758751 0.755403 0.022234 0.022234 358.662954 10382.664052 119.594007 304.594007
101.117 2 NPS_SPEED_POS 0.048088 0.000888 -0.008257 -15.595412 -1.895061 1.191911 1257.994288 81.270429 -123.65735
101.117 2 NPS_GYRO_BIAS -0. -3e-06 -3.5e-05
101.118 2 NPS_SENSORS_SCALED -0.555322 -0.629365 -11.304492 -0.34381 0.559055 0.754494
101.118 2 NPS_WIND 0. 0. 0.
101.142 2 NAVIGATION 36 7 107.6 1258.5 188.8 1263.1 87 80 11 0 0 0
101.143 2 ESTIMATOR 304.546967 -1.19
101.143 2 DESIRED 0.61 0.06 4.2 5. 1198. 300. -0.4 15.
101.144 2 ATTITUDE 0.593475 -3.012143 -0.055376
101.218 2 NPS_RATE_ATTITUDE 1.08883 12.496536 18.033527 35.012312 -2.626993 -171.411765
101.218 2 NPS_POS_LLH 0.758756 0.75875 0.755403 0.022234 0.022234 358.563017 10382.564122 119.498418 304.498418
101.219 2 NPS_SPEED_POS 0.04129 0.033295 0.04398 -15.523051 -2.387899 1.199903 1256.697581 81.091972 -123.557671
101.219 2 NPS_GYRO_BIAS 2e-06 -3e-06 -3.5e-05
101.219 2 NPS_SENSORS_SCALED -0.555322 -0.592344 -11.342813 -0.342507 0.569255 0.747426
101.219 2 NPS_WIND 0. 0. 0.
101.224 2 COMMANDS 4824,128,2226,0
101.224 2 IMU_ACCEL -0.370117 -0.591797 -11.342773
101.225 2 GPS 3 36039192 481484759 -1727 304574 1570 -119 1794 87258 31 0
101.226 2 ATTITUDE 0.59346 -2.97398 -0.054946
101.306 2 FBW_STATUS 0 40 1 12.5 7.624895
101.319 2 NPS_RATE_ATTITUDE 1.077296 12.166597 18.043047 35.021611 -2.662673 -168.681688
101.319 2 NPS_POS_LLH 0.758756 0.75875 0.755402 0.022234 0.022233 358.412123 10382.413239 119.354004 304.354005
101.320 2 NPS_SPEED_POS 0.032243 -0.008956 -0.019667 -15.386253 -3.124679 1.208616 1254.765399 80.747351 -123.407163
101.321 2 NPS_GYRO_BIAS -7e-06 -3e-06 -2e-05
101.321 2 NPS_SENSORS_SCALED -0.666387 -0.555322 -11.304492 -0.339706 0.584429 0.73692
101.321 2 NPS_WIND 0. 0. 0.
101.347 2 IMU_GYRO 0.018066 0.21167 0.313721
101.347 2 DESIRED 0.61 0.06 4.2 5. 1198. 300. -0.4 15.
101.348 2 ATTITUDE 0.593372 -2.935997 -0.054926
101.389 2 NAVIGATION 36 7 106.8 1252.5 183.3 1257. 88 80 11 0 0 0
101.418 2 NPS_RATE_ATTITUDE 1.076455 12.583258 18.059024 35.02602 -2.691391 -167.04686
101.419 2 NPS_POS_LLH 0.758755 0.75875 0.755402 0.022233 0.022233 358.320998 10382.322121 119.266737 304.266737
101.419 2 NPS_SPEED_POS 0.024866 0.083077 0.102045 -15.288062 -3.562092 1.215676 1253.615033 80.496568 -123.316268
101.419 2 NPS_GYRO_BIAS -4e-06 -4e-06 -1.9e-05
101.419 2 NPS_SENSORS_SCALED -0.555322 -0.592344 -11.342813 -0.337492 0.593464 0.730689
101.419 2 NPS_WIND 0. 0. 0.
101.428 2 SEGMENT 5. 1300. 5. 1100.
101.428 2 ENERGY 50 12.5 7.700939 96.261742 0.329299 4.116247
101.428 2 ATTITUDE 0.593258 -2.897604 -0.054424
101.511 2 GPS 3 36039134 481484450 -1683 304344 1569 -121 1794 87458 31 0
101.519 2 NPS_RATE_ATTITUDE 1.063531 12.291221 18.008373 35.030976 -2.682418 -164.286293
101.519 2 NPS_POS_LLH 0.758755 0.75875 0.755402 0.022233 0.022233 358.168272 10382.169405 119.120381 304.120381
101.520 2 NPS_SPEED_POS 0.028675 -0.040584 -0.049511 -15.096604 -4.289581 1.219915 1251.715628 80.005826 -123.163922
101.520 2 NPS_GYRO_BIAS -7e-06 2e-06 -1.6e-05
101.520 2 NPS_SENSORS_SCALED -0.555322 -0.703408 -11.457773 -0.333993 0.60837 0.71996
101.520 2 NPS_WIND 0. 0. 0.
101.552 2 COMMANDS 4862,131,2237,0
101.552 2 WP_MOVED 11 360184. 4813592. 260.029999 31
101.553 2 DESIRED 0.61 0.06 4.2 5. 1192. 300. -0.3 15.
101.554 2 ATTITUDE 0.593181 -2.859286 -0.053839
101.620 2 NPS_RATE_ATTITUDE 1.057927 12.243723 18.04441 35.033826 -2.710281 -162.469487
101.620 2 NPS_POS_LLH 0.758755 0.758749 0.755402 0.022233 0.022233 358.066236 10382.067377 119.022544 304.022544
101.620 2 NPS_SPEED_POS 0.015344 -0.011171 -0.023439 -14.950467 -4.76849 1.223539 1250.463569 79.628357 -123.062137
101.621 2 NPS_GYRO_BIAS -1e-06 -1e-06 -1.7e-05
101.621 2 NPS_SENSORS_SCALED -0.555322 -0.629365 -11.419453 -0.330659 0.618187 0.713104
101.621 2 NPS_WIND 0. 0. 0.
101.635 2 NAVIGATION 36 7 105.9 1249.5 180.4 1254. 88 80 11 0 0 0
101.635 2 ESTIMATOR 304.08194 -1.22
101.636 2 ATTITUDE 0.593119 -2.821219 -0.053771
101.721 2 NPS_RATE_ATTITUDE 1.055419 12.477115 18.041931 35.035575 -2.726296 -159.722012
101.722 2 NPS_POS_LLH 0.758755 0.758749 0.755401 0.022233 0.022233 357.912433 10381.913584 118.874958 303.874958
101.722 2 NPS_SPEED_POS 0.00593 -0.000347 -0.003352 -14.70388 -5.476802 1.230253 1248.609819 78.987954 -122.908705
101.722 2 NPS_GYRO_BIAS -2e-06 -6e-06 -1.3e-05
101.722 2 NPS_SENSORS_SCALED -0.518301 -0.666387 -11.457773 -0.32533 0.632738 0.702717
101.722 2 NPS_WIND 0. 0. 0.
101.756 2 CALIBRATION -150. 0
101.757 2 GPS 3 36038949 481483852 -1595 303874 1569 -123 1794 87858 31 0
101.757 2 DESIRED 0.61 0.06 4.2 5. 1190. 300. -0.3 15.
101.758 2 ATTITUDE 0.593069 -2.782783 -0.053201
101.812 2 LINK_REPORT 2 -1 120 0 120486 4642 0 1007. 39. 36 31.45
101.821 2 NPS_RATE_ATTITUDE 1.051887 12.270925 18.052999 35.036317 -2.746915 -157.897834
101.822 2 NPS_POS_LLH 0.758754 0.758749 0.755401 0.022233 0.022233 357.809555 10381.810712 118.776163 303.776163
101.822 2 NPS_SPEED_POS 0.003614 -0.016715 -0.029919 -14.521126 -5.943234 1.233302 1247.392013 78.51207 -122.806071
101.822 2 NPS_GYRO_BIAS -2e-06 -8e-06 -7e-06
101.822 2 NPS_SENSORS_SCALED -0.518301 -0.74043 -11.342813 -0.32116 0.642294 0.695933
101.822 2 NPS_WIND 0. 0. 0.
101.839 2 NAVIGATION 36 7 104.8 1246.5 180.4 1254. 88 80 11 0 0 0
101.840 2 ATTITUDE 0.593055 -2.744632 -0.053042
101.885 2 NAVIGATION 36 7 104.8 1246.5 177.3 1250.9 88 80 11 0 0 0
101.922 2 NPS_RATE_ATTITUDE 1.055167 12.676959 18.048589 35.035856 -2.774204 -155.340884
101.922 2 NPS_POS_LLH 0.758754 0.758749 0.755401 0.022233 0.022233 357.664931 10381.666097 118.637167 303.637167
101.922 2 NPS_SPEED_POS -0.02105 0.037453 0.057539 -14.24182 -6.584361 1.240321 1245.713904 77.781169 -122.661785
101.922 2 NPS_GYRO_BIAS -6e-06 -1e-05 -1e-06
101.922 2 NPS_SENSORS_SCALED -0.481279 -0.592344 -11.342813 -0.314718 0.655467 0.68653
101.922 2 NPS_WIND 0. 0. 0.
101.962 2 AIRSPEED 16.700001 0. 0. 0.
101.962 2 IMU_GYRO 0.018066 0.220215 0.314941
101.963 2 DESIRED 0.61 0.06 4.2 5. 1186. 300. -0.3 15.
101.964 2 ATTITUDE 0.593025 -2.706247 -0.052674
102.003 2 GPS 3 36038822 481483564 -1551 303637 1569 -124 1794 88058 31 0
102.023 2 NPS_RATE_ATTITUDE 1.048156 12.361767 18.02481 35.034944 -2.781723 -153.508575
102.023 2 NPS_POS_LLH 0.758754 0.758748 0.755401 0.022233 0.022233 357.561222 10381.562396 118.537409 303.537409
102.023 2 NPS_SPEED_POS -0.00395 -0.024837 -0.023612 -14.024835 -7.036201 1.242808 1244.536028 77.213603 -122.558314
102.023 2 NPS_GYRO_BIAS -7e-06 -1.3e-05 -5e-06
102.023 2 NPS_SENSORS_SCALED -0.555322 -0.666387 -11.419453 -0.309858 0.664707 0.679823
102.023 2 NPS_WIND 0. 0. 0.
102.043 2 IMU_ACCEL -0.517578 -0.591797 -11.418945
102.043 2 WP_MOVED 12 360184. 4813792. 260.029999 31
102.044 2 ATTITUDE 0.593059 -2.667988 -0.052323
102.123 2 NPS_RATE_ATTITUDE 1.037363 12.274581 18.030196 35.033152 -2.804568 -151.687836
102.127 2 NPS_POS_LLH 0.758754 0.758748 0.755401 0.022233 0.022233 357.457292 10381.458472 118.437366 303.437367
102.127 2 NPS_SPEED_POS -0.01099 -0.022613 -0.021016 -13.794251 -7.480336 1.24622 1243.376808 76.608688 -122.454618
102.127 2 NPS_GYRO_BIAS -7e-06 -1.7e-05 -1.7e-05
102.128 2 NPS_SENSORS_SCALED -0.518301 -0.666387 -11.419453 -0.304418 0.673787 0.673311
102.128 2 NPS_WIND 0. 0. 0.
102.128 2 NAVIGATION 36 7 103.6 1243.5 174.1 1247.8 88 81 12 0 0 0
102.128 2 FBW_STATUS 0 40 1 12.5 7.783229
102.128 2 IMU_MAG 0. 0. 0.
102.129 2 ESTIMATOR 303.367432 -1.25
102.129 2 DESIRED 0.58 0.06 4.2 5. 1184. 300. -0.3 15.
102.129 2 ATTITUDE 0.59304 -2.629924 -0.052264
