89.168 2 NPS_RATE_ATTITUDE -0.073378 0.047416 0.010218 0.228665 6.144097 -1.029099
89.169 2 NPS_POS_LLH 0.758752 0.758746 0.755399 0.022211 0.022211 368.453213 10392.454469 129.4784 314.478401
89.169 2 NPS_SPEED_POS 0.114364 -0.005816 -0.022836 19.116915 -0.328222 -2.278845 1229.906434 -21.693297 -133.453578
89.169 2 NPS_GYRO_BIAS 7e-06 4e-06 -1.3e-05
89.169 2 NPS_SENSORS_SCALED 1.147666 0.148086 -9.733359 0.285101 0.031301 0.95799
89.170 2 NPS_WIND 0. 0. 0.
89.238 2 NAVIGATION 36 7 3.8 1227. 73. 1227. 76 70 0 0 0 0
89.239 2 AUTOPILOT_VERSION 51500 v5.15_devel-179-g9a29798-dirty
89.270 2 NPS_RATE_ATTITUDE -0.011513 0.039927 0.001284 0.224187 6.147995 -1.028509
89.270 2 NPS_POS_LLH 0.758752 0.758746 0.755399 0.022211 0.022211 368.64356 10392.644807 129.663403 314.663404
89.271 2 NPS_SPEED_POS 0.111573 -0.003057 -0.024926 19.126187 -0.328433 -2.282097 1231.499898 -21.720657 -133.643617
89.271 2 NPS_GYRO_BIAS 7e-06 1e-05 -9e-06
89.271 2 NPS_SENSORS_SCALED 1.147666 0. -9.695039 0.285036 0.031222 0.958012
89.272 2 NPS_WIND 0. 0. 0.
89.273 2 FBW_STATUS 0 40 1 12.5 16.063164
89.275 2 ESTIMATOR 314.647888 2.28
89.281 2 DESIRED 0.05 0.2 0. 5. 1284. 500. 4. 15.
89.281 2 ATTITUDE 0.011097 -0.018773 0.133495
89.321 2 PONG 
89.323 2 GPS_SOL 650 100 650 11
89.324 2 GPS 3 36028846 481482303 -9 314607 1912 228 1794 76508 31 0
89.325 2 ATTITUDE 0.011063 -0.018849 0.133609
89.369 2 NPS_RATE_ATTITUDE 0.035712 0.029602 -0.012068 0.226134 6.15384 -1.029254
89.370 2 NPS_POS_LLH 0.758752 0.758747 0.755399 0.022211 0.022211 368.929585 10392.930818 129.941407 314.941407
89.370 2 NPS_SPEED_POS 0.107303 0.001247 -0.02748 19.13968 -0.328753 -2.286909 1233.89152 -21.761731 -133.929178
89.370 2 NPS_GYRO_BIAS 4e-06 9e-06 -1e-05
89.370 2 NPS_SENSORS_SCALED 1.25873 0.074043 -9.81 0.284938 0.03126 0.95804
89.370 2 NPS_WIND 0. 0. 0.
89.442 2 IMU_GYRO 0.000977 0.000977 -0.000977
89.443 2 DESIRED 0.05 0.2 0. 5. 1284. 500. 4. 15.
89.444 2 ATTITUDE 0.011062 -0.018892 0.133721
89.470 2 NPS_RATE_ATTITUDE 0.044214 0.037736 -0.010977 0.229372 6.156624 -1.030242
89.470 2 NPS_POS_LLH 0.758753 0.758747 0.755399 0.022211 0.022211 369.120594 10393.121819 130.127066 315.127066
89.470 2 NPS_SPEED_POS 0.105404 0.000718 -0.021922 19.148428 -0.328981 -2.289858 1235.486859 -21.789137 -134.119878
89.470 2 NPS_GYRO_BIAS 2e-06 6e-06 -1.5e-05
89.470 2 NPS_SENSORS_SCALED 1.25873 0.037021 -9.733359 0.284891 0.031321 0.958052
89.471 2 NPS_WIND 0. 0. 0.
89.484 2 NAVIGATION 36 7 3.8 1235. 135. 1235. 77 70 0 0 0 0
89.524 2 IMU_ACCEL 1.628906 0.036133 6.552734
89.524 2 ATTITUDE 0.051147 -0.020499 0.038328
89.575 2 NPS_RATE_ATTITUDE 73.035606 -34.690189 6.641546 4.776076 -1.653722 -1.006694
89.577 2 NPS_POS_LLH 0.758753 0.758747 0.7554 0.022211 0.022211 369.362021 10393.363234 130.361002 315.361003
89.577 2 NPS_SPEED_POS 0.847045 -3.908047 8.412203 19.214383 -0.346187 -1.234585 1237.720443 -21.827801 -134.360871
89.577 2 NPS_GYRO_BIAS -4e-06 2e-06 -2.1e-05
89.577 2 NPS_SENSORS_SCALED 1.962139 0.481279 10.384805 0.412469 0.103047 0.905129
89.578 2 NPS_WIND 0. 0. 0.
89.605 2 GPS 3 36028848 481482685 -9 315052 1914 229 1794 76708 31 0
89.646 2 WP_MOVED 16 360289. 4813692. 500.029999 31
89.646 2 DESIRED 0.61 -0.03 3.1 5. 1175. 300. -1.1 15.
89.647 2 ATTITUDE 0.179419 -0.016621 -0.017242
89.671 2 NPS_RATE_ATTITUDE 77.548944 -10.167138 -1.236819 11.205311 -2.679851 -0.849109
89.672 2 NPS_POS_LLH 0.758753 0.758748 0.7554 0.022211 0.022211 369.408703 10393.409906 130.4023 315.4023
89.672 2 NPS_SPEED_POS 0.949745 0.669578 5.648532 19.311232 -0.336771 -0.052513 1239.326071 -21.857099 -134.40724
89.672 2 NPS_GYRO_BIAS -9e-06 6e-06 -2.3e-05
89.672 2 NPS_SENSORS_SCALED 0.962559 0.666387 -1.111289 0.428783 0.201245 0.880712
89.673 2 NPS_WIND 0. 0. 0.
89.727 2 NAVIGATION 36 7 3.8 1238.5 138.5 1238.5 77 70 0 0 0 0
89.728 2 ENERGY 36 12.5 5.225945 65.32431 0.309 3.862511
89.728 2 ESTIMATOR 315.518311 0.4
89.729 2 ATTITUDE 0.305381 -0.026919 -0.037008
89.772 2 NPS_RATE_ATTITUDE 54.816433 -7.08808 -3.16045 19.793356 -4.137149 -1.702526
89.772 2 NPS_POS_LLH 0.758754 0.758748 0.7554 0.022211 0.022211 369.357769 10393.358959 130.343247 315.343247
89.772 2 NPS_SPEED_POS 0.892427 2.320453 3.412222 19.426801 -0.218514 0.822288 1241.747448 -21.891814 -134.355834
89.775 2 NPS_GYRO_BIAS -8e-06 0. -1.8e-05
89.776 2 NPS_SENSORS_SCALED 0.444258 -0.333193 -4.215234 0.451178 0.332132 0.828333
89.776 2 NPS_WIND 0. 0. 0.
89.851 2 GPS 3 36028852 481483456 -5 315301 1945 -102 1794 77108 31 0
89.851 2 DESIRED 0.61 -0.01 3.1 5. 1178. 300. -1.2 15.
89.852 2 ATTITUDE 0.396504 -0.034816 -0.046039
89.872 2 NPS_RATE_ATTITUDE 37.744997 -1.149699 2.409852 23.708637 -4.392876 -1.889496
89.873 2 NPS_POS_LLH 0.758754 0.758748 0.755401 0.022211 0.022211 369.27286 10393.274041 130.252901 315.252902
89.873 2 NPS_SPEED_POS 0.705159 0.878699 2.280779 19.486015 -0.110518 1.189807 1243.368891 -21.905908 -134.270609
89.873 2 NPS_GYRO_BIAS -1e-05 -1e-06 -2.4e-05
89.873 2 NPS_SENSORS_SCALED 0.148086 -1.073623 -6.629414 0.455048 0.388258 0.801371
89.873 2 NPS_WIND 0. 0. 0.
89.882 2 LINK_REPORT 2 -1 111 0 111432 4293 0 1022. 39. 35 40.22
89.932 2 NAVIGATION 36 7 3.9 1242.5 138.5 1238.5 77 70 0 0 0 0
89.933 2 ATTITUDE 0.454311 -0.028218 -0.049239
89.973 2 NPS_RATE_ATTITUDE 22.682692 3.727463 12.21952 27.114621 -4.651041 -1.078984
89.973 2 NPS_POS_LLH 0.758754 0.758749 0.755401 0.022211 0.022211 369.116555 10393.117723 130.08896 315.08896
89.974 2 NPS_SPEED_POS 0.629583 -1.492153 0.615283 19.553811 0.145196 1.464347 1245.64635 -21.905241 -134.113858
89.974 2 NPS_GYRO_BIAS -1.3e-05 -3e-06 -2.1e-05
89.974 2 NPS_SENSORS_SCALED -0.111064 -1.184687 -8.62207 0.459483 0.429371 0.777511
89.974 2 NPS_WIND 0. 0. 0.
89.974 2 NAVIGATION 36 7 3.9 1242.5 142.5 1242.5 77 70 0 0 0 0
90.055 2 AIRSPEED 16.700001 0. 0. 0.
90.055 2 IMU_GYRO 0.339355 0.095703 0.257324
90.056 2 DESIRED 0.61 0. 3.1 5. 1182. 300. -1.2 15.
90.057 2 ATTITUDE 0.491917 -0.005647 -0.052741
90.074 2 NPS_RATE_ATTITUDE 18.152862 6.430462 15.733679 28.705403 -4.831178 0.163502
90.074 2 NPS_POS_LLH 0.758754 0.758749 0.755401 0.022211 0.022211 368.990378 10392.991536 129.957313 314.957314
90.074 2 NPS_SPEED_POS 0.629176 -1.884497 0.041422 19.594548 0.426942 1.560848 1247.277578 -21.882033 -133.987362
90.074 2 NPS_GYRO_BIAS -1.4e-05 0. -2.2e-05
90.074 2 NPS_SENSORS_SCALED -0.222129 -0.888516 -9.656719 0.462782 0.442726 0.768006
90.075 2 NPS_WIND 0. 0. 0.
90.096 2 GPS 3 36028860 481483847 8 315024 1957 -151 1794 77308 31 0
90.136 2 IMU_MAG 0. 0. 0.
90.137 2 SEGMENT 5. 1300. 5. 1100.
90.137 2 WP_MOVED 17 360289. 4813892. 300.029999 31
90.138 2 ATTITUDE 0.521135 0.024208 -0.055229
90.175 2 NPS_RATE_ATTITUDE 15.849702 7.9936 15.588532 30.000858 -4.955954 1.620827
90.176 2 NPS_POS_LLH 0.758755 0.758749 0.755401 0.022211 0.022211 368.858448 10392.859597 129.819904 314.819905
90.176 2 NPS_SPEED_POS 0.566712 -1.186582 -0.010091 19.625855 0.794025 1.60684 1248.911847 -21.831692 -133.855112
90.177 2 NPS_GYRO_BIAS -1.2e-05 3e-06 -2.6e-05
90.177 2 NPS_SENSORS_SCALED -0.370215 -0.518301 -10.653047 0.465079 0.450937 0.761817
90.177 2 NPS_WIND 0. 0. 0.
90.218 2 NAVIGATION 36 7 4. 1246.5 146.5 1246.5 77 71 1 0 0 0
90.219 2 ESTIMATOR 314.907196 -1.61
90.219 2 DESIRED 0.61 0.01 3.1 5. 1186. 300. -1.1 15.
90.219 2 ATTITUDE 0.5457 0.053852 -0.055376
90.276 2 NPS_RATE_ATTITUDE 11.926874 9.261908 12.562821 31.5913 -4.943886 3.706003
90.276 2 NPS_POS_LLH 0.758755 0.758749 0.755402 0.022211 0.022211 368.656358 10392.657494 129.609585 314.609585
90.276 2 NPS_SPEED_POS 0.310599 0.188712 0.404596 19.641988 1.450108 1.627606 1251.366546 -21.692323 -133.652541
90.276 2 NPS_GYRO_BIAS -8e-06 1e-05 -2.9e-05
90.277 2 NPS_SENSORS_SCALED -0.555322 -0.370215 -11.304492 0.464986 0.459959 0.756461
90.277 2 NPS_WIND 0. 0. 0.
90.339 2 IMU_ACCEL -0.554688 -0.517578 -11.265625
90.339 2 GPS 3 36028882 481484238 34 314694 1967 -161 1794 77508 31 0
90.340 2 ATTITUDE 0.564024 0.080519 -0.053054
90.376 2 NPS_RATE_ATTITUDE 8.508673 8.681112 11.506275 32.352847 -4.841195 4.949157
90.377 2 NPS_POS_LLH 0.758755 0.75875 0.755402 0.022211 0.022211 368.521242 10392.522369 129.468982 314.468983
90.377 2 NPS_SPEED_POS 0.144505 0.642643 0.3081 19.627123 1.916167 1.622336 1253.002908 -21.552074 -133.517103
90.377 2 NPS_GYRO_BIAS -3e-06 8e-06 -3.5e-05
90.377 2 NPS_SENSORS_SCALED -0.592344 -0.555322 -11.381133 0.463211 0.463335 0.755489
90.377 2 NPS_WIND 0. 0. 0.
90.421 2 FBW_STATUS 0 40 1 12.5 5.749346
90.422 2 CALIBRATION -105.8 0
90.422 2 DL_VALUE 7 78.
90.423 2 DESIRED 0.61 0.01 3.1 5. 1186. 300. -1.1 15.
90.423 2 ATTITUDE 0.575076 0.105993 -0.050998
90.462 2 NAVIGATION 36 7 4.6 1254.5 154.5 1254.5 78 71 1 0 0 0
90.476 2 NPS_RATE_ATTITUDE 4.464043 8.962151 12.36823 32.966168 -4.716532 6.662284
90.477 2 NPS_POS_LLH 0.758756 0.75875 0.755402 0.022212 0.022212 368.332883 10392.333996 129.272955 314.272955
90.477 2 NPS_SPEED_POS 0.031259 0.255272 0.163288 19.571958 2.560723 1.613836 1255.289889 -21.290807 -133.328294
90.477 2 NPS_GYRO_BIAS -0. 9e-06 -4.1e-05
90.478 2 NPS_SENSORS_SCALED -0.814473 -0.703408 -11.266172 0.460725 0.462272 0.757657
90.478 2 NPS_WIND 0. 0. 0.
90.543 2 ATTITUDE 0.580658 0.133572 -0.04866
90.577 2 NPS_RATE_ATTITUDE 2.954844 9.923951 13.455968 33.162506 -4.58711 8.031263
90.577 2 NPS_POS_LLH 0.758756 0.75875 0.755403 0.022212 0.022212 368.199226 10392.200331 129.133838 314.133839
90.578 2 NPS_SPEED_POS -0.003543 -0.057665 -0.052129 19.509148 3.022992 1.595795 1256.918388 -21.058303 -133.194317
90.578 2 NPS_GYRO_BIAS 2e-06 1.1e-05 -4.3e-05
90.578 2 NPS_SENSORS_SCALED -0.888516 -0.74043 -11.649375 0.458028 0.457745 0.762028
90.578 2 NPS_WIND 0. 0. 0.
90.584 2 GPS 3 36028925 481484630 66 314356 1973 -161 1794 77708 31 0
90.625 2 DATALINK_REPORT 1 35 0 1006 0 0
90.625 2 IMU_GYRO 0.043457 0.169189 0.245605
90.626 2 WP_MOVED 18 360289. 4814092. 500.029999 31
90.626 2 DESIRED 0.61 0.02 3.1 5. 1194. 300. -1.1 15.
90.627 2 ATTITUDE 0.583839 0.163146 -0.047871
90.677 2 NPS_RATE_ATTITUDE 2.467209 9.955846 14.47142 33.308839 -4.542522 10.024357
90.677 2 NPS_POS_LLH 0.758756 0.758751 0.755403 0.022212 0.022212 368.015676 10392.016768 128.94268 313.94268
90.678 2 NPS_SPEED_POS -0.037899 -0.322061 -0.12619 19.391107 3.679432 1.561383 1259.187905 -20.667304 -133.01032
90.678 2 NPS_GYRO_BIAS -0. 7e-06 -4.5e-05
90.678 2 NPS_SENSORS_SCALED -0.99958 -0.629365 -11.457773 0.455938 0.448758 0.768599
90.678 2 NPS_WIND 0. 0. 0.
90.706 2 NAVIGATION 36 7 5.2 1258. 158. 1258. 78 71 1 0 0 0
90.771 2 ALIVE 84,160,18,137,67,90,20,217,119,254,202,219,218,115,193,250
90.772 2 ESTIMATOR 314.174377 -1.57
90.772 2 ATTITUDE 0.586709 0.193663 -0.047556
90.778 2 NPS_RATE_ATTITUDE 2.565997 10.981003 14.362691 33.401546 -4.496811 11.503148
90.779 2 NPS_POS_LLH 0.758757 0.758751 0.755403 0.022212 0.022212 367.886742 10391.887825 128.808341 313.808342
90.780 2 NPS_SPEED_POS -0.100982 -0.365694 0.131869 19.285369 4.15219 1.540574 1260.799555 -20.341022 -132.881067
90.780 2 NPS_GYRO_BIAS -1e-06 1e-06 -4e-05
90.780 2 NPS_SENSORS_SCALED -0.925537 -0.555322 -11.572734 0.453891 0.441997 0.773712
90.781 2 NPS_WIND 0. 0. 0.
90.826 2 ENERGY 41 12.5 6.033312 75.416397 0.310742 3.88428
90.826 2 GPS 3 36029077 481485403 133 313702 1971 -151 1794 78108 31 0
90.827 2 DESIRED 0.61 0.02 3.1 5. 1198. 300. -1.1 15.
90.827 2 ATTITUDE 0.589787 0.224626 -0.046305
90.879 2 NPS_RATE_ATTITUDE 2.347846 10.002847 13.739381 33.546918 -4.383501 13.689699
90.879 2 NPS_POS_LLH 0.758757 0.758751 0.755404 0.022212 0.022212 367.69734 10391.698409 128.610896 313.610896
90.879 2 NPS_SPEED_POS -0.259153 0.028023 -0.036371 19.092996 4.872131 1.49852 1263.198605 -19.776933 -132.691191
90.880 2 NPS_GYRO_BIAS -0. 9e-06 -3.6e-05
90.880 2 NPS_SENSORS_SCALED -0.99958 -0.518301 -11.726016 0.449688 0.43242 0.781538
90.880 2 NPS_WIND 0. 0. 0.
90.883 2 LINK_REPORT 2 -1 112 0 112469 4333 0 1037. 40. 35 40.22
90.950 2 NAVIGATION 36 7 6.1 1262. 158. 1258. 78 71 1 0 0 0
90.950 2 ATTITUDE 0.592379 0.254212 -0.045577
90.951 2 NAVIGATION 36 7 6.1 1262. 162. 1262. 78 71 1 0 0 0
90.979 2 NPS_RATE_ATTITUDE 1.94896 9.990024 13.572743 33.621053 -4.316562 15.102893
90.979 2 NPS_POS_LLH 0.758757 0.758752 0.755404 0.022212 0.022212 367.5737 10391.574761 128.481942 313.481942
90.980 2 NPS_SPEED_POS -0.318855 0.028017 0.023008 18.944512 5.343688 1.476824 1264.783609 -19.351222 -132.567239
90.980 2 NPS_GYRO_BIAS 2e-06 1.4e-05 -3.5e-05
90.980 2 NPS_SENSORS_SCALED -1.110645 -0.592344 -11.611055 0.446773 0.426007 0.786714
90.980 2 NPS_WIND 0. 0. 0.
91.029 2 AIRSPEED 16.700001 0. 0. 0.
91.030 2 DESIRED 0.61 0.02 3.2 5. 1202. 300. -1. 15.
91.031 2 ATTITUDE 0.59415 0.28409 -0.044301
91.071 2 GPS 3 36029186 481485782 167 313392 1966 -145 1794 78308 31 0
91.079 2 NPS_RATE_ATTITUDE 1.401413 9.950897 13.700068 33.668614 -4.190728 17.097924
91.079 2 NPS_POS_LLH 0.758758 0.758752 0.755404 0.022212 0.022212 367.403623 10391.404672 128.3045 313.3045
91.079 2 NPS_SPEED_POS -0.375892 -0.008033 -0.072886 18.710172 5.994693 1.443783 1266.980429 -18.689782 -132.396727
91.079 2 NPS_GYRO_BIAS 4e-06 1.7e-05 -3.3e-05
91.080 2 NPS_SENSORS_SCALED -1.147666 -0.629365 -11.572734 0.441779 0.416402 0.794637
91.080 2 NPS_WIND 0. 0. 0.
91.151 2 STATE_FILTER_STATUS 4 3 0
91.151 2 IMU_ACCEL -1.257812 -0.628906 -11.418945
91.152 2 WP_MOVED 19 360289. 4814292. 300.029999 31
91.152 2 ATTITUDE 0.595127 0.313705 -0.043684
91.180 2 NPS_RATE_ATTITUDE 1.203043 9.974711 13.97671 33.673376 -4.1422 18.518498
91.181 2 NPS_POS_LLH 0.758758 0.758752 0.755405 0.022212 0.022212 367.284548 10391.285587 128.180222 313.180222
91.181 2 NPS_SPEED_POS -0.370296 -0.151971 -0.040903 18.52566 6.450375 1.422529 1268.532015 -18.171167 -132.277344
91.181 2 NPS_GYRO_BIAS 3e-06 1.9e-05 -3.6e-05
91.181 2 NPS_SENSORS_SCALED -1.110645 -0.592344 -11.572734 0.438585 0.409053 0.800204
91.182 2 NPS_WIND 0. 0. 0.
91.233 2 NAVIGATION 36 7 7.2 1266. 166. 1266. 78 72 2 0 0 0
91.234 2 FBW_STATUS 0 40 1 12.5 6.146322
91.234 2 IMU_GYRO 0.02124 0.176514 0.244629
91.234 2 ESTIMATOR 313.182922 -1.4
91.235 2 DESIRED 0.61 0.02 3.2 5. 1206. 300. -1. 15.
91.235 2 ATTITUDE 0.595838 0.343958 -0.043497
91.287 2 NPS_RATE_ATTITUDE 1.19826 10.54574 14.14033 33.665193 -4.04744 20.704153
91.288 2 NPS_POS_LLH 0.758758 0.758753 0.755405 0.022212 0.022212 367.108875 10391.109902 127.996847 312.996848
91.288 2 NPS_SPEED_POS -0.389189 -0.243573 0.012821 18.222646 7.122167 1.394045 1270.829135 -17.322833 -132.101215
91.288 2 NPS_GYRO_BIAS 1e-06 1.8e-05 -3.4e-05
91.288 2 NPS_SENSORS_SCALED -1.25873 -0.592344 -11.726016 0.432909 0.397729 0.808956
91.288 2 NPS_WIND 0. 0. 0.
91.354 2 GPS_SOL 650 100 650 11
91.354 2 SEGMENT 5. 1300. 5. 1100.
91.354 2 GPS 3 36029319 481486152 201 313094 1959 -140 1794 78508 31 0
91.355 2 ATTITUDE 0.596516 0.374655 -0.04274
91.384 2 NPS_RATE_ATTITUDE 1.221591 10.002771 14.138873 33.664169 -3.998337 22.014124
91.384 2 NPS_POS_LLH 0.758758 0.758753 0.755405 0.022212 0.022212 367.005426 10391.006445 127.888841 312.888841
91.385 2 NPS_SPEED_POS -0.434382 -0.175587 -0.088522 18.024981 7.522762 1.372636 1272.188485 -16.7736 -131.997496
91.385 2 NPS_GYRO_BIAS -0. 1.8e-05 -3.1e-05
91.385 2 NPS_SENSORS_SCALED -1.147666 -0.555322 -11.572734 0.429369 0.391037 0.814089
91.385 2 NPS_WIND 0. 0. 0.
91.436 2 IMU_MAG 0. 0. 0.
91.437 2 DESIRED 0.61 0.02 3.2 5. 1206. 300. -1. 15.
91.438 2 ATTITUDE 0.597291 0.405122 -0.042696
91.478 2 NAVIGATION 36 7 10.1 1273. 173.1 1273. 79 72 2 0 0 0
91.485 2 NPS_RATE_ATTITUDE 1.191208 10.853386 14.095947 33.665722 -3.929928 24.185888
91.485 2 NPS_POS_LLH 0.758759 0.758753 0.755405 0.022213 0.022213 366.835995 10390.837002 127.711928 312.711929
91.485 2 NPS_SPEED_POS -0.424515 -0.392699 0.251606 17.673227 8.173463 1.346892 1274.419923 -15.792371 -131.827622
91.485 2 NPS_GYRO_BIAS 0. 1.8e-05 -3e-05
91.485 2 NPS_SENSORS_SCALED -1.25873 -0.555322 -11.534414 0.423282 0.380066 0.822429
91.486 2 NPS_WIND 0. 0. 0.
91.518 2 PPRZ_MODE 2 3 3 1 0 21
91.519 2 ATTITUDE 0.597998 0.435954 -0.041671
91.586 2 NPS_RATE_ATTITUDE 1.097135 10.258017 13.99237 33.661715 -3.809672 25.674134
91.586 2 NPS_POS_LLH 0.758759 0.758753 0.755406 0.022213 0.022213 366.725025 10390.726023 127.596055 312.596055
91.586 2 NPS_SPEED_POS -0.525888 -0.139214 -0.102248 17.420362 8.604456 1.320323 1275.882268 -15.093319 -131.71636
91.587 2 NPS_GYRO_BIAS -3e-06 1.7e-05 -3.2e-05
91.587 2 NPS_SENSORS_SCALED -1.147666 -0.666387 -11.764336 0.417663 0.372875 0.828571
91.587 2 NPS_WIND 0. 0. 0.
91.600 2 GPS 3 36029472 481486511 236 312805 1950 -135 1794 78708 31 0
91.640 2 WP_MOVED 20 360289. 4814492. 500.029999 31
91.641 2 DESIRED 0.61 0.03 3.2 5. 1213. 300. -1. 15.
91.641 2 ATTITUDE 0.59852 0.466429 -0.041243
91.686 2 NPS_RATE_ATTITUDE 0.968362 10.183001 14.147796 33.648989 -3.73916 27.696
91.687 2 NPS_POS_LLH 0.758759 0.758754 0.755406 0.022213 0.022213 366.57338 10390.574367 127.437668 312.437668
91.687 2 NPS_SPEED_POS -0.495208 -0.27567 -0.009302 17.047318 9.190409 1.289091 1277.893066 -14.055026 -131.564314
91.688 2 NPS_GYRO_BIAS 4e-06 1.3e-05 -3e-05
91.688 2 NPS_SENSORS_SCALED -1.295752 -0.592344 -11.496094 0.411095 0.36276 0.836309
91.688 2 NPS_WIND 0. 0. 0.
91.722 2 NAVIGATION 36 7 11.8 1276.5 176.6 1276.6 79 72 2 0 0 0
91.723 2 ESTIMATOR 312.594177 -1.3
91.723 2 ATTITUDE 0.598856 0.496785 -0.041197
91.787 2 NPS_RATE_ATTITUDE 0.939372 10.764769 14.219714 33.633275 -3.671127 29.164857
91.787 2 NPS_POS_LLH 0.758759 0.758754 0.755406 0.022213 0.022213 366.466965 10390.467944 127.326529 312.326529
91.787 2 NPS_SPEED_POS -0.468646 -0.372442 0.094911 16.767795 9.596743 1.271132 1279.302117 -13.272186 -131.457618
91.787 2 NPS_GYRO_BIAS 4e-06 1.1e-05 -2.9e-05
91.787 2 NPS_SENSORS_SCALED -1.221709 -0.629365 -11.534414 0.405785 0.355489 0.842006
91.787 2 NPS_WIND 0. 0. 0.
91.843 2 IMU_GYRO 0.016846 0.178711 0.246826
91.843 2 GPS 3 36029840 481487193 306 312260 1929 -125 1794 79108 31 0
91.843 2 DESIRED 0.61 0.03 3.3 5. 1216. 300. -0.9 15.
91.844 2 ATTITUDE 0.599178 0.527859 -0.040659
91.885 2 LINK_REPORT 2 -1 113 0 113452 4371 0 983. 38. 35 40.22
91.887 2 NPS_RATE_ATTITUDE 0.929547 10.138503 14.309298 33.610754 -3.586266 31.365676
91.887 2 NPS_POS_LLH 0.75876 0.758754 0.755407 0.022214 0.022214 366.310573 10390.31154 127.163201 312.163201
91.888 2 NPS_SPEED_POS -0.504495 -0.330227 -0.035555 16.325987 10.19439 1.239654 1281.370708 -12.034981 -131.300812
91.888 2 NPS_GYRO_BIAS 4e-06 1e-05 -2.8e-05
91.888 2 NPS_SENSORS_SCALED -1.25873 -0.666387 -11.572734 0.397669 0.344718 0.850316
91.888 2 NPS_WIND 0. 0. 0.
91.926 2 DL_VALUE 8 100.
91.927 2 ENERGY 43 12.5 6.410128 80.126595 0.31265 3.908125
91.928 2 NAVIGATION 36 7 13.8 1280. 176.6 1276.6 79 72 2 0 0 0
91.928 2 IMU_ACCEL -1.294922 -0.591797 -11.496094
91.929 2 ATTITUDE 0.599516 0.558399 -0.040886
91.967 2 NAVIGATION 36 7 13.8 1280. 180.2 1280.1 79 72 2 0 0 0
91.988 2 NPS_RATE_ATTITUDE 0.937095 10.220541 14.340448 33.59716 -3.539706 32.8329
91.989 2 NPS_POS_LLH 0.75876 0.758754 0.755407 0.022214 0.022214 366.208205 10390.209165 127.056314 312.056315
91.989 2 NPS_SPEED_POS -0.499307 -0.383584 0.022176 16.019253 10.579742 1.223877 1282.718498 -11.169331 -131.198174
91.989 2 NPS_GYRO_BIAS 6e-06 9e-06 -2.4e-05
91.989 2 NPS_SENSORS_SCALED -1.221709 -0.629365 -11.496094 0.392134 0.337644 0.855707
91.990 2 NPS_WIND 0. 0. 0.
92.048 2 AIRSPEED 16.700001 0. 0. 0.
92.048 2 DESIRED 0.61 0.03 3.3 5. 1220. 300. -0.9 15.
92.049 2 ATTITUDE 0.599844 0.589573 -0.040669
92.089 2 GPS 3 36030053 481487513 341 312003 1917 -121 1794 79308 31 0
92.090 2 NPS_RATE_ATTITUDE 0.907881 10.163332 14.321849 33.579247 -3.441122 34.907932
92.090 2 NPS_POS_LLH 0.75876 0.758755 0.755407 0.022214 0.022214 366.06725 10390.0682 126.90918 311.909181
92.090 2 NPS_SPEED_POS -0.534196 -0.338734 -0.053276 15.570182 11.10741 1.197261 1284.561437 -9.904136 -131.05685
92.090 2 NPS_GYRO_BIAS 4e-06 1.3e-05 -2e-05
92.091 2 NPS_SENSORS_SCALED -1.184687 -0.666387 -11.496094 0.383417 0.327962 0.863389
92.091 2 NPS_WIND 0. 0. 0.
92.129 2 WP_MOVED 21 360289. 4814692. 300.029999 31
92.130 2 ATTITUDE 0.600102 0.620364 -0.040746
92.190 2 NPS_RATE_ATTITUDE 0.876721 10.238139 14.374362 33.566262 -3.395257 36.375764
92.191 2 NPS_POS_LLH 0.75876 0.758755 0.755407 0.022214 0.022214 365.968443 10389.969385 126.806069 311.806069
92.191 2 NPS_SPEED_POS -0.507357 -0.396413 0.004696 15.238236 11.471891 1.18095 1285.84518 -8.963253 -130.957785
92.191 2 NPS_GYRO_BIAS 2e-06 1.5e-05 -2.2e-05
92.192 2 NPS_SENSORS_SCALED -1.184687 -0.555322 -11.611055 0.377364 0.321151 0.8686
92.192 2 NPS_WIND 0. 0. 0.
92.212 2 NAVIGATION 36 7 15.9 1283. 183.3 1283.1 79 73 3 0 0 0
92.285 2 ESTIMATOR 311.800446 -1.17
92.286 2 DESIRED 0.61 0.03 3.3 5. 1223. 300. -0.9 15.
92.286 2 ATTITUDE 0.600259 0.65139 -0.040972
92.290 2 NPS_RATE_ATTITUDE 0.85943 10.810061 14.410835 33.55147 -3.337766 37.856167
92.290 2 NPS_POS_LLH 0.758761 0.758755 0.755407 0.022214 0.022214 365.870881 10389.871816 126.704297 311.704298
92.290 2 NPS_SPEED_POS -0.458621 -0.485193 0.130706 14.897186 11.825951 1.166574 1287.100892 -7.992442 -130.859971
92.290 2 NPS_GYRO_BIAS -2e-06 1.7e-05 -2.4e-05
92.291 2 NPS_SENSORS_SCALED -1.110645 -0.666387 -11.419453 0.370867 0.314414 0.873847
92.291 2 NPS_WIND 0. 0. 0.
92.333 2 GPS 3 36030284 481487818 377 311755 1904 -117 1794 79508 31 0
92.333 2 ATTITUDE 0.600363 0.682618 -0.040712
92.391 2 NPS_RATE_ATTITUDE 0.838332 10.191119 14.485438 33.529895 -3.252621 40.080856
92.391 2 NPS_POS_LLH 0.758761 0.758755 0.755408 0.022215 0.022215 365.727165 10389.72809 126.554448 311.554449
92.392 2 NPS_SPEED_POS -0.501479 -0.430694 -0.022997 14.366287 12.342111 1.139922 1288.930047 -6.481672 -130.715886
92.392 2 NPS_GYRO_BIAS 4e-06 2.2e-05 -2.3e-05
92.392 2 NPS_SENSORS_SCALED -1.25873 -0.518301 -11.496094 0.360725 0.304523 0.881562
92.392 2 NPS_WIND 0. 0. 0.
92.416 2 FBW_STATUS 0 40 1 12.5 6.530612
92.416 2 IMU_GYRO 0.014893 0.179688 0.252197
92.417 2 DESIRED 0.61 0.03 3.3 5. 1223. 300. -0.9 15.
92.418 2 ATTITUDE 0.600459 0.713761 -0.041015
92.457 2 NAVIGATION 36 7 20.7 1289. 189.6 1289.2 80 73 3 0 0 0
92.492 2 NPS_RATE_ATTITUDE 0.838815 10.227724 14.542751 33.517663 -3.214698 41.413702
92.492 2 NPS_POS_LLH 0.758761 0.758756 0.755408 0.022215 0.022215 365.642349 10389.643268 126.466061 311.466061
92.493 2 NPS_SPEED_POS -0.479737 -0.461332 9e-06 14.039574 12.639318 1.127826 1289.995307 -5.544815 -130.630855
92.493 2 NPS_GYRO_BIAS 5e-06 2e-05 -2.3e-05
92.493 2 NPS_SENSORS_SCALED -1.25873 -0.629365 -11.572734 0.35463 0.298699 0.886016
92.493 2 NPS_WIND 0. 0. 0.
92.538 2 CALIBRATION -150. 0
92.539 2 SEGMENT 5. 1300. 5. 1100.
92.539 2 ATTITUDE 0.600534 0.745336 -0.040664
92.580 2 GPS 3 36030531 481488106 412 311515 1891 -113 1794 79708 31 0
92.592 2 NPS_RATE_ATTITUDE 0.828741 10.32282 14.534306 33.497882 -3.091418 43.677819
92.593 2 NPS_POS_LLH 0.758761 0.758756 0.755408 0.022215 0.022215 365.50319 10389.504099 126.321135 311.321135
92.593 2 NPS_SPEED_POS -0.521966 -0.429294 -0.076793 13.475838 13.120398 1.100202 1291.715322 -3.934732 -130.491349
92.593 2 NPS_GYRO_BIAS 7e-06 2e-05 -2.2e-05
92.593 2 NPS_SENSORS_SCALED -1.295752 -0.555322 -11.534414 0.342972 0.289264 0.893703
92.593 2 NPS_WIND 0. 0. 0.
92.620 2 WP_MOVED 22 360289. 4814892. 500.029999 31
92.621 2 DESIRED 0.61 0.03 3.4 5. 1229. 300. -0.9 15.
92.621 2 ATTITUDE 0.600644 0.776844 -0.040701
92.693 2 NPS_RATE_ATTITUDE 0.808356 10.325695 14.617842 33.486368 -3.048247 45.164597
92.693 2 NPS_POS_LLH 0.758762 0.758756 0.755408 0.022215 0.022215 365.4125 10389.413404 126.226734 311.226734
92.694 2 NPS_SPEED_POS -0.469103 -0.491641 -0.00727 13.090208 13.427617 1.082939 1292.822275 -2.828467 -130.400435
92.694 2 NPS_GYRO_BIAS 1e-05 1.6e-05 -2e-05
92.694 2 NPS_SENSORS_SCALED -1.295752 -0.629365 -11.572734 0.335662 0.283137 0.898428
92.694 2 NPS_WIND 0. 0. 0.
92.701 2 NAVIGATION 36 7 23.3 1292. 192.9 1292.2 80 73 3 0 0 0
92.742 2 IMU_MAG 0. 0. 0.
92.742 2 IMU_ACCEL -1.294922 -0.703125 -11.53418
92.742 2 ESTIMATOR 311.319733 -1.08
92.743 2 ATTITUDE 0.600719 0.808133 -0.040974
92.794 2 NPS_RATE_ATTITUDE 0.803009 10.60065 14.67949 33.468768 -2.958641 47.423558
92.797 2 NPS_POS_LLH 0.758762 0.758756 0.755409 0.022216 0.022216 365.278751 10389.279645 126.087622 311.087622
92.798 2 NPS_SPEED_POS -0.443583 -0.524101 0.018968 12.498659 13.866794 1.061263 1294.421792 -1.12235 -130.266361
92.798 2 NPS_GYRO_BIAS 6e-06 1.6e-05 -1.9e-05
92.798 2 NPS_SENSORS_SCALED -1.25873 -0.555322 -11.534414 0.323805 0.274178 0.90553
92.799 2 NPS_WIND 0. 0. 0.
92.823 2 GPS 3 36031071 481488627 484 311060 1865 -105 1794 80108 31 0
92.823 2 DESIRED 0.61 0.03 3.4 5. 1232. 300. -0.8 15.
92.823 2 ATTITUDE 0.600801 0.839985 -0.040832
92.885 2 LINK_REPORT 2 -1 114 0 114445 4409 0 993. 38. 35 40.22
92.895 2 NPS_RATE_ATTITUDE 0.799781 10.300318 14.730049 33.459607 -2.915766 48.775175
92.895 2 NPS_POS_LLH 0.758762 0.758756 0.755409 0.022216 0.022216 365.199912 10389.200801 126.005685 311.005686
92.896 2 NPS_SPEED_POS -0.449673 -0.516227 -0.026008 12.134813 14.119601 1.04678 1295.345573 -0.072794 -130.187334
92.896 2 NPS_GYRO_BIAS 1e-06 1.3e-05 -1.7e-05
92.896 2 NPS_SENSORS_SCALED -1.221709 -0.592344 -11.496094 0.316674 0.268968 0.909605
92.896 2 NPS_WIND 0. 0. 0.
92.946 2 NAVIGATION 36 7 26.1 1294.5 192.9 1292.2 80 73 3 0 0 0
92.946 2 ATTITUDE 0.60078 0.871455 -0.041272
92.986 2 NAVIGATION 36 7 26.1 1294.5 195.6 1294.8 80 73 3 0 0 0
92.995 2 NPS_RATE_ATTITUDE 0.812072 10.822643 14.805307 33.446564 -2.853329 51.032061
92.996 2 NPS_POS_LLH 0.758762 0.758757 0.755409 0.022216 0.022216 365.070514 10389.071394 125.87133 310.87133
92.996 2 NPS_SPEED_POS -0.351375 -0.607727 0.133971 11.518589 14.518491 1.029366 1296.824051 1.717371 -130.057635
92.997 2 NPS_GYRO_BIAS 1e-06 1.5e-05 -2.1e-05
92.997 2 NPS_SENSORS_SCALED -1.147666 -0.629365 -11.419453 0.304576 0.26056 0.91616
92.997 2 NPS_WIND 0. 0. 0.
93.027 2 ENERGY 44 12.5 6.634342 82.929276 0.314653 3.933164
93.027 2 AIRSPEED 16.700001 0. 0. 0.
93.028 2 IMU_GYRO 0.013672 0.188232 0.256348
93.029 2 DESIRED 0.61 0.03 3.5 5. 1234. 300. -0.8 15.
93.029 2 ATTITUDE 0.600753 0.903354 -0.041341
93.068 2 GPS 3 36031361 481488859 520 310844 1851 -102 1794 80308 31 0
93.097 2 NPS_RATE_ATTITUDE 0.816512 10.391328 14.817216 33.439515 -2.791141 52.553519
93.097 2 NPS_POS_LLH 0.758762 0.758757 0.755409 0.022217 0.022217 364.98549 10388.986365 125.783146 310.783147
93.097 2 NPS_SPEED_POS -0.422073 -0.540696 -0.019767 11.098008 14.771913 1.015362 1297.766465 2.937873 -129.972418
93.097 2 NPS_GYRO_BIAS 2e-06 1.7e-05 -2.1e-05
93.098 2 NPS_SENSORS_SCALED -1.184687 -0.629365 -11.534414 0.295874 0.255182 0.920515
93.098 2 NPS_WIND 0. 0. 0.
93.149 2 WP_MOVED 0 360326. 4813634. 260.029999 31
93.149 2 ATTITUDE 0.600736 0.935014 -0.04167
93.197 2 NPS_RATE_ATTITUDE 0.81423 10.366484 14.900625 33.433069 -2.738862 54.66737
93.197 2 NPS_POS_LLH 0.758763 0.758757 0.755409 0.022217 0.022217 364.86827 10388.869138 125.661702 310.661703
93.197 2 NPS_SPEED_POS -0.376712 -0.571866 0.013613 10.500405 15.10626 0.999623 1299.026458 4.681006 -129.854941
93.198 2 NPS_GYRO_BIAS 1e-06 1.7e-05 -2.2e-05
93.198 2 NPS_SENSORS_SCALED -1.221709 -0.592344 -11.304492 0.28403 0.24795 0.926205
93.198 2 NPS_WIND 0. 0. 0.
93.231 2 NAVIGATION 36 7 29. 1296.5 198. 1296.8 80 74 4 0 0 0
93.232 2 FBW_STATUS 0 40 1 12.5 6.62472
93.232 2 ESTIMATOR 310.664124 -0.99
93.233 2 DESIRED 0.61 0.03 3.5 5. 1236. 300. -0.8 15.
93.233 2 ATTITUDE 0.600735 0.966854 -0.042138
93.297 2 NPS_RATE_ATTITUDE 0.817271 10.767639 14.932021 33.428566 -2.687417 56.192995
93.297 2 NPS_POS_LLH 0.758763 0.758757 0.755409 0.022217 0.022217 364.785521 10388.786385 125.57608 310.57608
93.297 2 NPS_SPEED_POS -0.332977 -0.604272 0.078019 10.067042 15.330815 0.990029 1299.883489 5.949287 -129.772016
93.297 2 NPS_GYRO_BIAS -5e-06 2.4e-05 -2.7e-05
93.297 2 NPS_SENSORS_SCALED -1.147666 -0.666387 -11.381133 0.27506 0.24298 0.930221
93.297 2 NPS_WIND 0. 0. 0.
93.312 2 COMMANDS 4326,75,1528,0
93.352 2 STATE_FILTER_STATUS 4 3 0
93.353 2 GPS_SOL 650 100 650 11
93.353 2 GPS 3 36031664 481489071 556 310635 1838 -99 1794 80508 31 0
93.353 2 ATTITUDE 0.600598 0.998909 -0.042142
93.397 2 NPS_RATE_ATTITUDE 0.831699 10.356625 15.016468 33.425677 -2.627023 58.476549
93.398 2 NPS_POS_LLH 0.758763 0.758757 0.75541 0.022218 0.022218 364.663166 10388.664022 125.449644 310.449644
93.398 2 NPS_SPEED_POS -0.343402 -0.585828 0.000331 9.40504 15.6473 0.97302 1301.100577 7.885723 -129.64941
93.398 2 NPS_GYRO_BIAS -1e-06 2.2e-05 -3.2e-05
93.398 2 NPS_SENSORS_SCALED -1.110645 -0.629365 -11.496094 0.26159 0.235896 0.935912
93.398 2 NPS_WIND 0. 0. 0.
93.434 2 DL_VALUE 9 2.
93.435 2 DESIRED 0.61 0.03 3.5 5. 1236. 300. -0.8 15.
93.435 2 ATTITUDE 0.600553 1.030869 -0.042645
93.475 2 NAVIGATION 36 7 35.1 1300.5 202.8 1301. 81 74 4 0 0 0
93.498 2 NPS_RATE_ATTITUDE 0.841328 10.86527 15.077941 33.425892 -2.595479 60.001204
93.498 2 NPS_POS_LLH 0.758763 0.758757 0.75541 0.022218 0.022218 364.582564 10388.583417 125.366477 310.366478
93.498 2 NPS_SPEED_POS -0.236659 -0.667113 0.167063 8.959233 15.842217 0.96582 1301.86578 9.197882 -129.56865
93.498 2 NPS_GYRO_BIAS 3e-06 2.1e-05 -3e-05
93.499 2 NPS_SENSORS_SCALED -1.147666 -0.592344 -11.304492 0.252541 0.231411 0.93951
93.499 2 NPS_WIND 0. 0. 0.
93.516 2 IMU_ACCEL -1.147461 -0.591797 -11.457031
93.516 2 ATTITUDE 0.600525 1.063214 -0.042537
93.598 2 GPS 3 36031977 481489261 592 310432 1824 -96 1794 80708 31 0
93.598 2 NPS_RATE_ATTITUDE 0.827331 10.410865 15.096377 33.427354 -2.502106 62.171636
93.599 2 NPS_POS_LLH 0.758763 0.758758 0.75541 0.022218 0.022218 364.471059 10388.471906 125.251592 310.251592
93.599 2 NPS_SPEED_POS -0.343591 -0.58056 -0.048447 8.322084 16.098074 0.947661 1302.874 11.061259 -129.456936
93.599 2 NPS_GYRO_BIAS -4e-06 2.6e-05 -3.5e-05
93.599 2 NPS_SENSORS_SCALED -1.147666 -0.629365 -11.611055 0.23863 0.225485 0.944574
93.599 2 NPS_WIND 0. 0. 0.
93.638 2 COMMANDS 4353,77,1573,0
93.638 2 IMU_GYRO 0.013672 0.182861 0.261719
93.639 2 WP_MOVED 1 360284. 4813592. 260.029999 31
93.640 2 DESIRED 0.61 0.04 3.6 5. 1240. 300. -0.8 15.
93.640 2 ATTITUDE 0.600459 1.095504 -0.042703
93.699 2 NPS_RATE_ATTITUDE 0.828241 10.464166 15.182085 33.429658 -2.473171 63.703503
93.699 2 NPS_POS_LLH 0.758763 0.758758 0.75541 0.022219 0.022219 364.392659 10388.393502 125.17093 310.170931
93.700 2 NPS_SPEED_POS -0.27928 -0.609757 0.00933 7.863513 16.265237 0.938159 1303.54841 12.409824 -129.378395
93.700 2 NPS_GYRO_BIAS 1e-06 2.6e-05 -3.5e-05
93.700 2 NPS_SENSORS_SCALED -1.184687 -0.518301 -11.342813 0.229227 0.221471 0.947847
93.700 2 NPS_WIND 0. 0. 0.
93.720 2 NAVIGATION 36 7 38.3 1302.5 205.2 1303.1 81 74 4 0 0 0
93.721 2 SEGMENT 5. 1300. 5. 1100.
93.721 2 ESTIMATOR 310.260162 -0.94
93.722 2 ATTITUDE 0.600394 1.127666 -0.043195
93.800 2 NPS_RATE_ATTITUDE 0.835198 10.889013 15.234354 33.432661 -2.432358 65.250864
93.800 2 NPS_POS_LLH 0.758763 0.758758 0.75541 0.022219 0.022219 364.314899 10388.315738 125.091037 310.091038
93.800 2 NPS_SPEED_POS -0.213195 -0.640483 0.093028 7.402051 16.419603 0.931151 1304.184508 13.771775 -129.300501
93.801 2 NPS_GYRO_BIAS 2e-06 2.9e-05 -3.7e-05
93.801 2 NPS_SENSORS_SCALED -1.073623 -0.666387 -11.381133 0.219406 0.217655 0.951049
93.801 2 NPS_WIND 0. 0. 0.
93.840 2 GPS 3 36032628 481489576 666 310043 1797 -92 1794 81108 31 0
93.841 2 DESIRED 0.61 0.04 3.6 5. 1242. 300. -0.8 15.
93.841 2 ATTITUDE 0.600375 1.16032 -0.043198
93.887 2 LINK_REPORT 2 -1 115 0 115470 4449 0 1025. 40. 35 40.22
93.900 2 NPS_RATE_ATTITUDE 0.835996 10.441514 15.308396 33.439226 -2.381853 67.419821
93.901 2 NPS_POS_LLH 0.758763 0.758758 0.75541 0.022219 0.022219 364.207215 10388.208049 124.980586 309.980587
93.901 2 NPS_SPEED_POS -0.244967 -0.610702 -0.006967 6.747784 16.61639 0.918718 1305.009957 15.699121 -129.192644
93.901 2 NPS_GYRO_BIAS -2e-06 3.3e-05 -3.9e-05
93.901 2 NPS_SENSORS_SCALED -1.110645 -0.555322 -11.496094 0.205526 0.212676 0.955267
93.902 2 NPS_WIND 0. 0. 0.
93.923 2 NAVIGATION 36 7 41.7 1303.5 205.2 1303.1 81 74 4 0 0 0
93.923 2 ATTITUDE 0.600284 1.192687 -0.043664
93.964 2 NAVIGATION 36 7 41.7 1303.5 206.8 1304.2 81 74 4 0 0 0
94.001 2 NPS_RATE_ATTITUDE 0.85041 10.469272 15.368492 33.445291 -2.359195 68.967735
94.001 2 NPS_POS_LLH 0.758764 0.758758 0.75541 0.02222 0.02222 364.130997 10388.131828 124.902548 309.902549
94.001 2 NPS_SPEED_POS -0.210106 -0.617618 0.016017 6.278397 16.741377 0.913645 1305.552729 17.089116 -129.116311
94.001 2 NPS_GYRO_BIAS -5e-06 3.1e-05 -3.8e-05
94.002 2 NPS_SENSORS_SCALED -1.073623 -0.592344 -11.304492 0.195686 0.209372 0.95806
94.002 2 NPS_WIND 0. 0. 0.
94.045 2 IMU_MAG 0. 0. 0.
94.045 2 AIRSPEED 16.700001 0. 0. 0.
94.046 2 DESIRED 0.61 0.04 3.7 5. 1244. 300. -0.8 15.
94.046 2 ATTITUDE 0.600249 1.225442 -0.043912
94.086 2 GPS 3 36032964 481489700 703 309855 1784 -90 1794 81308 31 0
94.101 2 NPS_RATE_ATTITUDE 0.854336 10.492899 15.414056 33.456893 -2.304845 71.31084
94.102 2 NPS_POS_LLH 0.758764 0.758758 0.75541 0.02222 0.02222 364.017409 10388.018237 124.786479 309.786479
94.103 2 NPS_SPEED_POS -0.208773 -0.609891 -0.007356 5.567678 16.905951 0.905266 1306.293217 19.192343 -129.002566
94.103 2 NPS_GYRO_BIAS -5e-06 2.7e-05 -3.4e-05
94.103 2 NPS_SENSORS_SCALED -1.110645 -0.555322 -11.304492 0.180252 0.204853 0.962056
94.103 2 NPS_WIND 0. 0. 0.
94.126 2 ENERGY 45 12.5 6.736561 84.207008 0.316696 3.958704
94.126 2 WP_MOVED 2 360304. 4813672. 260.029999 31
94.127 2 ATTITUDE 0.60014 1.258057 -0.044325
94.203 2 NPS_RATE_ATTITUDE 0.861124 10.514581 15.475498 33.466104 -2.285835 72.867107
94.204 2 NPS_POS_LLH 0.758764 0.758758 0.755411 0.022221 0.022221 363.942257 10387.943082 124.709838 309.709838
94.204 2 NPS_SPEED_POS -0.168126 -0.61664 0.021556 5.091331 16.999877 0.901182 1306.737347 20.605177 -128.927318
94.205 2 NPS_GYRO_BIAS -5e-06 2.2e-05 -3.3e-05
94.205 2 NPS_SENSORS_SCALED -1.073623 -0.666387 -11.227852 0.170141 0.202121 0.964472
94.206 2 NPS_WIND 0. 0. 0.
94.207 2 NAVIGATION 36 7 45. 1305. 208.9 1305.8 81 75 5 0 0 0
94.247 2 IMU_GYRO 0.014893 0.185059 0.268066
94.247 2 ESTIMATOR 309.690948 -0.89
94.248 2 DESIRED 0.61 0.04 3.7 5. 1245. 300. -0.7 15.
94.248 2 ATTITUDE 0.600084 1.290835 -0.044926
94.290 2 PONG 
94.303 2 NPS_RATE_ATTITUDE 0.862575 10.79295 15.528955 33.47952 -2.241554 75.066954
94.304 2 NPS_POS_LLH 0.758764 0.758758 0.755411 0.022221 0.022221 363.83745 10387.838271 124.60317 309.60317
94.304 2 NPS_SPEED_POS -0.131712 -0.620184 0.049512 4.421249 17.110069 0.896834 1307.292318 22.595154 -128.82239
94.305 2 NPS_GYRO_BIAS -3e-06 2e-05 -3.1e-05
94.305 2 NPS_SENSORS_SCALED -1.036602 -0.555322 -11.304492 0.155402 0.198672 0.967671
94.305 2 NPS_WIND 0. 0. 0.
94.318 2 WIND_INFO 2 5 0.2 1.4 0. 16.6
94.329 2 IMU_ACCEL -1.036133 -0.628906 -11.380859
94.329 2 GPS 3 36033304 481489802 741 309671 1771 -89 1794 81508 31 0
94.329 2 ATTITUDE 0.599975 1.323846 -0.045134
94.404 2 NPS_RATE_ATTITUDE 0.858869 10.558342 15.585908 33.490244 -2.216686 76.63843
94.404 2 NPS_POS_LLH 0.758764 0.758758 0.755411 0.022221 0.022221 363.763011 10387.763831 124.527564 309.527564
94.405 2 NPS_SPEED_POS -0.139756 -0.60874 0.003105 3.939088 17.174038 0.891936 1307.640666 24.02375 -128.747875
94.405 2 NPS_GYRO_BIAS 1e-06 1.9e-05 -3.5e-05
94.405 2 NPS_SENSORS_SCALED -1.184687 -0.74043 -11.304492 0.144872 0.196491 0.969748
94.405 2 NPS_WIND 0. 0. 0.
94.411 2 FBW_STATUS 0 40 1 12.5 6.761696
94.452 2 DESIRED 0.61 0.04 3.7 5. 1245. 300. -0.7 15.
94.452 2 ATTITUDE 0.599877 1.356789 -0.045718
94.453 2 NAVIGATION 36 7 51.8 1307. 212.2 1308. 82 75 5 0 0 0
94.504 2 NPS_RATE_ATTITUDE 0.872604 11.366773 15.671111 33.507357 -2.183613 79.00539
94.505 2 NPS_POS_LLH 0.758764 0.758758 0.755411 0.022222 0.022222 363.651835 10387.652652 124.414888 309.414888
94.505 2 NPS_SPEED_POS 0.014367 -0.641114 0.196962 3.215774 17.245276 0.889174 1308.087854 26.175269 -128.636598
94.505 2 NPS_GYRO_BIAS -2e-06 1.4e-05 -3.6e-05
94.505 2 NPS_SENSORS_SCALED -1.073623 -0.592344 -11.342813 0.128929 0.193652 0.972566
94.505 2 NPS_WIND 0. 0. 0.
94.534 2 ATTITUDE 0.599697 1.390078 -0.045844
94.581 2 GPS 3 36033648 481489881 778 309489 1759 -88 1794 81708 31 0
94.605 2 NPS_RATE_ATTITUDE 0.873023 10.760125 15.686543 33.5199 -2.131593 80.607175
94.605 2 NPS_POS_LLH 0.758764 0.758758 0.755411 0.022222 0.022222 363.578062 10387.578878 124.340285 309.340286
94.605 2 NPS_SPEED_POS -0.116024 -0.600992 -0.013715 2.728581 17.277531 0.882081 1308.335559 27.613806 -128.562768
94.605 2 NPS_GYRO_BIAS 3e-06 1.2e-05 -3.3e-05
94.605 2 NPS_SENSORS_SCALED -0.962559 -0.666387 -11.342813 0.117572 0.19208 0.974315
94.606 2 NPS_WIND 0. 0. 0.
94.621 2 CALIBRATION -150. 0
94.622 2 WP_MOVED 3 360328.8125 4813694. 260.029999 31
94.623 2 DESIRED 0.61 0.04 3.8 5. 1247. 300. -0.7 15.
94.623 2 ATTITUDE 0.599567 1.423408 -0.046123
94.704 2 NAVIGATION 36 7 55.3 1307. 213. 1308.2 82 75 5 0 0 0
94.706 2 NPS_RATE_ATTITUDE 0.877855 10.727213 15.804551 33.541096 -2.104637 82.987166
94.706 2 NPS_POS_LLH 0.758764 0.758758 0.755411 0.022223 0.022223 363.46835 10387.469164 124.229583 309.229584
94.706 2 NPS_SPEED_POS -0.051365 -0.60012 0.02087 1.999325 17.300971 0.875838 1308.631009 29.775275 -128.452986
94.707 2 NPS_GYRO_BIAS -4e-06 1e-05 -3.1e-05
94.707 2 NPS_SENSORS_SCALED -0.99958 -0.592344 -11.342813 0.101385 0.190178 0.976504
94.707 2 NPS_WIND 0. 0. 0.
94.743 2 ESTIMATOR 309.327271 -0.87
94.744 2 ATTITUDE 0.599353 1.456652 -0.046668
94.807 2 NPS_RATE_ATTITUDE 0.90122 10.980738 15.847639 33.556583 -2.072482 84.592213
94.807 2 NPS_POS_LLH 0.758764 0.758758 0.755411 0.022223 0.022223 363.39548 10387.396293 124.156223 309.156223
94.808 2 NPS_SPEED_POS -0.021434 -0.598212 0.04686 1.513622 17.3002 0.873293 1308.777402 31.217076 -128.380079
94.808 2 NPS_GYRO_BIAS -6e-06 7e-06 -3.7e-05
94.808 2 NPS_SENSORS_SCALED -0.99958 -0.666387 -11.342813 0.090177 0.189235 0.977786
94.808 2 NPS_WIND 0. 0. 0.
94.826 2 IMU_GYRO 0.014893 0.189209 0.274414
94.827 2 GPS 3 36034341 481489967 854 309134 1735 -87 1794 82108 31 0
94.828 2 DESIRED 0.61 0.04 3.8 5. 1247. 300. -0.7 15.
94.828 2 ATTITUDE 0.599178 1.490317 -0.046882
94.888 2 LINK_REPORT 2 -1 116 0 116434 4486 0 964. 37. 37 7.67
94.906 2 NPS_RATE_ATTITUDE 0.915683 10.758248 15.931289 33.582132 -2.04583 86.835362
94.907 2 NPS_POS_LLH 0.758764 0.758758 0.755411 0.022223 0.022223 363.293944 10387.294757 124.054228 309.054229
94.907 2 NPS_SPEED_POS -0.018162 -0.585164 0.011351 0.832948 17.277576 0.86884 1308.914249 33.234364 -128.278505
94.909 2 NPS_GYRO_BIAS -0. 9e-06 -3.7e-05
94.909 2 NPS_SENSORS_SCALED -0.888516 -0.518301 -11.342813 0.074733 0.188381 0.979252
94.909 2 NPS_WIND 0. 0. 0.
94.947 2 DL_VALUE 10 1.
94.947 2 SEGMENT 5. 1300. 5. 1100.
94.948 2 NAVIGATION 36 7 58.8 1307.5 213. 1308.2 82 75 5 0 0 0
94.949 2 ATTITUDE 0.599044 1.523782 -0.047444
94.988 2 NAVIGATION 36 7 58.8 1307.5 214.4 1308.8 82 75 5 0 0 0
95.007 2 NPS_RATE_ATTITUDE 0.931057 11.129128 15.987185 33.601811 -2.03163 88.442271
95.007 2 NPS_POS_LLH 0.758764 0.758758 0.755411 0.022224 0.022224 363.221587 10387.2224 123.981707 308.981707
95.007 2 NPS_SPEED_POS 0.061235 -0.584308 0.105483 0.348995 17.245658 0.868511 1308.963484 34.672925 -128.20613
95.008 2 NPS_GYRO_BIAS -2e-06 1e-05 -3.6e-05
95.008 2 NPS_SENSORS_SCALED -0.962559 -0.592344 -11.304492 0.063707 0.188088 0.980088
95.008 2 NPS_WIND 0. 0. 0.
95.028 2 AIRSPEED 16.6 0. 0. 0.
95.029 2 DESIRED 0.61 0.04 3.9 5. 1248. 300. -0.7 15.
95.030 2 ATTITUDE 0.598909 1.557614 -0.047761
95.069 2 GPS 3 36034687 481489976 893 308959 1723 -86 1794 82308 31 0
95.107 2 NPS_RATE_ATTITUDE 0.937525 10.89169 16.016522 33.622784 -2.002194 90.063577
95.108 2 NPS_POS_LLH 0.758764 0.758758 0.755411 0.022224 0.022224 363.149293 10387.150105 123.909383 308.909383
95.109 2 NPS_SPEED_POS 0.007233 -0.570905 0.013377 -0.135455 17.200945 0.866451 1308.972384 36.10829 -128.133826
95.109 2 NPS_GYRO_BIAS -3e-06 1.1e-05 -3.5e-05
95.109 2 NPS_SENSORS_SCALED -0.925537 -0.629365 -11.342813 0.052315 0.188074 0.980765
95.109 2 NPS_WIND 0. 0. 0.
95.150 2 IMU_ACCEL -0.924805 -0.554688 -11.303711
95.150 2 WP_MOVED 4 360220.5 4813715. 260.029999 31
95.151 2 ATTITUDE 0.598793 1.591391 -0.048222
95.208 2 NPS_RATE_ATTITUDE 0.948246 10.871745 16.109109 33.65634 -1.986236 92.486825
95.208 2 NPS_POS_LLH 0.758764 0.758758 0.755411 0.022224 0.022224 363.041083 10387.041896 123.801382 308.801383
95.209 2 NPS_SPEED_POS 0.045833 -0.557009 0.028357 -0.85837 17.109505 0.865775 1308.910202 38.252997 -128.025617
95.209 2 NPS_GYRO_BIAS -1e-06 1e-05 -3.6e-05
95.209 2 NPS_SENSORS_SCALED -0.99958 -0.555322 -11.266172 0.03571 0.18855 0.981418
95.210 2 NPS_WIND 0. 0. 0.
95.232 2 NAVIGATION 36 7 62.2 1308. 215.7 1309.5 82 76 6 0 0 0
95.232 2 FBW_STATUS 0 40 1 12.5 6.860537
95.233 2 ENERGY 46 12.5 6.860537 85.756706 0.318778 3.984729
95.234 2 ESTIMATOR 308.797089 -0.86
95.235 2 DESIRED 0.61 0.04 3.9 5. 1248. 300. -0.7 15.
95.235 2 ATTITUDE 0.598667 1.625301 -0.048812
95.308 2 NPS_RATE_ATTITUDE 0.951337 11.185518 16.145699 33.676996 -1.967205 93.953866
95.308 2 NPS_POS_LLH 0.758764 0.758758 0.755411 0.022225 0.022225 362.976101 10386.976914 123.736671 308.736671
95.309 2 NPS_SPEED_POS 0.086926 -0.550059 0.075298 -1.289736 17.040595 0.866518 1308.829648 39.533691 -127.960643
95.309 2 NPS_GYRO_BIAS -2e-06 9e-06 -4e-05
95.309 2 NPS_SENSORS_SCALED -0.888516 -0.666387 -11.304492 0.025501 0.189125 0.981626
95.309 2 NPS_WIND 0. 0. 0.
95.353 2 NAVIGATION_REF 360284 4813592 31 185.029999
95.353 2 GPS_SOL 650 100 650 11
95.353 2 IMU_MAG 0. 0. 0.
95.353 2 GPS 3 36035030 481489962 931 308787 1712 -86 1794 82508 31 0
95.353 2 ATTITUDE 0.598521 1.659433 -0.048987
95.410 2 NPS_RATE_ATTITUDE 0.9595 10.891135 16.232857 33.712775 -1.948281 96.398912
95.410 2 NPS_POS_LLH 0.758764 0.758758 0.755411 0.022225 0.022225 362.867852 10386.868666 123.629113 308.629114
95.412 2 NPS_SPEED_POS 0.069899 -0.534442 0.012117 -2.006444 16.902548 0.865804 1308.623552 41.655439 -127.852423
95.412 2 NPS_GYRO_BIAS -3e-06 4e-06 -4.1e-05
95.412 2 NPS_SENSORS_SCALED -0.888516 -0.629365 -11.342813 0.008705 0.190565 0.98164
95.413 2 NPS_WIND 0. 0. 0.
95.436 2 IMU_GYRO 0.015869 0.19043 0.280762
95.437 2 DESIRED 0.61 0.04 3.9 5. 1248. 300. -0.7 15.
95.438 2 ATTITUDE 0.598371 1.693519 -0.049559
95.477 2 NAVIGATION 36 7 69.1 1307. 216.7 1308.8 83 76 6 0 0 0
95.511 2 NPS_RATE_ATTITUDE 0.969111 11.272563 16.297632 33.737536 -1.944265 98.031995
95.511 2 NPS_POS_LLH 0.758764 0.758758 0.755411 0.022225 0.022225 362.795593 10386.796408 123.557481 308.557481
95.511 2 NPS_SPEED_POS 0.166583 -0.526579 0.127219 -2.479384 16.794466 0.868206 1308.436611 43.059574 -127.780193
95.512 2 NPS_GYRO_BIAS -8e-06 1e-06 -3.8e-05
95.512 2 NPS_SENSORS_SCALED -0.962559 -0.592344 -11.266172 -0.002354 0.191864 0.981423
95.512 2 NPS_WIND 0. 0. 0.
95.517 2 STATE_FILTER_STATUS 4 3 0
95.517 2 ATTITUDE 0.598173 1.727952 -0.049729
95.599 2 GPS 3 36035369 481489924 970 308614 1701 -86 1794 82708 31 0
95.612 2 NPS_RATE_ATTITUDE 0.975164 10.997645 16.335696 33.776083 -1.896743 100.516376
95.612 2 NPS_POS_LLH 0.758764 0.758758 0.755411 0.022226 0.022226 362.68707 10386.687887 123.450147 308.450147
95.612 2 NPS_SPEED_POS 0.074692 -0.515593 -0.01884 -3.187492 16.607618 0.865868 1308.082415 45.147513 -127.671729
95.613 2 NPS_GYRO_BIAS -6e-06 4e-06 -3.8e-05
95.613 2 NPS_SENSORS_SCALED -0.962559 -0.555322 -11.342813 -0.019789 0.194344 0.980738
95.613 2 NPS_WIND 0. 0. 0.
95.641 2 WP_MOVED 5 360272.5 4813571. 260.029999 31
95.641 2 DESIRED 0.61 0.04 4. 5. 1247. 300. -0.6 15.
95.642 2 ATTITUDE 0.598017 1.762457 -0.049988
95.713 2 NPS_RATE_ATTITUDE 0.977088 11.03373 16.407343 33.800397 -1.894168 101.995961
95.713 2 NPS_POS_LLH 0.758764 0.758758 0.755411 0.022226 0.022226 362.622093 10386.622911 123.386024 308.386025
95.714 2 NPS_SPEED_POS 0.117446 -0.499752 0.014364 -3.607605 16.481732 0.866204 1307.827569 46.388426 -127.606794
95.714 2 NPS_GYRO_BIAS -5e-06 -1e-06 -3.5e-05
95.714 2 NPS_SENSORS_SCALED -0.925537 -0.592344 -11.304492 -0.029716 0.196128 0.980132
95.714 2 NPS_WIND 0. 0. 0.
95.721 2 NAVIGATION 36 7 72.4 1306.5 217.2 1308.5 83 76 6 0 0 0
95.722 2 DATALINK_REPORT 1 37 0 1017 0 0
95.722 2 ESTIMATOR 308.449097 -0.86
95.723 2 ATTITUDE 0.597859 1.796838 -0.050561
95.814 2 NPS_RATE_ATTITUDE 0.983709 11.259817 16.481703 33.841031 -1.870673 104.487895
95.814 2 NPS_POS_LLH 0.758764 0.758758 0.755411 0.022227 0.022227 362.51354 10386.514362 123.27913 308.27913
95.815 2 NPS_SPEED_POS 0.143884 -0.48177 0.02944 -4.300108 16.249049 0.868443 1307.333281 48.434405 -127.498329
95.815 2 NPS_GYRO_BIAS -5e-06 -1e-06 -3.9e-05
95.815 2 NPS_SENSORS_SCALED -0.777451 -0.629365 -11.381133 -0.04665 0.199593 0.978772
95.815 2 NPS_WIND 0. 0. 0.
95.842 2 ALIVE 84,160,18,137,67,90,20,217,119,254,202,219,218,115,193,250
95.842 2 GPS 3 36036030 481489781 1049 308272 1680 -86 1794 83108 31 0
95.842 2 DESIRED 0.61 0.04 4. 5. 1246. 300. -0.6 15.
95.842 2 ATTITUDE 0.597717 1.831724 -0.050744
95.889 2 LINK_REPORT 2 -1 117 0 117490 4527 0 1056. 41. 37 7.67
95.915 2 NPS_RATE_ATTITUDE 0.991044 11.109434 16.542682 33.86926 -1.86473 106.149257
95.915 2 NPS_POS_LLH 0.758764 0.758758 0.755411 0.022227 0.022227 362.441092 10386.441915 123.207948 308.207948
95.916 2 NPS_SPEED_POS 0.143058 -0.471089 0.00653 -4.757272 16.077941 0.86911 1306.955849 49.781449 -127.425947
95.916 2 NPS_GYRO_BIAS -1e-06 -2e-06 -3.9e-05
95.916 2 NPS_SENSORS_SCALED -0.814473 -0.703408 -11.342813 -0.057704 0.202252 0.977636
95.916 2 NPS_WIND 0. 0. 0.
95.926 2 NAVIGATION 36 7 75.7 1306. 217.2 1308.5 83 76 6 0 0 0
95.926 2 IMU_ACCEL -0.814453 -0.703125 -11.303711
95.926 2 ATTITUDE 0.597567 1.866388 -0.051295
95.966 2 NAVIGATION 36 7 75.7 1306. 217.8 1308.2 83 76 6 0 0 0
96.016 2 NPS_RATE_ATTITUDE 1.004597 11.471227 16.617897 33.909921 -1.859653 108.484432
96.017 2 NPS_POS_LLH 0.758764 0.758758 0.75541 0.022227 0.022227 362.339358 10386.340185 123.108199 308.1082
96.017 2 NPS_SPEED_POS 0.210209 -0.439826 0.085961 -5.387532 15.817744 0.873458 1306.363965 51.642268 -127.32432
96.018 2 NPS_GYRO_BIAS 7e-06 1e-06 -4.2e-05
96.018 2 NPS_SENSORS_SCALED -0.814473 -0.666387 -11.266172 -0.073062 0.206447 0.97573
96.018 2 NPS_WIND 0. 0. 0.
96.047 2 AIRSPEED 16.6 0. 0. 0.
96.048 2 IMU_GYRO 0.018066 0.199951 0.287109
96.048 2 DESIRED 0.61 0.04 4. 5. 1246. 300. -0.6 15.
96.049 2 ATTITUDE 0.597548 1.901382 -0.051578
96.088 2 GPS 3 36036347 481489677 1089 308101 1670 -87 1794 83308 31 0
96.117 2 NPS_RATE_ATTITUDE 0.998022 11.213385 16.654835 33.939184 -1.847478 110.163771
96.117 2 NPS_POS_LLH 0.758764 0.758758 0.75541 0.022228 0.022228 362.266413 10386.267242 123.036822 308.036822
96.118 2 NPS_SPEED_POS 0.162957 -0.441712 0.005804 -5.832844 15.616649 0.875088 1305.896416 52.952121 -127.25146
96.118 2 NPS_GYRO_BIAS 2e-06 6e-06 -4.1e-05
96.118 2 NPS_SENSORS_SCALED -0.888516 -0.703408 -11.419453 -0.08414 0.20977 0.974128
96.118 2 NPS_WIND 0. 0. 0.
96.129 2 SEGMENT 5. 1300. 5. 1100.
96.129 2 WP_MOVED 6 360132.40625 4813672.5 260.029999 31
96.129 2 ATTITUDE 0.597437 1.936359 -0.051907
96.211 2 NAVIGATION 36 7 78.8 1304.5 217.4 1306.9 83 77 7 0 0 0
96.218 2 NPS_RATE_ATTITUDE 1.00587 11.211254 16.747021 33.982931 -1.855275 112.676417
96.218 2 NPS_POS_LLH 0.758764 0.758758 0.75541 0.022228 0.022228 362.156586 10386.157419 122.929578 307.929578
96.218 2 NPS_SPEED_POS 0.193545 -0.413462 0.024531 -6.488645 15.292603 0.880734 1305.126158 54.884224 -127.141774
96.219 2 NPS_GYRO_BIAS -5e-06 2e-06 -3.9e-05
96.219 2 NPS_SENSORS_SCALED -0.814473 -0.592344 -11.227852 -0.10011 0.215248 0.971419
96.219 2 NPS_WIND 0. 0. 0.
96.251 2 ESTIMATOR 307.929321 -0.88
96.252 2 DESIRED 0.61 0.04 4. 5. 1244. 300. -0.6 15.
96.253 2 ATTITUDE 0.597268 1.97143 -0.052433
96.318 2 NPS_RATE_ATTITUDE 1.01593 11.394949 16.779066 34.012485 -1.846674 114.36809
96.319 2 NPS_POS_LLH 0.758763 0.758758 0.75541 0.022228 0.022228 362.082883 10386.08372 122.857749 307.857749
96.319 2 NPS_SPEED_POS 0.20233 -0.400533 0.033993 -6.918287 15.061404 0.885018 1304.567512 56.149062 -127.068175
96.319 2 NPS_GYRO_BIAS -1e-06 -0. -3.9e-05
96.319 2 NPS_SENSORS_SCALED -0.888516 -0.555322 -11.419453 -0.110946 0.219247 0.969345
96.319 2 NPS_WIND 0. 0. 0.
96.333 2 ENERGY 47 12.5 7.020247 87.75309 0.320903 4.01129
96.333 2 GPS 3 36036656 481489551 1129 307929 1661 -88 1794 83508 31 0
96.333 2 ATTITUDE 0.597106 2.006748 -0.052618
96.414 2 FBW_STATUS 0 40 1 12.5 7.020247
96.420 2 NPS_RATE_ATTITUDE 1.019001 11.258969 16.857273 34.054979 -1.853818 116.731435
96.420 2 NPS_POS_LLH 0.758763 0.758758 0.75541 0.022229 0.022229 361.979189 10385.98003 122.756878 307.756878
96.420 2 NPS_SPEED_POS 0.203916 -0.382357 0.015186 -7.509576 14.717553 0.890584 1303.725739 57.886385 -126.964638
96.420 2 NPS_GYRO_BIAS 7e-06 1e-06 -4.4e-05
96.420 2 NPS_SENSORS_SCALED -0.74043 -0.629365 -11.304492 -0.125569 0.225303 0.966167
96.421 2 NPS_WIND 0. 0. 0.
96.454 2 PPRZ_MODE 2 3 3 1 0 21
96.455 2 DL_VALUE 11 0.
96.455 2 DESIRED 0.61 0.04 4. 5. 1244. 300. -0.6 15.
96.455 2 ATTITUDE 0.597008 2.042048 -0.053094
96.457 2 NAVIGATION 36 7 84.9 1302. 217.2 1304.8 84 77 7 0 0 0
96.520 2 NPS_RATE_ATTITUDE 1.02039 11.905077 16.905848 34.084939 -1.85825 118.427832
96.521 2 NPS_POS_LLH 0.758763 0.758758 0.75541 0.022229 0.022229 361.904604 10385.905449 122.68445 307.684451
96.521 2 NPS_SPEED_POS 0.299568 -0.33045 0.156461 -7.922489 14.458283 0.89684 1303.082679 59.102126 -126.890174
96.521 2 NPS_GYRO_BIAS 3e-06 2e-06 -4.3e-05
96.521 2 NPS_SENSORS_SCALED -0.777451 -0.592344 -11.266172 -0.135914 0.229944 0.96367
96.521 2 NPS_WIND 0. 0. 0.
96.536 2 ATTITUDE 0.596904 2.077652 -0.053165
96.577 2 GPS 3 36036953 481489404 1170 307756 1652 -89 1794 83708 31 0
96.618 2 IMU_MAG 0. 0. 0.
96.619 2 IMU_GYRO 0.018066 0.197754 0.293701
96.619 2 WP_MOVED 7 360464.09375 4813807. 260.029999 31
96.620 2 DESIRED 0.61 0.05 4.1 5. 1242. 300. -0.6 15.
96.621 2 NPS_RATE_ATTITUDE 1.011176 11.330992 16.952613 34.129542 -1.840392 120.994883
96.621 2 ATTITUDE 0.596801 2.113381 -0.053327
96.621 2 NPS_POS_LLH 0.758763 0.758757 0.75541 0.022229 0.022229 361.792089 10385.79294 122.575385 307.575385
96.622 2 NPS_SPEED_POS 0.196246 -0.361621 -0.015962 -8.532246 14.04565 0.900003 1302.054094 60.8839 -126.777853
96.622 2 NPS_GYRO_BIAS 2e-06 4e-06 -3.7e-05
96.622 2 NPS_SENSORS_SCALED -0.814473 -0.629365 -11.381133 -0.151688 0.237391 0.959502
96.622 2 NPS_WIND 0. 0. 0.
96.700 2 NAVIGATION 36 7 87.8 1300.5 216.9 1303.5 84 77 7 0 0 0
96.722 2 NPS_RATE_ATTITUDE 1.009019 11.380856 17.02517 34.158878 -1.852382 122.697939
96.722 2 NPS_POS_LLH 0.758763 0.758757 0.75541 0.022229 0.022229 361.716771 10385.717626 122.502507 307.502507
96.723 2 NPS_SPEED_POS 0.22652 -0.331675 0.013331 -8.927602 13.757075 0.904751 1301.326535 62.042419 -126.702673
96.723 2 NPS_GYRO_BIAS 6e-06 -2e-06 -3.8e-05
96.723 2 NPS_SENSORS_SCALED -0.74043 -0.629365 -11.304492 -0.161568 0.242668 0.956565
96.723 2 NPS_WIND 0. 0. 0.
96.740 2 CALIBRATION -150. 0
96.740 2 IMU_ACCEL -0.703125 -0.666016 -11.303711
96.741 2 ESTIMATOR 307.577209 -0.9
96.741 2 ATTITUDE 0.596671 2.148972 -0.053805
96.822 2 GPS 3 36037509 481489054 1252 307407 1635 -91 1794 84108 31 0
96.822 2 NPS_RATE_ATTITUDE 1.016235 11.530179 17.081173 34.199099 -1.84978 125.105975
96.822 2 NPS_POS_LLH 0.758763 0.758757 0.75541 0.02223 0.02223 361.610557 10385.611418 122.399891 307.399892
96.823 2 NPS_SPEED_POS 0.229081 -0.314351 0.011369 -9.467509 13.334231 0.911687 1300.253364 63.622974 -126.596662
96.823 2 DESIRED 0.61 0.05 4.1 5. 1240. 300. -0.6 15.
96.823 2 NPS_GYRO_BIAS 7e-06 -2e-06 -4e-05
96.823 2 NPS_SENSORS_SCALED -0.703408 -0.592344 -11.342813 -0.175563 0.250489 0.952072
96.823 2 NPS_WIND 0. 0. 0.
96.823 2 ATTITUDE 0.596546 2.184958 -0.053888
96.890 2 LINK_REPORT 2 -1 118 0 118517 4567 0 1027. 40. 37 7.67
96.923 2 NPS_RATE_ATTITUDE 1.022368 11.433996 17.137774 34.228519 -1.861853 126.822464
96.924 2 NPS_POS_LLH 0.758763 0.758757 0.755409 0.02223 0.02223 361.534244 10385.535109 122.326277 307.326278
96.925 2 NPS_SPEED_POS 0.231325 -0.299134 0.004652 -9.843214 13.019004 0.916551 1299.448681 64.721094 -126.520502
96.925 2 NPS_GYRO_BIAS 8e-06 4e-06 -2.9e-05
96.925 2 NPS_SENSORS_SCALED -0.74043 -0.629365 -11.342813 -0.185094 0.256385 0.948691
96.926 2 NPS_WIND 0. 0. 0.
96.944 2 NAVIGATION 36 7 90.5 1298.5 216.9 1303.5 84 77 7 0 0 0
96.944 2 ATTITUDE 0.59637 2.220844 -0.054332
96.984 2 NAVIGATION 36 7 90.5 1298.5 216.1 1301.6 84 77 7 0 0 0
97.024 2 NPS_RATE_ATTITUDE 1.038951 11.751688 17.193244 34.27285 -1.873235 129.412761
97.025 2 AIRSPEED 16.6 0. 0. 0.
97.025 2 NPS_POS_LLH 0.758762 0.758757 0.755409 0.02223 0.02223 361.418805 10385.419677 122.21508 307.21508
97.025 2 NPS_SPEED_POS 0.259435 -0.260543 0.054179 -10.388885 12.527009 0.926446 1298.183971 66.317974 -126.405305
97.025 2 NPS_GYRO_BIAS 2e-06 4e-06 -3.1e-05
97.025 2 NPS_SENSORS_SCALED -0.666387 -0.703408 -11.304492 -0.199219 0.265711 0.943248
97.026 2 NPS_WIND 0. 0. 0.
97.027 2 DESIRED 0.61 0.05 4.1 5. 1238. 300. -0.6 15.
97.027 2 ATTITUDE 0.596253 2.257082 -0.054552
97.066 2 GPS 3 36037764 481488851 1293 307229 1628 -92 1794 84308 31 0
97.125 2 NPS_RATE_ATTITUDE 1.040378 11.50958 17.225569 34.299911 -1.879875 130.970821
97.125 2 NPS_POS_LLH 0.758762 0.758757 0.755409 0.022231 0.022231 361.349006 10385.349883 122.147934 307.147935
97.125 2 NPS_SPEED_POS 0.227972 -0.270903 -0.002303 -10.707231 12.219936 0.930935 1297.392816 67.246035 -126.335658
97.126 2 NPS_GYRO_BIAS -1e-06 2e-06 -3.5e-05
97.126 2 NPS_SENSORS_SCALED -0.74043 -0.592344 -11.266172 -0.207494 0.271574 0.939788
97.126 2 NPS_WIND 0. 0. 0.
97.146 2 WP_MOVED 8 360484. 4813582. 215.029999 31
97.147 2 ATTITUDE 0.596116 2.293238 -0.054799
97.225 2 NPS_RATE_ATTITUDE 1.046325 11.500247 17.278721 34.329946 -1.898887 132.699134
97.226 2 NPS_POS_LLH 0.758762 0.758757 0.755409 0.022231 0.022231 361.270985 10385.271867 122.072953 307.072954
97.226 2 NPS_SPEED_POS 0.23708 -0.248241 0.008497 -11.050902 11.869863 0.937743 1296.486153 68.24984 -126.25781
97.226 2 NPS_GYRO_BIAS -3e-06 3e-06 -3.8e-05
97.227 2 NPS_SENSORS_SCALED -0.777451 -0.666387 -11.304492 -0.216279 0.278315 0.935827
97.227 2 NPS_WIND 0. 0. 0.
97.228 2 NAVIGATION 36 7 93. 1296.5 215.3 1299.8 84 78 8 0 0 0
97.228 2 FBW_STATUS 0 40 1 12.5 7.137729
97.229 2 IMU_GYRO 0.018066 0.200928 0.298828
97.229 2 ESTIMATOR 307.038788 -0.94
97.230 2 DESIRED 0.61 0.05 4.1 5. 1236. 300. -0.5 15.
97.231 2 ATTITUDE 0.595971 2.329439 -0.055206
97.327 2 NPS_RATE_ATTITUDE 1.055728 11.684529 17.326269 34.374321 -1.912597 135.311376
97.327 2 NPS_POS_LLH 0.758762 0.758756 0.755409 0.022231 0.022231 361.152756 10385.153646 121.959462 306.959462
97.327 2 NPS_SPEED_POS 0.239752 -0.226087 0.018649 -11.547446 11.326536 0.94879 1295.073547 69.699864 -126.139853
97.327 2 NPS_GYRO_BIAS -4e-06 -0. -3.8e-05
97.327 2 NPS_SENSORS_SCALED -0.629365 -0.666387 -11.266172 -0.229371 0.288866 0.929491
97.328 2 NPS_WIND 0. 0. 0.
97.348 2 GPS_SOL 650 100 650 11
97.348 2 SEGMENT 5. 1300. 5. 1100.
97.348 2 GPS 3 36038003 481488631 1334 307050 1620 -94 1794 84508 31 0
97.348 2 ATTITUDE 0.595796 2.365857 -0.055263
97.427 2 NPS_RATE_ATTITUDE 1.062598 11.561609 17.369188 34.401203 -1.928958 136.877338
97.428 2 NPS_POS_LLH 0.758762 0.758756 0.755409 0.022231 0.022231 361.081214 10385.082109 121.890861 306.890861
97.428 2 NPS_SPEED_POS 0.231411 -0.219303 0.000332 -11.834677 10.989912 0.954749 1294.196659 70.536774 -126.068481
97.429 2 NPS_GYRO_BIAS -3e-06 -0. -3.5e-05
97.429 2 NPS_SENSORS_SCALED -0.777451 -0.592344 -11.304492 -0.236829 0.295443 0.925545
97.429 2 NPS_WIND 0. 0. 0.
97.430 2 ENERGY 47 12.5 7.173075 89.663437 0.323075 4.038449
97.430 2 DESIRED 0.61 0.05 4.1 5. 1236. 300. -0.5 15.
97.431 2 ATTITUDE 0.595628 2.402286 -0.055638
97.470 2 NAVIGATION 36 7 97.6 1292. 213.2 1295.7 85 78 8 0 0 0
97.528 2 NPS_RATE_ATTITUDE 1.074732 12.230665 17.420473 34.44574 -1.949247 139.502187
97.529 2 NPS_POS_LLH 0.758762 0.758756 0.755408 0.022232 0.022232 360.960791 10384.961695 121.775496 306.775497
97.529 2 NPS_SPEED_POS 0.290162 -0.141714 0.124278 -12.292822 10.413479 0.967432 1292.688431 71.8747 -125.948349
97.529 2 NPS_GYRO_BIAS 1e-06 2e-06 -3.8e-05
97.529 2 NPS_SENSORS_SCALED -0.666387 -0.629365 -11.342813 -0.248995 0.306814 0.918626
97.529 2 NPS_WIND 0. 0. 0.
97.551 2 IMU_ACCEL -0.703125 -0.591797 -11.342773
97.551 2 ATTITUDE 0.595476 2.438982 -0.055596
97.592 2 GPS 3 36038225 481488396 1376 306867 1614 -95 1794 84708 31 0
97.629 2 NPS_RATE_ATTITUDE 1.071554 11.726558 17.43762 34.47533 -1.947004 141.265535
97.629 2 NPS_POS_LLH 0.758761 0.758756 0.755408 0.022232 0.022232 360.879792 10384.880701 121.697974 306.697974
97.630 2 NPS_SPEED_POS 0.217346 -0.202029 -0.015798 -12.586536 10.015835 0.97154 1291.651716 72.725987 -125.867551
97.630 2 NPS_GYRO_BIAS -3e-06 7e-06 -3.8e-05
97.630 2 NPS_SENSORS_SCALED -0.74043 -0.555322 -11.342813 -0.257097 0.314658 0.913728
97.630 2 NPS_WIND 0. 0. 0.
97.633 2 WP_MOVED 9 360364. 4813612. 185.029999 31
97.634 2 DESIRED 0.61 0.05 4.1 5. 1232. 300. -0.5 15.
97.634 2 ATTITUDE 0.595306 2.475727 -0.055603
97.714 2 NAVIGATION 36 7 99.7 1289.5 211.8 1293.3 85 78 8 0 0 0
97.729 2 NPS_RATE_ATTITUDE 1.076998 11.696073 17.524852 34.516343 -1.979577 143.718709
97.730 2 NPS_POS_LLH 0.758761 0.758756 0.755408 0.022232 0.022232 360.765669 10384.766586 121.588852 306.588852
97.730 2 NPS_SPEED_POS 0.230612 -0.161388 0.005789 -12.97678 9.446639 0.980842 1290.160278 73.861428 -125.753717
97.730 2 NPS_GYRO_BIAS -2e-06 2e-06 -3.7e-05
97.730 2 NPS_SENSORS_SCALED -0.74043 -0.629365 -11.342813 -0.267332 0.325978 0.906796
97.731 2 NPS_WIND 0. 0. 0.
97.753 2 STATE_FILTER_STATUS 4 3 0
97.754 2 ESTIMATOR 306.667969 -0.97
97.754 2 ATTITUDE 0.595105 2.512353 -0.055955
97.830 2 NPS_RATE_ATTITUDE 1.088996 11.941257 17.55294 34.545211 -1.987975 145.488312
97.830 2 NPS_POS_LLH 0.758761 0.758755 0.755408 0.022232 0.022232 360.683376 10384.684299 121.510223 306.510223
97.830 2 NPS_SPEED_POS 0.236357 -0.139665 0.02872 -13.241018 9.030687 0.988465 1289.067801 74.631385 -125.671636
97.830 2 NPS_GYRO_BIAS -3e-06 2e-06 -3.2e-05
97.830 2 NPS_SENSORS_SCALED -0.666387 -0.592344 -11.266172 -0.274622 0.334314 0.901568
97.830 2 NPS_WIND 0. 0. 0.
97.835 2 IMU_GYRO 0.019043 0.206299 0.304199
97.835 2 GPS 3 36038611 481487882 1460 306494 1602 -99 1794 85108 31 0
97.835 2 DESIRED 0.61 0.05 4.1 5. 1230. 300. -0.5 15.
97.835 2 ATTITUDE 0.594965 2.549435 -0.055886
97.893 2 LINK_REPORT 2 -1 119 0 119495 4604 0 978. 37. 37 7.67
97.918 2 DL_VALUE 12 0.
97.918 2 IMU_MAG 0. 0. 0.
97.919 2 NAVIGATION 36 7 101.5 1286.5 211.8 1293.3 85 78 8 0 0 0
97.919 2 ATTITUDE 0.59489 2.586308 -0.056136
97.931 2 NPS_RATE_ATTITUDE 1.09931 11.747676 17.61953 34.589312 -2.020902 148.136118
97.931 2 NPS_POS_LLH 0.758761 0.758755 0.755408 0.022232 0.022232 360.558877 10384.55981 121.391354 306.391354
97.932 2 NPS_SPEED_POS 0.219016 -0.132655 -0.000561 -13.615335 8.391712 0.999012 1287.388975 75.720438 -125.547464
97.932 2 NPS_GYRO_BIAS -4e-06 1e-06 -3.3e-05
97.933 2 NPS_SENSORS_SCALED -0.629365 -0.666387 -11.381133 -0.284648 0.347184 0.893558
97.933 2 NPS_WIND 0. 0. 0.
97.958 2 NAVIGATION 36 7 101.5 1286.5 210. 1290.5 85 78 8 0 0 0
98.032 2 NPS_RATE_ATTITUDE 1.106308 12.098939 17.652018 34.615539 -2.043048 149.728853
98.032 2 NPS_POS_LLH 0.758761 0.758755 0.755407 0.022233 0.022233 360.483446 10384.484385 121.319374 306.319375
98.032 2 NPS_SPEED_POS 0.246452 -0.07824 0.077135 -13.825858 8.001394 1.007312 1286.359864 76.335212 -125.472234
98.033 2 NPS_GYRO_BIAS -2e-06 -2e-06 -3.3e-05
98.033 2 NPS_SENSORS_SCALED -0.592344 -0.592344 -11.266172 -0.290316 0.355108 0.888607
98.033 2 NPS_WIND 0. 0. 0.
98.039 2 AIRSPEED 16.6 0. 0. 0.
98.040 2 DESIRED 0.61 0.05 4.2 5. 1226. 300. -0.5 15.
98.040 2 ATTITUDE 0.594806 2.623456 -0.056217
98.080 2 GPS 3 36038774 481487608 1502 306303 1596 -101 1794 85308 31 0
98.121 2 WP_MOVED 10 360310.90625 4813569. 260.029999 31
98.122 2 ATTITUDE 0.594713 2.660557 -0.056369
98.132 2 NPS_RATE_ATTITUDE 1.108741 11.809602 17.682023 34.658434 -2.067311 152.396837
98.133 2 NPS_POS_LLH 0.75876 0.758755 0.755407 0.022233 0.022233 360.356485 10384.357434 121.198279 306.19828
98.133 2 NPS_SPEED_POS 0.201707 -0.114575 -0.007238 -14.155141 7.336801 1.018479 1284.610754 77.294012 -125.345615
98.133 2 NPS_GYRO_BIAS -3e-06 -3e-06 -3.2e-05
98.133 2 NPS_SENSORS_SCALED -0.703408 -0.666387 -11.342813 -0.299458 0.36861 0.880034
98.133 2 NPS_WIND 0. 0. 0.
98.203 2 NAVIGATION 36 7 103.1 1284. 208.5 1288.1 85 79 9 0 0 0
98.233 2 NPS_RATE_ATTITUDE 1.107468 11.836898 17.721643 34.68624 -2.096347 154.171434
98.233 2 NPS_POS_LLH 0.75876 0.758754 0.755407 0.022233 0.022233 360.271019 10384.271974 121.116797 306.116798
98.233 2 NPS_SPEED_POS 0.201742 -0.091872 0.007397 -14.358032 6.88646 1.027362 1283.422612 77.886686 -125.260381
98.233 2 NPS_GYRO_BIAS 1e-06 -2e-06 -3.4e-05
98.234 2 NPS_SENSORS_SCALED -0.703408 -0.703408 -11.304492 -0.30493 0.377803 0.874237
98.234 2 NPS_WIND 0. 0. 0.
98.243 2 ESTIMATOR 306.088318 -1.03
98.244 2 DESIRED 0.61 0.05 4.2 5. 1224. 300. -0.5 15.
98.245 2 ATTITUDE 0.594614 2.697696 -0.056658
98.325 2 COMMANDS 4682,120,2147,0
98.325 2 IMU_ACCEL -0.443359 -0.591797 -11.303711
98.326 2 GPS 3 36038916 481487321 1545 306108 1592 -103 1794 85508 31 0
98.326 2 ATTITUDE 0.594524 2.7351 -0.056557
98.334 2 NPS_RATE_ATTITUDE 1.104164 11.955813 17.745915 34.726003 -2.119766 156.853531
98.334 2 NPS_POS_LLH 0.75876 0.758754 0.755407 0.022233 0.022233 360.141398 10384.142364 120.993255 305.993255
98.334 2 NPS_SPEED_POS 0.18848 -0.087692 -0.000545 -14.637794 6.199101 1.039858 1281.610083 78.704707 -125.131116
98.334 2 NPS_GYRO_BIAS -1e-06 -5e-06 -3.1e-05
98.334 2 NPS_SENSORS_SCALED -0.703408 -0.629365 -11.227852 -0.312914 0.391859 0.865181
98.334 2 NPS_WIND 0. 0. 0.
98.408 2 FBW_STATUS 0 40 1 12.5 7.342604
98.434 2 NPS_RATE_ATTITUDE 1.102157 11.883398 17.787532 34.751539 -2.148754 158.636053
98.434 2 NPS_POS_LLH 0.75876 0.758754 0.755406 0.022233 0.022233 360.05418 10384.055153 120.910152 305.910152
98.435 2 NPS_SPEED_POS 0.18274 -0.074125 -0.002411 -14.807553 5.733813 1.047941 1280.383095 79.201939 -125.044138
98.435 2 NPS_GYRO_BIAS -5e-06 -3e-06 -2.2e-05
98.435 2 NPS_SENSORS_SCALED -0.629365 -0.703408 -11.304492 -0.317583 0.401388 0.859091
98.435 2 NPS_WIND 0. 0. 0.
98.448 2 IMU_GYRO 0.019043 0.20752 0.308594
98.448 2 DESIRED 0.61 0.05 4.2 5. 1224. 300. -0.5 15.
98.449 2 ATTITUDE 0.594449 2.772434 -0.056809
98.489 2 NAVIGATION 36 7 105.8 1278.5 205. 1282.9 86 79 9 0 0 0
98.530 2 SEGMENT 5. 1300. 5. 1100.
98.532 2 ENERGY 49 12.5 7.407942 92.599274 0.325304 4.06631
98.532 2 ATTITUDE 0.594346 2.810164 -0.056652
98.535 2 NPS_RATE_ATTITUDE 1.099373 12.537614 17.800784 34.784812 -2.165925 161.154879
98.535 2 NPS_POS_LLH 0.758759 0.758754 0.755406 0.022233 0.022233 359.930804 10383.931786 120.792611 305.792612
98.536 2 NPS_SPEED_POS 0.200658 -0.010552 0.09131 -15.021606 5.074559 1.060367 1278.642807 79.832553 -124.921104
98.536 2 NPS_GYRO_BIAS -1e-05 1e-06 -1.4e-05
98.536 2 NPS_SENSORS_SCALED -0.481279 -0.703408 -11.419453 -0.323985 0.414932 0.85022
98.536 2 NPS_WIND 0. 0. 0.
98.571 2 GPS 3 36039035 481487028 1588 305910 1587 -105 1794 85708 31 0
98.636 2 NPS_RATE_ATTITUDE 1.090402 11.992625 17.816569 34.807889 -2.173655 162.957228
98.637 2 NPS_POS_LLH 0.758759 0.758754 0.755406 0.022233 0.022233 359.842032 10383.843021 120.708057 305.708058
98.637 2 NPS_SPEED_POS 0.158959 -0.085129 -0.035758 -15.158917 4.595012 1.064303 1277.385184 80.235479 -124.832579
98.639 2 NPS_GYRO_BIAS -7e-06 1e-06 -1.7e-05
98.639 2 NPS_SENSORS_SCALED -0.555322 -0.629365 -11.342813 -0.328215 0.424725 0.843736
98.640 2 NPS_WIND 0. 0. 0.
98.652 2 COMMANDS 4715,123,2174,0
98.652 2 WP_MOVED 11 360184. 4813592. 260.029999 31
98.654 2 DESIRED 0.61 0.05 4.2 5. 1218. 300. -0.4 15.
98.654 2 ATTITUDE 0.594175 2.847945 -0.056435
98.733 2 NAVIGATION 36 7 106.7 1275. 202.4 1279.5 86 79 9 0 0 0
98.734 2 ESTIMATOR 305.684509 -1.06
98.735 2 ATTITUDE 0.594071 2.885503 -0.056635
98.736 2 NPS_RATE_ATTITUDE 1.091593 12.373711 17.891559 34.840975 -2.215959 165.648481
98.736 2 NPS_POS_LLH 0.758759 0.758753 0.755406 0.022234 0.022234 359.707994 10383.708994 120.580413 305.580413
98.736 2 NPS_SPEED_POS 0.17942 0.013169 0.075997 -15.336616 3.871545 1.075308 1275.478858 80.764686 -124.698918
98.737 2 NPS_GYRO_BIAS 1e-06 -2e-06 -1.7e-05
98.737 2 NPS_SENSORS_SCALED -0.592344 -0.666387 -11.342813 -0.333359 0.439606 0.834042
98.737 2 NPS_WIND 0. 0. 0.
98.818 2 CALIBRATION -150. 0
98.818 2 GPS 3 36039207 481486418 1674 305503 1580 -108 1794 86108 31 0
98.818 2 DESIRED 0.61 0.05 4.2 5. 1215. 300. -0.4 15.
98.818 2 ATTITUDE 0.593997 2.923474 -0.056396
98.836 2 NPS_RATE_ATTITUDE 1.091064 12.197826 17.900149 34.861792 -2.223892 167.461358
98.836 2 NPS_POS_LLH 0.758759 0.758753 0.755405 0.022234 0.022234 359.61785 10383.618857 120.494569 305.494569
98.836 2 NPS_SPEED_POS 0.153324 -0.034408 0.000757 -15.437304 3.384094 1.081631 1274.196514 81.06704 -124.609026
98.836 2 NPS_GYRO_BIAS -2e-06 -6e-06 -1.4e-05
98.836 2 NPS_SENSORS_SCALED -0.592344 -0.703408 -11.381133 -0.336702 0.449646 0.82732
98.836 2 NPS_WIND 0. 0. 0.
98.893 2 LINK_REPORT 2 -1 120 0 120502 4643 0 1007. 39. 37 7.67
98.937 2 NPS_RATE_ATTITUDE 1.092227 12.062859 17.930182 34.880279 -2.246574 169.08424
98.937 2 NPS_POS_LLH 0.758758 0.758753 0.755405 0.022234 0.022234 359.536297 10383.537311 120.416909 305.416909
98.938 2 NPS_SPEED_POS 0.143327 -0.035992 -0.015708 -15.515419 2.942716 1.087263 1273.03571 81.304303 -124.527703
98.938 2 NPS_GYRO_BIAS -2e-06 -8e-06 -7e-06
98.938 2 NPS_SENSORS_SCALED -0.592344 -0.74043 -11.266172 -0.339124 0.458746 0.821313
98.938 2 NPS_WIND 0. 0. 0.
98.939 2 NAVIGATION 36 7 107.5 1272.5 202.4 1279.5 86 79 9 0 0 0
98.940 2 ATTITUDE 0.593946 2.961236 -0.05656
98.979 2 NAVIGATION 36 7 107.5 1272.5 200.6 1277. 86 79 9 0 0 0
99.019 2 AIRSPEED 16.6 0. 0. 0.
99.020 2 IMU_GYRO 0.019043 0.21582 0.312744
99.020 2 DESIRED 0.61 0.05 4.2 5. 1212. 300. -0.4 15.
99.021 2 ATTITUDE 0.593861 2.999281 -0.05645
99.038 2 NPS_RATE_ATTITUDE 1.098415 12.434412 17.954613 34.910006 -2.279465 171.798949
99.038 2 NPS_POS_LLH 0.758758 0.758753 0.755405 0.022234 0.022234 359.39926 10383.400285 120.286398 305.286399
99.039 2 NPS_SPEED_POS 0.14333 0.016123 0.052395 -15.618629 2.204074 1.099134 1271.089485 81.626036 -124.39105
99.039 2 NPS_GYRO_BIAS -6e-06 -1e-05 -2e-06
99.039 2 NPS_SENSORS_SCALED -0.555322 -0.666387 -11.304492 -0.342583 0.474047 0.811125
99.040 2 NPS_WIND 0. 0. 0.
99.101 2 GPS 3 36039258 481486107 1717 305295 1577 -110 1794 86308 31 0
99.138 2 NPS_RATE_ATTITUDE 1.097721 12.147794 17.961096 34.929143 -2.295877 173.613641
99.139 2 NPS_POS_LLH 0.758758 0.758752 0.755405 0.022234 0.022234 359.307166 10383.308198 120.198676 305.198677
99.139 2 NPS_SPEED_POS 0.124269 -0.029424 -0.016552 -15.669202 1.707605 1.104933 1269.785721 81.789034 -124.299214
99.139 2 NPS_GYRO_BIAS -6e-06 -1.2e-05 -6e-06
99.140 2 NPS_SENSORS_SCALED -0.555322 -0.666387 -11.381133 -0.344512 0.48431 0.804216
99.140 2 NPS_WIND 0. 0. 0.
99.141 2 IMU_ACCEL -0.554688 -0.591797 -11.342773
99.142 2 WP_MOVED 12 360184. 4813792. 260.029999 31
99.142 2 ATTITUDE 0.593799 3.037249 -0.056383
99.223 2 NAVIGATION 36 7 107.9 1269. 197.9 1273.6 86 80 10 0 0 0
99.224 2 FBW_STATUS 0 40 1 12.5 7.487355
99.224 2 IMU_MAG 0. 0. 0.
99.225 2 ESTIMATOR 305.056763 -1.11
99.225 2 DESIRED 0.61 0.05 4.2 5. 1209. 300. -0.4 15.
99.225 2 ATTITUDE 0.593693 3.075149 -0.056519
99.239 2 NPS_RATE_ATTITUDE 1.101975 12.148578 17.999784 34.954929 -2.337559 176.145442
99.239 2 NPS_POS_LLH 0.758758 0.758752 0.755404 0.022234 0.022234 359.177312 10383.178354 120.074963 305.074963
99.239 2 NPS_SPEED_POS 0.121542 0.002352 0.012618 -15.714547 1.011819 1.115443 1267.954714 81.947668 -124.169723
99.239 2 NPS_GYRO_BIAS -5e-06 -2.1e-05 -1.7e-05
99.240 2 NPS_SENSORS_SCALED -0.666387 -0.629365 -11.266172 -0.346256 0.498745 0.794587
99.240 2 NPS_WIND 0. 0. 0.
99.304 2 PONG 
99.339 2 NPS_RATE_ATTITUDE 1.098962 12.370032 17.993764 34.972143 -2.348021 177.969809
99.339 2 NPS_POS_LLH 0.758757 0.758752 0.755404 0.022234 0.022234 359.083767 10383.084817 119.985812 304.985813
99.339 2 NPS_SPEED_POS 0.109741 0.001844 0.016445 -15.728784 0.513466 1.122593 1266.644476 82.011249 -124.076438
99.339 2 NPS_GYRO_BIAS -5e-06 -2.3e-05 -1.8e-05
99.339 2 NPS_SENSORS_SCALED -0.555322 -0.629365 -11.381133 -0.347369 0.509091 0.787508
99.339 2 NPS_WIND 0. 0. 0.
99.345 2 GPS_SOL 650 100 650 11
99.345 2 GPS 3 36039283 481485793 1761 305083 1574 -111 1794 86508 31 0
99.345 2 ATTITUDE 0.593631 3.113255 -0.056277
99.427 2 DL_VALUE 13 0.
99.428 2 DESIRED 0.61 0.05 4.2 5. 1209. 300. -0.4 15.
99.428 2 ATTITUDE 0.593517 -3.131994 -0.056327
99.441 2 NPS_RATE_ATTITUDE 1.094296 12.17627 18.029 34.996647 -2.385484 -179.306828
99.442 2 NPS_POS_LLH 0.758757 0.758752 0.755404 0.022234 0.022234 358.942503 10382.943564 119.851141 304.851142
99.442 2 NPS_SPEED_POS 0.095226 -0.006378 -0.010635 -15.721929 -0.235491 1.131952 1264.678449 82.028597 -123.935565
99.442 2 NPS_GYRO_BIAS -5e-06 -2e-05 -2.3e-05
99.443 2 NPS_SENSORS_SCALED -0.518301 -0.592344 -11.342813 -0.347945 0.524622 0.77699
99.443 2 NPS_WIND 0. 0. 0.
99.468 2 NAVIGATION 36 7 108.2 1262.5 192.5 1267.1 87 80 10 0 0 0
99.541 2 NPS_RATE_ATTITUDE 1.089917 12.931259 18.028999 35.01132 -2.39865 -177.4793
99.541 2 NPS_POS_LLH 0.758757 0.758751 0.755404 0.022234 0.022234 358.847578 10382.848646 119.760607 304.760608
99.541 2 NPS_SPEED_POS 0.096729 0.088035 0.12587 -15.698096 -0.733377 1.139722 1263.369173 81.988231 -123.840901
99.543 2 NPS_GYRO_BIAS -6e-06 -2.1e-05 -2e-05
99.543 2 NPS_SENSORS_SCALED -0.555322 -0.666387 -11.457773 -0.348039 0.53498 0.769852
99.543 2 NPS_WIND 0. 0. 0.
99.548 2 ATTITUDE 0.593388 -3.093777 -0.055949
99.589 2 GPS 3 36039287 481485478 -1795 304869 1572 -113 1794 86708 31 0
99.630 2 ENERGY 50 12.5 7.594935 94.936691 0.327593 4.094922
99.630 2 IMU_GYRO 0.018066 0.212646 0.312744
99.631 2 WP_MOVED 13 360384. 4813792. 260.029999 31
99.632 2 DESIRED 0.61 0.06 4.2 5. 1202. 300. -0.4 15.
99.633 2 ATTITUDE 0.593282 -3.055539 -0.055542
99.642 2 NPS_RATE_ATTITUDE 1.082511 12.236893 18.029227 35.030817 -2.404606 -174.914654
99.642 2 NPS_POS_LLH 0.758757 0.758751 0.755403 0.022234 0.022234 358.714041 10382.715119 119.633201 304.633202
99.643 2 NPS_SPEED_POS 0.08265 -0.030818 -0.043375 -15.639164 -1.434008 1.143201 1261.540872 81.861777 -123.707728
99.643 2 NPS_GYRO_BIAS -1.4e-05 -1.7e-05 -1.8e-05
99.643 2 NPS_SENSORS_SCALED -0.592344 -0.703408 -11.381133 -0.347712 0.549439 0.759751
99.644 2 NPS_WIND 0. 0. 0.
99.712 2 NAVIGATION 36 7 108. 1259.5 189.9 1264.1 87 80 10 0 0 0
99.742 2 NPS_RATE_ATTITUDE 1.082429 12.266653 18.073114 35.044206 -2.433401 -173.096175
99.742 2 NPS_POS_LLH 0.758756 0.758751 0.755403 0.022234 0.022234 358.618311 10382.619396 119.541833 304.541834
99.744 2 NPS_SPEED_POS 0.073038 0.004227 -0.012079 -15.578685 -1.930584 1.148556 1260.240023 81.72156 -123.612257
99.745 2 NPS_GYRO_BIAS -1.7e-05 -1.8e-05 -2.5e-05
99.745 2 NPS_SENSORS_SCALED -0.555322 -0.703408 -11.419453 -0.346609 0.559743 0.7527
99.745 2 NPS_WIND 0. 0. 0.
99.752 2 SEGMENT 5. 1300. 5. 1100.
99.753 2 ESTIMATOR 304.623413 -1.14
99.753 2 ATTITUDE 0.593155 -3.017578 -0.055523
99.837 2 GPS 3 36039220 481484854 -1707 304431 1568 -115 1794 87108 31 0
99.837 2 DESIRED 0.61 0.06 4.2 5. 1200. 300. -0.3 15.
99.837 2 ATTITUDE 0.593057 -2.9792 -0.055058
99.842 2 NPS_RATE_ATTITUDE 1.089255 12.352694 18.08108 35.062936 -2.450992 -170.345619
99.842 2 NPS_POS_LLH 0.758756 0.758751 0.755403 0.022234 0.022234 358.473808 10382.474904 119.403837 304.403838
99.842 2 NPS_SPEED_POS 0.064635 -0.004417 -0.022647 -15.459287 -2.671906 1.156228 1258.299794 81.433898 -123.468142
99.842 2 NPS_GYRO_BIAS -1.4e-05 -1.6e-05 -2.2e-05
99.842 2 NPS_SENSORS_SCALED -0.555322 -0.666387 -11.342813 -0.344627 0.57515 0.741918
99.842 2 NPS_WIND 0. 0. 0.
99.894 2 LINK_REPORT 2 -1 121 0 121509 4682 0 1007. 39. 38 19.52
99.918 2 STATE_FILTER_STATUS 4 3 0
99.919 2 NAVIGATION 36 7 107.6 1256.5 189.9 1264.1 87 80 10 0 0 0
99.920 2 IMU_ACCEL -0.517578 -0.628906 -11.418945
99.920 2 ATTITUDE 0.59296 -2.941096 -0.054989
99.943 2 NPS_RATE_ATTITUDE 1.100767 12.260602 18.106093 35.07576 -2.479329 -168.521747
99.944 2 NPS_POS_LLH 0.758756 0.75875 0.755403 0.022234 0.022234 358.376994 10382.378098 119.311331 304.311331
99.944 2 NPS_SPEED_POS 0.055568 0.002014 -0.020709 -15.360816 -3.162789 1.161535 1257.01552 81.190755 -123.371585
99.944 2 NPS_GYRO_BIAS -1.7e-05 -1.5e-05 -1.8e-05
99.944 2 NPS_SENSORS_SCALED -0.518301 -0.629365 -11.419453 -0.342552 0.585368 0.734854
99.944 2 NPS_WIND 0. 0. 0.
99.960 2 NAVIGATION 36 7 107.6 1256.5 187.1 1261.1 87 80 10 0 0 0
100.039 2 AIRSPEED 16.6 0. 0. 0.
100.040 2 DESIRED 0.61 0.06 4.2 5. 1196. 300. -0.3 15.
100.041 2 ATTITUDE 0.592825 -2.90272 -0.054752
100.045 2 NPS_RATE_ATTITUDE 1.117045 12.574304 18.100506 35.093348 -2.505517 -165.955506
100.045 2 NPS_POS_LLH 0.758756 0.75875 0.755402 0.022234 0.022234 358.240561 10382.241674 119.180876 304.180876
100.045 2 NPS_SPEED_POS 0.043579 0.029142 0.027644 -15.197775 -3.843547 1.170722 1255.232646 80.782007 -123.235508
100.046 2 NPS_GYRO_BIAS -1.2e-05 -1.1e-05 -2.1e-05
100.046 2 NPS_SENSORS_SCALED -0.407236 -0.666387 -11.381133 -0.3392 0.599587 0.724876
100.046 2 NPS_WIND 0. 0. 0.
100.081 2 GPS 3 36039152 481484548 -1663 304208 1567 -117 1794 87308 31 0
100.121 2 WP_MOVED 14 360384. 4813592. 260.029999 31
100.122 2 ATTITUDE 0.592807 -2.864454 -0.054465
100.145 2 NPS_RATE_ATTITUDE 1.114897 12.304822 18.100198 35.106095 -2.525204 -164.12429
100.146 2 NPS_POS_LLH 0.758755 0.75875 0.755402 0.022233 0.022233 358.142564 10382.143684 119.087108 304.087108
100.146 2 NPS_SPEED_POS 0.042827 -0.010127 -0.025227 -15.06316 -4.326745 1.175288 1253.971671 80.441545 -123.137764
100.146 2 NPS_GYRO_BIAS -7e-06 -8e-06 -2.4e-05
100.147 2 NPS_SENSORS_SCALED -0.592344 -0.592344 -11.419453 -0.336326 0.609651 0.717787
100.147 2 NPS_WIND 0. 0. 0.
100.203 2 NAVIGATION 36 7 106.9 1253.5 184.2 1258.1 87 81 11 0 0 0
100.243 2 IMU_GYRO 0.018066 0.212646 0.313721
100.244 2 ESTIMATOR 303.954163 -1.18
100.244 2 DESIRED 0.61 0.06 4.2 5. 1194. 300. -0.3 15.
100.245 2 ATTITUDE 0.59282 -2.826303 -0.054366
100.247 2 NPS_RATE_ATTITUDE 1.107013 12.643248 18.121999 35.123182 -2.56902 -161.384507
100.247 2 NPS_POS_LLH 0.758755 0.75875 0.755402 0.022233 0.022233 357.994684 10381.995815 118.945496 303.945496
100.247 2 NPS_SPEED_POS 0.017909 0.056572 0.066942 -14.83395 -5.041036 1.185474 1252.102761 79.85592 -122.99026
100.247 2 NPS_GYRO_BIAS -1.3e-05 -1.2e-05 -2.2e-05
100.248 2 NPS_SENSORS_SCALED -0.555322 -0.592344 -11.342813 -0.331074 0.624567 0.707329
100.248 2 NPS_WIND 0. 0. 0.
100.331 2 AUTOPILOT_VERSION 51500 v5.15_devel-179-g9a29798-dirty
100.332 2 GPS 3 36039060 481484248 -1619 303983 1566 -118 1794 87508 31 0
100.332 2 ATTITUDE 0.592764 -2.787863 -0.053885
100.346 2 NPS_RATE_ATTITUDE 1.100132 12.395482 18.108007 35.132563 -2.580956 -159.545544
100.346 2 NPS_POS_LLH 0.758755 0.758749 0.755402 0.022233 0.022233 357.895413 10381.896551 118.850347 303.850347
100.346 2 NPS_SPEED_POS 0.026128 -0.006007 -0.013936 -14.662609 -5.512175 1.190722 1250.873634 79.416177 -122.891236
100.346 2 NPS_GYRO_BIAS -1.4e-05 -1e-05 -2.5e-05
100.346 2 NPS_SENSORS_SCALED -0.555322 -0.666387 -11.419453 -0.327356 0.634371 0.7003
100.346 2 NPS_WIND 0. 0. 0.
100.410 2 FBW_STATUS 0 40 1 12.5 7.710962
100.447 2 NPS_RATE_ATTITUDE 1.097657 12.265997 18.126209 35.141368 -2.610804 -157.718741
100.448 2 NPS_POS_LLH 0.758755 0.758749 0.755402 0.022233 0.022233 357.795722 10381.796866 118.754727 303.754727
100.448 2 NPS_SPEED_POS 0.018854 -0.008935 -0.022665 -14.476892 -5.977546 1.196365 1249.659391 78.937389 -122.791788
100.448 2 NPS_GYRO_BIAS -9e-06 -1.5e-05 -2.3e-05
100.448 2 NPS_SENSORS_SCALED -0.481279 -0.666387 -11.342813 -0.322992 0.644052 0.693455
100.448 2 NPS_WIND 0. 0. 0.
100.450 2 DESIRED 0.61 0.06 4.2 5. 1194. 300. -0.3 15.
100.451 2 ATTITUDE 0.592702 -2.749647 -0.053762
100.452 2 NAVIGATION 36 7 104.8 1247.5 178.1 1251.9 88 81 11 0 0 0
100.531 2 IMU_MAG 0. 0. 0.
100.531 2 ATTITUDE 0.591952 -2.711146 -0.053212
100.548 2 NPS_RATE_ATTITUDE 0.005002 12.952359 18.156657 35.110799 -2.628824 -155.13982
100.548 2 NPS_POS_LLH 0.758755 0.758749 0.755401 0.022233 0.022233 357.655217 10381.656372 118.619833 303.619833
100.548 2 NPS_SPEED_POS -0.016864 0.072294 0.072491 -14.19305 -6.61797 1.20551 1247.986694 78.202563 -122.651621
100.548 2 NPS_GYRO_BIAS -9e-06 -1.8e-05 -2.5e-05
100.549 2 NPS_SENSORS_SCALED -0.444258 -0.74043 -11.381133 -0.316596 0.656923 0.684271
100.549 2 NPS_WIND 0. 0. 0.
100.572 2 GPS 3 36038945 481483956 -1575 303754 1566 -119 1794 87708 31 0
100.649 2 NPS_RATE_ATTITUDE -0.262995 12.267005 18.146693 35.013367 -2.637636 -153.296295
100.649 2 NPS_POS_LLH 0.758754 0.758749 0.755401 0.022233 0.022233 357.554502 10381.555663 118.523053 303.523054
100.649 2 NPS_SPEED_POS 0.007911 -0.020276 -0.077293 -13.972459 -7.070461 1.205914 1246.813037 77.632155 -122.551143
100.650 2 NPS_GYRO_BIAS -7e-06 -1.7e-05 -2.1e-05
100.650 2 NPS_SENSORS_SCALED -0.555322 -0.703408 -11.419453 -0.311644 0.665064 0.678657
100.650 2 NPS_WIND 0. 0. 0.
100.653 2 WP_MOVED 15 360161.5 4813627.5 260.029999 31
100.654 2 DESIRED 0.6 0.06 4.2 5. 1188. 300. -0.3 15.
100.655 2 ATTITUDE 0.589767 -2.672674 -0.052706
100.735 2 NAVIGATION 36 7 103.5 1245. 175.3 1249.3 88 81 11 0 0 0
100.735 2 ENERGY 51 12.5 7.789259 97.365738 0.329945 4.124316
100.736 2 IMU_ACCEL -0.517578 -0.628906 -11.457031
100.736 2 ESTIMATOR 303.495209 -1.2
100.737 2 ATTITUDE 0.587552 -2.634639 -0.052695
100.749 2 NPS_RATE_ATTITUDE -3.19568 12.515272 18.244402 34.845125 -2.687277 -150.561982
100.750 2 NPS_POS_LLH 0.758754 0.758748 0.755401 0.022233 0.022233 357.403152 10381.404323 118.377487 303.377488
100.750 2 NPS_SPEED_POS -0.064636 0.103392 0.025104 -13.618384 -7.730044 1.211257 1245.088327 76.706872 -122.400142
100.750 2 NPS_GYRO_BIAS -6e-06 -1.7e-05 -2.2e-05
100.750 2 NPS_SENSORS_SCALED -0.481279 -0.666387 -11.419453 -0.303028 0.676745 0.670968
100.750 2 NPS_WIND 0. 0. 0.
