125.032 14 ATTITUDE 0.002528 4.719269 -0.057087
125.114 14 NAVIGATION 16 4 21.96875 57.5 0. 61.553844 115 94 41 0 0 0
125.130 14 GPS 3 36030375 481365314 2745 185783 1240 -107 0 12465480 31 0
125.130 14 SVINFO 0 7 0 0 33 78 79
125.330 14 WP_MOVED 2 360333.5 4813695. 260. 31
125.363 14 NAVIGATION 16 4 19. 57.5 0. 60.557823 115 94 41 0 0 0
125.380 14 GPS 3 36030078 481365338 2745 185537 1240 -102 0 12465720 31 0
125.381 14 SVINFO 1 8 1 1 34 88 129
125.431 14 NAVIGATION 16 4 16.0625 58. 0. 60.557823 115 94 41 0 0 0
125.432 14 ESTIMATOR 185.471542 -1.02
125.530 14 AIRSPEED 13.2 0. 0. 0.
125.530 14 ATTITUDE 0.002528 4.719047 -0.057087
125.614 14 NAVIGATION 16 4 16.0625 58. 0. 60.183086 116 95 42 0 0 0
125.630 14 FBW_STATUS 2 0 1 12.5 0.197283
125.630 14 ENERGY 16 12.5 0.197432 2.467904 0.087108 1.08882
125.631 14 GPS 3 36029782 481365361 2745 185291 1240 -115 0 12465960 31 0
125.631 14 SVINFO 2 9 1 2 35 58 179
125.730 14 GPS_SOL 367 367 367 7
125.731 14 DESIRED 0.000528 -0.054682 0. -48.728546 63.208546 185. -1.0989 13.
125.831 14 DL_VALUE 29 0.
125.832 14 WP_MOVED 3 360294.09375 4813785. 260. 31
125.866 14 NAVIGATION 16 4 13.09375 58.5 0. 59.947445 116 95 42 0 0 0
125.880 14 GPS 3 36029435 481365389 2745 185004 1240 -127 0 12466240 31 0
125.930 14 IR_SENSORS 0 0 9 -16 265
125.931 14 ESTIMATOR 184.96254 -1.27
126.031 14 SEGMENT 499.146088 19.33432 28.799999 57.
126.031 14 ATTITUDE 0.002528 4.718943 -0.053317
126.113 14 NAVIGATION 16 4 9.625 58.5 0. 59.286514 116 95 42 0 0 0
126.131 14 CALIBRATION -39.09251 0
126.131 14 GPS 3 36029139 481365412 2745 184758 1240 -119 0 12466480 31 0
126.132 14 SVINFO 4 11 0 4 37 0 279
126.330 14 WP_MOVED 4 360416.3125 4813734. 260. 31
126.363 14 NAVIGATION 16 4 6.65625 58.5 0. 58.877464 116 95 42 0 0 0
126.381 14 GPS 3 36028841 481365436 2745 184512 1241 -111 0 12466720 31 0
126.382 14 SVINFO 5 12 1 5 38 27 329
126.430 14 NAVIGATION 16 4 3.65625 59. 0. 58.877464 116 95 42 0 0 0
126.430 14 ESTIMATOR 184.411377 -1.11
126.531 14 AIRSPEED 13.2 0. 0. 0.
126.531 14 ATTITUDE 0.002528 4.719292 -0.053317
126.614 14 NAVIGATION 16 4 3.65625 59. 0. 59.113182 117 96 43 0 0 0
126.630 14 GPS 3 36028544 481365460 2745 184268 1243 -107 0 12466960 31 0
126.630 14 SVINFO 6 13 0 6 39 70 20
126.714 14 COMMANDS 1712,-15,2,0
126.731 14 ENERGY 17 12.5 0.21287 2.660872 0.087488 1.093567
126.780 14 DESIRED 0.000511 -0.053135 0. -61.135284 64.202087 185. -1.067967 13.
126.815 14 FBW_STATUS 2 0 1 12.5 0.21287
126.831 14 WP_MOVED 5 360421. 4813583.5 260. 31
126.863 14 NAVIGATION 16 4 0.6875 59. 0. 59.004005 117 96 43 0 0 0
126.880 14 GPS 3 36028197 481365488 2745 183985 1244 -126 0 12467240 31 0
126.930 14 COMMANDS 1740,26,3,0
126.930 14 ESTIMATOR 183.922485 -1.26
127.030 14 STATE_FILTER_STATUS 2 3 290
127.030 14 ATTITUDE 0.002528 4.719308 -0.053317
127.114 14 NAVIGATION 16 4 -2.78125 59.5 0. 59.564968 117 96 43 0 0 0
127.130 14 IR_SENSORS 0 0 9 -16 265
127.130 14 GPS 3 36027899 481365511 2745 183744 1245 -128 0 12467480 31 0
127.230 14 PPRZ_MODE 2 3 2 1 0 6
127.230 14 SEGMENT 499.146088 19.33432 28.799999 57.
127.330 14 ALIVE 164,197,173,81,157,99,46,203,224,90,49,46,127,45,218,39
127.330 14 DL_VALUE 30 0.01
127.330 14 WP_MOVED 6 360164.8125 4813664.5 260. 31
127.364 14 NAVIGATION 16 4 -5.75 59.5 0. 59.777191 117 96 43 0 0 0
127.380 14 GPS 3 36027600 481365535 2745 183504 1247 -126 0 12467720 31 0
127.430 14 NAVIGATION 16 4 -8.75 60. 0. 59.777191 117 96 43 0 0 0
127.431 14 ESTIMATOR 183.369202 -1.26
127.530 14 AIRSPEED 13.2 0. 0. 0.
127.530 14 ATTITUDE 0.002528 4.719135 -0.053317
127.614 14 NAVIGATION 16 4 -8.75 60. 0. 60.634663 118 97 44 0 0 0
127.630 14 FBW_STATUS 2 0 1 12.5 0.231278
127.630 14 GPS 3 36027302 481365558 2745 183267 1249 -98 0 12467960 31 0
127.631 14 SVINFO 3 10 0 3 36 13 230
127.730 14 GPS_SOL 380 380 380 7
127.830 14 ENERGY 18 12.5 0.228522 2.85652 0.087897 1.098677
127.830 14 DESIRED 0.000653 -0.051833 0. -73.542023 65.195633 185. -1.041935 13.
127.830 14 WP_MOVED 7 360558.40625 4813804.5 260. 31
127.863 14 NAVIGATION 16 4 -11.71875 60. 0. 61.133698 118 97 44 0 0 0
127.880 14 GPS 3 36026952 481365586 2745 182993 1251 -109 0 12468240 31 0
127.930 14 ESTIMATOR 182.897064 -1.09
128.031 14 ATTITUDE 0.002528 4.718893 -0.053317
128.053 14 WIND_INFO 14 5 0.2 0.9 0. 13.2
128.114 14 NAVIGATION 16 4 -15.21875 60.5 0. 62.384777 118 97 44 0 0 0
128.130 14 GPS 3 36026653 481365610 2744 182761 1252 -104 0 12468480 31 0
128.231 14 CALIBRATION -50.483044 0
128.330 14 IR_SENSORS 0 0 9 -16 265
128.330 14 WP_MOVED 8 360783.15625 4813614.5 215. 31
128.364 14 NAVIGATION 16 4 -18.21875 60.5 0. 63.183643 118 97 44 0 0 0
128.381 14 GPS 3 36026353 481365633 2744 182531 1253 -127 0 12468720 31 0
128.431 14 SEGMENT 499.146088 19.33432 28.799999 57.
128.432 14 NAVIGATION 16 4 -21.21875 61. 0. 63.183643 118 97 44 0 0 0
128.433 14 ESTIMATOR 182.433395 -1.27
128.530 14 AIRSPEED 13.2 0. 0. 0.
128.530 14 ATTITUDE 0.002528 4.718921 -0.053317
128.613 14 NAVIGATION 16 4 -21.21875 61. 0. 64.585098 119 98 45 0 0 0
128.630 14 GPS 3 36026052 481365657 2745 182304 1254 -125 0 12468960 31 0
128.632 14 SVINFO 0 7 0 0 34 82 81
128.813 14 FBW_STATUS 2 0 1 12.5 0.24562
128.830 14 DL_VALUE 31 0.1
128.830 14 WP_MOVED 9 360312.8125 4813652. 185. 31
128.863 14 NAVIGATION 16 4 -24.21875 61. 0. 65.631912 119 98 45 0 0 0
128.880 14 DESIRED 0.002682 -0.050331 0. -88.991791 66.432861 185. -1.011891 13.
128.880 14 GPS 3 36025702 481365685 2745 182042 1257 -122 0 12469240 31 0
128.880 14 SVINFO 1 8 0 1 35 86 131
128.931 14 ENERGY 20 12.5 0.248415 3.105192 0.088331 1.104099
128.931 14 ESTIMATOR 181.90065 -1.22
129.030 14 ATTITUDE 0.002528 4.719717 -0.053317
129.113 14 NAVIGATION 16 4 -27.71875 61.5 0. 67.457977 119 98 45 0 0 0
129.130 14 GPS 3 36025400 481365709 2745 181821 1258 -129 0 12469480 31 0
129.130 14 SVINFO 2 9 0 2 36 51 181
129.330 14 WP_MOVED 10 360789.53125 4813694. 215. 31
129.364 14 NAVIGATION 16 4 -30.75 61.5 0. 68.759087 119 98 45 0 0 0
129.380 14 GPS 3 36025400 481365709 899 181821 0 -35 0 12469720 31 0
129.380 14 SVINFO 3 10 1 3 37 11 231
129.430 14 NAVIGATION 16 4 -30.75 61.5 0. 68.759087 119 98 45 0 0 0
129.431 14 ESTIMATOR 181.45697 -0.35
129.530 14 IR_SENSORS 0 0 9 -16 265
129.530 14 AIRSPEED 13.2 0. 0. 0.
129.530 14 ATTITUDE 0.002528 3.360262 -0.053317
129.613 14 NAVIGATION 16 4 -30.75 61.5 0. 68.759087 120 99 46 0 0 0
129.629 14 DATALINK_REPORT 2 17 3586 561 0 0
129.630 14 FBW_STATUS 2 0 1 12.5 0.236964
129.630 14 SEGMENT 499.146088 19.33432 28.799999 57.
129.630 14 GPS 3 36025400 481365709 899 181821 0 -39 0 12469960 31 0
129.631 14 SVINFO 4 11 1 4 38 1 281
129.730 14 GPS_SOL 393 393 393 7
129.831 14 WP_MOVED 11 360169.5 4813757.5 260. 31
129.863 14 NAVIGATION 16 4 -30.75 61.5 0. 68.759087 120 99 46 0 0 0
129.881 14 GPS 3 36025400 481365709 899 181821 0 -39 0 12470240 31 0
129.882 14 SVINFO 5 12 1 5 39 33 331
129.930 14 DESIRED -0. 0.005535 0. -95.521271 66.955742 185. 0.105435 13.
129.931 14 ESTIMATOR 181.499268 -0.39
130.030 14 ENERGY 36 12.5 0.505051 6.313139 0.088879 1.110957
130.030 14 ATTITUDE 0.002528 3.360262 -0.053317
130.114 14 NAVIGATION 16 4 -30.75 61.5 0. 68.759087 120 99 46 0 0 0
130.130 14 GPS 3 36025400 481365709 899 181821 0 -21 0 12470480 31 0
130.130 14 SVINFO 6 13 1 6 40 75 22
130.329 14 CALIBRATION -74.588676 0
130.329 14 DL_VALUE 32 0.
130.329 14 WP_MOVED 12 360287.59375 4813581. 260. 31
130.364 14 NAVIGATION 16 4 -30.75 61.5 0. 68.759087 120 99 46 0 0 0
130.381 14 GPS 3 36025400 481365709 899 181821 0 -8 0 12470720 31 0
130.430 14 NAVIGATION 16 4 -30.75 61.5 0. 68.759087 120 99 46 0 0 0
130.431 14 ESTIMATOR 181.550522 -0.08
130.530 14 AIRSPEED 13.2 0. 0. 0.
130.530 14 ATTITUDE 0.002528 3.360262 -0.053317
130.613 14 NAVIGATION 16 4 -30.75 61.5 0. 68.759087 121 100 47 0 0 0
130.630 14 GPS 3 36025400 481365709 899 181821 0 -28 0 12470960 31 0
130.730 14 NAVIGATION_REF 360284 4813595 31 185.
130.731 14 IR_SENSORS 0 0 9 -16 265
130.814 14 FBW_STATUS 2 0 1 12.5 0.526411
130.831 14 SEGMENT 499.146088 19.33432 28.799999 57.
130.832 14 WP_MOVED 13 360311.5 4813547. 260. 31
130.863 14 NAVIGATION 16 4 -30.75 61.5 0. 68.759087 121 100 47 0 0 0
130.880 14 GPS 3 36025400 481365709 899 181821 0 -34 0 12471240 31 0
130.930 14 AUTOPILOT_VERSION 51500 v5.15_devel-179-g9a29798-dirty
130.930 14 ESTIMATOR 181.608627 -0.34
130.980 14 DESIRED -0. 0.005356 0. -95.521271 66.955742 185. 0.101845 13.
