125.004 14 SEGMENT 499.146088 19.33432 28.799999 57.
125.004 14 NAVIGATION 16 4 109.0625 50.5 0. 122.653984 108 86 33 0 0 0
125.005 14 ESTIMATOR 194.179413 -1.34
125.106 14 AIRSPEED 13.1 0. 0. 0.
125.107 14 ATTITUDE 0.002528 4.702048 -0.053317
125.186 14 NAVIGATION 16 4 109.0625 50.5 0. 120.186852 109 87 34 0 0 0
125.202 14 GPS 3 36039083 481364601 2745 194029 1242 -133 0 165915960 31 0
125.202 14 SVINFO 0 7 0 0 34 82 81
125.386 14 FBW_STATUS 2 0 1 12.5 0.207449
125.403 14 DL_VALUE 31 0.1
125.403 14 WP_MOVED 15 360297.6875 4813554.5 260. 31
125.436 14 NAVIGATION 16 4 106.09375 50.5 0. 117.499504 109 87 34 0 0 0
125.453 14 DESIRED 0.003132 -0.056828 0. 41.325867 55.996918 192.045044 -1.141834 13.
125.453 14 GPS 3 36038736 481364629 2745 193744 1243 -130 0 165916240 31 0
125.453 14 SVINFO 1 8 0 1 35 86 131
125.503 14 ENERGY 17 12.5 0.210006 2.625071 0.085554 1.069399
125.503 14 ESTIMATOR 193.606812 -1.3
125.604 14 ATTITUDE 0.002528 4.70313 -0.057087
125.687 14 NAVIGATION 16 4 102.625 51. 0. 114.598824 109 87 34 0 0 0
125.703 14 GPS 3 36038438 481364652 2745 193501 1243 -138 0 165916480 31 0
125.703 14 SVINFO 2 9 0 2 36 51 181
125.904 14 WP_MOVED 16 360683.46875 4813622.5 215. 31
125.936 14 NAVIGATION 16 4 99.65625 51. 0. 111.948059 109 87 34 0 0 0
125.956 14 GPS 3 36038141 481364676 2745 193259 1244 -136 0 165916720 31 0
125.956 14 SVINFO 3 10 1 3 37 11 231
126.004 14 NAVIGATION 16 4 96.65625 51. 0. 111.948059 109 87 34 0 0 0
126.005 14 ESTIMATOR 193.061478 -1.36
126.108 14 IR_SENSORS 0 0 8 -16 265
126.109 14 AIRSPEED 13.1 0. 0. 0.
126.109 14 ATTITUDE 0.002528 4.70368 -0.057087
126.187 14 NAVIGATION 16 4 96.65625 51. 0. 109.286003 110 88 35 0 0 0
126.203 14 DATALINK_REPORT 2 17 3577 561 0 0
126.203 14 FBW_STATUS 2 0 1 12.5 0.225924
126.203 14 SEGMENT 499.146088 19.33432 28.799999 57.
126.203 14 GPS 3 36037842 481364700 2745 193018 1246 -140 0 165916960 31 0
126.203 14 SVINFO 4 11 1 4 38 1 281
126.304 14 GPS_SOL 393 393 393 7
126.403 14 WP_MOVED 17 360654.59375 4813624.5 215. 31
126.437 14 NAVIGATION 16 4 93.65625 51.5 0. 106.881912 110 88 35 0 0 0
126.454 14 GPS 3 36037494 481364728 2746 192739 1249 -138 0 165917240 31 0
126.454 14 SVINFO 5 12 1 5 39 33 331
126.503 14 DESIRED 0.002466 -0.056997 0. 28.888031 56.992947 190.95961 -1.145198 13.
126.503 14 ESTIMATOR 192.522552 -1.38
126.603 14 ENERGY 19 12.5 0.229593 2.86991 0.085958 1.074452
126.603 14 ATTITUDE 0.002528 4.704534 -0.057087
126.686 14 NAVIGATION 16 4 90.21875 52. 0. 104.13176 110 88 35 0 0 0
126.703 14 GPS 3 36037195 481364752 2746 192503 1250 -120 0 165917480 31 0
126.704 14 SVINFO 6 13 1 6 40 75 22
126.905 14 CALIBRATION -65.918938 0
126.905 14 DL_VALUE 32 0.
126.905 14 WP_MOVED 0 360326. 4813637. 260. 31
126.938 14 NAVIGATION 16 4 87.21875 52. 0. 101.54364 110 88 35 0 0 0
126.954 14 GPS 3 36036895 481364777 2746 192269 1252 -106 0 165917720 31 0
127.003 14 NAVIGATION 16 4 84.21875 52. 0. 101.54364 110 88 35 0 0 0
127.003 14 ESTIMATOR 192.040298 -1.06
127.102 14 AIRSPEED 13.1 0. 0. 0.
127.103 14 ATTITUDE 0.002528 4.705089 -0.057087
127.187 14 NAVIGATION 16 4 84.21875 52. 0. 98.978775 111 89 36 0 0 0
127.203 14 GPS 3 36036595 481364801 2746 192036 1253 -125 0 165917960 31 0
127.303 14 NAVIGATION_REF 360284 4813595 31 185.
127.304 14 IR_SENSORS 0 0 8 -16 265
127.387 14 FBW_STATUS 2 0 1 12.5 0.228216
127.404 14 SEGMENT 499.146088 19.33432 28.799999 57.
127.404 14 WP_MOVED 1 360284. 4813595. 260. 31
127.436 14 NAVIGATION 16 4 81.21875 52.5 0. 96.709541 111 89 36 0 0 0
127.453 14 GPS 3 36036245 481364829 2746 191768 1254 -129 0 165918240 31 0
127.503 14 AUTOPILOT_VERSION 51500 v5.15_devel-179-g9a29798-dirty
127.504 14 ESTIMATOR 191.591019 -1.29
127.553 14 DESIRED 0.001865 -0.05747 0. 16.450195 57.988979 189.867966 -1.154658 13.
127.605 14 ATTITUDE 0.002528 4.705623 -0.057087
127.687 14 NAVIGATION 16 4 77.6875 53. 0. 94.044395 111 89 36 0 0 0
127.703 14 ENERGY 19 12.5 0.232659 2.908237 0.08638 1.079734
127.703 14 GPS 3 36035945 481364854 2746 191539 1254 -133 0 165918480 31 0
127.903 14 WP_MOVED 2 360333.5 4813695. 260. 31
127.938 14 NAVIGATION 16 4 74.6875 53. 0. 91.581779 111 89 36 0 0 0
127.954 14 GPS 3 36035645 481364878 2746 191312 1255 -136 0 165918720 31 0
127.954 14 SVINFO 4 11 1 4 39 2 282
128.003 14 NAVIGATION 16 4 71.6875 53. 0. 91.581779 111 89 36 0 0 0
128.004 14 ESTIMATOR 191.08429 -1.36
128.117 14 AIRSPEED 13.1 0. 0. 0.
128.117 14 ATTITUDE 0.002528 4.705914 -0.057087
128.186 14 NAVIGATION 16 4 71.6875 53. 0. 89.152107 112 90 37 0 0 0
128.204 14 FBW_STATUS 2 0 1 12.5 0.244535
128.204 14 GPS 3 36035344 481364903 2746 191086 1257 -154 0 165918960 31 0
128.204 14 SVINFO 5 12 1 5 40 36 332
128.287 14 COMMANDS 1917,10,-11,0
128.303 14 GPS_SOL 407 407 407 7
128.404 14 DL_VALUE 33 0.15
128.404 14 WP_MOVED 3 360294.09375 4813785. 260. 31
128.437 14 NAVIGATION 16 4 68.6875 53.5 0. 87.064476 112 90 37 0 0 0
128.454 14 GPS 3 36034993 481364931 2746 190824 1259 -145 0 165919240 31 0
128.454 14 SVINFO 6 13 1 6 41 77 23
128.504 14 COMMANDS 1956,-6,-8,0
128.504 14 IR_SENSORS 0 0 8 -16 265
128.504 14 ESTIMATOR 190.543976 -1.45
128.608 14 STATE_FILTER_STATUS 2 3 289
128.611 14 SEGMENT 499.146088 19.33432 28.799999 57.
128.613 14 DESIRED 0.001638 -0.057782 0. 3.91925 58.99247 188.768127 -1.160907 13.
128.613 14 ATTITUDE 0.002528 4.706221 -0.057087
128.688 14 NAVIGATION 16 4 65.15625 54. 0. 84.62468 112 90 37 0 0 0
128.702 14 GPS 3 36034691 481364956 2746 190601 1260 -117 0 165919480 31 0
128.703 14 SVINFO 0 7 0 0 35 85 83
128.803 14 PPRZ_MODE 2 3 2 1 0 6
128.804 14 ENERGY 20 12.5 0.252775 3.159687 0.086829 1.085337
128.903 14 ALIVE 145,133,207,161,253,67,128,64,232,179,236,5,224,170,115,203
128.903 14 WP_MOVED 4 360416.3125 4813734. 260. 31
128.937 14 NAVIGATION 16 4 62.15625 54. 0. 82.337105 112 90 37 0 0 0
128.953 14 GPS 3 36034389 481364981 2746 190380 1262 -95 0 165919720 31 0
128.953 14 SVINFO 1 8 0 1 36 83 133
129.003 14 CALIBRATION -83.502991 0
129.003 14 NAVIGATION 16 4 59.125 54.5 0. 82.337105 112 90 37 0 0 0
129.003 14 ESTIMATOR 190.095276 -0.95
129.103 14 AIRSPEED 13.1 0. 0. 0.
129.103 14 ATTITUDE 0.002528 4.706258 -0.057087
129.186 14 NAVIGATION 16 4 59.125 54.5 0. 80.411537 113 91 38 0 0 0
129.204 14 GPS 3 36034087 481365005 2746 190161 1263 -111 0 165919960 31 0
129.204 14 SVINFO 2 9 1 2 37 45 183
129.387 14 FBW_STATUS 2 0 1 12.5 0.242677
129.403 14 WP_MOVED 5 360421. 4813583.5 260. 31
129.436 14 NAVIGATION 16 4 56.125 54.5 0. 78.232124 113 91 38 0 0 0
129.454 14 GPS 3 36033734 481365034 2746 189908 1264 -102 0 165920240 31 0
129.454 14 SVINFO 3 10 1 3 38 7 233
129.502 14 ESTIMATOR 189.722397 -1.02
129.605 14 ATTITUDE 0.002528 4.70589 -0.057087
129.653 14 DESIRED 0.001892 -0.058493 0. -8.642792 59.998447 187.662094 -1.172427 13.
129.687 14 NAVIGATION 16 4 52.625 54.5 0. 75.760414 113 91 38 0 0 0
129.703 14 IR_SENSORS 0 0 8 -16 265
129.704 14 GPS 3 36033432 481365058 2746 189691 1263 -129 0 165920480 31 0
129.804 14 SEGMENT 499.146088 19.33432 28.799999 57.
129.903 14 DL_VALUE 34 0.05
129.903 14 ENERGY 20 12.5 0.245155 3.064442 0.087279 1.090966
129.903 14 WP_MOVED 6 360164.8125 4813664.5 260. 31
129.937 14 NAVIGATION 16 4 49.5625 55. 0. 74.036758 113 91 38 0 0 0
129.953 14 GPS 3 36033129 481365082 2746 189475 1263 -137 0 165920720 31 0
130.003 14 NAVIGATION 16 4 46.53125 55.5 0. 74.036758 113 91 38 0 0 0
130.004 14 ESTIMATOR 189.27243 -1.37
130.105 14 AIRSPEED 13.1 0. 0. 0.
130.105 14 ATTITUDE 0.002528 4.705585 -0.057087
130.187 14 NAVIGATION 16 4 46.53125 55.5 0. 72.425186 114 92 39 0 0 0
130.204 14 FBW_STATUS 2 0 1 12.5 0.252307
130.204 14 GPS 3 36032827 481365107 2746 189257 1264 -136 0 165920960 31 0
130.303 14 GPS_SOL 421 421 421 7
130.404 14 WP_MOVED 7 360558.40625 4813804.5 260. 31
130.437 14 NAVIGATION 16 4 43.53125 55.5 0. 70.53524 114 92 39 0 0 0
130.455 14 GPS 3 36032474 481365136 2746 189004 1265 -143 0 165921240 31 0
130.455 14 SVINFO 0 7 0 0 36 86 84
130.503 14 ESTIMATOR 188.758804 -1.43
130.614 14 ATTITUDE 0.002528 4.706497 -0.057087
130.686 14 NAVIGATION 16 4 39.96875 55.5 0. 68.394089 114 92 39 0 0 0
130.703 14 DESIRED 0.004221 -0.058338 0. -24.775665 61.290379 186.556808 -1.172023 13.
130.703 14 GPS 3 36032171 481365160 2746 188787 1265 -143 0 165921480 31 0
130.703 14 SVINFO 1 8 1 1 37 81 134
130.904 14 IR_SENSORS 0 0 8 -16 265
130.905 14 WP_MOVED 8 360783.15625 4813614.5 215. 31
130.937 14 NAVIGATION 16 4 36.96875 56. 0. 67.102074 114 92 39 0 0 0
130.953 14 GPS 3 36031868 481365185 2746 188570 1267 -128 0 165921720 31 0
130.954 14 SVINFO 2 9 1 2 38 42 184
