125.147 14 FBW_STATUS 2 0 1 12.5 0.213323
125.164 14 DL_VALUE 31 0.1
125.165 14 WP_MOVED 9 360312.8125 4813652. 185. 31
125.198 14 NAVIGATION 16 4 36.78125 56. 0. 66.998955 114 93 40 0 0 0
125.215 14 DESIRED 0.001921 -0.057208 0. -27.982635 61.547195 185.703033 -1.146734 13.
125.216 14 GPS 3 36031806 481365185 2746 187587 1243 -130 0 12151240 31 0
125.216 14 SVINFO 1 8 0 1 35 86 131
125.265 14 ENERGY 17 12.5 0.209554 2.619427 0.087375 1.09216
125.265 14 ESTIMATOR 187.450256 -1.3
125.364 14 ATTITUDE -0.001231 4.704201 -0.057087
125.448 14 NAVIGATION 16 4 33.34375 56.5 0. 65.605301 114 93 40 0 0 0
125.464 14 GPS 3 36031508 481365209 2745 187344 1244 -138 0 12151480 31 0
125.464 14 SVINFO 2 9 0 2 36 51 181
125.666 14 WP_MOVED 10 360789.53125 4813694. 215. 31
125.698 14 NAVIGATION 16 4 30.34375 56.5 0. 64.132622 114 93 40 0 0 0
125.715 14 GPS 3 36031210 481365233 2745 187103 1245 -136 0 12151720 31 0
125.716 14 SVINFO 3 10 1 3 37 11 231
125.765 14 NAVIGATION 16 4 27.34375 57. 0. 64.132622 114 93 40 0 0 0
125.765 14 ESTIMATOR 186.904968 -1.36
125.865 14 IR_SENSORS 0 0 8 -16 265
125.866 14 AIRSPEED 13.1 0. 0. 0.
125.866 14 ATTITUDE 0.002528 4.703519 -0.057087
125.948 14 NAVIGATION 16 4 27.34375 57. 0. 63.219307 115 94 41 0 0 0
125.966 14 DATALINK_REPORT 2 17 3581 561 0 0
125.966 14 FBW_STATUS 2 0 1 12.5 0.224856
125.966 14 SEGMENT 499.146088 19.33432 28.799999 57.
125.967 14 GPS 3 36030912 481365257 2745 186863 1246 -139 0 12151960 31 0
125.967 14 SVINFO 4 11 1 4 38 1 281
126.065 14 GPS_SOL 393 393 393 7
126.165 14 WP_MOVED 11 360169.5 4813757.5 260. 31
126.199 14 NAVIGATION 16 4 24.375 57. 0. 61.993069 115 94 41 0 0 0
126.215 14 GPS 3 36030563 481365285 2745 186585 1249 -138 0 12152240 31 0
126.216 14 SVINFO 5 12 1 5 39 33 331
126.266 14 DESIRED 0.003214 -0.055644 0. -40.389435 62.540741 185.703033 -1.118143 13.
126.266 14 ESTIMATOR 186.368835 -1.38
126.366 14 ENERGY 19 12.5 0.235887 2.948584 0.087783 1.097251
126.366 14 ATTITUDE 0.002528 4.703313 -0.057087
126.447 14 NAVIGATION 16 4 20.875 57.5 0. 61.172016 115 94 41 0 0 0
126.464 14 GPS 3 36030264 481365308 2745 186349 1251 -119 0 12152480 31 0
126.464 14 SVINFO 6 13 1 6 40 75 22
126.665 14 CALIBRATION -67.209885 0
126.665 14 DL_VALUE 32 0.
126.665 14 WP_MOVED 12 360287.59375 4813581. 260. 31
126.698 14 NAVIGATION 16 4 17.875 57.5 0. 60.214333 115 94 41 0 0 0
126.714 14 GPS 3 36029964 481365332 2745 186116 1253 -105 0 12152720 31 0
126.766 14 NAVIGATION 16 4 14.875 58. 0. 60.214333 115 94 41 0 0 0
126.767 14 ESTIMATOR 185.88858 -1.05
126.866 14 AIRSPEED 13.1 0. 0. 0.
126.866 14 ATTITUDE 0.002528 4.703595 -0.053317
126.949 14 NAVIGATION 16 4 14.875 58. 0. 59.877087 116 95 42 0 0 0
126.964 14 GPS 3 36029664 481365356 2745 185886 1255 -124 0 12152960 31 0
127.065 14 NAVIGATION_REF 360284 4813595 31 185.
127.065 14 IR_SENSORS 0 0 8 -16 265
127.148 14 FBW_STATUS 2 0 1 12.5 0.242832
127.166 14 SEGMENT 499.146088 19.33432 28.799999 57.
127.166 14 WP_MOVED 13 360311.5 4813547. 260. 31
127.199 14 NAVIGATION 16 4 11.875 58. 0. 59.203171 116 95 42 0 0 0
127.215 14 GPS 3 36029313 481365384 2745 185621 1258 -128 0 12153240 31 0
127.265 14 AUTOPILOT_VERSION 51500 v5.15_devel-179-g9a29798-dirty
127.265 14 ESTIMATOR 185.444077 -1.28
127.315 14 DESIRED 0.003155 -0.054617 0. -52.889374 63.541748 185.703033 -1.0976 13.
127.365 14 ATTITUDE 0.002528 4.704565 -0.053317
127.448 14 NAVIGATION 16 4 8.375 58.5 0. 59.096451 116 95 42 0 0 0
127.465 14 ENERGY 20 12.5 0.24826 3.103249 0.088224 1.102771
127.465 14 GPS 3 36029011 481365408 2745 185396 1259 -132 0 12153480 31 0
127.664 14 WP_MOVED 14 360300.6875 4813575.5 260. 31
127.698 14 NAVIGATION 16 4 5.375 58.5 0. 58.74641 116 95 42 0 0 0
127.716 14 GPS 3 36028710 481365432 2745 185174 1261 -134 0 12153720 31 0
127.717 14 SVINFO 4 11 1 4 39 2 282
127.766 14 NAVIGATION 16 4 2.375 59. 0. 58.74641 116 95 42 0 0 0
127.767 14 ESTIMATOR 184.943634 -1.34
127.864 14 AIRSPEED 13.1 0. 0. 0.
127.864 14 ATTITUDE 0.002528 4.705319 -0.053317
127.948 14 NAVIGATION 16 4 2.375 59. 0. 59.047783 117 96 43 0 0 0
127.965 14 FBW_STATUS 2 0 1 12.5 0.261538
127.965 14 GPS 3 36028408 481365457 2746 184954 1263 -151 0 12153960 31 0
127.965 14 SVINFO 5 12 1 5 40 36 332
128.048 14 COMMANDS 2070,-13,108,0
128.064 14 GPS_SOL 407 407 407 7
128.164 14 DL_VALUE 33 0.15
128.165 14 WP_MOVED 15 360297.6875 4813554.5 260. 31
128.198 14 NAVIGATION 16 4 -0.65625 59. 0. 59.003651 117 96 43 0 0 0
128.215 14 GPS 3 36028054 481365485 2746 184700 1267 -142 0 12154240 31 0
128.215 14 SVINFO 6 13 1 6 41 77 23
128.265 14 COMMANDS 2116,0,-1,0
128.265 14 IR_SENSORS 0 0 9 -16 265
128.266 14 ESTIMATOR 184.417572 -1.42
128.367 14 STATE_FILTER_STATUS 2 3 290
128.367 14 SEGMENT 499.146088 19.33432 28.799999 57.
128.368 14 DESIRED 0.002647 -0.053436 0. -65.420319 64.545235 185.703033 -1.073979 13.
128.369 14 ATTITUDE 0.002528 4.705933 -0.053317
128.448 14 NAVIGATION 16 4 -4.1875 59. 0. 59.148415 117 96 43 0 0 0
128.467 14 GPS 3 36027751 481365510 2746 184487 1269 -113 0 12154480 31 0
128.471 14 SVINFO 0 7 0 0 35 85 83
128.566 14 PPRZ_MODE 2 3 2 1 0 6
128.566 14 ENERGY 22 12.5 0.27844 3.480506 0.088711 1.108853
128.664 14 ALIVE 164,197,173,81,157,99,46,203,224,90,49,46,127,45,218,39
128.664 14 WP_MOVED 16 360683.46875 4813622.5 215. 31
128.699 14 NAVIGATION 16 4 -7.21875 59.5 0. 59.936302 117 96 43 0 0 0
128.715 14 GPS 3 36027446 481365534 2745 184277 1272 -91 0 12154720 31 0
128.716 14 SVINFO 1 8 0 1 36 83 133
128.765 14 CALIBRATION -90.270927 0
128.765 14 NAVIGATION 16 4 -10.28125 60. 0. 59.936302 117 96 43 0 0 0
128.765 14 ESTIMATOR 183.988815 -0.91
128.864 14 AIRSPEED 13.1 0. 0. 0.
128.865 14 ATTITUDE 0.002528 4.706069 -0.053317
128.948 14 NAVIGATION 16 4 -10.28125 60. 0. 60.874496 118 97 44 0 0 0
128.963 14 GPS 3 36027091 481365563 2746 184037 1274 -106 0 12155000 31 0
128.964 14 SVINFO 2 9 1 2 37 45 183
129.147 14 FBW_STATUS 2 0 1 12.5 0.277011
129.165 14 WP_MOVED 17 360654.59375 4813624.5 215. 31
129.199 14 NAVIGATION 16 4 -13.84375 60. 0. 61.57637 118 97 44 0 0 0
129.216 14 GPS 3 36026785 481365587 2746 183834 1276 -95 0 12155240 31 0
129.216 14 SVINFO 3 10 1 3 38 7 233
129.266 14 ESTIMATOR 183.635742 -0.95
129.365 14 ATTITUDE 0.006288 4.707226 -0.053317
129.415 14 DESIRED 0.003084 -0.052229 0. -78.603363 65.600937 185.703033 -1.057686 13.
129.449 14 NAVIGATION 16 4 -16.90625 60.5 0. 62.817764 118 97 44 0 0 0
129.466 14 IR_SENSORS 0 0 9 -15 265
129.466 14 GPS 3 36026480 481365612 2746 183634 1276 -122 0 12155480 31 0
129.566 14 SEGMENT 499.146088 19.33432 28.799999 57.
129.664 14 DL_VALUE 34 0.05
129.666 14 ENERGY 22 12.5 0.280667 3.508341 0.089219 1.115203
129.667 14 WP_MOVED 18 360289. 4813605. 220. 31
129.697 14 NAVIGATION 16 4 -19.9375 60.5 0. 63.7005 118 97 44 0 0 0
129.715 14 GPS 3 36026175 481365638 2747 183436 1277 -129 0 12155720 31 0
129.766 14 NAVIGATION 16 4 -23. 61. 0. 63.7005 118 97 44 0 0 0
129.767 14 ESTIMATOR 183.226349 -1.29
129.866 14 AIRSPEED 13.1 0. 0. 0.
129.866 14 ATTITUDE 0.006288 4.708255 -0.053317
129.948 14 NAVIGATION 16 4 -23. 61. 0. 65.192024 119 98 45 0 0 0
129.965 14 FBW_STATUS 2 0 1 12.5 0.288488
129.965 14 GPS 3 36025869 481365663 2747 183239 1278 -127 0 12155960 31 0
130.065 14 GPS_SOL 421 421 421 7
130.166 14 WP_MOVED 19 360289. 4813610. 500. 31
130.198 14 NAVIGATION 16 4 -26.0625 61. 0. 66.334412 119 98 45 0 0 0
130.214 14 GPS 3 36025512 481365693 2747 183013 1280 -133 0 12156240 31 0
130.215 14 SVINFO 0 7 0 0 36 86 84
130.264 14 ESTIMATOR 182.759995 -1.33
130.366 14 ATTITUDE 0.002528 4.709999 -0.053317
130.449 14 NAVIGATION 16 4 -29.625 61.5 0. 68.26339 119 98 45 0 0 0
130.465 14 DESIRED -0.000152 -0.051289 0. -94.403412 66.866226 185.703033 -1.031038 13.
130.466 14 GPS 3 36025205 481365719 2748 182821 1282 -132 0 12156480 31 0
130.466 14 SVINFO 1 8 1 1 37 81 134
130.666 14 IR_SENSORS 0 0 9 -16 265
130.666 14 WP_MOVED 20 360289. 4813620. 300. 31
130.699 14 NAVIGATION 16 4 -32.71875 62. 0. 70.103615 119 98 45 0 0 0
130.715 14 GPS 3 36024898 481365745 2748 182633 1284 -116 0 12156720 31 0
130.715 14 SVINFO 2 9 1 2 38 42 184
130.766 14 SEGMENT 499.146088 19.33432 28.799999 57.
130.766 14 ENERGY 24 12.5 0.308954 3.861927 0.089761 1.121979
130.767 14 NAVIGATION 16 4 -35.78125 62. 0. 70.103615 119 98 45 0 0 0
130.767 14 ESTIMATOR 182.310257 -1.16
130.865 14 CALIBRATION -106.717415 0
130.866 14 AIRSPEED 13.1 0. 0. 0.
130.866 14 ATTITUDE 0.002528 4.711004 -0.053317
130.949 14 NAVIGATION 16 4 -35.78125 62. 0. 71.584198 120 99 46 0 0 0
130.965 14 GPS 3 36024590 481365771 2748 182448 1286 -110 0 12156960 31 0
130.966 14 SVINFO 3 10 1 3 39 5 234
