125.045 14 GPS_SOL 380 380 380 7
125.156 14 ENERGY 16 12.5 0.200114 2.501428 0.086732 1.084117
125.157 14 DESIRED 0.001464 -0.056968 0. -0.405548 59.338802 188.123428 -1.141932 13.
125.157 14 WP_MOVED 7 360558.40625 4813804.5 260. 31
125.178 14 NAVIGATION 16 4 61.40625 54. 0. 81.772415 112 91 38 0 0 0
125.195 14 GPS 3 36034270 481364992 2745 189656 1241 -113 0 12304240 31 0
125.246 14 ESTIMATOR 189.565491 -1.13
125.345 14 ATTITUDE -0.001231 4.702766 -0.057087
125.389 14 WIND_INFO 14 5 0. 1.1 0. 13.1
125.429 14 NAVIGATION 16 4 57.96875 54.5 0. 79.565231 112 91 38 0 0 0
125.448 14 GPS 3 36033973 481365015 2745 189411 1241 -109 0 12304480 31 0
125.545 14 CALIBRATION -42.469986 0
125.651 14 IR_SENSORS 0 0 8 -16 265
125.651 14 WP_MOVED 8 360783.15625 4813614.5 215. 31
125.678 14 NAVIGATION 16 4 54.96875 54.5 0. 77.406807 112 91 38 0 0 0
125.695 14 GPS 3 36033676 481365039 2745 189167 1241 -134 0 12304720 31 0
125.744 14 SEGMENT 499.146088 19.33432 28.799999 57.
125.744 14 NAVIGATION 16 4 52. 54.5 0. 77.406807 112 91 38 0 0 0
125.745 14 ESTIMATOR 189.075165 -1.34
125.845 14 AIRSPEED 13.1 0. 0. 0.
125.846 14 ATTITUDE 0.002528 4.702228 -0.057087
125.929 14 NAVIGATION 16 4 52. 54.5 0. 75.327621 113 92 39 0 0 0
125.945 14 GPS 3 36033379 481365062 2744 188922 1242 -133 0 12304960 31 0
125.946 14 SVINFO 0 7 0 0 34 82 81
126.129 14 FBW_STATUS 2 0 1 12.5 0.20805
126.145 14 DL_VALUE 31 0.1
126.146 14 WP_MOVED 9 360312.8125 4813652. 185. 31
126.178 14 NAVIGATION 16 4 49.0625 55. 0. 73.70298 113 92 39 0 0 0
126.195 14 DESIRED 0.00363 -0.056677 0. -15.700043 60.563599 187.040726 -1.138814 13.
126.195 14 GPS 3 36033032 481365089 2744 188638 1243 -130 0 12305240 31 0
126.195 14 SVINFO 1 8 0 1 35 86 131
126.245 14 ENERGY 17 12.5 0.210608 2.6326 0.087107 1.088815
126.245 14 ESTIMATOR 188.501587 -1.3
126.347 14 ATTITUDE 0.002528 4.701903 -0.057087
126.429 14 NAVIGATION 16 4 45.5625 55.5 0. 71.806625 113 92 39 0 0 0
126.446 14 GPS 3 36032734 481365113 2744 188395 1244 -138 0 12305480 31 0
126.447 14 SVINFO 2 9 0 2 36 51 181
126.661 14 WP_MOVED 10 360789.53125 4813694. 215. 31
126.680 14 NAVIGATION 16 4 42.625 55.5 0. 69.979576 113 92 39 0 0 0
126.697 14 GPS 3 36032436 481365136 2744 188154 1245 -136 0 12305720 31 0
126.700 14 SVINFO 3 10 1 3 37 11 231
126.745 14 NAVIGATION 16 4 39.625 55.5 0. 69.979576 113 92 39 0 0 0
126.745 14 ESTIMATOR 187.956161 -1.36
126.846 14 IR_SENSORS 0 0 8 -16 265
126.846 14 AIRSPEED 13.1 0. 0. 0.
126.846 14 ATTITUDE 0.002528 4.701962 -0.057087
126.928 14 NAVIGATION 16 4 39.625 55.5 0. 68.193771 114 93 40 0 0 0
126.945 14 DATALINK_REPORT 2 17 3580 561 0 0
126.946 14 FBW_STATUS 2 0 1 12.5 0.226535
126.946 14 SEGMENT 499.146088 19.33432 28.799999 57.
126.946 14 GPS 3 36032138 481365159 2744 187913 1246 -139 0 12305960 31 0
126.947 14 SVINFO 4 11 1 4 38 1 281
127.044 14 GPS_SOL 393 393 393 7
127.163 14 WP_MOVED 11 360169.5 4813757.5 260. 31
127.179 14 NAVIGATION 16 4 36.625 56. 0. 66.913307 114 93 40 0 0 0
127.196 14 GPS 3 36031789 481365187 2744 187636 1249 -138 0 12306240 31 0
127.196 14 SVINFO 5 12 1 5 39 33 331
127.245 14 DESIRED 0.003745 -0.05684 0. -28.137848 61.559628 185.954514 -1.142056 13.
127.246 14 ESTIMATOR 187.419754 -1.38
127.345 14 ENERGY 19 12.5 0.230206 2.877569 0.087513 1.093881
127.345 14 ATTITUDE 0.002528 4.702678 -0.057087
127.429 14 NAVIGATION 16 4 33.125 56.5 0. 65.494392 114 93 40 0 0 0
127.446 14 GPS 3 36031490 481365210 2745 187399 1250 -119 0 12306480 31 0
127.447 14 SVINFO 6 13 1 6 40 75 22
127.661 14 CALIBRATION -65.853683 0
127.661 14 DL_VALUE 32 0.
127.662 14 WP_MOVED 12 360287.59375 4813581. 260. 31
127.679 14 NAVIGATION 16 4 30.125 56.5 0. 64.029411 114 93 40 0 0 0
127.695 14 GPS 3 36031190 481365234 2745 187166 1252 -105 0 12306720 31 0
127.745 14 NAVIGATION 16 4 27.15625 57. 0. 64.029411 114 93 40 0 0 0
127.745 14 ESTIMATOR 186.939072 -1.05
127.844 14 AIRSPEED 13.1 0. 0. 0.
127.845 14 ATTITUDE 0.002528 4.703698 -0.057087
127.928 14 NAVIGATION 16 4 27.15625 57. 0. 63.138435 115 94 41 0 0 0
127.945 14 GPS 3 36030890 481365258 2745 186934 1253 -125 0 12306960 31 0
128.045 14 NAVIGATION_REF 360284 4813595 31 185.
128.045 14 IR_SENSORS 0 0 8 -16 265
128.129 14 FBW_STATUS 2 0 1 12.5 0.235733
128.172 14 SEGMENT 499.146088 19.33432 28.799999 57.
128.172 14 WP_MOVED 13 360311.5 4813547. 260. 31
128.178 14 NAVIGATION 16 4 24.125 57. 0. 61.895199 115 94 41 0 0 0
128.195 14 GPS 3 36030540 481365286 2746 186666 1255 -129 0 12307240 31 0
128.245 14 AUTOPILOT_VERSION 51500 v5.15_devel-179-g9a29798-dirty
128.245 14 ESTIMATOR 186.490814 -1.29
128.295 14 DESIRED 0.003227 -0.055727 0. -40.637787 62.560635 185.954514 -1.119807 13.
128.346 14 ATTITUDE 0.002528 4.70501 -0.057087
128.428 14 NAVIGATION 16 4 20.65625 57.5 0. 61.097713 115 94 41 0 0 0
128.446 14 ENERGY 19 12.5 0.240976 3.0122 0.087942 1.099245
128.446 14 GPS 3 36030239 481365310 2746 186438 1256 -133 0 12307480 31 0
128.667 14 WP_MOVED 14 360300.6875 4813575.5 260. 31
128.679 14 NAVIGATION 16 4 17.65625 57.5 0. 60.149757 115 94 41 0 0 0
128.696 14 GPS 3 36029939 481365335 2746 186213 1257 -135 0 12307720 31 0
128.696 14 SVINFO 4 11 1 4 39 2 282
128.744 14 NAVIGATION 16 4 14.65625 58. 0. 60.149757 115 94 41 0 0 0
128.744 14 ESTIMATOR 185.984253 -1.35
128.846 14 AIRSPEED 13.1 0. 0. 0.
128.847 14 ATTITUDE 0.002528 4.705485 -0.057087
128.929 14 NAVIGATION 16 4 14.65625 58. 0. 59.82312 116 95 42 0 0 0
128.946 14 FBW_STATUS 2 0 1 12.5 0.253867
128.946 14 GPS 3 36029637 481365359 2746 185989 1259 -153 0 12307960 31 0
128.947 14 SVINFO 5 12 1 5 40 36 332
129.029 14 COMMANDS 2024,-13,-16,0
129.044 14 GPS_SOL 407 407 407 7
129.171 14 DL_VALUE 33 0.15
129.172 14 WP_MOVED 15 360297.6875 4813554.5 260. 31
129.179 14 NAVIGATION 16 4 11.625 58. 0. 59.153534 116 95 42 0 0 0
129.195 14 GPS 3 36029285 481365388 2746 185731 1263 -144 0 12308240 31 0
129.195 14 SVINFO 6 13 1 6 41 77 23
129.245 14 COMMANDS 2069,0,31,0
129.245 14 IR_SENSORS 0 0 9 -16 265
129.245 14 ESTIMATOR 185.449554 -1.44
129.345 14 STATE_FILTER_STATUS 2 3 290
129.346 14 SEGMENT 499.146088 19.33432 28.799999 57.
129.346 14 DESIRED 0.00263 -0.05444 0. -53.137726 63.561638 185.954514 -1.094067 13.
129.346 14 ATTITUDE 0.002528 4.705901 -0.053317
129.429 14 NAVIGATION 16 4 8.09375 58.5 0. 59.057251 116 95 42 0 0 0
129.447 14 GPS 3 36028982 481365412 2746 185513 1265 -115 0 12308480 31 0
129.448 14 SVINFO 0 7 0 0 35 85 83
129.545 14 PPRZ_MODE 2 3 2 1 0 6
129.546 14 ENERGY 21 12.5 0.271149 3.389359 0.088415 1.105158
129.673 14 ALIVE 164,197,173,81,157,99,46,203,224,90,49,46,127,45,218,39
129.674 14 WP_MOVED 16 360683.46875 4813622.5 215. 31
129.679 14 NAVIGATION 16 4 5.09375 58.5 0. 58.721344 116 95 42 0 0 0
129.696 14 GPS 3 36028679 481365437 2746 185299 1268 -92 0 12308720 31 0
129.696 14 SVINFO 1 8 0 1 36 83 133
129.745 14 CALIBRATION -87.788902 0
129.745 14 NAVIGATION 16 4 2.0625 59. 0. 58.721344 116 95 42 0 0 0
129.745 14 ESTIMATOR 185.01062 -0.92
129.845 14 AIRSPEED 13.1 0. 0. 0.
129.845 14 ATTITUDE 0.002528 4.705976 -0.057087
129.929 14 NAVIGATION 16 4 2.0625 59. 0. 59.036037 117 96 43 0 0 0
129.945 14 GPS 3 36028375 481365461 2746 185088 1270 -108 0 12308960 31 0
129.946 14 SVINFO 2 9 1 2 37 45 183
130.129 14 FBW_STATUS 2 0 1 12.5 0.269727
130.176 14 WP_MOVED 17 360654.59375 4813624.5 215. 31
130.178 14 NAVIGATION 16 4 -1. 59. 0. 59.008472 117 96 43 0 0 0
130.198 14 GPS 3 36028019 481365490 2746 184845 1272 -98 0 12309240 31 0
130.198 14 SVINFO 3 10 1 3 38 7 233
130.244 14 ESTIMATOR 184.655243 -0.98
130.347 14 ATTITUDE 0.002528 4.707002 -0.053317
130.396 14 DESIRED 0.002717 -0.053611 0. -65.761871 64.572586 185.954514 -1.077476 13.
130.430 14 NAVIGATION 16 4 -4.5625 59.5 0. 59.674671 117 96 43 0 0 0
130.446 14 IR_SENSORS 0 0 9 -16 265
130.446 14 GPS 3 36027715 481365515 2746 184640 1273 -125 0 12309480 31 0
130.545 14 SEGMENT 499.146088 19.33432 28.799999 57.
130.675 14 DL_VALUE 34 0.05
130.676 14 ENERGY 22 12.5 0.274156 3.42695 0.08891 1.111346
130.677 14 WP_MOVED 18 360289. 4813605. 220. 31
130.682 14 NAVIGATION 16 4 -7.59375 59.5 0. 59.982624 117 96 43 0 0 0
130.696 14 GPS 3 36027410 481365540 2746 184436 1274 -131 0 12309720 31 0
130.745 14 NAVIGATION 16 4 -10.65625 60. 0. 59.982624 117 96 43 0 0 0
130.745 14 ESTIMATOR 184.228546 -1.31
130.846 14 AIRSPEED 13.1 0. 0. 0.
130.846 14 ATTITUDE 0.002528 4.70764 -0.053317
130.928 14 NAVIGATION 16 4 -10.65625 60. 0. 60.93895 118 97 44 0 0 0
130.945 14 FBW_STATUS 2 0 1 12.5 0.281782
130.945 14 GPS 3 36027105 481365565 2746 184234 1275 -130 0 12309960 31 0
