125.088 14 AIRSPEED 13.1 0. 0. 0.
125.088 14 ATTITUDE 0.002528 4.706675 -0.057087
125.172 14 NAVIGATION 16 4 43.40625 55.5 0. 70.45816 113 93 40 0 0 0
125.190 14 GPS 3 36032519 481365139 2747 188207 1242 -133 0 11996960 31 0
125.190 14 SVINFO 0 7 0 0 34 82 81
125.372 14 FBW_STATUS 2 0 1 12.5 0.213323
125.389 14 DL_VALUE 31 0.1
125.389 14 WP_MOVED 9 360312.8125 4813652. 185. 31
125.422 14 NAVIGATION 16 4 40.4375 56. 0. 69.073814 113 93 40 0 0 0
125.465 14 DESIRED -0.000637 -0.057104 0. -24.34964 61.256264 186.021881 -1.147348 13.
125.465 14 GPS 3 36032172 481365167 2747 187923 1243 -130 0 11997240 31 0
125.466 14 SVINFO 1 8 0 1 35 86 131
125.488 14 ENERGY 17 12.5 0.209253 2.615666 0.08717 1.089599
125.488 14 ESTIMATOR 187.785095 -1.3
125.589 14 ATTITUDE 0.002528 4.706686 -0.057087
125.672 14 NAVIGATION 16 4 36.96875 56. 0. 67.102074 113 93 40 0 0 0
125.689 14 GPS 3 36031875 481365192 2747 187680 1244 -138 0 11997480 31 0
125.689 14 SVINFO 2 9 0 2 36 51 181
125.889 14 WP_MOVED 10 360789.53125 4813694. 215. 31
125.923 14 NAVIGATION 16 4 34. 56.5 0. 65.941261 113 93 40 0 0 0
125.945 14 GPS 3 36031577 481365217 2747 187439 1245 -136 0 11997720 31 0
125.945 14 SVINFO 3 10 1 3 37 11 231
125.988 14 NAVIGATION 16 4 31. 56.5 0. 65.941261 113 93 40 0 0 0
125.988 14 ESTIMATOR 187.240341 -1.36
126.089 14 IR_SENSORS 0 0 8 -16 265
126.089 14 AIRSPEED 13.1 0. 0. 0.
126.089 14 ATTITUDE 0.002528 4.706664 -0.057087
126.172 14 NAVIGATION 16 4 31. 56.5 0. 64.445717 114 94 41 0 0 0
126.188 14 DATALINK_REPORT 2 17 3582 561 0 0
126.188 14 FBW_STATUS 2 0 1 12.5 0.224856
126.188 14 SEGMENT 499.146088 19.33432 28.799999 57.
126.189 14 GPS 3 36031279 481365242 2747 187198 1246 -139 0 11997960 31 0
126.189 14 SVINFO 4 11 1 4 38 1 281
126.289 14 GPS_SOL 393 393 393 7
126.388 14 WP_MOVED 11 360169.5 4813757.5 260. 31
126.422 14 NAVIGATION 16 4 28.0625 57. 0. 63.533485 114 94 41 0 0 0
126.477 14 GPS 3 36030930 481365270 2747 186921 1249 -138 0 11998240 31 0
126.478 14 SVINFO 5 12 1 5 39 33 331
126.489 14 DESIRED -0.000579 -0.057172 0. -36.725372 62.247322 185. -1.148701 13.
126.492 14 ESTIMATOR 186.7043 -1.38
126.587 14 ENERGY 19 12.5 0.229287 2.866083 0.087576 1.094668
126.588 14 ATTITUDE 0.002528 4.706805 -0.057087
126.672 14 NAVIGATION 16 4 24.53125 57.5 0. 62.514256 114 94 41 0 0 0
126.689 14 GPS 3 36030631 481365295 2747 186685 1250 -119 0 11998480 31 0
126.692 14 SVINFO 6 13 1 6 40 75 22
126.888 14 CALIBRATION -66.042717 0
126.889 14 DL_VALUE 32 0.
126.890 14 WP_MOVED 12 360287.59375 4813581. 260. 31
126.922 14 NAVIGATION 16 4 21.5625 57.5 0. 61.410027 114 94 41 0 0 0
126.939 14 GPS 3 36030331 481365320 2747 186451 1252 -105 0 11998720 31 0
126.988 14 NAVIGATION 16 4 18.5625 57.5 0. 61.410027 114 94 41 0 0 0
126.988 14 ESTIMATOR 186.22403 -1.05
127.088 14 AIRSPEED 13.1 0. 0. 0.
127.089 14 ATTITUDE -0.001231 4.706862 -0.057087
127.172 14 NAVIGATION 16 4 18.5625 57.5 0. 60.421986 115 95 42 0 0 0
127.190 14 GPS 3 36030032 481365345 2747 186219 1253 -125 0 11998960 31 0
127.289 14 NAVIGATION_REF 360284 4813595 31 185.
127.289 14 IR_SENSORS 0 0 8 -17 265
127.371 14 FBW_STATUS 2 0 1 12.5 0.234349
127.390 14 SEGMENT 499.146088 19.33432 28.799999 57.
127.390 14 WP_MOVED 13 360311.5 4813547. 260. 31
127.421 14 NAVIGATION 16 4 15.5625 58. 0. 60.051575 115 95 42 0 0 0
127.440 14 GPS 3 36029681 481365373 2746 185951 1255 -129 0 11999240 31 0
127.488 14 AUTOPILOT_VERSION 51500 v5.15_devel-179-g9a29798-dirty
127.488 14 ESTIMATOR 185.775803 -1.29
127.538 14 DESIRED -0.000353 -0.056053 0. -49.225311 63.248329 185. -1.12633 13.
127.589 14 ATTITUDE 0.002528 4.706489 -0.057087
127.671 14 NAVIGATION 16 4 12.0625 58.5 0. 59.730679 115 95 42 0 0 0
127.688 14 ENERGY 19 12.5 0.239586 2.994823 0.088003 1.100004
127.689 14 GPS 3 36029381 481365398 2746 185723 1256 -133 0 11999480 31 0
127.889 14 WP_MOVED 14 360300.6875 4813575.5 260. 31
127.922 14 NAVIGATION 16 4 9.0625 58.5 0. 59.197796 115 95 42 0 0 0
127.939 14 GPS 3 36029080 481365423 2746 185497 1257 -135 0 11999720 31 0
127.939 14 SVINFO 4 11 1 4 39 2 282
127.988 14 NAVIGATION 16 4 6.0625 58.5 0. 59.197796 115 95 42 0 0 0
127.989 14 ESTIMATOR 185.268982 -1.35
128.089 14 AIRSPEED 13.1 0. 0. 0.
128.089 14 ATTITUDE 0.002528 4.706374 -0.053317
128.172 14 NAVIGATION 16 4 6.0625 58.5 0. 58.813297 116 96 43 0 0 0
128.189 14 FBW_STATUS 2 0 1 12.5 0.25184
128.189 14 GPS 3 36028779 481365447 2746 185273 1259 -153 0 11999960 31 0
128.190 14 SVINFO 5 12 1 5 40 36 332
128.273 14 COMMANDS 2011,-5,23,0
128.289 14 GPS_SOL 407 407 407 7
128.389 14 DL_VALUE 33 0.15
128.389 14 WP_MOVED 15 360297.6875 4813554.5 260. 31
128.421 14 NAVIGATION 16 4 3.0625 59. 0. 59.07943 116 96 43 0 0 0
128.438 14 GPS 3 36028427 481365476 2746 185014 1262 -144 0 12000240 31 0
128.439 14 SVINFO 6 13 1 6 41 77 23
128.491 14 COMMANDS 2056,-20,-17,0
128.491 14 IR_SENSORS 0 0 9 -16 265
128.491 14 ESTIMATOR 184.733688 -1.44
128.589 14 STATE_FILTER_STATUS 2 3 290
128.589 14 SEGMENT 499.146088 19.33432 28.799999 57.
128.590 14 DESIRED -0.000156 -0.054802 0. -61.72525 64.249329 185. -1.101308 13.
128.590 14 ATTITUDE 0.002528 4.706347 -0.053317
128.672 14 NAVIGATION 16 4 -0.46875 59. 0. 59.001862 116 96 43 0 0 0
128.689 14 GPS 3 36028124 481365500 2746 184796 1264 -116 0 12000480 31 0
128.690 14 SVINFO 0 7 0 0 35 85 83
128.789 14 PPRZ_MODE 2 3 2 1 0 6
128.790 14 ENERGY 21 12.5 0.269253 3.36566 0.088472 1.105872
128.888 14 ALIVE 164,197,173,81,157,99,46,203,224,90,49,46,127,45,218,39
128.888 14 WP_MOVED 16 360683.46875 4813622.5 215. 31
128.921 14 NAVIGATION 16 4 -3.5 59.5 0. 59.602852 116 96 43 0 0 0
128.938 14 GPS 3 36027821 481365525 2746 184580 1267 -93 0 12000720 31 0
128.938 14 SVINFO 1 8 0 1 36 83 133
128.988 14 CALIBRATION -87.541397 0
128.988 14 NAVIGATION 16 4 -6.5625 60. 0. 59.602852 116 96 43 0 0 0
128.988 14 ESTIMATOR 184.29187 -0.93
129.087 14 AIRSPEED 13.1 0. 0. 0.
129.087 14 ATTITUDE -0.001231 4.706601 -0.053317
129.172 14 NAVIGATION 16 4 -6.5625 60. 0. 60.357819 117 97 44 0 0 0
129.188 14 GPS 3 36027517 481365550 2746 184368 1269 -109 0 12000960 31 0
129.189 14 SVINFO 2 9 1 2 37 45 183
129.372 14 FBW_STATUS 2 0 1 12.5 0.268306
129.388 14 WP_MOVED 17 360654.59375 4813624.5 215. 31
129.423 14 NAVIGATION 16 4 -9.59375 60. 0. 60.762161 117 97 44 0 0 0
129.439 14 GPS 3 36027162 481365578 2746 184125 1271 -98 0 12001240 31 0
129.440 14 SVINFO 3 10 1 3 38 7 233
129.489 14 ESTIMATOR 183.932693 -0.98
129.589 14 ATTITUDE -0.001231 4.706309 -0.053317
129.639 14 DESIRED 0.000269 -0.054052 0. -74.380402 65.262764 185. -1.083612 13.
129.671 14 NAVIGATION 16 4 -13.15625 60. 0. 61.425457 117 97 44 0 0 0
129.689 14 IR_SENSORS 0 0 9 -17 265
129.689 14 GPS 3 36026858 481365603 2745 183918 1272 -125 0 12001480 31 0
129.788 14 SEGMENT 499.146088 19.33432 28.799999 57.
129.889 14 DL_VALUE 34 0.05
129.889 14 ENERGY 21 12.5 0.272256 3.403199 0.088964 1.112021
129.889 14 WP_MOVED 18 360289. 4813605. 220. 31
129.922 14 NAVIGATION 16 4 -16.1875 60.5 0. 62.628151 117 97 44 0 0 0
129.938 14 GPS 3 36026553 481365627 2745 183713 1273 -132 0 12001720 31 0
129.988 14 NAVIGATION 16 4 -19.21875 61. 0. 62.628151 117 97 44 0 0 0
129.988 14 ESTIMATOR 183.505981 -1.32
130.087 14 AIRSPEED 13.1 0. 0. 0.
130.088 14 ATTITUDE -0.001231 4.70554 -0.057087
130.171 14 NAVIGATION 16 4 -19.21875 61. 0. 63.955925 118 98 45 0 0 0
130.188 14 FBW_STATUS 2 0 1 12.5 0.280031
130.189 14 GPS 3 36026248 481365651 2745 183510 1274 -130 0 12001960 31 0
130.289 14 GPS_SOL 421 421 421 7
130.389 14 WP_MOVED 19 360289. 4813610. 500. 31
130.422 14 NAVIGATION 16 4 -22.28125 61. 0. 64.941925 118 98 45 0 0 0
130.439 14 GPS 3 36025892 481365680 2745 183275 1277 -136 0 12002240 31 0
130.439 14 SVINFO 0 7 0 0 36 86 84
130.490 14 ESTIMATOR 183.023743 -1.36
130.588 14 ATTITUDE 0.002528 4.70507 -0.053317
130.672 14 NAVIGATION 16 4 -25.84375 61.5 0. 66.709442 118 98 45 0 0 0
130.689 14 DESIRED -0.000198 -0.05263 0. -90.646271 66.565346 185. -1.057874 13.
130.689 14 GPS 3 36025586 481365704 2745 183076 1278 -136 0 12002480 31 0
130.690 14 SVINFO 1 8 1 1 37 81 134
130.888 14 IR_SENSORS 0 0 9 -16 265
130.888 14 WP_MOVED 20 360289. 4813620. 300. 31
130.922 14 NAVIGATION 16 4 -28.90625 61.5 0. 67.954552 118 98 45 0 0 0
130.939 14 GPS 3 36025280 481365728 2745 182879 1280 -119 0 12002720 31 0
130.940 14 SVINFO 2 9 1 2 38 42 184
130.989 14 SEGMENT 499.146088 19.33432 28.799999 57.
130.989 14 ENERGY 23 12.5 0.300864 3.760794 0.089491 1.118603
130.989 14 NAVIGATION 16 4 -31.9375 62. 0. 67.954552 118 98 45 0 0 0
130.989 14 ESTIMATOR 182.556213 -1.19
