1.887 14 FBW_STATUS 2 0 1 12.5 0.
1.904 14 DL_VALUE 10 1.
1.904 14 WP_MOVED 10 360452.8125 4813581. 260. 31
1.937 14 NAVIGATION 2 2 0. 0. 0. 0. 0 6 6 1 0 0
1.953 14 DESIRED 0. 0.00024 0. 0. 0. 235. 0. 13.
1.953 14 GPS 3 36028477 481359546 899 185000 0 32 0 18536240 31 0
2.003 14 ESTIMATOR 185.066971 0.32
2.104 14 ATTITUDE 0.0023 0. -0.000365
2.188 14 NAVIGATION 2 2 0. 0. 0. 0. 0 6 6 1 0 0
2.204 14 GPS 3 36028477 481359546 899 185000 0 33 0 18536480 31 0
2.404 14 WP_MOVED 11 360169.5 4813757.5 260. 31
2.438 14 NAVIGATION 2 2 0. 0. 0. 0. 0 6 6 1 0 0
2.454 14 GPS 3 36028477 481359546 899 185000 0 34 0 18536720 31 0
2.454 14 SVINFO 3 10 1 3 48 6 159
2.503 14 NAVIGATION 2 2 0. 0. 0. 0. 0 6 6 1 0 0
2.504 14 ESTIMATOR 185.142426 0.34
2.603 14 IR_SENSORS 0 0 23 -16 264
2.604 14 ENERGY 0 12.5 0. 0. 0. 0.
2.604 14 AIRSPEED 0. 0. 0. 0.
2.604 14 ATTITUDE 0.0023 0. -0.000365
2.687 14 NAVIGATION 2 2 0. 0. 0. 0. 0 7 7 1 0 0
2.706 14 FBW_STATUS 2 0 1 12.5 0.
2.706 14 GPS 3 36028477 481359546 899 185000 0 21 0 18536960 31 0
2.804 14 GPS_SOL 625 625 625 7
2.904 14 WP_MOVED 12 360287.59375 4813581. 260. 31
2.937 14 NAVIGATION 2 2 0. 0. 0. 0. 0 7 7 1 0 0
2.954 14 GPS 3 36028477 481359546 899 185000 0 26 0 18537240 31 0
3.004 14 DESIRED 0. 0.00024 0. 0. 0. 235. 0. 13.
3.005 14 ESTIMATOR 185.164536 0.26
3.105 14 ATTITUDE 0.0023 0. -0.000365
3.188 14 NAVIGATION 2 2 0. 0. 0. 0. 0 7 7 1 0 0
3.205 14 GPS 3 36028477 481359546 899 185000 0 18 0 18537480 31 0
3.403 14 CALIBRATION 0. 0
3.404 14 DL_VALUE 11 5.
3.404 14 WP_MOVED 13 360311.5 4813547. 260. 31
3.437 14 NAVIGATION 2 2 0. 0. 0. 0. 0 7 7 1 0 0
3.455 14 GPS 3 36028477 481359546 899 185000 0 6 0 18537720 31 0
3.455 14 SVINFO 0 7 0 0 46 79 10
3.504 14 NAVIGATION 2 2 0. 0. 0. 0. 0 7 7 1 0 0
3.505 14 ESTIMATOR 185.160126 0.06
3.604 14 AIRSPEED 0. 0. 0. 0.
3.605 14 ATTITUDE 0.0023 0. -0.000365
3.687 14 NAVIGATION 2 2 0. 0. 0. 0. 0 8 8 1 0 0
3.704 14 ENERGY 0 12.5 0. 0. 0. 0.
3.704 14 GPS 3 36028477 481359546 899 185000 0 0 0 18538000 31 0
3.705 14 SVINFO 1 8 1 1 47 38 60
3.804 14 NAVIGATION_REF 360284 4813595 31 185.
3.804 14 IR_SENSORS 0 0 23 -16 264
3.887 14 FBW_STATUS 2 0 1 12.5 0.
3.904 14 WP_MOVED 14 360300.6875 4813575.5 260. 31
3.937 14 NAVIGATION 2 2 0. 0. 0. 0. 0 8 8 1 0 0
3.954 14 GPS 3 36028477 481359546 899 185000 0 13 0 18538240 31 0
3.954 14 SVINFO 2 9 1 2 48 3 110
4.004 14 ESTIMATOR 185.096527 0.13
4.055 14 DESIRED 0. 0.00024 0. 0. 0. 235. 0. 13.
4.105 14 ATTITUDE 0.0023 0. -0.000365
4.187 14 NAVIGATION 2 2 0. 0. 0. 0. 0 8 8 1 0 0
4.204 14 GPS 3 36028477 481359546 899 185000 0 -2 0 18538480 31 0
4.404 14 WP_MOVED 15 360297.6875 4813554.5 260. 31
4.438 14 NAVIGATION 2 2 0. 0. 0. 0. 0 8 8 1 0 0
4.454 14 GPS 3 36028477 481359546 899 185000 0 -16 0 18538720 31 0
4.455 14 SVINFO 4 11 1 4 49 46 210
4.504 14 NAVIGATION 2 2 0. 0. 0. 0. 0 8 8 1 0 0
4.505 14 ESTIMATOR 185.067047 -0.16
4.604 14 AIRSPEED 0. 0. 0. 0.
4.604 14 ATTITUDE 0.0023 0. -0.000365
4.688 14 NAVIGATION 2 2 0. 0. 0. 0. 0 9 9 1 0 0
4.706 14 FBW_STATUS 2 0 1 12.5 0.
4.707 14 GPS 3 36028477 481359546 899 185000 0 -3 0 18538960 31 0
4.805 14 GPS_SOL 637 637 637 7
4.805 14 ENERGY 0 12.5 0. 0. 0. 0.
4.904 14 DL_VALUE 12 100.
4.904 14 WP_MOVED 16 361184. 4813643. 260. 31
4.937 14 NAVIGATION 2 2 0. 0. 0. 0. 0 9 9 1 0 0
4.953 14 GPS 3 36028477 481359546 899 185000 0 2 0 18539239 31 0
5.004 14 IR_SENSORS 0 0 23 -16 264
5.004 14 ESTIMATOR 185.009369 0.02
5.105 14 DESIRED 0. 0.00024 0. 0. 0. 235. 0. 13.
5.105 14 ATTITUDE 0.0023 0. -0.000365
5.187 14 NAVIGATION 2 2 0. 0. 0. 0. 0 9 9 1 0 0
5.204 14 GPS 3 36028477 481359546 899 185000 0 -9 0 18539480 31 0
5.204 14 SVINFO 0 7 0 0 47 76 11
5.403 14 WP_MOVED 17 361184. 4813643. 260. 31
5.437 14 NAVIGATION 2 2 0. 0. 0. 0. 0 9 9 1 0 0
5.454 14 GPS 3 36028477 481359546 899 185000 0 13 0 18539720 31 0
5.504 14 CALIBRATION 0. 0
5.504 14 NAVIGATION 2 2 0. 0. 0. 0. 0 9 9 1 0 0
5.504 14 ESTIMATOR 184.991211 0.13
5.604 14 AIRSPEED 0. 0. 0. 0.
5.604 14 ATTITUDE 0.0023 0. -0.000365
5.687 14 NAVIGATION 2 2 0. 0. 0. 0. 0 10 10 1 0 0
5.704 14 GPS 3 36028477 481359546 899 185000 0 10 0 18539960 31 0
5.787 14 COMMANDS 0,-17,7,0
5.888 14 FBW_STATUS 2 0 1 12.5 0.
5.904 14 ENERGY 0 12.5 0. 0. 0. 0.
5.905 14 WP_MOVED 18 360289. 4813605. 220. 31
5.937 14 NAVIGATION 2 2 0. 0. 0. 0. 0 10 10 1 0 0
5.955 14 GPS 3 36028477 481359546 899 185000 0 24 0 18540239 31 0
6.004 14 COMMANDS 0,-17,7,0
6.004 14 ESTIMATOR 185.031677 0.24
6.104 14 STATE_FILTER_STATUS 2 3 303
6.105 14 ATTITUDE 0.0023 0. -0.000365
6.154 14 DESIRED 0. 0.00024 0. 0. 0. 235. 0. 13.
6.188 14 NAVIGATION 2 2 0. 0. 0. 0. 0 10 10 1 0 0
6.206 14 IR_SENSORS 0 0 23 -16 264
6.206 14 GPS 3 36028477 481359546 899 185000 0 34 0 18540480 31 0
6.303 14 DATALINK_REPORT 9 1 514 529 0 0
6.303 14 PPRZ_MODE 2 1 2 0 0 6
6.404 14 ALIVE 179,209,69,119,115,11,176,21,181,244,80,210,55,176,198,136
6.404 14 DL_VALUE 13 1.
6.404 14 WP_MOVED 19 360289. 4813610. 500. 31
6.438 14 NAVIGATION 2 2 0. 0. 0. 0. 0 10 10 1 0 0
6.453 14 GPS 3 36028477 481359546 899 185000 0 18 0 18540720 31 0
6.504 14 NAVIGATION 2 2 0. 0. 0. 0. 0 10 10 1 0 0
6.505 14 ESTIMATOR 185.113785 0.18
6.604 14 AIRSPEED 0. 0. 0. 0.
6.605 14 ATTITUDE 0.0023 0. -0.000365
6.687 14 NAVIGATION 2 2 0. 0. 0. 0. 0 11 11 1 0 0
6.704 14 FBW_STATUS 2 0 1 12.5 0.
6.705 14 GPS 3 36028477 481359546 899 185000 0 21 0 18540960 31 0
6.804 14 GPS_SOL 648 648 648 7
6.904 14 WP_MOVED 20 360289. 4813620. 300. 31
6.937 14 NAVIGATION 2 2 0. 0. 0. 0. 0 11 11 1 0 0
6.955 14 GPS 3 36028477 481359546 899 185000 0 17 0 18541239 31 0
7.005 14 ENERGY 0 12.5 0. 0. 0. 0.
7.006 14 ESTIMATOR 185.126678 0.17
7.104 14 ATTITUDE 0.0023 0. -0.000365
7.186 14 NAVIGATION 2 2 0. 0. 0. 0. 0 11 11 1 0 0
7.187 14 SETTING 9 14 1.
7.188 14 DL_VALUE 9 1.
7.204 14 DESIRED 0. 0.00024 0. 0. 0. 235. 0. 13.
7.204 14 GPS 3 36028477 481359546 899 185000 0 15 0 18541480 31 0
7.205 14 SVINFO 1 8 0 1 48 32 62
7.241 14 WIND_INFO 14 5 0. 0. 0. 0.
7.404 14 IR_SENSORS 0 0 23 -16 264
7.404 14 WP_MOVED 21 360289. 4813625. 400. 31
7.437 14 NAVIGATION 2 2 0. 0. 0. 0. 0 11 11 1 0 0
7.455 14 GPS 3 36028477 481359546 899 185000 0 16 0 18541720 31 0
7.504 14 NAVIGATION 2 2 0. 0. 0. 0. 0 11 11 1 0 0
7.504 14 ESTIMATOR 185.121277 0.16
7.604 14 CALIBRATION 0. 0
7.604 14 AIRSPEED 0. 0. 0. 0.
7.604 14 ATTITUDE 0.0023 0. -0.000365
7.687 14 NAVIGATION 2 2 0. 0. 0. 0. 0 12 12 1 0 0
7.705 14 GPS 3 36028477 481359546 899 185000 0 -2 0 18541960 31 0
7.706 14 SVINFO 3 10 0 3 49 11 162
7.888 14 FBW_STATUS 2 0 1 12.5 0.
7.904 14 AUTOPILOT_VERSION 51500 v5.15_devel-179-g9a29798-dirty
7.904 14 DL_VALUE 14 0.
7.904 14 WP_MOVED 22 360289. 4813645. 250. 31
7.938 14 NAVIGATION 2 2 0. 0. 0. 0. 0 12 12 1 0 0
7.955 14 GPS 3 36028477 481359546 899 185000 0 4 0 18542239 31 0
7.971 14 BLOCK 3 14
7.971 14 NAVIGATION 3 0 0. 0. 0. 0. 0 0 0 1 0 0
8.004 14 ESTIMATOR 185.085312 0.04
8.103 14 ENERGY 0 12.5 0. 0. 0. 0.
8.104 14 ATTITUDE 0.0023 0. -0.000365
8.187 14 NAVIGATION 3 2 0. 0. 198.624115 0. 0 0 0 0 0 0
8.204 14 GPS 3 36028477 481359546 899 185000 0 0 0 18542480 31 0
8.254 14 DESIRED -0. 0.262039 0. -114.5 162.300003 235. 0. 13.
8.404 14 WP_MOVED 0 360326. 4813637. 260. 31
8.437 14 NAVIGATION 3 2 0. 0. 198.624115 0. 0 0 0 0 0 0
8.455 14 GPS 3 36028477 481359802 3599 184997 1063 8 0 18542720 31 0
8.504 14 NAVIGATION 3 2 0. 2.5 198.624115 0. 0 0 0 0 0 0
8.505 14 ESTIMATOR 185.051849 0.08
8.604 14 IR_SENSORS 0 0 27 -16 264
8.605 14 AIRSPEED 0. 0. 0. 0.
8.605 14 ATTITUDE 0.0023 6.283179 0.014652
8.687 14 TAKEOFF 22
8.688 14 NAVIGATION 3 2 0. 2.5 196.586594 2.5 1 1 1 0 0 0
8.704 14 FBW_STATUS 2 0 1 12.5 0.32117
8.705 14 GPS 3 36028477 481360102 3599 184986 1250 0 0 18542960 31 0
8.804 14 GPS_SOL 659 659 659 7
8.903 14 WP_MOVED 1 360284. 4813595. 260. 31
8.938 14 NAVIGATION 3 2 0. 5.5 194.155838 5.5 1 1 1 0 0 0
8.954 14 GPS 3 36028477 481360451 3599 184987 1246 -1 0 18543239 31 0
9.004 14 ESTIMATOR 185.033661 -0.01
9.104 14 ATTITUDE -0.051608 6.28208 0.068548
9.187 14 NAVIGATION 3 2 0. 9. 191.340378 9. 1 1 1 0 0 0
9.205 14 ENERGY 51 12.5 0.741786 9.272321 0.000554 0.006925
9.205 14 GPS 3 36028474 481360754 3595 185042 1264 20 0 18543480 31 0
9.206 14 SVINFO 2 9 0 2 49 0 113
9.304 14 DESIRED -0.282825 0.272457 0. -114.5 162.300003 235. 0. 13.
9.404 14 DL_VALUE 15 0.
9.405 14 WP_MOVED 2 360333.5 4813695. 260. 31
9.438 14 NAVIGATION 3 2 -0.03125 12. 188.926407 12.000041 1 1 1 0 0 0
9.454 14 GPS 3 36028467 481361065 3586 185185 1295 81 0 18543720 31 0
9.505 14 NAVIGATION 3 2 -0.0625 15. 188.926407 12.000041 1 1 1 0 0 0
9.505 14 ESTIMATOR 185.109924 0.81
9.604 14 AIRSPEED 0. 0. 0. 0.
9.604 14 ATTITUDE -0.179333 6.258752 0.147374
9.688 14 NAVIGATION 3 2 -0.0625 15. 186.529449 15.000131 2 2 2 0 0 0
9.704 14 CALIBRATION 0. 0
9.704 14 GPS 3 36028450 481361384 3570 185449 1333 119 0 18543960 31 0
9.803 14 IR_SENSORS 0 0 67 -73 247
9.888 14 FBW_STATUS 2 0 1 12.5 1.505746
9.904 14 WP_MOVED 3 360294.09375 4813785. 260. 31
9.937 14 NAVIGATION 3 2 -0.28125 18.5 183.641937 18.502138 2 2 2 0 0 0
9.954 14 GPS 3 36028415 481361769 3546 185941 1383 205 0 18544239 31 0
10.004 14 ESTIMATOR 185.721069 2.05
10.103 14 ATTITUDE -0.272549 6.189689 0.221985
10.187 14 NAVIGATION 3 2 -0.59375 22. 180.717255 22.008011 2 2 2 0 0 0
10.204 14 GPS 3 36028369 481362108 3521 186540 1425 257 0 18544480 31 0
10.304 14 ENERGY 88 12.5 1.627817 20.347708 0.002932 0.036647
10.354 14 DESIRED -0.321036 0.293974 0. -114.5 162.300003 235. 0. 13.
10.404 14 WP_MOVED 4 360416.3125 4813734. 260. 31
10.438 14 NAVIGATION 3 2 -1.0625 25.5 177.714111 25.522125 2 2 2 0 0 0
10.454 14 GPS 3 36028305 481362451 3494 187302 1453 340 0 18544720 31 0
10.455 14 SVINFO 0 7 0 0 48 69 14
10.505 14 NAVIGATION 3 2 -1.71875 29. 177.714111 25.522125 2 2 2 0 0 0
10.505 14 ESTIMATOR 187.044006 3.4
10.605 14 AIRSPEED 0. 0. 0. 0.
10.605 14 ATTITUDE -0.320631 6.099769 0.288792
10.687 14 NAVIGATION 3 2 -1.71875 29. 174.609558 29.050888 3 3 3 0 0 0
10.705 14 FBW_STATUS 2 0 1 12.5 1.627817
10.706 14 GPS 3 36028224 481362794 3466 188212 1467 391 0 18544960 31 0
10.787 14 COMMANDS 8524,77,-84,0
10.805 14 GPS_SOL 668 668 668 7
10.905 14 DL_VALUE 16 80.
10.906 14 WP_MOVED 5 360421. 4813583.5 260. 31
10.938 14 NAVIGATION 3 2 -2.5 32.5 171.441071 32.596012 3 3 3 0 0 0
10.954 14 GPS 3 36028107 481363189 3433 189425 1471 431 0 18545239 31 0
11.005 14 COMMANDS 8524,204,-277,0
11.006 14 IR_SENSORS 0 0 99 -95 230
11.006 14 ESTIMATOR 189.074402 4.31
11.104 14 STATE_FILTER_STATUS 2 3 424
11.105 14 ATTITUDE -0.325148 5.992125 0.322861
11.188 14 NAVIGATION 3 2 -3.65625 36.5 167.66626 36.682667 3 3 3 0 0 0
11.204 14 GPS 3 36027990 481363521 3404 190564 1468 476 0 18545480 31 0
11.304 14 PPRZ_MODE 2 1 2 0 0 6
11.404 14 DATALINK_REPORT 3 4 635 520 0 0
11.406 14 ALIVE 179,209,69,119,115,11,176,21,181,244,80,210,55,176,198,136
11.406 14 ENERGY 88 12.5 1.627817 20.347708 0.005916 0.073951
11.406 14 DESIRED -0.276394 0.294499 0. -114.5 162.300003 235. 0. 13.
11.407 14 WP_MOVED 6 360164.8125 4813664.5 260. 31
11.437 14 NAVIGATION 3 2 -4.84375 39.5 164.633942 39.795879 3 3 3 0 0 0
11.454 14 GPS 3 36027856 481363846 3376 191763 1461 486 0 18545720 31 0
11.504 14 NAVIGATION 3 2 -6.1875 43. 164.633942 39.795879 3 3 3 0 0 0
11.505 14 ESTIMATOR 191.528732 4.86
11.605 14 AIRSPEED 0. 0. 0. 0.
11.605 14 ATTITUDE -0.302593 5.893416 0.337394
11.687 14 NAVIGATION 3 2 -6.1875 43. 161.133759 43.442894 4 4 4 0 0 0
11.704 14 GPS 3 36027709 481364162 3349 193000 1452 513 0 18545960 31 0
11.803 14 CALIBRATION 0. 0
11.888 14 FBW_STATUS 2 0 1 12.5 1.627817
11.905 14 WP_MOVED 7 360558.40625 4813804.5 260. 31
11.938 14 NAVIGATION 3 2 -7.65625 46. 157.92807 46.632801 4 4 4 0 0 0
11.954 14 GPS 3 36027521 481364519 3320 194463 1442 514 0 18546239 31 0
12.004 14 ESTIMATOR 194.187347 5.14
12.104 14 ATTITUDE -0.255068 5.795134 0.327384
12.188 14 NAVIGATION 3 2 -9.5625 49.5 154.064011 50.415192 4 4 4 0 0 0
12.204 14 IR_SENSORS 0 0 103 -74 235
12.205 14 GPS 3 36027347 481364816 3297 195716 1434 506 0 18546480 31 0
12.404 14 DL_VALUE 17 0.
12.404 14 WP_MOVED 8 360461.40625 4813640. 215. 31
12.437 14 NAVIGATION 3 2 -11.28125 52.5 150.698883 53.698387 4 4 4 0 0 0
12.454 14 DESIRED -0.143698 0.28436 0. -114.5 162.300003 235. 0. 13.
12.454 14 GPS 3 36027164 481365106 3276 196957 1427 512 0 18546720 31 0
12.454 14 SVINFO 1 8 0 1 49 23 65
12.505 14 ENERGY 88 12.5 1.627817 20.347708 0.0089 0.111255
12.505 14 NAVIGATION 3 2 -13.125 55.5 150.698883 53.698387 4 4 4 0 0 0
12.505 14 ESTIMATOR 196.84024 5.12
12.603 14 AIRSPEED 0. 0. 0. 0.
12.604 14 ATTITUDE -0.195939 5.718806 0.310504
12.687 14 NAVIGATION 3 2 -13.125 55.5 147.251923 57.03083 5 5 5 0 0 0
12.703 14 FBW_STATUS 2 0 1 12.5 1.627817
12.704 14 GPS 3 36026972 481365389 3258 198179 1423 512 0 18546960 31 0
12.803 14 NAVIGATION_REF 360284 4813595 31 185.
12.804 14 GPS_SOL 676 676 676 7
12.903 14 WP_MOVED 9 360312.8125 4813652. 185. 31
12.938 14 NAVIGATION 3 2 -15.03125 58.5 143.765335 60.400234 5 5 5 0 0 0
12.954 14 GPS 3 36026739 481365711 3239 199576 1419 476 0 18547239 31 0
13.004 14 ESTIMATOR 199.456558 4.76
13.104 14 ATTITUDE -0.148826 5.654147 0.293952
13.187 14 NAVIGATION 3 2 -17.34375 61.5 139.999924 63.898792 5 5 5 0 0 0
13.204 14 GPS 3 36026532 481365981 3225 200749 1418 466 0 18547480 31 0
13.403 14 IR_SENSORS 0 0 95 -46 244
13.404 14 WP_MOVED 10 360452.8125 4813581. 260. 31
13.437 14 NAVIGATION 3 2 -19.4375 64.5 136.388123 67.365173 5 5 5 0 0 0
13.454 14 GPS 3 36026319 481366247 3214 201899 1419 446 0 18547720 31 0
13.505 14 DESIRED -0.074298 0.273839 0. -114.5 162.300003 235. 0. 13.
13.505 14 NAVIGATION 3 2 -21.5625 67. 136.388123 67.365173 5 5 5 0 0 0
13.506 14 ESTIMATOR 201.853531 4.46
13.604 14 ENERGY 88 12.5 1.627817 20.347708 0.011885 0.14856
13.605 14 AIRSPEED 0. 0. 0. 0.
13.605 14 ATTITUDE -0.106946 5.609538 0.279087
13.688 14 NAVIGATION 3 2 -21.5625 67. 133.114502 70.384239 6 6 6 0 0 0
13.703 14 GPS 3 36026102 481366510 3203 203031 1420 437 0 18547960 31 0
13.889 14 FBW_STATUS 2 0 1 12.5 1.627817
13.903 14 CALIBRATION 0. 0
13.904 14 DL_VALUE 18 1.
13.904 14 WP_MOVED 11 360169.5 4813757.5 260. 31
13.937 14 NAVIGATION 3 2 -23.71875 69.5 129.819397 73.435883 6 6 6 0 0 0
13.954 14 GPS 3 36025843 481366813 3193 204331 1423 466 0 18548239 31 0
13.954 14 SVINFO 0 7 0 0 49 64 16
14.004 14 ESTIMATOR 204.142273 4.66
14.104 14 ATTITUDE -0.077931 5.574517 0.269284
14.187 14 NAVIGATION 3 2 -26.3125 72.5 125.861336 77.127151 6 6 6 0 0 0
14.204 14 GPS 3 36025617 481367070 3186 205432 1426 460 0 18548480 31 0
14.404 14 WP_MOVED 12 360287.59375 4813581. 260. 31
14.437 14 NAVIGATION 3 2 -28.59375 75. 122.479279 80.265823 6 6 6 0 0 0
14.455 14 GPS 3 36025388 481367325 3180 206525 1429 455 0 18548720 31 0
14.505 14 NAVIGATION 3 2 -30.875 78. 122.479279 80.265823 6 6 6 0 0 0
14.506 14 ESTIMATOR 206.498413 4.55
14.553 14 DESIRED -0.035969 0.26738 0. -114.5 162.300003 235. 0. 13.
14.604 14 IR_SENSORS 0 0 91 -29 248
14.605 14 AIRSPEED 0. 0. 0. 0.
14.605 14 ATTITUDE -0.053575 5.551743 0.264415
14.688 14 NAVIGATION 3 2 -30.875 78. 118.741867 83.888412 7 7 7 0 0 0
14.704 14 FBW_STATUS 2 0 1 12.5 1.627817
14.705 14 ENERGY 88 12.5 1.627817 20.347708 0.014869 0.185864
14.706 14 GPS 3 36025156 481367579 3175 207613 1432 463 0 18548960 31 0
14.804 14 GPS_SOL 683 683 683 7
14.903 14 WP_MOVED 13 360311.5 4813547. 260. 31
14.936 14 NAVIGATION 3 2 -33.1875 80.5 115.33847 87.072731 7 7 7 0 0 0
14.954 14 GPS 3 36024883 481367873 3171 208879 1435 469 0 18549239 31 0
15.003 14 ESTIMATOR 208.839737 4.69
15.104 14 ATTITUDE -0.037635 5.534495 0.260857
15.188 14 NAVIGATION 3 2 -35.90625 83. 111.648865 90.433723 7 7 7 0 0 0
15.203 14 GPS 3 36024646 481368125 3167 209963 1437 468 0 18549480 31 0
15.404 14 DL_VALUE 19 0.
15.404 14 WP_MOVED 14 360300.6875 4813575.5 260. 31
15.437 14 NAVIGATION 3 2 -38.28125 86. 107.847061 94.1353 7 7 7 0 0 0
15.453 14 GPS 3 36024409 481368375 3164 211050 1439 473 0 18549720 31 0
15.504 14 NAVIGATION 3 2 -40.65625 88.5 107.847061 94.1353 7 7 7 0 0 0
15.504 14 ESTIMATOR 211.146011 4.73
15.604 14 DESIRED -0.0194 0.264849 0. -114.5 162.300003 235. 0. 13.
15.605 14 AIRSPEED 0. 0. 0. 0.
15.605 14 ATTITUDE -0.029276 5.523779 0.259568
15.687 14 NAVIGATION 4 0 -40.65625 88.5 0. 97.391891 8 0 0 0 0 0
15.704 14 GPS 3 36024169 481368625 3162 212138 1440 484 0 18549960 31 0
15.787 14 COMMANDS 8524,44,58,0
15.803 14 IR_SENSORS 0 0 90 -22 249
15.803 14 ENERGY 88 12.5 1.627817 20.347708 0.017854 0.223168
15.887 14 FBW_STATUS 2 0 1 12.5 1.627817
15.904 14 WP_MOVED 15 360297.6875 4813554.5 260. 31
15.938 14 NAVIGATION 4 0 -43.0625 91. 0. 100.674622 8 0 0 0 0 0
15.953 14 GPS 3 36023889 481368916 3160 213413 1442 472 0 18550239 31 0
16.004 14 COMMANDS 8524,4289,511,0
16.005 14 CALIBRATION 0. 1
16.005 14 ESTIMATOR 213.448166 4.72
16.104 14 STATE_FILTER_STATUS 2 3 355
16.104 14 ATTITUDE 0.002664 5.515433 0.263116
16.187 14 NAVIGATION 4 0 -45.875 94. 0. 104.596916 8 0 0 0 0 0
16.205 14 GPS 3 36023648 481369165 3159 214510 1443 460 0 18550480 31 0
16.304 14 PPRZ_MODE 2 3 2 2 0 6
16.403 14 ALIVE 179,209,69,119,115,11,176,21,181,244,80,210,55,176,198,136
16.404 14 WP_MOVED 16 361184. 4813643. 260. 31
16.437 14 NAVIGATION 4 0 -48.28125 96. 0. 107.457336 8 0 0 0 0 0
16.454 14 GPS 3 36023409 481369416 3163 215613 1443 462 0 18550720 31 0
16.503 14 DATALINK_REPORT 8 4 755 528 0 0
16.503 14 NAVIGATION 4 0 -50.65625 98.5 0. 107.457336 8 0 0 0 0 0
16.504 14 ESTIMATOR 215.713165 4.62
16.603 14 AIRSPEED 0. 0. 0. 0.
16.604 14 ATTITUDE 0.127259 5.521977 0.271504
16.654 14 DESIRED 0.567912 0.315761 0. -9.388733 154.249023 260. 1.362066 13.
16.687 14 NAVIGATION 4 0 -50.65625 98.5 0. 110.762383 9 1 1 0 0 0
16.704 14 FBW_STATUS 2 0 1 12.5 1.627817
16.705 14 GPS 3 36023175 481369670 3173 216727 1443 463 0 18550960 31 0
16.776 14 CIRCLE 49.5 100.099998 80.
16.804 14 GPS_SOL 689 689 689 7
16.904 14 DL_VALUE 20 0.
16.905 14 ENERGY 88 12.5 1.627817 20.347708 0.020838 0.260472
16.905 14 WP_MOVED 17 361184. 4813643. 260. 31
16.938 14 NAVIGATION 4 0 -53. 101. 0. 114.061386 9 1 1 0 0 0
16.953 14 GPS 3 36022910 481369976 3192 218040 1442 459 0 18551239 31 0
17.003 14 IR_SENSORS 0 0 96 45 244
17.004 14 ESTIMATOR 218.00235 4.59
17.104 14 ATTITUDE 0.270536 5.572372 0.293952
17.187 14 NAVIGATION 4 0 -55.625 104.5 0. 118.382393 9 1 1 0 0 0
17.204 14 GPS 3 36022695 481370247 3215 219179 1440 477 0 18551480 31 0
17.243 14 WIND_INFO 14 5 -1.4 3. 0. 11.2
17.403 14 WP_MOVED 18 360289. 4813605. 220. 31
17.437 14 NAVIGATION 4 0 -57.78125 107. 0. 121.604576 9 1 1 0 0 0
17.453 14 GPS 3 36022494 481370527 3243 220329 1439 499 0 18551720 31 0
17.503 14 NAVIGATION 4 0 -59.78125 110. 0. 121.604576 9 1 1 0 0 0
17.504 14 ESTIMATOR 220.344421 4.99
17.605 14 AIRSPEED 11.2 0. 0. 0.
17.605 14 ATTITUDE 0.408843 5.607053 0.321762
17.687 14 NAVIGATION 4 0 -59.78125 110. 0. 125.195038 10 2 2 0 0 0
17.704 14 DESIRED 0.572716 0.344853 0. -1.734077 161.541595 260. 1.189667 13.
17.704 14 GPS 3 36022311 481370819 3278 221488 1436 502 0 18551960 31 0
17.805 14 CIRCLE 49.5 100.099998 80.
17.888 14 FBW_STATUS 2 0 1 12.5 1.627817
17.904 14 WP_MOVED 19 360289. 4813610. 500. 31
17.938 14 NAVIGATION 4 0 -61.625 112.5 0. 128.27272 10 2 2 0 0 0
17.953 14 GPS 3 36022125 481371175 3327 222846 1434 494 0 18552239 31 0
18.004 14 ENERGY 88 12.5 1.627817 20.347708 0.023822 0.297775
18.004 14 ESTIMATOR 222.826767 4.94
18.105 14 CALIBRATION 0. 1
18.106 14 ATTITUDE 0.522869 5.795872 0.354527
18.187 14 NAVIGATION 4 0 -63.5 116. 0. 132.243149 10 2 2 0 0 0
18.204 14 IR_SENSORS 0 0 106 115 219
18.205 14 GPS 3 36021994 481371493 3375 224009 1432 491 0 18552480 31 0
18.404 14 DL_VALUE 21 0.
18.405 14 WP_MOVED 20 360289. 4813620. 300. 31
18.438 14 NAVIGATION 4 0 -64.84375 119.5 0. 135.959412 10 2 2 0 0 0
18.453 14 GPS 3 36021893 481371821 3429 225168 1430 489 0 18552720 31 0
18.504 14 NAVIGATION 4 0 -65.84375 122.5 0. 135.959412 10 2 2 0 0 0
18.505 14 ESTIMATOR 225.247971 4.89
18.604 14 AIRSPEED 11.2 0. 0. 0.
18.605 14 ATTITUDE 0.582479 6.027034 0.374519
18.687 14 NAVIGATION 4 0 -65.84375 122.5 0. 139.074249 11 3 3 0 0 0
18.704 14 FBW_STATUS 2 0 1 12.5 1.627817
18.704 14 GPS 3 36021825 481372157 3485 226324 1429 493 0 18552960 31 0
18.754 14 DESIRED 0.554842 0.360675 0. 4.753189 166.415329 260. 1.042561 13.
18.804 14 GPS_SOL 693 693 693 7
18.854 14 CIRCLE 49.5 100.099998 80.
18.904 14 WP_MOVED 21 360289. 4813625. 400. 31
18.937 14 NAVIGATION 4 0 -66.5 126. 0. 142.471924 11 3 3 0 0 0
18.954 14 GPS 3 36021789 481372556 3552 227670 1428 496 0 18553239 31 0
19.005 14 AUTOPILOT_VERSION 51500 v5.15_devel-179-g9a29798-dirty
19.005 14 ESTIMATOR 227.666473 4.96
19.105 14 ENERGY 88 12.5 1.627817 20.347708 0.026807 0.335079
19.105 14 ATTITUDE 0.578967 0.019216 0.37824
19.188 14 NAVIGATION 4 0 -66.875 130. 0. 146.192566 11 3 3 0 0 0
19.204 14 GPS 3 36021794 481372898 9 228825 1427 501 0 18553480 31 0
19.404 14 IR_SENSORS 0 0 107 117 218
19.405 14 WP_MOVED 22 360289. 4813645. 250. 31
19.438 14 NAVIGATION 4 0 -66.84375 133.5 0. 149.299484 11 3 3 0 0 0
19.454 14 GPS 3 36021833 481373239 64 229982 1427 491 0 18553720 31 0
19.504 14 NAVIGATION 4 0 -66.4375 137. 0. 149.299484 11 3 3 0 0 0
19.505 14 ESTIMATOR 230.097885 4.91
19.604 14 AIRSPEED 11.2 0. 0. 0.
19.605 14 ATTITUDE 0.542782 0.262763 0.367207
19.688 14 NAVIGATION 4 0 -66.4375 137. 0. 152.25946 12 4 4 0 0 0
19.704 14 GPS 3 36021903 481373574 118 231141 1426 471 0 18553960 31 0
19.803 14 DESIRED 0.505601 0.355596 0. 12.752178 171.160522 260. 0.897063 13.
19.888 14 FBW_STATUS 2 0 1 12.5 1.627817
19.905 14 DL_VALUE 22 0.
19.905 14 CIRCLE 49.5 100.099998 80.
19.906 14 WP_MOVED 0 360326. 4813637. 260. 31
19.938 14 NAVIGATION 4 0 -65.71875 140. 0. 154.657532 12 4 4 0 0 0
19.954 14 GPS 3 36022023 481373955 178 232496 1425 476 0 18554239 31 0
20.003 14 ESTIMATOR 232.465851 4.76
20.104 14 ATTITUDE 0.519246 0.500399 0.358201
20.188 14 NAVIGATION 4 0 -64.5 144. 0. 157.785461 12 4 4 0 0 0
20.204 14 CALIBRATION 0. 1
20.204 14 ENERGY 88 12.5 1.627817 20.347708 0.029791 0.372382
20.205 14 GPS 3 36022156 481374270 229 233658 1425 491 0 18554480 31 0
20.404 14 WP_MOVED 1 360284. 4813595. 260. 31
20.437 14 NAVIGATION 4 0 -63.1875 147. 0. 160.005188 12 4 4 0 0 0
20.454 14 GPS 3 36022315 481374572 278 234820 1424 512 0 18554720 31 0
20.505 14 NAVIGATION 4 0 -61.59375 150. 0. 160.005188 12 4 4 0 0 0
20.505 14 ESTIMATOR 234.867416 5.12
20.604 14 IR_SENSORS 0 0 105 101 225
20.605 14 AIRSPEED 11.2 0. 0. 0.
20.605 14 ATTITUDE 0.484761 0.697628 0.349361
20.688 14 NAVIGATION 4 0 -61.59375 150. 0. 162.153595 13 5 5 0 0 0
20.705 14 FBW_STATUS 2 0 1 12.5 1.627817
20.706 14 GPS 3 36022499 481374860 325 235982 1424 514 0 18554960 31 0
20.787 14 COMMANDS 8524,-16,11,0
20.804 14 GPS_SOL 697 697 697 7
20.853 14 DESIRED 0.425174 0.348222 0. 21.07604 174.880203 260. 0.753977 13.
20.904 14 WP_MOVED 2 360333.5 4813695. 260. 31
20.937 14 NAVIGATION 4 0 -59.75 153. 0. 164.253036 13 5 5 0 0 0
20.954 14 CIRCLE 49.5 100.099998 80.
20.954 14 GPS 3 36022741 481375177 377 237340 1423 506 0 18555239 31 0
21.005 14 COMMANDS 8524,-379,35,0
21.005 14 ESTIMATOR 237.377014 5.06
21.103 14 STATE_FILTER_STATUS 2 3 426
21.104 14 ATTITUDE 0.450125 0.886781 0.344307
21.188 14 NAVIGATION 4 0 -57.34375 156. 0. 166.205612 13 5 5 0 0 0
21.209 14 GPS 3 36022970 481375431 420 238508 1423 511 0 18555480 31 0
21.303 14 PPRZ_MODE 2 3 2 2 0 6
21.304 14 ENERGY 88 12.5 1.627817 20.347708 0.032775 0.409685
21.404 14 ALIVE 179,209,69,119,115,11,176,21,181,244,80,210,55,176,198,136
21.404 14 DL_VALUE 23 0.
21.404 14 WP_MOVED 3 360294.09375 4813785. 260. 31
21.437 14 NAVIGATION 4 0 -55.0625 158.5 0. 167.791916 13 5 5 0 0 0
21.454 14 GPS 3 36023216 481375668 460 239680 1422 511 0 18555720 31 0
21.504 14 NAVIGATION 4 0 -52.59375 161.5 0. 167.791916 13 5 5 0 0 0
21.505 14 ESTIMATOR 239.832321 5.11
21.603 14 DATALINK_REPORT 4 5 877 535 0 0
21.604 14 AIRSPEED 11.2 0. 0. 0.
21.604 14 ATTITUDE 0.389724 1.038469 0.336123
21.688 14 NAVIGATION 4 0 -52.59375 161.5 0. 169.848022 14 6 6 0 0 0
21.704 14 GPS 3 36023477 481375887 498 240858 1421 510 0 18555960 31 0
21.805 14 NAVIGATION_REF 360284 4813595 31 185.
21.805 14 IR_SENSORS 0 0 105 73 234
21.888 14 FBW_STATUS 2 0 1 12.5 1.627817
21.904 14 DESIRED 0.330917 0.337108 0. 30.177454 177.73143 260. 0.60503 13.
21.905 14 WP_MOVED 4 360416.3125 4813734. 260. 31
21.938 14 NAVIGATION 4 0 -50. 163. 0. 170.496338 14 6 6 0 0 0
21.954 14 GPS 3 36023797 481376123 539 242242 1420 514 0 18556239 31 0
22.005 14 CIRCLE 49.5 100.099998 80.
22.005 14 ESTIMATOR 242.299973 5.14
22.104 14 ATTITUDE 0.339452 1.176153 0.331351
22.188 14 NAVIGATION 4 0 -46.78125 166. 0. 172.465897 14 6 6 0 0 0
22.204 14 GPS 3 36024083 481376308 571 243435 1415 504 0 18556480 31 0
22.304 14 CALIBRATION 15.462567 2
22.403 14 ENERGY 75 12.5 1.288942 16.111776 0.035624 0.445295
22.404 14 WP_MOVED 5 360421. 4813583.5 260. 31
22.437 14 NAVIGATION 4 0 -43.90625 167.5 0. 173.158905 14 6 6 0 0 0
22.453 14 GPS 3 36024375 481376475 601 244623 1402 507 0 18556720 31 0
22.454 14 SVINFO 6 13 0 6 48 61 321
22.505 14 NAVIGATION 4 0 -41. 169.5 0. 173.158905 14 6 6 0 0 0
22.506 14 ESTIMATOR 244.759232 5.07
22.604 14 AIRSPEED 11.2 0. 0. 0.
22.605 14 ATTITUDE 0.296952 1.285786 0.319643
22.688 14 NAVIGATION 4 0 -41. 169.5 0. 174.388214 15 7 7 0 0 0
22.704 14 FBW_STATUS 2 0 1 12.5 1.100317
22.704 14 GPS 3 36024670 481376625 630 245788 1380 493 0 18556960 31 0
22.805 14 GPS_SOL 699 699 699 7
22.904 14 DL_VALUE 24 0.
22.905 14 WP_MOVED 6 360164.8125 4813664.5 260. 31
22.937 14 NAVIGATION 4 0 -38.03125 171. 0. 175.178131 15 7 7 0 0 0
22.956 14 DESIRED 0.207442 0.161366 0. 41.147926 179.662811 260. 0.42104 13.
22.957 14 GPS 3 36025015 481376778 662 247087 1344 454 0 18557239 31 0
23.004 14 IR_SENSORS 0 0 98 49 242
23.004 14 ESTIMATOR 247.169327 4.54
23.054 14 CIRCLE 49.5 100.099998 80.
23.104 14 ATTITUDE 0.257852 1.396913 0.29253
23.188 14 NAVIGATION 4 0 -34.59375 172. 0. 175.444366 15 7 7 0 0 0
23.205 14 GPS 3 36025308 481376891 688 248118 1306 410 0 18557480 31 0
23.403 14 WP_MOVED 7 360558.40625 4813804.5 260. 31
23.438 14 NAVIGATION 4 0 -31.65625 173.5 0. 176.364304 15 7 7 0 0 0
23.454 14 GPS 3 36025595 481376988 713 249046 1263 384 0 18557720 31 0
23.504 14 ENERGY 33 12.5 0.495703 6.196293 0.037261 0.465761
23.504 14 NAVIGATION 4 0 -28.78125 174.5 0. 176.364304 15 7 7 0 0 0
23.504 14 ESTIMATOR 249.220886 3.84
23.605 14 AIRSPEED 11.2 0. 0. 0.
23.605 14 ATTITUDE 0.206415 1.49314 0.245288
23.687 14 NAVIGATION 4 0 -28.78125 174.5 0. 176.85759 16 8 8 0 0 0
23.704 14 GPS 3 36025875 481377070 736 249849 1214 342 0 18557960 31 0
23.887 14 FBW_STATUS 2 0 1 12.5 0.278917
23.903 14 WP_MOVED 8 360461.40625 4813640. 215. 31
23.938 14 NAVIGATION 4 0 -26. 175. 0. 176.920883 16 8 8 0 0 0
23.954 14 GPS 3 36026190 481377149 761 250606 1155 266 0 18558239 31 0
23.954 14 SVINFO 5 12 1 5 48 88 271
24.004 14 DESIRED 0.09919 0.032069 0. 49.18087 180.099365 260. 0.297133 13.
24.004 14 ESTIMATOR 250.862 2.66
24.103 14 CIRCLE 49.5 100.099998 80.
24.103 14 ATTITUDE 0.15704 1.589799 0.196225
24.188 14 NAVIGATION 4 0 -22.84375 176. 0. 177.476303 16 8 8 0 0 0
24.204 14 IR_SENSORS 0 0 70 21 255
24.204 14 GPS 3 36026450 481377204 781 251090 1110 206 0 18558480 31 0
24.404 14 CALIBRATION 150. 0
24.404 14 DL_VALUE 25 0.
24.405 14 WP_MOVED 9 360312.8125 4813652. 185. 31
24.437 14 NAVIGATION 4 0 -20.28125 176.5 0. 177.661407 16 8 8 0 0 0
24.454 14 GPS 3 36026704 481377249 798 251424 1075 131 0 18558720 31 0
24.504 14 NAVIGATION 4 0 -17.71875 177. 0. 177.661407 16 8 8 0 0 0
24.505 14 ESTIMATOR 251.799728 1.31
24.603 14 ENERGY 17 12.5 0.209253 2.615666 0.037759 0.471987
24.604 14 AIRSPEED 11.2 0. 0. 0.
24.604 14 ATTITUDE 0.10931 1.663051 0.13755
24.688 14 NAVIGATION 4 0 -17.71875 177. 0. 177.884659 17 9 9 0 0 0
24.703 14 FBW_STATUS 2 0 1 12.5 0.209253
24.704 14 GPS 3 36026955 481377287 813 251624 1056 84 0 18558960 31 0
24.804 14 GPS_SOL 699 699 699 7
24.904 14 WP_MOVED 10 360452.8125 4813581. 260. 31
24.937 14 NAVIGATION 4 0 -15.1875 177.5 0. 178.14856 17 9 9 0 0 0
24.954 14 GPS 3 36027248 481377324 829 251715 1052 27 0 18559239 31 0
25.005 14 ESTIMATOR 252.081223 0.27
25.055 14 DESIRED 0.040961 0.020144 0. 56.629093 179.781708 260. 0.240063 13.
25.105 14 ATTITUDE 0.074326 1.713406 0.090901
25.154 14 CIRCLE 49.5 100.099998 80.
25.188 14 NAVIGATION 4 0 -12.28125 177.5 0. 177.924362 17 9 9 0 0 0
25.204 14 GPS 3 36027501 481377351 839 251700 1060 -6 0 18559480 31 0
25.404 14 IR_SENSORS 0 0 41 -1 262
25.404 14 WP_MOVED 11 360169.5 4813757.5 260. 31
25.437 14 NAVIGATION 4 0 -9.75 178. 0. 178.26683 17 9 9 0 0 0
25.455 14 GPS 3 36027757 481377374 847 251623 1073 -40 0 18559719 31 0
25.504 14 NAVIGATION 4 0 -7.1875 178.5 0. 178.26683 17 9 9 0 0 0
25.504 14 ESTIMATOR 251.916809 -0.4
25.604 14 AIRSPEED 11.2 0. 0. 0.
25.604 14 ATTITUDE 0.047624 1.736691 0.052501
25.687 14 NAVIGATION 4 0 -7.1875 178.5 0. 178.644653 18 10 10 0 0 0
25.704 14 ENERGY 20 12.5 0.24438 3.054753 0.038167 0.47708
25.704 14 GPS 3 36028018 481377395 854 251503 1090 -70 0 18559960 31 0
25.788 14 COMMANDS 1998,-78,-300,0
25.888 14 FBW_STATUS 2 0 1 12.5 0.263266
25.905 14 DL_VALUE 26 160.
25.905 14 WP_MOVED 12 360287.59375 4813581. 260. 31
25.938 14 NAVIGATION 4 0 -4.59375 178.5 0. 178.559097 18 10 10 0 0 0
25.954 14 GPS 3 36028329 481377417 859 251328 1113 -57 0 18560239 31 0
26.004 14 COMMANDS 2096,-62,-166,0
26.004 14 ESTIMATOR 251.501266 -0.57
26.104 14 STATE_FILTER_STATUS 2 3 302
26.105 14 DESIRED 0.027825 0.015785 0. 63.935272 178.786865 260. 0.247915 13.
26.105 14 ATTITUDE 0.032538 1.746801 0.025885
26.187 14 NAVIGATION 4 0 -1.46875 178.5 0. 178.506042 18 10 10 0 0 0
26.205 14 CIRCLE 49.5 100.099998 80.
26.205 14 GPS 3 36028600 481377434 863 251163 1134 -60 0 18560480 31 0
26.306 14 PPRZ_MODE 2 3 2 2 0 6
26.405 14 ALIVE 179,209,69,119,115,11,176,21,181,244,80,210,55,176,198,136
26.405 14 WP_MOVED 13 360311.5 4813547. 260. 31
26.437 14 NAVIGATION 4 0 1.25 179. 0. 179.004364 18 10 10 0 0 0
26.455 14 GPS 3 36028877 481377450 867 250993 1155 -77 0 18560719 31 0
26.504 14 CALIBRATION 91.567329 0
26.504 14 NAVIGATION 4 0 4. 179. 0. 179.004364 18 10 10 0 0 0
26.505 14 ESTIMATOR 251.115936 -0.77
26.604 14 IR_SENSORS 0 0 25 -10 264
26.605 14 AIRSPEED 11.2 0. 0. 0.
26.605 14 ATTITUDE 0.024971 1.749518 0.007149
26.687 14 NAVIGATION 4 0 4. 179. 0. 179.044693 19 11 11 0 0 0
26.704 14 DATALINK_REPORT 10 5 1001 535 0 0
26.704 14 FBW_STATUS 2 0 1 12.5 0.328874
26.705 14 GPS 3 36029159 481377465 869 250825 1175 -87 0 18560960 31 0
26.809 14 GPS_SOL 699 699 699 7
26.810 14 ENERGY 26 12.5 0.339423 4.242787 0.0387 0.483741
26.905 14 WP_MOVED 14 360300.6875 4813575.5 260. 31
26.938 14 NAVIGATION 4 0 6.84375 179. 0. 179.130783 19 11 11 0 0 0
26.955 14 GPS 3 36029494 481377481 873 250637 1199 -80 0 18561239 31 0
27.005 14 ESTIMATOR 250.669434 -0.8
27.104 14 ATTITUDE 0.028754 1.751155 -0.000365
27.154 14 DESIRED 0.037179 0.016648 0. 72.358704 176.764709 260. 0.273056 13.
27.188 14 NAVIGATION 4 0 10.21875 179. 0. 179.291443 19 11 11 0 0 0
27.204 14 GPS 3 36029785 481377493 875 250490 1216 -71 0 18561480 31 0
27.205 14 SVINFO 4 11 1 4 48 81 223
27.244 14 WIND_INFO 14 5 0.1 2.9 0. 11.8
27.254 14 CIRCLE 49.5 100.099998 80.
27.404 14 DL_VALUE 27 0.
27.404 14 WP_MOVED 15 360297.6875 4813554.5 260. 31
27.437 14 NAVIGATION 4 0 13.09375 179.5 0. 179.976929 19 11 11 0 0 0
27.454 14 GPS 3 36030081 481377504 878 250358 1232 -52 0 18561719 31 0
27.504 14 NAVIGATION 4 0 16.0625 179.5 0. 179.976929 19 11 11 0 0 0
27.505 14 ESTIMATOR 250.312851 -0.52
27.603 14 AIRSPEED 11.8 0. 0. 0.
27.603 14 ATTITUDE 0.036323 1.768296 -0.004125
27.688 14 NAVIGATION 4 0 16.0625 179.5 0. 180.217239 20 12 12 0 0 0
27.704 14 GPS 3 36030380 481377514 882 250244 1248 -48 0 18561960 31 0
27.704 14 SVINFO 6 13 1 6 47 52 324
27.807 14 IR_SENSORS 0 0 22 -6 264
27.886 14 FBW_STATUS 2 0 1 12.5 0.430876
27.904 14 ENERGY 31 12.5 0.430876 5.385947 0.039413 0.492661
27.905 14 WP_MOVED 16 361184. 4813643. 260. 31
27.938 14 NAVIGATION 4 0 19.0625 179.5 0. 180.509354 20 12 12 0 0 0
27.955 14 GPS 3 36030734 481377522 886 250137 1263 -27 0 18562239 31 0
28.004 14 ESTIMATOR 250.093597 -0.27
28.104 14 ATTITUDE 0.047681 1.7762 -0.000365
28.187 14 NAVIGATION 4 0 22.625 180. 0. 181.416351 20 12 12 0 0 0
28.204 14 DESIRED 0.076656 0.020221 0. 85.082359 171.751221 260. 0.297192 13.
28.204 14 GPS 3 36031040 481377526 891 250068 1274 -28 0 18562480 31 0
28.309 14 CIRCLE 49.5 100.099998 80.
28.403 14 WP_MOVED 17 361184. 4813643. 260. 31
28.437 14 NAVIGATION 4 0 25.65625 180. 0. 181.81926 20 12 12 0 0 0
28.454 14 GPS 3 36031348 481377528 897 250020 1283 -29 0 18562719 31 0
28.503 14 NAVIGATION 4 0 28.71875 180. 0. 181.81926 20 12 12 0 0 0
28.504 14 ESTIMATOR 249.98053 -0.29
28.604 14 CALIBRATION -13.974502 0
28.605 14 AIRSPEED 11.8 0. 0. 0.
28.605 14 ATTITUDE 0.062832 1.789899 0.003393
28.687 14 NAVIGATION 4 0 28.71875 180. 0. 182.276611 21 13 13 0 0 0
28.704 14 FBW_STATUS 2 0 1 12.5 0.473752
28.704 14 GPS 3 36031658 481377526 903 249993 1291 -22 0 18562960 31 0
28.812 14 GPS_SOL 697 697 697 7
28.904 14 DL_VALUE 28 0.32
28.905 14 WP_MOVED 18 360289. 4813605. 220. 31
28.938 14 NAVIGATION 4 0 31.8125 180. 0. 182.789597 21 13 13 0 0 0
28.954 14 GPS 3 36032021 481377519 912 249987 1299 -3 0 18563239 31 0
29.004 14 IR_SENSORS 0 0 26 3 264
29.004 14 ENERGY 35 12.5 0.49015 6.126872 0.040256 0.5032
29.004 14 ESTIMATOR 249.903687 -0.03
29.104 14 ATTITUDE 0.077982 1.812261 0.010902
29.188 14 NAVIGATION 4 0 35.4375 179.5 0. 182.964661 21 13 13 0 0 0
29.205 14 GPS 3 36032334 481377509 919 250002 1304 4 0 18563480 31 0
29.205 14 SVINFO 5 12 1 5 47 85 274
29.254 14 DESIRED 0.107802 0.026406 0. 95.336372 165.666962 260. 0.302889 13.
29.354 14 CIRCLE 49.5 100.099998 80.
29.404 14 WP_MOVED 19 360289. 4813610. 500. 31
29.437 14 NAVIGATION 4 0 38.625 179.5 0. 183.608658 21 13 13 0 0 0
29.455 14 GPS 3 36032648 481377493 928 250035 1308 24 0 18563719 31 0
29.505 14 NAVIGATION 4 0 41.71875 179.5 0. 183.608658 21 13 13 0 0 0
29.505 14 ESTIMATOR 249.959488 0.24
29.604 14 AIRSPEED 11.8 0. 0. 0.
29.605 14 ATTITUDE 0.09691 1.837728 0.018399
29.688 14 NAVIGATION 4 0 41.71875 179.5 0. 184.284302 22 14 14 0 0 0
29.704 14 GPS 3 36032962 481377472 937 250083 1310 17 0 18563960 31 0
29.888 14 FBW_STATUS 2 0 1 12.5 0.500912
29.905 14 WP_MOVED 20 360289. 4813620. 300. 31
29.938 14 NAVIGATION 4 0 44.84375 179. 0. 184.531738 22 14 14 0 0 0
29.955 14 GPS 3 36033328 481377441 951 250157 1312 42 0 18564239 31 0
30.004 14 ESTIMATOR 250.098526 0.42
30.105 14 AUTOPILOT_VERSION 51500 v5.15_devel-179-g9a29798-dirty
30.106 14 ENERGY 35 12.5 0.492477 6.155963 0.04117 0.514625
30.106 14 ATTITUDE 0.116014 1.875107 0.022556
30.139 14 SETTING 9 14 1.
30.139 14 DL_VALUE 9 1.
30.187 14 NAVIGATION 4 0 48.53125 179. 0. 185.462341 22 14 14 0 0 0
30.204 14 IR_SENSORS 0 0 30 15 263
30.205 14 GPS 3 36033640 481377407 962 250233 1311 52 0 18564480 31 0
30.316 14 DESIRED 0.145126 0.027727 0. 105.369774 157.35878 260. 0.297044 13.
30.405 14 DL_VALUE 29 0.
30.405 14 CIRCLE 49.5 100.099998 80.
30.406 14 WP_MOVED 21 360289. 4813625. 400. 31
30.436 14 NAVIGATION 4 0 51.65625 178.5 0. 185.824158 22 14 14 0 0 0
30.455 14 GPS 3 36033952 481377366 974 250316 1309 40 0 18564719 31 0
30.455 14 SVINFO 3 10 1 3 48 48 175
30.505 14 NAVIGATION 4 0 54.78125 178.5 0. 185.824158 22 14 14 0 0 0
30.505 14 ESTIMATOR 250.334641 0.4
30.604 14 AIRSPEED 11.8 0. 0. 0.
30.605 14 ATTITUDE 0.13495 1.914219 0.026311
30.687 14 NAVIGATION 4 0 54.78125 178.5 0. 186.716995 23 15 15 0 0 0
30.706 14 CALIBRATION -29.166119 0
30.707 14 FBW_STATUS 2 0 1 12.5 0.482826
30.707 14 GPS 3 36034262 481377318 988 250405 1307 36 0 18564960 31 0
30.787 14 COMMANDS 3338,-171,-6,0
30.806 14 NAVIGATION_REF 360284 4813595 31 185.
30.808 14 GPS_SOL 694 694 694 7
30.904 14 WP_MOVED 22 360289. 4813645. 250. 31
30.938 14 NAVIGATION 4 0 57.875 177.5 0. 186.696991 23 15 15 0 0 0
30.954 14 GPS 3 36034621 481377252 1006 250511 1304 38 0 18565239 31 0
31.004 14 COMMANDS 3325,131,-5,0
31.004 14 ESTIMATOR 250.515472 0.38
31.105 14 STATE_FILTER_STATUS 2 3 317
31.106 14 ATTITUDE 0.150062 1.966495 0.030063
31.187 14 NAVIGATION 4 0 61.4375 177. 0. 187.359451 23 15 15 0 0 0
31.204 14 ENERGY 34 12.5 0.477839 5.972993 0.042057 0.52571
31.205 14 GPS 3 36034927 481377186 1020 250603 1301 13 0 18565480 31 0
31.205 14 SVINFO 6 13 1 6 46 46 326
31.323 14 PPRZ_MODE 2 3 2 2 0 6
31.354 14 DESIRED 0.169737 0.031075 0. 114.076477 147.321594 260. 0.284536 13.
31.405 14 ALIVE 179,209,69,119,115,11,176,21,181,244,80,210,55,176,198,136
31.405 14 IR_SENSORS 0 0 31 26 262
31.405 14 WP_MOVED 0 360326. 4813637. 260. 31
31.437 14 NAVIGATION 4 0 64.53125 176.5 0. 187.926926 23 15 15 0 0 0
31.453 14 CIRCLE 49.5 100.099998 80.
31.454 14 GPS 3 36035230 481377112 1037 250695 1299 18 0 18565719 31 0
31.504 14 NAVIGATION 4 0 67.5625 175.5 0. 187.926926 23 15 15 0 0 0
31.505 14 ESTIMATOR 250.654922 0.18
31.604 14 AIRSPEED 11.8 0. 0. 0.
31.604 14 ATTITUDE 0.169298 2.016988 0.034269
31.687 14 NAVIGATION 4 0 67.5625 175.5 0. 188.055695 24 16 16 0 0 0
31.704 14 GPS 3 36035530 481377029 1054 250786 1297 1 0 18565960 31 0
31.805 14 DATALINK_REPORT 2 7 1128 548 0 0
31.889 14 FBW_STATUS 2 0 1 12.5 0.491403
31.905 14 DL_VALUE 30 0.01
31.905 14 WP_MOVED 1 360284. 4813595. 260. 31
31.937 14 NAVIGATION 4 0 70.53125 174.5 0. 188.215057 24 16 16 0 0 0
31.954 14 GPS 3 36035876 481376920 1077 250890 1296 1 0 18566239 31 0
31.955 14 SVINFO 2 9 0 2 48 10 126
32.003 14 ESTIMATOR 250.767059 0.01
32.105 14 ATTITUDE 0.176839 2.080886 0.034269
32.187 14 NAVIGATION 4 0 74. 174. 0. 189.081985 24 16 16 0 0 0
32.204 14 GPS 3 36036170 481376816 1094 250978 1296 -2 0 18566480 31 0
32.307 14 ENERGY 35 12.5 0.501271 6.265891 0.042953 0.536913
32.404 14 DESIRED 0.188535 0.032662 0. 120.995956 135.993286 260. 0.276988 13.
32.405 14 WP_MOVED 2 360333.5 4813695. 260. 31
32.438 14 NAVIGATION 4 0 76.9375 173. 0. 189.336685 24 16 16 0 0 0
32.454 14 GPS 3 36036460 481376703 1113 251066 1297 -15 0 18566719 31 0
32.455 14 SVINFO 4 11 1 4 47 86 226
32.504 14 CIRCLE 49.5 100.099998 80.
32.505 14 NAVIGATION 4 0 79.84375 171.5 0. 189.336685 24 16 16 0 0 0
32.505 14 ESTIMATOR 250.881805 -0.15
32.603 14 IR_SENSORS 0 0 32 32 262
32.603 14 AIRSPEED 11.8 0. 0. 0.
32.604 14 ATTITUDE 0.184367 2.137254 0.034269
32.631 14 BLOCK 15 14
32.631 14 NAVIGATION 15 0 79.84375 171.5 0. 189.336685 24 0 0 0 0 0
32.688 14 NAVIGATION 15 1 79.84375 171.5 4812167. 189.175247 25 1 0 0 0 0
32.704 14 FBW_STATUS 2 0 1 12.5 0.516973
32.704 14 GPS 3 36036746 481376580 1132 251154 1298 -20 0 18566960 31 0
32.705 14 SVINFO 5 12 0 5 46 82 276
32.819 14 CALIBRATION -49.622437 1
32.819 14 GPS_SOL 690 690 690 7
32.905 14 WP_MOVED 3 360294.09375 4813785. 260. 31
32.936 14 NAVIGATION 15 1 82.6875 170.5 4812165.5 189.492676 25 1 0 0 0 0
32.953 14 GPS 3 36037074 481376424 1157 251254 1295 -4 0 18567239 31 0
33.005 14 ESTIMATOR 250.971558 -0.04
33.103 14 ATTITUDE 0.249811 2.206479 0.016605
33.187 14 NAVIGATION 15 1 85.96875 168.5 4812164. 189.16362 25 1 0 0 0 0
33.205 14 GPS 3 36037344 481376280 1180 251310 1275 -26 0 18567480 31 0
33.404 14 DL_VALUE 31 0.1
33.404 14 ENERGY 8 12.5 0.091552 1.144399 0.043593 0.544908
33.404 14 WP_MOVED 4 360416.3125 4813734. 260. 31
33.438 14 NAVIGATION 15 1 88.6875 167.5 4812162.5 189.530273 25 1 0 0 0 0
33.454 14 DESIRED 0.42224 -0.214789 0. -1500. -4811995. 200. -1.531533 13.
33.454 14 GPS 3 36037599 481376125 1212 251297 1242 -44 0 18567719 31 0
33.505 14 NAVIGATION 15 1 91.25 166. 4812162.5 189.530273 25 1 0 0 0 0
33.506 14 ESTIMATOR 251.065994 -0.44
33.604 14 AIRSPEED 11.8 0. 0. 0.
33.604 14 ATTITUDE 0.369089 2.297469 -0.039871
33.688 14 NAVIGATION 15 1 91.25 166. 4812161. 189.426926 26 2 1 0 0 0
33.705 14 GPS 3 36037837 481375957 1252 251183 1213 -86 0 18567960 31 0
33.818 14 IR_SENSORS 0 0 5 88 250
33.888 14 FBW_STATUS 2 0 1 12.5 0.091552
33.904 14 WP_MOVED 5 360421. 4813583.5 260. 31
33.938 14 NAVIGATION 15 1 93.625 164. 4812159. 188.842896 26 2 1 0 0 0
33.955 14 GPS 3 36038093 481375741 1310 250904 1194 -138 0 18568239 31 0
33.955 14 SVINFO 3 10 1 3 47 54 177
34.004 14 ESTIMATOR 250.826233 -1.38
34.105 14 ATTITUDE 0.421603 2.449416 -0.099363
34.187 14 NAVIGATION 15 1 96.15625 162. 4812157. 188.387955 26 2 1 0 0 0
34.204 14 GPS 3 36038292 481375536 1356 250542 1190 -175 0 18568480 31 0
34.404 14 WP_MOVED 6 360164.8125 4813664.5 260. 31
34.437 14 NAVIGATION 15 1 98.15625 160. 4812155.5 187.708939 26 2 1 0 0 0
34.454 14 GPS 3 36038474 481375314 1407 250077 1195 -227 0 18568719 31 0
34.504 14 ENERGY 8 12.5 0.091552 1.144399 0.043761 0.547004
34.505 14 DESIRED 0.300721 -0.207326 0. -1500. -4811995. 200. -1.514906 13.
34.505 14 NAVIGATION 15 1 99.96875 158. 4812155.5 187.708939 26 2 1 0 0 0
34.505 14 ESTIMATOR 250.063904 -2.27
34.605 14 AIRSPEED 11.8 0. 0. 0.
34.606 14 ATTITUDE 0.397724 2.591222 -0.159142
34.688 14 NAVIGATION 15 1 99.96875 158. 4812153.5 186.969925 27 3 2 0 0 0
34.704 14 FBW_STATUS 2 0 1 12.5 0.091552
34.705 14 GPS 3 36038637 481375075 1456 249526 1206 -259 0 18568960 31 0
34.705 14 SVINFO 6 13 1 6 45 40 328
34.821 14 GPS_SOL 685 685 685 7
34.904 14 CALIBRATION -49.622437 1
34.904 14 DL_VALUE 32 0.
34.904 14 WP_MOVED 7 360558.40625 4813804.5 260. 31
34.937 14 NAVIGATION 15 1 101.625 155. 4812150.5 185.34465 27 3 2 0 0 0
34.954 14 GPS 3 36038806 481374777 1511 248794 1225 -263 0 18569239 31 0
35.004 14 IR_SENSORS 0 0 -27 74 254
35.004 14 ESTIMATOR 248.840485 -2.63
35.104 14 ATTITUDE 0.335402 2.738716 -0.200947
35.188 14 NAVIGATION 15 1 103.34375 152.5 4812147.5 184.217758 27 3 2 0 0 0
35.204 14 GPS 3 36038933 481374508 1547 248108 1242 -291 0 18569480 31 0
35.205 14 SVINFO 1 8 1 1 48 0 78
35.404 14 WP_MOVED 8 358784. 1600. 200. 31
35.437 14 NAVIGATION 15 1 104.5625 149.5 4812145. 182.437836 27 3 2 0 0 0
35.455 14 GPS 3 36039046 481374227 1582 247381 1260 -304 0 18569719 31 0
35.505 14 NAVIGATION 15 1 105.71875 147. 4812145. 182.437836 27 3 2 0 0 0
35.505 14 ESTIMATOR 247.422058 -3.04
35.555 14 DESIRED 0.203268 -0.221882 0. -1500. -4811995. 200. -1.444912 13.
35.605 14 ENERGY 8 12.5 0.091552 1.144399 0.043929 0.549101
35.606 14 AIRSPEED 11.8 0. 0. 0.
35.606 14 ATTITUDE 0.26544 2.838128 -0.225906
35.687 14 NAVIGATION 15 1 105.71875 147. 4812142. 181.067535 28 4 3 0 0 0
35.703 14 GPS 3 36039144 481373936 1613 246624 1278 -306 0 18569960 31 0
35.788 14 COMMANDS 852,-481,110,0
35.887 14 FBW_STATUS 2 0 1 12.5 0.091552
35.904 14 WP_MOVED 9 360312.8125 4813652. 185. 31
35.938 14 NAVIGATION 15 1 106.6875 144. 4812139. 179.215576 28 4 3 0 0 0
35.954 14 GPS 3 36039243 481373587 1646 245715 1299 -317 0 18570239 31 0
35.954 14 SVINFO 4 11 0 4 46 88 228
36.004 14 COMMANDS 852,-457,165,0
36.004 14 ESTIMATOR 245.843048 -3.17
36.103 14 STATE_FILTER_STATUS 2 3 338
36.104 14 ATTITUDE 0.212288 2.928134 -0.240496
36.188 14 NAVIGATION 15 1 107.6875 140.5 4812135.5 177.022171 28 4 3 0 0 0
36.204 14 IR_SENSORS 0 0 -41 36 260
36.205 14 GPS 3 36039315 481373280 1667 244921 1313 -327 0 18570480 31 0
36.205 14 SVINFO 5 12 1 5 45 78 278
36.324 14 PPRZ_MODE 2 3 2 0 0 6
36.404 14 ALIVE 179,209,69,119,115,11,176,21,181,244,80,210,55,176,198,136
36.404 14 DL_VALUE 33 0.15
36.405 14 WP_MOVED 10 360452.8125 4813581. 260. 31
36.437 14 NAVIGATION 15 1 108.40625 137.5 4812132.5 175.094727 28 4 3 0 0 0
36.455 14 GPS 3 36039377 481372968 1687 244121 1326 -342 0 18570719 31 0
36.456 14 SVINFO 6 13 1 6 44 37 329
36.504 14 NAVIGATION 15 1 109. 134. 4812132.5 175.094727 28 4 3 0 0 0
36.505 14 ESTIMATOR 244.179565 -3.42
36.603 14 DESIRED 0.12341 -0.232717 0. -1500. -4811995. 200. -1.350519 13.
36.604 14 AIRSPEED 11.8 0. 0. 0.
36.604 14 ATTITUDE 0.165913 2.986863 -0.246818
36.687 14 NAVIGATION 15 1 109. 134. 4812129. 172.733902 29 5 4 0 0 0
36.703 14 FBW_STATUS 2 0 1 12.5 0.091552
36.703 14 ENERGY 8 12.5 0.091552 1.144399 0.044097 0.551198
36.703 14 GPS 3 36039430 481372651 1705 243319 1338 -348 0 18570960 31 0
36.704 14 SVINFO 0 7 0 0 48 24 29
36.828 14 GPS_SOL 678 678 678 7
36.904 14 DATALINK_REPORT 5 8 1255 539 0 0
36.904 14 WP_MOVED 11 360169.5 4813757.5 260. 31
36.938 14 NAVIGATION 15 1 109.5625 131. 4812126.5 170.777466 29 5 4 0 0 0
36.953 14 GPS 3 36039480 481372276 1725 242388 1350 -345 0 18571239 31 0
37.004 14 CALIBRATION -49.622437 1
37.005 14 ESTIMATOR 242.436447 -3.45
37.103 14 ATTITUDE 0.127874 3.040125 -0.246818
37.188 14 NAVIGATION 15 1 110.0625 127.5 4812123. 168.433975 29 5 4 0 0 0
37.205 14 GPS 3 36039516 481371952 1737 241596 1358 -350 0 18571480 31 0
37.205 14 SVINFO 2 9 1 2 47 17 129
37.245 14 WIND_INFO 14 5 -0.6 0.8 0. 13.5
37.403 14 IR_SENSORS 0 0 -42 11 262
37.403 14 WP_MOVED 12 360287.59375 4813581. 260. 31
37.438 14 NAVIGATION 15 1 110.40625 124. 4812119.5 166.028732 29 5 4 0 0 0
37.454 14 GPS 3 36039545 481371626 1749 240811 1364 -355 0 18571719 31 0
37.454 14 SVINFO 3 10 0 3 46 60 179
37.505 14 NAVIGATION 15 1 110.6875 120.5 4812119.5 166.028732 29 5 4 0 0 0
37.506 14 ESTIMATOR 240.731995 -3.55
37.604 14 AIRSPEED 13.5 0. 0. 0.
37.605 14 ATTITUDE 0.093357 3.016731 -0.246219
37.654 14 DESIRED 0.062676 -0.240673 0. -1500. -4811995. 200. -1.247389 13.
37.687 14 NAVIGATION 15 1 110.6875 120.5 4812115.5 163.621429 30 6 5 0 0 0
37.705 14 GPS 3 36039568 481371298 1759 240035 1369 -342 0 18571960 31 0
37.829 14 ENERGY 8 12.5 0.091552 1.144399 0.044265 0.553295
37.887 14 FBW_STATUS 2 0 1 12.5 0.091552
37.905 14 DL_VALUE 34 0.05
37.905 14 WP_MOVED 13 360311.5 4813547. 260. 31
37.937 14 NAVIGATION 15 1 110.9375 117.5 4812113. 161.596344 30 6 5 0 0 0
37.955 14 GPS 3 36039589 481370914 1769 239140 1374 -335 0 18572239 31 0
38.004 14 ESTIMATOR 239.06459 -3.35
38.104 14 ATTITUDE 0.066649 3.050899 -0.242496
38.187 14 NAVIGATION 15 1 111.125 113.5 4812108.5 158.842743 30 6 5 0 0 0
38.204 14 GPS 3 36039603 481370584 1776 238382 1376 -336 0 18572480 31 0
38.404 14 WP_MOVED 14 360300.6875 4813575.5 260. 31
38.437 14 NAVIGATION 15 1 111.28125 110.5 4812106. 156.82399 30 6 5 0 0 0
38.453 14 GPS 3 36039613 481370253 1781 237631 1378 -337 0 18572719 31 0
38.504 14 NAVIGATION 15 1 111.375 107. 4812106. 156.82399 30 6 5 0 0 0
38.504 14 ESTIMATOR 237.479385 -3.37
38.604 14 IR_SENSORS 0 0 -41 -5 262
38.605 14 AIRSPEED 13.5 0. 0. 0.
38.605 14 ATTITUDE 0.04375 3.070823 -0.242496
38.687 14 NAVIGATION 15 1 111.375 107. 4812102.5 154.445435 31 7 6 0 0 0
38.704 14 FBW_STATUS 2 0 1 12.5 0.091552
38.705 14 DESIRED 0.018778 -0.24584 0. -1500. -4811995. 200. -1.124382 13.
38.705 14 GPS 3 36039621 481369922 1786 236885 1379 -322 0 18572960 31 0
38.706 14 SVINFO 1 8 1 1 47 0 80
38.805 14 GPS_SOL 670 670 670 7
38.903 14 ENERGY 8 12.5 0.091552 1.144399 0.044433 0.555391
38.904 14 WP_MOVED 15 360297.6875 4813554.5 260. 31
38.938 14 NAVIGATION 15 1 111.4375 103.5 4812098.5 152.087372 31 7 6 0 0 0
38.954 14 GPS 3 36039628 481369536 1790 236020 1380 -322 0 18573239 31 0
39.005 14 ESTIMATOR 235.927643 -3.22
39.104 14 CALIBRATION -49.622437 1
39.104 14 ATTITUDE 0.024682 3.085521 -0.242496
39.187 14 NAVIGATION 15 1 111.53125 100. 4812095. 149.797256 31 7 6 0 0 0
39.204 14 GPS 3 36039631 481369204 1793 235280 1380 -295 0 18573480 31 0
39.403 14 DL_VALUE 35 0.
39.403 14 WP_MOVED 16 361184. 4813643. 260. 31
39.438 14 NAVIGATION 15 1 111.5625 96.5 4812091.5 147.507431 31 7 6 0 0 0
39.454 14 GPS 3 36039634 481368873 1795 234542 1381 -299 0 18573719 31 0
39.455 14 SVINFO 4 11 1 4 45 89 230
39.505 14 NAVIGATION 15 1 111.5625 93. 4812091.5 147.507431 31 7 6 0 0 0
39.506 14 ESTIMATOR 234.455536 -2.99
39.604 14 AIRSPEED 13.5 0. 0. 0.
39.605 14 ATTITUDE 0.013254 3.092796 -0.242496
39.687 14 NAVIGATION 15 1 111.5625 93. 4812088. 145.241837 32 8 7 0 0 0
39.704 14 GPS 3 36039636 481368541 1796 233802 1381 -296 0 18573960 31 0
39.704 14 SVINFO 5 12 1 5 44 73 280
39.754 14 DESIRED 0.004961 -0.249016 0. -1500. -4811995. 200. -1.033666 13.
39.804 14 NAVIGATION_REF 360284 4813595 31 185.
39.805 14 IR_SENSORS 0 0 -41 -14 262
39.888 14 FBW_STATUS 2 0 1 12.5 0.091552
39.904 14 WP_MOVED 17 361184. 4813643. 260. 31
39.937 14 NAVIGATION 15 1 111.625 90. 4812085.5 143.388077 32 8 7 0 0 0
39.954 14 GPS 3 36039638 481368154 1797 232938 1381 -281 0 18574239 31 0
39.955 14 SVINFO 6 13 0 6 43 31 331
40.004 14 ENERGY 8 12.5 0.091552 1.144399 0.044601 0.557488
40.005 14 ESTIMATOR 232.978302 -2.81
40.103 14 ATTITUDE 0.005642 3.096629 -0.246219
40.187 14 NAVIGATION 15 1 111.65625 86. 4812081. 140.936569 32 8 7 0 0 0
40.204 14 GPS 3 36039639 481367823 1798 232194 1381 -303 0 18574480 31 0
40.404 14 WP_MOVED 18 360289. 4813605. 220. 31
40.438 14 NAVIGATION 15 1 111.65625 82.5 4812077.5 138.828552 32 8 7 0 0 0
40.453 14 GPS 3 36039640 481367491 1798 231448 1382 -289 0 18574719 31 0
40.505 14 NAVIGATION 15 1 111.65625 79.5 4812077.5 138.828552 32 8 7 0 0 0
40.505 14 ESTIMATOR 231.48465 -2.89
40.604 14 AIRSPEED 13.5 0. 0. 0.
40.606 14 ATTITUDE 0.001839 3.098042 -0.246219
40.687 14 NAVIGATION 15 1 111.65625 79.5 4812074.5 137.067017 33 9 8 0 0 0
40.703 14 FBW_STATUS 2 0 1 12.5 0.091552
40.704 14 GPS 3 36039641 481367104 1798 230573 1382 -292 0 18575000 31 0
40.704 14 SVINFO 2 9 1 2 46 22 131
40.788 14 COMMANDS 852,-2,-43,0
40.805 14 GPS_SOL 661 661 661 7
40.805 14 DESIRED 0.0015 -0.249808 0. -1500. -4811995. 200. -0.944539 13.
40.903 14 DL_VALUE 36 0.
40.903 14 WP_MOVED 19 360289. 4813610. 500. 31
40.937 14 NAVIGATION 15 1 111.65625 75.5 4812070.5 134.786377 33 9 8 0 0 0
40.954 14 GPS 3 36039641 481366772 1799 229820 1383 -268 0 18575239 31 0
40.954 14 SVINFO 3 10 1 3 45 66 181
41.005 14 COMMANDS 852,0,8,0
41.006 14 IR_SENSORS 0 0 -43 -16 261
41.006 14 ESTIMATOR 229.941559 -2.68
41.107 14 STATE_FILTER_STATUS 2 3 320
41.107 14 ENERGY 8 12.5 0.091552 1.144399 0.044769 0.559585
41.107 14 ATTITUDE 0.001606 3.098958 -0.250551
41.187 14 NAVIGATION 15 1 111.65625 72.5 4812067.5 133.129135 33 9 8 0 0 0
41.204 14 AUTOPILOT_VERSION 51500 v5.15_devel-179-g9a29798-dirty
41.204 14 CALIBRATION -49.622437 1
41.204 14 GPS 3 36039642 481366439 1799 229065 1384 -265 0 18575480 31 0
41.205 14 SVINFO 4 11 1 4 44 89 231
41.304 14 PPRZ_MODE 2 3 2 0 0 6
41.403 14 ALIVE 179,209,69,119,115,11,176,21,181,244,80,210,55,176,198,136
41.404 14 WP_MOVED 20 360289. 4813620. 300. 31
41.437 14 NAVIGATION 15 1 111.65625 69. 4812064. 131.25592 33 9 8 0 0 0
41.454 14 GPS 3 36039642 481366107 1799 228307 1385 -268 0 18575719 31 0
41.504 14 NAVIGATION 15 1 111.65625 65.5 4812064. 131.25592 33 9 8 0 0 0
41.504 14 ESTIMATOR 228.492035 -2.68
41.604 14 AIRSPEED 13.5 0. 0. 0.
41.604 14 ATTITUDE 0.001606 3.099777 -0.250551
41.688 14 NAVIGATION 15 1 111.65625 65.5 4812060.5 129.450256 34 10 9 0 0 0
41.704 14 GPS 3 36039642 481365774 1799 227547 1386 -272 0 18575960 31 0
41.704 14 SVINFO 6 13 1 6 42 28 332
41.854 14 DESIRED 0.000635 -0.249833 0. -1500. -4811995. 200. -0.854761 13.
41.887 14 FBW_STATUS 2 0 1 12.5 0.091552
41.904 14 WP_MOVED 21 360289. 4813625. 400. 31
41.938 14 NAVIGATION 15 1 111.65625 62. 4812057. 127.714989 34 10 9 0 0 0
41.954 14 GPS 3 36039642 481365386 1799 226659 1387 -300 0 18576239 31 0
41.955 14 SVINFO 0 7 0 0 47 16 32
42.004 14 DATALINK_REPORT 5 9 1383 548 0 0
42.004 14 ESTIMATOR 226.965439 -3.
42.105 14 ATTITUDE 0.001606 3.100667 -0.250551
42.188 14 NAVIGATION 15 1 111.65625 58.5 4812053.5 126.05304 34 10 9 0 0 0
42.204 14 IR_SENSORS 0 0 -43 -16 261
42.204 14 ENERGY 8 12.5 0.091552 1.144399 0.044936 0.561682
42.204 14 GPS 3 36039642 481365053 1800 225898 1387 -320 0 18576480 31 0
42.404 14 DL_VALUE 37 0.
42.404 14 WP_MOVED 22 360289. 4813645. 250. 31
42.438 14 NAVIGATION 15 1 111.65625 55. 4812050. 124.467339 34 10 9 0 0 0
42.455 14 GPS 3 36039642 481364720 1800 225136 1388 -316 0 18576719 31 0
42.504 14 NAVIGATION 15 1 111.65625 52. 4812050. 124.467339 34 10 9 0 0 0
42.505 14 ESTIMATOR 225.283066 -3.16
42.603 14 AIRSPEED 13.5 0. 0. 0.
42.604 14 ATTITUDE 0.001606 3.101104 -0.250551
42.687 14 NAVIGATION 15 1 111.65625 52. 4812047. 123.171097 35 11 10 0 0 0
42.703 14 FBW_STATUS 2 0 1 12.5 0.091552
42.704 14 GPS 3 36039642 481364386 1800 224374 1388 -308 0 18576960 31 0
42.804 14 GPS_SOL 651 651 651 7
42.904 14 DESIRED 0.000202 -0.24977 0. -1500. -4811995. 200. -0.758492 13.
42.904 14 WP_MOVED 0 360326. 4813637. 260. 31
42.937 14 NAVIGATION 15 1 111.65625 48.5 4812043.5 121.734825 35 11 10 0 0 0
42.955 14 GPS 3 36039642 481363997 1800 223485 1389 -298 0 18577239 31 0
43.005 14 ESTIMATOR 223.639191 -2.98
43.104 14 ATTITUDE -0.00221 3.100941 -0.250551
43.187 14 NAVIGATION 15 1 111.65625 44.5 4812040. 120.197205 35 11 10 0 0 0
43.204 14 GPS 3 36039642 481363664 1799 222724 1389 -300 0 18577480 31 0
43.205 14 SVINFO 5 12 1 5 43 68 282
43.303 14 CALIBRATION -49.622437 1
43.304 14 ENERGY 8 12.5 0.091552 1.144399 0.045104 0.563778
43.405 14 IR_SENSORS 0 0 -43 -17 261
43.405 14 WP_MOVED 1 360284. 4813595. 260. 31
43.437 14 NAVIGATION 15 1 111.65625 41. 4812036.5 118.945862 35 11 10 0 0 0
43.456 14 GPS 3 36039642 481363330 1799 221963 1390 -288 0 18577719 31 0
43.504 14 NAVIGATION 15 1 111.65625 38. 4812036.5 118.945862 35 11 10 0 0 0
43.505 14 ESTIMATOR 222.06517 -2.88
43.604 14 AIRSPEED 13.5 0. 0. 0.
43.604 14 ATTITUDE 0.001606 3.100347 -0.250551
43.687 14 NAVIGATION 15 1 111.65625 38. 4812033. 117.945404 36 12 11 0 0 0
43.705 14 GPS 3 36039642 481362996 1799 221203 1390 -282 0 18577960 31 0
43.887 14 FBW_STATUS 2 0 1 12.5 0.091552
43.905 14 DL_VALUE 38 0.
43.905 14 WP_MOVED 2 360333.5 4813695. 260. 31
43.937 14 NAVIGATION 15 1 111.65625 34.5 4812030. 116.864746 36 12 11 0 0 0
43.955 14 DESIRED 0.000638 -0.249833 0. -1500. -4811995. 200. -0.63926 13.
43.956 14 GPS 3 36039643 481362607 1799 220317 1390 -296 0 18578239 31 0
43.957 14 SVINFO 1 8 1 1 46 0 83
44.004 14 ESTIMATOR 220.530014 -2.96
44.105 14 ATTITUDE 0.001606 3.100006 -0.250551
44.188 14 NAVIGATION 15 1 111.6875 30.5 4812025.5 115.777145 36 12 11 0 0 0
44.204 14 GPS 3 36039643 481362273 1799 219558 1390 -300 0 18578480 31 0
44.206 14 SVINFO 2 9 1 2 45 28 133
44.403 14 ENERGY 8 12.5 0.091552 1.144399 0.045272 0.565875
44.404 14 WP_MOVED 3 360294.09375 4813785. 260. 31
44.437 14 NAVIGATION 15 1 111.6875 27. 4812022. 114.904732 36 12 11 0 0 0
44.454 14 GPS 3 36039643 481361939 1799 218799 1390 -302 0 18578719 31 0
44.455 14 SVINFO 3 10 1 3 44 71 183
44.504 14 NAVIGATION 15 1 111.6875 24. 4812022. 114.904732 36 12 11 0 0 0
44.504 14 ESTIMATOR 218.933807 -3.02
44.604 14 IR_SENSORS 0 0 -43 -16 261
44.605 14 AIRSPEED 13.5 0. 0. 0.
44.605 14 ATTITUDE 0.001606 3.100044 -0.250551
44.688 14 NAVIGATION 15 1 111.6875 24. 4812019.5 114.237022 37 13 12 0 0 0
44.704 14 FBW_STATUS 2 0 1 12.5 0.097676
44.705 14 GPS 3 36039643 481361606 1799 218042 1391 -303 0 18578960 31 0
44.705 14 SVINFO 4 11 1 4 43 89 233
44.805 14 GPS_SOL 640 640 640 7
44.904 14 WP_MOVED 4 360416.3125 4813734. 260. 31
44.938 14 NAVIGATION 15 1 111.6875 20.5 4812016. 113.553284 37 13 12 0 0 0
44.954 14 GPS 3 36039644 481361216 1799 217160 1393 -306 0 18579239 31 0
44.954 14 SVINFO 5 12 1 5 42 65 283
45.004 14 DESIRED 0.000639 -0.208477 0. -1500. -4811995. 200. -0.54431 13.
45.004 14 ESTIMATOR 217.328079 -3.06
45.103 14 ATTITUDE -0.001963 3.100043 -0.246219
45.187 14 NAVIGATION 15 1 111.6875 16.5 4812011.5 112.899727 37 13 12 0 0 0
45.204 14 GPS 3 36039644 481360880 1799 216409 1397 -301 0 18579480 31 0
45.206 14 SVINFO 6 13 1 6 41 22 334
45.404 14 CALIBRATION -70.861649 2
45.405 14 DL_VALUE 39 0.
45.405 14 WP_MOVED 5 360421. 4813583.5 260. 31
45.438 14 NAVIGATION 15 1 111.6875 13.5 4812008.5 112.500435 37 13 12 0 0 0
45.455 14 GPS 3 36039645 481360544 1799 215670 1402 -276 0 18579719 31 0
45.456 14 SVINFO 0 7 0 0 46 12 34
45.505 14 ENERGY 16 12.5 0.189132 2.364148 0.045507 0.568815
45.505 14 NAVIGATION 15 1 111.6875 10. 4812008.5 112.500435 37 13 12 0 0 0
45.506 14 ESTIMATOR 215.745071 -2.76
45.603 14 AIRSPEED 13.5 0. 0. 0.
45.604 14 ATTITUDE -0.001963 3.099922 -0.235036
45.687 14 NAVIGATION 15 1 111.6875 10. 4812005. 112.134285 38 14 13 0 0 0
45.703 14 GPS 3 36039645 481360149 1799 214831 1410 -284 0 18580000 31 0
45.704 14 SVINFO 1 8 0 1 45 1 84
45.788 14 COMMANDS 1799,-8,933,0
45.804 14 IR_SENSORS 0 0 -37 -17 262
45.888 14 FBW_STATUS 2 0 1 12.5 0.228828
45.904 14 WP_MOVED 6 360164.8125 4813664.5 260. 31
45.937 14 NAVIGATION 15 1 111.6875 6. 4812001. 111.848549 38 14 13 0 0 0
45.955 14 GPS 3 36039646 481359808 1798 214142 1419 -276 0 18580239 31 0
46.004 14 COMMANDS 2035,21,1002,0
46.004 14 ESTIMATOR 214.250137 -2.76
46.053 14 DESIRED 0.001092 -0.136013 0. -1500. -4811995. 200. -0.449925 13.
46.104 14 STATE_FILTER_STATUS 2 3 314
46.104 14 ATTITUDE -0.001717 3.099842 -0.215831
46.188 14 NAVIGATION 15 1 111.71875 2.5 4811997.5 111.746719 38 14 13 0 0 0
46.204 14 GPS 3 36039647 481359466 1798 213492 1427 -276 0 18580480 31 0
46.304 14 PPRZ_MODE 2 3 2 0 0 6
46.404 14 ALIVE 179,209,69,119,115,11,176,21,181,244,80,210,55,176,198,136
46.404 14 WP_MOVED 7 360558.40625 4813804.5 260. 31
46.437 14 NAVIGATION 15 1 111.71875 -1. 4811994. 111.723228 38 14 13 0 0 0
46.454 14 GPS 3 36039647 481359121 1798 212891 1435 -240 0 18580719 31 0
46.504 14 NAVIGATION 15 1 111.71875 -4. 4811994. 111.723228 38 14 13 0 0 0
46.505 14 ESTIMATOR 212.862534 -2.4
46.604 14 ENERGY 27 12.5 0.359886 4.498569 0.045989 0.574833
46.605 14 AIRSPEED 13.5 0. 0. 0.
46.605 14 ATTITUDE -0.001473 3.099508 -0.181682
46.688 14 NAVIGATION 15 1 111.71875 -4. 4811991. 111.790337 39 15 14 0 0 0
46.705 14 FBW_STATUS 2 0 1 12.5 0.364746
46.705 14 GPS 3 36039648 481358774 1798 212347 1444 -222 0 18580960 31 0
46.805 14 GPS_SOL 629 629 629 7
46.904 14 DL_VALUE 40 0.
46.905 14 WP_MOVED 8 358784. 1600. 200. 31
46.938 14 NAVIGATION 15 1 111.71875 -7.5 4811987.5 111.970215 39 15 14 0 0 0
46.954 14 GPS 3 36039650 481358368 1798 211794 1453 -200 0 18581239 31 0
46.955 14 SVINFO 6 13 1 6 40 19 335
47.004 14 IR_SENSORS 0 0 -17 -16 264
47.005 14 ESTIMATOR 211.745911 -2.
47.103 14 DATALINK_REPORT 10 9 1508 525 0 0
47.104 14 DESIRED 0.002029 -0.071195 0. -1500. -4811995. 200. -0.368528 13.
47.104 14 ATTITUDE -0.001231 3.099376 -0.14381
47.188 14 NAVIGATION 15 1 111.71875 -12. 4811983. 112.361374 39 15 14 0 0 0
47.205 14 GPS 3 36039651 481358018 1798 211397 1458 -165 0 18581480 31 0
47.247 14 WIND_INFO 14 5 -1. 0.6 0. 13.8
47.404 14 WP_MOVED 9 360312.8125 4813652. 185. 31
47.436 14 NAVIGATION 15 1 111.78125 -15.5 4811979.5 112.850777 39 15 14 0 0 0
47.453 14 GPS 3 36039652 481357667 1797 211073 1460 -159 0 18581719 31 0
47.504 14 CALIBRATION -150. 2
47.505 14 NAVIGATION 15 1 111.78125 -19. 4811979.5 112.850777 39 15 14 0 0 0
47.505 14 ESTIMATOR 210.914032 -1.59
47.604 14 AIRSPEED 13.8 0. 0. 0.
47.604 14 ATTITUDE 0.002528 3.072463 -0.10236
47.687 14 NAVIGATION 15 1 111.78125 -19. 4811976. 113.384514 40 16 15 0 0 0
47.704 14 ENERGY 35 12.5 0.477662 5.970772 0.046775 0.584665
47.704 14 GPS 3 36039654 481357317 1797 210822 1459 -136 0 18581960 31 0
47.705 14 SVINFO 2 9 0 2 44 34 135
47.886 14 FBW_STATUS 2 0 1 12.5 0.495703
47.903 14 WP_MOVED 10 360452.8125 4813581. 260. 31
47.939 14 NAVIGATION 15 1 111.8125 -22.5 4811972.5 114.053871 40 16 15 0 0 0
47.954 14 GPS 3 36039655 481356909 1798 210618 1455 -84 0 18582239 31 0
47.954 14 SVINFO 3 10 0 3 43 76 185
48.004 14 ESTIMATOR 210.355408 -0.84
48.104 14 ATTITUDE 0.006288 3.072562 -0.068401
48.154 14 DESIRED 0.00251 -0.029409 0. -1500. -4811995. 200. -0.318143 13.
48.187 14 NAVIGATION 15 1 111.8125 -26.5 4811968.5 114.909897 40 16 15 0 0 0
48.204 14 IR_SENSORS 0 0 8 -15 265
48.205 14 GPS 3 36039656 481356561 1798 210513 1450 -60 0 18582480 31 0
48.205 14 SVINFO 4 11 0 4 42 88 235
48.404 14 DL_VALUE 41 0.
48.404 14 WP_MOVED 11 360169.5 4813757.5 260. 31
48.437 14 NAVIGATION 15 1 111.8125 -29.5 4811965.5 115.638596 40 16 15 0 0 0
48.454 14 GPS 3 36039657 481356215 1798 210466 1441 -42 0 18582719 31 0
48.454 14 SVINFO 5 12 1 5 41 60 285
48.504 14 NAVIGATION 15 1 111.8125 -33.5 4811965.5 115.638596 40 16 15 0 0 0
48.504 14 ESTIMATOR 210.186386 -0.42
48.604 14 AIRSPEED 13.8 0. 0. 0.
48.604 14 ATTITUDE 0.002528 3.072986 -0.034485
48.688 14 NAVIGATION 15 1 111.8125 -33.5 4811962. 116.723114 41 17 16 0 0 0
48.704 14 FBW_STATUS 2 0 1 12.5 0.520779
48.704 14 GPS 3 36039657 481355871 1799 210469 1431 -36 0 18582960 31 0
48.805 14 NAVIGATION_REF 360284 4813595 31 185.
48.805 14 GPS_SOL 616 616 616 7
48.805 14 ENERGY 37 12.5 0.522958 6.536971 0.047711 0.59636
48.903 14 WP_MOVED 12 360287.59375 4813581. 260. 31
48.937 14 NAVIGATION 15 1 111.8125 -37. 4811958.5 117.77536 41 17 16 0 0 0
48.955 14 GPS 3 36039658 481355474 1799 210524 1417 -2 0 18583239 31 0
48.955 14 SVINFO 0 7 0 0 45 8 36
49.004 14 ESTIMATOR 210.202179 -0.02
49.105 14 ATTITUDE 0.0023 3.072821 -0.011653
49.188 14 NAVIGATION 15 1 111.8125 -40.5 4811955. 118.921341 41 17 16 0 0 0
49.204 14 DESIRED 0.000655 -0.019809 0. -1500. -4811995. 200. -0.306065 13.
49.204 14 GPS 3 36039658 481355136 1799 210603 1405 11 0 18583480 31 0
49.205 14 SVINFO 1 8 1 1 44 3 86
49.402 14 IR_SENSORS 0 0 22 -17 264
49.403 14 WP_MOVED 13 360311.5 4813547. 260. 31
49.438 14 NAVIGATION 15 1 111.8125 -44. 4811951.5 120.158379 41 17 16 0 0 0
49.455 14 GPS 3 36039659 481354802 1799 210700 1392 26 0 18583719 31 0
49.455 14 SVINFO 2 9 1 2 43 37 136
49.505 14 NAVIGATION 15 1 111.84375 -47.5 4811951.5 120.158379 41 17 16 0 0 0
49.505 14 ESTIMATOR 210.424271 0.26
49.605 14 CALIBRATION -133.610474 2
49.605 14 AIRSPEED 13.8 0. 0. 0.
49.605 14 ATTITUDE 0.0023 3.071615 -0.000365
49.687 14 NAVIGATION 15 1 111.84375 -47.5 4811948. 121.512444 42 18 17 0 0 0
49.704 14 GPS 3 36039659 481354471 1799 210807 1378 32 0 18583960 31 0
49.705 14 SVINFO 3 10 1 3 42 78 186
49.888 14 FBW_STATUS 2 0 1 12.5 0.463479
49.903 14 DL_VALUE 42 0.6
49.903 14 ENERGY 33 12.5 0.463479 5.793485 0.048627 0.607804
49.903 14 WP_MOVED 14 360300.6875 4813575.5 260. 31
49.936 14 NAVIGATION 15 1 111.84375 -51. 4811944. 122.922836 42 18 17 0 0 0
49.954 14 GPS 3 36039660 481354090 1799 210931 1361 28 0 18584239 31 0
49.954 14 SVINFO 4 11 0 4 41 88 236
50.005 14 ESTIMATOR 210.72287 0.28
50.103 14 ATTITUDE 0.0023 3.069732 0.003393
50.187 14 NAVIGATION 15 1 111.84375 -54.5 4811940.5 124.415733 42 18 17 0 0 0
50.204 14 GPS 3 36039660 481353766 1799 211027 1348 24 0 18584480 31 0
50.205 14 SVINFO 5 12 1 5 40 57 286
50.254 14 DESIRED 0.001047 -0.032754 0. -1500. -4811995. 200. -0.321686 13.
50.404 14 WP_MOVED 15 360297.6875 4813554.5 260. 31
50.438 14 NAVIGATION 15 1 111.84375 -58. 4811937. 125.98819 42 18 17 0 0 0
50.455 14 GPS 3 36039661 481353445 1799 211108 1336 0 0 18584719 31 0
50.456 14 SVINFO 6 13 1 6 39 14 337
50.504 14 NAVIGATION 15 1 111.84375 -61. 4811937. 125.98819 42 18 17 0 0 0
50.505 14 ESTIMATOR 210.96312 0.
50.605 14 IR_SENSORS 0 0 22 -16 264
50.605 14 AIRSPEED 13.8 0. 0. 0.
50.606 14 ATTITUDE 0.0023 3.068442 -0.004125
50.688 14 NAVIGATION 15 1 111.84375 -61. 4811934.5 127.39711 43 19 18 0 0 0
50.704 14 FBW_STATUS 2 0 1 12.5 0.414427
50.704 14 GPS 3 36039661 481353127 1799 211168 1324 -20 0 18584960 31 0
50.788 14 COMMANDS 2934,-9,-369,0
50.805 14 GPS_SOL 603 603 603 7
50.904 14 WP_MOVED 16 361184. 4813643. 260. 31
50.938 14 NAVIGATION 15 1 111.84375 -64.5 4811930.5 129.109543 43 19 18 0 0 0
50.954 14 GPS 3 36039662 481352759 1798 211209 1313 -49 0 18585239 31 0
51.004 14 COMMANDS 2937,-9,-340,0
51.004 14 ENERGY 30 12.5 0.410809 5.135115 0.04941 0.617599
51.005 14 ESTIMATOR 211.028259 -0.49
51.105 14 STATE_FILTER_STATUS 2 3 299
51.105 14 ATTITUDE 0.0023 3.067202 -0.015421
51.187 14 NAVIGATION 15 1 111.875 -68. 4811927. 130.919876 43 19 18 0 0 0
51.205 14 GPS 3 36039663 481352445 1798 211217 1308 -51 0 18585480 31 0
51.305 14 PPRZ_MODE 2 3 2 0 0 6
51.305 14 DESIRED 0.001004 -0.040308 0. -1500. -4811995. 200. -0.330848 13.
51.404 14 ALIVE 179,209,69,119,115,11,176,21,181,244,80,210,55,176,198,136
51.404 14 DL_VALUE 43 12000.
51.404 14 WP_MOVED 17 361184. 4813643. 260. 31
51.438 14 NAVIGATION 15 1 111.875 -71. 4811924.5 132.502884 43 19 18 0 0 0
51.454 14 GPS 3 36039663 481352132 1798 211202 1305 -46 0 18585719 31 0
51.504 14 NAVIGATION 15 1 111.875 -74. 4811924.5 132.502884 43 19 18 0 0 0
51.504 14 ESTIMATOR 210.946564 -0.46
51.604 14 AIRSPEED 13.8 0. 0. 0.
51.604 14 ATTITUDE 0.0023 3.066514 -0.026734
51.688 14 NAVIGATION 15 1 111.875 -74. 4811921. 134.134323 44 20 19 0 0 0
51.705 14 CALIBRATION -106.562698 2
51.705 14 GPS 3 36039664 481351819 1798 211165 1304 -57 0 18585960 31 0
51.804 14 IR_SENSORS 0 0 15 -16 265
51.889 14 FBW_STATUS 2 0 1 12.5 0.42636
51.904 14 WP_MOVED 18 360289. 4813605. 220. 31
51.938 14 NAVIGATION 15 1 111.875 -77.5 4811918. 136.096527 44 20 19 0 0 0
51.954 14 GPS 3 36039664 481351453 1798 211098 1306 -63 0 18586239 31 0
51.955 14 SVINFO 5 12 1 5 39 54 287
52.005 14 ESTIMATOR 210.857819 -0.63
52.103 14 ENERGY 31 12.5 0.432615 5.407691 0.050179 0.627215
52.104 14 ATTITUDE 0.002528 3.066773 -0.034485
52.187 14 NAVIGATION 15 1 111.875 -81. 4811914.5 138.119568 44 20 19 0 0 0
52.205 14 DATALINK_REPORT 5 10 1636 541 0 0
52.206 14 GPS 3 36039665 481351139 1799 211024 1309 -58 0 18586480 31 0
52.206 14 SVINFO 6 13 1 6 38 12 338
52.305 14 AUTOPILOT_VERSION 51500 v5.15_devel-179-g9a29798-dirty
52.366 14 DESIRED 0.000998 -0.036072 0. -1500. -4811995. 200. -0.325735 13.
52.405 14 WP_MOVED 19 360289. 4813610. 500. 31
52.438 14 NAVIGATION 15 1 111.875 -84. 4811911. 139.900024 44 20 19 0 0 0
52.453 14 GPS 3 36039666 481350824 1799 210939 1313 -48 0 18586719 31 0
52.454 14 SVINFO 0 7 0 0 44 4 38
52.504 14 NAVIGATION 15 1 111.875 -87.5 4811911. 139.900024 44 20 19 0 0 0
52.505 14 ESTIMATOR 210.715714 -0.48
52.604 14 AIRSPEED 13.8 0. 0. 0.
52.605 14 ATTITUDE 0.002528 3.067336 -0.042014
52.687 14 NAVIGATION 15 1 111.875 -87.5 4811907.5 142.029099 45 21 20 0 0 0
52.704 14 FBW_STATUS 2 0 1 12.5 0.447813
52.705 14 GPS 3 36039666 481350507 1799 210847 1318 -45 0 18586960 31 0
52.705 14 SVINFO 1 8 0 1 43 6 88
52.805 14 GPS_SOL 589 589 589 7
52.904 14 DL_VALUE 44 1.5
52.904 14 WP_MOVED 20 360289. 4813620. 300. 31
52.937 14 NAVIGATION 15 1 111.875 -90.5 4811904.5 143.896713 45 21 20 0 0 0
52.954 14 GPS 3 36039667 481350136 1798 210736 1325 -61 0 18587239 31 0
52.954 14 SVINFO 2 9 1 2 42 43 138
53.004 14 IR_SENSORS 0 0 12 -16 265
53.004 14 ESTIMATOR 210.596146 -0.61
53.104 14 ATTITUDE 0.002528 3.067736 -0.042014
53.187 14 NAVIGATION 15 1 111.9375 -94. 4811901. 146.171143 45 21 20 0 0 0
53.204 14 ENERGY 33 12.5 0.463302 5.791277 0.051001 0.637481
53.205 14 GPS 3 36039667 481349817 1798 210640 1330 -57 0 18587480 31 0
53.205 14 SVINFO 3 10 1 3 41 82 188
53.403 14 DESIRED 0.001015 -0.029587 0. -1500. -4811995. 200. -0.317884 13.
53.404 14 WP_MOVED 21 360289. 4813625. 400. 31
53.437 14 NAVIGATION 15 1 111.9375 -97.5 4811897.5 148.446136 45 21 20 0 0 0
53.454 14 GPS 3 36039668 481349496 1798 210548 1335 -73 0 18587720 31 0
53.454 14 SVINFO 4 11 1 4 40 85 238
53.505 14 NAVIGATION 15 1 111.9375 -100.5 4811897.5 148.446136 45 21 20 0 0 0
53.506 14 ESTIMATOR 210.402069 -0.73
53.605 14 AIRSPEED 13.8 0. 0. 0.
53.605 14 ATTITUDE 0.002528 3.068258 -0.042014
53.688 14 NAVIGATION 15 1 111.9375 -100.5 4811894.5 150.433548 46 22 21 0 0 0
53.705 14 GPS 3 36039669 481349175 1798 210461 1340 -50 0 18587960 31 0
53.805 14 CALIBRATION -135.952225 2
53.887 14 FBW_STATUS 2 0 1 12.5 0.492656
53.903 14 WP_MOVED 22 360289. 4813645. 250. 31
53.937 14 NAVIGATION 15 1 111.9375 -103.5 4811892. 152.454102 46 22 21 0 0 0
53.953 14 GPS 3 36039669 481348798 1798 210371 1347 -40 0 18588239 31 0
54.005 14 ESTIMATOR 210.2117 -0.4
54.105 14 ATTITUDE -0.001231 3.068875 -0.038249
54.188 14 NAVIGATION 15 1 111.9375 -107.5 4811887.5 155.197464 46 22 21 0 0 0
54.204 14 IR_SENSORS 0 0 13 -17 265
54.204 14 GPS 3 36039670 481348473 1798 210304 1351 -34 0 18588480 31 0
54.205 14 SVINFO 0 7 0 0 43 3 39
54.303 14 ENERGY 36 12.5 0.504151 6.301883 0.051894 0.648646
54.404 14 DL_VALUE 45 1250.
54.404 14 WP_MOVED 0 360326. 4813637. 260. 31
54.438 14 NAVIGATION 15 1 111.96875 -110.5 4811884.5 157.312592 46 22 21 0 0 0
54.454 14 DESIRED 0.001038 -0.018896 0. -1500. -4811995. 200. -0.304834 13.
54.455 14 GPS 3 36039671 481348148 1798 210249 1354 -38 0 18588720 31 0
54.455 14 SVINFO 1 8 1 1 42 8 89
54.504 14 NAVIGATION 15 1 111.96875 -114. 4811884.5 157.312592 46 22 21 0 0 0
54.505 14 ESTIMATOR 210.120544 -0.38
54.604 14 AIRSPEED 13.8 0. 0. 0.
54.605 14 ATTITUDE -0.001231 3.068864 -0.034485
54.688 14 NAVIGATION 15 1 111.96875 -114. 4811881. 159.790482 47 23 22 0 0 0
54.704 14 FBW_STATUS 2 0 1 12.5 0.50974
54.704 14 GPS 3 36039671 481347822 1798 210207 1357 -43 0 18588960 31 0
54.704 14 SVINFO 2 9 0 2 41 47 139
54.805 14 GPS_SOL 574 574 574 7
54.905 14 WP_MOVED 1 360284. 4813595. 260. 31
54.937 14 NAVIGATION 15 1 111.96875 -117.5 4811877.5 162.306046 47 23 22 0 0 0
54.953 14 GPS 3 36039673 481347442 1798 210173 1359 -36 0 18589239 31 0
54.954 14 SVINFO 3 10 1 3 40 84 189
55.004 14 ESTIMATOR 210.018204 -0.36
55.103 14 ATTITUDE -0.001473 3.068513 -0.026734
55.187 14 NAVIGATION 15 1 111.96875 -121. 4811874. 164.857513 47 23 22 0 0 0
55.205 14 GPS 3 36039674 481347115 1798 210158 1360 -33 0 18589480 31 0
55.205 14 SVINFO 4 11 1 4 39 84 239
55.404 14 IR_SENSORS 0 0 17 -16 264
55.404 14 ENERGY 37 12.5 0.521687 6.521085 0.052835 0.660414
55.404 14 WP_MOVED 2 360333.5 4813695. 260. 31
55.438 14 NAVIGATION 15 1 111.96875 -124.5 4811870.5 167.443268 47 23 22 0 0 0
55.453 14 GPS 3 36039675 481346789 1798 210154 1360 -34 0 18589720 31 0
55.454 14 SVINFO 5 12 1 5 38 47 289
55.504 14 DESIRED 0.001899 -0.014827 0. -1500. -4811995. 200. -0.299618 13.
55.504 14 NAVIGATION 15 1 112. -127.5 4811870.5 167.443268 47 23 22 0 0 0
55.504 14 ESTIMATOR 209.968811 -0.34
55.604 14 AIRSPEED 13.8 0. 0. 0.
55.604 14 ATTITUDE 0.0023 3.068204 -0.01919
55.687 14 NAVIGATION 15 1 112. -127.5 4811867.5 169.70636 48 24 23 0 0 0
55.704 14 GPS 3 36039676 481346462 1798 210161 1360 -24 0 18589960 31 0
55.705 14 SVINFO 6 13 0 6 37 8 340
55.787 14 COMMANDS 3564,25,52,0
55.887 14 FBW_STATUS 2 0 1 12.5 0.521687
55.904 14 CALIBRATION -143.106964 0
55.904 14 DL_VALUE 46 0.
55.904 14 WP_MOVED 3 360294.09375 4813785. 260. 31
55.938 14 NAVIGATION 15 1 112. -131. 4811864. 172.351379 48 24 23 0 0 0
55.953 14 GPS 3 36039677 481346081 1797 210180 1359 -5 0 18590239 31 0
56.004 14 COMMANDS 3537,-3,8,0
56.004 14 ESTIMATOR 209.968277 -0.05
56.106 14 STATE_FILTER_STATUS 2 3 299
56.107 14 ATTITUDE 0.0023 3.067781 -0.015421
56.188 14 NAVIGATION 15 1 112. -134.5 4811860.5 175.026428 48 24 23 0 0 0
56.205 14 GPS 3 36039678 481345756 1797 210205 1357 -5 0 18590480 31 0
56.305 14 PPRZ_MODE 2 3 2 0 0 6
56.404 14 ALIVE 179,209,69,119,115,11,176,21,181,244,80,210,55,176,198,136
56.404 14 WP_MOVED 4 360416.3125 4813734. 260. 31
56.438 14 NAVIGATION 15 1 112.0625 -138. 4811857. 177.769531 48 24 23 0 0 0
56.455 14 GPS 3 36039679 481345430 1798 210235 1355 0 0 18590720 31 0
56.504 14 ENERGY 36 12.5 0.504331 6.304133 0.053785 0.672278
56.504 14 NAVIGATION 15 1 112.0625 -141. 4811857. 177.769531 48 24 23 0 0 0
56.504 14 ESTIMATOR 210.065826 0.
56.555 14 DESIRED 0.001894 -0.014863 0. -1500. -4811995. 200. -0.300595 13.
56.605 14 IR_SENSORS 0 0 20 -16 264
56.605 14 AIRSPEED 13.8 0. 0. 0.
56.605 14 ATTITUDE 0.0023 3.067902 -0.011653
56.687 14 NAVIGATION 15 1 112.0625 -141. 4811854. 180.108307 49 25 24 0 0 0
56.705 14 FBW_STATUS 2 0 1 12.5 0.498396
56.705 14 GPS 3 36039680 481345052 1798 210273 1352 17 0 18591000 31 0
56.804 14 GPS_SOL 559 559 559 7
56.905 14 WP_MOVED 5 360421. 4813583.5 260. 31
56.937 14 NAVIGATION 15 1 112.0625 -145. 4811850. 183.256668 49 25 24 0 0 0
56.954 14 GPS 3 36039681 481344728 1798 210306 1347 19 0 18591240 31 0
56.955 14 SVINFO 4 11 1 4 38 82 240
57.004 14 ESTIMATOR 210.198669 0.19
57.104 14 ATTITUDE 0.0023 3.06816 -0.011653
57.187 14 NAVIGATION 15 1 112.0625 -148. 4811847. 185.63945 49 25 24 0 0 0
57.205 14 GPS 3 36039682 481344406 1798 210338 1343 17 0 18591480 31 0
57.206 14 SVINFO 5 12 1 5 37 44 290
57.249 14 WIND_INFO 14 5 -0.8 0.7 0. 13.7
57.305 14 DATALINK_REPORT 0 11 1765 546 0 0
57.405 14 DL_VALUE 47 7500.
57.405 14 WP_MOVED 6 360164.8125 4813664.5 260. 31
57.437 14 NAVIGATION 15 1 112.0625 -151.5 4811843.5 188.44165 49 25 24 0 0 0
57.454 14 GPS 3 36039683 481344084 1798 210366 1338 30 0 18591720 31 0
57.454 14 SVINFO 6 13 0 6 36 6 341
57.504 14 NAVIGATION 15 1 112.09375 -154.5 4811843.5 188.44165 49 25 24 0 0 0
57.504 14 ESTIMATOR 210.326065 0.3
57.603 14 ENERGY 32 12.5 0.443084 5.538553 0.054657 0.683189
57.604 14 DESIRED 0.001452 -0.021494 0. -1500. -4811995. 200. -0.308093 13.
57.604 14 AIRSPEED 13.7 0. 0. 0.
57.604 14 ATTITUDE 0.0023 3.08218 -0.011653
57.687 14 NAVIGATION 15 1 112.09375 -154.5 4811840.5 190.880219 50 26 25 0 0 0
57.703 14 GPS 3 36039684 481343764 1798 210388 1333 21 0 18591960 31 0
57.704 14 SVINFO 0 7 0 0 42 1 41
57.804 14 NAVIGATION_REF 360284 4813595 31 185.
57.804 14 IR_SENSORS 0 0 20 -16 264
57.888 14 FBW_STATUS 2 0 1 12.5 0.427575
57.904 14 WP_MOVED 7 360558.40625 4813804.5 260. 31
57.936 14 NAVIGATION 15 1 112.09375 -157.5 4811838. 193.316467 50 26 25 0 0 0
57.954 14 GPS 3 36039685 481343393 1798 210403 1326 2 0 18592240 31 0
57.954 14 SVINFO 1 8 0 1 41 12 91
58.004 14 CALIBRATION -91.89357 2
58.005 14 ESTIMATOR 210.43808 0.02
58.104 14 ATTITUDE 0.0023 3.081719 -0.015421
58.187 14 NAVIGATION 15 1 112.09375 -161.5 4811833.5 196.589066 50 26 25 0 0 0
58.205 14 GPS 3 36039686 481343076 1798 210405 1321 -3 0 18592480 31 0
58.206 14 SVINFO 2 9 1 2 40 53 141
58.404 14 WP_MOVED 8 358784. 1600. 200. 31
58.437 14 NAVIGATION 15 1 112.125 -165. 4811830. 199.491898 50 26 25 0 0 0
58.453 14 GPS 3 36039687 481342760 1798 210397 1316 -12 0 18592720 31 0
58.454 14 SVINFO 3 10 1 3 39 86 191
58.503 14 NAVIGATION 15 1 112.125 -168. 4811830. 199.491898 50 26 25 0 0 0
58.504 14 ESTIMATOR 210.418396 -0.12
58.603 14 AIRSPEED 13.7 0. 0. 0.
58.604 14 ATTITUDE 0.0023 3.081401 -0.01919
58.655 14 DESIRED 0.001425 -0.025565 0. -1500. -4811995. 200. -0.312999 13.
58.687 14 NAVIGATION 15 1 112.125 -168. 4811827.5 201.98024 51 27 26 0 0 0
58.703 14 FBW_STATUS 2 0 1 12.5 0.407714
58.704 14 ENERGY 30 12.5 0.407886 5.098572 0.055428 0.692826
58.704 14 GPS 3 36039687 481342445 1798 210378 1312 -8 0 18592960 31 0
58.804 14 GPS_SOL 543 543 543 7
58.905 14 DL_VALUE 48 1500.
58.905 14 WP_MOVED 9 360312.8125 4813652. 185. 31
58.937 14 NAVIGATION 15 1 112.125 -171. 4811824.5 204.482315 51 27 26 0 0 0
58.954 14 GPS 3 36039688 481342078 1798 210343 1309 -14 0 18593240 31 0
59.004 14 IR_SENSORS 0 0 17 -16 264
59.005 14 ESTIMATOR 210.359879 -0.14
59.105 14 ATTITUDE -0.001473 3.080979 -0.022961
59.187 14 NAVIGATION 15 1 112.125 -174.5 4811821. 207.418091 51 27 26 0 0 0
59.205 14 GPS 3 36039689 481341764 1798 210302 1307 -22 0 18593480 31 0
59.405 14 WP_MOVED 10 360452.8125 4813581. 260. 31
59.438 14 NAVIGATION 15 1 112.125 -178. 4811817.5 210.37114 51 27 26 0 0 0
59.454 14 GPS 3 36039690 481341451 1798 210254 1306 -22 0 18593720 31 0
59.454 14 SVINFO 0 7 0 0 41 0 42
59.505 14 NAVIGATION 15 1 112.125 -181. 4811817.5 210.37114 51 27 26 0 0 0
59.506 14 ESTIMATOR 210.261429 -0.22
59.603 14 AIRSPEED 13.7 0. 0. 0.
59.604 14 ATTITUDE 0.0023 3.080519 -0.022961
59.688 14 NAVIGATION 15 1 112.125 -181. 4811814. 212.915512 52 28 27 0 0 0
59.704 14 DESIRED 0.001816 -0.021286 0. -1500. -4811995. 200. -0.307843 13.
59.704 14 GPS 3 36039691 481341137 1798 210199 1305 -20 0 18593960 31 0
59.705 14 SVINFO 1 8 1 1 40 14 92
59.804 14 ENERGY 30 12.5 0.403595 5.044937 0.056169 0.702079
59.889 14 FBW_STATUS 2 0 1 12.5 0.402567
59.904 14 WP_MOVED 11 360169.5 4813757.5 260. 31
59.938 14 NAVIGATION 15 1 112.15625 -184. 4811811. 215.487869 52 28 27 0 0 0
59.953 14 GPS 3 36039693 481340772 1798 210128 1305 -39 0 18594240 31 0
59.954 14 SVINFO 2 9 1 2 39 56 142
60.004 14 ESTIMATOR 210.147705 -0.39
60.103 14 CALIBRATION -72.725594 2
60.104 14 ATTITUDE 0.0023 3.080592 -0.026734
60.187 14 NAVIGATION 15 1 112.15625 -188. 4811807.5 218.913284 52 28 27 0 0 0
60.204 14 IR_SENSORS 0 0 16 -16 264
60.206 14 GPS 3 36039693 481340458 1798 210065 1306 -46 0 18594480 31 0
60.206 14 SVINFO 3 10 1 3 38 87 192
60.404 14 DL_VALUE 49 1.
60.404 14 WP_MOVED 12 360287.59375 4813581. 260. 31
60.437 14 NAVIGATION 15 1 112.15625 -191. 4811804. 221.49498 52 28 27 0 0 0
60.455 14 GPS 3 36039694 481340144 1798 210000 1307 -49 0 18594720 31 0
60.455 14 SVINFO 4 11 1 4 37 79 242
60.504 14 NAVIGATION 15 1 112.21875 -194. 4811804. 221.49498 52 28 27 0 0 0
60.505 14 ESTIMATOR 209.954681 -0.49
60.604 14 AIRSPEED 13.7 0. 0. 0.
60.604 14 ATTITUDE 0.0023 3.081327 -0.022961
60.687 14 NAVIGATION 15 1 112.21875 -194. 4811801. 224.118378 53 29 28 0 0 0
60.704 14 FBW_STATUS 2 0 1 12.5 0.424106
60.705 14 GPS 3 36039695 481339830 1798 209936 1309 -49 0 18594960 31 0
60.706 14 SVINFO 5 12 0 5 36 38 292
60.754 14 DESIRED 0.001408 -0.014692 0. -1500. -4811995. 200. -0.29864 13.
60.787 14 COMMANDS 3036,-6,99,0
60.804 14 GPS_SOL 528 528 528 7
60.904 14 ENERGY 31 12.5 0.429833 5.372909 0.05693 0.711591
60.904 14 WP_MOVED 13 360311.5 4813547. 260. 31
60.938 14 NAVIGATION 15 1 112.21875 -197. 4811798. 226.7202 53 29 28 0 0 0
60.956 14 GPS 3 36039695 481339463 1799 209866 1312 -59 0 18595240 31 0
60.956 14 SVINFO 6 13 1 6 35 3 343
61.004 14 COMMANDS 3072,-9,100,0
61.005 14 ESTIMATOR 209.769669 -0.59
61.104 14 STATE_FILTER_STATUS 2 3 297
61.105 14 ATTITUDE 0.0023 3.082479 -0.022961
61.187 14 NAVIGATION 15 1 112.21875 -201. 4811794. 230.204361 53 29 28 0 0 0
61.203 14 GPS 3 36039696 481339147 1799 209811 1314 -40 0 18595480 31 0
61.305 14 PPRZ_MODE 2 3 2 0 0 6
61.404 14 ALIVE 179,209,69,119,115,11,176,21,181,244,80,210,55,176,198,136
61.405 14 IR_SENSORS 0 0 18 -16 264
61.405 14 WP_MOVED 14 360300.6875 4813575.5 260. 31
61.438 14 NAVIGATION 15 1 112.21875 -204. 4811791. 232.828369 53 29 28 0 0 0
61.455 14 GPS 3 36039696 481338831 1799 209761 1316 -42 0 18595720 31 0
61.503 14 NAVIGATION 15 1 112.21875 -207.5 4811791. 232.828369 53 29 28 0 0 0
61.504 14 ESTIMATOR 209.619614 -0.42
61.604 14 AIRSPEED 13.7 0. 0. 0.
61.604 14 ATTITUDE 0.0023 3.083294 -0.01919
61.687 14 NAVIGATION 15 1 112.21875 -207.5 4811787.5 235.901031 54 30 29 0 0 0
61.704 14 GPS 3 36039696 481338515 1799 209719 1317 -55 0 18595960 31 0
61.804 14 DESIRED 0.000182 -0.01419 0. -1500. -4811995. 200. -0.288588 13.
61.888 14 FBW_STATUS 2 0 1 12.5 0.450445
61.903 14 DL_VALUE 50 0.3
61.904 14 WP_MOVED 15 360297.6875 4813554.5 260. 31
61.937 14 NAVIGATION 15 1 112.21875 -210. 4811785.5 238.103012 54 30 29 0 0 0
61.954 14 GPS 3 36039696 481338146 1799 209677 1319 -41 0 18596240 31 0
61.954 14 SVINFO 3 10 1 3 37 88 193
62.003 14 ENERGY 32 12.5 0.450621 5.63276 0.057739 0.721706
62.003 14 ESTIMATOR 209.49321 -0.41
62.105 14 ATTITUDE -0.001473 3.083621 -0.015421
62.187 14 NAVIGATION 15 1 112.21875 -214. 4811781. 241.63826 54 30 29 0 0 0
62.204 14 CALIBRATION -94.795975 0
62.204 14 GPS 3 36039696 481337829 1799 209647 1320 -30 0 18596480 31 0
62.204 14 SVINFO 4 11 0 4 36 77 243
62.403 14 DATALINK_REPORT 5 11 1894 539 0 0
62.403 14 WP_MOVED 16 361184. 4813643. 260. 31
62.437 14 NAVIGATION 15 1 112.21875 -217.5 4811777.5 244.743332 54 30 29 0 0 0
62.453 14 GPS 3 36039697 481337512 1799 209624 1321 -24 0 18596720 31 0
62.453 14 SVINFO 5 12 0 5 35 35 293
62.507 14 NAVIGATION 15 1 112.21875 -220.5 4811777.5 244.743332 54 30 29 0 0 0
62.509 14 ESTIMATOR 209.443863 -0.24
62.604 14 IR_SENSORS 0 0 19 -17 264
62.604 14 AIRSPEED 13.7 0. 0. 0.
62.605 14 ATTITUDE -0.001473 3.083145 -0.015421
62.687 14 NAVIGATION 15 1 112.21875 -220.5 4811775. 247.413208 55 31 30 0 0 0
62.704 14 FBW_STATUS 2 0 1 12.5 0.450972
62.704 14 GPS 3 36039697 481337195 1799 209605 1321 -9 0 18596960 31 0
62.704 14 SVINFO 6 13 1 6 34 2 344
62.804 14 GPS_SOL 512 512 512 7
62.855 14 DESIRED 0.000597 -0.014012 0. -1500. -4811995. 200. -0.283316 13.
62.904 14 WP_MOVED 17 361184. 4813643. 260. 31
62.937 14 NAVIGATION 15 1 112.21875 -223.5 4811772. 250.090576 55 31 30 0 0 0
62.954 14 GPS 3 36039698 481336825 1798 209588 1320 -7 0 18597240 31 0
62.955 14 SVINFO 0 7 0 0 40 0 44
63.004 14 ESTIMATOR 209.461823 -0.07
63.105 14 ENERGY 32 12.5 0.442035 5.525437 0.058563 0.73201
63.105 14 ATTITUDE -0.001473 3.082129 -0.011653
63.187 14 NAVIGATION 15 1 112.21875 -227. 4811768.5 253.223312 55 31 30 0 0 0
63.204 14 GPS 3 36039699 481336508 1798 209576 1319 -2 0 18597480 31 0
63.205 14 SVINFO 1 8 1 1 39 19 94
63.404 14 AUTOPILOT_VERSION 51500 v5.15_devel-179-g9a29798-dirty
63.404 14 DL_VALUE 51 1.
63.405 14 WP_MOVED 18 360289. 4813605. 220. 31
63.438 14 NAVIGATION 15 1 112.25 -230.5 4811765. 256.379242 55 31 30 0 0 0
63.453 14 GPS 3 36039700 481336192 1798 209565 1318 3 0 18597720 31 0
63.453 14 SVINFO 2 9 1 2 38 62 144
63.504 14 NAVIGATION 15 1 112.25 -233.5 4811765. 256.379242 55 31 30 0 0 0
63.504 14 ESTIMATOR 209.496765 0.03
63.604 14 AIRSPEED 13.7 0. 0. 0.
63.605 14 ATTITUDE -0.001473 3.081548 -0.011653
63.687 14 NAVIGATION 15 1 112.25 -233.5 4811761.5 259.079742 56 32 31 0 0 0
63.704 14 GPS 3 36039700 481335876 1798 209554 1316 2 0 18597960 31 0
63.804 14 IR_SENSORS 0 0 20 -17 264
63.894 14 FBW_STATUS 2 0 1 12.5 0.420298
63.904 14 DESIRED 0.001422 -0.014092 0. -1500. -4811995. 200. -0.284903 13.
63.904 14 WP_MOVED 19 360289. 4813610. 500. 31
63.938 14 NAVIGATION 15 1 112.25 -237. 4811758. 262.238556 56 32 31 0 0 0
63.955 14 GPS 3 36039702 481335508 1798 209539 1313 -1 0 18598240 31 0
64.005 14 ESTIMATOR 209.526398 -0.01
64.104 14 ATTITUDE 0.0023 3.080692 -0.011653
64.188 14 NAVIGATION 15 1 112.28125 -240.5 4811755. 265.419159 56 32 31 0 0 0
64.205 14 ENERGY 30 12.5 0.41322 5.165252 0.059346 0.7418
64.205 14 GPS 3 36039703 481335193 1798 209524 1310 -2 0 18598480 31 0
64.305 14 CALIBRATION -68.754684 0
64.406 14 WP_MOVED 20 360289. 4813620. 300. 31
64.437 14 NAVIGATION 15 1 112.28125 -243.5 4811751.5 268.140503 56 32 31 0 0 0
64.454 14 GPS 3 36039704 481334879 1797 209505 1308 -6 0 18598720 31 0
64.504 14 NAVIGATION 15 1 112.28125 -246.5 4811751.5 268.140503 56 32 31 0 0 0
64.505 14 ESTIMATOR 209.51535 -0.06
64.603 14 AIRSPEED 13.7 0. 0. 0.
64.604 14 ATTITUDE -0.001473 3.080118 -0.011653
64.688 14 NAVIGATION 15 1 112.28125 -246.5 4811748.5 270.867737 57 33 32 0 0 0
64.706 14 FBW_STATUS 2 0 1 12.5 0.402567
64.706 14 GPS 3 36039705 481334566 1797 209482 1305 -5 0 18598960 31 0
64.706 14 SVINFO 0 7 0 0 39 0 45
64.803 14 GPS_SOL 496 496 496 7
64.905 14 DL_VALUE 52 0.1
64.905 14 WP_MOVED 21 360289. 4813625. 400. 31
64.938 14 NAVIGATION 15 1 112.28125 -250. 4811745. 274.056702 57 33 32 0 0 0
64.955 14 DESIRED 0.002224 -0.014004 0. -1500. -4811995. 200. -0.284869 13.
64.955 14 GPS 3 36039707 481334201 1797 209451 1302 -13 0 18599240 31 0
64.956 14 SVINFO 1 8 1 1 38 21 95
65.004 14 IR_SENSORS 0 0 19 -17 264
65.004 14 ESTIMATOR 209.474884 -0.13
65.104 14 ATTITUDE -0.001473 3.079337 -0.015421
65.188 14 NAVIGATION 15 1 112.34375 -253.5 4811741.5 277.278503 57 33 32 0 0 0
65.206 14 GPS 3 36039708 481333889 1797 209419 1300 -26 0 18599480 31 0
65.206 14 SVINFO 2 9 1 2 37 65 145
65.304 14 ENERGY 29 12.5 0.39675 4.95937 0.060084 0.75102
65.404 14 WP_MOVED 22 360289. 4813645. 250. 31
65.437 14 NAVIGATION 15 1 112.34375 -260. 4811735. 283.233337 57 33 32 0 0 0
65.454 14 GPS 3 36039709 481333577 1797 209384 1299 -37 0 18599720 31 0
65.455 14 SVINFO 3 10 1 3 36 89 195
65.503 14 NAVIGATION 15 1 112.34375 -260. 4811735. 283.233337 57 33 32 0 0 0
65.504 14 ESTIMATOR 209.374619 -0.37
65.603 14 AIRSPEED 13.7 0. 0. 0.
65.604 14 ATTITUDE -0.001473 3.078718 -0.015421
65.688 14 NAVIGATION 15 1 112.375 -262.5 4811732.5 285.542267 58 34 33 0 0 0
65.705 14 GPS 3 36039711 481333265 1797 209347 1298 -37 0 18599960 31 0
65.705 14 SVINFO 4 11 1 4 35 72 245
65.787 14 COMMANDS 2881,30,19,0
65.887 14 FBW_STATUS 2 0 1 12.5 0.402567
65.904 14 WP_MOVED 0 360326. 4813637. 260. 31
65.936 14 NAVIGATION 15 1 112.375 -262.5 4811732.5 285.542267 58 34 33 0 0 0
65.953 14 GPS 3 36039713 481332902 1796 209301 1297 -42 0 18600240 31 0
65.954 14 SVINFO 5 12 1 5 34 29 295
66.005 14 COMMANDS 2896,30,19,0
66.005 14 DESIRED 0.002618 -0.013709 0. -1500. -4811995. 200. -0.278964 13.
66.005 14 ESTIMATOR 209.230637 -0.42
66.104 14 STATE_FILTER_STATUS 2 3 299
66.104 14 ATTITUDE 0.0023 3.078075 -0.015421
66.188 14 NAVIGATION 15 1 112.375 -266.5 4811729. 289.223785 58 34 33 0 0 0
66.204 14 IR_SENSORS 0 0 19 -16 264
66.204 14 GPS 3 36039715 481332591 1796 209260 1297 -49 0 18600480 31 0
66.205 14 SVINFO 6 13 1 6 33 0 346
66.304 14 PPRZ_MODE 2 3 2 0 0 6
66.405 14 ALIVE 179,209,69,119,115,11,176,21,181,244,80,210,55,176,198,136
66.405 14 CALIBRATION -64.992386 0
66.405 14 DL_VALUE 53 -0.062832
66.405 14 ENERGY 30 12.5 0.411498 5.143723 0.060822 0.760247
66.405 14 WP_MOVED 1 360284. 4813595. 260. 31
66.436 14 NAVIGATION 15 1 112.40625 -269.5 4811726. 292.002411 58 34 33 0 0 0
66.454 14 GPS 3 36039716 481332279 1796 209220 1298 -53 0 18600720 31 0
66.505 14 NAVIGATION 15 1 112.40625 -272.5 4811726. 292.002411 58 34 33 0 0 0
66.505 14 ESTIMATOR 209.084534 -0.53
66.604 14 AIRSPEED 13.7 0. 0. 0.
66.605 14 ATTITUDE 0.0023 3.077963 -0.011653
66.688 14 NAVIGATION 15 1 112.40625 -272.5 4811722.5 294.773499 59 35 34 0 0 0
66.705 14 FBW_STATUS 2 0 1 12.5 0.419433
66.705 14 GPS 3 36039718 481331967 1796 209180 1299 -50 0 18600960 31 0
66.805 14 NAVIGATION_REF 360284 4813595 31 185.
66.805 14 GPS_SOL 480 480 480 7
66.905 14 WP_MOVED 2 360333.5 4813695. 260. 31
66.938 14 NAVIGATION 15 1 112.4375 -276. 4811719. 298.023804 59 35 34 0 0 0
66.954 14 GPS 3 36039720 481331603 1797 209135 1300 -53 0 18601240 31 0
66.955 14 SVINFO 2 9 1 2 36 68 146
67.004 14 ESTIMATOR 208.949707 -0.53
67.054 14 DESIRED 0.003027 -0.013276 0. -1500. -4811995. 200. -0.270319 13.
67.104 14 ATTITUDE 0.0023 3.078488 -0.015421
67.188 14 NAVIGATION 15 1 112.4375 -279.5 4811715.5 301.268036 59 35 34 0 0 0
67.204 14 GPS 3 36039721 481331291 1797 209097 1302 -54 0 18601480 31 0
67.204 14 SVINFO 3 10 0 3 35 89 196
67.251 14 WIND_INFO 14 5 -0.8 0.7 0. 13.6
67.403 14 IR_SENSORS 0 0 19 -16 264
67.404 14 WP_MOVED 3 360294.09375 4813785. 260. 31
67.437 14 NAVIGATION 15 1 112.4375 -282.5 4811712.5 304.053345 59 35 34 0 0 0
67.453 14 GPS 3 36039723 481330978 1797 209062 1304 -29 0 18601720 31 0
67.453 14 SVINFO 4 11 1 4 34 69 246
67.503 14 DATALINK_REPORT 0 12 2027 561 0 0
67.504 14 ENERGY 32 12.5 0.435053 5.438164 0.061602 0.769989
67.504 14 NAVIGATION 15 1 112.5 -285.5 4811712.5 304.053345 59 35 34 0 0 0
67.504 14 ESTIMATOR 208.833237 -0.29
67.603 14 AIRSPEED 13.6 0. 0. 0.
67.604 14 ATTITUDE 0.0023 3.079338 -0.011653
67.688 14 NAVIGATION 15 1 112.5 -285.5 4811709.5 306.865601 60 36 35 0 0 0
67.704 14 GPS 3 36039724 481330664 1797 209029 1306 -31 0 18601960 31 0
67.894 14 FBW_STATUS 2 0 1 12.5 0.436796
67.906 14 DL_VALUE 54 0.087266
67.907 14 WP_MOVED 4 360416.3125 4813734. 260. 31
67.937 14 NAVIGATION 15 1 112.5 -289. 4811706. 310.124573 60 36 35 0 0 0
67.953 14 GPS 3 36039726 481330298 1797 208994 1308 -18 0 18602240 31 0
68.003 14 ESTIMATOR 208.814316 -0.18
68.103 14 DESIRED 0.002226 -0.013005 0. -1500. -4811995. 200. -0.26489 13.
68.104 14 ATTITUDE 0.0023 3.079658 -0.011653
68.187 14 NAVIGATION 15 1 112.53125 -292.5 4811702.5 313.399963 60 36 35 0 0 0
68.205 14 GPS 3 36039727 481329984 1797 208966 1308 -24 0 18602480 31 0
68.206 14 SVINFO 0 7 0 0 38 0 47
68.404 14 WP_MOVED 5 360421. 4813583.5 260. 31
68.444 14 NAVIGATION 15 1 112.53125 -295.5 4811699.5 316.201721 60 36 35 0 0 0
68.455 14 GPS 3 36039728 481329670 1797 208939 1309 -36 0 18602720 31 0
68.456 14 SVINFO 1 8 1 1 37 27 97
68.504 14 CALIBRATION -80.275314 0
68.504 14 NAVIGATION 15 1 112.53125 -299. 4811699.5 316.201721 60 36 35 0 0 0
68.504 14 ESTIMATOR 208.805893 -0.36
