100.012 14 NAVIGATION 16 2 809.96875 127.5 0. 819.942444 80 59 59 0 0 0
100.028 14 AUTOPILOT_VERSION 51500 v5.15_devel-179-g9a29798-dirty
100.029 14 FBW_STATUS 2 0 1 12.5 0.322479
100.029 14 GPS 3 36109774 481372284 936 217604 1254 -22 0 158902960 31 0
100.128 14 GPS_SOL 307 307 307 7
100.228 14 WP_MOVED 7 360558.40625 4813804.5 260. 31
100.261 14 NAVIGATION 16 2 813. 127.5 0. 822.936951 80 59 59 0 0 0
100.278 14 GPS 3 36110124 481372262 936 217515 1255 -8 0 158903240 31 0
100.328 14 ESTIMATOR 217.662979 -0.08
100.401 14 WIND_INFO 14 5 -0.2 1.7 0. 12.8
100.427 14 ATTITUDE -0.001473 1.764118 -0.004125
100.511 14 NAVIGATION 16 2 816.5 127. 0. 826.317871 80 59 59 0 0 0
100.528 14 ENERGY 25 12.5 0.326247 4.078087 0.07685 0.960602
100.528 14 GPS 3 36110425 481372243 935 217439 1255 -7 0 158903480 31 0
100.729 14 IR_SENSORS 0 0 22 -17 264
100.729 14 WP_MOVED 8 361680.28125 4813542.5 215. 31
100.761 14 NAVIGATION 16 2 819.5 127. 0. 829.282349 80 59 59 0 0 0
100.778 14 GPS 3 36110726 481372224 935 217363 1255 -14 0 158903720 31 0
100.828 14 DESIRED 0.000929 -0.003732 0. 1356.44043 92.533669 215. -0.077717 13.
100.828 14 NAVIGATION 16 2 822.53125 126.5 0. 829.282349 80 59 59 0 0 0
100.828 14 ESTIMATOR 217.519089 -0.14
100.928 14 CIRCLE 1402.660034 27.23632 80.
100.928 14 AIRSPEED 12.8 0. 0. 0.
100.929 14 ATTITUDE -0.001473 1.763081 -0.004125
101.012 14 NAVIGATION 16 2 822.53125 126.5 0. 832.201843 81 60 60 0 0 0
101.028 14 GPS 3 36111027 481372206 935 217287 1256 -20 0 158903960 31 0
101.213 14 FBW_STATUS 2 0 1 12.5 0.332492
101.227 14 CALIBRATION 19.700691 0
101.227 14 DL_VALUE 11 5.
101.227 14 WP_MOVED 9 360312.8125 4813652. 185. 31
101.261 14 NAVIGATION 16 2 825.53125 126.5 0. 835.167114 81 60 60 0 0 0
101.279 14 GPS 3 36111378 481372184 934 217199 1257 -7 0 158904240 31 0
101.328 14 ESTIMATOR 217.336044 -0.07
101.428 14 DATALINK_REPORT 1 13 2815 526 0 0
101.428 14 ATTITUDE -0.001473 1.76199 -0.004125
101.512 14 NAVIGATION 16 2 829. 126.5 0. 838.596008 81 60 60 0 0 0
101.528 14 GPS 3 36111679 481372166 934 217125 1257 -8 0 158904480 31 0
101.628 14 ENERGY 25 12.5 0.332986 4.16233 0.077455 0.968165
101.727 14 WP_MOVED 10 361686.65625 4813622. 215. 31
101.760 14 NAVIGATION 16 2 832.0625 126. 0. 841.548584 81 60 60 0 0 0
101.778 14 GPS 3 36111981 481372147 934 217052 1258 -18 0 158904720 31 0
101.828 14 NAVIGATION 16 2 835.0625 126. 0. 841.548584 81 60 60 0 0 0
101.829 14 ESTIMATOR 217.198242 -0.18
101.878 14 DESIRED 0.001493 -0.003164 0. 1356.568237 92.623947 215. -0.068064 13.
101.928 14 IR_SENSORS 0 0 22 -17 264
101.929 14 AIRSPEED 12.8 0. 0. 0.
101.929 14 ATTITUDE -0.001473 1.761467 -0.004125
101.978 14 CIRCLE 1402.660034 27.23632 80.
102.012 14 NAVIGATION 16 2 835.0625 126. 0. 844.514893 82 61 61 0 0 0
102.028 14 FBW_STATUS 2 0 1 12.5 0.337109
102.029 14 GPS 3 36112282 481372129 934 216980 1258 -48 0 158904960 31 0
102.128 14 GPS_SOL 303 303 303 7
102.227 14 WP_MOVED 11 360169.5 4813757.5 260. 31
102.261 14 NAVIGATION 16 2 838.0625 126. 0. 847.481445 82 61 61 0 0 0
102.278 14 GPS 3 36112634 481372108 934 216897 1260 -46 0 158905240 31 0
102.329 14 ESTIMATOR 216.965149 -0.46
102.427 14 ATTITUDE -0.001473 1.7606 -0.004125
102.511 14 NAVIGATION 16 2 841.5625 125.5 0. 850.868774 82 61 61 0 0 0
102.528 14 GPS 3 36112936 481372090 934 216828 1261 -45 0 158905480 31 0
102.728 14 DL_VALUE 12 100.
102.728 14 ENERGY 27 12.5 0.366089 4.576114 0.078091 0.976109
102.728 14 WP_MOVED 12 360287.59375 4813581. 260. 31
102.761 14 NAVIGATION 16 2 844.625 125.5 0. 853.897888 82 61 61 0 0 0
102.777 14 GPS 3 36113239 481372072 934 216762 1264 -52 0 158905720 31 0
102.829 14 NAVIGATION 16 2 847.65625 125. 0. 853.897888 82 61 61 0 0 0
102.829 14 ESTIMATOR 216.739685 -0.52
102.928 14 DESIRED 0.002141 -0.002527 0. 1356.758789 92.757881 215. -0.055334 13.
102.929 14 AIRSPEED 12.8 0. 0. 0.
102.929 14 ATTITUDE 0.0023 1.759718 -0.004125
103.012 14 NAVIGATION 16 2 847.65625 125. 0. 856.823303 83 62 62 0 0 0
103.027 14 CIRCLE 1402.660034 27.23632 80.
103.028 14 GPS 3 36113543 481372054 933 216700 1267 -63 0 158905960 31 0
103.127 14 IR_SENSORS 0 0 22 -16 264
103.211 14 FBW_STATUS 2 0 1 12.5 0.391291
103.227 14 WP_MOVED 13 360311.5 4813547. 260. 31
103.261 14 NAVIGATION 16 2 850.6875 125. 0. 859.822205 83 62 62 0 0 0
103.278 14 GPS 3 36113898 481372033 933 216632 1272 -24 0 158906240 31 0
103.329 14 CALIBRATION -16.826216 0
103.329 14 ESTIMATOR 216.51564 -0.24
103.428 14 ATTITUDE 0.0023 1.758736 -0.004125
103.511 14 NAVIGATION 16 2 854.21875 125. 0. 863.316101 83 62 62 0 0 0
103.528 14 GPS 3 36114204 481372015 934 216580 1274 -37 0 158906480 31 0
103.728 14 WP_MOVED 14 360300.6875 4813575.5 260. 31
103.762 14 NAVIGATION 16 2 857.28125 124.5 0. 866.274414 83 62 62 0 0 0
103.778 14 GPS 3 36114510 481371996 934 216533 1278 -35 0 158906720 31 0
103.829 14 ENERGY 30 12.5 0.404967 5.062087 0.078803 0.985011
103.830 14 NAVIGATION 16 2 860.375 124.5 0. 866.274414 83 62 62 0 0 0
103.831 14 ESTIMATOR 216.430527 -0.35
103.928 14 AIRSPEED 12.8 0. 0. 0.
103.928 14 ATTITUDE 0.0023 1.758642 -0.004125
103.978 14 DESIRED 0.00219 -0.001992 0. 1356.901978 92.857986 215. -0.044628 13.
104.012 14 NAVIGATION 16 2 860.375 124.5 0. 869.336182 84 63 63 0 0 0
104.029 14 FBW_STATUS 2 0 1 12.5 0.410637
104.029 14 GPS 3 36114817 481371978 934 216492 1281 -39 0 158906960 31 0
104.078 14 CIRCLE 1402.660034 27.23632 80.
104.111 14 COMMANDS 2957,-1,26,0
104.129 14 GPS_SOL 301 301 301 7
104.231 14 DL_VALUE 13 1.
104.232 14 WP_MOVED 15 360297.6875 4813554.5 260. 31
104.260 14 NAVIGATION 16 2 863.40625 124. 0. 872.265076 84 63 63 0 0 0
104.278 14 GPS 3 36115176 481371956 934 216450 1285 -55 0 158907240 31 0
104.328 14 COMMANDS 3015,-6,27,0
104.328 14 IR_SENSORS 0 0 22 -16 264
104.328 14 ESTIMATOR 216.326523 -0.55
104.428 14 STATE_FILTER_STATUS 2 3 302
104.428 14 ATTITUDE 0.0023 1.758763 -0.004125
104.511 14 NAVIGATION 16 2 867. 124. 0. 875.822449 84 63 63 0 0 0
104.528 14 GPS 3 36115484 481371937 934 216421 1288 -37 0 158907480 31 0
104.529 14 SVINFO 6 13 1 6 31 28 6
104.628 14 PPRZ_MODE 2 3 2 2 0 6
104.729 14 ALIVE 46,251,42,118,161,253,184,196,62,85,53,136,108,175,160,116
104.730 14 WP_MOVED 16 360683.46875 4813622.5 215. 31
104.761 14 NAVIGATION 16 2 870.09375 124. 0. 878.885132 84 63 63 0 0 0
104.777 14 GPS 3 36115794 481371919 934 216397 1291 -34 0 158907720 31 0
104.827 14 NAVIGATION 16 2 873.15625 123.5 0. 878.885132 84 63 63 0 0 0
104.828 14 ESTIMATOR 216.218033 -0.34
104.927 14 ENERGY 32 12.5 0.44221 5.527623 0.079581 0.994736
104.928 14 AIRSPEED 12.8 0. 0. 0.
104.928 14 ATTITUDE 0.0023 1.758042 -0.000365
105.011 14 NAVIGATION 16 2 873.15625 123.5 0. 881.846985 85 64 64 0 0 0
105.028 14 DESIRED 0.001673 -0.001587 0. 1357.12207 93.010887 215. -0.036541 13.
105.029 14 GPS 3 36116104 481371900 934 216380 1294 -26 0 158907960 31 0
105.128 14 CIRCLE 1402.660034 27.23632 80.
105.213 14 FBW_STATUS 2 0 1 12.5 0.448164
105.229 14 WP_MOVED 17 360654.59375 4813624.5 215. 31
105.262 14 NAVIGATION 16 2 876.28125 123.5 0. 884.941284 85 64 64 0 0 0
105.279 14 GPS 3 36116467 481371878 934 216366 1298 -10 0 158908240 31 0
105.328 14 ESTIMATOR 216.191757 -0.1
105.428 14 CALIBRATION -54.567753 0
105.429 14 ATTITUDE 0.0023 1.757404 -0.000365
105.512 14 NAVIGATION 16 2 879.9375 123. 0. 888.492554 85 64 64 0 0 0
105.528 14 IR_SENSORS 0 0 23 -16 264
105.528 14 GPS 3 36116778 481371859 934 216359 1300 -15 0 158908480 31 0
105.729 14 DL_VALUE 14 0.
105.729 14 WP_MOVED 0 360326. 4813637. 260. 31
105.761 14 NAVIGATION 16 2 883. 123. 0. 891.525635 85 64 64 0 0 0
105.778 14 GPS 3 36117090 481371840 934 216356 1301 -4 0 158908720 31 0
105.829 14 NAVIGATION 16 2 886.125 123. 0. 891.525635 85 64 64 0 0 0
105.829 14 ESTIMATOR 216.224228 -0.04
105.928 14 AIRSPEED 12.8 0. 0. 0.
105.929 14 ATTITUDE 0.0023 1.757537 -0.000365
106.011 14 NAVIGATION 16 2 886.125 123. 0. 894.62085 86 65 65 0 0 0
106.029 14 FBW_STATUS 2 0 1 12.5 0.450621
106.029 14 ENERGY 32 12.5 0.450621 5.63276 0.080403 1.00502
106.029 14 GPS 3 36117402 481371821 935 216356 1303 -2 0 158908960 31 0
106.030 14 SVINFO 5 12 1 5 31 1 316
106.078 14 DESIRED 0.00129 -0.001597 0. 1357.351196 93.16893 215. -0.036727 13.
106.128 14 NAVIGATION_REF 360284 4813595 31 185.
106.128 14 GPS_SOL 300 300 300 7
106.178 14 CIRCLE 1402.660034 27.23632 80.
106.228 14 WP_MOVED 1 360284. 4813595. 260. 31
106.261 14 NAVIGATION 16 2 889.25 122.5 0. 897.647949 86 65 65 0 0 0
106.277 14 GPS 3 36117767 481371799 935 216359 1304 4 0 158909240 31 0
106.328 14 ESTIMATOR 216.27478 0.04
106.429 14 ATTITUDE 0.0023 1.757921 -0.000365
106.511 14 NAVIGATION 16 2 892.9375 122.5 0. 901.301086 86 65 65 0 0 0
106.528 14 DATALINK_REPORT 6 13 2938 535 0 0
106.529 14 GPS 3 36118079 481371779 935 216362 1305 -9 0 158909480 31 0
106.728 14 IR_SENSORS 0 0 22 -16 264
106.729 14 WP_MOVED 2 360333.5 4813695. 260. 31
106.761 14 NAVIGATION 16 2 896.0625 122.5 0. 904.397156 86 65 65 0 0 0
106.777 14 GPS 3 36118392 481371760 935 216367 1305 -10 0 158909720 31 0
106.829 14 NAVIGATION 16 2 899.15625 122.5 0. 904.397156 86 65 65 0 0 0
106.829 14 ESTIMATOR 216.30394 -0.1
106.928 14 AIRSPEED 12.8 0. 0. 0.
106.928 14 ATTITUDE 0.0023 1.758115 -0.004125
107.011 14 NAVIGATION 16 2 899.15625 122.5 0. 907.462524 87 66 66 0 0 0
107.028 14 GPS 3 36118705 481371741 935 216372 1305 -11 0 158909960 31 0
107.128 14 ENERGY 33 12.5 0.451675 5.645932 0.081228 1.015322
107.128 14 DESIRED 0.001156 -0.001802 0. 1357.593872 93.335045 215. -0.039118 13.
107.214 14 FBW_STATUS 2 0 1 12.5 0.452202
107.227 14 DL_VALUE 15 0.
107.228 14 CIRCLE 1402.660034 27.23632 80.
107.228 14 WP_MOVED 3 360294.09375 4813785. 260. 31
107.261 14 NAVIGATION 16 2 905.96875 121.5 0. 914.079651 87 66 66 0 0 0
107.277 14 GPS 3 36119070 481371718 935 216379 1306 -14 0 158910240 31 0
107.328 14 ESTIMATOR 216.301987 -0.14
107.428 14 ATTITUDE -0.001473 1.757741 -0.000365
107.512 14 NAVIGATION 16 2 909.09375 121.5 0. 917.177002 87 66 66 0 0 0
107.528 14 CALIBRATION -59.375633 0
107.529 14 GPS 3 36119383 481371699 935 216385 1306 -7 0 158910480 31 0
107.728 14 WP_MOVED 4 360416.3125 4813734. 260. 31
107.761 14 NAVIGATION 16 2 912.21875 121.5 0. 920.274597 87 66 66 0 0 0
107.777 14 GPS 3 36119696 481371680 934 216393 1307 6 0 158910720 31 0
107.828 14 NAVIGATION 16 2 912.21875 121.5 0. 920.274597 87 66 66 0 0 0
107.828 14 ESTIMATOR 216.308884 0.06
107.928 14 IR_SENSORS 0 0 22 -17 264
107.929 14 AIRSPEED 12.8 0. 0. 0.
107.929 14 ATTITUDE -0.001473 1.756986 -0.004125
108.012 14 NAVIGATION 16 2 915.34375 121. 0. 923.306641 88 67 67 0 0 0
108.028 14 FBW_STATUS 2 0 1 12.5 0.451148
108.029 14 GPS 3 36120010 481371661 934 216400 1307 -8 0 158910960 31 0
108.029 14 SVINFO 6 13 1 6 32 34 8
108.129 14 GPS_SOL 300 300 300 7
108.178 14 DESIRED 0.000869 -0.001776 0. 1357.798584 93.474174 215. -0.040303 13.
108.227 14 ENERGY 33 12.5 0.453432 5.667901 0.082059 1.025715
108.227 14 WP_MOVED 5 360421. 4813583.5 260. 31
108.260 14 NAVIGATION 16 2 919. 121. 0. 926.931519 88 67 67 0 0 0
108.277 14 CIRCLE 1402.660034 27.23632 80.
108.277 14 GPS 3 36120375 481371639 934 216410 1308 -6 0 158911240 31 0
108.328 14 ESTIMATOR 216.345688 -0.06
108.428 14 ATTITUDE 0.0023 1.756229 -0.004125
108.511 14 NAVIGATION 16 2 922.125 120.5 0. 929.964905 88 67 67 0 0 0
108.528 14 GPS 3 36120689 481371620 934 216419 1308 -3 0 158911480 31 0
108.728 14 DL_VALUE 16 80.
108.728 14 WP_MOVED 6 360164.8125 4813664.5 260. 31
108.761 14 NAVIGATION 16 2 925.25 120.5 0. 933.06366 88 67 67 0 0 0
108.778 14 GPS 3 36121002 481371601 934 216428 1308 -16 0 158911720 31 0
108.828 14 NAVIGATION 16 2 925.25 120.5 0. 933.06366 88 67 67 0 0 0
108.828 14 ESTIMATOR 216.366974 -0.16
108.928 14 AIRSPEED 12.8 0. 0. 0.
108.928 14 ATTITUDE 0.0023 1.75632 -0.004125
109.012 14 NAVIGATION 16 2 928.40625 120.5 0. 936.193604 89 68 68 0 0 0
109.028 14 GPS 3 36121315 481371582 934 216437 1308 -30 0 158911960 31 0
109.112 14 COMMANDS 3226,-9,27,0
109.128 14 IR_SENSORS 0 0 22 -16 264
109.219 14 FBW_STATUS 2 0 1 12.5 0.463656
109.229 14 DESIRED 0.001035 -0.001793 0. 1358.069946 93.657112 215. -0.040658 13.
109.229 14 WP_MOVED 7 360558.40625 4813804.5 260. 31
109.260 14 NAVIGATION 16 2 928.40625 120.5 0. 936.193604 89 68 68 0 0 0
109.278 14 GPS 3 36121681 481371560 934 216448 1309 -14 0 158912240 31 0
109.278 14 SVINFO 4 11 1 4 31 8 268
109.327 14 COMMANDS 3237,-9,-17,0
109.328 14 ENERGY 33 12.5 0.463479 5.793485 0.082896 1.036176
109.328 14 CIRCLE 1402.660034 27.23632 80.
109.328 14 ESTIMATOR 216.323364 -0.14
109.429 14 STATE_FILTER_STATUS 2 3 303
109.430 14 ATTITUDE 0.0023 1.756674 -0.000365
109.511 14 NAVIGATION 16 2 932.0625 120. 0. 939.755554 89 68 68 0 0 0
109.528 14 GPS 3 36121995 481371541 934 216458 1310 -36 0 158912480 31 0
109.627 14 PPRZ_MODE 2 3 2 2 0 6
109.628 14 CALIBRATION -68.749184 0
109.727 14 ALIVE 46,251,42,118,161,253,184,196,62,85,53,136,108,175,160,116
109.728 14 WP_MOVED 8 361680.28125 4813542.5 215. 31
109.761 14 NAVIGATION 16 2 935.21875 120. 0. 942.886047 89 68 68 0 0 0
109.778 14 GPS 3 36122309 481371521 934 216470 1311 -18 0 158912720 31 0
109.828 14 NAVIGATION 16 2 938.34375 119.5 0. 942.886047 89 68 68 0 0 0
109.829 14 ESTIMATOR 216.300552 -0.18
109.929 14 AIRSPEED 12.8 0. 0. 0.
109.929 14 ATTITUDE 0.0023 1.756671 -0.000365
110.012 14 NAVIGATION 16 2 938.34375 119.5 0. 945.922424 90 69 69 0 0 0
110.028 14 FBW_STATUS 2 0 1 12.5 0.476595
110.029 14 GPS 3 36122624 481371502 934 216482 1312 -21 0 158912960 31 0
110.127 14 GPS_SOL 301 301 301 7
110.228 14 DL_VALUE 17 0.
110.229 14 WP_MOVED 9 360312.8125 4813652. 185. 31
110.261 14 NAVIGATION 16 2 941.5 119.5 0. 949.053467 90 69 69 0 0 0
110.277 14 DESIRED 0.0007 -0.001731 0. 1358.288452 93.803276 215. -0.039412 13.
110.278 14 GPS 3 36122991 481371480 934 216499 1314 -9 0 158913240 31 0
110.329 14 IR_SENSORS 0 0 23 -17 264
110.329 14 ESTIMATOR 216.322327 -0.09
110.377 14 CIRCLE 1402.660034 27.23632 80.
110.402 14 WIND_INFO 14 5 -0.2 1.6 0. 12.9
110.428 14 ENERGY 34 12.5 0.479975 5.999692 0.083765 1.047037
110.428 14 ATTITUDE -0.001473 1.756112 -0.000365
110.512 14 NAVIGATION 16 2 945.15625 119.5 0. 952.680725 90 69 69 0 0 0
110.527 14 GPS 3 36123306 481371461 934 216516 1315 -21 0 158913480 31 0
110.733 14 WP_MOVED 10 361686.65625 4813622. 215. 31
110.762 14 NAVIGATION 16 2 948.28125 119. 0. 955.71875 90 69 69 0 0 0
110.780 14 GPS 3 36123622 481371442 934 216535 1316 -27 0 158913720 31 0
110.780 14 SVINFO 3 10 0 3 31 44 219
110.828 14 NAVIGATION 16 2 951.5 119. 0. 955.71875 90 69 69 0 0 0
110.828 14 ESTIMATOR 216.362518 -0.27
110.928 14 AIRSPEED 12.9 0. 0. 0.
110.929 14 ATTITUDE -0.001473 1.748179 -0.004125
111.012 14 NAVIGATION 16 2 951.5 119. 0. 958.912537 91 70 70 0 0 0
111.028 14 GPS 3 36123938 481371423 934 216555 1318 -30 0 158913960 31 0
111.128 14 AUTOPILOT_VERSION 51500 v5.15_devel-179-g9a29798-dirty
111.215 14 FBW_STATUS 2 0 1 12.5 0.496601
111.229 14 WP_MOVED 11 360169.5 4813757.5 260. 31
111.261 14 NAVIGATION 16 2 954.625 118.5 0. 961.951721 91 70 70 0 0 0
111.279 14 GPS 3 36124306 481371401 934 216581 1320 -22 0 158914240 31 0
111.280 14 SVINFO 5 12 0 5 32 4 319
111.328 14 DESIRED 0.000786 -0.001803 0. 1358.520752 93.957588 215. -0.040854 13.
111.328 14 ESTIMATOR 216.362411 -0.22
111.429 14 CIRCLE 1402.660034 27.23632 80.
111.429 14 ATTITUDE 0.0023 1.747219 -0.000365
111.511 14 NAVIGATION 16 2 958.28125 118.5 0. 965.580261 91 70 70 0 0 0
111.528 14 IR_SENSORS 0 0 23 -16 264
111.528 14 ENERGY 35 12.5 0.500912 6.261395 0.084664 1.05828
111.529 14 GPS 3 36124623 481371382 934 216605 1321 -7 0 158914480 31 0
111.628 14 DATALINK_REPORT 1 14 3062 540 0 0
111.729 14 CALIBRATION -89.392494 0
111.730 14 DL_VALUE 18 1.
111.730 14 WP_MOVED 12 360287.59375 4813581. 260. 31
111.761 14 NAVIGATION 16 2 961.5 118.5 0. 968.774719 91 70 70 0 0 0
111.779 14 GPS 3 36124940 481371363 934 216632 1323 -1 0 158914720 31 0
111.828 14 NAVIGATION 16 2 964.65625 118. 0. 968.774719 91 70 70 0 0 0
111.828 14 ESTIMATOR 216.434631 -0.01
111.928 14 AIRSPEED 12.9 0. 0. 0.
111.928 14 ATTITUDE 0.0023 1.746842 -0.000365
112.012 14 NAVIGATION 16 2 964.65625 118. 0. 971.846558 92 71 71 0 0 0
112.028 14 FBW_STATUS 2 0 1 12.5 0.498037
112.028 14 GPS 3 36125258 481371344 933 216661 1324 -3 0 158914960 31 0
112.128 14 GPS_SOL 304 304 304 7
112.228 14 WP_MOVED 13 360311.5 4813547. 260. 31
112.261 14 NAVIGATION 16 2 967.8125 118. 0. 974.979492 92 71 71 0 0 0
112.278 14 GPS 3 36125628 481371323 933 216697 1325 7 0 158915240 31 0
112.328 14 ESTIMATOR 216.538315 0.07
112.378 14 DESIRED 0.001038 -0.002083 0. 1358.84314 94.169678 215. -0.044728 13.
112.428 14 ATTITUDE -0.001473 1.746372 -0.000365
112.478 14 CIRCLE 1402.660034 27.23632 80.
112.511 14 NAVIGATION 16 2 971.53125 118. 0. 978.671021 92 71 71 0 0 0
112.528 14 GPS 3 36125946 481371304 933 216728 1325 10 0 158915480 31 0
112.629 14 ENERGY 35 12.5 0.491403 6.142531 0.085575 1.069672
112.728 14 IR_SENSORS 0 0 22 -16 264
112.728 14 WP_MOVED 14 360300.6875 4813575.5 260. 31
112.762 14 NAVIGATION 16 2 974.6875 117.5 0. 981.744385 92 71 71 0 0 0
112.777 14 GPS 3 36126263 481371285 933 216761 1325 4 0 158915720 31 0
112.828 14 NAVIGATION 16 2 977.875 117.5 0. 981.744385 92 71 71 0 0 0
112.829 14 ESTIMATOR 216.659988 0.04
112.929 14 AIRSPEED 12.9 0. 0. 0.
112.929 14 ATTITUDE 0.0023 1.746045 -0.000365
113.012 14 NAVIGATION 16 2 977.875 117.5 0. 984.908997 93 72 72 0 0 0
113.029 14 GPS 3 36126580 481371266 933 216793 1324 8 0 158915960 31 0
113.221 14 FBW_STATUS 2 0 1 12.5 0.484254
113.228 14 DL_VALUE 19 0.
113.228 14 WP_MOVED 15 360297.6875 4813554.5 260. 31
113.260 14 NAVIGATION 16 2 981.0625 117. 0. 988.014465 93 72 72 0 0 0
113.277 14 GPS 3 36126951 481371245 933 216831 1323 12 0 158916240 31 0
113.277 14 SVINFO 6 13 0 6 33 43 11
113.328 14 ESTIMATOR 216.74971 0.12
113.428 14 DESIRED 0.000896 -0.002313 0. 1359.111816 94.344826 215. -0.051048 13.
113.428 14 ATTITUDE 0.0023 1.746328 -0.004125
113.512 14 NAVIGATION 16 2 984.78125 117. 0. 991.707153 93 72 72 0 0 0
113.528 14 CIRCLE 1402.660034 27.23632 80.
113.528 14 GPS 3 36127268 481371226 933 216862 1323 2 0 158916480 31 0
113.730 14 ENERGY 34 12.5 0.478551 5.981891 0.086464 1.080776
113.731 14 WP_MOVED 16 360683.46875 4813622.5 215. 31
113.760 14 NAVIGATION 16 2 987.9375 117. 0. 994.841431 93 72 72 0 0 0
113.778 14 GPS 3 36127584 481371207 933 216892 1322 13 0 158916720 31 0
113.829 14 CALIBRATION -76.99971 0
113.829 14 NAVIGATION 16 2 991.09375 116.5 0. 994.841431 93 72 72 0 0 0
113.829 14 ESTIMATOR 216.828003 0.13
113.929 14 IR_SENSORS 0 0 23 -16 264
113.929 14 AIRSPEED 12.9 0. 0. 0.
113.929 14 ATTITUDE 0.0023 1.746897 -0.000365
114.011 14 NAVIGATION 16 2 991.09375 116.5 0. 997.917358 94 73 73 0 0 0
114.028 14 FBW_STATUS 2 0 1 12.5 0.471977
114.028 14 GPS 3 36127901 481371188 934 216921 1321 24 0 158916960 31 0
114.029 14 SVINFO 2 9 1 2 31 78 171
114.111 14 COMMANDS 3260,-14,19,0
114.128 14 GPS_SOL 308 308 308 7
114.228 14 WP_MOVED 17 360654.59375 4813624.5 215. 31
114.261 14 NAVIGATION 16 2 994.25 116.5 0. 1001.052124 94 73 73 0 0 0
114.277 14 GPS 3 36128270 481371166 934 216954 1319 14 0 158917240 31 0
114.327 14 COMMANDS 3236,-13,-26,0
114.327 14 ESTIMATOR 216.940659 0.14
114.427 14 STATE_FILTER_STATUS 2 3 302
114.427 14 ATTITUDE 0.0023 1.74761 -0.004125
114.478 14 DESIRED 0.000458 -0.002575 0. 1359.474731 94.578987 215. -0.056282 13.
114.511 14 NAVIGATION 16 2 997.96875 116. 0. 1004.687805 94 73 73 0 0 0
114.528 14 GPS 3 36128585 481371147 934 216979 1317 -6 0 158917480 31 0
114.529 14 SVINFO 4 11 0 4 32 3 271
114.578 14 CIRCLE 1402.660034 27.23632 80.
114.629 14 PPRZ_MODE 2 3 2 2 0 6
114.730 14 ALIVE 46,251,42,118,161,253,184,196,62,85,53,136,108,175,160,116
114.730 14 DL_VALUE 20 0.
114.731 14 WP_MOVED 0 360326. 4813637. 260. 31
114.761 14 NAVIGATION 16 2 1001.09375 116. 0. 1007.791992 94 73 73 0 0 0
114.778 14 GPS 3 36128901 481371128 934 217003 1316 -6 0 158917720 31 0
114.778 14 SVINFO 5 12 1 5 33 7 321
114.828 14 ENERGY 33 12.5 0.462242 5.778029 0.08732 1.091478
114.828 14 NAVIGATION 16 2 1004.25 116. 0. 1007.791992 94 73 73 0 0 0
114.829 14 ESTIMATOR 216.972183 -0.06
114.928 14 AIRSPEED 12.9 0. 0. 0.
114.929 14 ATTITUDE -0.001473 1.747664 -0.004125
115.011 14 NAVIGATION 16 2 1004.25 116. 0. 1010.927307 95 74 74 0 0 0
115.028 14 GPS 3 36129216 481371110 933 217024 1315 10 0 158917960 31 0
115.028 14 SVINFO 6 13 1 6 34 46 12
115.128 14 NAVIGATION_REF 360284 4813595 31 185.
115.128 14 IR_SENSORS 0 0 22 -17 264
115.229 14 FBW_STATUS 2 0 1 12.5 0.457656
115.230 14 WP_MOVED 1 360284. 4813595. 260. 31
115.260 14 NAVIGATION 16 2 1007.40625 115.5 0. 1014.005737 95 74 74 0 0 0
115.278 14 GPS 3 36129583 481371088 933 217047 1313 -5 0 158918240 31 0
115.327 14 ESTIMATOR 217.011597 -0.05
115.428 14 ATTITUDE -0.001473 1.746998 -0.000365
115.511 14 NAVIGATION 16 2 1011.09375 115. 0. 1017.612671 95 74 74 0 0 0
115.528 14 DESIRED -6.1e-05 -0.002864 0. 1359.833008 94.807381 215. -0.060348 13.
115.528 14 GPS 3 36129898 481371070 933 217065 1313 14 0 158918480 31 0
115.628 14 CIRCLE 1402.660034 27.23632 80.
115.730 14 WP_MOVED 2 360333.5 4813695. 260. 31
115.761 14 NAVIGATION 16 2 1014.21875 115. 0. 1020.717712 95 74 74 0 0 0
115.778 14 GPS 3 36130212 481371052 933 217082 1312 16 0 158918720 31 0
115.828 14 NAVIGATION 16 2 1017.375 115. 0. 1020.717712 95 74 74 0 0 0
115.828 14 ESTIMATOR 217.05899 0.16
115.928 14 CALIBRATION -60.033363 0
115.928 14 ENERGY 32 12.5 0.448339 5.604242 0.088158 1.101953
115.928 14 AIRSPEED 12.9 0. 0. 0.
115.928 14 ATTITUDE -0.001473 1.74627 -0.004125
116.012 14 NAVIGATION 16 2 1017.375 115. 0. 1023.853943 96 75 75 0 0 0
116.028 14 FBW_STATUS 2 0 1 12.5 0.446061
116.029 14 GPS 3 36130526 481371034 932 217097 1310 21 0 158918960 31 0
116.030 14 SVINFO 3 10 1 3 32 34 222
116.128 14 GPS_SOL 313 313 313 7
116.233 14 DL_VALUE 21 0.
116.233 14 WP_MOVED 3 360294.09375 4813785. 260. 31
116.261 14 NAVIGATION 16 2 1020.53125 115. 0. 1026.990234 96 75 75 0 0 0
116.277 14 GPS 3 36130892 481371013 932 217113 1308 13 0 158919240 31 0
116.328 14 IR_SENSORS 0 0 23 -17 264
116.328 14 ESTIMATOR 217.14122 0.13
116.428 14 ATTITUDE 0.0023 1.745899 -0.000365
116.511 14 NAVIGATION 16 2 1024.15625 114.5 0. 1030.536865 96 75 75 0 0 0
116.529 14 GPS 3 36131206 481370995 932 217125 1307 3 0 158919480 31 0
116.578 14 DESIRED 0.000596 -0.003058 0. 1360.245972 95.067329 215. -0.064237 13.
116.678 14 CIRCLE 1402.660034 27.23632 80.
116.733 14 DATALINK_REPORT 6 14 3188 533 0 0
116.736 14 WP_MOVED 4 360416.3125 4813734. 260. 31
116.763 14 NAVIGATION 16 2 1027.34375 114.5 0. 1033.704712 96 75 75 0 0 0
116.778 14 GPS 3 36131518 481370977 932 217134 1305 -1 0 158919720 31 0
116.828 14 NAVIGATION 16 2 1030.4375 114.5 0. 1033.704712 96 75 75 0 0 0
116.828 14 ESTIMATOR 217.15979 -0.01
116.928 14 AIRSPEED 12.9 0. 0. 0.
116.928 14 ATTITUDE -0.001473 1.745775 -0.004125
117.011 14 NAVIGATION 16 2 1030.4375 114.5 0. 1036.779541 97 76 76 0 0 0
117.027 14 ENERGY 32 12.5 0.43366 5.420747 0.088961 1.111997
117.028 14 GPS 3 36131831 481370959 932 217141 1304 -14 0 158919960 31 0
117.230 14 FBW_STATUS 2 0 1 12.5 0.436622
117.230 14 WP_MOVED 5 360421. 4813583.5 260. 31
117.262 14 NAVIGATION 16 2 1033.5625 114. 0. 1039.830566 97 76 76 0 0 0
117.279 14 GPS 3 36132195 481370939 931 217147 1303 -27 0 158920240 31 0
117.280 14 SVINFO 1 8 1 1 31 89 123
117.328 14 ESTIMATOR 217.125534 -0.27
117.427 14 ATTITUDE 0.0023 1.745101 -0.004125
117.511 14 NAVIGATION 16 2 1037.21875 114. 0. 1043.464722 97 76 76 0 0 0
117.528 14 IR_SENSORS 0 0 23 -17 264
117.528 14 GPS 3 36132508 481370922 931 217150 1302 -9 0 158920480 31 0
117.629 14 DESIRED 0.001217 -0.003035 0. 1360.688843 95.342239 215. -0.063766 13.
117.738 14 DL_VALUE 22 0.
117.739 14 CIRCLE 1402.660034 27.23632 80.
117.740 14 WP_MOVED 6 360164.8125 4813664.5 260. 31
117.762 14 NAVIGATION 16 2 1040.34375 113.5 0. 1046.516724 97 76 76 0 0 0
117.779 14 GPS 3 36132820 481370904 931 217153 1302 -15 0 158920720 31 0
117.829 14 NAVIGATION 16 2 1043.4375 113.5 0. 1046.516724 97 76 76 0 0 0
117.829 14 ESTIMATOR 217.083267 -0.15
117.928 14 AIRSPEED 12.9 0. 0. 0.
117.928 14 ATTITUDE -0.001473 1.744765 -0.004125
118.012 14 NAVIGATION 16 2 1043.4375 113.5 0. 1049.592407 98 77 77 0 0 0
118.029 14 CALIBRATION -55.655407 0
118.030 14 FBW_STATUS 2 0 1 12.5 0.444834
118.030 14 GPS 3 36133132 481370887 931 217155 1303 4 0 158920960 31 0
118.031 14 SVINFO 4 11 1 4 33 1 273
118.129 14 GPS_SOL 319 319 319 7
118.129 14 ENERGY 32 12.5 0.44151 5.51888 0.089769 1.122097
118.234 14 WP_MOVED 7 360558.40625 4813804.5 260. 31
118.261 14 NAVIGATION 16 2 1046.5625 113.5 0. 1052.699097 98 77 77 0 0 0
118.279 14 GPS 3 36133497 481370867 931 217158 1303 24 0 158921240 31 0
118.279 14 SVINFO 5 12 1 5 34 11 323
118.328 14 ESTIMATOR 217.10289 0.24
118.429 14 ATTITUDE 0.0023 1.743866 -0.004125
118.511 14 NAVIGATION 16 2 1050.21875 113.5 0. 1056.334106 98 77 77 0 0 0
118.528 14 GPS 3 36133809 481370850 931 217160 1303 13 0 158921480 31 0
118.529 14 SVINFO 6 13 1 6 35 53 14
118.679 14 DESIRED 0.001943 -0.002915 0. 1361.162231 95.631699 215. -0.063087 13.
118.737 14 IR_SENSORS 0 0 23 -16 264
118.738 14 WP_MOVED 8 361680.28125 4813542.5 215. 31
118.762 14 NAVIGATION 16 2 1053.34375 113. 0. 1059.387573 98 77 77 0 0 0
118.777 14 CIRCLE 1402.660034 27.23632 80.
118.779 14 GPS 3 36134121 481370833 931 217162 1302 19 0 158921720 31 0
118.783 14 SVINFO 0 7 0 0 31 65 74
118.828 14 NAVIGATION 16 2 1056.4375 113. 0. 1059.387573 98 77 77 0 0 0
118.828 14 ESTIMATOR 217.186249 0.19
118.928 14 AIRSPEED 12.9 0. 0. 0.
118.928 14 ATTITUDE 0.0023 1.743671 -0.004125
119.012 14 NAVIGATION 16 2 1056.4375 113. 0. 1062.463745 99 78 78 0 0 0
119.028 14 GPS 3 36134433 481370817 931 217163 1300 12 0 158921960 31 0
119.112 14 COMMANDS 2987,-6,13,0
119.212 14 FBW_STATUS 2 0 1 12.5 0.418569
119.240 14 DL_VALUE 23 0.
119.244 14 ENERGY 30 12.5 0.418569 5.232114 0.090556 1.131932
119.245 14 WP_MOVED 9 360312.8125 4813652. 185. 31
119.262 14 NAVIGATION 16 2 1059.5625 112.5 0. 1065.518188 99 78 78 0 0 0
119.277 14 GPS 3 36134796 481370797 931 217162 1298 36 0 158922240 31 0
119.278 14 SVINFO 2 9 1 2 32 72 174
119.328 14 COMMANDS 2938,-11,-32,0
119.328 14 ESTIMATOR 217.224091 0.36
119.428 14 STATE_FILTER_STATUS 2 3 303
119.428 14 ATTITUDE 0.0023 1.744275 -0.000365
119.512 14 NAVIGATION 16 2 1063.21875 112.5 0. 1069.154053 99 78 78 0 0 0
119.530 14 GPS 3 36135107 481370780 931 217159 1297 48 0 158922480 31 0
119.531 14 SVINFO 3 10 0 3 33 28 224
119.628 14 PPRZ_MODE 2 3 2 2 0 6
119.741 14 ALIVE 46,251,42,118,161,253,184,196,62,85,53,136,108,175,160,116
119.741 14 DESIRED 0.000888 -0.003097 0. 1361.577148 95.881737 215. -0.066723 13.
119.742 14 WP_MOVED 10 361686.65625 4813622. 215. 31
119.760 14 NAVIGATION 16 2 1066.34375 112.5 0. 1072.261719 99 78 78 0 0 0
119.778 14 GPS 3 36135417 481370763 931 217155 1294 36 0 158922720 31 0
119.828 14 CIRCLE 1402.660034 27.23632 80.
119.828 14 NAVIGATION 16 2 1069.40625 112. 0. 1072.261719 99 78 78 0 0 0
119.828 14 ESTIMATOR 217.332748 0.36
119.928 14 IR_SENSORS 0 0 23 -16 264
119.928 14 AIRSPEED 12.9 0. 0. 0.
119.928 14 ATTITUDE 0.0023 1.744966 -0.000365
120.011 14 NAVIGATION 16 2 1069.40625 112. 0. 1075.255249 100 79 79 0 0 0
120.027 14 FBW_STATUS 2 0 1 12.5 0.382965
120.028 14 GPS 3 36135726 481370746 931 217146 1291 30 0 158922960 31 0
120.127 14 CALIBRATION -16.305489 0
120.127 14 GPS_SOL 327 327 327 7
120.236 14 WP_MOVED 11 360169.5 4813757.5 260. 31
120.262 14 NAVIGATION 16 2 1072.53125 112. 0. 1078.363281 100 79 79 0 0 0
120.279 14 GPS 3 36136087 481370726 931 217132 1286 0 0 158923240 31 0
120.328 14 ENERGY 28 12.5 0.3789 4.736249 0.091279 1.140964
120.328 14 ESTIMATOR 217.350906 0.
120.403 14 WIND_INFO 14 5 -0.2 1.6 0. 12.9
120.428 14 ATTITUDE -0.001473 1.745769 -0.000365
120.511 14 NAVIGATION 16 2 1076.125 111.5 0. 1081.885986 100 79 79 0 0 0
120.529 14 GPS 3 36136394 481370709 931 217115 1284 0 0 158923480 31 0
120.751 14 DL_VALUE 24 0.
120.751 14 WP_MOVED 12 360287.59375 4813581. 260. 31
120.762 14 NAVIGATION 16 2 1079.15625 111.5 0. 1084.901123 100 79 79 0 0 0
120.778 14 DESIRED -0.000347 -0.003282 0. 1362.176758 96.237091 215. -0.068708 13.
120.778 14 GPS 3 36136702 481370692 931 217094 1282 7 0 158923720 31 0
120.778 14 SVINFO 1 8 0 1 32 89 125
120.829 14 NAVIGATION 16 2 1082.28125 111.5 0. 1084.901123 100 79 79 0 0 0
120.829 14 ESTIMATOR 217.239838 0.07
120.878 14 CIRCLE 1402.660034 27.23632 80.
120.927 14 AIRSPEED 12.9 0. 0. 0.
120.927 14 ATTITUDE -0.001473 1.745634 -0.004125
121.012 14 NAVIGATION 16 2 1082.28125 111.5 0. 1088.009644 101 80 80 0 0 0
121.028 14 GPS 3 36137008 481370676 930 217069 1280 -3 0 158923960 31 0
121.129 14 IR_SENSORS 0 0 22 -17 264
121.212 14 FBW_STATUS 2 0 1 12.5 0.373663
121.245 14 WP_MOVED 13 360311.5 4813547. 260. 31
121.262 14 NAVIGATION 16 2 1085.34375 111.5 0. 1091.05603 101 80 80 0 0 0
121.278 14 GPS 3 36137366 481370657 930 217036 1277 -17 0 158924240 31 0
121.328 14 ESTIMATOR 217.15892 -0.17
121.428 14 ENERGY 28 12.5 0.376702 4.708777 0.091968 1.149573
121.429 14 ATTITUDE -0.001473 1.744962 -0.004125
121.511 14 NAVIGATION 16 2 1088.9375 111. 0. 1094.5802 101 80 80 0 0 0
121.529 14 GPS 3 36137672 481370641 930 217005 1277 -30 0 158924480 31 0
121.529 14 SVINFO 4 11 1 4 34 0 275
121.743 14 WP_MOVED 14 360300.6875 4813575.5 260. 31
121.761 14 NAVIGATION 16 2 1091.96875 111. 0. 1097.595947 101 80 80 0 0 0
121.778 14 GPS 3 36137978 481370624 930 216973 1276 -31 0 158924720 31 0
121.778 14 SVINFO 5 12 1 5 35 16 325
121.828 14 DATALINK_REPORT 1 15 3316 543 0 0
121.828 14 DESIRED 0.000357 -0.002892 0. 1362.76709 96.580017 215. -0.062634 13.
121.828 14 NAVIGATION 16 2 1095. 110.5 0. 1097.595947 101 80 80 0 0 0
121.829 14 ESTIMATOR 217.002579 -0.31
121.928 14 CIRCLE 1402.660034 27.23632 80.
121.929 14 AIRSPEED 12.9 0. 0. 0.
121.929 14 ATTITUDE -0.001473 1.744385 -0.004125
122.012 14 NAVIGATION 16 2 1095. 110.5 0. 1100.561279 102 81 81 0 0 0
122.028 14 FBW_STATUS 2 0 1 12.5 0.39061
122.029 14 GPS 3 36138284 481370608 929 216939 1277 -36 0 158924960 31 0
122.029 14 SVINFO 6 13 1 6 36 59 16
122.128 14 GPS_SOL 335 335 335 7
122.241 14 AUTOPILOT_VERSION 51500 v5.15_devel-179-g9a29798-dirty
122.243 14 CALIBRATION -21.824797 0
122.244 14 DL_VALUE 25 0.
122.245 14 WP_MOVED 15 360297.6875 4813554.5 260. 31
122.262 14 NAVIGATION 16 2 1098.09375 110.5 0. 1103.639526 102 81 81 0 0 0
122.279 14 GPS 3 36138642 481370590 929 216901 1279 -23 0 158925240 31 0
122.326 14 IR_SENSORS 0 0 22 -17 264
122.327 14 ESTIMATOR 216.854675 -0.23
122.428 14 ATTITUDE -0.001473 1.743444 -0.000365
122.511 14 NAVIGATION 16 2 1101.65625 110.5 0. 1107.184204 102 81 81 0 0 0
122.528 14 ENERGY 30 12.5 0.400854 5.010674 0.092682 1.158502
122.529 14 GPS 3 36138949 481370574 929 216869 1280 -29 0 158925480 31 0
122.748 14 WP_MOVED 16 360683.46875 4813622.5 215. 31
122.761 14 NAVIGATION 16 2 1104.71875 110. 0. 1110.181763 102 81 81 0 0 0
122.780 14 GPS 3 36139256 481370558 929 216838 1282 -29 0 158925720 31 0
122.780 14 SVINFO 2 9 1 2 33 66 176
122.828 14 NAVIGATION 16 2 1107.8125 110. 0. 1110.181763 102 81 81 0 0 0
122.828 14 ESTIMATOR 216.767517 -0.29
122.878 14 DESIRED -6.5e-05 -0.00257 0. 1363.295898 96.881622 215. -0.054469 13.
122.927 14 AIRSPEED 12.9 0. 0. 0.
122.928 14 ATTITUDE -0.001473 1.74248 -0.004125
122.978 14 CIRCLE 1402.660034 27.23632 80.
123.011 14 NAVIGATION 16 2 1107.8125 110. 0. 1113.260254 103 82 82 0 0 0
123.029 14 GPS 3 36139564 481370543 929 216810 1283 -43 0 158925960 31 0
123.029 14 SVINFO 3 10 1 3 34 23 226
123.211 14 FBW_STATUS 2 0 1 12.5 0.421163
123.244 14 WP_MOVED 17 360654.59375 4813624.5 215. 31
123.261 14 NAVIGATION 16 2 1110.875 110. 0. 1116.307861 103 82 82 0 0 0
123.277 14 GPS 3 36139923 481370525 928 216780 1287 -43 0 158926240 31 0
123.277 14 SVINFO 4 11 1 4 35 0 276
123.328 14 ESTIMATOR 216.658936 -0.43
123.429 14 ATTITUDE 0.0023 1.741375 -0.000365
123.513 14 NAVIGATION 16 2 1114.5 110. 0. 1119.915283 103 82 82 0 0 0
123.528 14 IR_SENSORS 0 0 22 -17 264
123.528 14 GPS 3 36140232 481370509 928 216757 1289 -37 0 158926480 31 0
123.529 14 SVINFO 5 12 1 5 36 19 326
123.629 14 ENERGY 32 12.5 0.434182 5.427277 0.093446 1.168057
123.752 14 DL_VALUE 26 160.
123.752 14 WP_MOVED 0 360326. 4813637. 260. 31
123.761 14 NAVIGATION 16 2 1117.5625 109.5 0. 1122.914185 103 82 82 0 0 0
123.780 14 GPS 3 36140542 481370494 928 216738 1291 -31 0 158926720 31 0
123.781 14 SVINFO 6 13 1 6 37 62 17
123.827 14 NAVIGATION 16 2 1120.6875 109.5 0. 1122.914185 103 82 82 0 0 0
123.828 14 ESTIMATOR 216.569901 -0.31
123.928 14 DESIRED -5.2e-05 -0.002253 0. 1363.991699 97.270287 215. -0.048128 13.
123.929 14 AIRSPEED 12.9 0. 0. 0.
123.929 14 ATTITUDE -0.001473 1.740644 -0.000365
124.011 14 NAVIGATION 16 2 1120.6875 109.5 0. 1126.024292 104 83 83 0 0 0
124.028 14 FBW_STATUS 2 0 1 12.5 0.444484
124.028 14 CIRCLE 1402.660034 27.23632 80.
124.029 14 GPS 3 36140852 481370478 928 216723 1294 -30 0 158926960 31 0
124.029 14 SVINFO 0 7 0 0 32 73 77
124.112 14 COMMANDS 3141,11,23,0
124.127 14 NAVIGATION_REF 360284 4813595 31 185.
124.128 14 GPS_SOL 345 345 345 7
124.251 14 WP_MOVED 1 360284. 4813595. 260. 31
124.262 14 NAVIGATION 16 2 1123.78125 109. 0. 1129.055054 104 83 83 0 0 0
124.280 14 GPS 3 36141215 481370460 928 216709 1298 -18 0 158927240 31 0
124.280 14 SVINFO 1 8 0 1 33 89 127
124.328 14 COMMANDS 3157,5,-21,0
124.328 14 CALIBRATION -56.334122 0
124.328 14 ESTIMATOR 216.536377 -0.18
124.428 14 STATE_FILTER_STATUS 2 3 303
124.429 14 ATTITUDE -0.001473 1.73913 -0.004125
124.511 14 NAVIGATION 16 2 1127.40625 109. 0. 1132.663208 104 83 83 0 0 0
124.528 14 GPS 3 36141527 481370445 927 216702 1300 -1 0 158927480 31 0
124.629 14 PPRZ_MODE 2 3 2 2 0 6
124.750 14 ALIVE 46,251,42,118,161,253,184,196,62,85,53,136,108,175,160,116
124.751 14 IR_SENSORS 0 0 23 -17 264
124.751 14 ENERGY 32 12.5 0.449041 5.613013 0.094263 1.178267
124.751 14 WP_MOVED 2 360333.5 4813695. 260. 31
124.768 14 NAVIGATION 16 2 1130.53125 109. 0. 1135.773682 104 83 83 0 0 0
124.781 14 GPS 3 36141839 481370430 927 216698 1302 -1 0 158927720 31 0
124.827 14 NAVIGATION 16 2 1133.65625 109. 0. 1135.773682 104 83 83 0 0 0
124.828 14 ESTIMATOR 216.582825 -0.01
124.929 14 AIRSPEED 12.9 0. 0. 0.
124.929 14 ATTITUDE -0.001473 1.738008 -0.004125
124.977 14 DESIRED -0.000132 -0.002165 0. 1364.761719 97.689995 215. -0.046365 13.
125.011 14 NAVIGATION 16 2 1133.65625 109. 0. 1138.884277 105 84 84 0 0 0
125.029 14 GPS 3 36142152 481370415 927 216696 1303 -4 0 158927960 31 0
125.078 14 CIRCLE 1402.660034 27.23632 80.
125.212 14 FBW_STATUS 2 0 1 12.5 0.447813
125.227 14 DL_VALUE 27 0.
125.228 14 WP_MOVED 3 360294.09375 4813785. 260. 31
125.261 14 NAVIGATION 16 2 1136.78125 108.5 0. 1141.947388 105 84 84 0 0 0
125.279 14 GPS 3 36142516 481370397 927 216698 1304 -8 0 158928240 31 0
125.327 14 ESTIMATOR 216.625214 -0.08
125.428 14 ATTITUDE -0.001473 1.737147 -0.000365
125.511 14 NAVIGATION 16 2 1140.40625 108.5 0. 1145.55603 105 84 84 0 0 0
125.528 14 GPS 3 36142829 481370383 927 216701 1305 -19 0 158928480 31 0
125.728 14 WP_MOVED 4 360416.3125 4813734. 260. 31
125.765 14 NAVIGATION 16 2 1143.53125 108. 0. 1148.619873 105 84 84 0 0 0
125.778 14 GPS 3 36143142 481370368 926 216705 1305 -5 0 158928720 31 0
125.828 14 ENERGY 33 12.5 0.451499 5.643737 0.095087 1.18856
125.828 14 NAVIGATION 16 2 1146.6875 108. 0. 1148.619873 105 84 84 0 0 0
125.829 14 ESTIMATOR 216.613846 -0.05
125.928 14 IR_SENSORS 0 0 23 -17 264
125.928 14 AIRSPEED 12.9 0. 0. 0.
125.928 14 ATTITUDE -0.001473 1.736304 -0.000365
126.012 14 NAVIGATION 16 2 1146.6875 108. 0. 1151.762207 106 85 85 0 0 0
126.029 14 FBW_STATUS 2 0 1 12.5 0.451499
126.029 14 DESIRED -0.001116 -0.002267 0. 1365.734253 98.204521 215. -0.048415 13.
126.029 14 GPS 3 36143455 481370353 926 216710 1306 -16 0 158928960 31 0
126.128 14 GPS_SOL 356 356 356 7
126.129 14 CIRCLE 1402.660034 27.23632 80.
126.228 14 WP_MOVED 5 360421. 4813583.5 260. 31
126.264 14 NAVIGATION 16 2 1149.8125 108. 0. 1154.873535 106 85 85 0 0 0
126.280 14 GPS 3 36143821 481370337 926 216717 1307 -4 0 158929240 31 0
126.280 14 SVINFO 2 9 0 2 34 61 178
126.328 14 ESTIMATOR 216.622101 -0.04
126.429 14 CALIBRATION -60.656357 0
126.429 14 ATTITUDE -0.001473 1.734876 -0.004125
126.511 14 NAVIGATION 16 2 1153.4375 108. 0. 1158.482666 106 85 85 0 0 0
126.528 14 GPS 3 36144135 481370323 925 216724 1307 -3 0 158929480 31 0
126.529 14 SVINFO 3 10 1 3 35 17 228
126.727 14 DL_VALUE 28 0.32
126.728 14 WP_MOVED 6 360164.8125 4813664.5 260. 31
126.761 14 NAVIGATION 16 2 1156.625 108. 0. 1161.65625 106 85 85 0 0 0
126.778 14 GPS 3 36144448 481370309 925 216731 1307 -3 0 158929720 31 0
126.781 14 SVINFO 4 11 0 4 36 0 278
126.827 14 NAVIGATION 16 2 1159.71875 107.5 0. 1161.65625 106 85 85 0 0 0
126.827 14 ESTIMATOR 216.658447 -0.03
126.928 14 DATALINK_REPORT 6 15 3450 561 0 0
126.929 14 ENERGY 33 12.5 0.452905 5.661309 0.095918 1.198948
126.929 14 AIRSPEED 12.9 0. 0. 0.
126.929 14 ATTITUDE -0.001473 1.733999 -0.000365
127.012 14 NAVIGATION 16 2 1159.71875 107.5 0. 1164.69043 107 86 86 0 0 0
127.028 14 GPS 3 36144762 481370295 925 216739 1307 -5 0 158929960 31 0
127.029 14 SVINFO 5 12 1 5 37 24 328
127.078 14 DESIRED -0.001017 -0.002334 0. 1366.692871 98.69516 215. -0.049753 13.
127.129 14 IR_SENSORS 0 0 23 -17 264
127.178 14 CIRCLE 1402.660034 27.23632 80.
127.211 14 FBW_STATUS 2 0 1 12.5 0.452729
127.227 14 WP_MOVED 7 360558.40625 4813804.5 260. 31
127.261 14 NAVIGATION 16 2 1162.84375 107.5 0. 1167.802124 107 86 86 0 0 0
127.277 14 GPS 3 36145128 481370279 925 216749 1308 -8 0 158930240 31 0
127.277 14 SVINFO 6 13 1 6 38 67 19
127.327 14 ESTIMATOR 216.68367 -0.08
127.427 14 ATTITUDE -0.001473 1.733112 -0.004125
127.511 14 NAVIGATION 16 2 1166.53125 107. 0. 1171.428223 107 86 86 0 0 0
127.528 14 GPS 3 36145441 481370265 924 216758 1308 0 0 158930480 31 0
127.529 14 SVINFO 0 7 0 0 33 78 79
127.728 14 WP_MOVED 8 361680.28125 4813542.5 215. 31
127.762 14 NAVIGATION 16 2 1169.65625 107. 0. 1174.540283 107 86 86 0 0 0
127.778 14 GPS 3 36145755 481370251 924 216767 1308 3 0 158930720 31 0
127.778 14 SVINFO 1 8 1 1 34 88 129
127.828 14 NAVIGATION 16 2 1172.8125 107. 0. 1174.540283 107 86 86 0 0 0
127.828 14 ESTIMATOR 216.708237 0.03
127.928 14 AIRSPEED 12.9 0. 0. 0.
127.928 14 ATTITUDE -0.001473 1.732705 -0.004125
128.012 14 NAVIGATION 16 2 1172.8125 107. 0. 1177.68335 108 87 87 0 0 0
128.028 14 FBW_STATUS 2 0 1 12.5 0.449216
128.028 14 ENERGY 32 12.5 0.449216 5.615206 0.096747 1.209311
128.028 14 GPS 3 36146069 481370238 924 216776 1308 -9 0 158930960 31 0
128.029 14 SVINFO 2 9 1 2 35 58 179
128.128 14 GPS_SOL 367 367 367 7
128.128 14 DESIRED -0.001602 -0.002409 0. 1367.763916 99.224251 215. -0.051247 13.
128.228 14 DL_VALUE 29 0.
128.228 14 CIRCLE 1402.660034 27.23632 80.
128.229 14 WP_MOVED 9 360312.8125 4813652. 185. 31
128.263 14 NAVIGATION 16 2 1175.9375 107. 0. 1180.795532 108 87 87 0 0 0
128.278 14 GPS 3 36146434 481370222 924 216787 1307 -21 0 158931240 31 0
128.327 14 IR_SENSORS 0 0 22 -17 264
128.327 14 ESTIMATOR 216.728836 -0.21
128.429 14 ATTITUDE -0.001473 1.732138 -0.004125
128.511 14 NAVIGATION 16 2 1179.5625 106.5 0. 1184.360596 108 87 87 0 0 0
128.527 14 CALIBRATION -61.724339 0
128.527 14 GPS 3 36146748 481370209 924 216795 1307 -13 0 158931480 31 0
128.528 14 SVINFO 4 11 0 4 37 0 279
128.729 14 WP_MOVED 10 361686.65625 4813622. 215. 31
128.761 14 NAVIGATION 16 2 1182.71875 106.5 0. 1187.504028 108 87 87 0 0 0
128.777 14 GPS 3 36147062 481370196 924 216804 1308 -5 0 158931720 31 0
128.778 14 SVINFO 5 12 1 5 38 27 329
128.826 14 NAVIGATION 16 2 1185.875 106.5 0. 1187.504028 108 87 87 0 0 0
128.826 14 ESTIMATOR 216.708206 -0.05
128.928 14 AIRSPEED 12.9 0. 0. 0.
128.929 14 ATTITUDE -0.001473 1.73147 -0.004125
129.011 14 NAVIGATION 16 2 1185.875 106.5 0. 1190.647583 109 88 88 0 0 0
129.028 14 GPS 3 36147376 481370183 923 216814 1308 -1 0 158931960 31 0
129.029 14 SVINFO 6 13 0 6 39 70 20
129.112 14 COMMANDS 3191,-10,20,0
129.128 14 ENERGY 33 12.5 0.455543 5.69429 0.09758 1.219733
129.178 14 DESIRED -0.002925 -0.002409 0. 1368.957031 99.790474 215. -0.051246 13.
129.212 14 FBW_STATUS 2 0 1 12.5 0.455191
129.229 14 WP_MOVED 11 360169.5 4813757.5 260. 31
129.264 14 NAVIGATION 16 2 1189. 106.5 0. 1193.760132 109 88 88 0 0 0
129.278 14 CIRCLE 1402.660034 27.23632 80.
129.278 14 GPS 3 36147742 481370167 923 216825 1309 -21 0 158932240 31 0
129.328 14 COMMANDS 3208,-9,-24,0
129.328 14 ESTIMATOR 216.749512 -0.21
129.428 14 STATE_FILTER_STATUS 2 3 303
129.428 14 ATTITUDE -0.001473 1.730287 -0.004125
129.511 14 NAVIGATION 16 2 1192.6875 106.5 0. 1197.432983 109 88 88 0 0 0
129.528 14 IR_SENSORS 0 0 22 -17 264
129.528 14 GPS 3 36148056 481370155 923 216835 1309 -23 0 158932480 31 0
129.628 14 PPRZ_MODE 2 3 2 2 0 6
129.728 14 ALIVE 46,251,42,118,161,253,184,196,62,85,53,136,108,175,160,116
129.728 14 DL_VALUE 30 0.01
129.728 14 WP_MOVED 12 360287.59375 4813581. 260. 31
129.763 14 NAVIGATION 16 2 1195.8125 106. 0. 1200.501343 109 88 88 0 0 0
129.779 14 GPS 3 36148370 481370142 922 216846 1309 -21 0 158932720 31 0
129.828 14 NAVIGATION 16 2 1198.9375 106. 0. 1200.501343 109 88 88 0 0 0
129.828 14 ESTIMATOR 216.718994 -0.21
129.928 14 AIRSPEED 12.9 0. 0. 0.
129.928 14 ATTITUDE -0.005245 1.729044 -0.004125
130.011 14 NAVIGATION 16 2 1198.9375 106. 0. 1203.614136 109 89 89 0 0 0
130.028 14 FBW_STATUS 2 0 1 12.5 0.468786
130.029 14 GPS 3 36148684 481370130 922 216857 1310 4 0 158932960 31 0
130.030 14 SVINFO 3 10 0 3 36 13 230
130.128 14 GPS_SOL 380 380 380 7
130.228 14 ENERGY 33 12.5 0.463832 5.797903 0.098428 1.230325
130.228 14 DESIRED -0.003392 -0.002032 0. 1370.296753 100.397903 215. -0.05157 13.
130.229 14 WP_MOVED 13 360311.5 4813547. 260. 31
130.264 14 NAVIGATION 16 2 1202.09375 106. 0. 1206.758179 110 89 89 0 0 0
130.277 14 GPS 3 36149051 481370116 921 216871 1311 -6 0 158933240 31 0
130.328 14 CIRCLE 1402.660034 27.23632 80.
130.328 14 ESTIMATOR 216.762878 -0.06
130.404 14 WIND_INFO 14 5 -0.2 1.6 0. 12.8
130.429 14 ATTITUDE -0.005245 1.726624 -0.000365
130.511 14 NAVIGATION 16 2 1205.78125 105.5 0. 1210.387817 110 89 89 0 0 0
130.528 14 GPS 3 36149366 481370105 920 216885 1312 -2 0 158933480 31 0
130.628 14 CALIBRATION -68.001343 0
130.728 14 IR_SENSORS 0 0 22 -17 264
130.728 14 WP_MOVED 14 360300.6875 4813575.5 260. 31
130.769 14 NAVIGATION 16 2 1208.9375 105.5 0. 1213.532104 110 89 89 0 0 0
130.778 14 GPS 3 36149681 481370093 920 216899 1312 -26 0 158933720 31 0
130.828 14 NAVIGATION 16 2 1212.0625 105.5 0. 1213.532104 110 89 89 0 0 0
130.828 14 ESTIMATOR 216.809189 -0.26
130.928 14 AIRSPEED 12.8 0. 0. 0.
130.929 14 ATTITUDE -0.001473 1.725022 -0.000365
131.011 14 NAVIGATION 16 2 1212.0625 105.5 0. 1216.645264 111 90 90 0 0 0
131.028 14 GPS 3 36149995 481370082 920 216913 1312 -25 0 158933960 31 0
131.029 14 SVINFO 0 7 0 0 34 82 81
131.212 14 FBW_STATUS 2 0 1 12.5 0.47393
131.227 14 DL_VALUE 31 0.1
131.228 14 WP_MOVED 15 360297.6875 4813554.5 260. 31
131.263 14 NAVIGATION 16 2 1215.21875 105.5 0. 1219.789673 111 90 90 0 0 0
131.280 14 DESIRED -0.003857 -0.002528 0. 1372.254883 101.233131 215. -0.053627 13.
131.281 14 GPS 3 36150363 481370070 919 216931 1313 -22 0 158934240 31 0
131.281 14 SVINFO 1 8 0 1 35 86 131
131.328 14 ENERGY 34 12.5 0.47535 5.94188 0.099285 1.24104
131.328 14 ESTIMATOR 216.778 -0.22
131.378 14 CIRCLE 1402.660034 27.23632 80.
131.428 14 ATTITUDE -0.001473 1.723022 -0.004125
131.511 14 NAVIGATION 16 2 1218.875 105.5 0. 1223.432251 111 90 90 0 0 0
131.529 14 GPS 3 36150678 481370059 919 216947 1314 -30 0 158934480 31 0
131.530 14 SVINFO 2 9 0 2 36 51 181
131.728 14 WP_MOVED 16 360683.46875 4813622.5 215. 31
131.770 14 NAVIGATION 16 2 1222.0625 105. 0. 1226.565063 111 90 90 0 0 0
131.779 14 GPS 3 36150994 481370049 918 216965 1315 -28 0 158934720 31 0
131.780 14 SVINFO 3 10 1 3 37 11 231
131.827 14 NAVIGATION 16 2 1225.15625 105. 0. 1226.565063 111 90 90 0 0 0
131.828 14 ESTIMATOR 216.772247 -0.28
131.928 14 IR_SENSORS 0 0 22 -17 264
131.928 14 AIRSPEED 12.8 0. 0. 0.
131.928 14 ATTITUDE -0.001473 1.721721 -0.004125
132.011 14 NAVIGATION 16 2 1225.15625 105. 0. 1229.647461 112 91 91 0 0 0
132.027 14 DATALINK_REPORT 2 16 3584 561 0 0
132.028 14 FBW_STATUS 2 0 1 12.5 0.490329
132.028 14 GPS 3 36151310 481370039 918 216984 1317 -31 0 158934960 31 0
132.029 14 SVINFO 4 11 1 4 38 1 281
132.128 14 GPS_SOL 393 393 393 7
132.229 14 WP_MOVED 17 360654.59375 4813624.5 215. 31
132.266 14 NAVIGATION 16 2 1228.375 105. 0. 1232.854492 112 91 91 0 0 0
132.279 14 GPS 3 36151679 481370028 917 217008 1319 -30 0 158935240 31 0
132.280 14 SVINFO 5 12 1 5 39 33 331
132.328 14 DESIRED -0.005949 -0.002116 0. 1374.050293 101.945648 215. -0.05324 13.
132.328 14 ESTIMATOR 216.777039 -0.3
132.428 14 ENERGY 35 12.5 0.499653 6.245667 0.100178 1.252206
132.428 14 CIRCLE 1402.660034 27.23632 80.
132.429 14 ATTITUDE -0.005245 1.719506 -0.004125
132.511 14 NAVIGATION 16 2 1232.0625 104.5 0. 1236.486206 112 91 91 0 0 0
132.528 14 GPS 3 36151996 481370018 917 217032 1321 -11 0 158935480 31 0
132.529 14 SVINFO 6 13 1 6 40 75 22
132.728 14 CALIBRATION -91.746384 0
132.728 14 DL_VALUE 32 0.
132.728 14 WP_MOVED 0 360326. 4813637. 260. 31
132.769 14 NAVIGATION 16 2 1235.21875 104.5 0. 1239.631226 112 91 91 0 0 0
132.781 14 GPS 3 36152313 481370009 916 217057 1322 2 0 158935720 31 0
132.827 14 NAVIGATION 16 2 1238.375 104.5 0. 1239.631226 112 91 91 0 0 0
132.828 14 ESTIMATOR 216.835831 0.02
132.928 14 AIRSPEED 12.8 0. 0. 0.
132.928 14 ATTITUDE -0.009014 1.717374 -0.000365
133.011 14 NAVIGATION 16 2 1238.375 104.5 0. 1242.776245 113 92 92 0 0 0
133.028 14 GPS 3 36152631 481370000 915 217085 1324 -17 0 158935960 31 0
133.128 14 NAVIGATION_REF 360284 4813595 31 185.
133.128 14 IR_SENSORS 0 0 22 -19 264
133.211 14 FBW_STATUS 2 0 1 12.5 0.501451
133.228 14 WP_MOVED 1 360284. 4813595. 260. 31
133.267 14 NAVIGATION 16 2 1241.5625 104.5 0. 1245.952515 113 92 92 0 0 0
133.279 14 GPS 3 36153002 481369991 914 217120 1325 -21 0 158936240 31 0
133.329 14 AUTOPILOT_VERSION 51500 v5.15_devel-179-g9a29798-dirty
133.330 14 ESTIMATOR 216.927612 -0.21
133.378 14 DESIRED -0.007616 -0.001916 0. 1376.117065 102.704681 215. -0.057107 13.
133.428 14 ATTITUDE -0.009014 1.713506 -0.000365
133.478 14 CIRCLE 1402.660034 27.23632 80.
133.512 14 NAVIGATION 16 2 1245.25 104.5 0. 1249.627075 113 92 92 0 0 0
133.528 14 ENERGY 36 12.5 0.505592 6.319895 0.101096 1.263682
133.528 14 GPS 3 36153320 481369983 913 217152 1326 -25 0 158936480 31 0
133.727 14 WP_MOVED 2 360333.5 4813695. 260. 31
133.771 14 NAVIGATION 16 2 1248.4375 104.5 0. 1252.803467 113 92 92 0 0 0
133.779 14 GPS 3 36153639 481369976 912 217185 1327 -27 0 158936720 31 0
133.780 14 SVINFO 4 11 1 4 39 2 282
133.828 14 NAVIGATION 16 2 1251.65625 104.5 0. 1252.803467 113 92 92 0 0 0
133.829 14 ESTIMATOR 216.961166 -0.27
133.928 14 AIRSPEED 12.8 0. 0. 0.
133.929 14 ATTITUDE -0.009014 1.710422 -0.004125
134.011 14 NAVIGATION 16 2 1251.65625 104.5 0. 1256.010986 114 93 93 0 0 0
134.029 14 FBW_STATUS 2 0 1 12.5 0.515705
134.029 14 GPS 3 36154011 481369969 911 217225 1328 -45 0 158937000 31 0
134.030 14 SVINFO 5 12 1 5 40 36 332
134.112 14 COMMANDS 3559,14,25,0
134.128 14 GPS_SOL 407 407 407 7
134.228 14 DL_VALUE 33 0.15
134.228 14 WP_MOVED 3 360294.09375 4813785. 260. 31
134.282 14 NAVIGATION 16 2 1255.375 104.5 0. 1259.716919 114 93 93 0 0 0
134.282 14 GPS 3 36154330 481369963 910 217262 1330 -37 0 158937240 31 0
134.284 14 SVINFO 6 13 1 6 41 77 23
134.327 14 COMMANDS 3592,16,-19,0
134.327 14 IR_SENSORS 0 0 23 -19 264
134.328 14 ESTIMATOR 216.967987 -0.37
134.428 14 STATE_FILTER_STATUS 2 3 306
134.428 14 DESIRED -0.006838 -0.002029 0. 1378.844604 103.609245 215. -0.059364 13.
134.428 14 ATTITUDE -0.009014 1.705821 -0.000365
134.511 14 NAVIGATION 16 2 1258.53125 104. 0. 1262.821045 114 93 93 0 0 0
134.531 14 CIRCLE 1402.660034 27.23632 80.
134.532 14 GPS 3 36154650 481369958 909 217300 1332 -8 0 158937480 31 0
134.533 14 SVINFO 0 7 0 0 35 85 83
134.629 14 PPRZ_MODE 2 3 2 2 0 6
134.629 14 ENERGY 37 12.5 0.529323 6.616534 0.102048 1.275577
134.728 14 ALIVE 46,251,42,118,161,253,184,196,62,85,53,136,108,175,160,116
134.729 14 WP_MOVED 4 360416.3125 4813734. 260. 31
134.775 14 NAVIGATION 16 2 1261.71875 104. 0. 1265.997681 114 93 93 0 0 0
134.780 14 GPS 3 36154970 481369953 908 217342 1334 13 0 158937720 31 0
134.781 14 SVINFO 1 8 0 1 36 83 133
134.829 14 CALIBRATION -110.738853 0
134.829 14 NAVIGATION 16 2 1264.9375 104. 0. 1265.997681 114 93 93 0 0 0
134.829 14 ESTIMATOR 217.060776 0.13
134.928 14 AIRSPEED 12.8 0. 0. 0.
134.928 14 ATTITUDE -0.009014 1.702688 -0.004125
135.011 14 NAVIGATION 16 2 1264.9375 104. 0. 1269.205566 115 94 94 0 0 0
135.028 14 GPS 3 36155290 481369949 907 217385 1335 -2 0 158937960 31 0
135.029 14 SVINFO 2 9 1 2 37 45 183
135.212 14 FBW_STATUS 2 0 1 12.5 0.522958
135.227 14 WP_MOVED 5 360421. 4813583.5 260. 31
135.273 14 NAVIGATION 16 2 1268.125 104. 0. 1272.382446 115 94 94 0 0 0
135.280 14 GPS 3 36155664 481369944 906 217438 1336 7 0 158938240 31 0
135.282 14 SVINFO 3 10 1 3 38 7 233
135.328 14 ESTIMATOR 217.233688 0.07
135.428 14 ATTITUDE -0.009014 1.69877 -0.000365
135.478 14 DESIRED -0.009101 -0.002313 0. 1381.561523 104.404022 215. -0.065044 13.
135.511 14 NAVIGATION 16 2 1271.875 104. 0. 1276.119873 115 94 94 0 0 0
135.528 14 IR_SENSORS 0 0 23 -19 264
135.528 14 GPS 3 36155985 481369941 905 217484 1336 -20 0 158938480 31 0
135.579 14 CIRCLE 1402.660034 27.23632 80.
135.728 14 DL_VALUE 34 0.05
135.729 14 ENERGY 37 12.5 0.523139 6.53924 0.103007 1.28757
135.729 14 WP_MOVED 6 360164.8125 4813664.5 260. 31
135.782 14 NAVIGATION 16 2 1275.09375 104. 0. 1279.328003 115 94 94 0 0 0
135.782 14 GPS 3 36156306 481369939 904 217531 1336 -27 0 158938720 31 0
135.828 14 NAVIGATION 16 2 1278.28125 104. 0. 1279.328003 115 94 94 0 0 0
135.828 14 ESTIMATOR 217.330322 -0.27
135.928 14 AIRSPEED 12.8 0. 0. 0.
135.929 14 ATTITUDE -0.012781 1.695881 -0.000365
136.011 14 NAVIGATION 16 2 1278.28125 104. 0. 1282.505005 116 95 95 0 0 0
136.028 14 FBW_STATUS 2 0 1 12.5 0.528959
136.028 14 GPS 3 36156627 481369937 903 217579 1336 -26 0 158938960 31 0
136.128 14 GPS_SOL 421 421 421 7
136.228 14 WP_MOVED 7 360558.40625 4813804.5 260. 31
136.290 14 NAVIGATION 16 2 1281.53125 104. 0. 1285.744263 116 95 95 0 0 0
136.291 14 GPS 3 36157001 481369936 901 217635 1337 -33 0 158939240 31 0
136.292 14 SVINFO 0 7 0 0 36 86 84
136.327 14 ESTIMATOR 217.370483 -0.33
136.428 14 ATTITUDE -0.009014 1.690601 -0.004125
136.512 14 NAVIGATION 16 2 1285.25 103.5 0. 1289.410645 116 95 95 0 0 0
136.528 14 DESIRED -0.012307 -0.002617 0. 1386.034912 105.489792 215. -0.071115 13.
136.528 14 GPS 3 36157322 481369935 900 217683 1338 -32 0 158939480 31 0
136.529 14 SVINFO 1 8 1 1 37 81 134
136.628 14 CIRCLE 1402.660034 27.23632 80.
136.728 14 IR_SENSORS 0 0 23 -19 264
136.728 14 WP_MOVED 8 361680.28125 4813542.5 215. 31
136.783 14 NAVIGATION 16 2 1288.4375 103.5 0. 1292.587891 116 95 95 0 0 0
136.784 14 GPS 3 36157644 481369936 899 217733 1339 -17 0 158939720 31 0
136.784 14 SVINFO 2 9 1 2 38 42 184
136.828 14 ENERGY 38 12.5 0.543755 6.796938 0.103987 1.299812
136.828 14 NAVIGATION 16 2 1291.6875 103.5 0. 1292.587891 116 95 95 0 0 0
136.828 14 ESTIMATOR 217.418289 -0.17
136.928 14 CALIBRATION -122.757172 0
136.928 14 AIRSPEED 12.8 0. 0. 0.
136.928 14 ATTITUDE -0.009014 1.687258 -0.004125
137.011 14 NAVIGATION 16 2 1291.6875 103.5 0. 1295.827515 117 96 96 0 0 0
137.027 14 GPS 3 36157966 481369936 898 217785 1341 -12 0 158939960 31 0
137.028 14 SVINFO 3 10 1 3 39 5 234
137.128 14 DATALINK_REPORT 7 16 3720 569 0 0
137.211 14 FBW_STATUS 2 0 1 12.5 0.545588
137.228 14 DL_VALUE 35 0.
137.228 14 WP_MOVED 9 360312.8125 4813652. 185. 31
137.282 14 NAVIGATION 16 2 1294.9375 103.5 0. 1299.067139 117 96 96 0 0 0
137.282 14 GPS 3 36158342 481369938 896 217847 1342 -15 0 158940240 31 0
137.283 14 SVINFO 4 11 1 4 40 5 284
137.328 14 ESTIMATOR 217.552704 -0.15
137.428 14 ATTITUDE -0.012781 1.681914 -0.000365
137.511 14 NAVIGATION 16 2 1298.6875 104. 0. 1302.845093 117 96 96 0 0 0
137.528 14 GPS 3 36158664 481369941 895 217902 1343 6 0 158940480 31 0
137.528 14 SVINFO 5 12 1 5 41 42 334
137.577 14 DESIRED -0.010998 -0.002498 0. 1390.75061 106.344894 215. -0.076581 13.
137.678 14 CIRCLE 1402.660034 27.23632 80.
137.728 14 WP_MOVED 10 361686.65625 4813622. 215. 31
137.789 14 NAVIGATION 16 2 1301.875 104. 0. 1306.022339 117 96 96 0 0 0
137.791 14 GPS 3 36158987 481369944 894 217959 1344 28 0 158940720 31 0
137.792 14 SVINFO 6 13 1 6 42 81 25
137.827 14 NAVIGATION 16 2 1305.125 104. 0. 1306.022339 117 96 96 0 0 0
137.827 14 ESTIMATOR 217.714233 0.28
137.928 14 IR_SENSORS 0 0 23 -20 264
137.929 14 ENERGY 37 12.5 0.532968 6.662097 0.104984 1.312271
137.929 14 AIRSPEED 12.8 0. 0. 0.
137.929 14 ATTITUDE -0.012781 1.677541 -0.000365
138.011 14 NAVIGATION 16 2 1305.125 104. 0. 1309.262085 118 97 97 0 0 0
138.028 14 FBW_STATUS 2 0 1 12.5 0.528959
138.028 14 GPS 3 36159309 481369948 892 218016 1344 34 0 158940960 31 0
138.128 14 GPS_SOL 436 436 436 7
138.228 14 WP_MOVED 11 360169.5 4813757.5 260. 31
138.288 14 NAVIGATION 16 2 1308.34375 104. 0. 1312.470703 118 97 97 0 0 0
138.290 14 GPS 3 36159685 481369954 890 218083 1342 23 0 158941240 31 0
138.327 14 ESTIMATOR 217.968399 0.23
138.428 14 ATTITUDE -0.012781 1.671666 -0.000365
138.512 14 NAVIGATION 16 2 1312.09375 104. 0. 1316.208984 118 97 97 0 0 0
138.528 14 GPS 3 36160007 481369960 889 218139 1340 22 0 158941480 31 0
138.629 14 DESIRED -0.010656 -0.003121 0. 1396.083374 106.965538 215. -0.089052 13.
138.728 14 DL_VALUE 36 0.
138.729 14 CIRCLE 1402.660034 27.23632 80.
138.729 14 WP_MOVED 12 360287.59375 4813581. 260. 31
138.781 14 NAVIGATION 16 2 1315.34375 104. 0. 1319.448853 118 97 97 0 0 0
138.782 14 GPS 3 36160328 481369966 888 218193 1338 17 0 158941720 31 0
138.783 14 SVINFO 3 10 1 3 40 4 235
138.828 14 NAVIGATION 16 2 1318.53125 104. 0. 1319.448853 118 97 97 0 0 0
138.828 14 ESTIMATOR 218.131287 0.17
138.928 14 AIRSPEED 12.8 0. 0. 0.
138.928 14 ATTITUDE -0.012781 1.668368 -0.004125
139.011 14 NAVIGATION 16 2 1318.53125 104. 0. 1322.626465 119 98 98 0 0 0
139.027 14 CALIBRATION -97.881004 0
139.027 14 ENERGY 35 12.5 0.497318 6.21648 0.105924 1.324026
139.028 14 GPS 3 36160649 481369974 887 218245 1336 -11 0 158941960 31 0
139.028 14 SVINFO 4 11 0 4 41 7 285
139.111 14 COMMANDS 3443,16,-36,0
139.128 14 IR_SENSORS 0 0 22 -20 264
139.212 14 FBW_STATUS 2 0 1 12.5 0.500552
139.228 14 WP_MOVED 13 360311.5 4813547. 260. 31
139.261 14 NAVIGATION 16 2 1321.71875 104.5 0. 1325.843384 119 98 98 0 0 0
139.294 14 GPS 3 36161022 481369983 884 218302 1332 -20 0 158942240 31 0
139.294 14 SVINFO 5 12 0 5 42 45 335
139.328 14 COMMANDS 3452,46,8,0
139.328 14 ESTIMATOR 218.19989 -0.2
139.427 14 STATE_FILTER_STATUS 2 3 306
139.427 14 ATTITUDE -0.012781 1.663077 -0.004125
139.511 14 NAVIGATION 16 2 1325.5 104.5 0. 1329.612915 119 98 98 0 0 0
139.528 14 GPS 3 36161341 481369992 884 218347 1332 -8 0 158942480 31 0
139.528 14 SVINFO 6 13 1 6 43 83 26
139.628 14 PPRZ_MODE 2 3 2 2 0 6
139.678 14 DESIRED -0.005496 -0.003861 0. 1402.713745 107.236305 215. -0.095997 13.
139.729 14 ALIVE 46,251,42,118,161,253,184,196,62,85,53,136,108,175,160,116
139.729 14 WP_MOVED 14 360300.6875 4813575.5 260. 31
139.761 14 NAVIGATION 16 2 1328.65625 104.5 0. 1332.759399 119 98 98 0 0 0
139.798 14 CIRCLE 1402.660034 27.23632 80.
139.799 14 GPS 3 36161661 481370002 882 218390 1331 -8 0 158942720 31 0
139.802 14 SVINFO 0 7 0 0 37 88 86
139.828 14 NAVIGATION 16 2 1331.84375 104.5 0. 1332.759399 119 98 98 0 0 0
139.829 14 ESTIMATOR 218.23436 -0.08
139.928 14 AIRSPEED 12.8 0. 0. 0.
139.929 14 ATTITUDE -0.009014 1.659558 -0.004125
140.012 14 NAVIGATION 16 2 1331.84375 104.5 0. 1335.937134 120 99 99 0 0 0
140.028 14 FBW_STATUS 2 0 1 12.5 0.501271
140.028 14 GPS 3 36161980 481370012 881 218432 1330 8 0 158942960 31 0
140.028 14 SVINFO 1 8 0 1 38 77 136
140.128 14 GPS_SOL 451 451 451 7
140.128 14 ENERGY 35 12.5 0.497498 6.218724 0.106843 1.335513
140.228 14 DL_VALUE 37 0.
140.228 14 WP_MOVED 15 360297.6875 4813554.5 260. 31
140.262 14 NAVIGATION 16 2 1335.0625 104.5 0. 1339.145996 120 99 99 0 0 0
140.285 14 GPS 3 36162352 481370024 880 218478 1329 -16 0 158943240 31 0
140.286 14 SVINFO 2 9 0 2 39 36 186
140.327 14 IR_SENSORS 0 0 22 -18 264
140.328 14 ESTIMATOR 218.338516 -0.16
140.406 14 WIND_INFO 14 5 -0.2 1.4 0. 13.
140.428 14 ATTITUDE -0.005245 1.65505 -0.004125
140.511 14 NAVIGATION 16 2 1338.78125 104.5 0. 1342.853516 120 99 99 0 0 0
140.528 14 GPS 3 36162671 481370036 879 218517 1328 -17 0 158943480 31 0
140.728 14 DESIRED 0.000738 -0.004461 0. 1410.212769 106.879005 215. -0.100155 13.
140.729 14 WP_MOVED 16 360683.46875 4813622.5 215. 31
140.762 14 NAVIGATION 16 2 1341.96875 105. 0. 1346.070312 120 99 99 0 0 0
140.791 14 GPS 3 36162989 481370048 878 218555 1328 -11 0 158943720 31 0
140.829 14 CIRCLE 1402.660034 27.23632 80.
140.829 14 NAVIGATION 16 2 1345.125 105. 0. 1346.070312 120 99 99 0 0 0
140.829 14 ESTIMATOR 218.374557 -0.11
140.928 14 AIRSPEED 13. 0. 0. 0.
140.928 14 ATTITUDE -0.001473 1.638133 -0.004125
