100.077 14 DL_VALUE 12 100.
100.077 14 ENERGY 28 12.5 0.368778 4.609731 0.083034 1.037889
100.077 14 WP_MOVED 21 360289. 4813625. 400. 31
100.077 14 NAVIGATION 16 2 945.71875 119.5 0. 953.23877 90 69 69 0 0 0
100.090 14 GPS 3 36123349 481371467 934 216087 1263 -48 0 8023720 31 0
100.140 14 NAVIGATION 16 2 948.71875 119. 0. 953.23877 90 69 69 0 0 0
100.141 14 ESTIMATOR 216.063644 -0.48
100.238 14 DESIRED 0.00122 -0.001584 0. 1358.406738 93.88195 215. -0.034742 13.
100.239 14 AIRSPEED 12.7 0. 0. 0.
100.239 14 ATTITUDE -0.001473 1.769186 -0.000365
100.323 14 NAVIGATION 16 2 948.71875 119. 0. 956.152832 91 70 70 0 0 0
100.340 14 CIRCLE 1402.660034 27.23632 80.
100.341 14 GPS 3 36123653 481371448 934 216032 1266 -60 0 8023960 31 0
100.440 14 IR_SENSORS 0 0 22 -16 264
100.523 14 FBW_STATUS 2 0 1 12.5 0.393507
100.539 14 WP_MOVED 22 360289. 4813645. 250. 31
100.584 14 NAVIGATION 16 2 951.78125 119. 0. 959.191589 91 70 70 0 0 0
100.590 14 GPS 3 36124008 481371427 933 215973 1271 -21 0 8024240 31 0
100.640 14 CALIBRATION -15.280777 0
100.640 14 ESTIMATOR 215.856613 -0.21
100.739 14 ATTITUDE -0.001473 1.767688 -0.000365
100.823 14 NAVIGATION 16 2 955.34375 118.5 0. 962.665039 91 70 70 0 0 0
100.840 14 GPS 3 36124313 481371409 933 215926 1273 -34 0 8024480 31 0
101.040 14 WP_MOVED 0 360326. 4813637. 260. 31
101.074 14 NAVIGATION 16 2 958.375 118.5 0. 965.673279 91 70 70 0 0 0
101.090 14 GPS 3 36124619 481371391 933 215885 1276 -33 0 8024720 31 0
101.140 14 ENERGY 30 12.5 0.406512 5.081396 0.08375 1.046842
101.140 14 NAVIGATION 16 2 961.4375 118.5 0. 965.673279 91 70 70 0 0 0
101.140 14 ESTIMATOR 215.785019 -0.33
101.239 14 AIRSPEED 12.7 0. 0. 0.
101.240 14 ATTITUDE 0.0023 1.766825 -0.000365
101.290 14 DESIRED 0.001052 -0.001014 0. 1358.630981 94.030342 215. -0.025063 13.
101.323 14 NAVIGATION 16 2 961.4375 118.5 0. 968.712708 92 71 71 0 0 0
101.339 14 FBW_STATUS 2 0 1 12.5 0.412359
101.340 14 GPS 3 36124926 481371373 933 215847 1280 -37 0 8024960 31 0
101.390 14 CIRCLE 1402.660034 27.23632 80.
101.423 14 COMMANDS 2966,-4,-6,0
101.438 14 GPS_SOL 301 301 301 7
101.540 14 DL_VALUE 13 1.
101.540 14 WP_MOVED 1 360284. 4813595. 260. 31
101.572 14 NAVIGATION 16 2 964.53125 118. 0. 971.722473 92 71 71 0 0 0
101.589 14 GPS 3 36125284 481371352 933 215810 1284 -54 0 8025240 31 0
101.640 14 COMMANDS 3025,-10,-6,0
101.640 14 IR_SENSORS 0 0 23 -16 264
101.640 14 ESTIMATOR 215.688995 -0.54
101.741 14 STATE_FILTER_STATUS 2 3 303
101.741 14 ATTITUDE 0.0023 1.76594 -0.000365
101.823 14 NAVIGATION 16 2 968.09375 118. 0. 975.258667 92 71 71 0 0 0
101.840 14 GPS 3 36125593 481371334 933 215782 1287 -36 0 8025480 31 0
101.840 14 SVINFO 6 13 1 6 31 28 6
101.940 14 PPRZ_MODE 2 3 2 2 0 6
102.040 14 ALIVE 101,248,228,24,166,140,12,35,201,240,56,234,1,216,147,12
102.041 14 WP_MOVED 2 360333.5 4813695. 260. 31
102.076 14 NAVIGATION 16 2 971.15625 118. 0. 978.298767 92 71 71 0 0 0
102.088 14 GPS 3 36125902 481371316 933 215759 1290 -34 0 8025720 31 0
102.140 14 NAVIGATION 16 2 974.28125 118. 0. 978.298767 92 71 71 0 0 0
102.140 14 ESTIMATOR 215.583344 -0.34
102.240 14 ENERGY 32 12.5 0.444659 5.558243 0.084531 1.056609
102.240 14 AIRSPEED 12.7 0. 0. 0.
102.240 14 ATTITUDE 0.0023 1.76554 -0.000365
102.323 14 NAVIGATION 16 2 974.28125 118. 0. 981.401001 93 72 72 0 0 0
102.340 14 DESIRED 0.001723 -0.000635 0. 1359.045288 94.301636 215. -0.0175 13.
102.340 14 GPS 3 36126212 481371298 933 215741 1294 -26 0 8025960 31 0
102.439 14 CIRCLE 1402.660034 27.23632 80.
102.523 14 FBW_STATUS 2 0 1 12.5 0.451148
102.539 14 WP_MOVED 3 360294.09375 4813785. 260. 31
102.575 14 NAVIGATION 16 2 977.375 117.5 0. 984.412598 93 72 72 0 0 0
102.589 14 GPS 3 36126575 481371276 933 215726 1298 -10 0 8026240 31 0
102.639 14 ESTIMATOR 215.554871 -0.1
102.741 14 CALIBRATION -53.810085 0
102.741 14 ATTITUDE 0.0023 1.764837 -0.000365
102.823 14 NAVIGATION 16 2 981. 117. 0. 987.952454 93 72 72 0 0 0
102.840 14 IR_SENSORS 0 0 23 -16 264
102.841 14 GPS 3 36126886 481371258 933 215719 1300 -15 0 8026480 31 0
103.040 14 DL_VALUE 14 0.
103.041 14 WP_MOVED 4 360416.3125 4813734. 260. 31
103.080 14 NAVIGATION 16 2 984.125 117. 0. 991.055481 93 72 72 0 0 0
103.088 14 GPS 3 36127198 481371239 933 215715 1302 -4 0 8026720 31 0
103.140 14 NAVIGATION 16 2 987.25 117. 0. 991.055481 93 72 72 0 0 0
103.140 14 ESTIMATOR 215.585693 -0.04
103.240 14 AIRSPEED 12.7 0. 0. 0.
103.240 14 ATTITUDE 0.0023 1.764216 -0.000365
103.323 14 NAVIGATION 16 2 987.25 117. 0. 994.158691 94 73 73 0 0 0
103.339 14 FBW_STATUS 2 0 1 12.5 0.455015
103.340 14 ENERGY 33 12.5 0.454839 5.685491 0.08536 1.06697
103.340 14 GPS 3 36127511 481371221 933 215715 1304 -2 0 8026960 31 0
103.341 14 SVINFO 5 12 1 5 31 1 316
103.389 14 DESIRED 0.001074 -0.000639 0. 1359.31543 94.476555 215. -0.017571 13.
103.439 14 NAVIGATION_REF 360284 4813595 31 185.
103.439 14 GPS_SOL 300 300 300 7
103.489 14 CIRCLE 1402.660034 27.23632 80.
103.540 14 WP_MOVED 5 360421. 4813583.5 260. 31
103.573 14 NAVIGATION 16 2 990.375 117. 0. 997.262085 94 73 73 0 0 0
103.590 14 GPS 3 36127876 481371200 933 215718 1306 5 0 8027240 31 0
103.639 14 ESTIMATOR 215.635147 0.05
103.739 14 ATTITUDE 0.0023 1.763764 -0.000365
103.823 14 NAVIGATION 16 2 994. 116.5 0. 1000.803772 94 73 73 0 0 0
103.839 14 DATALINK_REPORT 6 14 2946 535 0 0
103.841 14 GPS 3 36128189 481371181 933 215723 1306 -9 0 8027480 31 0
104.040 14 IR_SENSORS 0 0 23 -16 264
104.040 14 WP_MOVED 6 360164.8125 4813664.5 260. 31
104.081 14 NAVIGATION 16 2 997.125 116. 0. 1003.849731 94 73 73 0 0 0
104.090 14 GPS 3 36128502 481371163 933 215730 1307 -9 0 8027720 31 0
104.140 14 NAVIGATION 16 2 1000.28125 116. 0. 1003.849731 94 73 73 0 0 0
104.140 14 ESTIMATOR 215.666473 -0.09
104.239 14 AIRSPEED 12.7 0. 0. 0.
104.239 14 ATTITUDE 0.0023 1.763841 -0.000365
104.323 14 NAVIGATION 16 2 1000.28125 116. 0. 1006.984863 95 74 74 0 0 0
104.339 14 GPS 3 36128815 481371144 933 215738 1307 -10 0 8027960 31 0
104.440 14 ENERGY 33 12.5 0.45748 5.718503 0.086194 1.077392
104.440 14 DESIRED 0.000178 -0.00076 0. 1359.605469 94.662636 215. -0.019994 13.
104.523 14 FBW_STATUS 2 0 1 12.5 0.458185
104.540 14 DL_VALUE 15 0.
104.540 14 CIRCLE 1402.660034 27.23632 80.
104.540 14 WP_MOVED 7 360558.40625 4813804.5 260. 31
104.584 14 NAVIGATION 16 2 1003.40625 116. 0. 1010.089172 95 74 74 0 0 0
104.589 14 GPS 3 36129181 481371123 933 215748 1308 -13 0 8028240 31 0
104.639 14 ESTIMATOR 215.67009 -0.13
104.740 14 ATTITUDE -0.001473 1.763563 -0.000365
104.823 14 NAVIGATION 16 2 1007.0625 116. 0. 1013.721313 95 74 74 0 0 0
104.840 14 CALIBRATION -60.537277 0
104.840 14 GPS 3 36129495 481371104 933 215757 1309 -6 0 8028480 31 0
105.040 14 WP_MOVED 8 361680.28125 4813542.5 215. 31
105.089 14 NAVIGATION 16 2 1010.21875 115.5 0. 1016.799988 95 74 74 0 0 0
105.092 14 GPS 3 36129809 481371086 933 215767 1309 7 0 8028720 31 0
105.139 14 NAVIGATION 16 2 1013.34375 115. 0. 1016.799988 95 74 74 0 0 0
105.139 14 ESTIMATOR 215.682495 0.07
105.239 14 IR_SENSORS 0 0 23 -17 264
105.239 14 AIRSPEED 12.7 0. 0. 0.
105.239 14 ATTITUDE -0.001473 1.762956 -0.000365
105.323 14 NAVIGATION 16 2 1013.34375 115. 0. 1019.848328 96 75 75 0 0 0
105.341 14 FBW_STATUS 2 0 1 12.5 0.457656
105.341 14 GPS 3 36130123 481371068 933 215778 1310 -7 0 8028960 31 0
105.342 14 SVINFO 6 13 1 6 32 34 8
105.440 14 GPS_SOL 300 300 300 7
105.491 14 DESIRED -4.4e-05 -0.00087 0. 1359.916382 94.860138 215. -0.020475 13.
105.540 14 ENERGY 33 12.5 0.460477 5.755967 0.087037 1.087929
105.541 14 WP_MOVED 9 360312.8125 4813652. 185. 31
105.586 14 NAVIGATION 16 2 1016.5 115. 0. 1022.984497 96 75 75 0 0 0
105.590 14 CIRCLE 1402.660034 27.23632 80.
105.591 14 GPS 3 36130489 481371047 932 215792 1310 -4 0 8029240 31 0
105.639 14 ESTIMATOR 215.72554 -0.04
105.740 14 ATTITUDE -0.001473 1.762107 -0.000365
105.823 14 NAVIGATION 16 2 1020.125 115. 0. 1026.586548 96 75 75 0 0 0
105.840 14 GPS 3 36130803 481371029 932 215804 1310 -1 0 8029480 31 0
106.041 14 DL_VALUE 16 80.
106.041 14 WP_MOVED 10 361686.65625 4813622. 215. 31
106.081 14 NAVIGATION 16 2 1023.28125 115. 0. 1029.723022 96 75 75 0 0 0
106.089 14 GPS 3 36131117 481371011 932 215817 1310 -14 0 8029720 31 0
106.140 14 NAVIGATION 16 2 1026.40625 114.5 0. 1029.723022 96 75 75 0 0 0
106.140 14 ESTIMATOR 215.756653 -0.14
106.240 14 AIRSPEED 12.7 0. 0. 0.
106.240 14 ATTITUDE -0.001473 1.761524 -0.000365
106.323 14 NAVIGATION 16 2 1026.40625 114.5 0. 1032.772949 97 76 76 0 0 0
106.340 14 GPS 3 36131431 481370993 932 215830 1311 -28 0 8029960 31 0
106.423 14 COMMANDS 3262,16,-7,0
106.440 14 IR_SENSORS 0 0 23 -17 264
106.522 14 FBW_STATUS 2 0 1 12.5 0.470026
106.540 14 DESIRED 0.000755 -0.000982 0. 1360.334717 95.122772 215. -0.0227 13.
106.540 14 WP_MOVED 11 360169.5 4813757.5 260. 31
106.578 14 NAVIGATION 16 2 1029.5625 114.5 0. 1035.909912 97 76 76 0 0 0
106.589 14 GPS 3 36131798 481370972 932 215846 1311 -12 0 8030240 31 0
106.590 14 SVINFO 4 11 1 4 31 8 268
106.640 14 COMMANDS 3274,-7,-6,0
106.640 14 ENERGY 34 12.5 0.469849 5.873117 0.087885 1.098539
106.640 14 CIRCLE 1402.660034 27.23632 80.
106.640 14 ESTIMATOR 215.72229 -0.12
106.739 14 STATE_FILTER_STATUS 2 3 304
106.740 14 ATTITUDE -0.001473 1.760577 -0.000365
106.824 14 NAVIGATION 16 2 1033.25 114.5 0. 1039.574829 97 76 76 0 0 0
106.841 14 GPS 3 36132112 481370955 931 215861 1312 -35 0 8030480 31 0
106.939 14 PPRZ_MODE 2 3 2 2 0 6
106.939 14 CALIBRATION -70.264313 0
107.040 14 ALIVE 101,248,228,24,166,140,12,35,201,240,56,234,1,216,147,12
107.040 14 WP_MOVED 12 360287.59375 4813581. 260. 31
107.086 14 NAVIGATION 16 2 1036.375 114. 0. 1042.626099 97 76 76 0 0 0
107.090 14 GPS 3 36132427 481370937 931 215876 1313 -17 0 8030720 31 0
107.140 14 NAVIGATION 16 2 1039.53125 114. 0. 1042.626099 97 76 76 0 0 0
107.140 14 ESTIMATOR 215.706696 -0.17
107.239 14 AIRSPEED 12.7 0. 0. 0.
107.239 14 ATTITUDE -0.001473 1.760077 -0.000365
107.324 14 NAVIGATION 16 2 1039.53125 114. 0. 1045.763428 98 77 77 0 0 0
107.341 14 FBW_STATUS 2 0 1 12.5 0.483183
107.341 14 GPS 3 36132742 481370920 931 215892 1315 -20 0 8030960 31 0
107.439 14 GPS_SOL 301 301 301 7
107.540 14 DL_VALUE 17 0.
107.540 14 WP_MOVED 13 360311.5 4813547. 260. 31
107.574 14 NAVIGATION 16 2 1042.6875 113.5 0. 1048.846802 98 77 77 0 0 0
107.591 14 DESIRED 0.001036 -0.000845 0. 1360.831787 95.430168 215. -0.021682 13.
107.591 14 GPS 3 36133110 481370899 931 215914 1317 -8 0 8031240 31 0
107.638 14 IR_SENSORS 0 0 23 -17 264
107.638 14 ESTIMATOR 215.734726 -0.08
107.690 14 CIRCLE 1402.660034 27.23632 80.
107.728 14 WIND_INFO 14 5 -0.2 1.6 0. 12.9
107.740 14 ENERGY 35 12.5 0.486932 6.086645 0.088766 1.109551
107.740 14 ATTITUDE -0.001473 1.759081 -0.000365
107.823 14 NAVIGATION 16 2 1046.375 113.5 0. 1052.512695 98 77 77 0 0 0
107.839 14 GPS 3 36133426 481370882 931 215934 1318 -19 0 8031480 31 0
108.040 14 WP_MOVED 14 360300.6875 4813575.5 260. 31
108.090 14 NAVIGATION 16 2 1049.5 113.5 0. 1055.619507 98 77 77 0 0 0
108.091 14 GPS 3 36133743 481370865 931 215956 1319 -25 0 8031720 31 0
108.091 14 SVINFO 3 10 0 3 31 44 219
108.139 14 NAVIGATION 16 2 1052.6875 113.5 0. 1055.619507 98 77 77 0 0 0
108.139 14 ESTIMATOR 215.783295 -0.25
108.239 14 AIRSPEED 12.9 0. 0. 0.
108.240 14 ATTITUDE -0.001473 1.742447 -0.000365
108.323 14 NAVIGATION 16 2 1052.6875 113.5 0. 1058.788574 99 78 78 0 0 0
108.341 14 GPS 3 36134059 481370848 930 215980 1321 -28 0 8031960 31 0
108.439 14 AUTOPILOT_VERSION 51500 v5.15_devel-179-g9a29798-dirty
108.522 14 FBW_STATUS 2 0 1 12.5 0.50325
108.540 14 WP_MOVED 15 360297.6875 4813554.5 260. 31
108.609 14 NAVIGATION 16 2 1055.84375 113. 0. 1061.873291 99 78 78 0 0 0
108.609 14 GPS 3 36134429 481370828 930 216011 1323 -20 0 8032240 31 0
108.610 14 SVINFO 5 12 0 5 32 4 319
108.639 14 DESIRED 0.001475 -0.000942 0. 1361.325317 95.730431 215. -0.023622 13.
108.640 14 ESTIMATOR 215.792847 -0.2
108.740 14 CIRCLE 1402.660034 27.23632 80.
108.740 14 ATTITUDE 0.0023 1.741294 -0.000365
108.823 14 NAVIGATION 16 2 1059.53125 112.5 0. 1065.487061 99 78 78 0 0 0
108.839 14 IR_SENSORS 0 0 23 -16 264
108.840 14 ENERGY 36 12.5 0.507394 6.342429 0.089678 1.12095
108.840 14 GPS 3 36134746 481370811 930 216039 1324 -5 0 8032480 31 0
108.940 14 DATALINK_REPORT 1 15 3070 540 0 0
109.040 14 CALIBRATION -91.121048 0
109.040 14 DL_VALUE 18 1.
109.041 14 WP_MOVED 16 360683.46875 4813622.5 215. 31
109.091 14 NAVIGATION 16 2 1062.6875 112.5 0. 1068.625732 99 78 78 0 0 0
109.091 14 GPS 3 36135064 481370794 930 216070 1326 0 0 8032720 31 0
109.140 14 NAVIGATION 16 2 1065.875 112.5 0. 1068.625732 99 78 78 0 0 0
109.140 14 ESTIMATOR 215.874176 0.
109.239 14 AIRSPEED 12.9 0. 0. 0.
109.240 14 ATTITUDE 0.0023 1.740823 -0.000365
109.323 14 NAVIGATION 16 2 1065.875 112.5 0. 1071.795532 100 79 79 0 0 0
109.340 14 FBW_STATUS 2 0 1 12.5 0.504691
109.341 14 GPS 3 36135382 481370777 930 216103 1327 -1 0 8032960 31 0
109.439 14 GPS_SOL 304 304 304 7
109.539 14 WP_MOVED 17 360654.59375 4813624.5 215. 31
109.592 14 NAVIGATION 16 2 1069.09375 112.5 0. 1074.996582 100 79 79 0 0 0
109.595 14 GPS 3 36135754 481370757 930 216143 1328 8 0 8033240 31 0
109.640 14 ESTIMATOR 215.985092 0.08
109.690 14 DESIRED 0.001845 -0.00116 0. 1361.862793 96.051926 215. -0.02799 13.
109.740 14 ATTITUDE 0.0023 1.741087 -0.000365
109.789 14 CIRCLE 1402.660034 27.23632 80.
109.833 14 NAVIGATION 16 2 1075.96875 112. 0. 1081.782227 100 79 79 0 0 0
109.840 14 GPS 3 36136072 481370740 930 216178 1328 12 0 8033480 31 0
109.939 14 ENERGY 35 12.5 0.497498 6.218724 0.090602 1.132495
110.040 14 IR_SENSORS 0 0 22 -16 264
110.040 14 WP_MOVED 18 360289. 4813605. 220. 31
110.072 14 NAVIGATION 16 2 1075.96875 112. 0. 1081.782227 100 79 79 0 0 0
110.089 14 GPS 3 36136390 481370722 931 216214 1328 6 0 8033720 31 0
110.142 14 NAVIGATION 16 2 1079.15625 111.5 0. 1081.782227 100 79 79 0 0 0
110.142 14 ESTIMATOR 216.11409 0.06
110.240 14 AIRSPEED 12.9 0. 0. 0.
110.241 14 ATTITUDE 0.0023 1.741673 -0.004125
110.323 14 NAVIGATION 16 2 1079.15625 111.5 0. 1084.901123 101 80 80 0 0 0
110.340 14 GPS 3 36136708 481370705 931 216250 1327 10 0 8033960 31 0
110.521 14 FBW_STATUS 2 0 1 12.5 0.490687
110.539 14 DL_VALUE 19 0.
110.539 14 WP_MOVED 19 360289. 4813610. 500. 31
110.577 14 NAVIGATION 16 2 1082.34375 111.5 0. 1088.071777 101 80 80 0 0 0
110.589 14 GPS 3 36137079 481370684 931 216292 1326 13 0 8034240 31 0
110.589 14 SVINFO 6 13 0 6 33 43 11
110.639 14 ESTIMATOR 216.212616 0.13
110.740 14 DESIRED -9.9e-05 -0.001501 0. 1362.344238 96.335098 215. -0.034805 13.
110.740 14 ATTITUDE 0.0023 1.742524 -0.004125
110.823 14 NAVIGATION 16 2 1086.0625 111.5 0. 1091.770996 101 80 80 0 0 0
110.840 14 CIRCLE 1402.660034 27.23632 80.
110.840 14 GPS 3 36137397 481370667 931 216327 1325 3 0 8034480 31 0
111.040 14 ENERGY 34 12.5 0.485324 6.066555 0.091502 1.143746
111.041 14 WP_MOVED 20 360289. 4813620. 300. 31
111.090 14 NAVIGATION 16 2 1089.21875 111. 0. 1094.859985 101 80 80 0 0 0
111.091 14 GPS 3 36137714 481370649 931 216361 1324 15 0 8034720 31 0
111.140 14 CALIBRATION -78.926865 0
111.140 14 NAVIGATION 16 2 1092.375 111. 0. 1094.859985 101 80 80 0 0 0
111.141 14 ESTIMATOR 216.296112 0.15
111.239 14 IR_SENSORS 0 0 23 -17 264
111.239 14 AIRSPEED 12.9 0. 0. 0.
111.240 14 ATTITUDE -0.001473 1.742662 -0.000365
111.323 14 NAVIGATION 16 2 1092.375 111. 0. 1098. 102 81 81 0 0 0
111.340 14 FBW_STATUS 2 0 1 12.5 0.478551
111.340 14 GPS 3 36138032 481370632 931 216394 1323 26 0 8034960 31 0
111.340 14 SVINFO 2 9 1 2 31 78 171
111.423 14 COMMANDS 3296,-22,-16,0
111.440 14 GPS_SOL 308 308 308 7
111.540 14 WP_MOVED 21 360289. 4813625. 400. 31
111.594 14 NAVIGATION 16 2 1095.5625 110.5 0. 1101.120972 102 81 81 0 0 0
111.595 14 GPS 3 36138401 481370612 931 216430 1321 16 0 8035240 31 0
111.640 14 COMMANDS 3272,0,27,0
111.640 14 ESTIMATOR 216.418213 0.16
111.740 14 STATE_FILTER_STATUS 2 3 304
111.740 14 ATTITUDE -0.001473 1.742344 -0.000365
111.790 14 DESIRED -0.001446 -0.00187 0. 1362.865723 96.636703 215. -0.040474 13.
111.823 14 NAVIGATION 16 2 1099.25 110.5 0. 1104.789917 102 81 81 0 0 0
111.839 14 GPS 3 36138718 481370595 931 216460 1320 -4 0 8035480 31 0
111.840 14 SVINFO 4 11 0 4 32 3 271
111.890 14 CIRCLE 1402.660034 27.23632 80.
111.939 14 PPRZ_MODE 2 3 2 2 0 6
112.040 14 ALIVE 101,248,228,24,166,140,12,35,201,240,56,234,1,216,147,12
112.040 14 DL_VALUE 20 0.
112.040 14 WP_MOVED 22 360289. 4813645. 250. 31
112.102 14 NAVIGATION 16 2 1102.4375 110.5 0. 1107.961548 102 81 81 0 0 0
112.103 14 GPS 3 36139034 481370578 930 216487 1318 -4 0 8035720 31 0
112.103 14 SVINFO 5 12 1 5 33 7 321
112.138 14 ENERGY 33 12.5 0.468255 5.853187 0.09237 1.154594
112.138 14 NAVIGATION 16 2 1105.5625 110.5 0. 1107.961548 102 81 81 0 0 0
112.139 14 ESTIMATOR 216.458527 -0.04
112.240 14 AIRSPEED 12.9 0. 0. 0.
112.240 14 ATTITUDE -0.001473 1.741551 -0.000365
112.323 14 NAVIGATION 16 2 1105.5625 110.5 0. 1111.071045 103 82 82 0 0 0
112.341 14 GPS 3 36139350 481370561 930 216512 1317 11 0 8035960 31 0
112.341 14 SVINFO 6 13 1 6 34 46 12
112.439 14 NAVIGATION_REF 360284 4813595 31 185.
112.440 14 IR_SENSORS 0 0 23 -17 264
112.523 14 FBW_STATUS 2 0 1 12.5 0.463656
112.539 14 WP_MOVED 0 360326. 4813637. 260. 31
112.584 14 NAVIGATION 16 2 1108.78125 110. 0. 1114.224365 103 82 82 0 0 0
112.590 14 GPS 3 36139718 481370542 929 216540 1316 -4 0 8036240 31 0
112.640 14 ESTIMATOR 216.504593 -0.04
112.740 14 ATTITUDE -0.001473 1.740022 -0.000365
112.823 14 NAVIGATION 16 2 1112.4375 110. 0. 1117.862793 103 82 82 0 0 0
112.839 14 DESIRED 7.6e-05 -0.002017 0. 1363.77356 97.149452 215. -0.045138 13.
112.839 14 GPS 3 36140033 481370526 929 216561 1315 16 0 8036480 31 0
112.939 14 CIRCLE 1402.660034 27.23632 80.
113.040 14 WP_MOVED 1 360284. 4813595. 260. 31
113.096 14 NAVIGATION 16 2 1115.5625 110. 0. 1120.972656 103 82 82 0 0 0
113.096 14 GPS 3 36140348 481370510 929 216582 1314 17 0 8036720 31 0
113.139 14 NAVIGATION 16 2 1118.71875 109.5 0. 1120.972656 103 82 82 0 0 0
113.140 14 ESTIMATOR 216.559448 0.17
113.239 14 CALIBRATION -61.651722 0
113.240 14 ENERGY 33 12.5 0.454311 5.678894 0.093218 1.165202
113.240 14 AIRSPEED 12.9 0. 0. 0.
113.240 14 ATTITUDE 0.0023 1.739817 -0.000365
113.322 14 NAVIGATION 16 2 1118.71875 109.5 0. 1124.064941 104 83 83 0 0 0
113.341 14 FBW_STATUS 2 0 1 12.5 0.452026
113.342 14 GPS 3 36140716 481370491 929 216603 1313 23 0 8037000 31 0
113.342 14 SVINFO 3 10 1 3 32 34 222
113.440 14 GPS_SOL 313 313 313 7
113.539 14 DL_VALUE 21 0.
113.540 14 WP_MOVED 2 360333.5 4813695. 260. 31
113.589 14 NAVIGATION 16 2 1122.40625 109.5 0. 1127.734863 104 83 83 0 0 0
113.590 14 GPS 3 36141030 481370475 929 216620 1311 14 0 8037240 31 0
113.639 14 IR_SENSORS 0 0 22 -16 264
113.639 14 ESTIMATOR 216.649506 0.14
113.740 14 ATTITUDE 0.0023 1.740125 -0.004125
113.823 14 NAVIGATION 16 2 1125.5625 109. 0. 1130.828003 104 83 83 0 0 0
113.839 14 GPS 3 36141344 481370458 929 216635 1309 5 0 8037480 31 0
113.889 14 DESIRED -0.001636 -0.002321 0. 1364.413574 97.501579 215. -0.049485 13.
113.991 14 CIRCLE 1402.660034 27.23632 80.
114.041 14 DATALINK_REPORT 6 15 3196 533 0 0
114.041 14 WP_MOVED 3 360294.09375 4813785. 260. 31
114.116 14 NAVIGATION 16 2 1128.6875 109. 0. 1133.938477 104 83 83 0 0 0
114.117 14 GPS 3 36141657 481370442 929 216648 1308 0 0 8037720 31 0
114.139 14 NAVIGATION 16 2 1131.8125 109. 0. 1133.938477 104 83 83 0 0 0
114.140 14 ESTIMATOR 216.674957 0.
114.240 14 AIRSPEED 12.9 0. 0. 0.
114.240 14 ATTITUDE -0.001473 1.740047 -0.000365
114.322 14 NAVIGATION 16 2 1131.8125 109. 0. 1137.049072 105 84 84 0 0 0
114.339 14 ENERGY 32 12.5 0.439589 5.494857 0.094033 1.175379
114.340 14 GPS 3 36141971 481370427 928 216659 1306 -12 0 8037960 31 0
114.523 14 FBW_STATUS 2 0 1 12.5 0.44221
114.541 14 WP_MOVED 4 360416.3125 4813734. 260. 31
114.597 14 NAVIGATION 16 2 1134.96875 109. 0. 1140.190796 105 84 84 0 0 0
114.597 14 GPS 3 36142336 481370408 928 216669 1305 -25 0 8038240 31 0
114.598 14 SVINFO 1 8 1 1 31 89 123
114.640 14 ESTIMATOR 216.648087 -0.25
114.740 14 ATTITUDE -0.001473 1.73888 -0.000365
114.823 14 NAVIGATION 16 2 1138.625 108.5 0. 1143.782837 105 84 84 0 0 0
114.840 14 IR_SENSORS 0 0 23 -18 264
114.840 14 GPS 3 36142649 481370393 927 216675 1305 -8 0 8038480 31 0
114.940 14 DESIRED -0.001346 -0.001926 0. 1365.234497 97.942223 215. -0.049443 13.
115.040 14 DL_VALUE 22 0.
115.040 14 CIRCLE 1402.660034 27.23632 80.
115.041 14 WP_MOVED 5 360421. 4813583.5 260. 31
115.073 14 NAVIGATION 16 2 1141.71875 108.5 0. 1146.862671 105 84 84 0 0 0
115.106 14 GPS 3 36142962 481370378 927 216681 1305 -13 0 8038720 31 0
115.140 14 NAVIGATION 16 2 1144.84375 108. 0. 1146.862671 105 84 84 0 0 0
115.140 14 ESTIMATOR 216.61232 -0.13
115.239 14 AIRSPEED 12.9 0. 0. 0.
115.240 14 ATTITUDE -0.005245 1.737416 -0.004125
115.323 14 NAVIGATION 16 2 1144.84375 108. 0. 1149.926636 106 85 85 0 0 0
115.339 14 CALIBRATION -57.095806 0
115.339 14 FBW_STATUS 2 0 1 12.5 0.450094
115.339 14 GPS 3 36143275 481370363 926 216687 1305 6 0 8038960 31 0
115.340 14 SVINFO 4 11 1 4 33 1 273
115.440 14 GPS_SOL 319 319 319 7
115.441 14 ENERGY 32 12.5 0.446586 5.582327 0.09485 1.185602
115.539 14 WP_MOVED 6 360164.8125 4813664.5 260. 31
115.573 14 NAVIGATION 16 2 1148. 108. 0. 1153.06897 106 85 85 0 0 0
115.589 14 GPS 3 36143640 481370346 926 216694 1305 25 0 8039240 31 0
115.589 14 SVINFO 5 12 1 5 34 11 323
115.640 14 ESTIMATOR 216.640762 0.25
115.739 14 ATTITUDE -0.005245 1.735288 -0.000365
115.823 14 NAVIGATION 16 2 1151.65625 108. 0. 1156.709229 106 85 85 0 0 0
115.840 14 GPS 3 36143953 481370332 925 216699 1305 14 0 8039480 31 0
115.840 14 SVINFO 6 13 1 6 35 53 14
115.990 14 DESIRED -0.000309 -0.001915 0. 1366.137207 98.41275 215. -0.049223 13.
116.039 14 IR_SENSORS 0 0 22 -17 264
116.039 14 WP_MOVED 7 360558.40625 4813804.5 260. 31
116.073 14 NAVIGATION 16 2 1154.78125 108. 0. 1159.820557 106 85 85 0 0 0
116.119 14 CIRCLE 1402.660034 27.23632 80.
116.119 14 GPS 3 36144265 481370318 925 216705 1304 20 0 8039720 31 0
116.120 14 SVINFO 0 7 0 0 31 65 74
116.139 14 NAVIGATION 16 2 1157.875 107.5 0. 1159.820557 106 85 85 0 0 0
116.140 14 ESTIMATOR 216.728897 0.2
116.240 14 AIRSPEED 12.9 0. 0. 0.
116.240 14 ATTITUDE -0.001473 1.733937 -0.000365
116.323 14 NAVIGATION 16 2 1157.875 107.5 0. 1162.854614 107 86 86 0 0 0
116.339 14 GPS 3 36144578 481370305 924 216709 1303 13 0 8039960 31 0
116.423 14 COMMANDS 3018,6,-24,0
116.524 14 FBW_STATUS 2 0 1 12.5 0.423933
116.540 14 DL_VALUE 23 0.
116.541 14 ENERGY 31 12.5 0.423933 5.299161 0.095647 1.195559
116.541 14 WP_MOVED 8 361680.28125 4813542.5 215. 31
116.573 14 NAVIGATION 16 2 1161. 107.5 0. 1165.966187 107 86 86 0 0 0
116.602 14 GPS 3 36144942 481370289 924 216712 1300 37 0 8040240 31 0
116.603 14 SVINFO 2 9 1 2 32 72 174
116.639 14 COMMANDS 2970,8,19,0
116.639 14 ESTIMATOR 216.772522 0.37
116.739 14 STATE_FILTER_STATUS 2 3 303
116.740 14 ATTITUDE 0.0023 1.732958 -0.000365
116.823 14 NAVIGATION 16 2 1164.6875 107.5 0. 1169.638062 107 86 86 0 0 0
116.839 14 GPS 3 36145254 481370276 924 216712 1299 49 0 8040480 31 0
116.840 14 SVINFO 3 10 0 3 33 28 224
116.940 14 PPRZ_MODE 2 3 2 2 0 6
117.039 14 ALIVE 101,248,228,24,166,140,12,35,201,240,56,234,1,216,147,12
117.040 14 DESIRED 1.2e-05 -0.002419 0. 1367.137085 98.917015 215. -0.053176 13.
117.040 14 WP_MOVED 9 360312.8125 4813652. 185. 31
117.073 14 NAVIGATION 16 2 1167.8125 107. 0. 1172.704102 107 86 86 0 0 0
117.114 14 GPS 3 36145565 481370263 924 216710 1296 38 0 8040720 31 0
117.139 14 CIRCLE 1402.660034 27.23632 80.
117.140 14 NAVIGATION 16 2 1170.875 107. 0. 1172.704102 107 86 86 0 0 0
117.140 14 ESTIMATOR 216.886993 0.38
117.240 14 IR_SENSORS 0 0 23 -16 264
117.240 14 AIRSPEED 12.9 0. 0. 0.
117.240 14 ATTITUDE 0.0023 1.733246 -0.000365
117.323 14 NAVIGATION 16 2 1170.875 107. 0. 1175.753906 108 87 87 0 0 0
117.339 14 FBW_STATUS 2 0 1 12.5 0.388058
117.339 14 GPS 3 36145875 481370249 924 216705 1293 32 0 8040960 31 0
117.440 14 CALIBRATION -17.856897 0
117.440 14 GPS_SOL 327 327 327 7
117.540 14 WP_MOVED 10 361686.65625 4813622. 215. 31
117.573 14 NAVIGATION 16 2 1174. 107. 0. 1178.865967 108 87 87 0 0 0
117.605 14 GPS 3 36146236 481370234 924 216694 1288 0 0 8041240 31 0
117.640 14 ENERGY 28 12.5 0.384152 4.801898 0.096379 1.204713
117.640 14 ESTIMATOR 216.914536 0.
117.729 14 WIND_INFO 14 5 -0.2 1.6 0. 12.8
117.739 14 ATTITUDE -0.001473 1.733888 -0.004125
117.823 14 NAVIGATION 16 2 1177.625 107. 0. 1182.476074 108 87 87 0 0 0
117.840 14 GPS 3 36146544 481370221 924 216681 1286 0 0 8041480 31 0
118.040 14 DL_VALUE 24 0.
118.040 14 WP_MOVED 11 360169.5 4813757.5 260. 31
118.074 14 NAVIGATION 16 2 1180.6875 106.5 0. 1185.481079 108 87 87 0 0 0
118.116 14 DESIRED -0.002558 -0.002628 0. 1368.409546 99.533676 215. -0.055636 13.
118.116 14 GPS 3 36146852 481370208 924 216663 1284 8 0 8041720 31 0
118.116 14 SVINFO 1 8 0 1 32 89 125
118.140 14 NAVIGATION 16 2 1183.78125 106.5 0. 1185.481079 108 87 87 0 0 0
118.140 14 ESTIMATOR 216.805313 0.08
118.189 14 CIRCLE 1402.660034 27.23632 80.
118.240 14 AIRSPEED 12.8 0. 0. 0.
118.240 14 ATTITUDE -0.001473 1.73381 -0.004125
118.323 14 NAVIGATION 16 2 1183.78125 106.5 0. 1188.562256 109 88 88 0 0 0
118.340 14 GPS 3 36147211 481370193 923 216637 1282 -1 0 8042000 31 0
118.439 14 IR_SENSORS 0 0 22 -18 264
118.521 14 FBW_STATUS 2 0 1 12.5 0.3789
118.538 14 WP_MOVED 12 360287.59375 4813581. 260. 31
118.572 14 NAVIGATION 16 2 1187.375 106.5 0. 1192.141602 109 88 88 0 0 0
118.589 14 GPS 3 36147518 481370180 923 216612 1280 -15 0 8042240 31 0
118.639 14 ESTIMATOR 216.732681 -0.15
118.739 14 ENERGY 28 12.5 0.381778 4.772226 0.097078 1.213447
118.739 14 ATTITUDE -0.005245 1.73235 -0.004125
118.823 14 NAVIGATION 16 2 1190.4375 106.5 0. 1195.191895 109 88 88 0 0 0
118.841 14 GPS 3 36147825 481370168 922 216585 1279 -28 0 8042480 31 0
118.842 14 SVINFO 4 11 1 4 34 0 275
119.039 14 WP_MOVED 13 360311.5 4813547. 260. 31
119.072 14 NAVIGATION 16 2 1193.5 106.5 0. 1198.24231 109 88 88 0 0 0
119.126 14 GPS 3 36148132 481370156 922 216556 1279 -30 0 8042720 31 0
119.127 14 SVINFO 5 12 1 5 35 16 325
119.140 14 DATALINK_REPORT 1 16 3324 543 0 0
119.141 14 DESIRED -0.001692 -0.001954 0. 1369.808594 100.180038 215. -0.050006 13.
119.141 14 NAVIGATION 16 2 1196.5625 106. 0. 1198.24231 109 88 88 0 0 0
119.141 14 ESTIMATOR 216.58638 -0.3
119.239 14 CIRCLE 1402.660034 27.23632 80.
119.240 14 AIRSPEED 12.8 0. 0. 0.
119.240 14 ATTITUDE -0.005245 1.730671 -0.000365
119.323 14 NAVIGATION 16 2 1196.5625 106. 0. 1201.248413 110 89 89 0 0 0
119.339 14 FBW_STATUS 2 0 1 12.5 0.395725
119.340 14 GPS 3 36148439 481370145 921 216526 1279 -35 0 8042960 31 0
119.341 14 SVINFO 6 13 1 6 36 59 16
119.440 14 GPS_SOL 335 335 335 7
119.543 14 AUTOPILOT_VERSION 51500 v5.15_devel-179-g9a29798-dirty
119.544 14 CALIBRATION -23.546614 0
119.545 14 DL_VALUE 25 0.
119.545 14 WP_MOVED 14 360300.6875 4813575.5 260. 31
119.573 14 NAVIGATION 16 2 1199.65625 106. 0. 1204.3302 110 89 89 0 0 0
119.589 14 GPS 3 36148797 481370131 920 216491 1281 -22 0 8043240 31 0
119.638 14 IR_SENSORS 0 0 23 -18 264
119.639 14 ESTIMATOR 216.443924 -0.22
119.740 14 ATTITUDE -0.005245 1.728189 -0.000365
119.822 14 NAVIGATION 16 2 1203.21875 106. 0. 1207.878906 110 89 89 0 0 0
119.839 14 ENERGY 30 12.5 0.406168 5.077104 0.097802 1.222495
119.839 14 GPS 3 36149105 481370120 920 216462 1282 -27 0 8043480 31 0
120.040 14 WP_MOVED 15 360297.6875 4813554.5 260. 31
120.072 14 NAVIGATION 16 2 1206.28125 105.5 0. 1210.885986 110 89 89 0 0 0
120.123 14 GPS 3 36149413 481370110 919 216435 1284 -27 0 8043720 31 0
120.123 14 SVINFO 2 9 1 2 33 66 176
120.140 14 NAVIGATION 16 2 1209.375 105.5 0. 1210.885986 110 89 89 0 0 0
120.140 14 ESTIMATOR 216.364563 -0.27
120.190 14 DESIRED -0.003175 -0.001565 0. 1371.053589 100.72802 215. -0.042231 13.
120.239 14 AIRSPEED 12.8 0. 0. 0.
120.239 14 ATTITUDE -0.005245 1.726416 -0.000365
120.289 14 CIRCLE 1402.660034 27.23632 80.
120.322 14 NAVIGATION 16 2 1209.375 105.5 0. 1213.967896 110 90 90 0 0 0
120.340 14 GPS 3 36149721 481370099 919 216410 1286 -42 0 8043960 31 0
120.341 14 SVINFO 3 10 1 3 34 23 226
120.524 14 FBW_STATUS 2 0 1 12.5 0.426187
120.540 14 WP_MOVED 16 360683.46875 4813622.5 215. 31
120.573 14 NAVIGATION 16 2 1212.4375 105.5 0. 1217.018921 111 90 90 0 0 0
120.612 14 GPS 3 36150082 481370088 918 216384 1289 -41 0 8044240 31 0
120.613 14 SVINFO 4 11 1 4 35 0 276
120.640 14 ESTIMATOR 216.262955 -0.41
120.740 14 ATTITUDE -0.005245 1.723259 -0.000365
120.824 14 NAVIGATION 16 2 1216.0625 105.5 0. 1220.630249 111 90 90 0 0 0
120.842 14 IR_SENSORS 0 0 23 -18 264
120.843 14 GPS 3 36150392 481370078 917 216364 1291 -36 0 8044480 31 0
120.843 14 SVINFO 5 12 1 5 36 19 326
120.940 14 ENERGY 32 12.5 0.439065 5.488309 0.098575 1.232163
121.039 14 DL_VALUE 26 160.
121.039 14 WP_MOVED 17 360654.59375 4813624.5 215. 31
121.073 14 NAVIGATION 16 2 1219.15625 105.5 0. 1223.712524 111 90 90 0 0 0
121.116 14 GPS 3 36150702 481370069 917 216348 1293 -29 0 8044720 31 0
121.117 14 SVINFO 6 13 1 6 37 62 17
121.139 14 NAVIGATION 16 2 1222.28125 105.5 0. 1223.712524 111 90 90 0 0 0
121.139 14 ESTIMATOR 216.180649 -0.29
121.240 14 DESIRED -0.002065 -0.001273 0. 1372.818481 101.462219 215. -0.036383 13.
121.242 14 AIRSPEED 12.8 0. 0. 0.
121.243 14 ATTITUDE -0.005245 1.720833 -0.000365
121.323 14 NAVIGATION 16 2 1222.28125 105.5 0. 1226.825928 112 91 91 0 0 0
121.340 14 FBW_STATUS 2 0 1 12.5 0.448866
121.340 14 CIRCLE 1402.660034 27.23632 80.
121.341 14 GPS 3 36151013 481370060 916 216336 1296 -29 0 8044960 31 0
121.341 14 SVINFO 0 7 0 0 32 73 77
121.423 14 COMMANDS 3168,-343,-22,0
121.440 14 NAVIGATION_REF 360284 4813595 31 185.
121.440 14 GPS_SOL 345 345 345 7
121.540 14 WP_MOVED 18 360289. 4813605. 220. 31
121.573 14 NAVIGATION 16 2 1225.375 105. 0. 1229.865356 112 91 91 0 0 0
121.617 14 GPS 3 36151377 481370050 915 216326 1300 -16 0 8045240 31 0
121.617 14 SVINFO 1 8 0 1 33 89 127
121.639 14 COMMANDS 3182,-15,30,0
121.639 14 CALIBRATION -57.612812 0
121.640 14 ESTIMATOR 216.153778 -0.16
121.740 14 STATE_FILTER_STATUS 2 3 305
121.740 14 ATTITUDE -0.005245 1.717793 -0.004125
121.822 14 NAVIGATION 16 2 1229. 105. 0. 1233.477173 112 91 91 0 0 0
121.840 14 GPS 3 36151689 481370042 915 216321 1302 0 0 8045480 31 0
121.940 14 PPRZ_MODE 2 3 2 2 0 6
122.041 14 ALIVE 101,248,228,24,166,140,12,35,201,240,56,234,1,216,147,12
122.041 14 IR_SENSORS 0 0 23 -18 264
122.041 14 ENERGY 33 12.5 0.453432 5.667901 0.0994 1.242477
122.042 14 WP_MOVED 19 360289. 4813610. 500. 31
122.073 14 NAVIGATION 16 2 1232.125 105. 0. 1236.59082 112 91 91 0 0 0
122.110 14 GPS 3 36152002 481370034 914 216320 1304 0 0 8045720 31 0
122.140 14 NAVIGATION 16 2 1235.25 105. 0. 1236.59082 112 91 91 0 0 0
122.140 14 ESTIMATOR 216.206345 0.
122.240 14 AIRSPEED 12.8 0. 0. 0.
122.241 14 ATTITUDE -0.005245 1.715927 -0.000365
122.290 14 DESIRED -0.003358 -0.001204 0. 1374.660278 102.176407 215. -0.035011 13.
122.323 14 NAVIGATION 16 2 1235.25 105. 0. 1239.70459 113 92 92 0 0 0
122.341 14 GPS 3 36152315 481370026 914 216322 1305 -3 0 8045960 31 0
122.389 14 CIRCLE 1402.660034 27.23632 80.
122.523 14 FBW_STATUS 2 0 1 12.5 0.452202
122.540 14 DL_VALUE 27 0.
122.540 14 WP_MOVED 20 360289. 4813620. 300. 31
122.573 14 NAVIGATION 16 2 1238.40625 104.5 0. 1242.807373 113 92 92 0 0 0
122.590 14 GPS 3 36152681 481370017 913 216327 1306 -6 0 8046240 31 0
122.639 14 ESTIMATOR 216.25386 -0.06
122.740 14 ATTITUDE -0.001473 1.713602 -0.000365
122.823 14 NAVIGATION 16 2 1242.0625 104.5 0. 1246.450806 113 92 92 0 0 0
122.840 14 GPS 3 36152995 481370010 913 216333 1306 -17 0 8046480 31 0
123.040 14 WP_MOVED 21 360289. 4813625. 400. 31
123.072 14 NAVIGATION 16 2 1245.21875 104.5 0. 1249.595947 113 92 92 0 0 0
123.090 14 GPS 3 36153308 481370003 912 216339 1307 -4 0 8046720 31 0
123.139 14 ENERGY 33 12.5 0.455543 5.69429 0.100232 1.252868
123.139 14 NAVIGATION 16 2 1248.34375 104.5 0. 1249.595947 113 92 92 0 0 0
123.146 14 ESTIMATOR 216.250992 -0.04
123.241 14 IR_SENSORS 0 0 22 -17 264
123.241 14 AIRSPEED 12.8 0. 0. 0.
123.241 14 ATTITUDE -0.001473 1.712166 -0.004125
123.323 14 NAVIGATION 16 2 1248.34375 104.5 0. 1252.709961 114 93 93 0 0 0
123.341 14 FBW_STATUS 2 0 1 12.5 0.455543
123.342 14 DESIRED -0.005853 -0.001723 0. 1377.40332 103.144814 215. -0.03753 13.
123.342 14 GPS 3 36153622 481369996 912 216347 1307 -15 0 8046960 31 0
123.439 14 GPS_SOL 356 356 356 7
123.440 14 CIRCLE 1402.660034 27.23632 80.
123.539 14 WP_MOVED 22 360289. 4813645. 250. 31
123.572 14 NAVIGATION 16 2 1251.5 104.5 0. 1255.855347 114 93 93 0 0 0
123.589 14 GPS 3 36153988 481369989 911 216357 1308 -3 0 8047240 31 0
123.590 14 SVINFO 2 9 0 2 34 61 178
123.638 14 ESTIMATOR 216.263168 -0.03
123.739 14 CALIBRATION -61.685291 0
123.741 14 ATTITUDE -0.001473 1.710075 -0.000365
123.823 14 NAVIGATION 16 2 1255.125 104.5 0. 1259.467773 114 93 93 0 0 0
123.840 14 GPS 3 36154303 481369983 911 216366 1309 -2 0 8047480 31 0
123.841 14 SVINFO 3 10 1 3 35 17 228
124.039 14 DL_VALUE 28 0.32
124.039 14 WP_MOVED 0 360326. 4813637. 260. 31
124.073 14 NAVIGATION 16 2 1258.28125 104.5 0. 1262.613159 114 93 93 0 0 0
124.090 14 GPS 3 36154617 481369977 910 216376 1309 -3 0 8047720 31 0
124.092 14 SVINFO 4 11 0 4 36 0 278
124.139 14 NAVIGATION 16 2 1261.40625 104.5 0. 1262.613159 114 93 93 0 0 0
124.139 14 ESTIMATOR 216.30394 -0.03
124.240 14 DATALINK_REPORT 6 16 3458 561 0 0
124.240 14 ENERGY 33 12.5 0.457128 5.714097 0.10107 1.26335
124.241 14 AIRSPEED 12.8 0. 0. 0.
124.241 14 ATTITUDE -0.005245 1.708603 -0.000365
124.323 14 NAVIGATION 16 2 1261.40625 104.5 0. 1265.727417 115 94 94 0 0 0
124.348 14 GPS 3 36154931 481369972 910 216386 1309 -4 0 8047960 31 0
124.348 14 SVINFO 5 12 1 5 37 24 328
124.389 14 DESIRED -0.007643 -0.00141 0. 1380.177246 104.012115 215. -0.039118 13.
124.440 14 IR_SENSORS 0 0 23 -18 264
124.489 14 CIRCLE 1402.660034 27.23632 80.
124.523 14 FBW_STATUS 2 0 1 12.5 0.456952
124.540 14 WP_MOVED 1 360284. 4813595. 260. 31
124.573 14 NAVIGATION 16 2 1264.5625 104.5 0. 1268.872925 115 94 94 0 0 0
124.590 14 GPS 3 36155298 481369965 909 216399 1309 -7 0 8048240 31 0
124.591 14 SVINFO 6 13 1 6 38 67 19
124.641 14 ESTIMATOR 216.332458 -0.07
124.740 14 ATTITUDE -0.005245 1.706248 -0.000365
124.826 14 NAVIGATION 16 2 1268.21875 104. 0. 1272.47583 115 94 94 0 0 0
124.840 14 GPS 3 36155612 481369961 908 216410 1309 0 0 8048480 31 0
124.841 14 SVINFO 0 7 0 0 33 78 79
125.040 14 WP_MOVED 2 360333.5 4813695. 260. 31
125.073 14 NAVIGATION 16 2 1274.53125 104. 0. 1278.767334 115 94 94 0 0 0
125.090 14 GPS 3 36155926 481369956 908 216422 1309 4 0 8048720 31 0
125.091 14 SVINFO 1 8 1 1 34 88 129
125.139 14 NAVIGATION 16 2 1274.53125 104. 0. 1278.767334 115 94 94 0 0 0
125.140 14 ESTIMATOR 216.360611 0.04
125.240 14 AIRSPEED 12.8 0. 0. 0.
125.240 14 ATTITUDE -0.009014 1.704183 -0.000365
125.323 14 NAVIGATION 16 2 1277.65625 104. 0. 1281.881958 116 95 95 0 0 0
125.341 14 FBW_STATUS 2 0 1 12.5 0.453432
125.341 14 ENERGY 33 12.5 0.453608 5.6701 0.101907 1.273811
125.342 14 GPS 3 36156241 481369952 907 216433 1309 -8 0 8048960 31 0
125.342 14 SVINFO 2 9 1 2 35 58 179
125.440 14 GPS_SOL 367 367 367 7
125.440 14 DESIRED -0.011826 -0.001141 0. 1384.057373 105.043388 215. -0.041599 13.
125.539 14 DL_VALUE 29 0.
125.539 14 CIRCLE 1402.660034 27.23632 80.
125.539 14 WP_MOVED 3 360294.09375 4813785. 260. 31
125.575 14 NAVIGATION 16 2 1281.34375 104. 0. 1285.557373 116 95 95 0 0 0
125.591 14 GPS 3 36156607 481369949 905 216447 1309 -20 0 8049240 31 0
125.639 14 IR_SENSORS 0 0 23 -19 264
125.640 14 ESTIMATOR 216.387283 -0.2
125.739 14 ATTITUDE -0.012781 1.699783 -0.000365
125.822 14 NAVIGATION 16 2 1281.34375 104. 0. 1285.557373 116 95 95 0 0 0
125.840 14 CALIBRATION -63.103848 0
125.841 14 GPS 3 36156922 481369946 904 216458 1309 -12 0 8049480 31 0
125.843 14 SVINFO 4 11 0 4 37 0 279
126.038 14 WP_MOVED 4 360416.3125 4813734. 260. 31
126.073 14 NAVIGATION 16 2 1284.4375 104. 0. 1288.640991 116 95 95 0 0 0
126.089 14 GPS 3 36157236 481369944 903 216469 1310 -4 0 8049720 31 0
126.089 14 SVINFO 5 12 1 5 38 27 329
126.138 14 NAVIGATION 16 2 1287.625 104. 0. 1288.640991 116 95 95 0 0 0
126.139 14 ESTIMATOR 216.371887 -0.04
126.239 14 AIRSPEED 12.8 0. 0. 0.
126.240 14 ATTITUDE -0.009014 1.696041 -0.000365
126.323 14 NAVIGATION 16 2 1287.625 104. 0. 1291.818115 117 96 96 0 0 0
126.342 14 GPS 3 36157551 481369943 901 216481 1310 0 0 8049960 31 0
126.342 14 SVINFO 6 13 0 6 39 70 20
126.423 14 COMMANDS 3216,-22,36,0
126.440 14 ENERGY 33 12.5 0.459948 5.749352 0.102749 1.284332
126.490 14 DESIRED -0.01201 -0.000726 0. 1387.005493 105.68972 215. -0.041157 13.
126.523 14 FBW_STATUS 2 0 1 12.5 0.459595
126.540 14 WP_MOVED 5 360421. 4813583.5 260. 31
126.574 14 NAVIGATION 16 2 1290.78125 104. 0. 1294.964233 117 96 96 0 0 0
126.590 14 CIRCLE 1402.660034 27.23632 80.
126.590 14 GPS 3 36157918 481369943 900 216495 1310 -20 0 8050240 31 0
126.639 14 COMMANDS 3233,5,-4,0
126.639 14 ESTIMATOR 216.418839 -0.2
126.741 14 STATE_FILTER_STATUS 2 3 307
126.741 14 ATTITUDE -0.012781 1.690648 -0.000365
126.823 14 NAVIGATION 16 2 1294.4375 104. 0. 1298.608643 117 96 96 0 0 0
126.839 14 IR_SENSORS 0 0 23 -20 264
126.840 14 GPS 3 36158232 481369943 899 216508 1311 -22 0 8050480 31 0
126.939 14 PPRZ_MODE 2 3 2 2 0 6
127.041 14 ALIVE 101,248,228,24,166,140,12,35,201,240,56,234,1,216,147,12
127.041 14 DL_VALUE 30 0.01
127.042 14 WP_MOVED 6 360164.8125 4813664.5 260. 31
127.073 14 NAVIGATION 16 2 1297.5625 104. 0. 1301.723633 117 96 96 0 0 0
127.090 14 GPS 3 36158547 481369944 897 216521 1311 -20 0 8050720 31 0
127.139 14 NAVIGATION 16 2 1300.71875 104. 0. 1301.723633 117 96 96 0 0 0
127.139 14 ESTIMATOR 216.393646 -0.2
127.239 14 AIRSPEED 12.8 0. 0. 0.
127.240 14 ATTITUDE -0.012781 1.686747 -0.000365
127.324 14 NAVIGATION 16 2 1300.71875 104. 0. 1304.869873 118 97 97 0 0 0
127.340 14 FBW_STATUS 2 0 1 12.5 0.473042
127.340 14 GPS 3 36158862 481369946 896 216535 1312 5 0 8050960 31 0
127.341 14 SVINFO 3 10 0 3 36 13 230
127.440 14 GPS_SOL 380 380 380 7
127.540 14 ENERGY 33 12.5 0.468078 5.850972 0.103604 1.295024
127.540 14 DESIRED -0.012901 -0.000759 0. 1391.499146 106.453957 215. -0.041809 13.
127.541 14 WP_MOVED 7 360558.40625 4813804.5 260. 31
127.573 14 NAVIGATION 16 2 1303.875 104. 0. 1308.016113 118 97 97 0 0 0
127.590 14 GPS 3 36159230 481369950 894 216552 1313 -5 0 8051240 31 0
127.640 14 CIRCLE 1402.660034 27.23632 80.
127.641 14 ESTIMATOR 216.443008 -0.05
127.731 14 WIND_INFO 14 5 -0.2 1.6 0. 12.9
127.740 14 ATTITUDE -0.012781 1.680791 -0.000365
127.823 14 NAVIGATION 16 2 1307.5625 104. 0. 1311.691895 118 97 97 0 0 0
127.840 14 GPS 3 36159545 481369953 893 216568 1313 -1 0 8051480 31 0
127.940 14 CALIBRATION -69.372276 0
128.041 14 IR_SENSORS 0 0 23 -20 264
128.042 14 WP_MOVED 8 361680.28125 4813542.5 215. 31
128.073 14 NAVIGATION 16 2 1310.6875 104. 0. 1314.807129 118 97 97 0 0 0
128.089 14 GPS 3 36159861 481369957 892 216584 1314 -25 0 8051720 31 0
128.140 14 NAVIGATION 16 2 1313.84375 104. 0. 1314.807129 118 97 97 0 0 0
128.140 14 ESTIMATOR 216.494339 -0.25
128.239 14 AIRSPEED 12.9 0. 0. 0.
128.240 14 ATTITUDE -0.012781 1.676869 -0.000365
128.323 14 NAVIGATION 16 2 1313.84375 104. 0. 1317.953491 119 98 98 0 0 0
128.341 14 GPS 3 36160176 481369963 890 216602 1314 -24 0 8051960 31 0
128.343 14 SVINFO 0 7 0 0 34 82 81
128.524 14 FBW_STATUS 2 0 1 12.5 0.478195
128.540 14 DL_VALUE 31 0.1
128.541 14 WP_MOVED 9 360312.8125 4813652. 185. 31
128.573 14 NAVIGATION 16 2 1317. 104. 0. 1321.099976 119 98 98 0 0 0
128.591 14 DESIRED -0.012076 -0.000882 0. 1398.28479 107.116585 215. -0.044267 13.
128.591 14 GPS 3 36160544 481369969 888 216622 1315 -21 0 8052240 31 0
128.592 14 SVINFO 1 8 0 1 35 86 131
128.640 14 ENERGY 34 12.5 0.479619 5.995241 0.104469 1.305835
128.640 14 ESTIMATOR 216.468613 -0.21
128.690 14 CIRCLE 1402.660034 27.23632 80.
128.738 14 ATTITUDE -0.012781 1.671097 -0.000365
128.823 14 NAVIGATION 16 2 1320.6875 104.5 0. 1324.815308 119 98 98 0 0 0
128.840 14 GPS 3 36160860 481369976 887 216641 1316 -29 0 8052480 31 0
128.840 14 SVINFO 2 9 0 2 36 51 181
129.040 14 WP_MOVED 10 361686.65625 4813622. 215. 31
129.072 14 NAVIGATION 16 2 1323.84375 104.5 0. 1327.961792 119 98 98 0 0 0
129.089 14 GPS 3 36161176 481369983 886 216661 1317 -27 0 8052720 31 0
129.090 14 SVINFO 3 10 1 3 37 11 231
129.139 14 NAVIGATION 16 2 1327. 104.5 0. 1327.961792 119 98 98 0 0 0
129.139 14 ESTIMATOR 216.468109 -0.27
129.240 14 IR_SENSORS 0 0 23 -19 264
129.240 14 AIRSPEED 12.9 0. 0. 0.
129.240 14 ATTITUDE -0.009014 1.667212 -0.000365
129.324 14 NAVIGATION 16 2 1327. 104.5 0. 1331.108276 120 99 99 0 0 0
129.340 14 DATALINK_REPORT 2 17 3592 561 0 0
129.340 14 FBW_STATUS 2 0 1 12.5 0.494448
129.341 14 GPS 3 36161493 481369991 885 216682 1318 -30 0 8052960 31 0
129.341 14 SVINFO 4 11 1 4 38 1 281
129.440 14 GPS_SOL 393 393 393 7
129.539 14 WP_MOVED 11 360169.5 4813757.5 260. 31
129.573 14 NAVIGATION 16 2 1330.15625 104.5 0. 1334.254761 120 99 99 0 0 0
129.590 14 GPS 3 36161862 481370002 883 216710 1321 -29 0 8053240 31 0
129.590 14 SVINFO 5 12 1 5 39 33 331
129.642 14 DESIRED -0.00591 -0.00127 0. 1405.201294 107.195946 215. -0.044187 13.
129.643 14 ESTIMATOR 216.478119 -0.29
129.740 14 ENERGY 36 12.5 0.50361 6.295131 0.10537 1.317095
129.740 14 CIRCLE 1402.660034 27.23632 80.
129.741 14 ATTITUDE -0.009014 1.66206 -0.004125
129.823 14 NAVIGATION 16 2 1333.875 104.5 0. 1337.962158 120 99 99 0 0 0
129.839 14 GPS 3 36162180 481370011 883 216736 1322 -10 0 8053480 31 0
129.840 14 SVINFO 6 13 1 6 40 75 22
130.039 14 CALIBRATION -93.024765 0
130.039 14 DL_VALUE 32 0.
130.039 14 WP_MOVED 12 360287.59375 4813581. 260. 31
130.073 14 NAVIGATION 16 2 1337.0625 104.5 0. 1341.139893 120 99 99 0 0 0
130.089 14 GPS 3 36162497 481370021 882 216764 1324 3 0 8053720 31 0
130.140 14 NAVIGATION 16 2 1340.21875 104.5 0. 1341.139893 120 99 99 0 0 0
130.140 14 ESTIMATOR 216.542236 0.03
130.240 14 AIRSPEED 12.9 0. 0. 0.
130.240 14 ATTITUDE -0.005245 1.659325 -0.000365
130.324 14 NAVIGATION 16 2 1340.21875 104.5 0. 1344.286621 121 100 100 0 0 0
130.340 14 GPS 3 36162815 481370031 881 216794 1325 -16 0 8053960 31 0
130.440 14 NAVIGATION_REF 360284 4813595 31 185.
130.440 14 IR_SENSORS 0 0 23 -18 264
130.522 14 FBW_STATUS 2 0 1 12.5 0.505592
130.540 14 WP_MOVED 13 360311.5 4813547. 260. 31
130.573 14 NAVIGATION 16 2 1343.40625 104.5 0. 1347.464478 121 100 100 0 0 0
130.590 14 GPS 3 36163187 481370044 880 216832 1327 -20 0 8054240 31 0
130.645 14 AUTOPILOT_VERSION 51500 v5.15_devel-179-g9a29798-dirty
130.645 14 ESTIMATOR 216.639206 -0.2
130.689 14 DESIRED 0.001281 -0.001872 0. 1413.123291 106.549126 215. -0.048376 13.
130.739 14 ATTITUDE -0.005245 1.655567 -0.004125
130.789 14 CIRCLE 1402.660034 27.23632 80.
130.823 14 NAVIGATION 16 2 1347.125 105. 0. 1351.210815 121 100 100 0 0 0
130.839 14 ENERGY 36 12.5 0.509559 6.369493 0.106295 1.328663
130.839 14 GPS 3 36163505 481370055 879 216866 1327 -24 0 8054480 31 0
131.040 14 WP_MOVED 14 360300.6875 4813575.5 260. 31
131.073 14 NAVIGATION 16 2 1350.28125 105. 0. 1354.357544 121 100 100 0 0 0
131.090 14 GPS 3 36163824 481370066 879 216901 1328 -27 0 8054720 31 0
131.091 14 SVINFO 4 11 1 4 39 2 282
131.143 14 NAVIGATION 16 2 1353.5 105.5 0. 1354.357544 121 100 100 0 0 0
131.143 14 ESTIMATOR 216.677597 -0.27
131.240 14 AIRSPEED 12.9 0. 0. 0.
131.240 14 ATTITUDE 0.0023 1.653965 -0.000365
131.322 14 NAVIGATION 16 2 1353.5 105.5 0. 1357.605469 122 101 101 0 0 0
131.339 14 FBW_STATUS 2 0 1 12.5 0.519873
131.339 14 GPS 3 36164143 481370078 879 216938 1330 -44 0 8054960 31 0
131.339 14 SVINFO 5 12 1 5 40 36 332
131.424 14 COMMANDS 3583,146,-22,0
131.439 14 GPS_SOL 407 407 407 7
131.540 14 DL_VALUE 33 0.15
131.540 14 WP_MOVED 15 360297.6875 4813554.5 260. 31
131.573 14 NAVIGATION 16 2 1356.6875 105.5 0. 1360.783325 122 101 101 0 0 0
131.591 14 GPS 3 36164516 481370091 879 216983 1332 -36 0 8055240 31 0
131.593 14 SVINFO 6 13 1 6 41 77 23
131.640 14 COMMANDS 3616,128,31,0
131.640 14 IR_SENSORS 0 0 22 -14 264
131.640 14 ESTIMATOR 216.686798 -0.36
131.740 14 STATE_FILTER_STATUS 2 3 300
131.740 14 DESIRED 0.027027 -0.001122 0. 1422.78479 104.663681 215. -0.050831 13.
131.740 14 ATTITUDE 0.013629 1.654096 -0.000365
131.823 14 NAVIGATION 16 2 1360.40625 105.5 0. 1364.490845 122 101 101 0 0 0
131.840 14 CIRCLE 1402.660034 27.23632 80.
131.840 14 GPS 3 36164836 481370102 880 217023 1334 -7 0 8055480 31 0
131.841 14 SVINFO 0 7 0 0 35 85 83
131.940 14 PPRZ_MODE 2 3 2 2 0 6
131.940 14 ENERGY 37 12.5 0.53315 6.664377 0.107254 1.340653
132.040 14 ALIVE 101,248,228,24,166,140,12,35,201,240,56,234,1,216,147,12
132.040 14 WP_MOVED 16 360683.46875 4813622.5 215. 31
132.073 14 NAVIGATION 16 2 1363.625 105.5 0. 1367.700073 122 101 101 0 0 0
132.090 14 GPS 3 36165156 481370112 881 217067 1335 14 0 8055720 31 0
132.090 14 SVINFO 1 8 0 1 36 83 133
132.141 14 CALIBRATION -111.922852 0
132.146 14 NAVIGATION 16 2 1366.8125 105.5 0. 1367.700073 122 101 101 0 0 0
132.146 14 ESTIMATOR 216.785995 0.14
132.240 14 AIRSPEED 12.9 0. 0. 0.
132.240 14 ATTITUDE 0.024971 1.657501 -0.000365
132.323 14 NAVIGATION 16 2 1366.8125 105.5 0. 1370.878052 123 102 102 0 0 0
132.340 14 GPS 3 36165477 481370121 883 217112 1337 -1 0 8055960 31 0
132.341 14 SVINFO 2 9 1 2 37 45 183
132.524 14 FBW_STATUS 2 0 1 12.5 0.526774
132.540 14 WP_MOVED 17 360654.59375 4813624.5 215. 31
132.573 14 NAVIGATION 16 2 1370. 105.5 0. 1374.056152 123 102 102 0 0 0
132.589 14 GPS 3 36165851 481370130 888 217168 1337 8 0 8056240 31 0
132.589 14 SVINFO 3 10 1 3 38 7 233
132.640 14 ESTIMATOR 216.963867 0.08
132.740 14 ATTITUDE 0.040108 1.668542 -0.000365
132.790 14 DESIRED 0.053274 0.001729 0. 1433.07959 101.227188 215. -0.056873 13.
132.823 14 NAVIGATION 16 2 1373.78125 106. 0. 1377.864624 123 102 102 0 0 0
132.839 14 IR_SENSORS 0 0 23 -5 264
132.840 14 GPS 3 36166172 481370135 890 217216 1337 -19 0 8056480 31 0
132.890 14 CIRCLE 1402.660034 27.23632 80.
133.040 14 DL_VALUE 34 0.05
133.040 14 ENERGY 37 12.5 0.526774 6.58468 0.108221 1.35273
133.040 14 WP_MOVED 18 360289. 4813605. 220. 31
133.074 14 NAVIGATION 16 2 1376.96875 106. 0. 1381.042725 123 102 102 0 0 0
133.090 14 GPS 3 36166493 481370137 895 217266 1337 -26 0 8056720 31 0
133.147 14 NAVIGATION 16 2 1380.15625 106. 0. 1381.042725 123 102 102 0 0 0
133.148 14 ESTIMATOR 217.065399 -0.26
133.240 14 AIRSPEED 12.9 0. 0. 0.
133.240 14 ATTITUDE 0.055256 1.680009 -0.000365
133.323 14 NAVIGATION 16 2 1380.15625 106. 0. 1384.220825 124 103 103 0 0 0
133.339 14 FBW_STATUS 2 0 1 12.5 0.532603
133.340 14 GPS 3 36166814 481370137 900 217315 1338 -25 0 8056960 31 0
133.440 14 GPS_SOL 421 421 421 7
133.540 14 WP_MOVED 19 360289. 4813610. 500. 31
133.572 14 NAVIGATION 16 2 1383.40625 106. 0. 1387.461304 124 103 103 0 0 0
133.589 14 GPS 3 36167189 481370133 909 217375 1339 -31 0 8057240 31 0
133.590 14 SVINFO 0 7 0 0 36 86 84
133.641 14 ESTIMATOR 217.110291 -0.31
133.738 14 ATTITUDE 0.074195 1.703372 -0.000365
133.823 14 NAVIGATION 16 2 1387.125 106. 0. 1391.169189 124 103 103 0 0 0
133.840 14 DESIRED 0.103769 0.004958 0. 1447.212891 93.682106 215. -0.063309 13.
133.840 14 GPS 3 36167511 481370125 914 217427 1339 -31 0 8057480 31 0
133.840 14 SVINFO 1 8 1 1 37 81 134
133.939 14 CIRCLE 1402.660034 27.23632 80.
134.039 14 IR_SENSORS 0 0 23 6 264
134.039 14 WP_MOVED 20 360289. 4813620. 300. 31
134.073 14 NAVIGATION 16 2 1390.375 105.5 0. 1394.371826 124 103 103 0 0 0
134.090 14 GPS 3 36167832 481370113 922 217481 1340 -15 0 8057720 31 0
134.091 14 SVINFO 2 9 1 2 38 42 184
134.139 14 ENERGY 38 12.5 0.546506 6.831323 0.109206 1.365047
134.140 14 NAVIGATION 16 2 1393.5625 105.5 0. 1394.371826 124 103 103 0 0 0
134.140 14 ESTIMATOR 217.165649 -0.15
134.240 14 CALIBRATION -123.430946 0
134.241 14 AIRSPEED 12.9 0. 0. 0.
134.241 14 ATTITUDE 0.093126 1.725634 -0.000365
134.322 14 NAVIGATION 16 2 1393.5625 105.5 0. 1397.550293 125 104 104 0 0 0
134.340 14 GPS 3 36168154 481370095 931 217538 1342 -10 0 8057960 31 0
134.340 14 SVINFO 3 10 1 3 39 5 234
134.440 14 DATALINK_REPORT 7 17 3728 569 0 0
134.523 14 FBW_STATUS 2 0 1 12.5 0.547974
134.540 14 DL_VALUE 35 0.
134.540 14 WP_MOVED 21 360289. 4813625. 400. 31
134.573 14 NAVIGATION 16 2 1396.78125 105.5 0. 1400.759888 125 104 104 0 0 0
134.590 14 GPS 3 36168529 481370067 946 217609 1343 -11 0 8058240 31 0
134.591 14 SVINFO 4 11 1 4 40 5 284
134.639 14 ESTIMATOR 217.311386 -0.11
134.740 14 ATTITUDE 0.108255 1.766648 0.003393
134.823 14 NAVIGATION 16 2 1400.53125 105.5 0. 1404.499146 125 104 104 0 0 0
134.839 14 GPS 3 36168850 481370037 954 217674 1343 10 0 8058480 31 0
134.840 14 SVINFO 5 12 1 5 41 42 334
134.895 14 DESIRED 0.143331 0.008597 0. 1457.669556 85.322052 215. -0.069342 13.
134.989 14 CIRCLE 1402.660034 27.23632 80.
135.040 14 WP_MOVED 22 360289. 4813645. 250. 31
135.072 14 NAVIGATION 16 2 1403.71875 105. 0. 1407.640381 125 104 104 0 0 0
135.090 14 GPS 3 36169170 481370000 966 217742 1343 32 0 8058720 31 0
135.090 14 SVINFO 6 13 1 6 42 81 25
135.147 14 NAVIGATION 16 2 1406.9375 104.5 0. 1407.640381 125 104 104 0 0 0
135.148 14 ESTIMATOR 217.494675 0.32
135.239 14 IR_SENSORS 0 0 25 19 264
135.239 14 ENERGY 37 12.5 0.53315 6.664377 0.110206 1.377545
135.239 14 AIRSPEED 12.9 0. 0. 0.
135.239 14 ATTITUDE 0.134678 1.799049 0.007149
135.322 14 NAVIGATION 16 2 1406.9375 104.5 0. 1410.812988 126 105 105 0 0 0
135.340 14 FBW_STATUS 2 0 1 12.5 0.528776
135.340 14 GPS 3 36169489 481369955 979 217812 1342 39 0 8058960 31 0
135.439 14 GPS_SOL 436 436 436 7
135.539 14 WP_MOVED 0 360326. 4813637. 260. 31
135.573 14 NAVIGATION 16 2 1410.125 104. 0. 1413.954956 126 105 105 0 0 0
135.590 14 GPS 3 36169860 481369893 1001 217896 1339 29 0 8059240 31 0
135.650 14 ESTIMATOR 217.775009 0.29
135.740 14 ATTITUDE 0.161371 1.858756 0.007506
135.823 14 NAVIGATION 16 2 1413.84375 103.5 0. 1417.627075 126 105 105 0 0 0
135.840 14 GPS 3 36170175 481369831 1012 217967 1337 29 0 8059480 31 0
135.939 14 DESIRED 0.172825 0.013039 0. 1466.837646 74.99852 215. -0.08325 13.
136.039 14 DL_VALUE 36 0.
136.039 14 CIRCLE 1402.660034 27.23632 80.
136.040 14 WP_MOVED 1 360284. 4813595. 260. 31
136.073 14 NAVIGATION 16 2 1417. 102.5 0. 1420.702393 126 105 105 0 0 0
136.090 14 GPS 3 36170487 481369759 1029 218039 1334 24 0 8059720 31 0
136.091 14 SVINFO 3 10 1 3 40 4 235
136.143 14 NAVIGATION 16 2 1420.125 102. 0. 1420.702393 126 105 105 0 0 0
136.144 14 ESTIMATOR 217.973389 0.24
136.240 14 AIRSPEED 12.9 0. 0. 0.
136.241 14 ATTITUDE 0.172654 1.905508 0.011273
136.323 14 NAVIGATION 16 2 1420.125 102. 0. 1423.783325 127 106 106 0 0 0
136.340 14 CALIBRATION -93.701195 0
136.340 14 ENERGY 35 12.5 0.491582 6.144771 0.111142 1.389243
136.341 14 GPS 3 36170796 481369678 1047 218109 1331 -3 0 8059960 31 0
136.341 14 SVINFO 4 11 0 4 41 7 285
136.423 14 COMMANDS 3405,110,27,0
136.440 14 IR_SENSORS 0 0 26 30 262
136.523 14 FBW_STATUS 2 0 1 12.5 0.493014
136.541 14 WP_MOVED 2 360333.5 4813695. 260. 31
136.573 14 NAVIGATION 16 2 1423.21875 101. 0. 1426.797974 127 106 106 0 0 0
136.590 14 GPS 3 36171152 481369571 1074 218189 1326 -11 0 8060240 31 0
136.591 14 SVINFO 5 12 0 5 42 45 335
136.647 14 COMMANDS 3404,105,26,0
136.648 14 ESTIMATOR 218.08223 -0.11
136.739 14 STATE_FILTER_STATUS 2 3 319
136.740 14 ATTITUDE 0.180605 1.979615 0.011646
136.823 14 NAVIGATION 16 2 1426.78125 100. 0. 1430.281372 127 106 106 0 0 0
136.840 14 GPS 3 36171453 481369470 1086 218255 1324 0 0 8060480 31 0
136.840 14 SVINFO 6 13 1 6 43 83 26
136.939 14 PPRZ_MODE 2 3 2 2 0 6
136.990 14 DESIRED 0.190736 0.014973 0. 1474.155029 63.131435 215. -0.092467 13.
137.039 14 ALIVE 101,248,228,24,166,140,12,35,201,240,56,234,1,216,147,12
137.040 14 WP_MOVED 3 360294.09375 4813785. 260. 31
137.073 14 NAVIGATION 16 2 1429.78125 99. 0. 1433.20459 127 106 106 0 0 0
137.089 14 CIRCLE 1402.660034 27.23632 80.
137.090 14 GPS 3 36171750 481369358 1105 218319 1321 0 0 8060720 31 0
137.090 14 SVINFO 0 7 0 0 37 88 86
137.157 14 NAVIGATION 16 2 1432.78125 98. 0. 1433.20459 127 106 106 0 0 0
137.157 14 ESTIMATOR 218.160889 0.
137.239 14 AIRSPEED 12.9 0. 0. 0.
137.240 14 ATTITUDE 0.191882 2.031942 0.015424
137.323 14 NAVIGATION 16 2 1432.78125 98. 0. 1436.128906 128 107 107 0 0 0
137.341 14 FBW_STATUS 2 0 1 12.5 0.487468
137.342 14 GPS 3 36172042 481369237 1125 218382 1319 17 0 8060960 31 0
137.343 14 SVINFO 1 8 0 1 38 77 136
137.440 14 GPS_SOL 451 451 451 7
137.440 14 ENERGY 34 12.5 0.482826 6.035331 0.112042 1.400494
137.540 14 DL_VALUE 37 0.
137.540 14 WP_MOVED 4 360416.3125 4813734. 260. 31
137.572 14 NAVIGATION 16 2 1435.65625 97. 0. 1438.929443 128 107 107 0 0 0
137.590 14 GPS 3 36172377 481369082 1155 218453 1316 -7 0 8061240 31 0
137.590 14 SVINFO 2 9 0 2 39 36 186
137.652 14 IR_SENSORS 0 0 27 35 262
137.652 14 ESTIMATOR 218.309753 -0.07
137.733 14 WIND_INFO 14 5 -0.2 1.2 0. 13.2
137.740 14 ATTITUDE 0.199381 2.113492 0.015424
137.823 14 NAVIGATION 16 2 1439. 95.5 0. 1442.165527 128 107 107 0 0 0
137.839 14 GPS 3 36172659 481368939 1169 218511 1315 -9 0 8061480 31 0
138.040 14 DESIRED 0.20588 0.016641 0. 1479.176025 50.588036 215. -0.099293 13.
138.040 14 WP_MOVED 5 360421. 4813583.5 260. 31
138.073 14 NAVIGATION 16 2 1441.84375 94. 0. 1444.904663 128 107 107 0 0 0
138.089 14 GPS 3 36172934 481368786 1190 218568 1313 -3 0 8061720 31 0
138.148 14 CIRCLE 1402.660034 27.23632 80.
138.149 14 NAVIGATION 16 2 1444.625 92.5 0. 1444.904663 128 107 107 0 0 0
138.149 14 ESTIMATOR 218.388153 -0.03
138.239 14 AIRSPEED 13.2 0. 0. 0.
138.239 14 ATTITUDE 0.21116 2.14657 0.015815
138.323 14 NAVIGATION 16 2 1444.625 92.5 0. 1447.583374 129 108 108 0 0 0
138.339 14 GPS 3 36173204 481368623 1212 218621 1312 -2 0 8061960 31 0
138.440 14 CALIBRATION -83.963226 0
138.523 14 FBW_STATUS 2 0 1 12.5 0.475706
138.539 14 ENERGY 34 12.5 0.475706 5.946322 0.11292 1.411478
138.540 14 WP_MOVED 6 360164.8125 4813664.5 260. 31
138.573 14 NAVIGATION 16 2 1447.28125 90.5 0. 1450.108032 129 108 108 0 0 0
138.590 14 GPS 3 36173509 481368419 1245 218681 1310 16 0 8062240 31 0
138.651 14 ESTIMATOR 218.5 0.16
138.740 14 ATTITUDE 0.218647 2.237012 0.015815
138.823 14 NAVIGATION 16 2 1450.34375 88.5 0. 1453.041382 129 108 108 0 0 0
138.840 14 IR_SENSORS 0 0 27 41 261
138.840 14 GPS 3 36173763 481368234 1261 218731 1309 29 0 8062480 31 0
138.840 14 SVINFO 0 7 0 0 38 89 87
139.040 14 DL_VALUE 38 0.
139.040 14 WP_MOVED 7 360558.40625 4813804.5 260. 31
139.073 14 NAVIGATION 16 2 1452.875 86.5 0. 1455.447754 129 108 108 0 0 0
139.089 14 DESIRED 0.220123 0.017781 0. 1482.388184 33.826069 215. -0.107672 13.
139.090 14 GPS 3 36174009 481368039 1284 218778 1307 23 0 8062720 31 0
139.090 14 SVINFO 1 8 1 1 39 75 137
139.152 14 NAVIGATION 16 2 1455.34375 85. 0. 1455.447754 129 108 108 0 0 0
139.153 14 ESTIMATOR 218.691498 0.23
139.189 14 CIRCLE 1402.660034 27.23632 80.
139.239 14 AIRSPEED 13.2 0. 0. 0.
139.240 14 ATTITUDE 0.222384 2.29985 0.019604
139.323 14 NAVIGATION 16 2 1455.34375 85. 0. 1457.823853 130 109 109 0 0 0
139.340 14 FBW_STATUS 2 0 1 12.5 0.447813
139.340 14 GPS 3 36174246 481367834 1307 218823 1305 27 0 8062960 31 0
139.341 14 SVINFO 2 9 1 2 40 33 187
139.441 14 NAVIGATION_REF 360284 4813595 31 185.
139.441 14 GPS_SOL 467 467 467 7
139.541 14 DATALINK_REPORT 2 18 3861 551 0 0
139.541 14 WP_MOVED 8 361680.28125 4813542.5 215. 31
139.573 14 NAVIGATION 16 2 1457.71875 83. 0. 1460.079834 130 109 109 0 0 0
139.589 14 GPS 3 36174512 481367584 1343 218873 1301 19 0 8063240 31 0
139.590 14 SVINFO 3 10 1 3 41 1 237
139.657 14 ENERGY 32 12.5 0.437669 5.470857 0.113756 1.421931
139.657 14 ESTIMATOR 218.845139 0.19
139.740 14 ATTITUDE 0.222384 2.395453 0.019604
139.823 14 NAVIGATION 16 2 1460.375 80.5 0. 1462.592041 130 109 109 0 0 0
139.840 14 GPS 3 36174729 481367360 1358 218913 1299 25 0 8063480 31 0
139.840 14 SVINFO 4 11 1 4 42 11 287
140.040 14 IR_SENSORS 0 0 28 42 261
140.041 14 WP_MOVED 9 360312.8125 4813652. 185. 31
140.073 14 NAVIGATION 16 2 1462.53125 78. 0. 1464.609741 130 109 109 0 0 0
140.090 14 GPS 3 36174936 481367128 1382 218948 1296 19 0 8063720 31 0
140.090 14 SVINFO 5 12 1 5 43 51 337
140.149 14 DESIRED 0.220008 0.017318 0. 1482.390381 20.672867 215. -0.116936 13.
140.150 14 NAVIGATION 16 2 1464.625 76. 0. 1464.609741 130 109 109 0 0 0
140.150 14 ESTIMATOR 218.957199 0.19
140.240 14 CIRCLE 1402.660034 27.23632 80.
140.240 14 AIRSPEED 13.2 0. 0. 0.
140.240 14 ATTITUDE 0.218647 2.459125 0.019604
140.323 14 NAVIGATION 16 2 1464.625 76. 0. 1466.595581 131 110 110 0 0 0
140.340 14 GPS 3 36175133 481366889 1405 218980 1293 31 0 8063960 31 0
140.342 14 SVINFO 6 13 1 6 44 86 28
140.522 14 FBW_STATUS 2 0 1 12.5 0.407027
140.539 14 CALIBRATION -42.109535 0
140.540 14 DL_VALUE 39 0.
140.540 14 WP_MOVED 10 361686.65625 4813622. 215. 31
140.573 14 NAVIGATION 16 2 1466.5625 73.5 0. 1468.403076 131 110 110 0 0 0
140.589 14 GPS 3 36175350 481366600 1441 219012 1288 37 0 8064240 31 0
140.638 14 ESTIMATOR 219.059448 0.37
140.739 14 ENERGY 29 12.5 0.397775 4.972187 0.114525 1.431537
140.740 14 ATTITUDE 0.218647 2.553817 0.015815
140.823 14 NAVIGATION 16 2 1468.78125 70.5 0. 1470.472168 131 110 110 0 0 0
140.840 14 GPS 3 36175524 481366345 1456 219033 1285 32 0 8064480 31 0
