100.005 14 NAVIGATION 16 2 905.96875 120.5 0. 913.947266 87 66 66 0 0 0
100.021 14 FBW_STATUS 2 0 1 12.5 0.450621
100.021 14 ENERGY 32 12.5 0.450621 5.63276 0.081293 1.016132
100.021 14 GPS 3 36119383 481371594 934 216343 1303 -1 0 7735960 31 0
100.021 14 SVINFO 5 12 1 5 31 1 316
100.071 14 DESIRED 0.000542 -0.001664 0. 1357.502563 93.27269 215. -0.036357 13.
100.121 14 NAVIGATION_REF 360284 4813595 31 185.
100.122 14 GPS_SOL 300 300 300 7
100.171 14 CIRCLE 1402.660034 27.23632 80.
100.242 14 WP_MOVED 5 360421. 4813583.5 260. 31
100.255 14 NAVIGATION 16 2 909.09375 120.5 0. 917.045105 87 66 66 0 0 0
100.270 14 GPS 3 36119748 481371573 933 216348 1304 5 0 7736240 31 0
100.321 14 ESTIMATOR 216.2659 0.05
100.422 14 ATTITUDE -0.001473 1.771558 -0.000365
100.504 14 NAVIGATION 16 2 912.71875 120.5 0. 920.638794 87 66 66 0 0 0
100.520 14 DATALINK_REPORT 6 14 2940 535 0 0
100.520 14 GPS 3 36120061 481371554 933 216354 1305 -9 0 7736480 31 0
100.747 14 IR_SENSORS 0 0 23 -16 264
100.747 14 WP_MOVED 6 360164.8125 4813664.5 260. 31
100.755 14 NAVIGATION 16 2 915.84375 120. 0. 923.671875 87 66 66 0 0 0
100.771 14 GPS 3 36120373 481371536 933 216360 1305 -9 0 7736720 31 0
100.821 14 NAVIGATION 16 2 918.96875 119.5 0. 923.671875 87 66 66 0 0 0
100.822 14 ESTIMATOR 216.297073 -0.09
100.920 14 AIRSPEED 12.6 0. 0. 0.
100.921 14 ATTITUDE 0.0023 1.771073 -0.000365
101.005 14 NAVIGATION 16 2 918.96875 119.5 0. 926.705872 88 67 67 0 0 0
101.022 14 GPS 3 36120686 481371518 933 216367 1305 -11 0 7736960 31 0
101.121 14 ENERGY 33 12.5 0.451323 5.641541 0.082117 1.02643
101.122 14 DESIRED 0.000592 -0.001706 0. 1357.692627 93.40229 215. -0.038912 13.
101.205 14 FBW_STATUS 2 0 1 12.5 0.452026
101.248 14 DL_VALUE 15 0.
101.248 14 CIRCLE 1402.660034 27.23632 80.
101.249 14 WP_MOVED 7 360558.40625 4813804.5 260. 31
101.257 14 NAVIGATION 16 2 922.125 119.5 0. 929.835876 88 67 67 0 0 0
101.270 14 GPS 3 36121051 481371496 933 216375 1306 -14 0 7737240 31 0
101.322 14 ESTIMATOR 216.297592 -0.14
101.421 14 ATTITUDE 0.0023 1.770932 -0.004125
101.504 14 NAVIGATION 16 2 925.78125 119.5 0. 933.461914 88 67 67 0 0 0
101.521 14 CALIBRATION -59.12817 0
101.521 14 GPS 3 36121364 481371478 933 216381 1306 -7 0 7737480 31 0
101.742 14 WP_MOVED 8 361680.28125 4813542.5 215. 31
101.754 14 NAVIGATION 16 2 928.875 119.5 0. 936.530273 88 67 67 0 0 0
101.770 14 GPS 3 36121677 481371459 933 216388 1307 5 0 7737720 31 0
101.820 14 NAVIGATION 16 2 932. 119. 0. 936.530273 88 67 67 0 0 0
101.821 14 ESTIMATOR 216.304413 0.05
101.920 14 IR_SENSORS 0 0 22 -16 264
101.921 14 AIRSPEED 12.6 0. 0. 0.
101.921 14 ATTITUDE 0.0023 1.770949 -0.004125
102.005 14 NAVIGATION 16 2 932. 119. 0. 939.566406 89 68 68 0 0 0
102.020 14 FBW_STATUS 2 0 1 12.5 0.451323
102.020 14 GPS 3 36121991 481371441 933 216395 1307 -8 0 7737960 31 0
102.020 14 SVINFO 6 13 1 6 32 34 8
102.121 14 GPS_SOL 300 300 300 7
102.171 14 DESIRED 0.000738 -0.001717 0. 1357.962158 93.584648 215. -0.039132 13.
102.220 14 ENERGY 33 12.5 0.453608 5.6701 0.082948 1.036819
102.221 14 WP_MOVED 9 360312.8125 4813652. 185. 31
102.255 14 NAVIGATION 16 2 935.15625 119. 0. 942.697266 89 68 68 0 0 0
102.271 14 CIRCLE 1402.660034 27.23632 80.
102.271 14 GPS 3 36122356 481371419 933 216404 1307 -6 0 7738240 31 0
102.321 14 ESTIMATOR 216.33934 -0.06
102.422 14 ATTITUDE -0.001473 1.770689 -0.000365
102.505 14 NAVIGATION 16 2 938.8125 118.5 0. 946.261719 89 68 68 0 0 0
102.520 14 GPS 3 36122670 481371401 933 216412 1307 -3 0 7738480 31 0
102.721 14 DL_VALUE 16 80.
102.721 14 WP_MOVED 10 361686.65625 4813622. 215. 31
102.755 14 NAVIGATION 16 2 941.96875 118.5 0. 949.393188 89 68 68 0 0 0
102.770 14 GPS 3 36122983 481371383 933 216421 1308 -16 0 7738720 31 0
102.820 14 NAVIGATION 16 2 945.09375 118.5 0. 949.393188 89 68 68 0 0 0
102.820 14 ESTIMATOR 216.360336 -0.16
102.920 14 AIRSPEED 12.6 0. 0. 0.
102.921 14 ATTITUDE -0.001473 1.770036 -0.004125
103.004 14 NAVIGATION 16 2 945.09375 118.5 0. 952.493774 90 69 69 0 0 0
103.021 14 GPS 3 36123296 481371365 933 216430 1308 -30 0 7738960 31 0
103.105 14 COMMANDS 3226,-7,27,0
103.121 14 IR_SENSORS 0 0 22 -17 264
103.204 14 FBW_STATUS 2 0 1 12.5 0.463656
103.221 14 DESIRED 0.001265 -0.001887 0. 1358.249146 93.777061 215. -0.04081 13.
103.221 14 WP_MOVED 11 360169.5 4813757.5 260. 31
103.255 14 NAVIGATION 16 2 948.21875 118. 0. 955.532715 90 69 69 0 0 0
103.271 14 GPS 3 36123662 481371344 932 216441 1309 -14 0 7739240 31 0
103.271 14 SVINFO 4 11 1 4 31 8 268
103.320 14 COMMANDS 3237,17,-18,0
103.320 14 ENERGY 33 12.5 0.463302 5.791277 0.083785 1.04728
103.320 14 CIRCLE 1402.660034 27.23632 80.
103.321 14 ESTIMATOR 216.316559 -0.14
103.421 14 STATE_FILTER_STATUS 2 3 304
103.422 14 ATTITUDE -0.001473 1.769349 -0.000365
103.505 14 NAVIGATION 16 2 951.875 118. 0. 959.161072 90 69 69 0 0 0
103.520 14 GPS 3 36123976 481371326 932 216451 1309 -36 0 7739480 31 0
103.621 14 PPRZ_MODE 2 3 2 2 0 6
103.621 14 CALIBRATION -68.697762 0
103.721 14 ALIVE 101,248,228,24,166,140,12,35,201,240,56,234,1,216,147,12
103.722 14 WP_MOVED 12 360287.59375 4813581. 260. 31
103.755 14 NAVIGATION 16 2 955. 118. 0. 962.262451 90 69 69 0 0 0
103.770 14 GPS 3 36124290 481371308 932 216462 1311 -18 0 7739720 31 0
103.821 14 NAVIGATION 16 2 958.125 117.5 0. 962.262451 90 69 69 0 0 0
103.821 14 ESTIMATOR 216.293411 -0.18
103.920 14 AIRSPEED 12.6 0. 0. 0.
103.921 14 ATTITUDE 0.0023 1.768525 -0.000365
104.004 14 NAVIGATION 16 2 958.125 117.5 0. 965.302917 91 70 70 0 0 0
104.020 14 FBW_STATUS 2 0 1 12.5 0.476595
104.021 14 GPS 3 36124605 481371290 932 216475 1312 -21 0 7739960 31 0
104.121 14 GPS_SOL 301 301 301 7
104.221 14 DL_VALUE 17 0.
104.222 14 WP_MOVED 13 360311.5 4813547. 260. 31
104.256 14 NAVIGATION 16 2 961.28125 117.5 0. 968.435791 91 70 70 0 0 0
104.272 14 DESIRED 0.001829 -0.00172 0. 1358.57251 93.991737 215. -0.039199 13.
104.272 14 GPS 3 36124972 481371270 932 216492 1314 -9 0 7740240 31 0
104.321 14 IR_SENSORS 0 0 23 -16 264
104.321 14 ESTIMATOR 216.315262 -0.09
104.371 14 CIRCLE 1402.660034 27.23632 80.
104.421 14 ENERGY 34 12.5 0.479975 5.999692 0.084654 1.05814
104.421 14 ATTITUDE 0.0023 1.767836 -0.000365
104.505 14 NAVIGATION 16 2 964.96875 117. 0. 972.035828 91 70 70 0 0 0
104.506 14 WIND_INFO 14 5 -0. 1.9 0. 12.6
104.522 14 GPS 3 36125288 481371252 932 216509 1315 -21 0 7740480 31 0
104.721 14 WP_MOVED 14 360300.6875 4813575.5 260. 31
104.755 14 NAVIGATION 16 2 968.125 117. 0. 975.169189 91 70 70 0 0 0
104.771 14 GPS 3 36125603 481371234 932 216528 1316 -27 0 7740720 31 0
104.772 14 SVINFO 3 10 0 3 31 44 219
104.821 14 NAVIGATION 16 2 971.28125 117. 0. 975.169189 91 70 70 0 0 0
104.821 14 ESTIMATOR 216.355484 -0.27
104.921 14 AIRSPEED 12.6 0. 0. 0.
104.921 14 ATTITUDE 0.0023 1.769237 -0.000365
105.004 14 NAVIGATION 16 2 971.28125 117. 0. 978.302734 92 71 71 0 0 0
105.020 14 GPS 3 36125972 481371213 932 216551 1318 -30 0 7741000 31 0
105.121 14 AUTOPILOT_VERSION 51500 v5.15_devel-179-g9a29798-dirty
105.205 14 FBW_STATUS 2 0 1 12.5 0.496421
105.222 14 WP_MOVED 15 360297.6875 4813554.5 260. 31
105.253 14 NAVIGATION 16 2 974.96875 116.5 0. 981.904419 92 71 71 0 0 0
105.271 14 GPS 3 36126288 481371195 932 216574 1320 -22 0 7741240 31 0
105.272 14 SVINFO 5 12 0 5 32 4 319
105.321 14 DESIRED 0.00103 -0.001794 0. 1358.842163 94.16906 215. -0.040667 13.
105.321 14 ESTIMATOR 216.355972 -0.22
105.421 14 CIRCLE 1402.660034 27.23632 80.
105.422 14 ATTITUDE 0.0023 1.769093 -0.000365
105.504 14 NAVIGATION 16 2 978.125 116.5 0. 985.038452 92 71 71 0 0 0
105.521 14 IR_SENSORS 0 0 23 -16 264
105.521 14 ENERGY 35 12.5 0.500732 6.25915 0.085553 1.069383
105.521 14 GPS 3 36126605 481371177 932 216598 1321 -7 0 7741480 31 0
105.621 14 DATALINK_REPORT 1 15 3064 540 0 0
105.721 14 CALIBRATION -89.336929 0
105.721 14 DL_VALUE 18 1.
105.721 14 WP_MOVED 16 360683.46875 4813622.5 215. 31
105.754 14 NAVIGATION 16 2 981.28125 116. 0. 988.11377 92 71 71 0 0 0
105.770 14 GPS 3 36126922 481371159 932 216625 1323 -1 0 7741720 31 0
105.821 14 NAVIGATION 16 2 984.4375 116. 0. 988.11377 92 71 71 0 0 0
105.821 14 ESTIMATOR 216.427948 -0.01
105.922 14 AIRSPEED 12.6 0. 0. 0.
105.922 14 ATTITUDE -0.001473 1.768758 -0.004125
106.004 14 NAVIGATION 16 2 984.4375 116. 0. 991.248291 93 72 72 0 0 0
106.021 14 FBW_STATUS 2 0 1 12.5 0.498037
106.021 14 GPS 3 36127239 481371141 932 216654 1324 -3 0 7741960 31 0
106.121 14 GPS_SOL 304 304 304 7
106.222 14 WP_MOVED 17 360654.59375 4813624.5 215. 31
106.254 14 NAVIGATION 16 2 987.65625 116. 0. 994.445007 93 72 72 0 0 0
106.270 14 GPS 3 36127610 481371121 932 216689 1325 6 0 7742240 31 0
106.321 14 ESTIMATOR 216.531235 0.06
106.370 14 DESIRED 0.001183 -0.002073 0. 1359.174316 94.385345 215. -0.044525 13.
106.422 14 ATTITUDE -0.001473 1.767947 -0.000365
106.472 14 CIRCLE 1402.660034 27.23632 80.
106.504 14 NAVIGATION 16 2 991.34375 116. 0. 998.107422 93 72 72 0 0 0
106.521 14 GPS 3 36127927 481371103 931 216721 1325 10 0 7742480 31 0
106.621 14 ENERGY 35 12.5 0.491403 6.142531 0.086464 1.080776
106.721 14 IR_SENSORS 0 0 23 -17 264
106.721 14 WP_MOVED 18 360289. 4813605. 220. 31
106.759 14 NAVIGATION 16 2 994.53125 115.5 0. 1001.215576 93 72 72 0 0 0
106.771 14 GPS 3 36128245 481371085 931 216753 1325 4 0 7742720 31 0
106.821 14 NAVIGATION 16 2 997.6875 115. 0. 1001.215576 93 72 72 0 0 0
106.821 14 ESTIMATOR 216.651306 0.04
106.921 14 AIRSPEED 12.6 0. 0. 0.
106.921 14 ATTITUDE -0.001473 1.767509 -0.000365
107.004 14 NAVIGATION 16 2 997.6875 115. 0. 1004.293457 94 73 73 0 0 0
107.021 14 GPS 3 36128562 481371068 931 216786 1324 8 0 7742960 31 0
107.205 14 FBW_STATUS 2 0 1 12.5 0.484432
107.222 14 DL_VALUE 19 0.
107.222 14 WP_MOVED 19 360289. 4813610. 500. 31
107.256 14 NAVIGATION 16 2 1000.84375 115. 0. 1007.429016 94 73 73 0 0 0
107.270 14 GPS 3 36128933 481371047 931 216824 1324 12 0 7743240 31 0
107.271 14 SVINFO 6 13 0 6 33 43 11
107.321 14 ESTIMATOR 216.741791 0.12
107.421 14 DESIRED 0.00093 -0.002387 0. 1359.465332 94.572952 215. -0.0508 13.
107.421 14 ATTITUDE -0.001473 1.766898 -0.004125
107.505 14 NAVIGATION 16 2 1004.5625 115. 0. 1011.123535 94 73 73 0 0 0
107.520 14 CIRCLE 1402.660034 27.23632 80.
107.521 14 GPS 3 36129250 481371030 931 216855 1323 2 0 7743480 31 0
107.721 14 ENERGY 34 12.5 0.478729 5.984116 0.087353 1.091885
107.721 14 WP_MOVED 20 360289. 4813620. 300. 31
107.758 14 NAVIGATION 16 2 1007.71875 115. 0. 1014.259338 94 73 73 0 0 0
107.770 14 GPS 3 36129567 481371013 931 216885 1322 13 0 7743720 31 0
107.820 14 CALIBRATION -77.123138 0
107.820 14 NAVIGATION 16 2 1010.9375 114.5 0. 1014.259338 94 73 73 0 0 0
107.820 14 ESTIMATOR 216.82048 0.13
107.921 14 IR_SENSORS 0 0 23 -17 264
107.922 14 AIRSPEED 12.6 0. 0. 0.
107.922 14 ATTITUDE -0.001473 1.766665 -0.000365
108.004 14 NAVIGATION 16 2 1010.9375 114.5 0. 1017.401062 95 74 74 0 0 0
108.021 14 FBW_STATUS 2 0 1 12.5 0.472332
108.021 14 GPS 3 36129883 481370995 930 216915 1321 24 0 7743960 31 0
108.021 14 SVINFO 2 9 1 2 31 78 171
108.104 14 COMMANDS 3261,22,-26,0
108.121 14 GPS_SOL 308 308 308 7
108.221 14 WP_MOVED 21 360289. 4813625. 400. 31
108.256 14 NAVIGATION 16 2 1014.09375 114.5 0. 1020.537292 95 74 74 0 0 0
108.271 14 GPS 3 36130252 481370976 930 216947 1319 15 0 7744240 31 0
108.321 14 COMMANDS 3235,-4,18,0
108.321 14 ESTIMATOR 216.933563 0.15
108.421 14 STATE_FILTER_STATUS 2 3 302
108.421 14 ATTITUDE 0.0023 1.766233 -0.004125
108.471 14 DESIRED 0.001676 -0.00265 0. 1359.861572 94.82547 215. -0.056067 13.
108.504 14 NAVIGATION 16 2 1017.78125 114.5 0. 1024.20166 95 74 74 0 0 0
108.519 14 GPS 3 36130568 481370959 930 216973 1317 -6 0 7744480 31 0
108.520 14 SVINFO 4 11 0 4 32 3 271
108.571 14 CIRCLE 1402.660034 27.23632 80.
108.620 14 PPRZ_MODE 2 3 2 2 0 6
108.721 14 ALIVE 101,248,228,24,166,140,12,35,201,240,56,234,1,216,147,12
108.722 14 DL_VALUE 20 0.
108.722 14 WP_MOVED 22 360289. 4813645. 250. 31
108.764 14 NAVIGATION 16 2 1020.9375 114. 0. 1027.282471 95 74 74 0 0 0
108.771 14 GPS 3 36130884 481370942 930 216996 1316 -6 0 7744720 31 0
108.772 14 SVINFO 5 12 1 5 33 7 321
108.820 14 ENERGY 33 12.5 0.462066 5.775824 0.088209 1.102589
108.820 14 NAVIGATION 16 2 1024.09375 114. 0. 1027.282471 95 74 74 0 0 0
108.821 14 ESTIMATOR 216.966705 -0.06
108.920 14 AIRSPEED 12.6 0. 0. 0.
108.921 14 ATTITUDE 0.0023 1.766302 -0.004125
109.004 14 NAVIGATION 16 2 1024.09375 114. 0. 1030.419312 96 75 75 0 0 0
109.021 14 GPS 3 36131199 481370925 930 217018 1315 10 0 7744960 31 0
109.022 14 SVINFO 6 13 1 6 34 46 12
109.121 14 NAVIGATION_REF 360284 4813595 31 185.
109.122 14 IR_SENSORS 0 0 23 -16 264
109.204 14 FBW_STATUS 2 0 1 12.5 0.45748
109.221 14 WP_MOVED 0 360326. 4813637. 260. 31
109.267 14 NAVIGATION 16 2 1027.25 113.5 0. 1033.501221 96 75 75 0 0 0
109.274 14 GPS 3 36131566 481370905 930 217041 1313 -5 0 7745240 31 0
109.320 14 ESTIMATOR 217.00589 -0.05
109.420 14 ATTITUDE 0.0023 1.767039 -0.004125
109.505 14 NAVIGATION 16 2 1030.9375 113.5 0. 1037.166504 96 75 75 0 0 0
109.522 14 DESIRED 0.001282 -0.002769 0. 1360.343628 95.128273 215. -0.060177 13.
109.522 14 GPS 3 36131881 481370888 930 217059 1312 14 0 7745480 31 0
109.621 14 CIRCLE 1402.660034 27.23632 80.
109.720 14 WP_MOVED 1 360284. 4813595. 260. 31
109.757 14 NAVIGATION 16 2 1034.0625 113.5 0. 1040.272827 96 75 75 0 0 0
109.771 14 GPS 3 36132195 481370871 931 217076 1312 16 0 7745720 31 0
109.820 14 NAVIGATION 16 2 1037.21875 113.5 0. 1040.272827 96 75 75 0 0 0
109.820 14 ESTIMATOR 217.053162 0.16
109.920 14 CALIBRATION -59.780552 0
109.920 14 ENERGY 32 12.5 0.447989 5.599856 0.089047 1.113056
109.920 14 AIRSPEED 12.6 0. 0. 0.
109.921 14 ATTITUDE 0.0023 1.767765 -0.000365
110.005 14 NAVIGATION 16 2 1037.21875 113.5 0. 1043.410278 97 76 76 0 0 0
110.021 14 FBW_STATUS 2 0 1 12.5 0.44571
110.022 14 GPS 3 36132510 481370854 931 217091 1310 21 0 7745960 31 0
110.023 14 SVINFO 3 10 1 3 32 34 222
110.121 14 GPS_SOL 313 313 313 7
110.222 14 DL_VALUE 21 0.
110.222 14 WP_MOVED 2 360333.5 4813695. 260. 31
110.267 14 NAVIGATION 16 2 1040.375 113. 0. 1046.493774 97 76 76 0 0 0
110.272 14 GPS 3 36132876 481370834 931 217107 1308 13 0 7746240 31 0
110.321 14 IR_SENSORS 0 0 23 -16 264
110.321 14 ESTIMATOR 217.135315 0.13
110.420 14 ATTITUDE 0.0023 1.768939 -0.004125
110.505 14 NAVIGATION 16 2 1044. 113. 0. 1050.097656 97 76 76 0 0 0
110.521 14 GPS 3 36133189 481370816 931 217119 1307 3 0 7746480 31 0
110.571 14 DESIRED 0.000211 -0.002963 0. 1360.798462 95.409706 215. -0.064059 13.
110.670 14 CIRCLE 1402.660034 27.23632 80.
110.721 14 DATALINK_REPORT 6 15 3190 533 0 0
110.721 14 WP_MOVED 3 360294.09375 4813785. 260. 31
110.768 14 NAVIGATION 16 2 1047.125 112.5 0. 1053.151001 97 76 76 0 0 0
110.770 14 GPS 3 36133502 481370799 931 217128 1305 -1 0 7746720 31 0
110.822 14 NAVIGATION 16 2 1050.28125 112.5 0. 1053.151001 97 76 76 0 0 0
110.822 14 ESTIMATOR 217.153839 -0.01
110.922 14 AIRSPEED 12.6 0. 0. 0.
110.922 14 ATTITUDE -0.001473 1.769466 -0.004125
111.004 14 NAVIGATION 16 2 1050.28125 112.5 0. 1056.289307 98 77 77 0 0 0
111.020 14 ENERGY 32 12.5 0.433311 5.416393 0.08985 1.123093
111.021 14 GPS 3 36133814 481370781 931 217135 1304 -14 0 7746960 31 0
111.204 14 FBW_STATUS 2 0 1 12.5 0.436273
111.222 14 WP_MOVED 4 360416.3125 4813734. 260. 31
111.271 14 NAVIGATION 16 2 1053.40625 112.5 0. 1059.396484 98 77 77 0 0 0
111.272 14 GPS 3 36134179 481370761 931 217140 1302 -27 0 7747240 31 0
111.273 14 SVINFO 1 8 1 1 31 89 123
111.320 14 ESTIMATOR 217.119293 -0.27
111.421 14 ATTITUDE -0.001473 1.769159 -0.000365
111.504 14 NAVIGATION 16 2 1057.0625 112. 0. 1062.97937 98 77 77 0 0 0
111.521 14 IR_SENSORS 0 0 23 -17 264
111.521 14 GPS 3 36134491 481370744 931 217144 1302 -9 0 7747480 31 0
111.621 14 DESIRED -0.000456 -0.003025 0. 1361.194824 95.651527 215. -0.063579 13.
111.721 14 DL_VALUE 22 0.
111.721 14 CIRCLE 1402.660034 27.23632 80.
111.722 14 WP_MOVED 5 360421. 4813583.5 260. 31
111.767 14 NAVIGATION 16 2 1060.15625 112. 0. 1066.055908 98 77 77 0 0 0
111.772 14 GPS 3 36134803 481370728 930 217146 1302 -15 0 7747720 31 0
111.821 14 NAVIGATION 16 2 1063.28125 111.5 0. 1066.055908 98 77 77 0 0 0
111.821 14 ESTIMATOR 217.076874 -0.15
111.920 14 AIRSPEED 12.6 0. 0. 0.
111.921 14 ATTITUDE -0.001473 1.76818 -0.004125
112.004 14 NAVIGATION 16 2 1063.28125 111.5 0. 1069.11145 99 78 78 0 0 0
112.021 14 CALIBRATION -55.425251 0
112.021 14 FBW_STATUS 2 0 1 12.5 0.444484
112.021 14 GPS 3 36135115 481370711 930 217148 1302 4 0 7747960 31 0
112.022 14 SVINFO 4 11 1 4 33 1 273
112.121 14 GPS_SOL 319 319 319 7
112.121 14 ENERGY 32 12.5 0.441161 5.514512 0.090657 1.133185
112.221 14 WP_MOVED 6 360164.8125 4813664.5 260. 31
112.271 14 NAVIGATION 16 2 1066.40625 111.5 0. 1072.219482 99 78 78 0 0 0
112.272 14 GPS 3 36135480 481370692 929 217151 1303 24 0 7748240 31 0
112.272 14 SVINFO 5 12 1 5 34 11 323
112.320 14 ESTIMATOR 217.096222 0.24
112.421 14 ATTITUDE -0.001473 1.766655 -0.000365
112.505 14 NAVIGATION 16 2 1070.0625 111.5 0. 1075.855957 99 78 78 0 0 0
112.520 14 GPS 3 36135792 481370676 929 217153 1302 12 0 7748480 31 0
112.521 14 SVINFO 6 13 1 6 35 53 14
112.671 14 DESIRED 0.000529 -0.002991 0. 1361.716675 95.965096 215. -0.062887 13.
112.721 14 IR_SENSORS 0 0 22 -17 264
112.722 14 WP_MOVED 7 360558.40625 4813804.5 260. 31
112.780 14 NAVIGATION 16 2 1073.15625 111.5 0. 1078.933105 99 78 78 0 0 0
112.781 14 CIRCLE 1402.660034 27.23632 80.
112.782 14 GPS 3 36136104 481370659 929 217155 1301 19 0 7748720 31 0
112.782 14 SVINFO 0 7 0 0 31 65 74
112.821 14 NAVIGATION 16 2 1076.28125 111. 0. 1078.933105 99 78 78 0 0 0
112.822 14 ESTIMATOR 217.177582 0.19
112.920 14 AIRSPEED 12.6 0. 0. 0.
112.921 14 ATTITUDE -0.001473 1.766113 -0.004125
113.005 14 NAVIGATION 16 2 1076.28125 111. 0. 1081.98999 100 79 79 0 0 0
113.021 14 GPS 3 36136416 481370643 929 217155 1300 12 0 7748960 31 0
113.104 14 COMMANDS 2987,13,-32,0
113.205 14 FBW_STATUS 2 0 1 12.5 0.418569
113.222 14 DL_VALUE 23 0.
113.222 14 ENERGY 30 12.5 0.418569 5.232114 0.091444 1.143018
113.223 14 WP_MOVED 8 361680.28125 4813542.5 215. 31
113.270 14 NAVIGATION 16 2 1079.40625 111. 0. 1085.098511 100 79 79 0 0 0
113.271 14 GPS 3 36136779 481370625 929 217155 1298 36 0 7749240 31 0
113.271 14 SVINFO 2 9 1 2 32 72 174
113.321 14 COMMANDS 2938,17,11,0
113.321 14 ESTIMATOR 217.215988 0.36
113.421 14 STATE_FILTER_STATUS 2 3 303
113.421 14 ATTITUDE -0.001473 1.765776 -0.004125
113.504 14 NAVIGATION 16 2 1083.0625 110.5 0. 1088.684814 100 79 79 0 0 0
113.522 14 GPS 3 36137090 481370609 929 217152 1297 48 0 7749480 31 0
113.522 14 SVINFO 3 10 0 3 33 28 224
113.622 14 PPRZ_MODE 2 3 2 2 0 6
113.721 14 ALIVE 101,248,228,24,166,140,12,35,201,240,56,234,1,216,147,12
113.722 14 DESIRED 8.8e-05 -0.003171 0. 1362.180298 96.239166 215. -0.06648 13.
113.722 14 WP_MOVED 9 360312.8125 4813652. 185. 31
113.777 14 NAVIGATION 16 2 1086.125 110.5 0. 1091.731567 100 79 79 0 0 0
113.777 14 GPS 3 36137400 481370594 928 217147 1294 36 0 7749720 31 0
113.820 14 CIRCLE 1402.660034 27.23632 80.
113.820 14 NAVIGATION 16 2 1089.25 110.5 0. 1091.731567 100 79 79 0 0 0
113.820 14 ESTIMATOR 217.32489 0.36
113.920 14 IR_SENSORS 0 0 22 -16 264
113.921 14 AIRSPEED 12.6 0. 0. 0.
113.921 14 ATTITUDE 0.0023 1.765686 -0.004125
114.004 14 NAVIGATION 16 2 1089.25 110.5 0. 1094.840454 101 80 80 0 0 0
114.022 14 FBW_STATUS 2 0 1 12.5 0.382795
114.022 14 GPS 3 36137710 481370578 928 217138 1291 30 0 7749960 31 0
114.121 14 CALIBRATION -16.133644 0
114.121 14 GPS_SOL 327 327 327 7
114.221 14 WP_MOVED 10 361686.65625 4813622. 215. 31
114.274 14 NAVIGATION 16 2 1092.375 110.5 0. 1097.949585 101 80 80 0 0 0
114.275 14 GPS 3 36138070 481370560 928 217124 1286 0 0 7750240 31 0
114.320 14 ENERGY 28 12.5 0.378731 4.734136 0.092166 1.152047
114.320 14 ESTIMATOR 217.342987 0.
114.421 14 ATTITUDE 0.0023 1.766393 -0.004125
114.504 14 NAVIGATION 16 2 1095.96875 110. 0. 1101.475098 101 80 80 0 0 0
114.508 14 WIND_INFO 14 5 -0.1 1.8 0. 12.7
114.521 14 GPS 3 36138378 481370544 928 217106 1284 0 0 7750480 31 0
114.721 14 DL_VALUE 24 0.
114.722 14 WP_MOVED 11 360169.5 4813757.5 260. 31
114.775 14 NAVIGATION 16 2 1099. 110. 0. 1104.491333 101 80 80 0 0 0
114.778 14 DESIRED 0.00026 -0.003184 0. 1362.957764 96.689362 215. -0.068463 13.
114.778 14 GPS 3 36138685 481370529 928 217085 1282 7 0 7750720 31 0
114.779 14 SVINFO 1 8 0 1 32 89 125
114.821 14 NAVIGATION 16 2 1102.09375 110. 0. 1104.491333 101 80 80 0 0 0
114.821 14 ESTIMATOR 217.231445 0.07
114.870 14 CIRCLE 1402.660034 27.23632 80.
114.921 14 AIRSPEED 12.7 0. 0. 0.
114.921 14 ATTITUDE 0.0023 1.757901 -0.004125
115.004 14 NAVIGATION 16 2 1102.09375 110. 0. 1107.569702 102 81 81 0 0 0
115.021 14 GPS 3 36138992 481370514 928 217060 1280 -3 0 7750960 31 0
115.121 14 IR_SENSORS 0 0 22 -16 264
115.204 14 FBW_STATUS 2 0 1 12.5 0.373663
115.221 14 WP_MOVED 12 360287.59375 4813581. 260. 31
115.279 14 NAVIGATION 16 2 1105.15625 110. 0. 1110.617065 102 81 81 0 0 0
115.286 14 GPS 3 36139349 481370496 928 217027 1277 -17 0 7751240 31 0
115.320 14 ESTIMATOR 217.150253 -0.17
115.422 14 ENERGY 28 12.5 0.376702 4.708777 0.092855 1.160654
115.422 14 ATTITUDE 0.0023 1.758101 -0.000365
115.505 14 NAVIGATION 16 2 1108.71875 109.5 0. 1114.112915 102 81 81 0 0 0
115.520 14 GPS 3 36139656 481370481 928 216997 1277 -30 0 7751480 31 0
115.521 14 SVINFO 4 11 1 4 34 0 275
115.721 14 WP_MOVED 13 360311.5 4813547. 260. 31
115.783 14 NAVIGATION 16 2 1111.8125 109.5 0. 1117.19165 102 81 81 0 0 0
115.784 14 GPS 3 36139962 481370465 928 216964 1276 -31 0 7751720 31 0
115.785 14 SVINFO 5 12 1 5 35 16 325
115.822 14 DATALINK_REPORT 1 16 3318 543 0 0
115.822 14 DESIRED -1.6e-05 -0.002879 0. 1363.622803 97.065376 215. -0.062379 13.
115.823 14 NAVIGATION 16 2 1114.84375 109. 0. 1117.19165 102 81 81 0 0 0
115.823 14 ESTIMATOR 216.993942 -0.31
115.921 14 CIRCLE 1402.660034 27.23632 80.
115.921 14 AIRSPEED 12.7 0. 0. 0.
115.921 14 ATTITUDE 0.0023 1.758184 -0.004125
116.005 14 NAVIGATION 16 2 1114.84375 109. 0. 1120.159668 103 82 82 0 0 0
116.021 14 FBW_STATUS 2 0 1 12.5 0.390781
116.022 14 GPS 3 36140268 481370450 928 216931 1277 -36 0 7751960 31 0
116.022 14 SVINFO 6 13 1 6 36 59 16
116.121 14 GPS_SOL 335 335 335 7
116.220 14 AUTOPILOT_VERSION 51500 v5.15_devel-179-g9a29798-dirty
116.220 14 CALIBRATION -21.884375 0
116.220 14 DL_VALUE 25 0.
116.221 14 WP_MOVED 14 360300.6875 4813575.5 260. 31
116.288 14 NAVIGATION 16 2 1117.9375 109. 0. 1123.23877 103 82 82 0 0 0
116.289 14 GPS 3 36140625 481370432 928 216892 1279 -23 0 7752240 31 0
116.322 14 IR_SENSORS 0 0 23 -17 264
116.322 14 ESTIMATOR 216.846069 -0.23
116.420 14 ATTITUDE -0.001473 1.757553 -0.004125
116.505 14 NAVIGATION 16 2 1121.5 109. 0. 1126.784424 103 82 82 0 0 0
116.521 14 ENERGY 30 12.5 0.401025 5.012813 0.093569 1.169586
116.521 14 GPS 3 36140932 481370417 928 216860 1280 -29 0 7752480 31 0
116.721 14 WP_MOVED 15 360297.6875 4813554.5 260. 31
116.781 14 NAVIGATION 16 2 1124.5625 109. 0. 1129.832642 103 82 82 0 0 0
116.782 14 GPS 3 36141240 481370402 927 216829 1282 -29 0 7752720 31 0
116.783 14 SVINFO 2 9 1 2 33 66 176
116.820 14 NAVIGATION 16 2 1127.65625 108.5 0. 1129.832642 103 82 82 0 0 0
116.821 14 ESTIMATOR 216.758728 -0.29
116.871 14 DESIRED -0.000207 -0.002557 0. 1364.344971 97.464203 215. -0.054208 13.
116.921 14 AIRSPEED 12.7 0. 0. 0.
116.922 14 ATTITUDE -0.001473 1.756472 -0.004125
116.971 14 CIRCLE 1402.660034 27.23632 80.
117.004 14 NAVIGATION 16 2 1127.65625 108.5 0. 1132.864014 104 83 83 0 0 0
117.021 14 GPS 3 36141548 481370387 927 216801 1283 -43 0 7752960 31 0
117.022 14 SVINFO 3 10 1 3 34 23 226
117.205 14 FBW_STATUS 2 0 1 12.5 0.421336
117.221 14 WP_MOVED 16 360683.46875 4813622.5 215. 31
117.254 14 NAVIGATION 16 2 1130.71875 108.5 0. 1135.912476 104 83 83 0 0 0
117.288 14 GPS 3 36141907 481370370 927 216771 1287 -42 0 7753240 31 0
117.289 14 SVINFO 4 11 1 4 35 0 276
117.321 14 ESTIMATOR 216.650055 -0.42
117.422 14 ATTITUDE -0.001473 1.75458 -0.004125
117.505 14 NAVIGATION 16 2 1134.34375 108. 0. 1139.473511 104 83 83 0 0 0
117.520 14 IR_SENSORS 0 0 23 -17 264
117.521 14 GPS 3 36142216 481370356 926 216748 1289 -37 0 7753480 31 0
117.521 14 SVINFO 5 12 1 5 36 19 326
117.621 14 ENERGY 32 12.5 0.434008 5.4251 0.094334 1.179142
117.720 14 DL_VALUE 26 160.
117.720 14 WP_MOVED 17 360654.59375 4813624.5 215. 31
117.755 14 NAVIGATION 16 2 1137.40625 108. 0. 1142.522217 104 83 83 0 0 0
117.792 14 GPS 3 36142526 481370341 926 216729 1291 -31 0 7753720 31 0
117.793 14 SVINFO 6 13 1 6 37 62 17
117.821 14 NAVIGATION 16 2 1140.53125 108. 0. 1142.522217 104 83 83 0 0 0
117.821 14 ESTIMATOR 216.562347 -0.31
117.921 14 DESIRED -0.001005 -0.002242 0. 1365.021362 97.82901 215. -0.047916 13.
117.922 14 AIRSPEED 12.7 0. 0. 0.
117.922 14 ATTITUDE -0.001473 1.753334 -0.000365
118.004 14 NAVIGATION 16 2 1140.53125 108. 0. 1145.633179 105 84 84 0 0 0
118.020 14 FBW_STATUS 2 0 1 12.5 0.444309
118.021 14 CIRCLE 1402.660034 27.23632 80.
118.021 14 GPS 3 36142836 481370327 926 216714 1294 -30 0 7753960 31 0
118.021 14 SVINFO 0 7 0 0 32 73 77
118.105 14 COMMANDS 3140,6,23,0
118.122 14 NAVIGATION_REF 360284 4813595 31 185.
118.122 14 GPS_SOL 345 345 345 7
118.222 14 WP_MOVED 18 360289. 4813605. 220. 31
118.255 14 NAVIGATION 16 2 1143.625 108. 0. 1148.713257 105 84 84 0 0 0
118.280 14 GPS 3 36143199 481370311 926 216700 1298 -18 0 7754240 31 0
118.281 14 SVINFO 1 8 0 1 33 89 127
118.321 14 COMMANDS 3156,7,-21,0
118.321 14 CALIBRATION -56.217224 0
118.321 14 ESTIMATOR 216.528168 -0.18
118.422 14 STATE_FILTER_STATUS 2 3 303
118.422 14 ATTITUDE -0.001473 1.751675 -0.004125
118.505 14 NAVIGATION 16 2 1147.25 107.5 0. 1152.275513 105 84 84 0 0 0
118.521 14 GPS 3 36143511 481370296 925 216693 1300 -1 0 7754480 31 0
118.622 14 PPRZ_MODE 2 3 2 2 0 6
118.722 14 ALIVE 101,248,228,24,166,140,12,35,201,240,56,234,1,216,147,12
118.722 14 IR_SENSORS 0 0 23 -16 264
118.722 14 ENERGY 32 12.5 0.448866 5.610819 0.09515 1.189349
118.722 14 WP_MOVED 19 360289. 4813610. 500. 31
118.755 14 NAVIGATION 16 2 1150.375 107.5 0. 1155.386841 105 84 84 0 0 0
118.783 14 GPS 3 36143823 481370282 925 216689 1302 -1 0 7754720 31 0
118.821 14 NAVIGATION 16 2 1153.5 107. 0. 1155.386841 105 84 84 0 0 0
118.821 14 ESTIMATOR 216.574265 -0.01
118.922 14 AIRSPEED 12.7 0. 0. 0.
118.922 14 ATTITUDE -0.001473 1.750918 -0.004125
118.970 14 DESIRED -0.001038 -0.002152 0. 1365.903931 98.292564 215. -0.046113 13.
119.003 14 NAVIGATION 16 2 1153.5 107. 0. 1158.452148 106 85 85 0 0 0
119.021 14 GPS 3 36144136 481370268 925 216688 1303 -4 0 7754960 31 0
119.071 14 CIRCLE 1402.660034 27.23632 80.
119.203 14 FBW_STATUS 2 0 1 12.5 0.447813
119.220 14 DL_VALUE 27 0.
119.220 14 WP_MOVED 20 360289. 4813620. 300. 31
119.254 14 NAVIGATION 16 2 1156.625 107. 0. 1161.563721 106 85 85 0 0 0
119.277 14 GPS 3 36144501 481370252 925 216689 1304 -8 0 7755240 31 0
119.322 14 ESTIMATOR 216.616653 -0.08
119.421 14 ATTITUDE -0.001473 1.750078 -0.004125
119.504 14 NAVIGATION 16 2 1160.25 107. 0. 1165.17334 106 85 85 0 0 0
119.521 14 GPS 3 36144814 481370238 925 216692 1305 -19 0 7755480 31 0
119.721 14 WP_MOVED 21 360289. 4813625. 400. 31
119.754 14 NAVIGATION 16 2 1163.40625 107. 0. 1168.316406 106 85 85 0 0 0
119.779 14 GPS 3 36145127 481370225 924 216696 1305 -5 0 7755720 31 0
119.821 14 ENERGY 33 12.5 0.451499 5.643737 0.095974 1.19964
119.821 14 NAVIGATION 16 2 1166.53125 107. 0. 1168.316406 106 85 85 0 0 0
119.821 14 ESTIMATOR 216.605087 -0.05
119.920 14 IR_SENSORS 0 0 23 -17 264
119.920 14 AIRSPEED 12.7 0. 0. 0.
119.920 14 ATTITUDE -0.001473 1.74914 -0.000365
120.004 14 NAVIGATION 16 2 1166.53125 107. 0. 1171.428223 107 86 86 0 0 0
120.021 14 FBW_STATUS 2 0 1 12.5 0.451499
120.021 14 DESIRED -0.001477 -0.002254 0. 1367.170288 98.933472 215. -0.048153 13.
120.022 14 GPS 3 36145492 481370209 924 216702 1306 -16 0 7756000 31 0
120.120 14 GPS_SOL 356 356 356 7
120.121 14 CIRCLE 1402.660034 27.23632 80.
120.222 14 WP_MOVED 22 360289. 4813645. 250. 31
120.254 14 NAVIGATION 16 2 1170.15625 106.5 0. 1174.992676 107 86 86 0 0 0
120.276 14 GPS 3 36145806 481370196 923 216708 1307 -4 0 7756240 31 0
120.276 14 SVINFO 2 9 0 2 34 61 178
120.320 14 ESTIMATOR 216.613419 -0.04
120.421 14 CALIBRATION -60.461395 0
120.422 14 ATTITUDE -0.005245 1.74716 -0.004125
120.504 14 NAVIGATION 16 2 1173.34375 106.5 0. 1178.167114 107 86 86 0 0 0
120.521 14 GPS 3 36146119 481370183 923 216714 1307 -3 0 7756480 31 0
120.521 14 SVINFO 3 10 1 3 35 17 228
120.721 14 DL_VALUE 28 0.32
120.722 14 WP_MOVED 0 360326. 4813637. 260. 31
120.755 14 NAVIGATION 16 2 1176.4375 106.5 0. 1181.248291 107 86 86 0 0 0
120.793 14 GPS 3 36146433 481370170 923 216722 1307 -4 0 7756720 31 0
120.794 14 SVINFO 4 11 0 4 36 0 278
120.820 14 NAVIGATION 16 2 1179.5625 106.5 0. 1181.248291 107 86 86 0 0 0
120.820 14 ESTIMATOR 216.649429 -0.04
120.921 14 DATALINK_REPORT 6 16 3452 561 0 0
120.922 14 ENERGY 33 12.5 0.452905 5.661309 0.096804 1.210024
120.922 14 AIRSPEED 12.7 0. 0. 0.
120.922 14 ATTITUDE -0.001473 1.745754 -0.000365
121.003 14 NAVIGATION 16 2 1179.5625 106.5 0. 1184.360596 108 87 87 0 0 0
121.020 14 GPS 3 36146746 481370158 922 216730 1307 -5 0 7756960 31 0
121.021 14 SVINFO 5 12 1 5 37 24 328
121.071 14 DESIRED -0.001413 -0.001928 0. 1368.294067 99.478859 215. -0.049483 13.
121.121 14 IR_SENSORS 0 0 23 -17 264
121.171 14 CIRCLE 1402.660034 27.23632 80.
121.205 14 FBW_STATUS 2 0 1 12.5 0.452905
121.221 14 WP_MOVED 1 360284. 4813595. 260. 31
121.255 14 NAVIGATION 16 2 1182.6875 106. 0. 1187.428223 108 87 87 0 0 0
121.301 14 GPS 3 36147112 481370144 921 216740 1308 -8 0 7757240 31 0
121.302 14 SVINFO 6 13 1 6 38 67 19
121.320 14 ESTIMATOR 216.673279 -0.08
121.421 14 ATTITUDE -0.001473 1.743652 -0.004125
121.505 14 NAVIGATION 16 2 1186.375 106. 0. 1191.101074 108 87 87 0 0 0
121.521 14 GPS 3 36147426 481370132 921 216749 1308 0 0 7757480 31 0
121.522 14 SVINFO 0 7 0 0 33 78 79
121.721 14 WP_MOVED 2 360333.5 4813695. 260. 31
121.754 14 NAVIGATION 16 2 1189.5 106. 0. 1194.213623 108 87 87 0 0 0
121.792 14 GPS 3 36147740 481370120 921 216758 1308 3 0 7757720 31 0
121.792 14 SVINFO 1 8 1 1 34 88 129
121.820 14 NAVIGATION 16 2 1192.65625 105.5 0. 1194.213623 108 87 87 0 0 0
121.820 14 ESTIMATOR 216.698456 0.03
121.921 14 AIRSPEED 12.7 0. 0. 0.
121.922 14 ATTITUDE 0.0023 1.743023 -0.000365
122.004 14 NAVIGATION 16 2 1192.65625 105.5 0. 1197.313354 109 88 88 0 0 0
122.020 14 FBW_STATUS 2 0 1 12.5 0.449216
122.020 14 ENERGY 32 12.5 0.449392 5.617401 0.097634 1.220389
122.021 14 GPS 3 36148053 481370108 921 216767 1308 -9 0 7757960 31 0
122.021 14 SVINFO 2 9 1 2 35 58 179
122.121 14 GPS_SOL 367 367 367 7
122.121 14 DESIRED -0.00341 -0.002308 0. 1369.407471 99.998032 215. -0.050954 13.
122.222 14 DL_VALUE 29 0.
122.223 14 CIRCLE 1402.660034 27.23632 80.
122.223 14 WP_MOVED 3 360294.09375 4813785. 260. 31
122.255 14 NAVIGATION 16 2 1195.78125 105.5 0. 1200.426147 109 88 88 0 0 0
122.294 14 GPS 3 36148419 481370095 921 216777 1307 -21 0 7758240 31 0
122.321 14 IR_SENSORS 0 0 23 -17 264
122.321 14 ESTIMATOR 216.719147 -0.21
122.421 14 ATTITUDE -0.001473 1.742681 -0.000365
122.518 14 NAVIGATION 16 2 1199.4375 105.5 0. 1204.068359 109 88 88 0 0 0
122.521 14 CALIBRATION -61.635876 0
122.521 14 GPS 3 36148733 481370083 921 216786 1307 -13 0 7758480 31 0
122.527 14 SVINFO 4 11 0 4 37 0 279
122.721 14 WP_MOVED 4 360416.3125 4813734. 260. 31
122.754 14 NAVIGATION 16 2 1202.5625 105.5 0. 1207.181396 109 88 88 0 0 0
122.774 14 GPS 3 36149047 481370072 921 216795 1308 -5 0 7758720 31 0
122.775 14 SVINFO 5 12 1 5 38 27 329
122.821 14 NAVIGATION 16 2 1205.71875 105.5 0. 1207.181396 109 88 88 0 0 0
122.822 14 ESTIMATOR 216.698257 -0.05
122.920 14 AIRSPEED 12.7 0. 0. 0.
122.920 14 ATTITUDE -0.001473 1.742235 -0.000365
123.004 14 NAVIGATION 16 2 1205.71875 105.5 0. 1210.325562 110 89 89 0 0 0
123.020 14 GPS 3 36149361 481370060 920 216804 1308 -1 0 7758960 31 0
123.021 14 SVINFO 6 13 0 6 39 70 20
123.104 14 COMMANDS 3191,-19,20,0
123.120 14 ENERGY 33 12.5 0.455543 5.69429 0.098467 1.23081
123.170 14 DESIRED -0.004106 -0.002394 0. 1370.981323 100.69693 215. -0.050948 13.
123.204 14 FBW_STATUS 2 0 1 12.5 0.455191
123.221 14 WP_MOVED 5 360421. 4813583.5 260. 31
123.254 14 NAVIGATION 16 2 1208.84375 105. 0. 1213.395386 110 89 89 0 0 0
123.290 14 CIRCLE 1402.660034 27.23632 80.
123.290 14 GPS 3 36149727 481370047 920 216816 1308 -21 0 7759240 31 0
123.321 14 COMMANDS 3208,-29,-24,0
123.322 14 ESTIMATOR 216.739944 -0.21
123.421 14 STATE_FILTER_STATUS 2 3 303
123.422 14 ATTITUDE -0.001473 1.7413 -0.004125
123.505 14 NAVIGATION 16 2 1212.53125 105. 0. 1217.06897 110 89 89 0 0 0
123.520 14 IR_SENSORS 0 0 22 -18 264
123.521 14 GPS 3 36150041 481370036 920 216826 1309 -23 0 7759480 31 0
123.622 14 PPRZ_MODE 2 3 2 2 0 6
123.721 14 ALIVE 101,248,228,24,166,140,12,35,201,240,56,234,1,216,147,12
123.721 14 DL_VALUE 30 0.01
123.721 14 WP_MOVED 6 360164.8125 4813664.5 260. 31
123.754 14 NAVIGATION 16 2 1215.65625 105. 0. 1220.182373 110 89 89 0 0 0
123.794 14 GPS 3 36150355 481370025 919 216836 1309 -21 0 7759720 31 0
123.822 14 NAVIGATION 16 2 1218.8125 104.5 0. 1220.182373 110 89 89 0 0 0
123.822 14 ESTIMATOR 216.709351 -0.21
123.920 14 AIRSPEED 12.7 0. 0. 0.
123.921 14 ATTITUDE -0.005245 1.739757 -0.000365
124.004 14 NAVIGATION 16 2 1218.8125 104.5 0. 1223.28418 111 90 90 0 0 0
124.021 14 FBW_STATUS 2 0 1 12.5 0.468609
124.022 14 GPS 3 36150670 481370015 918 216848 1310 4 0 7759960 31 0
124.022 14 SVINFO 3 10 0 3 36 13 230
124.133 14 GPS_SOL 380 380 380 7
124.221 14 ENERGY 33 12.5 0.463832 5.797903 0.099315 1.241402
124.221 14 DESIRED -0.006887 -0.001625 0. 1372.426392 101.303352 215. -0.051281 13.
124.221 14 WP_MOVED 7 360558.40625 4813804.5 260. 31
124.253 14 NAVIGATION 16 2 1221.96875 104.5 0. 1226.428955 111 90 90 0 0 0
124.270 14 GPS 3 36151037 481370003 917 216862 1311 -6 0 7760240 31 0
124.321 14 CIRCLE 1402.660034 27.23632 80.
124.321 14 ESTIMATOR 216.753479 -0.06
124.422 14 ATTITUDE -0.009014 1.736006 -0.000365
124.503 14 NAVIGATION 16 2 1225.625 104.5 0. 1230.071899 111 90 90 0 0 0
124.509 14 WIND_INFO 14 5 -0.1 1.8 0. 12.7
124.522 14 GPS 3 36151351 481369994 916 216875 1312 -2 0 7760480 31 0
124.621 14 CALIBRATION -67.889114 0
124.721 14 IR_SENSORS 0 0 22 -18 264
124.722 14 WP_MOVED 8 361680.28125 4813542.5 215. 31
124.754 14 NAVIGATION 16 2 1228.78125 104.5 0. 1233.216797 111 90 90 0 0 0
124.772 14 GPS 3 36151666 481369985 916 216889 1312 -26 0 7760720 31 0
124.821 14 NAVIGATION 16 2 1231.875 104.5 0. 1233.216797 111 90 90 0 0 0
124.821 14 ESTIMATOR 216.799515 -0.26
124.921 14 AIRSPEED 12.7 0. 0. 0.
124.921 14 ATTITUDE -0.005245 1.733447 -0.000365
125.003 14 NAVIGATION 16 2 1231.875 104.5 0. 1236.299438 112 91 91 0 0 0
125.020 14 GPS 3 36151981 481369977 915 216904 1312 -25 0 7760960 31 0
125.021 14 SVINFO 0 7 0 0 34 82 81
125.205 14 FBW_STATUS 2 0 1 12.5 0.47393
125.221 14 DL_VALUE 31 0.1
125.222 14 WP_MOVED 9 360312.8125 4813652. 185. 31
125.255 14 NAVIGATION 16 2 1235.0625 104.5 0. 1239.475586 112 91 91 0 0 0
125.270 14 DESIRED -0.005884 -0.002121 0. 1374.970703 102.291649 215. -0.053342 13.
125.271 14 GPS 3 36152349 481369967 914 216922 1313 -22 0 7761240 31 0
125.271 14 SVINFO 1 8 0 1 35 86 131
125.321 14 ENERGY 34 12.5 0.47535 5.94188 0.100172 1.252113
125.321 14 ESTIMATOR 216.768616 -0.22
125.370 14 CIRCLE 1402.660034 27.23632 80.
125.421 14 ATTITUDE -0.005245 1.730415 -0.000365
125.505 14 NAVIGATION 16 2 1238.71875 104. 0. 1243.076904 112 91 91 0 0 0
125.522 14 GPS 3 36152664 481369960 913 216938 1314 -30 0 7761480 31 0
125.522 14 SVINFO 2 9 0 2 36 51 181
125.720 14 WP_MOVED 10 361686.65625 4813622. 215. 31
125.754 14 NAVIGATION 16 2 1241.875 104. 0. 1246.222046 112 91 91 0 0 0
125.771 14 GPS 3 36152980 481369952 913 216955 1315 -28 0 7761720 31 0
125.771 14 SVINFO 3 10 1 3 37 11 231
125.821 14 NAVIGATION 16 2 1245.0625 104. 0. 1246.222046 112 91 91 0 0 0
125.821 14 ESTIMATOR 216.762772 -0.28
125.922 14 IR_SENSORS 0 0 23 -18 264
125.922 14 AIRSPEED 12.7 0. 0. 0.
125.923 14 ATTITUDE -0.005245 1.7285 -0.000365
126.010 14 NAVIGATION 16 2 1245.0625 104. 0. 1249.39856 113 92 92 0 0 0
126.023 14 DATALINK_REPORT 2 17 3586 561 0 0
126.026 14 FBW_STATUS 2 0 1 12.5 0.49015
126.026 14 GPS 3 36153296 481369945 912 216974 1317 -31 0 7761960 31 0
126.026 14 SVINFO 4 11 1 4 38 1 281
126.127 14 GPS_SOL 393 393 393 7
126.225 14 WP_MOVED 11 360169.5 4813757.5 260. 31
126.257 14 NAVIGATION 16 2 1248.21875 104. 0. 1252.543823 113 92 92 0 0 0
126.273 14 GPS 3 36153665 481369937 911 216999 1319 -30 0 7762240 31 0
126.273 14 SVINFO 5 12 1 5 39 33 331
126.327 14 DESIRED -0.008058 -0.002101 0. 1377.182007 103.070816 215. -0.052951 13.
126.328 14 ESTIMATOR 216.767578 -0.3
126.468 14 ENERGY 35 12.5 0.499474 6.24342 0.101065 1.263278
126.468 14 CIRCLE 1402.660034 27.23632 80.
126.468 14 ATTITUDE -0.005245 1.725254 -0.004125
126.505 14 NAVIGATION 16 2 1251.875 104. 0. 1256.1875 113 92 92 0 0 0
126.521 14 GPS 3 36153982 481369931 911 217022 1321 -11 0 7762480 31 0
126.522 14 SVINFO 6 13 1 6 40 75 22
126.726 14 CALIBRATION -91.670006 0
126.727 14 DL_VALUE 32 0.
126.727 14 WP_MOVED 12 360287.59375 4813581. 260. 31
126.757 14 NAVIGATION 16 2 1255.09375 103.5 0. 1259.354004 113 92 92 0 0 0
126.771 14 GPS 3 36154300 481369926 910 217048 1322 2 0 7762720 31 0
126.820 14 NAVIGATION 16 2 1258.25 103.5 0. 1259.354004 113 92 92 0 0 0
126.821 14 ESTIMATOR 216.826385 0.02
126.921 14 AIRSPEED 12.7 0. 0. 0.
126.921 14 ATTITUDE -0.009014 1.72237 -0.000365
127.004 14 NAVIGATION 16 2 1258.25 103.5 0. 1262.499634 114 93 93 0 0 0
127.021 14 GPS 3 36154617 481369921 909 217075 1324 -17 0 7762960 31 0
127.121 14 NAVIGATION_REF 360284 4813595 31 185.
127.122 14 IR_SENSORS 0 0 23 -19 264
127.205 14 FBW_STATUS 2 0 1 12.5 0.501451
127.221 14 WP_MOVED 13 360311.5 4813547. 260. 31
127.255 14 NAVIGATION 16 2 1261.40625 103.5 0. 1265.645264 114 93 93 0 0 0
127.271 14 GPS 3 36154988 481369916 907 217110 1325 -21 0 7763240 31 0
127.320 14 AUTOPILOT_VERSION 51500 v5.15_devel-179-g9a29798-dirty
127.321 14 ESTIMATOR 216.917923 -0.21
127.369 14 DESIRED -0.0101 -0.001902 0. 1379.757935 103.888092 215. -0.05682 13.
127.421 14 ATTITUDE -0.009014 1.717174 -0.000365
127.470 14 CIRCLE 1402.660034 27.23632 80.
127.504 14 NAVIGATION 16 2 1265.125 103.5 0. 1269.351562 114 93 93 0 0 0
127.521 14 ENERGY 36 12.5 0.505592 6.319895 0.101983 1.274754
127.521 14 GPS 3 36155307 481369912 906 217142 1326 -25 0 7763480 31 0
127.720 14 WP_MOVED 14 360300.6875 4813575.5 260. 31
127.754 14 NAVIGATION 16 2 1268.34375 103.5 0. 1272.559692 114 93 93 0 0 0
127.771 14 GPS 3 36155625 481369909 905 217175 1327 -27 0 7763720 31 0
127.771 14 SVINFO 4 11 1 4 39 2 282
127.825 14 NAVIGATION 16 2 1271.5 103.5 0. 1272.559692 114 93 93 0 0 0
127.826 14 ESTIMATOR 216.95134 -0.27
127.920 14 AIRSPEED 12.7 0. 0. 0.
127.920 14 ATTITUDE -0.009014 1.713596 -0.004125
128.002 14 NAVIGATION 16 2 1271.5 103.5 0. 1275.705444 114 94 94 0 0 0
128.022 14 FBW_STATUS 2 0 1 12.5 0.515705
128.022 14 GPS 3 36155944 481369907 904 217209 1328 -45 0 7763960 31 0
128.023 14 SVINFO 5 12 1 5 40 36 332
128.104 14 COMMANDS 3559,-9,25,0
128.121 14 GPS_SOL 407 407 407 7
128.221 14 DL_VALUE 33 0.15
128.221 14 WP_MOVED 15 360297.6875 4813554.5 260. 31
128.254 14 NAVIGATION 16 2 1274.6875 103.5 0. 1278.882568 115 94 94 0 0 0
128.272 14 GPS 3 36156317 481369905 902 217252 1331 -37 0 7764240 31 0
128.272 14 SVINFO 6 13 1 6 41 77 23
128.320 14 COMMANDS 3593,-9,25,0
128.320 14 IR_SENSORS 0 0 22 -19 264
128.320 14 ESTIMATOR 216.95694 -0.37
128.421 14 STATE_FILTER_STATUS 2 3 306
128.421 14 DESIRED -0.010318 -0.002012 0. 1383.025024 104.789314 215. -0.059022 13.
128.421 14 ATTITUDE -0.009014 1.70849 -0.000365
128.504 14 NAVIGATION 16 2 1278.40625 103.5 0. 1282.589111 115 94 94 0 0 0
128.520 14 CIRCLE 1402.660034 27.23632 80.
128.520 14 GPS 3 36156636 481369904 901 217290 1332 -8 0 7764480 31 0
128.520 14 SVINFO 0 7 0 0 35 85 83
128.621 14 PPRZ_MODE 2 3 2 2 0 6
128.621 14 ENERGY 37 12.5 0.528959 6.611982 0.102934 1.286649
128.721 14 ALIVE 101,248,228,24,166,140,12,35,201,240,56,234,1,216,147,12
128.721 14 WP_MOVED 16 360683.46875 4813622.5 215. 31
128.754 14 NAVIGATION 16 2 1281.625 103.5 0. 1285.797363 115 94 94 0 0 0
128.772 14 GPS 3 36156957 481369904 900 217331 1334 13 0 7764720 31 0
128.772 14 SVINFO 1 8 0 1 36 83 133
128.820 14 CALIBRATION -110.448952 0
128.820 14 NAVIGATION 16 2 1284.8125 103.5 0. 1285.797363 115 94 94 0 0 0
128.821 14 ESTIMATOR 217.05072 0.13
128.921 14 AIRSPEED 12.7 0. 0. 0.
128.922 14 ATTITUDE -0.009014 1.704842 -0.004125
129.004 14 NAVIGATION 16 2 1284.8125 103.5 0. 1288.974487 116 95 95 0 0 0
129.022 14 GPS 3 36157277 481369904 899 217375 1335 -2 0 7764960 31 0
129.023 14 SVINFO 2 9 1 2 37 45 183
129.205 14 FBW_STATUS 2 0 1 12.5 0.522776
129.221 14 WP_MOVED 17 360654.59375 4813624.5 215. 31
129.254 14 NAVIGATION 16 2 1288. 103.5 0. 1292.151733 116 95 95 0 0 0
129.272 14 GPS 3 36157651 481369905 897 217428 1336 7 0 7765240 31 0
129.272 14 SVINFO 3 10 1 3 38 7 233
129.320 14 ESTIMATOR 217.223816 0.07
129.420 14 ATTITUDE -0.009014 1.69946 -0.004125
129.471 14 DESIRED -0.011804 -0.002298 0. 1386.887207 105.666016 215. -0.064746 13.
129.504 14 NAVIGATION 16 2 1291.78125 103.5 0. 1295.920898 116 95 95 0 0 0
129.520 14 IR_SENSORS 0 0 22 -19 264
129.520 14 GPS 3 36157972 481369907 896 217474 1336 -20 0 7765480 31 0
129.571 14 CIRCLE 1402.660034 27.23632 80.
129.721 14 DL_VALUE 34 0.05
129.721 14 ENERGY 37 12.5 0.522776 6.534701 0.103893 1.298634
129.722 14 WP_MOVED 18 360289. 4813605. 220. 31
129.755 14 NAVIGATION 16 2 1294.96875 103.5 0. 1299.098267 116 95 95 0 0 0
129.771 14 GPS 3 36158293 481369910 895 217521 1336 -27 0 7765720 31 0
129.821 14 NAVIGATION 16 2 1298.15625 103.5 0. 1299.098267 116 95 95 0 0 0
129.821 14 ESTIMATOR 217.320465 -0.27
129.920 14 AIRSPEED 12.7 0. 0. 0.
129.920 14 ATTITUDE -0.009014 1.696039 -0.000365
130.003 14 NAVIGATION 16 2 1298.15625 103.5 0. 1302.275635 117 96 96 0 0 0
130.020 14 FBW_STATUS 2 0 1 12.5 0.528594
130.021 14 GPS 3 36158613 481369913 894 217568 1336 -26 0 7765960 31 0
130.121 14 GPS_SOL 421 421 421 7
130.221 14 WP_MOVED 19 360289. 4813610. 500. 31
130.255 14 NAVIGATION 16 2 1301.375 103.5 0. 1305.484253 117 96 96 0 0 0
130.271 14 GPS 3 36158988 481369917 892 217624 1337 -33 0 7766240 31 0
130.273 14 SVINFO 0 7 0 0 36 86 84
130.322 14 ESTIMATOR 217.360153 -0.33
130.420 14 ATTITUDE -0.012781 1.6908 -0.000365
130.505 14 NAVIGATION 16 2 1305.125 103.5 0. 1309.222534 117 96 96 0 0 0
130.521 14 DESIRED -0.01291 -0.002209 0. 1392.941284 106.643791 215. -0.070805 13.
130.521 14 GPS 3 36159309 481369922 891 217672 1338 -32 0 7766480 31 0
130.522 14 SVINFO 1 8 1 1 37 81 134
130.621 14 CIRCLE 1402.660034 27.23632 80.
130.721 14 IR_SENSORS 0 0 22 -20 264
130.721 14 WP_MOVED 20 360289. 4813620. 300. 31
130.753 14 NAVIGATION 16 2 1308.34375 103.5 0. 1312.431152 117 96 96 0 0 0
130.770 14 GPS 3 36159630 481369928 890 217722 1339 -17 0 7766720 31 0
130.771 14 SVINFO 2 9 1 2 38 42 184
130.821 14 ENERGY 38 12.5 0.543389 6.792357 0.104872 1.310868
130.821 14 NAVIGATION 16 2 1311.5625 103.5 0. 1312.431152 117 96 96 0 0 0
130.821 14 ESTIMATOR 217.407684 -0.17
130.920 14 CALIBRATION -122.50502 0
130.921 14 AIRSPEED 12.7 0. 0. 0.
130.921 14 ATTITUDE -0.012781 1.686805 -0.000365
131.004 14 NAVIGATION 16 2 1311.5625 103.5 0. 1315.640015 118 97 97 0 0 0
131.020 14 GPS 3 36159952 481369934 888 217774 1341 -12 0 7766960 31 0
131.020 14 SVINFO 3 10 1 3 39 5 234
131.121 14 DATALINK_REPORT 7 17 3722 569 0 0
131.204 14 FBW_STATUS 2 0 1 12.5 0.545222
131.222 14 DL_VALUE 35 0.
131.222 14 WP_MOVED 21 360289. 4813625. 400. 31
131.253 14 NAVIGATION 16 2 1314.78125 103.5 0. 1318.848755 118 97 97 0 0 0
131.270 14 GPS 3 36160328 481369942 886 217836 1342 -15 0 7767240 31 0
131.271 14 SVINFO 4 11 1 4 40 5 284
131.320 14 ESTIMATOR 217.541946 -0.15
131.421 14 ATTITUDE -0.012781 1.679934 -0.004125
131.503 14 NAVIGATION 16 2 1318.53125 104. 0. 1322.626465 118 97 97 0 0 0
131.528 14 GPS 3 36160650 481369951 885 217891 1343 6 0 7767480 31 0
131.531 14 SVINFO 5 12 1 5 41 42 334
131.586 14 DESIRED -0.009054 -0.002482 0. 1399.001709 107.152634 215. -0.076258 13.
131.670 14 CIRCLE 1402.660034 27.23632 80.
131.720 14 WP_MOVED 22 360289. 4813645. 250. 31
131.754 14 NAVIGATION 16 2 1321.71875 104. 0. 1325.804077 118 97 97 0 0 0
131.770 14 GPS 3 36160973 481369960 883 217947 1344 28 0 7767720 31 0
131.771 14 SVINFO 6 13 1 6 42 81 25
131.830 14 NAVIGATION 16 2 1324.96875 104. 0. 1325.804077 118 97 97 0 0 0
131.831 14 ESTIMATOR 217.703125 0.28
131.920 14 IR_SENSORS 0 0 23 -19 264
131.920 14 ENERGY 37 12.5 0.532786 6.659819 0.105868 1.32332
131.920 14 AIRSPEED 12.7 0. 0. 0.
131.920 14 ATTITUDE -0.009014 1.675395 -0.000365
132.022 14 NAVIGATION 16 2 1324.96875 104. 0. 1329.044067 119 98 98 0 0 0
132.023 14 FBW_STATUS 2 0 1 12.5 0.528776
132.023 14 GPS 3 36161295 481369970 882 218004 1343 34 0 7767960 31 0
132.121 14 GPS_SOL 436 436 436 7
132.221 14 WP_MOVED 0 360326. 4813637. 260. 31
132.253 14 NAVIGATION 16 2 1328.21875 104.5 0. 1332.323242 119 98 98 0 0 0
132.271 14 GPS 3 36161671 481369982 880 218071 1341 23 0 7768240 31 0
132.321 14 ESTIMATOR 217.957474 0.23
132.421 14 ATTITUDE -0.005245 1.670671 -0.004125
132.507 14 NAVIGATION 16 2 1331.96875 104.5 0. 1336.061768 119 98 98 0 0 0
132.524 14 GPS 3 36161992 481369993 880 218127 1340 22 0 7768480 31 0
132.622 14 DESIRED -0.001667 -0.00389 0. 1406.210205 107.157501 215. -0.088724 13.
132.721 14 DL_VALUE 36 0.
132.721 14 CIRCLE 1402.660034 27.23632 80.
132.722 14 WP_MOVED 1 360284. 4813595. 260. 31
132.759 14 NAVIGATION 16 2 1335.15625 104.5 0. 1339.239502 119 98 98 0 0 0
132.771 14 GPS 3 36162313 481370004 879 218181 1338 17 0 7768720 31 0
132.773 14 SVINFO 3 10 1 3 40 4 235
132.823 14 NAVIGATION 16 2 1338.375 104.5 0. 1339.239502 119 98 98 0 0 0
132.823 14 ESTIMATOR 218.120117 0.17
132.922 14 AIRSPEED 12.7 0. 0. 0.
132.923 14 ATTITUDE -0.005245 1.668722 -0.004125
133.004 14 NAVIGATION 16 2 1338.375 104.5 0. 1342.448486 120 99 99 0 0 0
133.020 14 CALIBRATION -97.781662 0
133.020 14 ENERGY 35 12.5 0.497139 6.214237 0.106808 1.335071
133.020 14 GPS 3 36162634 481370016 878 218232 1336 -11 0 7768960 31 0
133.020 14 SVINFO 4 11 0 4 41 7 285
133.104 14 COMMANDS 3442,17,-4,0
133.120 14 IR_SENSORS 0 0 22 -17 264
133.204 14 FBW_STATUS 2 0 1 12.5 0.500372
133.221 14 WP_MOVED 2 360333.5 4813695. 260. 31
133.253 14 NAVIGATION 16 2 1341.5625 104.5 0. 1345.626343 120 99 99 0 0 0
133.270 14 GPS 3 36163007 481370030 878 218288 1332 -20 0 7769240 31 0
133.271 14 SVINFO 5 12 0 5 42 45 335
133.334 14 COMMANDS 3452,34,-5,0
133.335 14 ESTIMATOR 218.187744 -0.2
133.421 14 STATE_FILTER_STATUS 2 3 303
133.421 14 ATTITUDE -0.001473 1.667051 -0.004125
133.503 14 NAVIGATION 16 2 1345.34375 104.5 0. 1349.396118 120 99 99 0 0 0
133.521 14 GPS 3 36163326 481370042 878 218333 1332 -8 0 7769480 31 0
133.521 14 SVINFO 6 13 1 6 43 83 26
133.621 14 PPRZ_MODE 2 3 2 2 0 6
133.670 14 DESIRED 0.005812 -0.004542 0. 1414.389526 106.371773 215. -0.095632 13.
133.724 14 ALIVE 101,248,228,24,166,140,12,35,201,240,56,234,1,216,147,12
133.724 14 WP_MOVED 3 360294.09375 4813785. 260. 31
133.754 14 NAVIGATION 16 2 1348.53125 105. 0. 1352.612793 120 99 99 0 0 0
133.787 14 CIRCLE 1402.660034 27.23632 80.
133.789 14 GPS 3 36163646 481370055 877 218375 1331 -9 0 7769720 31 0
133.790 14 SVINFO 0 7 0 0 37 88 86
133.820 14 NAVIGATION 16 2 1351.71875 105. 0. 1352.612793 120 99 99 0 0 0
133.821 14 ESTIMATOR 218.221222 -0.09
133.942 14 AIRSPEED 12.7 0. 0. 0.
133.942 14 ATTITUDE 0.0023 1.666449 -0.004125
134.005 14 NAVIGATION 16 2 1351.71875 105. 0. 1355.790771 121 100 100 0 0 0
134.023 14 FBW_STATUS 2 0 1 12.5 0.501631
134.023 14 GPS 3 36163965 481370067 877 218416 1330 8 0 7769960 31 0
134.023 14 SVINFO 1 8 0 1 38 77 136
134.121 14 GPS_SOL 451 451 451 7
134.121 14 ENERGY 35 12.5 0.497678 6.22097 0.107727 1.34656
134.221 14 DL_VALUE 37 0.
134.221 14 WP_MOVED 4 360416.3125 4813734. 260. 31
134.254 14 NAVIGATION 16 2 1354.875 105.5 0. 1358.976318 121 100 100 0 0 0
134.271 14 GPS 3 36164337 481370081 878 218462 1329 -16 0 7770240 31 0
134.271 14 SVINFO 2 9 0 2 39 36 186
134.320 14 IR_SENSORS 0 0 22 -14 264
134.320 14 ESTIMATOR 218.322784 -0.16
134.421 14 ATTITUDE 0.009851 1.668012 -0.004125
134.504 14 NAVIGATION 16 2 1358.625 105.5 0. 1362.714966 121 100 100 0 0 0
134.511 14 WIND_INFO 14 5 -0.1 1.8 0. 12.7
134.521 14 GPS 3 36164655 481370093 879 218500 1328 -17 0 7770480 31 0
134.721 14 DESIRED 0.030738 -0.003171 0. 1424.22168 104.275894 215. -0.099684 13.
134.721 14 WP_MOVED 5 360421. 4813583.5 260. 31
134.753 14 NAVIGATION 16 2 1361.8125 105.5 0. 1365.892944 121 100 100 0 0 0
134.771 14 GPS 3 36164974 481370104 880 218536 1328 -11 0 7770720 31 0
134.832 14 CIRCLE 1402.660034 27.23632 80.
134.833 14 NAVIGATION 16 2 1365. 105.5 0. 1365.892944 121 100 100 0 0 0
134.833 14 ESTIMATOR 218.357803 -0.11
134.920 14 AIRSPEED 12.7 0. 0. 0.
134.920 14 ATTITUDE 0.021189 1.671142 -0.004125
135.004 14 NAVIGATION 16 2 1365. 105.5 0. 1369.070923 122 101 101 0 0 0
135.021 14 GPS 3 36165293 481370114 882 218572 1328 -10 0 7770960 31 0
135.120 14 CALIBRATION -98.786972 0
135.204 14 FBW_STATUS 2 0 1 12.5 0.500013
135.220 14 ENERGY 35 12.5 0.500013 6.250161 0.108642 1.357998
135.221 14 WP_MOVED 6 360164.8125 4813664.5 260. 31
135.254 14 NAVIGATION 16 2 1368.15625 105.5 0. 1372.217773 122 101 101 0 0 0
135.271 14 GPS 3 36165664 481370124 885 218614 1328 9 0 7771240 31 0
135.320 14 ESTIMATOR 218.430801 0.09
135.422 14 ATTITUDE 0.032538 1.679913 -0.004125
135.503 14 NAVIGATION 16 2 1371.875 105.5 0. 1375.925537 122 101 101 0 0 0
135.521 14 IR_SENSORS 0 0 22 -7 264
135.522 14 GPS 3 36165983 481370131 887 218649 1327 23 0 7771480 31 0
135.522 14 SVINFO 0 7 0 0 38 89 87
135.721 14 DL_VALUE 38 0.
135.722 14 WP_MOVED 7 360558.40625 4813804.5 260. 31
135.754 14 NAVIGATION 16 2 1375.09375 106. 0. 1379.173218 122 101 101 0 0 0
135.771 14 DESIRED 0.070333 -0.000683 0. 1437.366089 99.316055 215. -0.105108 13.
135.771 14 GPS 3 36166302 481370135 891 218685 1327 18 0 7771720 31 0
135.772 14 SVINFO 1 8 1 1 39 75 137
135.833 14 NAVIGATION 16 2 1378.28125 106. 0. 1379.173218 122 101 101 0 0 0
135.834 14 ESTIMATOR 218.592941 0.18
135.873 14 CIRCLE 1402.660034 27.23632 80.
135.920 14 AIRSPEED 12.7 0. 0. 0.
135.920 14 ATTITUDE 0.051469 1.689685 -0.000365
136.004 14 NAVIGATION 16 2 1378.28125 106. 0. 1382.351318 123 102 102 0 0 0
136.022 14 FBW_STATUS 2 0 1 12.5 0.476772
136.022 14 GPS 3 36166620 481370138 895 218719 1325 22 0 7771960 31 0
136.022 14 SVINFO 2 9 1 2 40 33 187
136.121 14 NAVIGATION_REF 360284 4813595 31 185.
136.121 14 GPS_SOL 467 467 467 7
136.222 14 DATALINK_REPORT 2 18 3855 551 0 0
136.222 14 WP_MOVED 8 361680.28125 4813542.5 215. 31
136.255 14 NAVIGATION 16 2 1381.4375 106. 0. 1385.498291 123 102 102 0 0 0
136.271 14 GPS 3 36166990 481370136 904 218758 1322 16 0 7772240 31 0
136.272 14 SVINFO 3 10 1 3 41 1 237
136.324 14 ENERGY 33 12.5 0.467547 5.844334 0.109529 1.369083
136.324 14 ESTIMATOR 218.725128 0.16
136.421 14 ATTITUDE 0.06662 1.713021 -0.000365
136.504 14 NAVIGATION 16 2 1385.15625 106. 0. 1389.206177 123 102 102 0 0 0
136.521 14 GPS 3 36167307 481370131 909 218789 1321 21 0 7772480 31 0
136.522 14 SVINFO 4 11 1 4 42 11 287
136.720 14 IR_SENSORS 0 0 23 4 264
136.721 14 WP_MOVED 9 360312.8125 4813652. 185. 31
136.755 14 NAVIGATION 16 2 1388.34375 106. 0. 1392.384399 123 102 102 0 0 0
136.770 14 GPS 3 36167624 481370122 916 218818 1318 16 0 7772720 31 0
136.771 14 SVINFO 5 12 1 5 43 51 337
136.845 14 DESIRED 0.107017 0.002861 0. 1448.200439 93.009239 215. -0.113138 13.
136.846 14 NAVIGATION 16 2 1391.5 105.5 0. 1392.384399 123 102 102 0 0 0
136.846 14 ESTIMATOR 218.822281 0.16
136.920 14 CIRCLE 1402.660034 27.23632 80.
136.920 14 AIRSPEED 12.7 0. 0. 0.
136.920 14 ATTITUDE 0.085555 1.733925 -0.000365
137.004 14 NAVIGATION 16 2 1391.5 105.5 0. 1395.493652 124 103 103 0 0 0
137.023 14 GPS 3 36167939 481370108 925 218843 1316 28 0 7772960 31 0
137.048 14 SVINFO 6 13 1 6 44 86 28
137.204 14 FBW_STATUS 2 0 1 12.5 0.439589
137.221 14 CALIBRATION -63.362724 0
137.221 14 DL_VALUE 39 0.
137.221 14 WP_MOVED 10 361686.65625 4813622. 215. 31
137.254 14 NAVIGATION 16 2 1394.65625 105.5 0. 1398.640869 124 103 103 0 0 0
137.272 14 GPS 3 36168306 481370085 939 218870 1311 35 0 7773240 31 0
137.321 14 ESTIMATOR 218.912582 0.35
137.420 14 ENERGY 31 12.5 0.430528 5.3816 0.110356 1.379413
137.420 14 ATTITUDE 0.104474 1.773301 -0.000365
137.504 14 NAVIGATION 16 2 1398.28125 105.5 0. 1402.255615 124 103 103 0 0 0
137.521 14 GPS 3 36168619 481370060 946 218889 1309 31 0 7773480 31 0
137.721 14 WP_MOVED 11 360169.5 4813757.5 260. 31
137.754 14 NAVIGATION 16 2 1401.4375 105. 0. 1405.365479 124 103 103 0 0 0
137.770 14 GPS 3 36168931 481370028 958 218906 1305 33 0 7773720 31 0
137.771 14 SVINFO 2 9 1 2 41 30 188
137.845 14 NAVIGATION 16 2 1404.5625 104.5 0. 1405.365479 124 103 103 0 0 0
137.846 14 ESTIMATOR 219.012283 0.33
137.870 14 DESIRED 0.138071 0.0065 0. 1458.332397 84.68708 215. -0.119146 13.
137.921 14 IR_SENSORS 0 0 24 16 264
137.921 14 AIRSPEED 12.7 0. 0. 0.
137.921 14 ATTITUDE 0.123364 1.80509 0.003393
137.971 14 CIRCLE 1402.660034 27.23632 80.
138.004 14 NAVIGATION 16 2 1404.5625 104.5 0. 1408.44458 125 104 104 0 0 0
138.021 14 FBW_STATUS 2 0 1 12.5 0.405825
138.021 14 GPS 3 36169241 481369990 970 218919 1302 35 0 7773960 31 0
138.021 14 SVINFO 3 10 1 3 42 1 238
138.104 14 COMMANDS 2878,123,45,0
138.121 14 GPS_SOL 483 483 483 7
138.222 14 WP_MOVED 12 360287.59375 4813581. 260. 31
138.254 14 NAVIGATION 16 2 1407.65625 104.5 0. 1411.529785 125 104 104 0 0 0
138.271 14 GPS 3 36169601 481369936 990 218930 1295 39 0 7774240 31 0
138.271 14 SVINFO 4 11 1 4 43 13 288
138.342 14 COMMANDS 2820,141,54,0
138.343 14 ESTIMATOR 219.083893 0.39
138.421 14 AUTOPILOT_VERSION 51500 v5.15_devel-179-g9a29798-dirty
138.421 14 STATE_FILTER_STATUS 2 3 308
138.421 14 ATTITUDE 0.138445 1.860876 0.003393
138.503 14 NAVIGATION 16 2 1411.25 103.5 0. 1415.040161 125 104 104 0 0 0
138.520 14 ENERGY 28 12.5 0.383812 4.797655 0.111103 1.388756
138.521 14 GPS 3 36169906 481369882 1000 218935 1292 35 0 7774480 31 0
138.521 14 SVINFO 5 12 1 5 44 55 338
138.621 14 PPRZ_MODE 2 3 2 2 0 6
138.721 14 ALIVE 101,248,228,24,166,140,12,35,201,240,56,234,1,216,147,12
138.721 14 DL_VALUE 40 0.
138.721 14 WP_MOVED 13 360311.5 4813547. 260. 31
138.754 14 NAVIGATION 16 2 1414.28125 103.5 0. 1418.063354 125 104 104 0 0 0
138.771 14 GPS 3 36170209 481369819 1016 218936 1288 34 0 7774720 31 0
138.772 14 SVINFO 6 13 1 6 45 87 29
138.824 14 NAVIGATION 16 2 1417.34375 102.5 0. 1418.063354 125 104 104 0 0 0
138.824 14 ESTIMATOR 219.136292 0.34
138.920 14 DESIRED 0.165257 0.009847 0. 1467.104736 74.63765 215. -0.123542 13.
138.921 14 AIRSPEED 12.7 0. 0. 0.
138.921 14 ATTITUDE 0.153835 1.903435 0.007506
139.005 14 NAVIGATION 16 2 1417.34375 102.5 0. 1421.045166 126 105 105 0 0 0
139.020 14 CIRCLE 1402.660034 27.23632 80.
139.021 14 GPS 3 36170509 481369749 1032 218933 1283 24 0 7774960 31 0
139.022 14 SVINFO 0 7 0 0 39 89 89
139.120 14 IR_SENSORS 0 0 25 25 263
139.204 14 FBW_STATUS 2 0 1 12.5 0.358547
139.221 14 WP_MOVED 14 360300.6875 4813575.5 260. 31
139.254 14 NAVIGATION 16 2 1420.34375 102. 0. 1424.001587 126 105 105 0 0 0
139.272 14 GPS 3 36170855 481369656 1057 218924 1276 18 0 7775240 31 0
139.273 14 SVINFO 1 8 0 1 40 70 139
139.326 14 CALIBRATION -7.082253 0
139.326 14 ESTIMATOR 219.13443 0.18
139.444 14 ATTITUDE 0.161371 1.972389 0.007506
139.504 14 NAVIGATION 16 2 1423.8125 101. 0. 1427.390259 126 105 105 0 0 0
139.521 14 GPS 3 36171147 481369567 1068 218911 1273 1 0 7775480 31 0
139.621 14 ENERGY 26 12.5 0.352037 4.400468 0.111771 1.397103
139.720 14 WP_MOVED 15 360297.6875 4813554.5 260. 31
139.754 14 NAVIGATION 16 2 1426.71875 100. 0. 1430.218994 126 105 105 0 0 0
139.770 14 GPS 3 36171436 481369470 1086 218893 1269 17 0 7775720 31 0
139.820 14 NAVIGATION 16 2 1429.625 99. 0. 1430.218994 126 105 105 0 0 0
139.820 14 ESTIMATOR 219.056427 0.17
139.920 14 AIRSPEED 12.7 0. 0. 0.
139.921 14 ATTITUDE 0.172654 2.021548 0.011273
139.970 14 DESIRED 0.179886 0.011819 0. 1474.127319 63.186771 215. -0.123313 13.
140.004 14 NAVIGATION 16 2 1429.625 99. 0. 1433.048706 127 106 106 0 0 0
140.021 14 FBW_STATUS 2 0 1 12.5 0.342071
140.022 14 GPS 3 36171721 481369363 1105 218872 1266 35 0 7775960 31 0
140.070 14 CIRCLE 1402.660034 27.23632 80.
140.120 14 GPS_SOL 499 499 499 7
140.220 14 DL_VALUE 41 0.
140.221 14 WP_MOVED 16 360683.46875 4813622.5 215. 31
140.254 14 NAVIGATION 16 2 1432.4375 98.5 0. 1435.82019 127 106 106 0 0 0
140.271 14 GPS 3 36172047 481369227 1133 218842 1261 39 0 7776240 31 0
140.321 14 IR_SENSORS 0 0 26 30 262
140.321 14 ESTIMATOR 219.054581 0.39
140.420 14 ATTITUDE 0.176839 2.098383 0.011646
140.504 14 NAVIGATION 16 2 1435.71875 96.5 0. 1438.95813 127 106 106 0 0 0
140.521 14 GPS 3 36172322 481369101 1146 218812 1258 27 0 7776480 31 0
140.721 14 ENERGY 24 12.5 0.31448 3.931002 0.112383 1.40476
140.721 14 WP_MOVED 17 360654.59375 4813624.5 215. 31
140.754 14 NAVIGATION 16 2 1438.4375 95.5 0. 1441.604248 127 106 106 0 0 0
140.771 14 GPS 3 36172591 481368966 1166 218778 1254 25 0 7776720 31 0
140.771 14 SVINFO 0 7 0 0 40 89 90
140.821 14 NAVIGATION 16 2 1441.15625 94. 0. 1441.604248 127 106 106 0 0 0
140.822 14 ESTIMATOR 219.041183 0.25
140.923 14 AIRSPEED 12.7 0. 0. 0.
140.923 14 ATTITUDE 0.184367 2.151434 0.011646
