100.072 14 AUTOPILOT_VERSION 51500 v5.15_devel-179-g9a29798-dirty
100.155 14 FBW_STATUS 2 0 1 12.5 0.487468
100.183 14 WP_MOVED 15 360297.6875 4813554.5 260. 31
100.206 14 NAVIGATION 16 2 758.4375 131. 0. 769.667725 76 55 55 0 0 0
100.221 14 GPS 3 36104690 481372644 936 217368 1317 -23 0 8329240 31 0
100.221 14 SVINFO 5 12 0 5 32 4 319
100.271 14 DESIRED 0.00102 -0.002995 0. 1355.806763 92.080513 215. -0.064687 13.
100.271 14 ESTIMATOR 217.153061 -0.23
100.372 14 CIRCLE 1402.660034 27.23632 80.
100.372 14 ATTITUDE 0.0023 1.759089 -0.004125
100.455 14 NAVIGATION 16 2 762.125 131. 0. 773.301697 76 55 55 0 0 0
100.472 14 IR_SENSORS 0 0 22 -16 264
100.472 14 ENERGY 35 12.5 0.491403 6.142531 0.073769 0.922092
100.473 14 GPS 3 36105006 481372624 936 217389 1318 -8 0 8329480 31 0
100.571 14 DATALINK_REPORT 1 15 3048 540 0 0
100.684 14 CALIBRATION -86.798897 0
100.684 14 DL_VALUE 18 1.
100.684 14 WP_MOVED 16 360683.46875 4813622.5 215. 31
100.705 14 NAVIGATION 16 2 765.34375 130.5 0. 776.389893 76 55 55 0 0 0
100.720 14 GPS 3 36105322 481372603 937 217411 1319 -2 0 8329720 31 0
100.771 14 NAVIGATION 16 2 768.4375 130.5 0. 776.389893 76 55 55 0 0 0
100.771 14 ESTIMATOR 217.217789 -0.02
100.872 14 AIRSPEED 12.8 0. 0. 0.
100.873 14 ATTITUDE 0.0023 1.759465 -0.004125
100.954 14 NAVIGATION 16 2 768.4375 130.5 0. 779.439819 77 56 56 0 0 0
100.972 14 FBW_STATUS 2 0 1 12.5 0.488183
100.973 14 GPS 3 36105691 481372580 937 217439 1320 -5 0 8330000 31 0
101.072 14 GPS_SOL 304 304 304 7
101.179 14 WP_MOVED 17 360654.59375 4813624.5 215. 31
101.205 14 NAVIGATION 16 2 772.15625 130.5 0. 783.106323 77 56 56 0 0 0
101.222 14 GPS 3 36106008 481372559 937 217465 1321 4 0 8330240 31 0
101.271 14 ESTIMATOR 217.311508 0.04
101.322 14 DESIRED 0.000574 -0.003253 0. 1355.978271 92.204071 215. -0.068128 13.
101.372 14 ATTITUDE -0.001473 1.759418 -0.004125
101.422 14 CIRCLE 1402.660034 27.23632 80.
101.455 14 NAVIGATION 16 2 775.34375 130. 0. 786.166626 77 56 56 0 0 0
101.472 14 GPS 3 36106324 481372539 936 217492 1321 8 0 8330480 31 0
101.573 14 ENERGY 34 12.5 0.481579 6.019734 0.074663 0.933262
101.693 14 IR_SENSORS 0 0 22 -17 264
101.694 14 WP_MOVED 18 360289. 4813605. 220. 31
101.705 14 NAVIGATION 16 2 778.5 130. 0. 789.279602 77 56 56 0 0 0
101.721 14 GPS 3 36106641 481372518 936 217519 1321 2 0 8330720 31 0
101.771 14 NAVIGATION 16 2 781.65625 129.5 0. 789.279602 77 56 56 0 0 0
101.771 14 ESTIMATOR 217.419662 0.02
101.872 14 AIRSPEED 12.8 0. 0. 0.
101.873 14 ATTITUDE -0.001473 1.758865 -0.004125
101.955 14 NAVIGATION 16 2 781.65625 129.5 0. 792.311035 78 57 57 0 0 0
101.971 14 GPS 3 36106957 481372498 936 217546 1321 6 0 8330960 31 0
102.155 14 FBW_STATUS 2 0 1 12.5 0.47464
102.186 14 DL_VALUE 19 0.
102.186 14 WP_MOVED 19 360289. 4813610. 500. 31
102.205 14 NAVIGATION 16 2 784.8125 129.5 0. 795.424988 78 57 57 0 0 0
102.221 14 GPS 3 36107326 481372475 936 217578 1320 9 0 8331240 31 0
102.222 14 SVINFO 6 13 0 6 33 43 11
102.272 14 ESTIMATOR 217.498383 0.09
102.372 14 DESIRED 0.000771 -0.00353 0. 1356.088135 92.282898 215. -0.073675 13.
102.372 14 ATTITUDE -0.001473 1.758015 -0.004125
102.455 14 NAVIGATION 16 2 788.53125 129.5 0. 799.09436 78 57 57 0 0 0
102.472 14 CIRCLE 1402.660034 27.23632 80.
102.473 14 GPS 3 36107642 481372455 936 217604 1319 0 0 8331480 31 0
102.691 14 ENERGY 34 12.5 0.469141 5.864257 0.075533 0.944147
102.692 14 WP_MOVED 20 360289. 4813620. 300. 31
102.704 14 NAVIGATION 16 2 791.65625 129. 0. 802.097656 78 57 57 0 0 0
102.722 14 GPS 3 36107958 481372435 935 217629 1318 11 0 8331720 31 0
102.771 14 CALIBRATION -74.13343 0
102.772 14 NAVIGATION 16 2 794.84375 129. 0. 802.097656 78 57 57 0 0 0
102.772 14 ESTIMATOR 217.564545 0.11
102.872 14 IR_SENSORS 0 0 23 -17 264
102.872 14 AIRSPEED 12.8 0. 0. 0.
102.873 14 ATTITUDE -0.001473 1.757834 -0.000365
102.955 14 NAVIGATION 16 2 794.84375 129. 0. 805.243774 79 58 58 0 0 0
102.972 14 FBW_STATUS 2 0 1 12.5 0.462596
102.972 14 GPS 3 36108273 481372415 935 217652 1317 22 0 8331960 31 0
102.974 14 SVINFO 2 9 1 2 31 78 171
103.054 14 COMMANDS 3207,22,5,0
103.072 14 GPS_SOL 308 308 308 7
103.192 14 WP_MOVED 21 360289. 4813625. 400. 31
103.205 14 NAVIGATION 16 2 797.96875 128.5 0. 808.248962 79 58 58 0 0 0
103.222 14 GPS 3 36108641 481372392 935 217678 1315 12 0 8332240 31 0
103.271 14 COMMANDS 3183,20,4,0
103.271 14 ESTIMATOR 217.666443 0.12
103.372 14 STATE_FILTER_STATUS 2 3 303
103.373 14 ATTITUDE -0.001473 1.757484 -0.004125
103.421 14 DESIRED 0.001253 -0.003758 0. 1356.211426 92.371025 215. -0.078224 13.
103.455 14 NAVIGATION 16 2 801.65625 128.5 0. 811.889771 79 58 58 0 0 0
103.472 14 GPS 3 36108956 481372373 935 217698 1313 -8 0 8332480 31 0
103.473 14 SVINFO 4 11 0 4 32 3 271
103.522 14 CIRCLE 1402.660034 27.23632 80.
103.571 14 PPRZ_MODE 2 3 2 2 0 6
103.702 14 ALIVE 101,248,228,24,166,140,12,35,201,240,56,234,1,216,147,12
103.703 14 DL_VALUE 20 0.
103.703 14 WP_MOVED 22 360289. 4813645. 250. 31
103.705 14 NAVIGATION 16 2 804.8125 128.5 0. 815.006409 79 58 58 0 0 0
103.721 14 GPS 3 36109270 481372353 935 217717 1312 -8 0 8332720 31 0
103.722 14 SVINFO 5 12 1 5 33 7 321
103.771 14 ENERGY 33 12.5 0.452905 5.661309 0.076372 0.954634
103.772 14 NAVIGATION 16 2 807.96875 128. 0. 815.006409 79 58 58 0 0 0
103.772 14 ESTIMATOR 217.687149 -0.08
103.872 14 AIRSPEED 12.8 0. 0. 0.
103.872 14 ATTITUDE -0.001473 1.757323 -0.004125
103.955 14 NAVIGATION 16 2 807.96875 128. 0. 818.044922 80 59 59 0 0 0
103.973 14 GPS 3 36109584 481372334 935 217733 1311 8 0 8332960 31 0
103.974 14 SVINFO 6 13 1 6 34 46 12
104.072 14 NAVIGATION_REF 360284 4813595 31 185.
104.073 14 IR_SENSORS 0 0 22 -17 264
104.155 14 FBW_STATUS 2 0 1 12.5 0.448164
104.194 14 WP_MOVED 0 360326. 4813637. 260. 31
104.204 14 NAVIGATION 16 2 811.09375 127.5 0. 821.053772 80 59 59 0 0 0
104.221 14 GPS 3 36109951 481372311 934 217750 1309 -8 0 8333240 31 0
104.271 14 ESTIMATOR 217.715866 -0.08
104.373 14 ATTITUDE -0.001473 1.756984 -0.004125
104.454 14 NAVIGATION 16 2 814.78125 127.5 0. 824.696777 80 59 59 0 0 0
104.471 14 DESIRED 0.002199 -0.00392 0. 1356.407227 92.510185 215. -0.081476 13.
104.472 14 GPS 3 36110264 481372292 934 217762 1309 12 0 8333480 31 0
104.571 14 CIRCLE 1402.660034 27.23632 80.
104.701 14 WP_MOVED 1 360284. 4813595. 260. 31
104.706 14 NAVIGATION 16 2 817.875 127.5 0. 827.753418 80 59 59 0 0 0
104.722 14 GPS 3 36110578 481372273 934 217774 1308 14 0 8333720 31 0
104.771 14 NAVIGATION 16 2 821. 127.5 0. 827.753418 80 59 59 0 0 0
104.771 14 ESTIMATOR 217.750854 0.14
104.870 14 CALIBRATION -56.955391 0
104.871 14 ENERGY 32 12.5 0.439065 5.488309 0.077193 0.964893
104.871 14 AIRSPEED 12.8 0. 0. 0.
104.871 14 ATTITUDE 0.0023 1.756601 -0.004125
104.955 14 NAVIGATION 16 2 821. 127.5 0. 830.841309 81 60 60 0 0 0
104.972 14 FBW_STATUS 2 0 1 12.5 0.436796
104.972 14 GPS 3 36110891 481372254 934 217784 1306 19 0 8333960 31 0
104.973 14 SVINFO 3 10 1 3 32 34 222
105.072 14 GPS_SOL 313 313 313 7
105.170 14 DL_VALUE 21 0.
105.171 14 WP_MOVED 2 360333.5 4813695. 260. 31
105.206 14 NAVIGATION 16 2 824.15625 127. 0. 833.883972 81 60 60 0 0 0
105.221 14 GPS 3 36111256 481372232 934 217793 1304 11 0 8334240 31 0
105.271 14 IR_SENSORS 0 0 22 -16 264
105.271 14 ESTIMATOR 217.822632 0.11
105.373 14 ATTITUDE 0.0023 1.756481 -0.004125
105.455 14 NAVIGATION 16 2 827.8125 126.5 0. 837.422119 81 60 60 0 0 0
105.471 14 GPS 3 36111568 481372214 934 217799 1303 1 0 8334480 31 0
105.522 14 DESIRED 0.002203 -0.003994 0. 1356.542114 92.605598 215. -0.084679 13.
105.621 14 CIRCLE 1402.660034 27.23632 80.
105.695 14 DATALINK_REPORT 6 15 3174 533 0 0
105.695 14 WP_MOVED 3 360294.09375 4813785. 260. 31
105.707 14 NAVIGATION 16 2 830.9375 126.5 0. 840.511353 81 60 60 0 0 0
105.721 14 GPS 3 36111880 481372195 934 217803 1301 -4 0 8334720 31 0
105.771 14 NAVIGATION 16 2 834.0625 126.5 0. 840.511353 81 60 60 0 0 0
105.771 14 ESTIMATOR 217.830109 -0.04
105.872 14 AIRSPEED 12.8 0. 0. 0.
105.873 14 ATTITUDE 0.0023 1.756549 -0.004125
105.955 14 NAVIGATION 16 2 834.0625 126.5 0. 843.600891 82 61 61 0 0 0
105.971 14 ENERGY 31 12.5 0.424973 5.31216 0.07798 0.974729
105.971 14 GPS 3 36112191 481372176 934 217805 1300 -16 0 8334960 31 0
106.156 14 FBW_STATUS 2 0 1 12.5 0.427748
106.172 14 WP_MOVED 4 360416.3125 4813734. 260. 31
106.206 14 NAVIGATION 16 2 837.15625 126. 0. 846.585266 82 61 61 0 0 0
106.222 14 GPS 3 36112554 481372154 934 217804 1299 -29 0 8335240 31 0
106.222 14 SVINFO 1 8 1 1 31 89 123
106.271 14 ESTIMATOR 217.783371 -0.29
106.371 14 ATTITUDE 0.0023 1.757512 -0.004125
106.455 14 NAVIGATION 16 2 840.78125 126. 0. 850.170044 82 61 61 0 0 0
106.472 14 IR_SENSORS 0 0 22 -16 264
106.472 14 GPS 3 36112866 481372135 934 217802 1299 -11 0 8335480 31 0
106.572 14 DESIRED 0.002249 -0.003935 0. 1356.73877 92.743874 215. -0.083501 13.
106.672 14 DL_VALUE 22 0.
106.673 14 CIRCLE 1402.660034 27.23632 80.
106.674 14 WP_MOVED 5 360421. 4813583.5 260. 31
106.706 14 NAVIGATION 16 2 843.875 126. 0. 853.229736 82 61 61 0 0 0
106.721 14 GPS 3 36113177 481372116 934 217800 1299 -17 0 8335720 31 0
106.772 14 NAVIGATION 16 2 847. 126. 0. 853.229736 82 61 61 0 0 0
106.772 14 ESTIMATOR 217.730759 -0.17
106.871 14 AIRSPEED 12.8 0. 0. 0.
106.872 14 ATTITUDE 0.0023 1.757918 -0.004125
106.955 14 NAVIGATION 16 2 847. 126. 0. 856.320618 83 62 62 0 0 0
106.971 14 CALIBRATION -52.70406 0
106.972 14 FBW_STATUS 2 0 1 12.5 0.436099
106.972 14 GPS 3 36113488 481372097 935 217797 1299 2 0 8335960 31 0
106.972 14 SVINFO 4 11 1 4 33 1 273
107.072 14 GPS_SOL 319 319 319 7
107.072 14 ENERGY 31 12.5 0.432789 5.409866 0.078772 0.984626
107.170 14 WP_MOVED 6 360164.8125 4813664.5 260. 31
107.203 14 NAVIGATION 16 2 850.125 125.5 0. 859.338562 83 62 62 0 0 0
107.221 14 GPS 3 36113851 481372075 935 217793 1299 21 0 8336240 31 0
107.221 14 SVINFO 5 12 1 5 34 11 323
107.271 14 ESTIMATOR 217.739655 0.21
107.371 14 ATTITUDE 0.0023 1.757971 -0.004125
107.455 14 NAVIGATION 16 2 853.78125 125. 0. 862.88324 83 62 62 0 0 0
107.472 14 GPS 3 36114163 481372056 934 217790 1299 10 0 8336480 31 0
107.473 14 SVINFO 6 13 1 6 35 53 14
107.622 14 DESIRED 0.001554 -0.003956 0. 1356.887573 92.847954 215. -0.08219 13.
107.671 14 IR_SENSORS 0 0 22 -16 264
107.672 14 WP_MOVED 7 360558.40625 4813804.5 260. 31
107.705 14 NAVIGATION 16 2 856.875 125. 0. 865.944397 83 62 62 0 0 0
107.722 14 CIRCLE 1402.660034 27.23632 80.
107.722 14 GPS 3 36114474 481372037 934 217786 1298 16 0 8336720 31 0
107.722 14 SVINFO 0 7 0 0 31 65 74
107.771 14 NAVIGATION 16 2 859.96875 125. 0. 865.944397 83 62 62 0 0 0
107.772 14 ESTIMATOR 217.808746 0.16
107.871 14 AIRSPEED 12.8 0. 0. 0.
107.872 14 ATTITUDE 0.0023 1.757824 -0.004125
107.955 14 NAVIGATION 16 2 859.96875 125. 0. 869.00592 84 63 63 0 0 0
107.972 14 GPS 3 36114784 481372018 934 217781 1297 9 0 8336960 31 0
108.055 14 COMMANDS 2943,0,1,0
108.155 14 FBW_STATUS 2 0 1 12.5 0.411153
108.171 14 DL_VALUE 23 0.
108.172 14 ENERGY 30 12.5 0.411153 5.139418 0.079544 0.994277
108.172 14 WP_MOVED 8 361680.28125 4813542.5 215. 31
108.205 14 NAVIGATION 16 2 863.09375 125. 0. 872.098511 84 63 63 0 0 0
108.221 14 GPS 3 36115147 481371996 935 217774 1295 34 0 8337240 31 0
108.222 14 SVINFO 2 9 1 2 32 72 174
108.272 14 COMMANDS 2895,0,1,0
108.272 14 ESTIMATOR 217.833328 0.34
108.372 14 STATE_FILTER_STATUS 2 3 302
108.372 14 ATTITUDE 0.0023 1.75833 -0.004125
108.455 14 NAVIGATION 16 2 866.71875 124.5 0. 875.61499 84 63 63 0 0 0
108.472 14 GPS 3 36115457 481371977 935 217767 1293 46 0 8337480 31 0
108.472 14 SVINFO 3 10 0 3 33 28 224
108.572 14 PPRZ_MODE 2 3 2 2 0 6
108.672 14 ALIVE 101,248,228,24,166,140,12,35,201,240,56,234,1,216,147,12
108.672 14 DESIRED 0.001621 -0.003617 0. 1357.101807 92.996872 215. -0.085 13.
108.673 14 WP_MOVED 9 360312.8125 4813652. 185. 31
108.705 14 NAVIGATION 16 2 869.8125 124. 0. 878.60675 84 63 63 0 0 0
108.722 14 GPS 3 36115766 481371958 935 217756 1291 34 0 8337720 31 0
108.772 14 CIRCLE 1402.660034 27.23632 80.
108.772 14 NAVIGATION 16 2 872.9375 124. 0. 878.60675 84 63 63 0 0 0
108.772 14 ESTIMATOR 217.933167 0.34
108.872 14 IR_SENSORS 0 0 22 -15 264
108.873 14 AIRSPEED 12.8 0. 0. 0.
108.874 14 ATTITUDE 0.0023 1.759488 -0.004125
108.955 14 NAVIGATION 16 2 872.9375 124. 0. 881.700562 85 64 64 0 0 0
108.972 14 FBW_STATUS 2 0 1 12.5 0.375858
108.973 14 GPS 3 36116075 481371938 935 217743 1288 28 0 8337960 31 0
109.072 14 CALIBRATION -14.115007 0
109.072 14 GPS_SOL 327 327 327 7
109.172 14 WP_MOVED 10 361686.65625 4813622. 215. 31
109.206 14 NAVIGATION 16 2 876. 124. 0. 884.732727 85 64 64 0 0 0
109.220 14 GPS 3 36116434 481371916 936 217723 1283 -2 0 8338240 31 0
109.271 14 ENERGY 28 12.5 0.371977 4.649716 0.080253 1.003143
109.271 14 ESTIMATOR 217.941788 -0.02
109.356 14 WIND_INFO 14 5 -0.2 1.7 0. 12.8
109.372 14 ATTITUDE 0.0023 1.761363 -0.004125
109.455 14 NAVIGATION 16 2 879.5625 123.5 0. 888.190552 85 64 64 0 0 0
109.471 14 GPS 3 36116740 481371896 936 217701 1281 -2 0 8338480 31 0
109.671 14 DL_VALUE 24 0.
109.671 14 WP_MOVED 11 360169.5 4813757.5 260. 31
109.720 14 NAVIGATION 16 2 882.65625 123.5 0. 891.254333 85 64 64 0 0 0
109.721 14 DESIRED 0.000278 -0.004075 0. 1357.333618 93.156868 215. -0.086286 13.
109.722 14 GPS 3 36117047 481371877 936 217676 1279 5 0 8338720 31 0
109.722 14 SVINFO 1 8 0 1 32 89 125
109.772 14 NAVIGATION 16 2 885.71875 123. 0. 891.254333 85 64 64 0 0 0
109.772 14 ESTIMATOR 217.82103 0.05
109.822 14 CIRCLE 1402.660034 27.23632 80.
109.872 14 AIRSPEED 12.8 0. 0. 0.
109.872 14 ATTITUDE 0.0023 1.762519 -0.004125
109.955 14 NAVIGATION 16 2 885.71875 123. 0. 894.218506 86 65 65 0 0 0
109.972 14 GPS 3 36117353 481371857 936 217647 1277 -4 0 8338960 31 0
110.073 14 IR_SENSORS 0 0 22 -16 264
110.155 14 FBW_STATUS 2 0 1 12.5 0.366761
110.171 14 WP_MOVED 12 360287.59375 4813581. 260. 31
110.216 14 NAVIGATION 16 2 888.78125 123. 0. 897.252014 86 65 65 0 0 0
110.221 14 GPS 3 36117709 481371834 937 217609 1274 -18 0 8339240 31 0
110.271 14 ESTIMATOR 217.732788 -0.18
110.373 14 ENERGY 28 12.5 0.36962 4.620246 0.080929 1.011595
110.373 14 ATTITUDE 0.0023 1.763697 -0.004125
110.455 14 NAVIGATION 16 2 892.34375 123. 0. 900.781006 86 65 65 0 0 0
110.472 14 GPS 3 36118014 481371814 937 217574 1274 -31 0 8339480 31 0
110.472 14 SVINFO 4 11 1 4 34 0 275
110.671 14 WP_MOVED 13 360311.5 4813547. 260. 31
110.714 14 NAVIGATION 16 2 895.40625 122.5 0. 903.747009 86 65 65 0 0 0
110.722 14 GPS 3 36118319 481371795 936 217537 1273 -33 0 8339720 31 0
110.724 14 SVINFO 5 12 1 5 35 16 325
110.771 14 DATALINK_REPORT 1 16 3302 543 0 0
110.772 14 DESIRED -0.000644 -0.003834 0. 1357.504639 93.274117 215. -0.079757 13.
110.772 14 NAVIGATION 16 2 898.4375 122.5 0. 903.747009 86 65 65 0 0 0
110.772 14 ESTIMATOR 217.569733 -0.33
110.873 14 CIRCLE 1402.660034 27.23632 80.
110.873 14 AIRSPEED 12.8 0. 0. 0.
110.873 14 ATTITUDE -0.001473 1.763603 -0.004125
110.955 14 NAVIGATION 16 2 898.4375 122.5 0. 906.750366 87 66 66 0 0 0
110.973 14 FBW_STATUS 2 0 1 12.5 0.383643
110.973 14 GPS 3 36118625 481371775 936 217499 1274 -38 0 8339960 31 0
110.973 14 SVINFO 6 13 1 6 36 59 16
111.071 14 GPS_SOL 335 335 335 7
111.173 14 AUTOPILOT_VERSION 51500 v5.15_devel-179-g9a29798-dirty
111.173 14 CALIBRATION -19.636217 0
111.173 14 DL_VALUE 25 0.
111.173 14 WP_MOVED 14 360300.6875 4813575.5 260. 31
111.213 14 NAVIGATION 16 2 901.5 122.5 0. 909.784851 87 66 66 0 0 0
111.221 14 GPS 3 36118981 481371752 936 217455 1276 -25 0 8340240 31 0
111.272 14 IR_SENSORS 0 0 22 -17 264
111.272 14 ESTIMATOR 217.410599 -0.25
111.371 14 ATTITUDE -0.001473 1.762491 -0.004125
111.454 14 NAVIGATION 16 2 905.0625 122. 0. 913.248108 87 66 66 0 0 0
111.471 14 ENERGY 29 12.5 0.394018 4.92523 0.081631 1.020365
111.472 14 GPS 3 36119287 481371733 936 217418 1277 -30 0 8340480 31 0
111.671 14 WP_MOVED 15 360297.6875 4813554.5 260. 31
111.722 14 NAVIGATION 16 2 908.125 122. 0. 916.283264 87 66 66 0 0 0
111.723 14 GPS 3 36119593 481371714 935 217384 1279 -31 0 8340720 31 0
111.724 14 SVINFO 2 9 1 2 33 66 176
111.772 14 NAVIGATION 16 2 911.15625 121.5 0. 916.283264 87 66 66 0 0 0
111.773 14 ESTIMATOR 217.314941 -0.31
111.822 14 DESIRED 0.000369 -0.003396 0. 1357.748413 93.440117 215. -0.070982 13.
111.873 14 AIRSPEED 12.8 0. 0. 0.
111.873 14 ATTITUDE -0.001473 1.761043 -0.004125
111.922 14 CIRCLE 1402.660034 27.23632 80.
111.955 14 NAVIGATION 16 2 911.15625 121.5 0. 919.221375 88 67 67 0 0 0
111.972 14 GPS 3 36119900 481371695 935 217351 1281 -45 0 8340960 31 0
111.972 14 SVINFO 3 10 1 3 34 23 226
112.154 14 FBW_STATUS 2 0 1 12.5 0.414427
112.171 14 WP_MOVED 16 360683.46875 4813622.5 215. 31
112.216 14 NAVIGATION 16 2 914.25 121.5 0. 922.288086 88 67 67 0 0 0
112.222 14 GPS 3 36120259 481371673 934 217316 1284 -44 0 8341240 31 0
112.223 14 SVINFO 4 11 1 4 35 0 276
112.271 14 ESTIMATOR 217.195709 -0.44
112.371 14 ATTITUDE -0.001473 1.758956 -0.000365
112.455 14 NAVIGATION 16 2 917.84375 121.5 0. 925.850647 88 67 67 0 0 0
112.472 14 IR_SENSORS 0 0 23 -17 264
112.472 14 GPS 3 36120567 481371654 934 217289 1286 -39 0 8341480 31 0
112.473 14 SVINFO 5 12 1 5 36 19 326
112.572 14 ENERGY 31 12.5 0.427228 5.340347 0.082383 1.029763
112.671 14 DL_VALUE 26 160.
112.672 14 WP_MOVED 17 360654.59375 4813624.5 215. 31
112.719 14 NAVIGATION 16 2 920.9375 121. 0. 928.852478 88 67 67 0 0 0
112.721 14 GPS 3 36120876 481371636 934 217266 1289 -32 0 8341720 31 0
112.721 14 SVINFO 6 13 1 6 37 62 17
112.771 14 NAVIGATION 16 2 924. 121. 0. 928.852478 88 67 67 0 0 0
112.772 14 ESTIMATOR 217.098419 -0.32
112.872 14 DESIRED 0.00142 -0.002967 0. 1357.941406 93.570633 215. -0.064139 13.
112.873 14 AIRSPEED 12.8 0. 0. 0.
112.873 14 ATTITUDE 0.0023 1.757784 -0.004125
112.955 14 NAVIGATION 16 2 924. 121. 0. 931.888916 89 68 68 0 0 0
112.973 14 FBW_STATUS 2 0 1 12.5 0.43732
112.973 14 CIRCLE 1402.660034 27.23632 80.
112.973 14 GPS 3 36121185 481371617 934 217246 1291 -32 0 8341960 31 0
112.974 14 SVINFO 0 7 0 0 32 73 77
113.055 14 COMMANDS 3102,-4,-30,0
113.071 14 NAVIGATION_REF 360284 4813595 31 185.
113.072 14 GPS_SOL 345 345 345 7
113.171 14 WP_MOVED 18 360289. 4813605. 220. 31
113.224 14 NAVIGATION 16 2 927.09375 120.5 0. 934.892029 89 68 68 0 0 0
113.224 14 GPS 3 36121547 481371596 934 217228 1295 -19 0 8342240 31 0
113.224 14 SVINFO 1 8 0 1 33 89 127
113.272 14 COMMANDS 3116,-7,14,0
113.272 14 CALIBRATION -54.051315 0
113.272 14 ESTIMATOR 217.05629 -0.19
113.372 14 STATE_FILTER_STATUS 2 3 302
113.372 14 ATTITUDE 0.0023 1.757385 -0.004125
113.455 14 NAVIGATION 16 2 930.71875 120.5 0. 938.486877 89 68 68 0 0 0
113.472 14 GPS 3 36121858 481371577 934 217217 1297 -2 0 8342480 31 0
113.571 14 PPRZ_MODE 2 3 2 2 0 6
113.671 14 ALIVE 101,248,228,24,166,140,12,35,201,240,56,234,1,216,147,12
113.671 14 IR_SENSORS 0 0 22 -16 264
113.672 14 ENERGY 32 12.5 0.44186 5.523252 0.083187 1.039814
113.672 14 WP_MOVED 19 360289. 4813610. 500. 31
113.723 14 NAVIGATION 16 2 933.8125 120.5 0. 941.555115 89 68 68 0 0 0
113.723 14 GPS 3 36122169 481371558 934 217208 1299 -3 0 8342720 31 0
113.770 14 NAVIGATION 16 2 936.9375 120. 0. 941.555115 89 68 68 0 0 0
113.770 14 ESTIMATOR 217.096008 -0.03
113.871 14 AIRSPEED 12.8 0. 0. 0.
113.872 14 ATTITUDE 0.0023 1.757624 -0.000365
113.922 14 DESIRED 0.00144 -0.002854 0. 1358.214966 93.754265 215. -0.061869 13.
113.955 14 NAVIGATION 16 2 936.9375 120. 0. 944.59082 90 69 69 0 0 0
113.972 14 GPS 3 36122481 481371539 935 217203 1300 -6 0 8342960 31 0
114.022 14 CIRCLE 1402.660034 27.23632 80.
114.155 14 FBW_STATUS 2 0 1 12.5 0.440986
114.171 14 DL_VALUE 27 0.
114.172 14 WP_MOVED 20 360289. 4813620. 300. 31
114.223 14 NAVIGATION 16 2 940.0625 120. 0. 947.690613 90 69 69 0 0 0
114.224 14 GPS 3 36122845 481371516 935 217200 1301 -9 0 8343240 31 0
114.271 14 ESTIMATOR 217.127869 -0.09
114.372 14 ATTITUDE 0.0023 1.758369 -0.004125
114.455 14 NAVIGATION 16 2 943.6875 119.5 0. 951.223633 90 69 69 0 0 0
114.471 14 GPS 3 36123157 481371497 935 217199 1302 -20 0 8343480 31 0
114.671 14 WP_MOVED 21 360289. 4813625. 400. 31
114.725 14 NAVIGATION 16 2 946.8125 119.5 0. 954.323914 90 69 69 0 0 0
114.725 14 GPS 3 36123469 481371478 935 217199 1302 -7 0 8343720 31 0
114.771 14 ENERGY 32 12.5 0.444659 5.558243 0.083997 1.049947
114.771 14 NAVIGATION 16 2 949.9375 119.5 0. 954.323914 90 69 69 0 0 0
114.771 14 ESTIMATOR 217.110153 -0.07
114.873 14 IR_SENSORS 0 0 22 -16 264
114.873 14 AIRSPEED 12.8 0. 0. 0.
114.873 14 ATTITUDE 0.0023 1.758724 -0.004125
114.955 14 NAVIGATION 16 2 949.9375 119.5 0. 957.424438 91 70 70 0 0 0
114.972 14 FBW_STATUS 2 0 1 12.5 0.444659
114.972 14 DESIRED 0.000485 -0.002926 0. 1358.527222 93.961815 215. -0.063305 13.
114.972 14 GPS 3 36123781 481371458 935 217199 1303 -18 0 8343960 31 0
115.072 14 GPS_SOL 356 356 356 7
115.072 14 CIRCLE 1402.660034 27.23632 80.
115.172 14 WP_MOVED 22 360289. 4813645. 250. 31
115.228 14 NAVIGATION 16 2 953.0625 119. 0. 960.462952 91 70 70 0 0 0
115.229 14 GPS 3 36124145 481371435 935 217202 1304 -5 0 8344240 31 0
115.229 14 SVINFO 2 9 0 2 34 61 178
115.272 14 ESTIMATOR 217.10762 -0.05
115.372 14 CALIBRATION -58.313763 0
115.372 14 ATTITUDE -0.001473 1.758364 -0.004125
115.455 14 NAVIGATION 16 2 956.6875 118.5 0. 963.998596 91 70 70 0 0 0
115.471 14 GPS 3 36124458 481371416 935 217204 1304 -5 0 8344480 31 0
115.472 14 SVINFO 3 10 1 3 35 17 228
115.672 14 DL_VALUE 28 0.32
115.672 14 WP_MOVED 0 360326. 4813637. 260. 31
115.727 14 NAVIGATION 16 2 959.8125 118.5 0. 967.099976 91 70 70 0 0 0
115.728 14 GPS 3 36124770 481371397 935 217208 1304 -5 0 8344720 31 0
115.729 14 SVINFO 4 11 0 4 36 0 278
115.773 14 NAVIGATION 16 2 962.9375 118.5 0. 967.099976 91 70 70 0 0 0
115.774 14 ESTIMATOR 217.13562 -0.05
115.872 14 DATALINK_REPORT 6 16 3436 561 0 0
115.872 14 ENERGY 32 12.5 0.446411 5.580136 0.084816 1.060179
115.873 14 AIRSPEED 12.8 0. 0. 0.
115.873 14 ATTITUDE -0.001473 1.757631 -0.004125
115.955 14 NAVIGATION 16 2 962.9375 118.5 0. 970.201477 92 71 71 0 0 0
115.971 14 GPS 3 36125083 481371378 934 217212 1305 -6 0 8344960 31 0
115.972 14 SVINFO 5 12 1 5 37 24 328
116.021 14 DESIRED 0.000461 -0.00305 0. 1358.767578 94.120201 215. -0.064069 13.
116.071 14 IR_SENSORS 0 0 22 -17 264
116.122 14 CIRCLE 1402.660034 27.23632 80.
116.155 14 FBW_STATUS 2 0 1 12.5 0.446236
116.172 14 WP_MOVED 1 360284. 4813595. 260. 31
116.230 14 NAVIGATION 16 2 966.09375 118.5 0. 973.334167 92 71 71 0 0 0
116.231 14 GPS 3 36125448 481371356 934 217218 1305 -10 0 8345240 31 0
116.231 14 SVINFO 6 13 1 6 38 67 19
116.271 14 ESTIMATOR 217.153336 -0.1
116.372 14 ATTITUDE -0.001473 1.75641 -0.000365
116.454 14 NAVIGATION 16 2 969.71875 118. 0. 976.871765 92 71 71 0 0 0
116.472 14 GPS 3 36125761 481371337 934 217222 1305 -2 0 8345480 31 0
116.472 14 SVINFO 0 7 0 0 33 78 79
116.672 14 WP_MOVED 2 360333.5 4813695. 260. 31
116.704 14 NAVIGATION 16 2 972.84375 118. 0. 979.973938 92 71 71 0 0 0
116.735 14 GPS 3 36126073 481371319 934 217228 1305 2 0 8345720 31 0
116.738 14 SVINFO 1 8 1 1 34 88 129
116.771 14 NAVIGATION 16 2 975.96875 118. 0. 979.973938 92 71 71 0 0 0
116.772 14 ESTIMATOR 217.168106 0.02
116.872 14 AIRSPEED 12.8 0. 0. 0.
116.872 14 ATTITUDE -0.001473 1.755936 -0.004125
116.955 14 NAVIGATION 16 2 975.96875 118. 0. 983.076294 93 72 72 0 0 0
116.972 14 FBW_STATUS 2 0 1 12.5 0.442909
116.972 14 ENERGY 32 12.5 0.442909 5.536367 0.085633 1.070395
116.972 14 GPS 3 36126386 481371300 933 217233 1305 -10 0 8345960 31 0
116.973 14 SVINFO 2 9 1 2 35 58 179
117.071 14 GPS_SOL 367 367 367 7
117.072 14 DESIRED 0.001395 -0.003099 0. 1359.099121 94.336586 215. -0.065043 13.
117.171 14 DL_VALUE 29 0.
117.171 14 CIRCLE 1402.660034 27.23632 80.
117.172 14 WP_MOVED 3 360294.09375 4813785. 260. 31
117.205 14 NAVIGATION 16 2 979.09375 117.5 0. 986.11908 93 72 72 0 0 0
117.233 14 GPS 3 36126751 481371278 933 217239 1305 -22 0 8346240 31 0
117.272 14 IR_SENSORS 0 0 23 -17 264
117.273 14 ESTIMATOR 217.182907 -0.22
117.371 14 ATTITUDE -0.001473 1.75523 -0.004125
117.454 14 NAVIGATION 16 2 982.78125 117. 0. 989.721191 93 72 72 0 0 0
117.472 14 CALIBRATION -59.399826 0
117.472 14 GPS 3 36127064 481371260 933 217244 1305 -15 0 8346480 31 0
117.472 14 SVINFO 4 11 0 4 37 0 279
117.671 14 WP_MOVED 4 360416.3125 4813734. 260. 31
117.704 14 NAVIGATION 16 2 985.875 117. 0. 992.793274 93 72 72 0 0 0
117.729 14 GPS 3 36127376 481371242 933 217249 1305 -7 0 8346720 31 0
117.730 14 SVINFO 5 12 1 5 38 27 329
117.772 14 NAVIGATION 16 2 989. 117. 0. 992.793274 93 72 72 0 0 0
117.772 14 ESTIMATOR 217.15332 -0.07
117.871 14 AIRSPEED 12.8 0. 0. 0.
117.872 14 ATTITUDE -0.001473 1.754785 -0.000365
117.955 14 NAVIGATION 16 2 989. 117. 0. 995.896606 94 73 73 0 0 0
117.971 14 GPS 3 36127689 481371224 933 217255 1306 -3 0 8346960 31 0
117.972 14 SVINFO 6 13 0 6 39 70 20
118.055 14 COMMANDS 3156,20,-32,0
118.071 14 ENERGY 32 12.5 0.449392 5.617401 0.086456 1.080672
118.122 14 DESIRED 0.001243 -0.003077 0. 1359.374146 94.514374 215. -0.0646 13.
118.155 14 FBW_STATUS 2 0 1 12.5 0.449216
118.173 14 WP_MOVED 5 360421. 4813583.5 260. 31
118.205 14 NAVIGATION 16 2 992.125 117. 0. 999. 94 73 73 0 0 0
118.242 14 CIRCLE 1402.660034 27.23632 80.
118.242 14 GPS 3 36128055 481371202 932 217262 1306 -22 0 8347240 31 0
118.271 14 COMMANDS 3173,24,12,0
118.271 14 ESTIMATOR 217.185425 -0.22
118.372 14 STATE_FILTER_STATUS 2 3 302
118.372 14 ATTITUDE 0.0023 1.753894 -0.004125
118.454 14 NAVIGATION 16 2 995.8125 116.5 0. 1002.604004 94 73 73 0 0 0
118.473 14 IR_SENSORS 0 0 22 -17 264
118.473 14 GPS 3 36128368 481371184 932 217268 1306 -25 0 8347480 31 0
118.571 14 PPRZ_MODE 2 3 2 2 0 6
118.672 14 ALIVE 101,248,228,24,166,140,12,35,201,240,56,234,1,216,147,12
118.672 14 DL_VALUE 30 0.01
118.672 14 WP_MOVED 6 360164.8125 4813664.5 260. 31
118.705 14 NAVIGATION 16 2 998.9375 116.5 0. 1005.707886 94 73 73 0 0 0
118.743 14 GPS 3 36128681 481371167 932 217275 1307 -23 0 8347720 31 0
118.773 14 NAVIGATION 16 2 1002.0625 116. 0. 1005.707886 94 73 73 0 0 0
118.775 14 ESTIMATOR 217.147415 -0.23
118.872 14 AIRSPEED 12.8 0. 0. 0.
118.872 14 ATTITUDE -0.001473 1.753486 -0.000365
118.955 14 NAVIGATION 16 2 1002.0625 116. 0. 1008.754333 95 74 74 0 0 0
118.972 14 FBW_STATUS 2 0 1 12.5 0.462949
118.973 14 GPS 3 36128994 481371149 932 217283 1308 3 0 8347960 31 0
118.974 14 SVINFO 3 10 0 3 36 13 230
119.071 14 GPS_SOL 380 380 380 7
119.171 14 ENERGY 33 12.5 0.458009 5.72511 0.087292 1.091129
119.172 14 DESIRED 0.001496 -0.003068 0. 1359.668579 94.702873 215. -0.064422 13.
119.173 14 WP_MOVED 7 360558.40625 4813804.5 260. 31
119.205 14 NAVIGATION 16 2 1005.15625 116. 0. 1011.827576 95 74 74 0 0 0
119.230 14 GPS 3 36129360 481371128 932 217293 1309 -7 0 8348240 31 0
119.272 14 CIRCLE 1402.660034 27.23632 80.
119.272 14 ESTIMATOR 217.184555 -0.07
119.357 14 WIND_INFO 14 5 -0.2 1.7 0. 12.8
119.372 14 ATTITUDE -0.001473 1.752799 -0.004125
119.455 14 NAVIGATION 16 2 1008.84375 116. 0. 1015.490845 95 74 74 0 0 0
119.471 14 GPS 3 36129674 481371110 932 217303 1309 -3 0 8348480 31 0
119.572 14 CALIBRATION -65.982162 0
119.672 14 IR_SENSORS 0 0 22 -17 264
119.673 14 WP_MOVED 8 361680.28125 4813542.5 215. 31
119.705 14 NAVIGATION 16 2 1011.96875 115.5 0. 1018.538635 95 74 74 0 0 0
119.737 14 GPS 3 36129988 481371092 932 217313 1309 -27 0 8348720 31 0
119.771 14 NAVIGATION 16 2 1015.125 115.5 0. 1018.538635 95 74 74 0 0 0
119.772 14 ESTIMATOR 217.22493 -0.27
119.872 14 AIRSPEED 12.8 0. 0. 0.
119.872 14 ATTITUDE -0.001473 1.7522 -0.000365
119.955 14 NAVIGATION 16 2 1015.125 115.5 0. 1021.674622 96 75 75 0 0 0
119.971 14 GPS 3 36130302 481371075 931 217324 1310 -26 0 8348960 31 0
119.971 14 SVINFO 0 7 0 0 34 82 81
120.155 14 FBW_STATUS 2 0 1 12.5 0.467901
120.172 14 DL_VALUE 31 0.1
120.172 14 WP_MOVED 9 360312.8125 4813652. 185. 31
120.205 14 NAVIGATION 16 2 1018.28125 115. 0. 1024.754517 96 75 75 0 0 0
120.236 14 DESIRED 0.001868 -0.003061 0. 1360.102783 94.9776 215. -0.066007 13.
120.236 14 GPS 3 36130668 481371055 931 217338 1311 -24 0 8349240 31 0
120.237 14 SVINFO 1 8 0 1 35 86 131
120.272 14 ENERGY 34 12.5 0.469495 5.868687 0.088138 1.101708
120.272 14 ESTIMATOR 217.187332 -0.24
120.322 14 CIRCLE 1402.660034 27.23632 80.
120.371 14 ATTITUDE -0.001473 1.751272 -0.004125
120.455 14 NAVIGATION 16 2 1021.9375 115. 0. 1028.387695 96 75 75 0 0 0
120.471 14 GPS 3 36130983 481371037 931 217351 1312 -31 0 8349480 31 0
120.472 14 SVINFO 2 9 0 2 36 51 181
120.672 14 WP_MOVED 10 361686.65625 4813622. 215. 31
120.705 14 NAVIGATION 16 2 1025.09375 115. 0. 1031.524292 96 75 75 0 0 0
120.739 14 GPS 3 36131298 481371020 931 217365 1313 -29 0 8349720 31 0
120.740 14 SVINFO 3 10 1 3 37 11 231
120.772 14 NAVIGATION 16 2 1028.21875 114.5 0. 1031.524292 96 75 75 0 0 0
120.772 14 ESTIMATOR 217.173538 -0.29
120.871 14 IR_SENSORS 0 0 22 -17 264
120.872 14 AIRSPEED 12.8 0. 0. 0.
120.872 14 ATTITUDE -0.001473 1.750785 -0.004125
120.955 14 NAVIGATION 16 2 1028.21875 114.5 0. 1034.574341 97 76 76 0 0 0
120.971 14 DATALINK_REPORT 2 17 3570 561 0 0
120.971 14 FBW_STATUS 2 0 1 12.5 0.484254
120.971 14 GPS 3 36131613 481371003 931 217381 1314 -33 0 8349960 31 0
120.972 14 SVINFO 4 11 1 4 38 1 281
121.072 14 GPS_SOL 393 393 393 7
121.171 14 WP_MOVED 11 360169.5 4813757.5 260. 31
121.204 14 NAVIGATION 16 2 1031.375 114.5 0. 1037.711304 97 76 76 0 0 0
121.239 14 GPS 3 36131981 481370983 931 217401 1317 -32 0 8350240 31 0
121.239 14 SVINFO 5 12 1 5 39 33 331
121.273 14 DESIRED 0.002362 -0.003106 0. 1360.53479 95.247055 215. -0.06519 13.
121.273 14 ESTIMATOR 217.170273 -0.32
121.372 14 ENERGY 35 12.5 0.49409 6.17612 0.089021 1.112742
121.372 14 CIRCLE 1402.660034 27.23632 80.
121.372 14 ATTITUDE -0.001473 1.749929 -0.004125
121.455 14 NAVIGATION 16 2 1035.0625 114.5 0. 1041.376343 97 76 76 0 0 0
121.473 14 GPS 3 36132297 481370965 931 217421 1318 -13 0 8350480 31 0
121.474 14 SVINFO 6 13 1 6 40 75 22
121.671 14 CALIBRATION -90.036301 0
121.671 14 DL_VALUE 32 0.
121.671 14 WP_MOVED 12 360287.59375 4813581. 260. 31
121.705 14 NAVIGATION 16 2 1038.21875 114.5 0. 1044.513428 97 76 76 0 0 0
121.739 14 GPS 3 36132613 481370948 930 217444 1320 0 0 8350720 31 0
121.773 14 NAVIGATION 16 2 1041.375 114. 0. 1044.513428 97 76 76 0 0 0
121.774 14 ESTIMATOR 217.220169 0.
121.871 14 AIRSPEED 12.8 0. 0. 0.
121.871 14 ATTITUDE 0.0023 1.74924 -0.004125
121.955 14 NAVIGATION 16 2 1041.375 114. 0. 1047.596191 98 77 77 0 0 0
121.971 14 GPS 3 36132930 481370931 930 217469 1321 -18 0 8350960 31 0
122.072 14 NAVIGATION_REF 360284 4813595 31 185.
122.072 14 IR_SENSORS 0 0 22 -16 264
122.155 14 FBW_STATUS 2 0 1 12.5 0.496421
122.171 14 WP_MOVED 13 360311.5 4813547. 260. 31
122.205 14 NAVIGATION 16 2 1044.53125 114. 0. 1050.733765 98 77 77 0 0 0
122.243 14 GPS 3 36133300 481370911 930 217500 1323 -22 0 8351240 31 0
122.272 14 AUTOPILOT_VERSION 51500 v5.15_devel-179-g9a29798-dirty
122.272 14 ESTIMATOR 217.306152 -0.22
122.322 14 DESIRED 0.002467 -0.003187 0. 1361.001465 95.533928 215. -0.068523 13.
122.372 14 ATTITUDE 0.0023 1.74874 -0.000365
122.421 14 CIRCLE 1402.660034 27.23632 80.
122.454 14 NAVIGATION 16 2 1048.25 113.5 0. 1054.376709 98 77 77 0 0 0
122.471 14 ENERGY 35 12.5 0.500372 6.254653 0.08993 1.1241
122.472 14 GPS 3 36133617 481370894 930 217528 1324 -26 0 8351480 31 0
122.672 14 WP_MOVED 14 360300.6875 4813575.5 260. 31
122.705 14 NAVIGATION 16 2 1051.40625 113.5 0. 1057.514771 98 77 77 0 0 0
122.739 14 GPS 3 36133935 481370877 931 217558 1325 -29 0 8351720 31 0
122.740 14 SVINFO 4 11 1 4 39 2 282
122.772 14 NAVIGATION 16 2 1054.625 113.5 0. 1057.514771 98 77 77 0 0 0
122.773 14 ESTIMATOR 217.334564 -0.29
122.872 14 AIRSPEED 12.8 0. 0. 0.
122.872 14 ATTITUDE 0.0023 1.749009 -0.004125
122.955 14 NAVIGATION 16 2 1054.625 113.5 0. 1060.714966 99 78 78 0 0 0
122.971 14 FBW_STATUS 2 0 1 12.5 0.510823
122.972 14 GPS 3 36134253 481370859 931 217590 1326 -46 0 8351960 31 0
122.972 14 SVINFO 5 12 1 5 40 36 332
123.055 14 COMMANDS 3534,0,10,0
123.072 14 GPS_SOL 407 407 407 7
123.172 14 DL_VALUE 33 0.15
123.172 14 WP_MOVED 15 360297.6875 4813554.5 260. 31
123.204 14 NAVIGATION 16 2 1057.78125 113. 0. 1063.799805 99 78 78 0 0 0
123.243 14 GPS 3 36134624 481370839 931 217629 1328 -38 0 8352240 31 0
123.244 14 SVINFO 6 13 1 6 41 77 23
123.271 14 COMMANDS 3567,-7,-34,0
123.271 14 IR_SENSORS 0 0 23 -16 264
123.271 14 ESTIMATOR 217.333542 -0.38
123.372 14 STATE_FILTER_STATUS 2 3 302
123.373 14 DESIRED 0.001274 -0.00328 0. 1361.415039 95.784462 215. -0.07039 13.
123.373 14 ATTITUDE 0.0023 1.749734 -0.004125
123.455 14 NAVIGATION 16 2 1061.5 113. 0. 1067.497681 99 78 78 0 0 0
123.472 14 CIRCLE 1402.660034 27.23632 80.
123.472 14 GPS 3 36134943 481370821 931 217665 1330 -10 0 8352480 31 0
123.473 14 SVINFO 0 7 0 0 35 85 83
123.572 14 PPRZ_MODE 2 3 2 2 0 6
123.572 14 ENERGY 37 12.5 0.524411 6.555137 0.090872 1.135884
123.671 14 ALIVE 101,248,228,24,166,140,12,35,201,240,56,234,1,216,147,12
123.672 14 WP_MOVED 16 360683.46875 4813622.5 215. 31
123.705 14 NAVIGATION 16 2 1064.6875 112.5 0. 1070.614624 99 78 78 0 0 0
123.746 14 GPS 3 36135262 481370803 932 217703 1332 12 0 8352720 31 0
123.747 14 SVINFO 1 8 0 1 36 83 133
123.771 14 CALIBRATION -109.253838 0
123.771 14 NAVIGATION 16 2 1067.875 112.5 0. 1070.614624 99 78 78 0 0 0
123.772 14 ESTIMATOR 217.420746 0.12
123.871 14 AIRSPEED 12.8 0. 0. 0.
123.872 14 ATTITUDE 0.0023 1.750063 -0.000365
123.955 14 NAVIGATION 16 2 1067.875 112.5 0. 1073.784546 100 79 79 0 0 0
123.971 14 GPS 3 36135582 481370785 932 217744 1333 -3 0 8352960 31 0
123.971 14 SVINFO 2 9 1 2 37 45 183
124.156 14 FBW_STATUS 2 0 1 12.5 0.518241
124.171 14 WP_MOVED 17 360654.59375 4813624.5 215. 31
124.206 14 NAVIGATION 16 2 1071.09375 112.5 0. 1076.985718 100 79 79 0 0 0
124.245 14 GPS 3 36135955 481370764 932 217794 1334 6 0 8353240 31 0
124.245 14 SVINFO 3 10 1 3 38 7 233
124.272 14 ESTIMATOR 217.589371 0.06
124.371 14 ATTITUDE 0.0023 1.75047 -0.004125
124.422 14 DESIRED -2.5e-05 -0.00355 0. 1361.962402 96.110878 215. -0.075783 13.
124.454 14 NAVIGATION 16 2 1074.8125 112. 0. 1080.632202 100 79 79 0 0 0
124.471 14 IR_SENSORS 0 0 23 -16 264
124.472 14 GPS 3 36136274 481370746 932 217837 1334 -21 0 8353480 31 0
124.522 14 CIRCLE 1402.660034 27.23632 80.
124.670 14 DL_VALUE 34 0.05
124.671 14 ENERGY 36 12.5 0.518422 6.480279 0.091823 1.147767
124.671 14 WP_MOVED 18 360289. 4813605. 220. 31
124.705 14 NAVIGATION 16 2 1077.96875 112. 0. 1083.771484 100 79 79 0 0 0
124.746 14 GPS 3 36136594 481370728 932 217882 1334 -28 0 8353720 31 0
124.772 14 NAVIGATION 16 2 1081.15625 111.5 0. 1083.771484 100 79 79 0 0 0
124.772 14 ESTIMATOR 217.681122 -0.28
124.872 14 AIRSPEED 12.8 0. 0. 0.
124.872 14 ATTITUDE -0.001473 1.750279 -0.004125
124.955 14 NAVIGATION 16 2 1081.15625 111.5 0. 1086.890625 101 80 80 0 0 0
124.972 14 FBW_STATUS 2 0 1 12.5 0.524229
124.972 14 GPS 3 36136914 481370710 932 217927 1334 -27 0 8353960 31 0
125.072 14 GPS_SOL 421 421 421 7
125.172 14 WP_MOVED 19 360289. 4813610. 500. 31
125.205 14 NAVIGATION 16 2 1084.375 111.5 0. 1090.092407 101 80 80 0 0 0
125.254 14 GPS 3 36137287 481370689 932 217979 1335 -34 0 8354240 31 0
125.255 14 SVINFO 0 7 0 0 36 86 84
125.270 14 ESTIMATOR 217.71582 -0.34
125.371 14 ATTITUDE -0.001473 1.749649 -0.004125
125.455 14 NAVIGATION 16 2 1088.125 111.5 0. 1093.822754 101 80 80 0 0 0
125.473 14 DESIRED -0.000544 -0.00392 0. 1362.65686 96.516495 215. -0.081475 13.
125.473 14 GPS 3 36137608 481370671 931 218025 1336 -33 0 8354480 31 0
125.474 14 SVINFO 1 8 1 1 37 81 134
125.572 14 CIRCLE 1402.660034 27.23632 80.
125.672 14 IR_SENSORS 0 0 22 -17 264
125.673 14 WP_MOVED 20 360289. 4813620. 300. 31
125.705 14 NAVIGATION 16 2 1091.34375 111. 0. 1096.974121 101 80 80 0 0 0
125.723 14 GPS 3 36137928 481370654 931 218073 1337 -18 0 8354720 31 0
125.723 14 SVINFO 2 9 1 2 38 42 184
125.773 14 ENERGY 38 12.5 0.538812 6.735154 0.092794 1.159898
125.773 14 NAVIGATION 16 2 1094.53125 111. 0. 1096.974121 101 80 80 0 0 0
125.773 14 ESTIMATOR 217.758408 -0.18
125.871 14 CALIBRATION -121.197464 0
125.871 14 AIRSPEED 12.8 0. 0. 0.
125.871 14 ATTITUDE -0.001473 1.748506 -0.004125
125.955 14 NAVIGATION 16 2 1094.53125 111. 0. 1100.145264 102 81 81 0 0 0
125.972 14 GPS 3 36138249 481370636 931 218121 1339 -13 0 8354960 31 0
125.972 14 SVINFO 3 10 1 3 39 5 234
126.072 14 DATALINK_REPORT 7 17 3706 569 0 0
126.155 14 FBW_STATUS 2 0 1 12.5 0.540825
126.172 14 DL_VALUE 35 0.
126.173 14 WP_MOVED 21 360289. 4813625. 400. 31
126.205 14 NAVIGATION 16 2 1097.71875 110.5 0. 1103.266357 102 81 81 0 0 0
126.221 14 GPS 3 36138624 481370616 930 218181 1340 -16 0 8355240 31 0
126.222 14 SVINFO 4 11 1 4 40 5 284
126.271 14 ESTIMATOR 217.887238 -0.16
126.371 14 ATTITUDE -0.005245 1.746342 -0.004125
126.455 14 NAVIGATION 16 2 1101.5 110.5 0. 1107.028687 102 81 81 0 0 0
126.471 14 GPS 3 36138946 481370599 929 218233 1341 5 0 8355480 31 0
126.472 14 SVINFO 5 12 1 5 41 42 334
126.521 14 DESIRED -5.5e-05 -0.003785 0. 1363.211304 96.833725 215. -0.086617 13.
126.621 14 CIRCLE 1402.660034 27.23632 80.
126.672 14 WP_MOVED 22 360289. 4813645. 250. 31
126.705 14 NAVIGATION 16 2 1104.6875 110.5 0. 1110.200317 102 81 81 0 0 0
126.721 14 GPS 3 36139267 481370583 929 218287 1342 27 0 8355720 31 0
126.722 14 SVINFO 6 13 1 6 42 81 25
126.773 14 NAVIGATION 16 2 1107.9375 110.5 0. 1110.200317 102 81 81 0 0 0
126.773 14 ESTIMATOR 218.043182 0.27
126.871 14 IR_SENSORS 0 0 22 -18 264
126.871 14 ENERGY 37 12.5 0.52823 6.602878 0.093781 1.172247
126.872 14 AIRSPEED 12.8 0. 0. 0.
126.872 14 ATTITUDE -0.005245 1.744449 -0.004125
126.954 14 NAVIGATION 16 2 1107.9375 110.5 0. 1113.434204 103 82 82 0 0 0
126.972 14 FBW_STATUS 2 0 1 12.5 0.524229
126.972 14 GPS 3 36139589 481370567 928 218342 1342 33 0 8355960 31 0
127.072 14 GPS_SOL 436 436 436 7
127.171 14 WP_MOVED 0 360326. 4813637. 260. 31
127.205 14 NAVIGATION 16 2 1111.125 110. 0. 1116.556641 103 82 82 0 0 0
127.222 14 GPS 3 36139964 481370548 928 218406 1340 22 0 8356240 31 0
127.271 14 ESTIMATOR 218.292038 0.22
127.372 14 ATTITUDE -0.001473 1.742553 -0.004125
127.455 14 NAVIGATION 16 2 1114.875 110. 0. 1120.288452 103 82 82 0 0 0
127.471 14 GPS 3 36140285 481370533 927 218460 1338 21 0 8356480 31 0
127.572 14 DESIRED 0.001499 -0.004785 0. 1363.92981 97.236084 215. -0.098761 13.
127.672 14 DL_VALUE 36 0.
127.672 14 CIRCLE 1402.660034 27.23632 80.
127.672 14 WP_MOVED 1 360284. 4813595. 260. 31
127.704 14 NAVIGATION 16 2 1118.09375 110. 0. 1123.491699 103 82 82 0 0 0
127.721 14 GPS 3 36140605 481370517 927 218511 1336 16 0 8356720 31 0
127.722 14 SVINFO 3 10 1 3 40 4 235
127.772 14 NAVIGATION 16 2 1121.28125 110. 0. 1123.491699 103 82 82 0 0 0
127.772 14 ESTIMATOR 218.449753 0.16
127.872 14 AIRSPEED 12.8 0. 0. 0.
127.872 14 ATTITUDE -0.001473 1.741831 -0.004125
127.955 14 NAVIGATION 16 2 1121.28125 110. 0. 1126.66394 104 83 83 0 0 0
127.971 14 CALIBRATION -96.391403 0
127.971 14 ENERGY 35 12.5 0.492835 6.160441 0.094713 1.183897
127.971 14 GPS 3 36140925 481370502 927 218560 1334 -12 0 8356960 31 0
127.972 14 SVINFO 4 11 0 4 41 7 285
128.056 14 COMMANDS 3418,0,-9,0
128.072 14 IR_SENSORS 0 0 22 -16 264
128.155 14 FBW_STATUS 2 0 1 12.5 0.496062
128.172 14 WP_MOVED 2 360333.5 4813695. 260. 31
128.205 14 NAVIGATION 16 2 1124.5 109.5 0. 1129.818848 104 83 83 0 0 0
128.222 14 GPS 3 36141298 481370484 927 218614 1331 -21 0 8357240 31 0
128.222 14 SVINFO 5 12 0 5 42 45 335
128.271 14 COMMANDS 3427,-6,-10,0
128.271 14 ESTIMATOR 218.512802 -0.21
128.371 14 STATE_FILTER_STATUS 2 3 302
128.372 14 ATTITUDE 0.0023 1.741726 -0.004125
128.455 14 NAVIGATION 16 2 1128.21875 109.5 0. 1133.52002 104 83 83 0 0 0
128.471 14 GPS 3 36141617 481370469 927 218656 1330 -9 0 8357480 31 0
128.472 14 SVINFO 6 13 1 6 43 83 26
128.572 14 PPRZ_MODE 2 3 2 2 0 6
128.622 14 DESIRED 0.001878 -0.005116 0. 1364.71582 97.665291 215. -0.105384 13.
128.672 14 ALIVE 101,248,228,24,166,140,12,35,201,240,56,234,1,216,147,12
128.672 14 WP_MOVED 3 360294.09375 4813785. 260. 31
128.705 14 NAVIGATION 16 2 1131.40625 109. 0. 1136.644653 104 83 83 0 0 0
128.721 14 CIRCLE 1402.660034 27.23632 80.
128.722 14 GPS 3 36141935 481370454 926 218696 1329 -10 0 8357720 31 0
128.722 14 SVINFO 0 7 0 0 37 88 86
128.771 14 NAVIGATION 16 2 1134.625 109. 0. 1136.644653 104 83 83 0 0 0
128.771 14 ESTIMATOR 218.541504 -0.1
128.872 14 AIRSPEED 12.8 0. 0. 0.
128.874 14 ATTITUDE 0.0023 1.741579 -0.004125
128.955 14 NAVIGATION 16 2 1134.625 109. 0. 1139.848633 105 84 84 0 0 0
128.971 14 FBW_STATUS 2 0 1 12.5 0.497318
128.972 14 GPS 3 36142254 481370440 926 218734 1328 6 0 8357960 31 0
128.973 14 SVINFO 1 8 0 1 38 77 136
129.070 14 GPS_SOL 451 451 451 7
129.070 14 ENERGY 35 12.5 0.493731 6.171641 0.095624 1.195286
129.172 14 DL_VALUE 37 0.
129.172 14 WP_MOVED 4 360416.3125 4813734. 260. 31
129.205 14 NAVIGATION 16 2 1137.8125 109. 0. 1143.021484 105 84 84 0 0 0
129.222 14 GPS 3 36142625 481370422 926 218776 1327 -18 0 8358240 31 0
129.222 14 SVINFO 2 9 0 2 39 36 186
129.272 14 IR_SENSORS 0 0 22 -16 264
129.273 14 ESTIMATOR 218.635864 -0.18
129.358 14 WIND_INFO 14 5 -0.2 1.6 0. 12.8
129.371 14 ATTITUDE 0.0023 1.741392 -0.004125
129.454 14 NAVIGATION 16 2 1141.5 109. 0. 1146.692261 105 84 84 0 0 0
129.471 14 GPS 3 36142944 481370407 926 218810 1327 -19 0 8358480 31 0
129.672 14 DESIRED 0.00138 -0.005214 0. 1365.576904 98.122406 215. -0.109076 13.
129.672 14 WP_MOVED 5 360421. 4813583.5 260. 31
129.705 14 NAVIGATION 16 2 1144.6875 108.5 0. 1149.818115 105 84 84 0 0 0
129.722 14 GPS 3 36143262 481370393 926 218843 1327 -13 0 8358720 31 0
129.772 14 CIRCLE 1402.660034 27.23632 80.
129.772 14 NAVIGATION 16 2 1147.875 108.5 0. 1149.818115 105 84 84 0 0 0
129.772 14 ESTIMATOR 218.662201 -0.13
129.872 14 AIRSPEED 12.8 0. 0. 0.
129.873 14 ATTITUDE 0.0023 1.734023 -0.004125
129.955 14 NAVIGATION 16 2 1147.875 108.5 0. 1152.991455 106 85 85 0 0 0
129.971 14 GPS 3 36143580 481370378 926 218875 1327 -11 0 8358960 31 0
130.073 14 CALIBRATION -97.989578 0
130.155 14 FBW_STATUS 2 0 1 12.5 0.496601
130.172 14 ENERGY 35 12.5 0.496601 6.207508 0.096533 1.206642
130.172 14 WP_MOVED 6 360164.8125 4813664.5 260. 31
130.205 14 NAVIGATION 16 2 1151.0625 108. 0. 1156.118042 106 85 85 0 0 0
130.222 14 GPS 3 36143951 481370361 926 218911 1327 7 0 8359240 31 0
130.272 14 ESTIMATOR 218.728394 0.07
130.372 14 ATTITUDE 0.0023 1.733695 -0.004125
130.455 14 NAVIGATION 16 2 1154.78125 108. 0. 1159.820557 106 85 85 0 0 0
130.472 14 IR_SENSORS 0 0 22 -16 264
130.472 14 GPS 3 36144269 481370346 926 218941 1327 21 0 8359480 31 0
130.472 14 SVINFO 0 7 0 0 38 89 87
130.671 14 DL_VALUE 38 0.
130.672 14 WP_MOVED 7 360558.40625 4813804.5 260. 31
130.705 14 NAVIGATION 16 2 1157.9375 108. 0. 1162.963135 106 85 85 0 0 0
130.723 14 DESIRED -0.000773 -0.005454 0. 1366.669556 98.683434 215. -0.113881 13.
130.723 14 GPS 3 36144587 481370331 926 218970 1326 16 0 8359720 31 0
130.723 14 SVINFO 1 8 1 1 39 75 137
130.773 14 NAVIGATION 16 2 1161.125 108. 0. 1162.963135 106 85 85 0 0 0
130.773 14 ESTIMATOR 218.879745 0.16
130.822 14 CIRCLE 1402.660034 27.23632 80.
130.871 14 AIRSPEED 12.8 0. 0. 0.
130.872 14 ATTITUDE 0.0023 1.733843 -0.004125
130.954 14 NAVIGATION 16 2 1161.125 108. 0. 1166.136841 107 86 86 0 0 0
130.971 14 FBW_STATUS 2 0 1 12.5 0.474285
130.971 14 GPS 3 36144905 481370317 926 218998 1325 19 0 8359960 31 0
130.972 14 SVINFO 2 9 1 2 40 33 187
131.071 14 NAVIGATION_REF 360284 4813595 31 185.
131.072 14 GPS_SOL 467 467 467 7
131.171 14 DATALINK_REPORT 2 18 3839 551 0 0
131.172 14 WP_MOVED 8 361680.28125 4813542.5 215. 31
131.205 14 NAVIGATION 16 2 1164.28125 107.5 0. 1169.233521 107 86 86 0 0 0
131.221 14 GPS 3 36145275 481370300 926 219027 1322 12 0 8360240 31 0
131.222 14 SVINFO 3 10 1 3 41 1 237
131.273 14 ENERGY 33 12.5 0.465954 5.824426 0.097415 1.217665
131.273 14 ESTIMATOR 218.997543 0.12
131.372 14 ATTITUDE 0.0023 1.73389 -0.004125
131.455 14 NAVIGATION 16 2 1168. 107.5 0. 1172.936646 107 86 86 0 0 0
131.473 14 GPS 3 36145592 481370285 926 219049 1321 17 0 8360480 31 0
131.473 14 SVINFO 4 11 1 4 42 11 287
131.672 14 IR_SENSORS 0 0 22 -17 264
131.673 14 WP_MOVED 9 360312.8125 4813652. 185. 31
131.705 14 NAVIGATION 16 2 1171.15625 107. 0. 1176.034058 107 86 86 0 0 0
131.721 14 GPS 3 36145908 481370271 926 219068 1319 12 0 8360720 31 0
131.722 14 SVINFO 5 12 1 5 43 51 337
131.771 14 DESIRED -0.003009 -0.005896 0. 1367.60437 99.14669 215. -0.120992 13.
131.771 14 NAVIGATION 16 2 1174.34375 107. 0. 1176.034058 107 86 86 0 0 0
131.771 14 ESTIMATOR 219.073608 0.12
131.872 14 CIRCLE 1402.660034 27.23632 80.
131.873 14 AIRSPEED 12.8 0. 0. 0.
131.873 14 ATTITUDE -0.001473 1.73384 -0.007888
131.955 14 NAVIGATION 16 2 1174.34375 107. 0. 1179.208374 108 87 87 0 0 0
131.971 14 GPS 3 36146224 481370256 925 219084 1317 24 0 8360960 31 0
131.971 14 SVINFO 6 13 1 6 44 86 28
132.155 14 FBW_STATUS 2 0 1 12.5 0.440986
132.171 14 CALIBRATION -65.139473 0
132.171 14 DL_VALUE 39 0.
132.171 14 WP_MOVED 10 361686.65625 4813622. 215. 31
132.205 14 NAVIGATION 16 2 1177.5 107. 0. 1182.351562 108 87 87 0 0 0
132.222 14 GPS 3 36146592 481370240 925 219097 1314 30 0 8361240 31 0
132.274 14 ESTIMATOR 219.142746 0.3
132.371 14 ENERGY 31 12.5 0.432615 5.407691 0.098242 1.228001
132.372 14 ATTITUDE -0.001473 1.733188 -0.007888
132.455 14 NAVIGATION 16 2 1181.15625 107. 0. 1185.99292 108 87 87 0 0 0
132.471 14 GPS 3 36146907 481370226 925 219105 1312 26 0 8361480 31 0
132.672 14 WP_MOVED 11 360169.5 4813757.5 260. 31
132.705 14 NAVIGATION 16 2 1184.34375 107. 0. 1189.167358 108 87 87 0 0 0
132.721 14 GPS 3 36147221 481370213 924 219109 1309 28 0 8361720 31 0
132.722 14 SVINFO 2 9 1 2 41 30 188
132.772 14 NAVIGATION 16 2 1187.4375 106.5 0. 1189.167358 108 87 87 0 0 0
132.773 14 ESTIMATOR 219.216568 0.28
132.821 14 DESIRED -0.002375 -0.005737 0. 1368.939453 99.78231 215. -0.125663 13.
132.871 14 IR_SENSORS 0 0 21 -18 264
132.871 14 AIRSPEED 12.8 0. 0. 0.
132.871 14 ATTITUDE -0.005245 1.732255 -0.007888
132.922 14 CIRCLE 1402.660034 27.23632 80.
132.955 14 NAVIGATION 16 2 1187.4375 106.5 0. 1192.203857 109 88 88 0 0 0
132.971 14 FBW_STATUS 2 0 1 12.5 0.410637
132.972 14 GPS 3 36147534 481370199 924 219109 1306 30 0 8361960 31 0
132.972 14 SVINFO 3 10 1 3 42 1 238
133.054 14 COMMANDS 2908,13,25,0
133.071 14 GPS_SOL 483 483 483 7
133.173 14 WP_MOVED 12 360287.59375 4813581. 260. 31
133.205 14 NAVIGATION 16 2 1190.625 106.5 0. 1195.378662 109 88 88 0 0 0
133.222 14 GPS 3 36147899 481370184 923 219105 1301 34 0 8362240 31 0
133.222 14 SVINFO 4 11 1 4 43 13 288
133.275 14 COMMANDS 2855,18,-20,0
133.276 14 ESTIMATOR 219.261734 0.34
133.371 14 AUTOPILOT_VERSION 51500 v5.15_devel-179-g9a29798-dirty
133.371 14 STATE_FILTER_STATUS 2 3 304
133.372 14 ATTITUDE -0.005245 1.7306 -0.004125
133.455 14 NAVIGATION 16 2 1194.25 106.5 0. 1198.989258 109 88 88 0 0 0
133.472 14 ENERGY 29 12.5 0.39044 4.8805 0.098997 1.237444
133.472 14 GPS 3 36148210 481370172 922 219097 1299 30 0 8362480 31 0
133.473 14 SVINFO 5 12 1 5 44 55 338
133.571 14 PPRZ_MODE 2 3 2 2 0 6
133.673 14 ALIVE 101,248,228,24,166,140,12,35,201,240,56,234,1,216,147,12
133.673 14 DL_VALUE 40 0.
133.673 14 WP_MOVED 13 360311.5 4813547. 260. 31
133.706 14 NAVIGATION 16 2 1197.34375 106.5 0. 1202.070801 109 88 88 0 0 0
133.722 14 GPS 3 36148521 481370160 922 219084 1295 29 0 8362720 31 0
133.722 14 SVINFO 6 13 1 6 45 87 29
133.772 14 NAVIGATION 16 2 1200.4375 106.5 0. 1202.070801 109 88 88 0 0 0
133.772 14 ESTIMATOR 219.287247 0.29
133.872 14 DESIRED -0.002079 -0.00627 0. 1370.260742 100.381958 215. -0.128476 13.
133.872 14 AIRSPEED 12.8 0. 0. 0.
133.872 14 ATTITUDE -0.001473 1.729714 -0.004125
133.955 14 NAVIGATION 16 2 1200.4375 106.5 0. 1205.152466 110 89 89 0 0 0
133.972 14 CIRCLE 1402.660034 27.23632 80.
133.973 14 GPS 3 36148830 481370148 921 219067 1291 18 0 8362960 31 0
133.973 14 SVINFO 0 7 0 0 39 89 89
134.071 14 IR_SENSORS 0 0 22 -17 264
134.156 14 FBW_STATUS 2 0 1 12.5 0.368442
134.173 14 WP_MOVED 14 360300.6875 4813575.5 260. 31
134.205 14 NAVIGATION 16 2 1203.5625 106. 0. 1208.221313 110 89 89 0 0 0
134.222 14 GPS 3 36149191 481370134 921 219041 1285 12 0 8363240 31 0
134.222 14 SVINFO 1 8 0 1 40 70 139
134.277 14 CALIBRATION -14.610984 0
134.278 14 ESTIMATOR 219.255371 0.12
134.371 14 ATTITUDE -0.001473 1.729009 -0.007888
134.455 14 NAVIGATION 16 2 1207.15625 106. 0. 1211.80127 110 89 89 0 0 0
134.472 14 GPS 3 36149499 481370123 921 219012 1283 -4 0 8363480 31 0
134.572 14 ENERGY 27 12.5 0.363572 4.544644 0.099681 1.246
134.672 14 WP_MOVED 15 360297.6875 4813554.5 260. 31
134.704 14 NAVIGATION 16 2 1210.25 105.5 0. 1214.8396 110 89 89 0 0 0
134.722 14 GPS 3 36149806 481370112 920 218978 1280 10 0 8363720 31 0
134.775 14 NAVIGATION 16 2 1213.34375 105.5 0. 1214.8396 110 89 89 0 0 0
134.776 14 ESTIMATOR 219.146759 0.1
134.871 14 AIRSPEED 12.8 0. 0. 0.
134.872 14 ATTITUDE -0.001473 1.728468 -0.007888
134.921 14 DESIRED -0.00436 -0.005776 0. 1371.574219 100.94976 215. -0.126454 13.
134.955 14 NAVIGATION 16 2 1213.34375 105.5 0. 1217.921753 111 90 90 0 0 0
134.971 14 FBW_STATUS 2 0 1 12.5 0.356208
134.972 14 GPS 3 36150112 481370101 920 218940 1278 28 0 8363960 31 0
135.023 14 CIRCLE 1402.660034 27.23632 80.
135.072 14 GPS_SOL 499 499 499 7
135.173 14 DL_VALUE 41 0.
135.173 14 WP_MOVED 16 360683.46875 4813622.5 215. 31
135.205 14 NAVIGATION 16 2 1216.375 105.5 0. 1220.94165 111 90 90 0 0 0
135.221 14 GPS 3 36150469 481370089 919 218891 1274 33 0 8364240 31 0
135.277 14 IR_SENSORS 0 0 22 -18 264
135.278 14 ESTIMATOR 219.107361 0.33
135.371 14 ATTITUDE -0.001473 1.726966 -0.004125
135.455 14 NAVIGATION 16 2 1219.9375 105.5 0. 1224.490845 111 90 90 0 0 0
135.472 14 GPS 3 36150775 481370078 919 218846 1272 20 0 8364480 31 0
135.670 14 ENERGY 25 12.5 0.332492 4.156153 0.100322 1.254001
135.671 14 WP_MOVED 17 360654.59375 4813624.5 215. 31
135.705 14 NAVIGATION 16 2 1223. 105.5 0. 1227.541992 111 90 90 0 0 0
135.722 14 GPS 3 36151079 481370068 918 218796 1269 18 0 8364720 31 0
135.723 14 SVINFO 0 7 0 0 40 89 90
135.780 14 NAVIGATION 16 2 1226.0625 105.5 0. 1227.541992 111 90 90 0 0 0
135.781 14 ESTIMATOR 219.06015 0.18
135.871 14 AIRSPEED 12.8 0. 0. 0.
135.871 14 ATTITUDE -0.005245 1.725934 -0.004125
135.955 14 NAVIGATION 16 2 1226.0625 105.5 0. 1230.59314 112 91 91 0 0 0
135.971 14 DESIRED -0.003933 -0.005544 0. 1373.862549 101.873482 215. -0.121804 13.
135.972 14 GPS 3 36151383 481370059 918 218742 1266 18 0 8364960 31 0
135.972 14 SVINFO 1 8 1 1 41 67 140
136.071 14 CIRCLE 1402.660034 27.23632 80.
136.155 14 FBW_STATUS 2 0 1 12.5 0.320189
136.171 14 WP_MOVED 18 360289. 4813605. 220. 31
136.206 14 NAVIGATION 16 2 1229.09375 105. 0. 1233.570679 112 91 91 0 0 0
136.222 14 GPS 3 36151737 481370048 917 218674 1262 4 0 8365240 31 0
136.223 14 SVINFO 2 9 0 2 42 24 190
136.286 14 DATALINK_REPORT 7 18 3974 571 0 0
136.286 14 ESTIMATOR 218.95845 0.04
136.371 14 CALIBRATION 20.997568 0
136.371 14 ATTITUDE -0.005245 1.723899 -0.004125
136.455 14 NAVIGATION 16 2 1232.625 105. 0. 1237.089111 112 91 91 0 0 0
136.471 14 IR_SENSORS 0 0 21 -18 264
136.472 14 GPS 3 36152039 481370039 916 218611 1260 9 0 8365480 31 0
136.474 14 SVINFO 3 10 1 3 43 0 240
136.671 14 DL_VALUE 42 0.6
136.672 14 WP_MOVED 19 360289. 4813610. 500. 31
136.705 14 NAVIGATION 16 2 1235.65625 105. 0. 1240.109375 112 91 91 0 0 0
136.721 14 GPS 3 36152341 481370031 915 218544 1258 6 0 8365720 31 0
136.722 14 SVINFO 4 11 1 4 44 17 290
136.777 14 ENERGY 24 12.5 0.313178 3.914727 0.10091 1.26136
136.778 14 NAVIGATION 16 2 1238.65625 104.5 0. 1240.109375 112 91 91 0 0 0
136.778 14 ESTIMATOR 218.807846 0.06
136.872 14 AIRSPEED 12.8 0. 0. 0.
136.872 14 ATTITUDE -0.005245 1.722202 -0.004125
136.955 14 NAVIGATION 16 2 1238.65625 104.5 0. 1243.056519 113 92 92 0 0 0
136.971 14 FBW_STATUS 2 0 1 12.5 0.309928
136.971 14 GPS 3 36152642 481370023 915 218474 1256 6 0 8365960 31 0
136.972 14 SVINFO 5 12 1 5 45 61 340
137.022 14 DESIRED -0.006237 -0.005165 0. 1375.594604 102.51886 215. -0.114235 13.
137.073 14 GPS_SOL 515 515 515 7
137.123 14 CIRCLE 1402.660034 27.23632 80.
137.171 14 WP_MOVED 20 360289. 4813620. 300. 31
137.205 14 NAVIGATION 16 2 1241.65625 104.5 0. 1246.045898 113 92 92 0 0 0
137.221 14 GPS 3 36152993 481370014 913 218389 1253 2 0 8366240 31 0
137.222 14 SVINFO 6 13 0 6 46 89 31
137.283 14 ESTIMATOR 218.655899 0.02
137.371 14 ATTITUDE -0.005245 1.71944 -0.004125
137.455 14 NAVIGATION 16 2 1245.15625 104.5 0. 1249.533691 113 92 92 0 0 0
137.472 14 GPS 3 36153294 481370007 913 218312 1252 -1 0 8366480 31 0
137.671 14 IR_SENSORS 0 0 22 -18 264
137.672 14 WP_MOVED 21 360289. 4813625. 400. 31
137.705 14 NAVIGATION 16 2 1248.21875 104.5 0. 1252.585449 113 92 92 0 0 0
137.722 14 GPS 3 36153594 481370000 912 218233 1250 0 0 8366720 31 0
137.722 14 SVINFO 1 8 1 1 42 65 141
137.784 14 NAVIGATION 16 2 1251.15625 104.5 0. 1252.585449 113 92 92 0 0 0
137.793 14 ESTIMATOR 218.482468 0.
137.871 14 ENERGY 23 12.5 0.303124 3.789055 0.101473 1.268399
137.871 14 AIRSPEED 12.8 0. 0. 0.
137.871 14 ATTITUDE -0.005245 1.717436 -0.004125
137.955 14 NAVIGATION 16 2 1251.15625 104.5 0. 1255.512695 114 93 93 0 0 0
137.971 14 GPS 3 36153894 481369994 911 218151 1249 1 0 8366960 31 0
137.972 14 SVINFO 2 9 1 2 43 21 191
138.055 14 COMMANDS 2280,22,43,0
138.071 14 DESIRED -0.006063 -0.004677 0. 1377.966064 103.329735 215. -0.104474 13.
138.155 14 FBW_STATUS 2 0 1 12.5 0.300864
138.172 14 DL_VALUE 43 12000.
138.172 14 CIRCLE 1402.660034 27.23632 80.
138.173 14 WP_MOVED 22 360289. 4813645. 250. 31
138.204 14 NAVIGATION 16 2 1254.21875 104.5 0. 1258.564575 114 93 93 0 0 0
138.221 14 GPS 3 36154243 481369988 910 218054 1247 -6 0 8367240 31 0
138.222 14 SVINFO 3 10 0 3 44 0 241
138.282 14 COMMANDS 2278,-5,-5,0
138.282 14 ESTIMATOR 218.310944 -0.06
138.372 14 STATE_FILTER_STATUS 2 3 304
138.372 14 ATTITUDE -0.005245 1.713961 -0.004125
138.455 14 NAVIGATION 16 2 1257.6875 104.5 0. 1262.021484 114 93 93 0 0 0
138.472 14 CALIBRATION 37.435032 0
138.472 14 GPS 3 36154542 481369983 909 217968 1247 -11 0 8367480 31 0
138.473 14 SVINFO 4 11 1 4 45 20 291
138.571 14 PPRZ_MODE 2 3 2 2 0 6
138.672 14 ALIVE 101,248,228,24,166,140,12,35,201,240,56,234,1,216,147,12
138.672 14 WP_MOVED 0 360326. 4813637. 260. 31
138.706 14 NAVIGATION 16 2 1260.6875 104.5 0. 1265.011108 114 93 93 0 0 0
138.721 14 GPS 3 36154842 481369978 909 217881 1246 -15 0 8367720 31 0
138.722 14 SVINFO 5 12 1 5 46 63 341
138.783 14 NAVIGATION 16 2 1263.65625 104.5 0. 1265.011108 114 93 93 0 0 0
138.784 14 ESTIMATOR 218.106262 -0.15
138.872 14 IR_SENSORS 0 0 22 -18 264
138.872 14 AIRSPEED 12.8 0. 0. 0.
138.872 14 ATTITUDE -0.005245 1.711957 -0.004125
138.954 14 NAVIGATION 16 2 1263.65625 104.5 0. 1267.969727 115 94 94 0 0 0
138.971 14 FBW_STATUS 2 0 1 12.5 0.304418
138.972 14 ENERGY 23 12.5 0.304418 3.805226 0.102027 1.275322
138.973 14 GPS 3 36155141 481369973 908 217793 1246 -8 0 8367960 31 0
139.071 14 GPS_SOL 531 531 531 7
139.121 14 DESIRED -0.00602 -0.004113 0. 1380.698975 104.162987 215. -0.093188 13.
139.173 14 WP_MOVED 1 360284. 4813595. 260. 31
139.205 14 NAVIGATION 16 2 1266.65625 104.5 0. 1270.959595 115 94 94 0 0 0
139.222 14 CIRCLE 1402.660034 27.23632 80.
139.222 14 GPS 3 36155490 481369969 907 217690 1246 -1 0 8368240 31 0
139.222 14 SVINFO 0 7 0 0 41 89 92
139.288 14 ESTIMATOR 217.903915 -0.01
139.359 14 WIND_INFO 14 5 -0.1 2. 0. 12.6
139.372 14 ATTITUDE -0.005245 1.709273 -0.004125
139.454 14 NAVIGATION 16 2 1270.125 104.5 0. 1274.416626 115 94 94 0 0 0
139.471 14 GPS 3 36155789 481369965 907 217601 1246 -5 0 8368480 31 0
139.671 14 DL_VALUE 44 1.5
139.672 14 WP_MOVED 2 360333.5 4813695. 260. 31
139.705 14 NAVIGATION 16 2 1273.125 104. 0. 1277.365723 115 94 94 0 0 0
139.721 14 GPS 3 36156088 481369961 906 217512 1246 -16 0 8368720 31 0
139.789 14 NAVIGATION 16 2 1276.125 104. 0. 1277.365723 115 94 94 0 0 0
139.789 14 ESTIMATOR 217.734695 -0.16
139.870 14 AIRSPEED 12.6 0. 0. 0.
139.870 14 ATTITUDE -0.005245 1.739695 -0.004125
139.955 14 NAVIGATION 16 2 1276.125 104. 0. 1280.355835 116 95 95 0 0 0
139.971 14 GPS 3 36156387 481369958 905 217422 1246 -15 0 8368960 31 0
140.072 14 NAVIGATION_REF 360284 4813595 31 185.
140.072 14 IR_SENSORS 0 0 22 -18 264
140.073 14 ENERGY 24 12.5 0.306846 3.835581 0.102585 1.282288
140.155 14 FBW_STATUS 2 0 1 12.5 0.307333
140.172 14 DESIRED -0.009724 -0.003556 0. 1383.636353 104.941528 215. -0.082041 13.
140.173 14 WP_MOVED 3 360294.09375 4813785. 260. 31
140.206 14 NAVIGATION 16 2 1279.125 104. 0. 1283.345947 116 95 95 0 0 0
140.221 14 GPS 3 36156736 481369955 904 217318 1246 -18 0 8369240 31 0
140.285 14 CIRCLE 1402.660034 27.23632 80.
140.285 14 ESTIMATOR 217.51796 -0.18
140.371 14 ATTITUDE -0.009014 1.736482 -0.004125
140.455 14 NAVIGATION 16 2 1282.625 104. 0. 1286.834473 116 95 95 0 0 0
140.472 14 GPS 3 36157036 481369953 903 217229 1247 6 0 8369480 31 0
140.572 14 CALIBRATION 35.862095 0
140.672 14 WP_MOVED 4 360416.3125 4813734. 260. 31
140.705 14 NAVIGATION 16 2 1285.625 104. 0. 1289.824707 116 95 95 0 0 0
140.721 14 GPS 3 36157335 481369952 902 217141 1247 -8 0 8369720 31 0
140.722 14 SVINFO 6 13 1 6 47 89 33
140.788 14 NAVIGATION 16 2 1288.625 104. 0. 1289.824707 116 95 95 0 0 0
140.789 14 ESTIMATOR 217.352234 -0.08
140.871 14 AIRSPEED 12.6 0. 0. 0.
140.871 14 ATTITUDE -0.009014 1.733637 -0.004125
140.955 14 NAVIGATION 16 2 1288.625 104. 0. 1292.814941 117 96 96 0 0 0
140.972 14 FBW_STATUS 2 0 1 12.5 0.30863
140.972 14 GPS 3 36157635 481369951 901 217054 1247 2 0 8369960 31 0
140.973 14 SVINFO 0 7 0 0 42 88 93
141.072 14 GPS_SOL 546 546 546 7
141.173 14 DL_VALUE 45 1250.
141.173 14 ENERGY 24 12.5 0.306198 3.827481 0.10315 1.289349
141.173 14 WP_MOVED 5 360421. 4813583.5 260. 31
141.205 14 NAVIGATION 16 2 1291.625 104. 0. 1295.805176 117 96 96 0 0 0
141.222 14 DESIRED -0.011315 -0.002452 0. 1388.298096 105.936592 215. -0.067822 13.
141.222 14 GPS 3 36157984 481369950 900 216952 1248 2 0 8370240 31 0
141.223 14 SVINFO 1 8 1 1 43 59 143
141.297 14 IR_SENSORS 0 0 22 -19 264
141.300 14 ESTIMATOR 217.185104 0.02
141.323 14 CIRCLE 1402.660034 27.23632 80.
141.371 14 DATALINK_REPORT 2 19 4110 560 0 0
141.371 14 ATTITUDE -0.009014 1.728994 -0.004125
141.455 14 NAVIGATION 16 2 1295.09375 104. 0. 1299.262817 117 96 96 0 0 0
141.473 14 GPS 3 36158283 481369950 899 216867 1247 7 0 8370480 31 0
141.473 14 SVINFO 2 9 1 2 44 16 193
141.672 14 WP_MOVED 6 360164.8125 4813664.5 260. 31
141.705 14 NAVIGATION 16 2 1298.09375 104. 0. 1302.253174 117 96 96 0 0 0
141.722 14 GPS 3 36158583 481369951 898 216781 1247 7 0 8370720 31 0
141.723 14 SVINFO 3 10 1 3 45 0 243
141.795 14 NAVIGATION 16 2 1301.09375 104. 0. 1302.253174 117 96 96 0 0 0
141.797 14 ESTIMATOR 217.036301 0.07
141.871 14 AIRSPEED 12.6 0. 0. 0.
141.871 14 ATTITUDE -0.012781 1.725494 -0.004125
141.955 14 NAVIGATION 16 2 1301.09375 104. 0. 1305.243652 118 97 97 0 0 0
141.971 14 GPS 3 36158882 481369953 896 216696 1246 21 0 8370960 31 0
141.972 14 SVINFO 4 11 0 4 46 26 293
