100.033 14 FBW_STATUS 2 0 1 12.5 0.452202
100.050 14 DL_VALUE 15 0.
100.050 14 CIRCLE 1402.660034 27.23632 80.
100.050 14 WP_MOVED 7 360558.40625 4813804.5 260. 31
100.084 14 NAVIGATION 16 2 924.375 120.5 0. 932.195984 89 68 68 0 0 0
100.130 14 GPS 3 36121279 481371608 934 216340 1306 -14 0 8760240 31 0
100.150 14 ESTIMATOR 216.26442 -0.14
100.249 14 ATTITUDE 0.0023 1.771935 -0.004125
100.333 14 NAVIGATION 16 2 928.0625 120.5 0. 935.852661 89 68 68 0 0 0
100.349 14 CALIBRATION -59.168709 0
100.349 14 GPS 3 36121592 481371590 934 216346 1306 -7 0 8760480 31 0
100.550 14 WP_MOVED 8 361680.28125 4813542.5 215. 31
100.586 14 NAVIGATION 16 2 931.15625 120.5 0. 938.920776 89 68 68 0 0 0
100.608 14 GPS 3 36121906 481371571 933 216352 1307 6 0 8760720 31 0
100.649 14 NAVIGATION 16 2 934.28125 120.5 0. 938.920776 89 68 68 0 0 0
100.649 14 ESTIMATOR 216.270172 0.06
100.750 14 IR_SENSORS 0 0 23 -17 264
100.751 14 AIRSPEED 12.6 0. 0. 0.
100.751 14 ATTITUDE -0.001473 1.771446 -0.000365
100.833 14 NAVIGATION 16 2 934.28125 120.5 0. 942.02002 90 69 69 0 0 0
100.853 14 FBW_STATUS 2 0 1 12.5 0.451323
100.853 14 GPS 3 36122219 481371553 933 216360 1307 -8 0 8760960 31 0
100.853 14 SVINFO 6 13 1 6 32 34 8
100.950 14 GPS_SOL 300 300 300 7
100.999 14 DESIRED 0.002143 -0.001666 0. 1358.227783 93.762779 215. -0.038105 13.
101.049 14 ENERGY 33 12.5 0.453784 5.672297 0.083136 1.03918
101.050 14 WP_MOVED 9 360312.8125 4813652. 185. 31
101.084 14 NAVIGATION 16 2 937.4375 120. 0. 945.086792 90 69 69 0 0 0
101.113 14 CIRCLE 1402.660034 27.23632 80.
101.114 14 GPS 3 36122585 481371531 933 216370 1308 -6 0 8761240 31 0
101.152 14 ESTIMATOR 216.306396 -0.06
101.251 14 ATTITUDE 0.0023 1.770743 -0.004125
101.333 14 NAVIGATION 16 2 941.09375 119.5 0. 948.650452 90 69 69 0 0 0
101.350 14 GPS 3 36122898 481371513 933 216379 1308 -2 0 8761480 31 0
101.551 14 DL_VALUE 16 80.
101.552 14 WP_MOVED 10 361686.65625 4813622. 215. 31
101.583 14 NAVIGATION 16 2 944.21875 119.5 0. 951.750671 90 69 69 0 0 0
101.641 14 GPS 3 36123211 481371494 933 216388 1308 -16 0 8761720 31 0
101.650 14 NAVIGATION 16 2 947.375 119.5 0. 951.750671 90 69 69 0 0 0
101.650 14 ESTIMATOR 216.329224 -0.16
101.749 14 AIRSPEED 12.6 0. 0. 0.
101.749 14 ATTITUDE 0.0023 1.7708 -0.000365
101.832 14 NAVIGATION 16 2 947.375 119.5 0. 954.882019 91 70 70 0 0 0
101.850 14 GPS 3 36123525 481371476 933 216397 1308 -29 0 8761960 31 0
101.933 14 COMMANDS 3225,-1,-16,0
101.950 14 IR_SENSORS 0 0 23 -16 264
102.034 14 FBW_STATUS 2 0 1 12.5 0.463302
102.050 14 DESIRED 0.002139 -0.001754 0. 1358.453735 93.91317 215. -0.039877 13.
102.050 14 WP_MOVED 11 360169.5 4813757.5 260. 31
102.083 14 NAVIGATION 16 2 950.5 119.5 0. 957.982544 91 70 70 0 0 0
102.100 14 GPS 3 36123891 481371454 933 216408 1309 -14 0 8762240 31 0
102.123 14 SVINFO 4 11 1 4 31 8 268
102.150 14 COMMANDS 3236,0,-16,0
102.150 14 ENERGY 33 12.5 0.463125 5.789068 0.083973 1.049639
102.150 14 CIRCLE 1402.660034 27.23632 80.
102.150 14 ESTIMATOR 216.286469 -0.14
102.250 14 STATE_FILTER_STATUS 2 3 303
102.251 14 ATTITUDE 0.0023 1.771097 -0.000365
102.333 14 NAVIGATION 16 2 954.15625 119. 0. 961.548279 91 70 70 0 0 0
102.349 14 GPS 3 36124205 481371436 933 216419 1309 -36 0 8762480 31 0
102.449 14 PPRZ_MODE 2 3 2 2 0 6
102.450 14 CALIBRATION -68.411568 0
102.550 14 ALIVE 101,248,228,24,166,140,12,35,201,240,56,234,1,216,147,12
102.551 14 WP_MOVED 12 360287.59375 4813581. 260. 31
102.584 14 NAVIGATION 16 2 957.28125 118.5 0. 964.58783 91 70 70 0 0 0
102.600 14 GPS 3 36124519 481371417 934 216430 1311 -18 0 8762720 31 0
102.649 14 NAVIGATION 16 2 960.4375 118.5 0. 964.58783 91 70 70 0 0 0
102.649 14 ESTIMATOR 216.262466 -0.18
102.751 14 AIRSPEED 12.6 0. 0. 0.
102.751 14 ATTITUDE 0.0023 1.771256 -0.000365
102.833 14 NAVIGATION 16 2 960.4375 118.5 0. 967.720215 92 71 71 0 0 0
102.850 14 FBW_STATUS 2 0 1 12.5 0.476239
102.851 14 GPS 3 36124833 481371398 934 216443 1312 -21 0 8762960 31 0
102.950 14 GPS_SOL 301 301 301 7
103.049 14 DL_VALUE 17 0.
103.051 14 WP_MOVED 13 360311.5 4813547. 260. 31
103.083 14 NAVIGATION 16 2 963.5625 118.5 0. 970.821777 92 71 71 0 0 0
103.100 14 DESIRED 0.001111 -0.001674 0. 1358.786499 94.132637 215. -0.038263 13.
103.100 14 GPS 3 36125201 481371376 934 216460 1314 -9 0 8763240 31 0
103.150 14 IR_SENSORS 0 0 23 -16 264
103.150 14 ESTIMATOR 216.283844 -0.09
103.200 14 CIRCLE 1402.660034 27.23632 80.
103.250 14 ENERGY 34 12.5 0.479797 5.997467 0.084842 1.060494
103.250 14 ATTITUDE 0.0023 1.771286 -0.004125
103.268 14 WIND_INFO 14 5 -0.2 1.7 0. 12.8
103.333 14 NAVIGATION 16 2 967.25 118.5 0. 974.481812 92 71 71 0 0 0
103.350 14 GPS 3 36125516 481371357 934 216476 1315 -21 0 8763480 31 0
103.551 14 WP_MOVED 14 360300.6875 4813575.5 260. 31
103.583 14 NAVIGATION 16 2 970.40625 118. 0. 977.55426 92 71 71 0 0 0
103.601 14 GPS 3 36125831 481371338 934 216495 1316 -27 0 8763720 31 0
103.601 14 SVINFO 3 10 0 3 31 44 219
103.650 14 NAVIGATION 16 2 973.5625 118. 0. 977.55426 92 71 71 0 0 0
103.651 14 ESTIMATOR 216.323349 -0.27
103.750 14 AIRSPEED 12.8 0. 0. 0.
103.750 14 ATTITUDE -0.001473 1.755026 -0.004125
103.834 14 NAVIGATION 16 2 973.5625 118. 0. 980.6875 93 72 72 0 0 0
103.850 14 GPS 3 36126147 481371320 934 216515 1318 -30 0 8763960 31 0
103.950 14 AUTOPILOT_VERSION 51500 v5.15_devel-179-g9a29798-dirty
104.031 14 FBW_STATUS 2 0 1 12.5 0.496421
104.050 14 WP_MOVED 15 360297.6875 4813554.5 260. 31
104.082 14 NAVIGATION 16 2 976.71875 118. 0. 983.820862 93 72 72 0 0 0
104.100 14 GPS 3 36126516 481371298 933 216541 1320 -22 0 8764240 31 0
104.100 14 SVINFO 5 12 0 5 32 4 319
104.153 14 DESIRED 0.001369 -0.00183 0. 1359.123169 94.352173 215. -0.039673 13.
104.154 14 ESTIMATOR 216.322876 -0.22
104.250 14 CIRCLE 1402.660034 27.23632 80.
104.250 14 ATTITUDE -0.001473 1.753944 -0.000365
104.333 14 NAVIGATION 16 2 980.40625 117.5 0. 987.422241 93 72 72 0 0 0
104.349 14 IR_SENSORS 0 0 23 -17 264
104.349 14 ENERGY 35 12.5 0.500732 6.25915 0.085741 1.071736
104.349 14 GPS 3 36126833 481371279 933 216565 1321 -7 0 8764480 31 0
104.450 14 DATALINK_REPORT 1 15 3064 540 0 0
104.552 14 CALIBRATION -89.200493 0
104.553 14 DL_VALUE 18 1.
104.553 14 WP_MOVED 16 360683.46875 4813622.5 215. 31
104.583 14 NAVIGATION 16 2 983.5625 117. 0. 990.496948 93 72 72 0 0 0
104.600 14 GPS 3 36127150 481371261 933 216592 1323 -1 0 8764720 31 0
104.650 14 NAVIGATION 16 2 986.78125 117. 0. 990.496948 93 72 72 0 0 0
104.651 14 ESTIMATOR 216.394897 -0.01
104.755 14 AIRSPEED 12.8 0. 0. 0.
104.756 14 ATTITUDE -0.001473 1.753239 -0.004125
104.833 14 NAVIGATION 16 2 986.78125 117. 0. 993.693237 94 73 73 0 0 0
104.850 14 FBW_STATUS 2 0 1 12.5 0.498037
104.851 14 GPS 3 36127467 481371242 933 216621 1324 -3 0 8764960 31 0
104.949 14 GPS_SOL 304 304 304 7
105.048 14 WP_MOVED 17 360654.59375 4813624.5 215. 31
105.083 14 NAVIGATION 16 2 989.9375 117. 0. 996.827576 94 73 73 0 0 0
105.099 14 GPS 3 36127837 481371221 933 216657 1325 6 0 8765240 31 0
105.149 14 ESTIMATOR 216.498459 0.06
105.198 14 DESIRED 0.001791 -0.001937 0. 1359.405884 94.534744 215. -0.043534 13.
105.248 14 ATTITUDE 0.0023 1.752274 -0.000365
105.301 14 CIRCLE 1402.660034 27.23632 80.
105.333 14 NAVIGATION 16 2 993.625 117. 0. 1000.489685 94 73 73 0 0 0
105.350 14 GPS 3 36128155 481371202 932 216688 1325 10 0 8765480 31 0
105.450 14 ENERGY 35 12.5 0.491582 6.144771 0.086652 1.08313
105.549 14 IR_SENSORS 0 0 23 -16 264
105.549 14 WP_MOVED 18 360289. 4813605. 220. 31
105.583 14 NAVIGATION 16 2 996.8125 116.5 0. 1003.597229 94 73 73 0 0 0
105.599 14 GPS 3 36128473 481371184 932 216721 1325 4 0 8765720 31 0
105.651 14 NAVIGATION 16 2 999.96875 116.5 0. 1003.597229 94 73 73 0 0 0
105.651 14 ESTIMATOR 216.618683 0.04
105.748 14 AIRSPEED 12.8 0. 0. 0.
105.749 14 ATTITUDE 0.0023 1.752002 -0.004125
105.832 14 NAVIGATION 16 2 999.96875 116.5 0. 1006.732239 95 74 74 0 0 0
105.849 14 GPS 3 36128790 481371166 932 216753 1324 8 0 8765960 31 0
106.032 14 FBW_STATUS 2 0 1 12.5 0.48461
106.050 14 DL_VALUE 19 0.
106.050 14 WP_MOVED 19 360289. 4813610. 500. 31
106.083 14 NAVIGATION 16 2 1003.15625 116. 0. 1009.84082 95 74 74 0 0 0
106.100 14 GPS 3 36129160 481371144 933 216791 1324 12 0 8766240 31 0
106.100 14 SVINFO 6 13 0 6 33 43 11
106.149 14 ESTIMATOR 216.709 0.12
106.250 14 DESIRED 0.001165 -0.002251 0. 1359.707642 94.727715 215. -0.049819 13.
106.250 14 ATTITUDE 0.0023 1.7525 -0.000365
106.333 14 NAVIGATION 16 2 1006.84375 116. 0. 1013.503967 95 74 74 0 0 0
106.350 14 CIRCLE 1402.660034 27.23632 80.
106.350 14 GPS 3 36129477 481371126 933 216822 1323 2 0 8766480 31 0
106.549 14 ENERGY 34 12.5 0.478907 5.986341 0.087541 1.094243
106.549 14 WP_MOVED 20 360289. 4813620. 300. 31
106.584 14 NAVIGATION 16 2 1010. 116. 0. 1016.639587 95 74 74 0 0 0
106.600 14 GPS 3 36129794 481371107 933 216853 1322 13 0 8766720 31 0
106.649 14 CALIBRATION -77.110939 0
106.649 14 NAVIGATION 16 2 1013.15625 115.5 0. 1016.639587 95 74 74 0 0 0
106.649 14 ESTIMATOR 216.787857 0.13
106.750 14 IR_SENSORS 0 0 23 -16 264
106.750 14 AIRSPEED 12.8 0. 0. 0.
106.751 14 ATTITUDE 0.0023 1.753273 -0.000365
106.835 14 NAVIGATION 16 2 1013.15625 115.5 0. 1019.718506 96 75 75 0 0 0
106.851 14 FBW_STATUS 2 0 1 12.5 0.472509
106.851 14 GPS 3 36130111 481371089 933 216882 1321 24 0 8766960 31 0
106.853 14 SVINFO 2 9 1 2 31 78 171
106.933 14 COMMANDS 3263,-13,20,0
106.949 14 GPS_SOL 308 308 308 7
107.050 14 WP_MOVED 21 360289. 4813625. 400. 31
107.083 14 NAVIGATION 16 2 1016.375 115.5 0. 1022.916626 96 75 75 0 0 0
107.099 14 GPS 3 36130480 481371067 933 216914 1319 15 0 8767240 31 0
107.151 14 COMMANDS 3238,-12,-25,0
107.153 14 ESTIMATOR 216.900772 0.15
107.268 14 STATE_FILTER_STATUS 2 3 302
107.269 14 ATTITUDE 0.0023 1.754297 -0.004125
107.301 14 DESIRED 0.000688 -0.002515 0. 1360.113525 94.984375 215. -0.055086 13.
107.335 14 NAVIGATION 16 2 1020.0625 115. 0. 1026.524536 96 75 75 0 0 0
107.350 14 GPS 3 36130795 481371048 934 216940 1318 -6 0 8767480 31 0
107.351 14 SVINFO 4 11 0 4 32 3 271
107.399 14 CIRCLE 1402.660034 27.23632 80.
107.481 14 PPRZ_MODE 2 3 2 2 0 6
107.551 14 ALIVE 101,248,228,24,166,140,12,35,201,240,56,234,1,216,147,12
107.554 14 DL_VALUE 20 0.
107.554 14 WP_MOVED 22 360289. 4813645. 250. 31
107.584 14 NAVIGATION 16 2 1023.21875 115. 0. 1029.660889 96 75 75 0 0 0
107.599 14 GPS 3 36131111 481371029 934 216964 1316 -6 0 8767720 31 0
107.599 14 SVINFO 5 12 1 5 33 7 321
107.655 14 ENERGY 33 12.5 0.462596 5.782445 0.088398 1.104953
107.656 14 NAVIGATION 16 2 1026.375 115. 0. 1029.660889 96 75 75 0 0 0
107.656 14 ESTIMATOR 216.934067 -0.06
107.749 14 AIRSPEED 12.8 0. 0. 0.
107.749 14 ATTITUDE -0.001473 1.754742 -0.004125
107.833 14 NAVIGATION 16 2 1026.375 115. 0. 1032.797485 97 76 76 0 0 0
107.850 14 GPS 3 36131426 481371011 933 216986 1315 10 0 8767960 31 0
107.850 14 SVINFO 6 13 1 6 34 46 12
107.949 14 NAVIGATION_REF 360284 4813595 31 185.
107.950 14 IR_SENSORS 0 0 23 -16 264
108.033 14 FBW_STATUS 2 0 1 12.5 0.457833
108.049 14 WP_MOVED 0 360326. 4813637. 260. 31
108.083 14 NAVIGATION 16 2 1029.5 114.5 0. 1035.847778 97 76 76 0 0 0
108.099 14 GPS 3 36131793 481370989 933 217009 1313 -5 0 8768240 31 0
108.150 14 ESTIMATOR 216.973526 -0.05
108.249 14 ATTITUDE 0.0023 1.754539 -0.000365
108.333 14 NAVIGATION 16 2 1033.15625 114.5 0. 1039.481689 97 76 76 0 0 0
108.350 14 DESIRED -6.5e-05 -0.002721 0. 1360.607788 95.292229 215. -0.059206 13.
108.350 14 GPS 3 36132108 481370971 933 217028 1313 15 0 8768480 31 0
108.508 14 CIRCLE 1402.660034 27.23632 80.
108.553 14 WP_MOVED 1 360284. 4813595. 260. 31
108.583 14 NAVIGATION 16 2 1036.34375 114.5 0. 1042.64978 97 76 76 0 0 0
108.599 14 GPS 3 36132422 481370952 933 217045 1312 16 0 8768720 31 0
108.649 14 NAVIGATION 16 2 1039.5 114. 0. 1042.64978 97 76 76 0 0 0
108.650 14 ESTIMATOR 217.02327 0.16
108.750 14 CALIBRATION -59.842907 0
108.751 14 ENERGY 32 12.5 0.448339 5.604242 0.089236 1.11543
108.751 14 AIRSPEED 12.8 0. 0. 0.
108.751 14 ATTITUDE -0.001473 1.754375 -0.004125
108.834 14 NAVIGATION 16 2 1039.5 114. 0. 1045.732422 98 77 77 0 0 0
108.848 14 FBW_STATUS 2 0 1 12.5 0.446061
108.849 14 GPS 3 36132789 481370931 933 217062 1310 21 0 8769000 31 0
108.849 14 SVINFO 3 10 1 3 32 34 222
108.953 14 GPS_SOL 313 313 313 7
109.049 14 DL_VALUE 21 0.
109.049 14 WP_MOVED 2 360333.5 4813695. 260. 31
109.089 14 NAVIGATION 16 2 1043.125 114. 0. 1049.335815 98 77 77 0 0 0
109.101 14 GPS 3 36133102 481370913 933 217075 1308 13 0 8769240 31 0
109.150 14 IR_SENSORS 0 0 22 -17 264
109.150 14 ESTIMATOR 217.105057 0.13
109.249 14 ATTITUDE -0.001473 1.754064 -0.004125
109.333 14 NAVIGATION 16 2 1046.28125 113.5 0. 1052.419434 98 77 77 0 0 0
109.348 14 GPS 3 36133416 481370894 933 217086 1307 3 0 8769480 31 0
109.399 14 DESIRED -0.00019 -0.003004 0. 1360.987671 95.525528 215. -0.063152 13.
109.503 14 CIRCLE 1402.660034 27.23632 80.
109.550 14 DATALINK_REPORT 6 15 3190 533 0 0
109.550 14 WP_MOVED 3 360294.09375 4813785. 260. 31
109.583 14 NAVIGATION 16 2 1049.40625 113.5 0. 1055.526245 98 77 77 0 0 0
109.600 14 GPS 3 36133729 481370876 932 217095 1305 -2 0 8769720 31 0
109.649 14 NAVIGATION 16 2 1052.53125 113.5 0. 1055.526245 98 77 77 0 0 0
109.649 14 ESTIMATOR 217.12236 -0.02
109.753 14 AIRSPEED 12.8 0. 0. 0.
109.753 14 ATTITUDE 0.0023 1.753931 -0.004125
109.833 14 NAVIGATION 16 2 1052.53125 113.5 0. 1058.633179 99 78 78 0 0 0
109.849 14 ENERGY 32 12.5 0.434008 5.4251 0.09004 1.125477
109.849 14 GPS 3 36134041 481370858 932 217102 1304 -14 0 8769960 31 0
110.032 14 FBW_STATUS 2 0 1 12.5 0.436796
110.049 14 WP_MOVED 4 360416.3125 4813734. 260. 31
110.086 14 NAVIGATION 16 2 1055.65625 113. 0. 1061.68689 99 78 78 0 0 0
110.099 14 GPS 3 36134406 481370838 932 217108 1303 -27 0 8770240 31 0
110.100 14 SVINFO 1 8 1 1 31 89 123
110.150 14 ESTIMATOR 217.086014 -0.27
110.267 14 ATTITUDE 0.0023 1.75374 -0.000365
110.333 14 NAVIGATION 16 2 1059.34375 113. 0. 1065.353516 99 78 78 0 0 0
110.349 14 IR_SENSORS 0 0 22 -16 264
110.350 14 GPS 3 36134718 481370820 932 217112 1303 -9 0 8770480 31 0
110.450 14 DESIRED -4.8e-05 -0.002889 0. 1361.488037 95.828377 215. -0.06258 13.
110.549 14 DL_VALUE 22 0.
110.549 14 CIRCLE 1402.660034 27.23632 80.
110.549 14 WP_MOVED 5 360421. 4813583.5 260. 31
110.584 14 NAVIGATION 16 2 1062.4375 112.5 0. 1068.377197 99 78 78 0 0 0
110.604 14 GPS 3 36135030 481370802 932 217115 1303 -15 0 8770720 31 0
110.656 14 NAVIGATION 16 2 1065.5625 112.5 0. 1068.377197 99 78 78 0 0 0
110.656 14 ESTIMATOR 217.044434 -0.15
110.753 14 AIRSPEED 12.8 0. 0. 0.
110.753 14 ATTITUDE 0.0023 1.753648 -0.004125
110.835 14 NAVIGATION 16 2 1065.5625 112.5 0. 1071.484863 100 79 79 0 0 0
110.851 14 CALIBRATION -55.756939 0
110.853 14 FBW_STATUS 2 0 1 12.5 0.445185
110.853 14 GPS 3 36135342 481370784 932 217117 1303 4 0 8770960 31 0
110.854 14 SVINFO 4 11 1 4 33 1 273
110.949 14 GPS_SOL 319 319 319 7
110.949 14 ENERGY 32 12.5 0.442035 5.525437 0.090849 1.135586
111.049 14 WP_MOVED 6 360164.8125 4813664.5 260. 31
111.083 14 NAVIGATION 16 2 1068.6875 112.5 0. 1074.592651 100 79 79 0 0 0
111.099 14 GPS 3 36135707 481370763 932 217120 1303 24 0 8771240 31 0
111.100 14 SVINFO 5 12 1 5 34 11 323
111.149 14 ESTIMATOR 217.065247 0.24
111.249 14 ATTITUDE -0.001473 1.753636 -0.004125
111.334 14 NAVIGATION 16 2 1072.34375 112. 0. 1078.176758 100 79 79 0 0 0
111.350 14 GPS 3 36136019 481370746 932 217123 1303 13 0 8771480 31 0
111.350 14 SVINFO 6 13 1 6 35 53 14
111.499 14 DESIRED -0.001051 -0.002944 0. 1361.92749 96.09024 215. -0.061957 13.
111.549 14 IR_SENSORS 0 0 23 -17 264
111.549 14 WP_MOVED 7 360558.40625 4813804.5 260. 31
111.586 14 NAVIGATION 16 2 1075.4375 112. 0. 1081.253784 100 79 79 0 0 0
111.601 14 CIRCLE 1402.660034 27.23632 80.
111.601 14 GPS 3 36136331 481370728 932 217125 1302 19 0 8771720 31 0
111.602 14 SVINFO 0 7 0 0 31 65 74
111.650 14 NAVIGATION 16 2 1078.5625 111.5 0. 1081.253784 100 79 79 0 0 0
111.650 14 ESTIMATOR 217.148895 0.19
111.749 14 AIRSPEED 12.8 0. 0. 0.
111.749 14 ATTITUDE -0.001473 1.75313 -0.000365
111.833 14 NAVIGATION 16 2 1078.5625 111.5 0. 1084.310547 101 80 80 0 0 0
111.849 14 GPS 3 36136643 481370710 931 217126 1301 12 0 8771960 31 0
112.071 14 COMMANDS 2989,1,12,0
112.072 14 FBW_STATUS 2 0 1 12.5 0.418915
112.072 14 DL_VALUE 23 0.
112.072 14 ENERGY 31 12.5 0.418915 5.236435 0.091636 1.14543
112.072 14 WP_MOVED 8 361680.28125 4813542.5 215. 31
112.085 14 NAVIGATION 16 2 1081.6875 111.5 0. 1087.419067 101 80 80 0 0 0
112.100 14 GPS 3 36137006 481370690 931 217126 1298 36 0 8772240 31 0
112.101 14 SVINFO 2 9 1 2 32 72 174
112.149 14 COMMANDS 2941,5,12,0
112.149 14 ESTIMATOR 217.186539 0.36
112.250 14 STATE_FILTER_STATUS 2 3 303
112.250 14 ATTITUDE -0.001473 1.752151 -0.004125
112.334 14 NAVIGATION 16 2 1085.34375 111.5 0. 1091.05603 101 80 80 0 0 0
112.350 14 GPS 3 36137317 481370674 931 217123 1297 48 0 8772480 31 0
112.351 14 SVINFO 3 10 0 3 33 28 224
112.450 14 PPRZ_MODE 2 3 2 2 0 6
112.550 14 ALIVE 101,248,228,24,166,140,12,35,201,240,56,234,1,216,147,12
112.550 14 DESIRED -0.000214 -0.003126 0. 1362.505005 96.428627 215. -0.065596 13.
112.550 14 WP_MOVED 9 360312.8125 4813652. 185. 31
112.583 14 NAVIGATION 16 2 1088.40625 111.5 0. 1094.102539 101 80 80 0 0 0
112.600 14 GPS 3 36137627 481370657 930 217118 1294 36 0 8772720 31 0
112.652 14 CIRCLE 1402.660034 27.23632 80.
112.652 14 NAVIGATION 16 2 1091.53125 111. 0. 1094.102539 101 80 80 0 0 0
112.653 14 ESTIMATOR 217.297119 0.36
112.750 14 IR_SENSORS 0 0 22 -17 264
112.750 14 AIRSPEED 12.8 0. 0. 0.
112.759 14 ATTITUDE -0.001473 1.751335 -0.004125
112.834 14 NAVIGATION 16 2 1091.53125 111. 0. 1097.160645 101 81 81 0 0 0
112.853 14 FBW_STATUS 2 0 1 12.5 0.383473
112.854 14 GPS 3 36137988 481370638 930 217108 1291 30 0 8773000 31 0
112.950 14 CALIBRATION -16.378698 0
112.951 14 GPS_SOL 327 327 327 7
113.050 14 WP_MOVED 10 361686.65625 4813622. 215. 31
113.084 14 NAVIGATION 16 2 1095.125 110.5 0. 1100.685669 102 81 81 0 0 0
113.099 14 GPS 3 36138297 481370621 929 217095 1286 0 0 8773240 31 0
113.155 14 ENERGY 28 12.5 0.3789 4.736249 0.09236 1.15447
113.155 14 ESTIMATOR 217.314331 0.
113.248 14 ATTITUDE -0.001473 1.750699 -0.000365
113.270 14 WIND_INFO 14 5 -0.2 1.7 0. 12.8
113.332 14 NAVIGATION 16 2 1098.21875 110.5 0. 1103.763794 102 81 81 0 0 0
113.350 14 GPS 3 36138605 481370605 929 217078 1284 0 0 8773480 31 0
113.549 14 DL_VALUE 24 0.
113.549 14 WP_MOVED 11 360169.5 4813757.5 260. 31
113.582 14 NAVIGATION 16 2 1101.28125 110.5 0. 1106.811035 102 81 81 0 0 0
113.599 14 DESIRED 0.000373 -0.003227 0. 1363.198364 96.82637 215. -0.067607 13.
113.599 14 GPS 3 36138912 481370589 929 217057 1282 7 0 8773720 31 0
113.600 14 SVINFO 1 8 0 1 32 89 125
113.655 14 NAVIGATION 16 2 1104.375 110.5 0. 1106.811035 102 81 81 0 0 0
113.660 14 ESTIMATOR 217.203018 0.07
113.705 14 CIRCLE 1402.660034 27.23632 80.
113.768 14 AIRSPEED 12.8 0. 0. 0.
113.769 14 ATTITUDE -0.001473 1.750624 -0.004125
113.836 14 NAVIGATION 16 2 1104.375 110.5 0. 1109.889404 103 82 82 0 0 0
113.854 14 GPS 3 36139219 481370574 929 217033 1280 -3 0 8773960 31 0
113.950 14 IR_SENSORS 0 0 22 -17 264
114.033 14 FBW_STATUS 2 0 1 12.5 0.373663
114.050 14 WP_MOVED 12 360287.59375 4813581. 260. 31
114.084 14 NAVIGATION 16 2 1107.4375 110. 0. 1112.887207 103 82 82 0 0 0
114.100 14 GPS 3 36139576 481370555 929 217000 1277 -17 0 8774240 31 0
114.151 14 ESTIMATOR 217.122452 -0.17
114.250 14 ENERGY 28 12.5 0.376533 4.706665 0.093048 1.163078
114.250 14 ATTITUDE -0.001473 1.750342 -0.000365
114.333 14 NAVIGATION 16 2 1111. 110. 0. 1116.432251 103 82 82 0 0 0
114.355 14 GPS 3 36139883 481370540 929 216969 1277 -30 0 8774480 31 0
114.355 14 SVINFO 4 11 1 4 34 0 275
114.549 14 WP_MOVED 13 360311.5 4813547. 260. 31
114.583 14 NAVIGATION 16 2 1114.09375 110. 0. 1119.510986 103 82 82 0 0 0
114.600 14 GPS 3 36140189 481370524 928 216937 1276 -31 0 8774720 31 0
114.601 14 SVINFO 5 12 1 5 35 16 325
114.651 14 DATALINK_REPORT 1 16 3318 543 0 0
114.651 14 DESIRED 0.000518 -0.002924 0. 1363.879395 97.208214 215. -0.061543 13.
114.651 14 NAVIGATION 16 2 1117.125 110. 0. 1119.510986 103 82 82 0 0 0
114.651 14 ESTIMATOR 216.966309 -0.31
114.750 14 CIRCLE 1402.660034 27.23632 80.
114.755 14 AIRSPEED 12.8 0. 0. 0.
114.755 14 ATTITUDE -0.001473 1.750045 -0.000365
114.835 14 NAVIGATION 16 2 1117.125 110. 0. 1122.527588 104 83 83 0 0 0
114.849 14 FBW_STATUS 2 0 1 12.5 0.39061
114.850 14 GPS 3 36140495 481370509 928 216904 1277 -36 0 8774960 31 0
114.850 14 SVINFO 6 13 1 6 36 59 16
114.951 14 GPS_SOL 335 335 335 7
115.123 14 NAVIGATION 16 2 1120.21875 109.5 0. 1125.557739 104 83 83 0 0 0
115.135 14 AUTOPILOT_VERSION 51500 v5.15_devel-179-g9a29798-dirty
115.135 14 CALIBRATION -21.598604 0
115.135 14 DL_VALUE 25 0.
115.135 14 WP_MOVED 14 360300.6875 4813575.5 260. 31
115.136 14 GPS 3 36140801 481370494 928 216870 1278 -23 0 8775200 31 0
115.186 14 IR_SENSORS 0 0 22 -17 264
115.187 14 ESTIMATOR 216.830673 -0.23
115.254 14 ATTITUDE -0.001473 1.749153 -0.004125
115.335 14 NAVIGATION 16 2 1123.25 109.5 0. 1128.574707 104 83 83 0 0 0
115.351 14 ENERGY 30 12.5 0.400512 5.006394 0.093762 1.172005
115.352 14 GPS 3 36141159 481370476 928 216833 1280 -29 0 8775480 31 0
115.557 14 WP_MOVED 15 360297.6875 4813554.5 260. 31
115.583 14 NAVIGATION 16 2 1126.84375 109. 0. 1132.103271 104 83 83 0 0 0
115.599 14 GPS 3 36141467 481370461 928 216802 1282 -29 0 8775720 31 0
115.600 14 SVINFO 2 9 1 2 33 66 176
115.650 14 NAVIGATION 16 2 1129.9375 109. 0. 1132.103271 104 83 83 0 0 0
115.650 14 ESTIMATOR 216.733154 -0.29
115.701 14 DESIRED -0.000572 -0.002519 0. 1364.502197 97.549728 215. -0.053448 13.
115.750 14 AIRSPEED 12.8 0. 0. 0.
115.751 14 ATTITUDE -0.001473 1.747828 -0.004125
115.799 14 CIRCLE 1402.660034 27.23632 80.
115.834 14 NAVIGATION 16 2 1129.9375 109. 0. 1135.182739 105 84 84 0 0 0
115.850 14 GPS 3 36141774 481370446 927 216774 1283 -43 0 8775960 31 0
115.850 14 SVINFO 3 10 1 3 34 23 226
116.033 14 FBW_STATUS 2 0 1 12.5 0.42099
116.048 14 WP_MOVED 16 360683.46875 4813622.5 215. 31
116.082 14 NAVIGATION 16 2 1133. 109. 0. 1138.231079 105 84 84 0 0 0
116.099 14 GPS 3 36142134 481370428 927 216744 1286 -55 0 8776240 31 0
116.101 14 SVINFO 4 11 1 4 35 0 276
116.150 14 ESTIMATOR 216.624176 -0.55
116.250 14 ATTITUDE -0.001473 1.746823 -0.000365
116.339 14 NAVIGATION 16 2 1136.625 109. 0. 1141.839478 105 84 84 0 0 0
116.349 14 IR_SENSORS 0 0 23 -17 264
116.349 14 GPS 3 36142443 481370414 927 216721 1289 -37 0 8776480 31 0
116.349 14 SVINFO 5 12 1 5 36 19 326
116.450 14 ENERGY 32 12.5 0.436796 5.459954 0.094528 1.181575
116.550 14 DL_VALUE 26 160.
116.551 14 WP_MOVED 17 360654.59375 4813624.5 215. 31
116.584 14 NAVIGATION 16 2 1139.6875 108.5 0. 1144.840576 105 84 84 0 0 0
116.601 14 GPS 3 36142753 481370399 927 216702 1292 -31 0 8776720 31 0
116.601 14 SVINFO 6 13 1 6 37 62 17
116.649 14 NAVIGATION 16 2 1142.78125 108.5 0. 1144.840576 105 84 84 0 0 0
116.650 14 ESTIMATOR 216.518433 -0.31
116.750 14 DESIRED -0.000412 -0.002167 0. 1365.314697 97.984673 215. -0.046414 13.
116.750 14 AIRSPEED 12.8 0. 0. 0.
116.750 14 ATTITUDE -0.001473 1.745814 -0.000365
116.833 14 NAVIGATION 16 2 1142.78125 108.5 0. 1147.92041 106 85 85 0 0 0
116.851 14 FBW_STATUS 2 0 1 12.5 0.447112
116.851 14 CIRCLE 1402.660034 27.23632 80.
116.852 14 GPS 3 36143064 481370384 927 216687 1295 -30 0 8776960 31 0
116.852 14 SVINFO 0 7 0 0 32 73 77
116.933 14 COMMANDS 3156,8,24,0
116.950 14 NAVIGATION_REF 360284 4813595 31 185.
116.950 14 GPS_SOL 345 345 345 7
117.051 14 WP_MOVED 18 360289. 4813605. 220. 31
117.083 14 NAVIGATION 16 2 1145.875 108. 0. 1150.953247 106 85 85 0 0 0
117.101 14 GPS 3 36143427 481370367 927 216675 1298 -24 0 8777240 31 0
117.102 14 SVINFO 1 8 0 1 33 89 127
117.156 14 COMMANDS 3179,-26,-19,0
117.157 14 CALIBRATION -58.168125 0
117.157 14 ESTIMATOR 216.492615 -0.24
117.249 14 STATE_FILTER_STATUS 2 3 302
117.250 14 ATTITUDE 0.0023 1.744849 -0.004125
117.333 14 NAVIGATION 16 2 1149.53125 108. 0. 1154.593506 106 85 85 0 0 0
117.349 14 GPS 3 36143739 481370352 927 216668 1301 0 0 8777480 31 0
117.449 14 PPRZ_MODE 2 3 2 2 0 6
117.550 14 ALIVE 101,248,228,24,166,140,12,35,201,240,56,234,1,216,147,12
117.550 14 IR_SENSORS 0 0 22 -17 264
117.550 14 ENERGY 33 12.5 0.452729 5.659111 0.09535 1.191857
117.550 14 WP_MOVED 19 360289. 4813610. 500. 31
117.583 14 NAVIGATION 16 2 1152.65625 108. 0. 1157.704834 106 85 85 0 0 0
117.600 14 GPS 3 36144051 481370337 926 216665 1303 -1 0 8777720 31 0
117.665 14 NAVIGATION 16 2 1155.78125 108. 0. 1157.704834 106 85 85 0 0 0
117.665 14 ESTIMATOR 216.537415 -0.01
117.750 14 AIRSPEED 12.8 0. 0. 0.
117.750 14 ATTITUDE -0.001473 1.74407 -0.000365
117.800 14 DESIRED -0.0012 -0.002086 0. 1366.220215 98.455284 215. -0.044796 13.
117.833 14 NAVIGATION 16 2 1155.78125 108. 0. 1160.816162 107 86 86 0 0 0
117.849 14 GPS 3 36144364 481370323 926 216665 1304 -4 0 8777960 31 0
117.900 14 CIRCLE 1402.660034 27.23632 80.
118.033 14 FBW_STATUS 2 0 1 12.5 0.45185
118.049 14 DL_VALUE 27 0.
118.050 14 WP_MOVED 20 360289. 4813620. 300. 31
118.085 14 NAVIGATION 16 2 1158.875 108. 0. 1163.896606 107 86 86 0 0 0
118.103 14 GPS 3 36144729 481370306 926 216669 1305 -2 0 8778240 31 0
118.165 14 ESTIMATOR 216.586823 -0.02
118.249 14 ATTITUDE -0.001473 1.743095 -0.000365
118.333 14 NAVIGATION 16 2 1162.53125 107.5 0. 1167.490967 107 86 86 0 0 0
118.350 14 GPS 3 36145042 481370292 926 216673 1306 -18 0 8778480 31 0
118.550 14 WP_MOVED 21 360289. 4813625. 400. 31
118.583 14 NAVIGATION 16 2 1165.65625 107.5 0. 1170.602783 107 86 86 0 0 0
118.602 14 GPS 3 36145356 481370277 925 216679 1306 -5 0 8778720 31 0
118.663 14 ENERGY 33 12.5 0.453608 5.6701 0.09618 1.202223
118.663 14 NAVIGATION 16 2 1168.8125 107. 0. 1170.602783 107 86 86 0 0 0
118.663 14 ESTIMATOR 216.590775 -0.05
118.750 14 IR_SENSORS 0 0 22 -17 264
118.750 14 AIRSPEED 12.8 0. 0. 0.
118.750 14 ATTITUDE -0.001473 1.741725 -0.004125
118.832 14 NAVIGATION 16 2 1168.8125 107. 0. 1173.699951 108 87 87 0 0 0
118.849 14 FBW_STATUS 2 0 1 12.5 0.453784
118.849 14 DESIRED -0.002338 -0.002233 0. 1367.382324 99.038017 215. -0.047723 13.
118.849 14 GPS 3 36145669 481370264 925 216686 1307 -16 0 8778960 31 0
118.949 14 GPS_SOL 356 356 356 7
118.949 14 CIRCLE 1402.660034 27.23632 80.
119.050 14 WP_MOVED 22 360289. 4813645. 250. 31
119.083 14 NAVIGATION 16 2 1171.9375 107. 0. 1176.812012 108 87 87 0 0 0
119.100 14 GPS 3 36146035 481370248 924 216695 1307 -2 0 8779240 31 0
119.101 14 SVINFO 2 9 0 2 34 61 178
119.180 14 ESTIMATOR 216.599136 -0.02
119.249 14 CALIBRATION -61.813404 0
119.249 14 ATTITUDE -0.001473 1.740122 -0.004125
119.333 14 NAVIGATION 16 2 1175.625 107. 0. 1180.484253 108 87 87 0 0 0
119.351 14 GPS 3 36146349 481370234 924 216703 1308 -2 0 8779480 31 0
119.352 14 SVINFO 3 10 1 3 35 17 228
119.550 14 DL_VALUE 28 0.32
119.551 14 WP_MOVED 0 360326. 4813637. 260. 31
119.583 14 NAVIGATION 16 2 1178.71875 107. 0. 1183.565308 108 87 87 0 0 0
119.600 14 GPS 3 36146663 481370221 923 216712 1308 -3 0 8779720 31 0
119.600 14 SVINFO 4 11 0 4 36 0 278
119.674 14 NAVIGATION 16 2 1181.875 106.5 0. 1183.565308 108 87 87 0 0 0
119.675 14 ESTIMATOR 216.641495 -0.03
119.749 14 DATALINK_REPORT 6 16 3452 561 0 0
119.749 14 ENERGY 33 12.5 0.454487 5.681091 0.097014 1.212653
119.749 14 AIRSPEED 12.8 0. 0. 0.
119.749 14 ATTITUDE -0.001473 1.73842 -0.000365
119.833 14 NAVIGATION 16 2 1181.875 106.5 0. 1186.663696 109 88 88 0 0 0
119.850 14 GPS 3 36146977 481370208 923 216722 1308 -4 0 8779960 31 0
119.850 14 SVINFO 5 12 1 5 37 24 328
119.900 14 DESIRED -0.002321 -0.002309 0. 1368.532715 99.591888 215. -0.049245 13.
119.950 14 IR_SENSORS 0 0 22 -17 264
120.000 14 CIRCLE 1402.660034 27.23632 80.
120.033 14 FBW_STATUS 2 0 1 12.5 0.45396
120.049 14 WP_MOVED 1 360284. 4813595. 260. 31
120.083 14 NAVIGATION 16 2 1185. 106.5 0. 1189.776123 109 88 88 0 0 0
120.100 14 GPS 3 36147343 481370193 923 216733 1308 -5 0 8780240 31 0
120.101 14 SVINFO 6 13 1 6 38 67 19
120.161 14 ESTIMATOR 216.668808 -0.05
120.249 14 ATTITUDE -0.001473 1.737641 -0.000365
120.333 14 NAVIGATION 16 2 1188.6875 106.5 0. 1193.448853 109 88 88 0 0 0
120.349 14 GPS 3 36147657 481370181 923 216743 1308 0 0 8780480 31 0
120.350 14 SVINFO 0 7 0 0 33 78 79
120.550 14 WP_MOVED 2 360333.5 4813695. 260. 31
120.583 14 NAVIGATION 16 2 1191.8125 106.5 0. 1196.561401 109 88 88 0 0 0
120.599 14 GPS 3 36147970 481370168 923 216753 1308 4 0 8780720 31 0
120.600 14 SVINFO 1 8 1 1 34 88 129
120.653 14 NAVIGATION 16 2 1194.9375 106.5 0. 1196.561401 109 88 88 0 0 0
120.653 14 ESTIMATOR 216.697708 0.04
120.750 14 AIRSPEED 12.8 0. 0. 0.
120.750 14 ATTITUDE 0.0023 1.737214 -0.000365
120.832 14 NAVIGATION 16 2 1194.9375 106.5 0. 1199.674072 110 89 89 0 0 0
120.850 14 FBW_STATUS 2 0 1 12.5 0.449392
120.851 14 ENERGY 32 12.5 0.449567 5.619593 0.097845 1.223034
120.851 14 GPS 3 36148284 481370155 923 216763 1308 -8 0 8780960 31 0
120.851 14 SVINFO 2 9 1 2 35 58 179
120.951 14 GPS_SOL 367 367 367 7
120.951 14 DESIRED -0.002215 -0.002307 0. 1369.97583 100.255112 215. -0.050931 13.
121.050 14 DL_VALUE 29 0.
121.050 14 CIRCLE 1402.660034 27.23632 80.
121.051 14 WP_MOVED 3 360294.09375 4813785. 260. 31
121.083 14 NAVIGATION 16 2 1198.09375 106. 0. 1202.773682 110 89 89 0 0 0
121.101 14 GPS 3 36148650 481370140 923 216774 1308 -17 0 8781240 31 0
121.182 14 IR_SENSORS 0 0 22 -17 264
121.182 14 ESTIMATOR 216.720428 -0.17
121.250 14 ATTITUDE -0.001473 1.737047 -0.004125
121.333 14 NAVIGATION 16 2 1201.71875 106. 0. 1206.384644 110 89 89 0 0 0
121.350 14 CALIBRATION -61.12859 0
121.350 14 GPS 3 36148964 481370128 922 216784 1308 -13 0 8781480 31 0
121.350 14 SVINFO 4 11 0 4 37 0 279
121.550 14 WP_MOVED 4 360416.3125 4813734. 260. 31
121.583 14 NAVIGATION 16 2 1204.875 105.5 0. 1209.484985 110 89 89 0 0 0
121.600 14 GPS 3 36149278 481370116 922 216793 1308 -5 0 8781720 31 0
121.601 14 SVINFO 5 12 1 5 38 27 329
121.649 14 NAVIGATION 16 2 1208.0625 105.5 0. 1209.484985 110 89 89 0 0 0
121.683 14 ESTIMATOR 216.703598 -0.05
121.750 14 AIRSPEED 12.8 0. 0. 0.
121.750 14 ATTITUDE -0.005245 1.736294 -0.000365
121.832 14 NAVIGATION 16 2 1208.0625 105.5 0. 1212.6604 111 90 90 0 0 0
121.848 14 GPS 3 36149591 481370103 922 216803 1308 -1 0 8781960 31 0
121.849 14 SVINFO 6 13 0 6 39 70 20
121.933 14 COMMANDS 3186,-2,25,0
121.950 14 ENERGY 33 12.5 0.454839 5.685491 0.098677 1.233443
121.999 14 DESIRED -0.005577 -0.002009 0. 1371.28479 100.827042 215. -0.051108 13.
122.033 14 FBW_STATUS 2 0 1 12.5 0.454311
122.049 14 WP_MOVED 5 360421. 4813583.5 260. 31
122.083 14 NAVIGATION 16 2 1211.15625 105.5 0. 1215.742432 111 90 90 0 0 0
122.100 14 CIRCLE 1402.660034 27.23632 80.
122.100 14 GPS 3 36149958 481370090 921 216814 1308 -12 0 8782240 31 0
122.186 14 COMMANDS 3193,-1,-20,0
122.186 14 ESTIMATOR 216.742188 -0.12
122.249 14 STATE_FILTER_STATUS 2 3 304
122.249 14 ATTITUDE -0.005245 1.734254 -0.004125
122.333 14 NAVIGATION 16 2 1214.84375 105.5 0. 1219.416138 111 90 90 0 0 0
122.349 14 IR_SENSORS 0 0 22 -18 264
122.350 14 GPS 3 36150272 481370078 920 216824 1308 -24 0 8782480 31 0
122.451 14 PPRZ_MODE 2 3 2 2 0 6
122.551 14 ALIVE 101,248,228,24,166,140,12,35,201,240,56,234,1,216,147,12
122.551 14 DL_VALUE 30 0.01
122.551 14 WP_MOVED 6 360164.8125 4813664.5 260. 31
122.583 14 NAVIGATION 16 2 1217.96875 105.5 0. 1222.529419 111 90 90 0 0 0
122.601 14 GPS 3 36150586 481370068 919 216834 1309 -22 0 8782720 31 0
122.651 14 NAVIGATION 16 2 1221.09375 105.5 0. 1222.529419 111 90 90 0 0 0
122.651 14 ESTIMATOR 216.720261 -0.22
122.750 14 AIRSPEED 12.8 0. 0. 0.
122.750 14 ATTITUDE -0.005245 1.731478 -0.004125
122.833 14 NAVIGATION 16 2 1221.09375 105.5 0. 1225.642822 112 91 91 0 0 0
122.849 14 FBW_STATUS 2 0 1 12.5 0.465954
122.849 14 GPS 3 36150900 481370057 918 216845 1310 4 0 8782960 31 0
122.850 14 SVINFO 3 10 0 3 36 13 230
122.949 14 GPS_SOL 380 380 380 7
123.050 14 ENERGY 33 12.5 0.461183 5.764789 0.09952 1.243977
123.050 14 DESIRED -0.004612 -0.002034 0. 1373.104126 101.576385 215. -0.051608 13.
123.050 14 WP_MOVED 7 360558.40625 4813804.5 260. 31
123.083 14 NAVIGATION 16 2 1224.25 105. 0. 1228.744507 112 91 91 0 0 0
123.099 14 GPS 3 36151267 481370046 918 216858 1310 9 0 8783240 31 0
123.150 14 CIRCLE 1402.660034 27.23632 80.
123.150 14 ESTIMATOR 216.756546 0.09
123.251 14 ATTITUDE -0.009014 1.728348 -0.000365
123.273 14 WIND_INFO 14 5 -0.2 1.7 0. 12.8
123.333 14 NAVIGATION 16 2 1227.9375 105. 0. 1232.418579 112 91 91 0 0 0
123.349 14 GPS 3 36151581 481370036 916 216870 1310 -2 0 8783480 31 0
123.450 14 CALIBRATION -63.997196 0
123.550 14 IR_SENSORS 0 0 23 -19 264
123.550 14 WP_MOVED 8 361680.28125 4813542.5 215. 31
123.583 14 NAVIGATION 16 2 1231.0625 105. 0. 1235.532227 112 91 91 0 0 0
123.600 14 GPS 3 36151896 481370027 916 216883 1310 -26 0 8783720 31 0
123.650 14 NAVIGATION 16 2 1234.21875 104.5 0. 1235.532227 112 91 91 0 0 0
123.650 14 ESTIMATOR 216.819412 -0.26
123.750 14 AIRSPEED 12.8 0. 0. 0.
123.750 14 ATTITUDE -0.009014 1.725139 -0.000365
123.833 14 NAVIGATION 16 2 1234.21875 104.5 0. 1238.634766 113 92 92 0 0 0
123.850 14 GPS 3 36152210 481370019 915 216896 1310 -25 0 8783960 31 0
123.851 14 SVINFO 0 7 0 0 34 82 81
124.033 14 FBW_STATUS 2 0 1 12.5 0.467724
124.048 14 DL_VALUE 31 0.1
124.049 14 WP_MOVED 9 360312.8125 4813652. 185. 31
124.083 14 NAVIGATION 16 2 1237.34375 104.5 0. 1241.748657 113 92 92 0 0 0
124.100 14 DESIRED -0.005922 -0.001747 0. 1375.363892 102.435539 215. -0.053724 13.
124.100 14 GPS 3 36152577 481370010 914 216911 1311 -26 0 8784240 31 0
124.100 14 SVINFO 1 8 0 1 35 86 131
124.150 14 ENERGY 34 12.5 0.470026 5.875331 0.100366 1.254555
124.151 14 ESTIMATOR 216.775238 -0.26
124.200 14 CIRCLE 1402.660034 27.23632 80.
124.250 14 ATTITUDE -0.005245 1.721495 -0.004125
124.333 14 NAVIGATION 16 2 1241. 104.5 0. 1245.391968 113 92 92 0 0 0
124.350 14 GPS 3 36152892 481370003 912 216924 1312 -31 0 8784480 31 0
124.351 14 SVINFO 2 9 0 2 36 51 181
124.550 14 WP_MOVED 10 361686.65625 4813622. 215. 31
124.583 14 NAVIGATION 16 2 1244.15625 104.5 0. 1248.537109 113 92 92 0 0 0
124.599 14 GPS 3 36153207 481369996 912 216939 1313 -29 0 8784720 31 0
124.600 14 SVINFO 3 10 1 3 37 11 231
124.650 14 NAVIGATION 16 2 1247.34375 104.5 0. 1248.537109 113 92 92 0 0 0
124.650 14 ESTIMATOR 216.752258 -0.29
124.749 14 IR_SENSORS 0 0 23 -18 264
124.749 14 AIRSPEED 12.8 0. 0. 0.
124.749 14 ATTITUDE -0.005245 1.718366 -0.000365
124.833 14 NAVIGATION 16 2 1247.34375 104.5 0. 1251.713501 114 93 93 0 0 0
124.851 14 DATALINK_REPORT 2 17 3586 561 0 0
124.852 14 FBW_STATUS 2 0 1 12.5 0.48586
124.852 14 GPS 3 36153523 481369990 911 216955 1315 -32 0 8784960 31 0
124.853 14 SVINFO 4 11 1 4 38 1 281
124.951 14 GPS_SOL 393 393 393 7
125.050 14 WP_MOVED 11 360169.5 4813757.5 260. 31
125.084 14 NAVIGATION 16 2 1250.5 104.5 0. 1254.858765 114 93 93 0 0 0
125.100 14 GPS 3 36153892 481369983 910 216977 1317 -26 0 8785240 31 0
125.100 14 SVINFO 5 12 1 5 39 33 331
125.150 14 DESIRED -0.005555 -0.002079 0. 1377.83313 103.286469 215. -0.052515 13.
125.150 14 ESTIMATOR 216.749252 -0.26
125.249 14 ENERGY 35 12.5 0.494269 6.178361 0.101251 1.265612
125.249 14 CIRCLE 1402.660034 27.23632 80.
125.249 14 ATTITUDE -0.005245 1.715658 -0.004125
125.333 14 NAVIGATION 16 2 1254.15625 104.5 0. 1258.502319 114 93 93 0 0 0
125.350 14 GPS 3 36154208 481369977 910 216997 1319 -12 0 8785480 31 0
125.350 14 SVINFO 6 13 1 6 40 75 22
125.550 14 CALIBRATION -88.358597 0
125.550 14 DL_VALUE 32 0.
125.551 14 WP_MOVED 12 360287.59375 4813581. 260. 31
125.583 14 NAVIGATION 16 2 1257.34375 104.5 0. 1261.678833 114 93 93 0 0 0
125.600 14 GPS 3 36154525 481369972 909 217020 1320 1 0 8785720 31 0
125.649 14 NAVIGATION 16 2 1260.5 104.5 0. 1261.678833 114 93 93 0 0 0
125.650 14 ESTIMATOR 216.807953 0.01
125.749 14 AIRSPEED 12.8 0. 0. 0.
125.749 14 ATTITUDE -0.005245 1.713329 -0.004125
125.833 14 NAVIGATION 16 2 1260.5 104.5 0. 1264.824341 115 94 94 0 0 0
125.849 14 GPS 3 36154843 481369967 909 217045 1322 -18 0 8785960 31 0
125.950 14 NAVIGATION_REF 360284 4813595 31 185.
125.951 14 IR_SENSORS 0 0 23 -18 264
126.033 14 FBW_STATUS 2 0 1 12.5 0.497139
126.049 14 WP_MOVED 13 360311.5 4813547. 260. 31
126.083 14 NAVIGATION 16 2 1263.6875 104. 0. 1267.959839 115 94 94 0 0 0
126.100 14 GPS 3 36155213 481369961 908 217077 1323 -21 0 8786240 31 0
126.150 14 AUTOPILOT_VERSION 51500 v5.15_devel-179-g9a29798-dirty
126.150 14 ESTIMATOR 216.890305 -0.21
126.200 14 DESIRED -0.008777 -0.00226 0. 1380.494629 104.10437 215. -0.056122 13.
126.249 14 ATTITUDE -0.005245 1.71102 -0.000365
126.299 14 CIRCLE 1402.660034 27.23632 80.
126.334 14 NAVIGATION 16 2 1267.375 104. 0. 1271.634888 115 94 94 0 0 0
126.350 14 ENERGY 35 12.5 0.501271 6.265891 0.10216 1.276981
126.350 14 GPS 3 36155531 481369957 907 217106 1324 -26 0 8786480 31 0
126.550 14 WP_MOVED 14 360300.6875 4813575.5 260. 31
126.584 14 NAVIGATION 16 2 1270.5625 104. 0. 1274.811768 115 94 94 0 0 0
126.599 14 GPS 3 36155849 481369953 907 217137 1325 -28 0 8786720 31 0
126.600 14 SVINFO 4 11 1 4 39 2 282
126.650 14 NAVIGATION 16 2 1273.71875 104. 0. 1274.811768 115 94 94 0 0 0
126.650 14 ESTIMATOR 216.917603 -0.28
126.750 14 AIRSPEED 12.8 0. 0. 0.
126.750 14 ATTITUDE -0.009014 1.708401 -0.004125
126.833 14 NAVIGATION 16 2 1273.71875 104. 0. 1277.95752 116 95 95 0 0 0
126.849 14 FBW_STATUS 2 0 1 12.5 0.511907
126.849 14 GPS 3 36156167 481369950 906 217169 1326 -46 0 8786960 31 0
126.849 14 SVINFO 5 12 1 5 40 36 332
126.933 14 COMMANDS 3541,-11,-18,0
126.949 14 GPS_SOL 407 407 407 7
127.049 14 DL_VALUE 33 0.15
127.049 14 WP_MOVED 15 360297.6875 4813554.5 260. 31
127.083 14 NAVIGATION 16 2 1276.9375 104. 0. 1281.165649 116 95 95 0 0 0
127.100 14 GPS 3 36156539 481369946 905 217208 1328 -51 0 8787240 31 0
127.101 14 SVINFO 6 13 1 6 41 77 23
127.151 14 COMMANDS 3591,-14,-19,0
127.151 14 IR_SENSORS 0 0 23 -19 264
127.151 14 ESTIMATOR 216.916153 -0.51
127.250 14 STATE_FILTER_STATUS 2 3 306
127.250 14 DESIRED -0.010946 -0.001956 0. 1383.858765 104.995636 215. -0.057906 13.
127.251 14 ATTITUDE -0.009014 1.70489 -0.000365
127.333 14 NAVIGATION 16 2 1280.65625 104. 0. 1284.87207 116 95 95 0 0 0
127.349 14 CIRCLE 1402.660034 27.23632 80.
127.350 14 GPS 3 36156859 481369944 903 217244 1331 -9 0 8787480 31 0
127.350 14 SVINFO 0 7 0 0 35 85 83
127.450 14 PPRZ_MODE 2 3 2 2 0 6
127.450 14 ENERGY 37 12.5 0.529323 6.616534 0.103107 1.288818
127.550 14 ALIVE 101,248,228,24,166,140,12,35,201,240,56,234,1,216,147,12
127.550 14 WP_MOVED 16 360683.46875 4813622.5 215. 31
127.583 14 NAVIGATION 16 2 1283.84375 104. 0. 1288.049194 116 95 95 0 0 0
127.599 14 GPS 3 36157179 481369942 902 217284 1333 12 0 8787720 31 0
127.600 14 SVINFO 1 8 0 1 36 83 133
127.650 14 CALIBRATION -110.488533 0
127.651 14 NAVIGATION 16 2 1287.0625 104. 0. 1288.049194 116 95 95 0 0 0
127.651 14 ESTIMATOR 216.98616 0.12
127.750 14 AIRSPEED 12.8 0. 0. 0.
127.750 14 ATTITUDE -0.009014 1.700833 -0.000365
127.833 14 NAVIGATION 16 2 1287.0625 104. 0. 1291.257446 117 96 96 0 0 0
127.849 14 GPS 3 36157499 481369941 901 217325 1334 -3 0 8787960 31 0
127.849 14 SVINFO 2 9 1 2 37 45 183
128.033 14 FBW_STATUS 2 0 1 12.5 0.523866
128.051 14 WP_MOVED 17 360654.59375 4813624.5 215. 31
128.083 14 NAVIGATION 16 2 1290.25 104. 0. 1294.43457 117 96 96 0 0 0
128.100 14 GPS 3 36157873 481369941 900 217377 1335 -1 0 8788240 31 0
128.100 14 SVINFO 3 10 1 3 38 7 233
128.150 14 ESTIMATOR 217.162277 -0.01
128.250 14 ATTITUDE -0.012781 1.69636 -0.004125
128.300 14 DESIRED -0.01225 -0.002204 0. 1387.846191 105.852798 215. -0.062866 13.
128.333 14 NAVIGATION 16 2 1293.96875 104. 0. 1298.141357 117 96 96 0 0 0
128.349 14 IR_SENSORS 0 0 22 -20 264
128.350 14 GPS 3 36158194 481369942 898 217423 1336 -20 0 8788480 31 0
128.400 14 CIRCLE 1402.660034 27.23632 80.
128.550 14 DL_VALUE 34 0.05
128.551 14 ENERGY 37 12.5 0.525683 6.571043 0.104069 1.30084
128.551 14 WP_MOVED 18 360289. 4813605. 220. 31
128.583 14 NAVIGATION 16 2 1297.15625 104. 0. 1301.318726 117 96 96 0 0 0
128.599 14 GPS 3 36158514 481369943 897 217469 1336 -27 0 8788720 31 0
128.649 14 NAVIGATION 16 2 1300.375 104. 0. 1301.318726 117 96 96 0 0 0
128.650 14 ESTIMATOR 217.252335 -0.27
128.749 14 AIRSPEED 12.8 0. 0. 0.
128.749 14 ATTITUDE -0.012781 1.691752 -0.000365
128.833 14 NAVIGATION 16 2 1300.375 104. 0. 1304.527222 118 97 97 0 0 0
128.849 14 FBW_STATUS 2 0 1 12.5 0.531691
128.849 14 GPS 3 36158835 481369945 896 217517 1336 -26 0 8788960 31 0
128.949 14 GPS_SOL 421 421 421 7
129.050 14 WP_MOVED 19 360289. 4813610. 500. 31
129.083 14 NAVIGATION 16 2 1303.625 104. 0. 1307.766846 118 97 97 0 0 0
129.099 14 GPS 3 36159210 481369948 894 217573 1337 -29 0 8789240 31 0
129.100 14 SVINFO 0 7 0 0 36 86 84
129.149 14 ESTIMATOR 217.299698 -0.29
129.250 14 ATTITUDE -0.016546 1.686327 -0.000365
129.333 14 NAVIGATION 16 2 1307.34375 104. 0. 1311.473877 118 97 97 0 0 0
129.350 14 DESIRED -0.012877 -0.001726 0. 1394.084595 106.775383 215. -0.068991 13.
129.350 14 GPS 3 36159531 481369952 892 217622 1339 -32 0 8789480 31 0
129.352 14 SVINFO 1 8 1 1 37 81 134
129.449 14 CIRCLE 1402.660034 27.23632 80.
129.550 14 IR_SENSORS 0 0 22 -21 264
129.551 14 WP_MOVED 20 360289. 4813620. 300. 31
129.583 14 NAVIGATION 16 2 1310.5625 104. 0. 1314.682495 118 97 97 0 0 0
129.600 14 GPS 3 36159853 481369957 891 217673 1340 -16 0 8789720 31 0
129.600 14 SVINFO 2 9 1 2 38 42 184
129.649 14 ENERGY 38 12.5 0.545405 6.817564 0.105052 1.313133
129.649 14 NAVIGATION 16 2 1313.78125 104. 0. 1314.682495 118 97 97 0 0 0
129.650 14 ESTIMATOR 217.357697 -0.16
129.750 14 CALIBRATION -123.526215 0
129.750 14 AIRSPEED 12.8 0. 0. 0.
129.751 14 ATTITUDE -0.012781 1.680218 -0.004125
129.833 14 NAVIGATION 16 2 1313.78125 104. 0. 1317.891113 119 98 98 0 0 0
129.850 14 GPS 3 36160175 481369963 889 217726 1341 -11 0 8789960 31 0
129.850 14 SVINFO 3 10 1 3 39 5 234
129.950 14 DATALINK_REPORT 7 17 3722 569 0 0
130.034 14 FBW_STATUS 2 0 1 12.5 0.547056
130.051 14 DL_VALUE 35 0.
130.051 14 WP_MOVED 21 360289. 4813625. 400. 31
130.083 14 NAVIGATION 16 2 1317. 104. 0. 1321.099976 119 98 98 0 0 0
130.100 14 GPS 3 36160551 481369971 887 217789 1343 -12 0 8790240 31 0
130.100 14 SVINFO 4 11 1 4 40 5 284
130.150 14 ESTIMATOR 217.496338 -0.12
130.249 14 ATTITUDE -0.012781 1.674378 -0.004125
130.333 14 NAVIGATION 16 2 1320.78125 104.5 0. 1324.908813 119 98 98 0 0 0
130.350 14 GPS 3 36160873 481369979 886 217845 1344 7 0 8790480 31 0
130.351 14 SVINFO 5 12 1 5 41 42 334
130.400 14 DESIRED -0.007401 -0.002413 0. 1400.341064 107.202705 215. -0.07489 13.
130.499 14 CIRCLE 1402.660034 27.23632 80.
130.550 14 WP_MOVED 22 360289. 4813645. 250. 31
130.583 14 NAVIGATION 16 2 1323.96875 104.5 0. 1328.086426 119 98 98 0 0 0
130.600 14 GPS 3 36161196 481369987 885 217902 1344 28 0 8790720 31 0
130.600 14 SVINFO 6 13 1 6 42 81 25
130.649 14 NAVIGATION 16 2 1327.21875 104.5 0. 1328.086426 119 98 98 0 0 0
130.650 14 ESTIMATOR 217.663589 0.28
130.749 14 IR_SENSORS 0 0 23 -19 264
130.749 14 ENERGY 37 12.5 0.533333 6.666657 0.106051 1.325613
130.749 14 AIRSPEED 12.8 0. 0. 0.
130.749 14 ATTITUDE -0.009014 1.669591 -0.000365
130.833 14 NAVIGATION 16 2 1327.21875 104.5 0. 1331.326416 120 99 99 0 0 0
130.850 14 FBW_STATUS 2 0 1 12.5 0.529505
130.851 14 GPS 3 36161519 481369996 883 217961 1344 34 0 8790960 31 0
130.949 14 GPS_SOL 436 436 436 7
131.051 14 WP_MOVED 0 360326. 4813637. 260. 31
131.083 14 NAVIGATION 16 2 1330.4375 104.5 0. 1334.535278 120 99 99 0 0 0
131.100 14 GPS 3 36161895 481370008 882 218028 1343 33 0 8791240 31 0
131.149 14 ESTIMATOR 217.915817 0.33
131.249 14 ATTITUDE -0.009014 1.665445 -0.004125
131.333 14 NAVIGATION 16 2 1334.21875 104.5 0. 1338.30481 120 99 99 0 0 0
131.350 14 GPS 3 36162216 481370018 881 218085 1340 22 0 8791480 31 0
131.449 14 DESIRED -0.003129 -0.003827 0. 1407.495117 107.090073 215. -0.087475 13.
131.549 14 DL_VALUE 36 0.
131.550 14 CIRCLE 1402.660034 27.23632 80.
131.550 14 WP_MOVED 1 360284. 4813595. 260. 31
131.583 14 NAVIGATION 16 2 1337.40625 104.5 0. 1341.482666 120 99 99 0 0 0
131.600 14 GPS 3 36162537 481370029 880 218140 1338 17 0 8791720 31 0
131.600 14 SVINFO 3 10 1 3 40 4 235
131.650 14 NAVIGATION 16 2 1340.625 104.5 0. 1341.482666 120 99 99 0 0 0
131.650 14 ESTIMATOR 218.092148 0.17
131.750 14 AIRSPEED 12.8 0. 0. 0.
131.750 14 ATTITUDE -0.005245 1.662383 -0.004125
131.833 14 NAVIGATION 16 2 1340.625 104.5 0. 1344.69165 121 100 100 0 0 0
131.849 14 CALIBRATION -96.666695 0
131.849 14 ENERGY 35 12.5 0.495703 6.196293 0.106989 1.337345
131.850 14 GPS 3 36162858 481370040 879 218191 1335 -11 0 8791960 31 0
131.850 14 SVINFO 4 11 0 4 41 7 285
131.933 14 COMMANDS 3434,46,0,0
131.949 14 IR_SENSORS 0 0 22 -18 264
132.032 14 FBW_STATUS 2 0 1 12.5 0.498935
132.050 14 WP_MOVED 2 360333.5 4813695. 260. 31
132.083 14 NAVIGATION 16 2 1343.8125 105. 0. 1347.908325 121 100 100 0 0 0
132.100 14 GPS 3 36163231 481370054 879 218248 1333 -22 0 8792240 31 0
132.100 14 SVINFO 5 12 0 5 42 45 335
132.150 14 COMMANDS 3446,69,-5,0
132.150 14 ESTIMATOR 218.154099 -0.22
132.249 14 STATE_FILTER_STATUS 2 3 303
132.249 14 ATTITUDE -0.001473 1.660312 -0.004125
132.334 14 NAVIGATION 16 2 1347.5625 105. 0. 1351.647095 121 100 100 0 0 0
132.350 14 GPS 3 36163550 481370066 878 218293 1331 -9 0 8792480 31 0
132.351 14 SVINFO 6 13 1 6 43 83 26
132.450 14 PPRZ_MODE 2 3 2 2 0 6
132.500 14 DESIRED 0.011154 -0.004492 0. 1416.113647 106.096954 215. -0.094623 13.
132.549 14 ALIVE 101,248,228,24,166,140,12,35,201,240,56,234,1,216,147,12
132.549 14 WP_MOVED 3 360294.09375 4813785. 260. 31
132.583 14 NAVIGATION 16 2 1350.78125 105.5 0. 1354.894897 121 100 100 0 0 0
132.600 14 CIRCLE 1402.660034 27.23632 80.
132.600 14 GPS 3 36163869 481370078 878 218335 1330 -9 0 8792720 31 0
132.600 14 SVINFO 0 7 0 0 37 88 86
132.651 14 NAVIGATION 16 2 1353.9375 105.5 0. 1354.894897 121 100 100 0 0 0
132.651 14 ESTIMATOR 218.180023 -0.09
132.748 14 AIRSPEED 12.8 0. 0. 0.
132.748 14 ATTITUDE 0.006075 1.659417 -0.004125
132.833 14 NAVIGATION 16 2 1353.9375 105.5 0. 1358.041626 122 101 101 0 0 0
132.849 14 FBW_STATUS 2 0 1 12.5 0.501091
132.850 14 GPS 3 36164241 481370092 878 218383 1329 7 0 8793000 31 0
132.851 14 SVINFO 1 8 0 1 38 77 136
132.949 14 GPS_SOL 451 451 451 7
132.950 14 ENERGY 35 12.5 0.497498 6.218724 0.107907 1.348815
133.050 14 DL_VALUE 37 0.
133.050 14 WP_MOVED 4 360416.3125 4813734. 260. 31
133.083 14 NAVIGATION 16 2 1357.65625 105.5 0. 1361.749146 122 101 101 0 0 0
133.100 14 GPS 3 36164560 481370103 879 218421 1329 8 0 8793240 31 0
133.101 14 SVINFO 2 9 0 2 39 36 186
133.149 14 IR_SENSORS 0 0 22 -13 264
133.150 14 ESTIMATOR 218.281281 0.08
133.249 14 ATTITUDE 0.017409 1.661111 -0.004125
133.272 14 WIND_INFO 14 5 -0.2 1.7 0. 12.8
133.333 14 NAVIGATION 16 2 1360.84375 105.5 0. 1364.927124 122 101 101 0 0 0
133.350 14 GPS 3 36164879 481370114 880 218459 1328 -17 0 8793480 31 0
133.549 14 DESIRED 0.034133 -0.002715 0. 1425.895386 103.787727 215. -0.098438 13.
133.550 14 WP_MOVED 5 360421. 4813583.5 260. 31
133.583 14 NAVIGATION 16 2 1364.0625 105.5 0. 1368.13623 122 101 101 0 0 0
133.600 14 GPS 3 36165197 481370124 882 218495 1327 -11 0 8793720 31 0
133.650 14 CIRCLE 1402.660034 27.23632 80.
133.650 14 NAVIGATION 16 2 1367.21875 105.5 0. 1368.13623 122 101 101 0 0 0
133.651 14 ESTIMATOR 218.349594 -0.11
133.749 14 AIRSPEED 12.8 0. 0. 0.
133.749 14 ATTITUDE 0.028754 1.666692 -0.004125
133.833 14 NAVIGATION 16 2 1367.21875 105.5 0. 1371.283081 123 102 102 0 0 0
133.850 14 GPS 3 36165516 481370132 884 218530 1326 -10 0 8793960 31 0
133.949 14 CALIBRATION -94.885048 0
134.034 14 FBW_STATUS 2 0 1 12.5 0.49409
134.051 14 ENERGY 35 12.5 0.49409 6.17612 0.108813 1.36014
134.051 14 WP_MOVED 6 360164.8125 4813664.5 260. 31
134.083 14 NAVIGATION 16 2 1370.40625 106. 0. 1374.499634 123 102 102 0 0 0
134.100 14 GPS 3 36165887 481370140 888 218571 1326 -2 0 8794240 31 0
134.151 14 ESTIMATOR 218.407181 -0.02
134.250 14 ATTITUDE 0.040108 1.676165 -0.000365
134.333 14 NAVIGATION 16 2 1374.125 106. 0. 1378.207397 123 102 102 0 0 0
134.349 14 IR_SENSORS 0 0 23 -5 264
134.350 14 GPS 3 36166205 481370144 892 218605 1326 23 0 8794480 31 0
134.351 14 SVINFO 0 7 0 0 38 89 87
134.550 14 DL_VALUE 38 0.
134.550 14 WP_MOVED 7 360558.40625 4813804.5 260. 31
134.584 14 NAVIGATION 16 2 1377.28125 106. 0. 1381.354248 123 102 102 0 0 0
134.599 14 DESIRED 0.074189 0.00018 0. 1439.153687 98.427681 215. -0.103629 13.
134.600 14 GPS 3 36166523 481370147 896 218639 1325 18 0 8794720 31 0
134.600 14 SVINFO 1 8 1 1 39 75 137
134.650 14 NAVIGATION 16 2 1380.5 106. 0. 1381.354248 123 102 102 0 0 0
134.651 14 ESTIMATOR 218.544479 0.18
134.708 14 CIRCLE 1402.660034 27.23632 80.
134.751 14 AIRSPEED 12.8 0. 0. 0.
134.751 14 ATTITUDE 0.055256 1.690001 -0.000365
134.834 14 NAVIGATION 16 2 1380.5 106. 0. 1384.563599 124 103 103 0 0 0
134.850 14 FBW_STATUS 2 0 1 12.5 0.473397
134.850 14 GPS 3 36166841 481370146 901 218672 1323 22 0 8794960 31 0
134.851 14 SVINFO 2 9 1 2 40 33 187
134.949 14 NAVIGATION_REF 360284 4813595 31 185.
134.950 14 GPS_SOL 467 467 467 7
135.049 14 DATALINK_REPORT 2 18 3855 551 0 0
135.050 14 WP_MOVED 8 361680.28125 4813542.5 215. 31
135.083 14 NAVIGATION 16 2 1383.65625 106. 0. 1387.710571 124 103 103 0 0 0
135.100 14 GPS 3 36167211 481370141 907 218708 1321 17 0 8795240 31 0
135.100 14 SVINFO 3 10 1 3 41 1 237
135.151 14 ENERGY 33 12.5 0.464362 5.80453 0.109693 1.371146
135.151 14 ESTIMATOR 218.676559 0.17
135.249 14 ATTITUDE 0.070407 1.709651 -0.000365
135.333 14 NAVIGATION 16 2 1387.375 106. 0. 1391.418457 124 103 103 0 0 0
135.350 14 GPS 3 36167528 481370133 915 218737 1319 20 0 8795480 31 0
135.350 14 SVINFO 4 11 1 4 42 11 287
135.550 14 IR_SENSORS 0 0 23 7 264
135.551 14 WP_MOVED 9 360312.8125 4813652. 185. 31
135.583 14 NAVIGATION 16 2 1390.53125 106. 0. 1394.565552 124 103 103 0 0 0
135.600 14 GPS 3 36167843 481370120 923 218763 1317 15 0 8795720 31 0
135.600 14 SVINFO 5 12 1 5 43 51 337
135.650 14 DESIRED 0.112492 0.004115 0. 1449.960083 91.755348 215. -0.11171 13.
135.650 14 NAVIGATION 16 2 1393.6875 105.5 0. 1394.565552 124 103 103 0 0 0
135.651 14 ESTIMATOR 218.77092 0.15
135.750 14 CIRCLE 1402.660034 27.23632 80.
135.750 14 AIRSPEED 12.8 0. 0. 0.
135.750 14 ATTITUDE 0.100693 1.736543 -0.000365
135.833 14 NAVIGATION 16 2 1393.6875 105.5 0. 1397.674927 125 104 104 0 0 0
135.850 14 GPS 3 36168158 481370102 933 218786 1314 27 0 8795960 31 0
135.850 14 SVINFO 6 13 1 6 44 86 28
136.034 14 FBW_STATUS 2 0 1 12.5 0.437145
136.051 14 CALIBRATION -61.411274 0
136.051 14 DL_VALUE 39 0.
136.051 14 WP_MOVED 10 361686.65625 4813622. 215. 31
136.083 14 NAVIGATION 16 2 1396.84375 105.5 0. 1400.822144 125 104 104 0 0 0
136.099 14 GPS 3 36168525 481370073 944 218809 1311 34 0 8796240 31 0
136.150 14 ESTIMATOR 218.854446 0.34
136.250 14 ENERGY 31 12.5 0.428443 5.355537 0.110515 1.38141
136.250 14 ATTITUDE 0.115813 1.773405 -0.000365
136.333 14 NAVIGATION 16 2 1400.5 105.5 0. 1404.468018 125 104 104 0 0 0
136.350 14 GPS 3 36168837 481370041 958 218826 1308 30 0 8796480 31 0
136.549 14 WP_MOVED 11 360169.5 4813757.5 260. 31
136.583 14 NAVIGATION 16 2 1403.625 105. 0. 1407.546875 125 104 104 0 0 0
136.599 14 GPS 3 36169148 481370003 970 218840 1304 33 0 8796720 31 0
136.599 14 SVINFO 2 9 1 2 41 30 188
136.650 14 NAVIGATION 16 2 1406.71875 104.5 0. 1407.546875 125 104 104 0 0 0
136.650 14 ESTIMATOR 218.947952 0.33
136.712 14 DESIRED 0.141308 0.007771 0. 1459.926147 83.098602 215. -0.117309 13.
136.750 14 IR_SENSORS 0 0 24 18 264
136.750 14 AIRSPEED 12.8 0. 0. 0.
136.750 14 ATTITUDE 0.130908 1.816944 0.003393
136.799 14 CIRCLE 1402.660034 27.23632 80.
136.833 14 NAVIGATION 16 2 1406.71875 104.5 0. 1410.594849 126 105 105 0 0 0
136.850 14 FBW_STATUS 2 0 1 12.5 0.403938
136.850 14 GPS 3 36169457 481369957 984 218852 1301 35 0 8796960 31 0
136.851 14 SVINFO 3 10 1 3 42 1 238
136.934 14 COMMANDS 2868,94,56,0
136.950 14 GPS_SOL 483 483 483 7
137.051 14 WP_MOVED 12 360287.59375 4813581. 260. 31
137.083 14 NAVIGATION 16 2 1409.8125 104. 0. 1413.643311 126 105 105 0 0 0
137.100 14 GPS 3 36169814 481369895 999 218862 1296 55 0 8797240 31 0
137.100 14 SVINFO 4 11 1 4 43 13 288
137.150 14 COMMANDS 2792,108,60,0
137.150 14 ESTIMATOR 219.018112 0.55
137.249 14 AUTOPILOT_VERSION 51500 v5.15_devel-179-g9a29798-dirty
137.249 14 STATE_FILTER_STATUS 2 3 308
137.249 14 ATTITUDE 0.142511 1.865631 0.003736
137.333 14 NAVIGATION 16 2 1413.40625 103.5 0. 1417.190674 126 105 105 0 0 0
137.350 14 ENERGY 28 12.5 0.376871 4.710889 0.111257 1.390692
137.350 14 GPS 3 36170118 481369833 1016 218868 1291 35 0 8797480 31 0
137.351 14 SVINFO 5 12 1 5 44 55 338
137.449 14 PPRZ_MODE 2 3 2 2 0 6
137.550 14 ALIVE 101,248,228,24,166,140,12,35,201,240,56,234,1,216,147,12
137.550 14 DL_VALUE 40 0.
137.550 14 WP_MOVED 13 360311.5 4813547. 260. 31
137.583 14 NAVIGATION 16 2 1416.4375 102.5 0. 1420.141357 126 105 105 0 0 0
137.600 14 GPS 3 36170419 481369763 1030 218870 1286 35 0 8797720 31 0
137.601 14 SVINFO 6 13 1 6 45 87 29
137.650 14 NAVIGATION 16 2 1419.4375 102. 0. 1420.141357 126 105 105 0 0 0
137.650 14 ESTIMATOR 219.0923 0.35
137.749 14 DESIRED 0.161166 0.009509 0. 1468.489868 72.69429 215. -0.122451 13.
137.749 14 AIRSPEED 12.8 0. 0. 0.
137.749 14 ATTITUDE 0.150062 1.918335 0.007506
137.832 14 NAVIGATION 16 2 1419.4375 102. 0. 1423.097656 127 106 106 0 0 0
137.850 14 CIRCLE 1402.660034 27.23632 80.
137.850 14 GPS 3 36170766 481369671 1048 218866 1281 24 0 8798000 31 0
137.851 14 SVINFO 0 7 0 0 39 89 89
137.950 14 IR_SENSORS 0 0 25 24 263
138.033 14 FBW_STATUS 2 0 1 12.5 0.353037
138.049 14 WP_MOVED 14 360300.6875 4813575.5 260. 31
138.083 14 NAVIGATION 16 2 1422.9375 101. 0. 1426.517456 127 106 106 0 0 0
138.099 14 GPS 3 36171059 481369584 1065 218858 1275 28 0 8798240 31 0
138.100 14 SVINFO 1 8 0 1 40 70 139
138.149 14 CALIBRATION -2.491889 0
138.150 14 ESTIMATOR 219.081757 0.28
138.249 14 ATTITUDE 0.161371 1.976897 0.007506
138.333 14 NAVIGATION 16 2 1425.84375 100.5 0. 1429.381226 127 106 106 0 0 0
138.349 14 GPS 3 36171349 481369488 1084 218845 1270 1 0 8798480 31 0
138.449 14 ENERGY 26 12.5 0.344557 4.30696 0.111913 1.398897
138.550 14 WP_MOVED 15 360297.6875 4813554.5 260. 31
138.583 14 NAVIGATION 16 2 1428.71875 99. 0. 1432.144653 127 106 106 0 0 0
138.599 14 GPS 3 36171634 481369384 1100 218826 1266 16 0 8798720 31 0
138.649 14 NAVIGATION 16 2 1431.5625 98.5 0. 1432.144653 127 106 106 0 0 0
138.650 14 ESTIMATOR 219.011337 0.16
138.749 14 AIRSPEED 12.8 0. 0. 0.
138.749 14 ATTITUDE 0.168896 2.034139 0.011273
138.799 14 DESIRED 0.177553 0.011484 0. 1475.13916 61.100319 215. -0.122188 13.
138.833 14 NAVIGATION 16 2 1431.5625 98.5 0. 1434.947266 128 107 107 0 0 0
138.849 14 FBW_STATUS 2 0 1 12.5 0.334799
138.849 14 GPS 3 36171916 481369271 1118 218803 1262 34 0 8798960 31 0
138.900 14 CIRCLE 1402.660034 27.23632 80.
138.951 14 GPS_SOL 499 499 499 7
139.051 14 DL_VALUE 41 0.
139.051 14 WP_MOVED 16 360683.46875 4813622.5 215. 31
139.083 14 NAVIGATION 16 2 1434.40625 97.5 0. 1437.716064 128 107 107 0 0 0
139.100 14 GPS 3 36172238 481369128 1139 218770 1258 42 0 8799240 31 0
139.150 14 IR_SENSORS 0 0 26 30 262
139.150 14 ESTIMATOR 218.994781 0.42
139.250 14 ATTITUDE 0.176839 2.097076 0.011646
139.333 14 NAVIGATION 16 2 1437.65625 95.5 0. 1440.824707 128 107 107 0 0 0
139.349 14 GPS 3 36172509 481368996 1163 218736 1254 25 0 8799480 31 0
139.551 14 ENERGY 24 12.5 0.307495 3.843683 0.112513 1.406387
139.551 14 WP_MOVED 17 360654.59375 4813624.5 215. 31
139.583 14 NAVIGATION 16 2 1440.34375 94.5 0. 1443.44043 128 107 107 0 0 0
139.599 14 GPS 3 36172774 481368855 1179 218697 1250 23 0 8799720 31 0
139.600 14 SVINFO 0 7 0 0 40 89 90
139.650 14 NAVIGATION 16 2 1443. 93. 0. 1443.44043 128 107 107 0 0 0
139.650 14 ESTIMATOR 218.973267 0.23
139.750 14 AIRSPEED 12.8 0. 0. 0.
139.750 14 ATTITUDE 0.184367 2.162827 0.011646
139.833 14 NAVIGATION 16 2 1443. 93. 0. 1445.993774 129 108 108 0 0 0
139.851 14 DESIRED 0.193565 0.013245 0. 1480.457886 45.877621 215. -0.119198 13.
139.852 14 GPS 3 36173033 481368706 1199 218653 1246 22 0 8799960 31 0
139.852 14 SVINFO 1 8 1 1 41 67 140
139.950 14 CIRCLE 1402.660034 27.23632 80.
140.034 14 FBW_STATUS 2 0 1 12.5 0.293779
140.051 14 WP_MOVED 18 360289. 4813605. 220. 31
140.083 14 NAVIGATION 16 2 1445.5625 91.5 0. 1448.455444 129 108 108 0 0 0
140.099 14 GPS 3 36173327 481368520 1221 218595 1242 21 0 8800240 31 0
140.100 14 SVINFO 2 9 0 2 42 24 190
140.149 14 DATALINK_REPORT 7 18 3990 571 0 0
140.149 14 ESTIMATOR 218.887512 0.21
140.249 14 CALIBRATION 42.253521 0
140.250 14 ATTITUDE 0.188126 2.230996 0.011646
140.333 14 NAVIGATION 16 2 1448.53125 89.5 0. 1451.293579 129 108 108 0 0 0
140.350 14 IR_SENSORS 0 0 26 34 262
140.351 14 GPS 3 36173573 481368352 1247 218540 1238 12 0 8800480 31 0
140.351 14 SVINFO 3 10 1 3 43 0 240
140.549 14 DL_VALUE 42 0.6
140.550 14 WP_MOVED 19 360289. 4813610. 500. 31
140.583 14 NAVIGATION 16 2 1450.96875 88. 0. 1453.634888 129 108 108 0 0 0
140.599 14 GPS 3 36173811 481368176 1265 218479 1235 8 0 8800720 31 0
140.600 14 SVINFO 4 11 1 4 44 17 290
140.650 14 ENERGY 22 12.5 0.282419 3.530241 0.11305 1.413103
140.650 14 NAVIGATION 16 2 1453.375 86.5 0. 1453.634888 129 108 108 0 0 0
140.650 14 ESTIMATOR 218.767456 0.08
140.749 14 AIRSPEED 12.8 0. 0. 0.
140.749 14 ATTITUDE 0.191882 2.300772 0.015424
140.834 14 NAVIGATION 16 2 1453.375 86.5 0. 1455.946899 130 109 109 0 0 0
140.850 14 FBW_STATUS 2 0 1 12.5 0.278917
140.851 14 GPS 3 36174042 481367991 1286 218415 1232 8 0 8800960 31 0
140.851 14 SVINFO 5 12 1 5 45 61 340
140.900 14 DESIRED 0.197696 0.014727 0. 1482.419434 33.436073 215. -0.113024 13.
140.950 14 GPS_SOL 515 515 515 7
