100.016 14 NAVIGATION 16 4 563.0625 13. 0. 566.23175 86 65 4 0 0 0
100.016 14 ESTIMATOR 216.376328 -0.44
100.115 14 ENERGY 30 12.5 0.411153 5.139418 0.079944 0.999284
100.116 14 AIRSPEED 13.2 0. 0. 0.
100.116 14 ATTITUDE 0.017409 4.715565 -0.000365
100.199 14 NAVIGATION 16 4 563.0625 13. 0. 563.212524 87 66 5 0 0 0
100.215 14 DESIRED 0.008653 -0.000251 0. 498.366669 19.396736 215. -0.04129 13.
100.216 14 GPS 3 36084477 481360852 2748 216505 1273 -36 0 9919960 31 0
100.398 14 FBW_STATUS 2 0 1 12.5 0.419779
100.414 14 WP_MOVED 3 360294.09375 4813785. 260. 31
100.449 14 NAVIGATION 16 4 560. 13. 0. 560.150879 87 66 5 0 0 0
100.465 14 GPS 3 36084120 481360884 2750 216462 1280 -20 0 9920240 31 0
100.516 14 ESTIMATOR 216.295319 -0.2
100.614 14 CALIBRATION -36.765095 0
100.614 14 ATTITUDE 0.013629 4.723332 -0.000365
100.699 14 NAVIGATION 16 4 556.4375 13.5 0. 556.601257 87 66 5 0 0 0
100.715 14 IR_SENSORS 0 0 23 -13 264
100.715 14 GPS 3 36083814 481360912 2751 216430 1283 -25 0 9920480 31 0
100.815 14 SEGMENT 598.826965 11.351797 28.799999 57.
100.914 14 DL_VALUE 14 0.
100.914 14 WP_MOVED 4 360416.3125 4813734. 260. 31
100.949 14 NAVIGATION 16 4 553.40625 13.5 0. 553.570862 87 66 5 0 0 0
100.965 14 GPS 3 36083506 481360940 2753 216404 1286 -14 0 9920720 31 0
101.016 14 NAVIGATION 16 4 550.28125 14. 0. 553.570862 87 66 5 0 0 0
101.016 14 ESTIMATOR 216.274918 -0.14
101.116 14 AIRSPEED 13.2 0. 0. 0.
101.116 14 ATTITUDE 0.009851 4.727424 -0.000365
101.198 14 NAVIGATION 16 4 550.28125 14. 0. 550.459351 88 67 6 0 0 0
101.215 14 FBW_STATUS 2 0 1 12.5 0.429833
101.216 14 ENERGY 31 12.5 0.429833 5.372909 0.080719 1.008972
101.216 14 GPS 3 36083198 481360969 2753 216382 1289 -11 0 9920960 31 0
101.216 14 SVINFO 5 12 1 5 31 1 316
101.265 14 DESIRED 0.003621 -0.000886 0. 485.58728 20.420118 215. -0.038248 13.
101.315 14 NAVIGATION_REF 360284 4813595 31 185.
101.315 14 GPS_SOL 300 300 300 7
101.415 14 WP_MOVED 5 360421. 4813583.5 260. 31
101.449 14 NAVIGATION 16 4 547.25 14. 0. 547.429077 88 67 6 0 0 0
101.465 14 GPS 3 36082838 481361004 2754 216361 1292 -3 0 9921240 31 0
101.515 14 ESTIMATOR 216.277725 -0.03
101.615 14 ATTITUDE 0.006075 4.73127 -0.000365
101.699 14 NAVIGATION 16 4 543.65625 14.5 0. 543.849609 88 67 6 0 0 0
101.715 14 DATALINK_REPORT 6 14 2938 535 0 0
101.715 14 GPS 3 36082529 481361034 2755 216347 1294 -17 0 9921480 31 0
101.915 14 IR_SENSORS 0 0 22 -15 264
101.915 14 WP_MOVED 6 360164.8125 4813664.5 260. 31
101.949 14 NAVIGATION 16 4 540.53125 14.5 0. 540.725708 88 67 6 0 0 0
101.965 14 GPS 3 36082219 481361064 2755 216335 1295 -17 0 9921720 31 0
102.015 14 SEGMENT 598.826965 11.351797 28.799999 57.
102.016 14 NAVIGATION 16 4 537.4375 15. 0. 540.725708 88 67 6 0 0 0
102.016 14 ESTIMATOR 216.269943 -0.17
102.115 14 AIRSPEED 13.2 0. 0. 0.
102.115 14 ATTITUDE 0.006075 4.733018 -0.004125
102.198 14 NAVIGATION 16 4 537.4375 15. 0. 537.64679 89 68 7 0 0 0
102.216 14 GPS 3 36081909 481361095 2756 216325 1296 -18 0 9921960 31 0
102.315 14 ENERGY 32 12.5 0.43889 5.486126 0.081513 1.018891
102.315 14 DESIRED 0.001368 -0.001272 0. 472.745789 21.448475 215. -0.038098 13.
102.398 14 FBW_STATUS 2 0 1 12.5 0.440113
102.415 14 DL_VALUE 15 0.
102.415 14 WP_MOVED 7 360558.40625 4813804.5 260. 31
102.449 14 NAVIGATION 16 4 534.34375 15.5 0. 534.568542 89 68 7 0 0 0
102.466 14 GPS 3 36081548 481361130 2756 216316 1298 -19 0 9922240 31 0
102.515 14 ESTIMATOR 216.235397 -0.19
102.616 14 ATTITUDE 0.0023 4.73452 -0.000365
102.699 14 NAVIGATION 16 4 530.71875 15.5 0. 530.945068 89 68 7 0 0 0
102.715 14 CALIBRATION -51.568298 0
102.715 14 GPS 3 36081237 481361161 2756 216311 1299 -12 0 9922480 31 0
102.915 14 WP_MOVED 8 360882.8125 4813606.5 215. 31
102.948 14 NAVIGATION 16 4 527.625 16. 0. 527.867554 89 68 7 0 0 0
102.964 14 GPS 3 36080926 481361192 2756 216307 1301 1 0 9922720 31 0
103.016 14 NAVIGATION 16 4 524.53125 16.5 0. 527.867554 89 68 7 0 0 0
103.017 14 ESTIMATOR 216.219711 0.01
103.115 14 IR_SENSORS 0 0 22 -17 264
103.115 14 AIRSPEED 13.2 0. 0. 0.
103.116 14 ATTITUDE -0.001473 4.735178 -0.004125
103.199 14 NAVIGATION 16 4 524.53125 16.5 0. 524.79071 90 69 8 0 0 0
103.215 14 FBW_STATUS 2 0 1 12.5 0.442909
103.215 14 SEGMENT 598.826965 11.351797 28.799999 57.
103.215 14 GPS 3 36080615 481361223 2756 216306 1302 -12 0 9922960 31 0
103.216 14 SVINFO 6 13 1 6 32 34 8
103.315 14 GPS_SOL 300 300 300 7
103.382 14 DESIRED -0.003392 -0.001676 0. 459.802429 22.484989 215. -0.036591 13.
103.415 14 ENERGY 32 12.5 0.446236 5.577946 0.082326 1.029055
103.415 14 WP_MOVED 9 360312.8125 4813652. 185. 31
103.449 14 NAVIGATION 16 4 521.40625 16.5 0. 521.667236 90 69 8 0 0 0
103.465 14 GPS 3 36080252 481361259 2756 216305 1303 -9 0 9923240 31 0
103.516 14 ESTIMATOR 216.237198 -0.09
103.615 14 ATTITUDE -0.001473 4.7348 -0.004125
103.699 14 NAVIGATION 16 4 517.78125 17. 0. 518.060242 90 69 8 0 0 0
103.715 14 GPS 3 36079941 481361290 2756 216307 1303 -6 0 9923480 31 0
103.915 14 DL_VALUE 16 80.
103.916 14 WP_MOVED 10 360889.21875 4813686. 215. 31
103.948 14 NAVIGATION 16 4 514.65625 17.5 0. 514.953674 90 69 8 0 0 0
103.964 14 GPS 3 36079630 481361320 2756 216309 1304 -19 0 9923720 31 0
104.017 14 NAVIGATION 16 4 511.5625 17.5 0. 514.953674 90 69 8 0 0 0
104.017 14 ESTIMATOR 216.245407 -0.19
104.115 14 AIRSPEED 13.2 0. 0. 0.
104.115 14 ATTITUDE -0.001473 4.734362 -0.004125
104.199 14 NAVIGATION 16 4 511.5625 17.5 0. 511.861725 91 70 9 0 0 0
104.214 14 GPS 3 36079318 481361351 2756 216312 1304 -32 0 9923960 31 0
104.299 14 COMMANDS 3198,-8,28,0
104.315 14 IR_SENSORS 0 0 22 -17 264
104.400 14 FBW_STATUS 2 0 1 12.5 0.459066
104.415 14 SEGMENT 598.826965 11.351797 28.799999 57.
104.416 14 DESIRED -0.002565 -0.001715 0. 446.836731 23.523291 215. -0.037362 13.
104.416 14 WP_MOVED 11 360169.5 4813757.5 260. 31
104.449 14 NAVIGATION 16 4 508.4375 18. 0. 508.756012 91 70 9 0 0 0
104.465 14 GPS 3 36078954 481361387 2755 216317 1306 -16 0 9924240 31 0
104.466 14 SVINFO 4 11 1 4 31 8 268
104.515 14 COMMANDS 3212,-23,-15,0
104.515 14 ENERGY 33 12.5 0.459066 5.73833 0.083152 1.039381
104.516 14 ESTIMATOR 216.190842 -0.16
104.616 14 STATE_FILTER_STATUS 2 3 304
104.616 14 ATTITUDE -0.001473 4.733188 -0.000365
104.699 14 NAVIGATION 16 4 504.78125 18.5 0. 505.120148 91 70 9 0 0 0
104.715 14 GPS 3 36078642 481361417 2755 216323 1307 -38 0 9924480 31 0
104.815 14 PPRZ_MODE 2 3 2 1 0 6
104.815 14 CALIBRATION -65.466713 0
104.915 14 ALIVE 101,248,228,24,166,140,12,35,201,240,56,234,1,216,147,12
104.915 14 WP_MOVED 12 360287.59375 4813581. 260. 31
104.948 14 NAVIGATION 16 4 501.65625 18.5 0. 501.997253 91 70 9 0 0 0
104.966 14 GPS 3 36078329 481361447 2754 216330 1308 -20 0 9924720 31 0
105.014 14 NAVIGATION 16 4 498.53125 19. 0. 501.997253 91 70 9 0 0 0
105.015 14 ESTIMATOR 216.159164 -0.2
105.115 14 AIRSPEED 13.2 0. 0. 0.
105.115 14 ATTITUDE -0.001473 4.731778 -0.004125
105.199 14 NAVIGATION 16 4 498.53125 19. 0. 498.893188 92 71 10 0 0 0
105.215 14 FBW_STATUS 2 0 1 12.5 0.47393
105.216 14 GPS 3 36078016 481361476 2754 216339 1310 -23 0 9924960 31 0
105.315 14 GPS_SOL 301 301 301 7
105.415 14 DL_VALUE 17 0.
105.416 14 WP_MOVED 13 360311.5 4813547. 260. 31
105.449 14 NAVIGATION 16 4 495.40625 19. 0. 495.770477 92 71 10 0 0 0
105.465 14 DESIRED -0.002377 -0.001599 0. 430.664124 24.818409 215. -0.035047 13.
105.465 14 GPS 3 36077650 481361511 2753 216353 1313 -10 0 9925240 31 0
105.515 14 IR_SENSORS 0 0 23 -17 264
105.515 14 ESTIMATOR 216.172989 -0.1
105.615 14 SEGMENT 598.826965 11.351797 28.799999 57.
105.616 14 ENERGY 34 12.5 0.478017 5.975218 0.084015 1.050171
105.616 14 ATTITUDE -0.001473 4.729933 -0.000365
105.691 14 WIND_INFO 14 5 -0.1 1.1 0. 13.1
105.699 14 NAVIGATION 16 4 491.71875 19.5 0. 492.105255 92 71 10 0 0 0
105.715 14 GPS 3 36077336 481361540 2753 216367 1314 -22 0 9925480 31 0
105.915 14 WP_MOVED 14 360300.6875 4813575.5 260. 31
105.948 14 NAVIGATION 16 4 488.625 20. 0. 489.034149 92 71 10 0 0 0
105.965 14 GPS 3 36077021 481361569 2752 216383 1315 -28 0 9925720 31 0
105.966 14 SVINFO 3 10 0 3 31 44 219
106.016 14 NAVIGATION 16 4 485.4375 20. 0. 489.034149 92 71 10 0 0 0
106.017 14 ESTIMATOR 216.209335 -0.28
106.115 14 AIRSPEED 13.1 0. 0. 0.
106.115 14 ATTITUDE -0.001473 4.720935 -0.004125
106.198 14 NAVIGATION 16 4 485.4375 20. 0. 485.849335 93 72 11 0 0 0
106.215 14 GPS 3 36076707 481361598 2752 216401 1317 -31 0 9925960 31 0
106.315 14 AUTOPILOT_VERSION 51500 v5.15_devel-179-g9a29798-dirty
106.398 14 FBW_STATUS 2 0 1 12.5 0.495703
106.415 14 WP_MOVED 15 360297.6875 4813554.5 260. 31
106.449 14 NAVIGATION 16 4 482.34375 20.5 0. 482.779205 93 72 11 0 0 0
106.465 14 GPS 3 36076339 481361631 2751 216425 1319 -22 0 9926240 31 0
106.466 14 SVINFO 5 12 0 5 32 4 319
106.516 14 DESIRED -0.00468 -0.001264 0. 417.56546 25.867359 215. -0.036197 13.
106.516 14 ESTIMATOR 216.205124 -0.22
106.615 14 ATTITUDE -0.005245 4.719212 -0.000365
106.698 14 NAVIGATION 16 4 478.65625 21. 0. 479.116699 93 72 11 0 0 0
106.716 14 IR_SENSORS 0 0 23 -18 264
106.716 14 ENERGY 35 12.5 0.500013 6.250161 0.084913 1.061385
106.716 14 GPS 3 36076023 481361660 2751 216448 1321 -7 0 9926480 31 0
106.816 14 DATALINK_REPORT 1 15 3061 540 0 0
106.816 14 SEGMENT 598.826965 11.351797 28.799999 57.
106.915 14 CALIBRATION -88.188438 0
106.915 14 DL_VALUE 18 1.
106.915 14 WP_MOVED 16 360683.46875 4813622.5 215. 31
106.948 14 NAVIGATION 16 4 475.5 21. 0. 475.963501 93 72 11 0 0 0
106.965 14 GPS 3 36075707 481361688 2750 216474 1322 -1 0 9926720 31 0
107.015 14 NAVIGATION 16 4 472.34375 21.5 0. 475.963501 93 72 11 0 0 0
107.015 14 ESTIMATOR 216.277222 -0.01
107.115 14 AIRSPEED 13.1 0. 0. 0.
107.115 14 ATTITUDE -0.005245 4.717595 -0.000365
107.199 14 NAVIGATION 16 4 472.34375 21.5 0. 472.832825 94 73 12 0 0 0
107.214 14 FBW_STATUS 2 0 1 12.5 0.497318
107.215 14 GPS 3 36075390 481361716 2750 216502 1323 -3 0 9926960 31 0
107.315 14 GPS_SOL 304 304 304 7
107.416 14 WP_MOVED 17 360654.59375 4813624.5 215. 31
107.449 14 NAVIGATION 16 4 469.15625 22. 0. 469.671783 94 73 12 0 0 0
107.466 14 GPS 3 36075021 481361747 2749 216536 1325 6 0 9927240 31 0
107.515 14 ESTIMATOR 216.379684 0.06
107.565 14 DESIRED -0.00616 -0.001453 0. 404.342651 26.92625 215. -0.039994 13.
107.615 14 ATTITUDE -0.005245 4.714838 -0.000365
107.699 14 NAVIGATION 16 4 465.4375 22. 0. 465.957153 94 73 12 0 0 0
107.715 14 GPS 3 36074704 481361774 2748 216568 1325 10 0 9927480 31 0
107.816 14 ENERGY 35 12.5 0.491224 6.140295 0.085823 1.072766
107.915 14 IR_SENSORS 0 0 22 -18 264
107.915 14 WP_MOVED 18 360289. 4813605. 220. 31
107.948 14 NAVIGATION 16 4 459.125 22.5 0. 459.675995 94 73 12 0 0 0
107.966 14 GPS 3 36074387 481361801 2747 216600 1325 4 0 9927720 31 0
108.015 14 SEGMENT 598.826965 11.351797 28.799999 57.
108.016 14 NAVIGATION 16 4 459.125 22.5 0. 459.675995 94 73 12 0 0 0
108.016 14 ESTIMATOR 216.499115 0.04
108.115 14 AIRSPEED 13.1 0. 0. 0.
108.116 14 ATTITUDE -0.005245 4.712965 -0.004125
108.199 14 NAVIGATION 16 4 455.96875 22.5 0. 456.52356 95 74 13 0 0 0
108.215 14 GPS 3 36074070 481361827 2747 216632 1324 8 0 9927960 31 0
108.398 14 FBW_STATUS 2 0 1 12.5 0.484254
108.415 14 DL_VALUE 19 0.
108.415 14 WP_MOVED 19 360289. 4813610. 500. 31
108.448 14 NAVIGATION 16 4 452.25 23. 0. 452.834473 95 74 13 0 0 0
108.466 14 GPS 3 36073701 481361858 2746 216669 1323 12 0 9928240 31 0
108.466 14 SVINFO 6 13 0 6 33 43 11
108.515 14 ESTIMATOR 216.588531 0.12
108.616 14 DESIRED 0.000154 -0.002229 0. 387.464539 28.277863 215. -0.047656 13.
108.616 14 ATTITUDE -0.001473 4.710549 -0.000365
108.699 14 NAVIGATION 16 4 449.09375 23.5 0. 449.708191 95 74 13 0 0 0
108.715 14 GPS 3 36073384 481361883 2746 216700 1323 2 0 9928480 31 0
108.915 14 ENERGY 34 12.5 0.478551 5.981891 0.086711 1.083865
108.915 14 WP_MOVED 20 360289. 4813620. 300. 31
108.948 14 NAVIGATION 16 4 445.9375 23.5 0. 446.556274 95 74 13 0 0 0
108.965 14 GPS 3 36073068 481361909 2745 216730 1322 13 0 9928720 31 0
109.015 14 CALIBRATION -76.457909 0
109.015 14 NAVIGATION 16 4 445.9375 23.5 0. 446.556274 95 74 13 0 0 0
109.016 14 ESTIMATOR 216.666443 0.13
109.115 14 IR_SENSORS 0 0 23 -17 264
109.116 14 AIRSPEED 13.1 0. 0. 0.
109.116 14 ATTITUDE -0.001473 4.709307 -0.000365
109.199 14 NAVIGATION 16 4 442.78125 23.5 0. 443.404419 96 75 14 0 0 0
109.216 14 FBW_STATUS 2 0 1 12.5 0.472332
109.216 14 SEGMENT 598.826965 11.351797 28.799999 57.
109.216 14 GPS 3 36072752 481361934 2745 216759 1321 24 0 9928960 31 0
109.217 14 SVINFO 2 9 1 2 31 78 171
109.299 14 COMMANDS 3260,5,-23,0
109.315 14 GPS_SOL 308 308 308 7
109.415 14 WP_MOVED 21 360289. 4813625. 400. 31
109.448 14 NAVIGATION 16 4 439.09375 24. 0. 439.749176 96 75 14 0 0 0
109.464 14 GPS 3 36072383 481361963 2745 216791 1318 14 0 9929240 31 0
109.516 14 COMMANDS 3236,-4,20,0
109.516 14 ESTIMATOR 216.778641 0.14
109.615 14 STATE_FILTER_STATUS 2 3 303
109.615 14 ATTITUDE 0.0023 4.708322 -0.000365
109.665 14 DESIRED 0.001668 -0.002428 0. 374.312561 29.331083 215. -0.053359 13.
109.699 14 NAVIGATION 16 4 435.9375 24.5 0. 436.625397 96 75 14 0 0 0
109.716 14 GPS 3 36072068 481361988 2745 216816 1317 -6 0 9929480 31 0
109.717 14 SVINFO 4 11 0 4 32 3 271
109.815 14 PPRZ_MODE 2 3 2 1 0 6
109.915 14 ALIVE 101,248,228,24,166,140,12,35,201,240,56,234,1,216,147,12
109.916 14 DL_VALUE 20 0.
109.916 14 WP_MOVED 22 360289. 4813645. 250. 31
109.949 14 NAVIGATION 16 4 432.78125 24.5 0. 433.474182 96 75 14 0 0 0
109.964 14 GPS 3 36071753 481362013 2745 216840 1316 -6 0 9929720 31 0
109.965 14 SVINFO 5 12 1 5 33 7 321
110.014 14 ENERGY 33 12.5 0.463125 5.789068 0.087567 1.094571
110.015 14 NAVIGATION 16 4 432.78125 24.5 0. 433.474182 96 75 14 0 0 0
110.015 14 ESTIMATOR 216.809723 -0.06
110.115 14 AIRSPEED 13.1 0. 0. 0.
110.116 14 ATTITUDE 0.0023 4.70805 -0.000365
110.199 14 NAVIGATION 16 4 429.65625 25. 0. 430.382965 97 76 15 0 0 0
110.215 14 GPS 3 36071439 481362038 2745 216861 1315 10 0 9929960 31 0
110.215 14 SVINFO 6 13 1 6 34 46 12
110.315 14 NAVIGATION_REF 360284 4813595 31 185.
110.316 14 IR_SENSORS 0 0 23 -16 264
110.401 14 FBW_STATUS 2 0 1 12.5 0.458361
110.415 14 SEGMENT 598.826965 11.351797 28.799999 57.
110.415 14 WP_MOVED 0 360326. 4813637. 260. 31
110.449 14 NAVIGATION 16 4 425.96875 25.5 0. 426.731323 97 76 15 0 0 0
110.466 14 GPS 3 36071072 481362067 2745 216884 1313 -5 0 9930240 31 0
110.515 14 ESTIMATOR 216.848892 -0.05
110.615 14 ATTITUDE 0.0023 4.707415 -0.004125
110.699 14 NAVIGATION 16 4 422.84375 25.5 0. 423.611969 97 76 15 0 0 0
110.716 14 DESIRED 0.000258 -0.002541 0. 358.046753 30.633663 215. -0.055605 13.
110.716 14 GPS 3 36070758 481362092 2745 216903 1313 14 0 9930480 31 0
110.915 14 WP_MOVED 1 360284. 4813595. 260. 31
110.948 14 NAVIGATION 16 4 419.6875 25.5 0. 420.461456 97 76 15 0 0 0
110.965 14 GPS 3 36070444 481362117 2745 216920 1312 16 0 9930720 31 0
111.015 14 NAVIGATION 16 4 419.6875 25.5 0. 420.461456 97 76 15 0 0 0
111.015 14 ESTIMATOR 216.896606 0.16
111.115 14 CALIBRATION -59.838039 0
111.116 14 ENERGY 32 12.5 0.449041 5.613013 0.088407 1.105059
111.116 14 AIRSPEED 13.1 0. 0. 0.
111.116 14 ATTITUDE 0.0023 4.707168 -0.000365
111.199 14 NAVIGATION 16 4 416.53125 26. 0. 417.341919 98 77 16 0 0 0
111.215 14 FBW_STATUS 2 0 1 12.5 0.446586
111.215 14 GPS 3 36070130 481362142 2745 216935 1311 21 0 9930960 31 0
111.216 14 SVINFO 3 10 1 3 32 34 222
111.314 14 GPS_SOL 313 313 313 7
111.416 14 DL_VALUE 21 0.
111.416 14 WP_MOVED 2 360333.5 4813695. 260. 31
111.449 14 NAVIGATION 16 4 412.875 26.5 0. 413.724579 98 77 16 0 0 0
111.466 14 GPS 3 36069764 481362170 2744 216951 1308 13 0 9931240 31 0
111.515 14 IR_SENSORS 0 0 22 -16 264
111.515 14 ESTIMATOR 216.979004 0.13
111.615 14 SEGMENT 598.826965 11.351797 28.799999 57.
111.616 14 ATTITUDE 0.0023 4.706591 -0.004125
111.699 14 NAVIGATION 16 4 409.78125 26.5 0. 410.637207 98 77 16 0 0 0
111.716 14 GPS 3 36069451 481362195 2744 216963 1307 3 0 9931480 31 0
111.765 14 DESIRED 0.000849 -0.002759 0. 344.987915 31.679422 215. -0.059971 13.
111.916 14 DATALINK_REPORT 6 15 3187 537 0 0
111.917 14 WP_MOVED 3 360294.09375 4813785. 260. 31
111.949 14 NAVIGATION 16 4 406.65625 26.5 0. 407.518799 98 77 16 0 0 0
111.966 14 GPS 3 36069139 481362220 2745 216973 1306 -1 0 9931720 31 0
112.015 14 NAVIGATION 16 4 406.65625 26.5 0. 407.518799 98 77 16 0 0 0
112.016 14 ESTIMATOR 216.997925 -0.01
112.115 14 AIRSPEED 13.1 0. 0. 0.
112.115 14 ATTITUDE 0.0023 4.706655 -0.004125
112.199 14 NAVIGATION 16 4 403.53125 27. 0. 404.433502 99 78 17 0 0 0
112.215 14 ENERGY 32 12.5 0.434879 5.435987 0.089212 1.115124
112.216 14 GPS 3 36068827 481362244 2745 216980 1304 -14 0 9931960 31 0
112.398 14 FBW_STATUS 2 0 1 12.5 0.438017
112.416 14 WP_MOVED 4 360416.3125 4813734. 260. 31
112.449 14 NAVIGATION 16 4 399.875 27. 0. 400.785492 99 78 17 0 0 0
112.465 14 GPS 3 36068463 481362273 2745 216987 1303 -27 0 9932240 31 0
112.465 14 SVINFO 1 8 1 1 31 89 123
112.516 14 ESTIMATOR 216.964294 -0.27
112.615 14 ATTITUDE 0.0023 4.70671 -0.004125
112.699 14 NAVIGATION 16 4 396.78125 27.5 0. 397.733093 99 78 17 0 0 0
112.715 14 IR_SENSORS 0 0 22 -16 264
112.716 14 GPS 3 36068151 481362298 2745 216991 1303 -9 0 9932480 31 0
112.816 14 SEGMENT 598.826965 11.351797 28.799999 57.
112.817 14 DESIRED 0.001051 -0.005288 0. 331.991211 32.720211 215. -0.110552 13.
112.915 14 DL_VALUE 22 0.
112.915 14 WP_MOVED 5 360421. 4813583.5 260. 31
112.947 14 NAVIGATION 16 4 396.78125 27.5 0. 397.733093 99 78 17 0 0 0
112.964 14 GPS 3 36067839 481362322 2745 216994 1302 -15 0 9932720 31 0
113.015 14 NAVIGATION 16 4 393.65625 28. 0. 397.733093 99 78 17 0 0 0
113.015 14 ESTIMATOR 216.923035 -0.15
113.115 14 AIRSPEED 13.1 0. 0. 0.
113.115 14 ATTITUDE 0.0023 4.706661 -0.004125
113.199 14 NAVIGATION 16 4 393.65625 28. 0. 394.650787 100 79 18 0 0 0
113.215 14 CALIBRATION -54.178154 0
113.215 14 FBW_STATUS 2 0 1 12.5 0.431571
113.215 14 GPS 3 36067528 481362347 2745 216996 1301 4 0 9932960 31 0
113.216 14 SVINFO 4 11 1 4 33 1 273
113.315 14 GPS_SOL 319 319 319 7
113.316 14 ENERGY 30 12.5 0.413048 5.163097 0.090007 1.125066
113.415 14 WP_MOVED 6 360164.8125 4813664.5 260. 31
113.448 14 NAVIGATION 16 4 390.53125 28. 0. 391.533722 100 79 18 0 0 0
113.466 14 GPS 3 36067165 481362376 2745 216997 1299 23 0 9933240 31 0
113.466 14 SVINFO 5 12 1 5 34 11 323
113.515 14 ESTIMATOR 216.942688 0.23
113.615 14 ATTITUDE 0.0023 4.706165 -0.004125
113.699 14 NAVIGATION 16 4 386.875 28. 0. 387.886932 100 79 18 0 0 0
113.716 14 GPS 3 36066855 481362400 2744 216994 1296 11 0 9933480 31 0
113.717 14 SVINFO 6 13 1 6 35 53 14
113.864 14 DESIRED 0.003294 -0.015121 0. 322.108276 33.511642 215. -0.305496 13.
113.915 14 IR_SENSORS 0 0 22 -17 264
113.915 14 WP_MOVED 7 360558.40625 4813804.5 260. 31
113.948 14 NAVIGATION 16 4 383.8125 28.5 0. 384.869171 100 79 18 0 0 0
113.964 14 GPS 3 36066546 481362424 2744 216986 1291 15 0 9933720 31 0
113.965 14 SVINFO 0 7 0 0 31 65 74
114.015 14 SEGMENT 598.826965 11.351797 28.799999 57.
114.015 14 NAVIGATION 16 4 380.6875 29. 0. 384.869171 100 79 18 0 0 0
114.016 14 ESTIMATOR 217.015793 0.15
114.115 14 AIRSPEED 13.1 0. 0. 0.
114.115 14 ATTITUDE -0.001473 4.705261 -0.004125
114.199 14 NAVIGATION 16 4 380.6875 29. 0. 381.790466 101 80 19 0 0 0
114.215 14 GPS 3 36066239 481362448 2744 216970 1284 5 0 9933960 31 0
114.298 14 COMMANDS 2378,9,-205,0
114.398 14 FBW_STATUS 2 0 1 12.5 0.314317
114.415 14 DL_VALUE 23 0.
114.416 14 ENERGY 24 12.5 0.314317 3.928968 0.090673 1.133388
114.416 14 WP_MOVED 8 360882.8125 4813606.5 215. 31
114.448 14 NAVIGATION 16 4 377.65625 29. 0. 378.768066 101 80 19 0 0 0
114.465 14 GPS 3 36065882 481362476 2744 216937 1273 22 0 9934240 31 0
114.465 14 SVINFO 2 9 1 2 32 72 174
114.515 14 COMMANDS 2227,25,-194,0
114.515 14 ESTIMATOR 217.016785 0.22
114.616 14 STATE_FILTER_STATUS 2 3 302
114.616 14 ATTITUDE -0.001473 4.703214 -0.007888
114.699 14 NAVIGATION 16 4 374.0625 29. 0. 375.184967 101 80 19 0 0 0
114.715 14 GPS 3 36065579 481362499 2744 216893 1267 31 0 9934480 31 0
114.716 14 SVINFO 3 10 0 3 33 28 224
114.816 14 PPRZ_MODE 2 3 2 1 0 6
114.915 14 ALIVE 101,248,228,24,166,140,12,35,201,240,56,234,1,216,147,12
114.915 14 DESIRED 0.004177 -0.027264 0. 309.297852 34.537514 215. -0.55007 13.
114.916 14 WP_MOVED 9 360312.8125 4813652. 185. 31
114.948 14 NAVIGATION 16 4 371.0625 29.5 0. 372.233307 101 80 19 0 0 0
114.964 14 GPS 3 36065278 481362523 2744 216833 1258 13 0 9934720 31 0
115.015 14 NAVIGATION 16 4 368.0625 30. 0. 372.233307 101 80 19 0 0 0
115.016 14 ESTIMATOR 217.033859 0.13
115.115 14 IR_SENSORS 0 0 19 -16 264
115.115 14 AIRSPEED 13.1 0. 0. 0.
115.115 14 ATTITUDE 0.0023 4.701792 -0.015421
115.199 14 NAVIGATION 16 4 368.0625 30. 0. 369.283081 102 81 20 0 0 0
115.215 14 FBW_STATUS 2 0 1 12.5 0.226229
115.216 14 SEGMENT 598.826965 11.351797 28.799999 57.
115.216 14 GPS 3 36064979 481362546 2744 216755 1248 1 0 9934960 31 0
115.315 14 CALIBRATION 16.582222 0
115.316 14 GPS_SOL 327 327 327 7
115.415 14 WP_MOVED 10 360889.21875 4813686. 215. 31
115.448 14 NAVIGATION 16 4 365.0625 30. 0. 366.293091 102 81 20 0 0 0
115.464 14 GPS 3 36064634 481362572 2743 216637 1233 -40 0 9935240 31 0
115.515 14 ENERGY 16 12.5 0.197432 2.467904 0.091131 1.139118
115.515 14 ESTIMATOR 216.898438 -0.4
115.616 14 ATTITUDE 0.0023 4.699571 -0.01919
115.693 14 WIND_INFO 14 5 -0.1 1.1 0. 13.1
115.698 14 NAVIGATION 16 4 361.5625 30. 0. 362.804962 102 81 20 0 0 0
115.716 14 GPS 3 36064340 481362595 2743 216513 1227 -45 0 9935480 31 0
115.924 14 DL_VALUE 24 0.
115.924 14 WP_MOVED 11 360169.5 4813757.5 260. 31
115.949 14 NAVIGATION 16 4 358.65625 30.5 0. 359.950775 102 81 20 0 0 0
115.964 14 DESIRED 0.002508 -0.041915 0. 293.870422 35.772949 213.909286 -0.843084 13.
115.964 14 GPS 3 36064048 481362617 2743 216367 1219 -44 0 9935720 31 0
115.964 14 SVINFO 1 8 0 1 32 89 125
116.015 14 NAVIGATION 16 4 355.71875 30.5 0. 359.950775 102 81 20 0 0 0
116.015 14 ESTIMATOR 216.549484 -0.44
116.115 14 AIRSPEED 13.1 0. 0. 0.
116.116 14 ATTITUDE 0.0023 4.698226 -0.026734
116.199 14 NAVIGATION 16 4 355.71875 30.5 0. 357.023926 103 82 21 0 0 0
116.215 14 GPS 3 36063758 481362639 2743 216201 1211 -62 0 9935960 31 0
116.315 14 IR_SENSORS 0 0 15 -16 265
116.408 14 FBW_STATUS 2 0 1 12.5 0.142619
116.416 14 SEGMENT 598.826965 11.351797 28.799999 57.
116.416 14 WP_MOVED 12 360287.59375 4813581. 260. 31
116.449 14 NAVIGATION 16 4 352.84375 30.5 0. 354.159515 103 82 21 0 0 0
116.466 14 GPS 3 36063422 481362665 2743 215980 1199 -88 0 9936240 31 0
116.515 14 ESTIMATOR 216.160706 -0.88
116.615 14 ENERGY 12 12.5 0.13578 1.697253 0.091428 1.142833
116.616 14 ATTITUDE 0.002528 4.696438 -0.034485
116.699 14 NAVIGATION 16 4 349.5 31. 0. 350.872131 103 82 21 0 0 0
116.715 14 GPS 3 36063136 481362687 2743 215769 1196 -105 0 9936480 31 0
116.716 14 SVINFO 4 11 1 4 34 0 275
116.916 14 WP_MOVED 13 360311.5 4813547. 260. 31
116.948 14 NAVIGATION 16 4 346.625 31.5 0. 348.053345 103 82 21 0 0 0
116.965 14 GPS 3 36062851 481362708 2743 215540 1192 -113 0 9936720 31 0
116.965 14 SVINFO 5 12 1 5 35 16 325
117.015 14 DATALINK_REPORT 1 16 3315 547 0 0
117.016 14 DESIRED 0.002371 -0.052136 0. 281.836243 36.736656 212.877335 -1.047992 13.
117.016 14 NAVIGATION 16 4 343.78125 31.5 0. 348.053345 103 82 21 0 0 0
117.016 14 ESTIMATOR 215.609909 -1.13
117.115 14 AIRSPEED 13.1 0. 0. 0.
117.116 14 ATTITUDE 0.002528 4.696118 -0.038249
117.199 14 NAVIGATION 16 4 343.78125 31.5 0. 345.221375 104 83 22 0 0 0
117.215 14 FBW_STATUS 2 0 1 12.5 0.118616
117.216 14 GPS 3 36062566 481362730 2743 215294 1188 -125 0 9936960 31 0
117.216 14 SVINFO 6 13 1 6 36 59 16
117.315 14 GPS_SOL 335 335 335 7
117.416 14 AUTOPILOT_VERSION 51500 v5.15_devel-179-g9a29798-dirty
117.418 14 CALIBRATION 37.275005 0
117.418 14 DL_VALUE 25 0.
117.419 14 WP_MOVED 14 360300.6875 4813575.5 260. 31
117.449 14 NAVIGATION 16 4 340.9375 31.5 0. 342.389587 104 83 22 0 0 0
117.465 14 GPS 3 36062236 481362756 2744 214989 1183 -121 0 9937240 31 0
117.515 14 IR_SENSORS 0 0 11 -16 265
117.515 14 ESTIMATOR 215.001892 -1.21
117.615 14 SEGMENT 598.826965 11.351797 28.799999 57.
117.616 14 ATTITUDE 0.002528 4.696546 -0.045781
117.699 14 NAVIGATION 16 4 337.625 32. 0. 339.138092 104 83 22 0 0 0
117.715 14 ENERGY 10 12.5 0.112004 1.400054 0.091649 1.145588
117.716 14 GPS 3 36061953 481362778 2744 214712 1182 -130 0 9937480 31 0
117.915 14 WP_MOVED 15 360297.6875 4813554.5 260. 31
117.948 14 NAVIGATION 16 4 334.78125 32.5 0. 336.355072 104 83 22 0 0 0
117.965 14 GPS 3 36061670 481362800 2744 214424 1182 -136 0 9937720 31 0
117.965 14 SVINFO 2 9 1 2 33 66 176
118.016 14 NAVIGATION 16 4 331.96875 32.5 0. 336.355072 104 83 22 0 0 0
118.017 14 ESTIMATOR 214.389557 -1.36
118.066 14 DESIRED 0.00121 -0.055692 0. 269.988373 37.685444 211.855576 -1.119099 13.
118.115 14 AIRSPEED 13.1 0. 0. 0.
118.115 14 ATTITUDE 0.002528 4.697053 -0.049549
118.198 14 NAVIGATION 16 4 331.96875 32.5 0. 333.555847 105 84 23 0 0 0
118.217 14 GPS 3 36061387 481362822 2744 214127 1183 -155 0 9937960 31 0
118.217 14 SVINFO 3 10 1 3 34 23 226
118.409 14 FBW_STATUS 2 0 1 12.5 0.129554
118.414 14 WP_MOVED 16 360683.46875 4813622.5 215. 31
118.449 14 NAVIGATION 16 4 329.125 32.5 0. 330.725739 105 84 23 0 0 0
118.465 14 GPS 3 36061056 481362848 2744 213771 1187 -160 0 9938240 31 0
118.465 14 SVINFO 4 11 1 4 35 0 276
118.515 14 ESTIMATOR 213.704865 -1.6
118.615 14 ATTITUDE 0.002528 4.697905 -0.053317
118.699 14 NAVIGATION 16 4 325.8125 33. 0. 327.479431 105 84 23 0 0 0
118.715 14 IR_SENSORS 0 0 9 -16 265
118.715 14 GPS 3 36060771 481362870 2744 213462 1189 -157 0 9938480 31 0
118.716 14 SVINFO 5 12 1 5 36 19 326
118.816 14 SEGMENT 598.826965 11.351797 28.799999 57.
118.816 14 ENERGY 13 12.5 0.146554 1.831929 0.091881 1.148494
118.916 14 DL_VALUE 26 160.
118.917 14 WP_MOVED 17 360654.59375 4813624.5 215. 31
118.948 14 NAVIGATION 16 4 322.96875 33.5 0. 324.701508 105 84 23 0 0 0
118.965 14 GPS 3 36060485 481362893 2744 213151 1194 -152 0 9938720 31 0
118.966 14 SVINFO 6 13 1 6 37 62 17
119.015 14 NAVIGATION 16 4 320.09375 33.5 0. 324.701508 105 84 23 0 0 0
119.016 14 ESTIMATOR 213.003708 -1.52
119.115 14 DESIRED 0.000315 -0.055523 0. 258.17157 38.631744 210.81842 -1.115734 13.
119.115 14 AIRSPEED 13.1 0. 0. 0.
119.116 14 ATTITUDE 0.002528 4.698514 -0.057087
119.199 14 NAVIGATION 16 4 320.09375 33.5 0. 321.84198 106 85 24 0 0 0
119.215 14 FBW_STATUS 2 0 1 12.5 0.154766
119.215 14 GPS 3 36060198 481362916 2744 212842 1199 -153 0 9938960 31 0
119.216 14 SVINFO 0 7 0 0 32 73 77
119.299 14 COMMANDS 1347,-3,22,0
119.315 14 NAVIGATION_REF 360284 4813595 31 185.
119.316 14 GPS_SOL 345 345 345 7
119.416 14 WP_MOVED 18 360289. 4813605. 220. 31
119.448 14 NAVIGATION 16 4 317.25 33.5 0. 319.013824 106 85 24 0 0 0
119.465 14 GPS 3 36059862 481362942 2744 212484 1207 -141 0 9939240 31 0
119.465 14 SVINFO 1 8 0 1 33 89 127
119.515 14 COMMANDS 1387,6,25,0
119.515 14 CALIBRATION -6.121648 0
119.515 14 ESTIMATOR 212.345291 -1.41
119.615 14 STATE_FILTER_STATUS 2 3 289
119.615 14 ATTITUDE 0.002528 4.699424 -0.057087
119.698 14 NAVIGATION 16 4 313.875 34. 0. 315.711121 106 85 24 0 0 0
119.715 14 GPS 3 36059572 481362965 2744 212182 1210 -124 0 9939480 31 0
119.816 14 PPRZ_MODE 2 3 2 1 0 6
119.917 14 ALIVE 101,248,228,24,166,140,12,35,201,240,56,234,1,216,147,12
119.917 14 IR_SENSORS 0 0 8 -16 265
119.919 14 ENERGY 14 12.5 0.16969 2.121128 0.092174 1.15215
119.919 14 WP_MOVED 19 360289. 4813610. 500. 31
119.948 14 NAVIGATION 16 4 310.96875 34.5 0. 312.876678 106 85 24 0 0 0
119.965 14 GPS 3 36059282 481362987 2744 211884 1214 -124 0 9939720 31 0
120.015 14 SEGMENT 598.826965 11.351797 28.799999 57.
120.015 14 NAVIGATION 16 4 308.0625 34.5 0. 312.876678 106 85 24 0 0 0
120.016 14 ESTIMATOR 211.77063 -1.24
120.115 14 AIRSPEED 13.1 0. 0. 0.
120.115 14 ATTITUDE 0.002528 4.699653 -0.057087
120.167 14 DESIRED 0.000297 -0.056067 0. 246.168488 39.59296 209.764923 -1.126608 13.
120.199 14 NAVIGATION 16 4 308.0625 34.5 0. 309.988312 107 86 25 0 0 0
120.215 14 GPS 3 36058990 481363010 2744 211591 1218 -126 0 9939960 31 0
120.422 14 FBW_STATUS 2 0 1 12.5 0.170704
120.423 14 DL_VALUE 27 0.
120.424 14 WP_MOVED 20 360289. 4813620. 300. 31
120.449 14 NAVIGATION 16 4 305.15625 34.5 0. 307.100281 107 86 25 0 0 0
120.464 14 GPS 3 36058649 481363037 2744 211256 1222 -127 0 9940240 31 0
120.515 14 ESTIMATOR 211.198898 -1.27
120.615 14 ATTITUDE 0.002528 4.69997 -0.057087
120.699 14 NAVIGATION 16 4 301.71875 35. 0. 303.742004 107 86 25 0 0 0
120.715 14 GPS 3 36058357 481363060 2744 210972 1223 -138 0 9940480 31 0
120.924 14 WP_MOVED 21 360289. 4813625. 400. 31
120.949 14 NAVIGATION 16 4 298.8125 35. 0. 300.855286 107 86 25 0 0 0
120.965 14 GPS 3 36058063 481363083 2744 210693 1225 -124 0 9940720 31 0
121.014 14 ENERGY 15 12.5 0.17637 2.204627 0.09249 1.156107
121.014 14 NAVIGATION 16 4 295.875 35. 0. 300.855286 107 86 25 0 0 0
121.015 14 ESTIMATOR 210.593964 -1.24
121.115 14 IR_SENSORS 0 0 8 -16 265
121.115 14 AIRSPEED 13.1 0. 0. 0.
121.115 14 ATTITUDE 0.002528 4.70048 -0.057087
121.199 14 NAVIGATION 16 4 295.875 35. 0. 297.937927 108 87 26 0 0 0
121.215 14 FBW_STATUS 2 0 1 12.5 0.178121
121.215 14 SEGMENT 598.826965 11.351797 28.799999 57.
121.216 14 DESIRED 0.005482 -0.056149 0. 231.131134 40.797165 208.701294 -1.128245 13.
121.216 14 GPS 3 36057769 481363106 2744 210417 1227 -133 0 9940960 31 0
121.315 14 GPS_SOL 356 356 356 7
121.420 14 WP_MOVED 22 360289. 4813645. 250. 31
121.448 14 NAVIGATION 16 4 292.9375 35.5 0. 295.080719 108 87 26 0 0 0
121.466 14 GPS 3 36057426 481363133 2745 210099 1230 -119 0 9941240 31 0
121.466 14 SVINFO 2 9 0 2 34 61 178
121.515 14 ESTIMATOR 210.014801 -1.19
121.615 14 CALIBRATION -26.679623 0
121.615 14 ATTITUDE 0.006288 4.701998 -0.057087
121.698 14 NAVIGATION 16 4 289.5 36. 0. 291.729767 108 87 26 0 0 0
121.716 14 GPS 3 36057132 481363156 2745 209829 1231 -118 0 9941480 31 0
121.717 14 SVINFO 3 10 1 3 35 17 228
121.924 14 DL_VALUE 28 0.32
121.924 14 WP_MOVED 0 360326. 4813637. 260. 31
121.949 14 NAVIGATION 16 4 286.5625 36. 0. 288.814941 108 87 26 0 0 0
121.966 14 GPS 3 36056837 481363180 2745 209562 1232 -118 0 9941720 31 0
121.966 14 SVINFO 4 11 0 4 36 0 278
122.015 14 NAVIGATION 16 4 283.625 36. 0. 288.814941 108 87 26 0 0 0
122.016 14 ESTIMATOR 209.479553 -1.18
122.115 14 DATALINK_REPORT 6 16 3448 561 0 0
122.116 14 ENERGY 15 12.5 0.183244 2.290548 0.092826 1.160304
122.116 14 AIRSPEED 13.1 0. 0. 0.
122.116 14 ATTITUDE 0.002528 4.703173 -0.057087
122.199 14 NAVIGATION 16 4 283.625 36. 0. 285.900574 109 88 27 0 0 0
122.215 14 GPS 3 36056542 481363204 2746 209298 1233 -118 0 9941960 31 0
122.215 14 SVINFO 5 12 1 5 37 24 328
122.266 14 DESIRED 0.004462 -0.056014 0. 218.879639 41.778275 207.625992 -1.133383 13.
122.316 14 IR_SENSORS 0 0 8 -16 265
122.423 14 FBW_STATUS 2 0 1 12.5 0.185595
122.423 14 SEGMENT 598.826965 11.351797 28.799999 57.
122.424 14 WP_MOVED 1 360284. 4813595. 260. 31
122.447 14 NAVIGATION 16 4 280.6875 36.5 0. 283.05072 109 88 27 0 0 0
122.466 14 GPS 3 36056198 481363232 2746 208993 1234 -120 0 9942240 31 0
122.466 14 SVINFO 6 13 1 6 38 67 19
122.515 14 ESTIMATOR 208.93782 -1.2
122.616 14 ATTITUDE 0.002528 4.704531 -0.057087
122.698 14 NAVIGATION 16 4 277.25 37. 0. 279.708008 109 88 27 0 0 0
122.715 14 GPS 3 36055902 481363256 2746 208733 1234 -112 0 9942480 31 0
122.716 14 SVINFO 0 7 0 0 33 78 79
122.925 14 WP_MOVED 2 360333.5 4813695. 260. 31
122.950 14 NAVIGATION 16 4 274.28125 37. 0. 276.765625 109 88 27 0 0 0
122.965 14 GPS 3 36055607 481363280 2746 208474 1235 -107 0 9942720 31 0
122.965 14 SVINFO 1 8 1 1 34 88 129
123.015 14 NAVIGATION 16 4 271.34375 37. 0. 276.765625 109 88 27 0 0 0
123.015 14 ESTIMATOR 208.405869 -1.07
123.115 14 AIRSPEED 13.1 0. 0. 0.
123.116 14 ATTITUDE 0.002528 4.704891 -0.057087
123.199 14 NAVIGATION 16 4 271.34375 37. 0. 273.854767 110 89 28 0 0 0
123.216 14 FBW_STATUS 2 0 1 12.5 0.18295
123.216 14 ENERGY 15 12.5 0.18295 2.286881 0.093168 1.164575
123.217 14 GPS 3 36055311 481363304 2746 208218 1235 -120 0 9942960 31 0
123.217 14 SVINFO 2 9 1 2 35 58 179
123.314 14 GPS_SOL 367 367 367 7
123.315 14 DESIRED 0.003647 -0.056642 0. 206.597046 42.761871 206.547974 -1.135398 13.
123.426 14 DL_VALUE 29 0.
123.426 14 WP_MOVED 3 360294.09375 4813785. 260. 31
123.449 14 NAVIGATION 16 4 268.375 37.5 0. 270.982269 110 89 28 0 0 0
123.465 14 GPS 3 36054967 481363333 2746 207919 1234 -131 0 9943240 31 0
123.515 14 IR_SENSORS 0 0 8 -16 265
123.515 14 ESTIMATOR 207.874313 -1.31
123.615 14 SEGMENT 598.826965 11.351797 28.799999 57.
123.616 14 ATTITUDE 0.002528 4.704475 -0.057087
123.699 14 NAVIGATION 16 4 264.9375 38. 0. 267.648804 110 89 28 0 0 0
123.715 14 CALIBRATION -33.199165 0
123.715 14 GPS 3 36054671 481363357 2746 207664 1235 -123 0 9943480 31 0
123.716 14 SVINFO 4 11 0 4 37 0 279
123.935 14 WP_MOVED 4 360416.3125 4813734. 260. 31
123.949 14 NAVIGATION 16 4 261.96875 38. 0. 264.710449 110 89 28 0 0 0
123.964 14 GPS 3 36054376 481363381 2746 207410 1235 -115 0 9943720 31 0
123.966 14 SVINFO 5 12 1 5 38 27 329
124.015 14 NAVIGATION 16 4 259. 38.5 0. 264.710449 110 89 28 0 0 0
124.015 14 ESTIMATOR 207.305557 -1.15
124.115 14 AIRSPEED 13.1 0. 0. 0.
124.116 14 ATTITUDE 0.002528 4.704309 -0.053317
124.199 14 NAVIGATION 16 4 259. 38.5 0. 261.845856 111 90 29 0 0 0
124.215 14 GPS 3 36054080 481363405 2746 207157 1236 -110 0 9943960 31 0
124.215 14 SVINFO 6 13 0 6 39 70 20
124.299 14 COMMANDS 1569,-19,-37,0
124.315 14 ENERGY 16 12.5 0.191497 2.393708 0.093518 1.168949
124.365 14 DESIRED -0.0001 -0.056477 0. 194.212616 43.753624 205.467224 -1.134811 13.
124.400 14 FBW_STATUS 2 0 1 12.5 0.191201
124.439 14 WP_MOVED 5 360421. 4813583.5 260. 31
124.450 14 NAVIGATION 16 4 256.0625 38.5 0. 258.940643 111 90 29 0 0 0
124.464 14 GPS 3 36053735 481363433 2746 206863 1236 -130 0 9944240 31 0
124.515 14 COMMANDS 1596,-6,11,0
124.515 14 ESTIMATOR 206.800415 -1.3
124.616 14 STATE_FILTER_STATUS 2 3 289
124.616 14 ATTITUDE 0.002528 4.705065 -0.057087
124.699 14 NAVIGATION 16 4 252.625 38.5 0. 255.541855 111 90 29 0 0 0
124.715 14 IR_SENSORS 0 0 8 -16 265
124.715 14 GPS 3 36053439 481363457 2747 206611 1236 -133 0 9944480 31 0
124.816 14 PPRZ_MODE 2 3 2 1 0 6
124.817 14 SEGMENT 598.826965 11.351797 28.799999 57.
124.929 14 ALIVE 101,248,228,24,166,140,12,35,201,240,56,234,1,216,147,12
124.929 14 DL_VALUE 30 0.01
124.930 14 WP_MOVED 6 360164.8125 4813664.5 260. 31
124.949 14 NAVIGATION 16 4 249.65625 39. 0. 252.684082 111 90 29 0 0 0
124.965 14 GPS 3 36053143 481363482 2747 206360 1237 -130 0 9944720 31 0
125.015 14 NAVIGATION 16 4 246.6875 39.5 0. 252.684082 111 90 29 0 0 0
125.015 14 ESTIMATOR 206.224609 -1.3
125.115 14 AIRSPEED 13.1 0. 0. 0.
125.116 14 ATTITUDE 0.006288 4.705915 -0.057087
125.199 14 NAVIGATION 16 4 246.6875 39.5 0. 249.829895 112 91 30 0 0 0
125.215 14 FBW_STATUS 2 0 1 12.5 0.201607
125.215 14 GPS 3 36052847 481363507 2747 206110 1238 -104 0 9944960 31 0
125.215 14 SVINFO 3 10 0 3 36 13 230
125.315 14 GPS_SOL 380 380 380 7
125.433 14 ENERGY 16 12.5 0.198772 2.484655 0.093881 1.17349
125.434 14 DESIRED -0.000913 -0.05618 0. 181.898956 44.739716 204.386475 -1.136692 13.
125.434 14 WP_MOVED 7 360558.40625 4813804.5 260. 31
125.448 14 NAVIGATION 16 4 243.71875 39.5 0. 246.898926 112 91 30 0 0 0
125.466 14 GPS 3 36052501 481363536 2748 205820 1239 -115 0 9945240 31 0
125.514 14 ESTIMATOR 205.726151 -1.15
125.614 14 ATTITUDE 0.002528 4.707579 -0.053317
125.695 14 WIND_INFO 14 5 -0.1 1.1 0. 13.1
125.698 14 NAVIGATION 16 4 240.25 39.5 0. 243.475479 112 91 30 0 0 0
125.715 14 GPS 3 36052204 481363561 2748 205572 1240 -110 0 9945480 31 0
125.816 14 CALIBRATION -41.034492 0
125.934 14 IR_SENSORS 0 0 8 -16 265
125.935 14 WP_MOVED 8 360882.8125 4813606.5 215. 31
125.948 14 NAVIGATION 16 4 237.28125 40. 0. 240.62915 112 91 30 0 0 0
125.964 14 GPS 3 36051907 481363586 2748 205325 1240 -135 0 9945720 31 0
126.015 14 SEGMENT 598.826965 11.351797 28.799999 57.
126.015 14 NAVIGATION 16 4 234.34375 40.5 0. 240.62915 112 91 30 0 0 0
126.015 14 ESTIMATOR 205.230591 -1.35
126.115 14 AIRSPEED 13.1 0. 0. 0.
126.116 14 ATTITUDE 0.002528 4.708436 -0.053317
126.199 14 NAVIGATION 16 4 234.34375 40.5 0. 237.817673 113 92 31 0 0 0
126.215 14 GPS 3 36051611 481363611 2748 205078 1240 -133 0 9945960 31 0
126.215 14 SVINFO 0 7 0 0 34 82 81
126.400 14 FBW_STATUS 2 0 1 12.5 0.206849
126.430 14 DL_VALUE 31 0.1
126.431 14 WP_MOVED 9 360312.8125 4813652. 185. 31
126.449 14 NAVIGATION 16 4 231.375 40.5 0. 234.892822 113 92 31 0 0 0
126.465 14 DESIRED -0.000312 -0.056551 0. 166.604492 45.964508 203.300262 -1.133594 13.
126.465 14 GPS 3 36051264 481363641 2748 204792 1241 -131 0 9946240 31 0
126.465 14 SVINFO 1 8 0 1 35 86 131
126.515 14 ENERGY 17 12.5 0.209855 2.62319 0.094252 1.178133
126.515 14 ESTIMATOR 204.65538 -1.31
126.616 14 ATTITUDE -0.001231 4.70856 -0.057087
126.699 14 NAVIGATION 16 4 227.875 41. 0. 231.534042 113 92 31 0 0 0
126.716 14 GPS 3 36050967 481363666 2748 204547 1242 -139 0 9946480 31 0
126.716 14 SVINFO 2 9 0 2 36 51 181
126.934 14 WP_MOVED 10 360889.21875 4813686. 215. 31
126.950 14 NAVIGATION 16 4 224.9375 41.5 0. 228.733749 113 92 31 0 0 0
126.965 14 GPS 3 36050670 481363691 2747 204303 1244 -137 0 9946720 31 0
126.965 14 SVINFO 3 10 1 3 37 11 231
127.016 14 NAVIGATION 16 4 221.96875 41.5 0. 228.733749 113 92 31 0 0 0
127.016 14 ESTIMATOR 204.105133 -1.37
127.116 14 IR_SENSORS 0 0 8 -18 265
127.116 14 AIRSPEED 13.1 0. 0. 0.
127.117 14 ATTITUDE -0.004988 4.707454 -0.057087
127.199 14 NAVIGATION 16 4 221.96875 41.5 0. 225.814911 114 93 32 0 0 0
127.215 14 DATALINK_REPORT 2 17 3581 561 0 0
127.215 14 FBW_STATUS 2 0 1 12.5 0.219227
127.215 14 SEGMENT 598.826965 11.351797 28.799999 57.
127.216 14 GPS 3 36050372 481363716 2747 204061 1245 -140 0 9946960 31 0
127.216 14 SVINFO 4 11 1 4 38 1 281
127.315 14 GPS_SOL 393 393 393 7
127.435 14 WP_MOVED 11 360169.5 4813757.5 260. 31
127.449 14 NAVIGATION 16 4 218.96875 41.5 0. 222.866699 114 93 32 0 0 0
127.466 14 GPS 3 36050024 481363744 2746 203781 1248 -139 0 9947240 31 0
127.467 14 SVINFO 5 12 1 5 39 33 331
127.515 14 DESIRED 0.000969 -0.056737 0. 154.197723 46.958054 202.213303 -1.137304 13.
127.515 14 ESTIMATOR 203.564285 -1.39
127.616 14 ENERGY 19 12.5 0.229899 2.87374 0.094654 1.183155
127.617 14 ATTITUDE -0.004988 4.705296 -0.057087
127.699 14 NAVIGATION 16 4 215.5 42. 0. 219.554657 114 93 32 0 0 0
127.715 14 GPS 3 36049725 481363768 2746 203543 1249 -120 0 9947480 31 0
127.716 14 SVINFO 6 13 1 6 40 75 22
127.937 14 CALIBRATION -65.16304 0
127.939 14 DL_VALUE 32 0.
127.940 14 WP_MOVED 12 360287.59375 4813581. 260. 31
127.950 14 NAVIGATION 16 4 212.5 42.5 0. 216.708328 114 93 32 0 0 0
127.965 14 GPS 3 36049425 481363792 2745 203308 1251 -106 0 9947720 31 0
128.016 14 NAVIGATION 16 4 209.5 42.5 0. 216.708328 114 93 32 0 0 0
128.017 14 ESTIMATOR 203.079605 -1.06
128.115 14 AIRSPEED 13.1 0. 0. 0.
128.115 14 ATTITUDE -0.001231 4.704142 -0.057087
128.199 14 NAVIGATION 16 4 209.5 42.5 0. 213.767395 115 94 33 0 0 0
128.214 14 GPS 3 36049126 481363816 2745 203074 1252 -126 0 9947960 31 0
128.317 14 NAVIGATION_REF 360284 4813595 31 185.
128.318 14 IR_SENSORS 0 0 8 -17 265
128.399 14 FBW_STATUS 2 0 1 12.5 0.228522
128.436 14 SEGMENT 598.826965 11.351797 28.799999 57.
128.436 14 WP_MOVED 13 360311.5 4813547. 260. 31
128.449 14 NAVIGATION 16 4 206.53125 42.5 0. 210.858734 115 94 33 0 0 0
128.466 14 GPS 3 36048776 481363844 2744 202805 1253 -130 0 9948240 31 0
128.515 14 AUTOPILOT_VERSION 51500 v5.15_devel-179-g9a29798-dirty
128.515 14 ESTIMATOR 202.627625 -1.3
128.565 14 DESIRED 0.002773 -0.057272 0. 141.759888 47.954079 201.121643 -1.148008 13.
128.616 14 ATTITUDE -0.001231 4.702408 -0.057087
128.699 14 NAVIGATION 16 4 203. 43. 0. 207.504211 115 94 33 0 0 0
128.715 14 ENERGY 19 12.5 0.233273 2.915914 0.095075 1.188409
128.715 14 GPS 3 36048476 481363867 2744 202575 1254 -134 0 9948480 31 0
128.939 14 WP_MOVED 14 360300.6875 4813575.5 260. 31
128.949 14 NAVIGATION 16 4 200. 43. 0. 204.570282 115 94 33 0 0 0
128.964 14 GPS 3 36048175 481363890 2744 202346 1255 -136 0 9948720 31 0
128.965 14 SVINFO 4 11 1 4 39 2 282
129.015 14 NAVIGATION 16 4 197. 43.5 0. 204.570282 115 94 33 0 0 0
129.015 14 ESTIMATOR 202.116882 -1.36
129.115 14 AIRSPEED 13.1 0. 0. 0.
129.116 14 ATTITUDE 0.002528 4.702026 -0.057087
129.198 14 NAVIGATION 16 4 197. 43.5 0. 201.745514 116 95 34 0 0 0
129.215 14 FBW_STATUS 2 0 1 12.5 0.237889
129.216 14 GPS 3 36047874 481363914 2744 202119 1256 -154 0 9948960 31 0
129.217 14 SVINFO 5 12 1 5 40 36 332
129.299 14 COMMANDS 1918,-7,-8,0
129.315 14 GPS_SOL 407 407 407 7
129.442 14 DL_VALUE 33 0.15
129.442 14 WP_MOVED 15 360297.6875 4813554.5 260. 31
129.448 14 NAVIGATION 16 4 193.96875 43.5 0. 198.786636 116 95 34 0 0 0
129.466 14 GPS 3 36047523 481363941 2744 201855 1258 -146 0 9949240 31 0
129.467 14 SVINFO 6 13 1 6 41 77 23
129.515 14 COMMANDS 1960,6,-4,0
129.515 14 IR_SENSORS 0 0 8 -16 265
129.515 14 ESTIMATOR 201.576233 -1.46
129.614 14 STATE_FILTER_STATUS 2 3 289
129.615 14 SEGMENT 598.826965 11.351797 28.799999 57.
129.615 14 DESIRED 0.003352 -0.057424 0. 129.197876 48.96006 200.02803 -1.153744 13.
129.615 14 ATTITUDE 0.002528 4.702439 -0.057087
129.699 14 NAVIGATION 16 4 190.5 44. 0. 195.51535 116 95 34 0 0 0
129.717 14 GPS 3 36047222 481363964 2744 201631 1260 -118 0 9949480 31 0
129.717 14 SVINFO 0 7 0 0 35 85 83
129.815 14 PPRZ_MODE 2 3 2 1 0 6
129.815 14 ENERGY 20 12.5 0.253867 3.173339 0.095521 1.193991
129.915 14 ALIVE 101,248,228,24,166,140,12,35,201,240,56,234,1,216,147,12
129.916 14 WP_MOVED 16 360683.46875 4813622.5 215. 31
129.950 14 NAVIGATION 16 4 187.5 44. 0. 192.593491 116 95 34 0 0 0
129.966 14 GPS 3 36046920 481363988 2744 201409 1262 -96 0 9949720 31 0
129.966 14 SVINFO 1 8 0 1 36 83 133
130.014 14 CALIBRATION -83.199295 0
130.015 14 NAVIGATION 16 4 184.4375 44.5 0. 192.593491 116 95 34 0 0 0
130.015 14 ESTIMATOR 201.123032 -0.96
130.115 14 AIRSPEED 13.1 0. 0. 0.
130.116 14 ATTITUDE 0.002528 4.703311 -0.057087
130.197 14 NAVIGATION 16 4 184.4375 44.5 0. 189.729919 117 96 35 0 0 0
130.216 14 GPS 3 36046617 481364012 2745 201189 1263 -112 0 9949960 31 0
130.217 14 SVINFO 2 9 1 2 37 45 183
130.399 14 FBW_STATUS 2 0 1 12.5 0.243761
130.416 14 WP_MOVED 17 360654.59375 4813624.5 215. 31
130.450 14 NAVIGATION 16 4 181.40625 44.5 0. 186.784576 117 96 35 0 0 0
130.465 14 GPS 3 36046265 481364040 2745 200934 1263 -102 0 9950240 31 0
130.466 14 SVINFO 3 10 1 3 38 7 233
130.515 14 ESTIMATOR 200.746506 -1.02
130.615 14 ATTITUDE 0.002528 4.704262 -0.057087
130.666 14 DESIRED 0.002861 -0.058027 0. 116.635864 49.966034 198.930939 -1.165804 13.
130.698 14 NAVIGATION 16 4 177.875 45. 0. 183.478928 117 96 35 0 0 0
130.715 14 IR_SENSORS 0 0 8 -16 265
130.715 14 GPS 3 36045962 481364064 2745 200716 1263 -130 0 9950480 31 0
130.816 14 SEGMENT 598.826965 11.351797 28.799999 57.
130.915 14 DL_VALUE 34 0.05
130.916 14 ENERGY 20 12.5 0.246862 3.085773 0.095971 1.19961
130.916 14 WP_MOVED 18 360289. 4813605. 220. 31
130.949 14 NAVIGATION 16 4 174.84375 45. 0. 180.541779 117 96 35 0 0 0
130.967 14 GPS 3 36045660 481364088 2745 200498 1263 -137 0 9950720 31 0
131.016 14 NAVIGATION 16 4 171.84375 45.5 0. 180.541779 117 96 35 0 0 0
131.016 14 ESTIMATOR 200.294586 -1.37
131.115 14 AIRSPEED 13.1 0. 0. 0.
131.115 14 ATTITUDE 0.002528 4.70404 -0.057087
131.198 14 NAVIGATION 16 4 171.84375 45.5 0. 177.765366 118 97 36 0 0 0
131.216 14 FBW_STATUS 2 0 1 12.5 0.246396
131.217 14 GPS 3 36045357 481364112 2745 200280 1264 -136 0 9950960 31 0
131.315 14 GPS_SOL 421 421 421 7
131.415 14 WP_MOVED 19 360289. 4813610. 500. 31
131.450 14 NAVIGATION 16 4 168.8125 45.5 0. 174.836807 118 97 36 0 0 0
131.465 14 GPS 3 36045004 481364139 2744 200025 1264 -144 0 9951240 31 0
131.465 14 SVINFO 0 7 0 0 36 86 84
131.514 14 ESTIMATOR 199.780823 -1.44
131.616 14 ATTITUDE 0.002528 4.703618 -0.057087
131.699 14 NAVIGATION 16 4 165.28125 46. 0. 171.56308 118 97 36 0 0 0
131.715 14 DESIRED 0.001293 -0.057965 0. 100.494263 51.258667 197.820206 -1.164573 13.
131.716 14 GPS 3 36044702 481364163 2744 199807 1265 -144 0 9951480 31 0
131.716 14 SVINFO 1 8 1 1 37 81 134
131.915 14 IR_SENSORS 0 0 8 -16 265
131.915 14 WP_MOVED 20 360289. 4813620. 300. 31
131.948 14 NAVIGATION 16 4 162.28125 46. 0. 168.67485 118 97 36 0 0 0
131.964 14 GPS 3 36044398 481364187 2744 199589 1267 -128 0 9951720 31 0
131.965 14 SVINFO 2 9 1 2 38 42 184
132.015 14 SEGMENT 598.826965 11.351797 28.799999 57.
132.015 14 ENERGY 21 12.5 0.259342 3.241771 0.096436 1.205423
132.015 14 NAVIGATION 16 4 159.25 46.5 0. 168.67485 118 97 36 0 0 0
132.015 14 ESTIMATOR 199.270294 -1.28
132.115 14 CALIBRATION -95.016243 0
132.115 14 AIRSPEED 13.1 0. 0. 0.
132.116 14 ATTITUDE 0.002528 4.703884 -0.057087
132.199 14 NAVIGATION 16 4 159.25 46.5 0. 165.900009 119 98 37 0 0 0
132.215 14 GPS 3 36044095 481364211 2745 199372 1269 -124 0 9951960 31 0
132.215 14 SVINFO 3 10 1 3 39 5 234
132.315 14 DATALINK_REPORT 7 17 3717 573 0 0
132.399 14 FBW_STATUS 2 0 1 12.5 0.26248
132.416 14 DL_VALUE 35 0.
132.416 14 WP_MOVED 21 360289. 4813625. 400. 31
132.449 14 NAVIGATION 16 4 156.21875 46.5 0. 162.992477 119 98 37 0 0 0
132.464 14 GPS 3 36043740 481364239 2745 199120 1271 -127 0 9952240 31 0
132.465 14 SVINFO 4 11 1 4 40 5 284
132.515 14 ESTIMATOR 198.844101 -1.27
132.615 14 ATTITUDE 0.006288 4.705322 -0.057087
132.699 14 NAVIGATION 16 4 152.65625 46.5 0. 159.581268 119 98 37 0 0 0
132.715 14 GPS 3 36043436 481364264 2745 198905 1271 -105 0 9952480 31 0
132.715 14 SVINFO 5 12 1 5 41 42 334
132.765 14 DESIRED 0.004663 -0.058091 0. 87.909912 52.266434 196.717651 -1.174919 13.
132.916 14 WP_MOVED 22 360289. 4813645. 250. 31
132.952 14 NAVIGATION 16 4 149.625 47. 0. 156.83316 119 98 37 0 0 0
132.966 14 GPS 3 36043131 481364288 2746 198691 1272 -84 0 9952720 31 0
132.967 14 SVINFO 6 13 1 6 42 81 25
133.014 14 NAVIGATION 16 4 146.5625 47.5 0. 156.83316 119 98 37 0 0 0
133.014 14 ESTIMATOR 198.44606 -0.84
133.115 14 IR_SENSORS 0 0 8 -16 265
133.115 14 ENERGY 20 12.5 0.250282 3.128526 0.096915 1.211418
133.116 14 AIRSPEED 13.1 0. 0. 0.
133.117 14 ATTITUDE 0.002528 4.706168 -0.057087
133.199 14 NAVIGATION 16 4 146.5625 47.5 0. 154.067566 120 99 38 0 0 0
133.215 14 FBW_STATUS 2 0 1 12.5 0.246862
133.215 14 SEGMENT 598.826965 11.351797 28.799999 57.
133.215 14 GPS 3 36042827 481364313 2746 198476 1273 -78 0 9952960 31 0
133.315 14 GPS_SOL 436 436 436 7
133.416 14 WP_MOVED 0 360326. 4813637. 260. 31
133.451 14 NAVIGATION 16 4 143.53125 47.5 0. 151.186874 120 99 38 0 0 0
133.465 14 GPS 3 36042472 481364342 2746 198226 1271 -90 0 9953240 31 0
133.514 14 ESTIMATOR 198.134415 -0.9
133.616 14 ATTITUDE 0.002528 4.70715 -0.060858
133.699 14 NAVIGATION 16 4 139.96875 48. 0. 147.970444 120 99 38 0 0 0
133.716 14 GPS 3 36042168 481364367 2746 198009 1270 -91 0 9953480 31 0
133.816 14 DESIRED 0.000114 -0.059091 0. 75.183899 53.285538 195.606918 -1.187091 13.
133.915 14 DL_VALUE 36 0.
133.915 14 WP_MOVED 1 360284. 4813595. 260. 31
133.949 14 NAVIGATION 16 4 136.9375 48. 0. 145.106445 120 99 38 0 0 0
133.965 14 GPS 3 36041865 481364392 2746 197790 1268 -96 0 9953720 31 0
133.965 14 SVINFO 3 10 1 3 40 4 235
134.015 14 NAVIGATION 16 4 133.875 48.5 0. 145.106445 120 99 38 0 0 0
134.015 14 ESTIMATOR 197.728714 -0.96
134.115 14 AIRSPEED 13.1 0. 0. 0.
134.115 14 ATTITUDE 0.002528 4.707252 -0.060858
134.199 14 NAVIGATION 16 4 133.875 48.5 0. 142.389481 121 100 39 0 0 0
134.216 14 CALIBRATION -71.946434 0
134.216 14 ENERGY 18 12.5 0.221658 2.770719 0.097348 1.21683
134.216 14 GPS 3 36041562 481364416 2746 197569 1266 -125 0 9953960 31 0
134.217 14 SVINFO 4 11 0 4 41 7 285
134.299 14 COMMANDS 1803,-19,10,0
134.315 14 IR_SENSORS 0 0 7 -17 265
134.399 14 FBW_STATUS 2 0 1 12.5 0.227146
134.415 14 SEGMENT 598.826965 11.351797 28.799999 57.
134.416 14 WP_MOVED 2 360333.5 4813695. 260. 31
134.457 14 NAVIGATION 16 4 130.84375 48.5 0. 139.543304 121 100 39 0 0 0
134.466 14 GPS 3 36041209 481364445 2746 197308 1262 -133 0 9954240 31 0
134.466 14 SVINFO 5 12 0 5 42 45 335
134.514 14 COMMANDS 1828,22,13,0
134.515 14 ESTIMATOR 197.225433 -1.33
134.615 14 STATE_FILTER_STATUS 2 3 289
134.615 14 ATTITUDE -0.001231 4.706511 -0.060858
134.699 14 NAVIGATION 16 4 127.34375 49. 0. 136.445709 121 100 39 0 0 0
134.715 14 GPS 3 36040907 481364470 2746 197082 1262 -121 0 9954480 31 0
134.716 14 SVINFO 6 13 1 6 43 83 26
134.815 14 PPRZ_MODE 2 3 2 1 0 6
134.865 14 DESIRED 0.000303 -0.059137 0. 62.559753 54.296486 194.493469 -1.185306 13.
134.915 14 ALIVE 101,248,228,24,166,140,12,35,201,240,56,234,1,216,147,12
134.916 14 WP_MOVED 3 360294.09375 4813785. 260. 31
134.957 14 NAVIGATION 16 4 124.34375 49.5 0. 133.83429 121 100 39 0 0 0
134.966 14 GPS 3 36040605 481364494 2746 196854 1262 -121 0 9954720 31 0
134.967 14 SVINFO 0 7 0 0 37 88 86
135.015 14 NAVIGATION 16 4 121.28125 49.5 0. 133.83429 121 100 39 0 0 0
135.015 14 ESTIMATOR 196.694275 -1.21
135.115 14 AIRSPEED 13.1 0. 0. 0.
135.115 14 ATTITUDE 0.002528 4.70609 -0.060858
135.198 14 NAVIGATION 16 4 121.28125 49.5 0. 130.993851 122 101 40 0 0 0
135.214 14 FBW_STATUS 2 0 1 12.5 0.228828
135.215 14 GPS 3 36040303 481364519 2746 196626 1261 -104 0 9954960 31 0
135.215 14 SVINFO 1 8 0 1 38 77 136
135.315 14 GPS_SOL 451 451 451 7
135.315 14 ENERGY 18 12.5 0.227298 2.84123 0.097769 1.222097
135.415 14 DL_VALUE 37 0.
135.415 14 WP_MOVED 4 360416.3125 4813734. 260. 31
135.457 14 NAVIGATION 16 4 118.28125 49.5 0. 128.221298 122 101 40 0 0 0
135.465 14 GPS 3 36039952 481364547 2746 196359 1260 -128 0 9955240 31 0
135.466 14 SVINFO 2 9 0 2 39 36 186
135.515 14 IR_SENSORS 0 0 8 -16 265
135.515 14 ESTIMATOR 196.234894 -1.28
135.614 14 SEGMENT 598.826965 11.351797 28.799999 57.
135.615 14 ATTITUDE 0.002528 4.705664 -0.057087
135.696 14 WIND_INFO 14 5 -0.1 1.1 0. 13.1
135.698 14 NAVIGATION 16 4 114.78125 50. 0. 125.198784 122 101 40 0 0 0
135.716 14 GPS 3 36039650 481364572 2746 196129 1260 -129 0 9955480 31 0
135.917 14 DESIRED 0.000677 -0.059089 0. 49.997742 55.302467 193.384705 -1.187038 13.
135.917 14 WP_MOVED 5 360421. 4813583.5 260. 31
135.958 14 NAVIGATION 16 4 111.71875 50.5 0. 122.602318 122 101 40 0 0 0
135.966 14 GPS 3 36039348 481364596 2746 195898 1260 -122 0 9955720 31 0
136.014 14 NAVIGATION 16 4 108.71875 50.5 0. 122.602318 122 101 40 0 0 0
136.015 14 ESTIMATOR 195.711823 -1.22
136.115 14 AIRSPEED 13.1 0. 0. 0.
136.115 14 ATTITUDE 0.002528 4.705485 -0.060858
136.199 14 NAVIGATION 16 4 108.71875 50.5 0. 119.875008 123 102 41 0 0 0
136.215 14 GPS 3 36039047 481364620 2746 195668 1260 -121 0 9955960 31 0
136.315 14 CALIBRATION -75.339699 0
136.400 14 FBW_STATUS 2 0 1 12.5 0.230818
136.415 14 ENERGY 19 12.5 0.230818 2.88523 0.098192 1.227377
136.415 14 WP_MOVED 6 360164.8125 4813664.5 260. 31
136.462 14 NAVIGATION 16 4 105.71875 50.5 0. 117.161018 123 102 41 0 0 0
136.467 14 GPS 3 36038695 481364649 2746 195398 1260 -101 0 9956240 31 0
136.515 14 ESTIMATOR 195.22966 -1.01
136.615 14 ATTITUDE 0.002528 4.705305 -0.060858
136.699 14 NAVIGATION 16 4 102.21875 51. 0. 114.235168 123 102 41 0 0 0
136.715 14 IR_SENSORS 0 0 7 -16 265
136.715 14 GPS 3 36038394 481364673 2745 195167 1260 -87 0 9956480 31 0
136.716 14 SVINFO 0 7 0 0 38 89 87
136.815 14 SEGMENT 598.826965 11.351797 28.799999 57.
136.915 14 DL_VALUE 38 0.
136.915 14 WP_MOVED 7 360558.40625 4813804.5 260. 31
136.963 14 NAVIGATION 16 4 99.15625 51. 0. 111.503189 123 102 41 0 0 0
136.966 14 DESIRED 0.002986 -0.060582 0. 34.392761 56.552124 191.177643 -1.216912 13.
136.967 14 GPS 3 36038092 481364697 2745 194936 1259 -92 0 9956720 31 0
136.967 14 SVINFO 1 8 1 1 39 75 137
137.016 14 NAVIGATION 16 4 96.15625 51.5 0. 111.503189 123 102 41 0 0 0
137.016 14 ESTIMATOR 194.841232 -0.92
137.115 14 AIRSPEED 13.1 0. 0. 0.
137.115 14 ATTITUDE 0.002528 4.705007 -0.060858
137.199 14 NAVIGATION 14 0 93.15625 52. 0. 106.686867 124 0 0 0 0 0
137.215 14 FBW_STATUS 2 0 1 12.5 0.209253
137.215 14 GPS 3 36037791 481364721 2746 194704 1258 -88 0 9956960 31 0
137.216 14 SVINFO 2 9 1 2 40 33 187
137.315 14 NAVIGATION_REF 360284 4813595 31 185.
137.316 14 GPS_SOL 467 467 467 7
137.415 14 DATALINK_REPORT 2 18 3849 551 0 0
137.416 14 WP_MOVED 8 360882.8125 4813606.5 215. 31
137.464 14 NAVIGATION 14 0 89.65625 52. 61.061306 103.644791 124 0 0 0 0 0
137.464 14 GPS 3 36037441 481364750 2746 194431 1255 -92 0 9957240 31 0
137.464 14 SVINFO 3 10 1 3 41 1 237
137.515 14 ENERGY 13 12.5 0.181045 2.263062 0.098591 1.232359
137.516 14 ESTIMATOR 194.419174 -0.92
137.615 14 ATTITUDE 0.002528 4.705269 -0.057087
137.699 14 NAVIGATION 14 0 86.6875 52. 58.103035 101.0877 124 0 0 0 0 0
137.716 14 GPS 3 36037142 481364774 2746 194195 1248 -89 0 9957480 31 0
137.716 14 SVINFO 4 11 1 4 42 11 287
137.915 14 IR_SENSORS 0 0 9 -16 265
137.916 14 WP_MOVED 9 360312.8125 4813652. 185. 31
137.963 14 NAVIGATION 14 0 83.71875 52.5 55.102806 98.818413 124 0 0 0 0 0
137.966 14 GPS 3 36036849 481364798 2746 193951 1224 -96 0 9957720 31 0
137.967 14 SVINFO 5 12 1 5 43 51 337
138.014 14 SEGMENT 598.826965 11.351797 28.799999 57.
138.014 14 DESIRED 0.000206 0.000263 0. 18.934204 57.790054 191.177643 -1.205186 13.
138.015 14 NAVIGATION 14 0 83.71875 52.5 55.102806 98.818413 124 0 0 0 0 0
138.015 14 ESTIMATOR 193.963776 -0.96
138.115 14 AIRSPEED 13.1 0. 0. 0.
138.116 14 ATTITUDE 0.002528 4.703806 -0.049549
138.199 14 NAVIGATION 14 0 80.875 53. 52.228397 96.694183 125 1 1 0 0 0
138.215 14 GPS 3 36036563 481364821 2746 193693 1196 -89 0 9957960 31 0
138.215 14 SVINFO 6 13 1 6 44 86 28
138.398 14 FBW_STATUS 2 0 1 12.5 0.
138.416 14 CALIBRATION -58.370911 0
138.417 14 DL_VALUE 39 0.
138.417 14 WP_MOVED 10 360889.21875 4813686. 215. 31
138.459 14 NAVIGATION 14 0 77.625 53. 48.988575 93.992767 125 1 1 0 0 0
138.465 14 GPS 3 36036236 481364848 2746 193370 1171 -88 0 9958240 31 0
138.515 14 ESTIMATOR 193.46167 -0.88
138.616 14 ENERGY 0 12.5 0. 0. 0.098631 1.232861
138.616 14 ATTITUDE -0.001231 4.699853 -0.038249
138.699 14 NAVIGATION 14 0 74.84375 53. 46.217175 91.709251 125 1 1 0 0 0
138.716 14 GPS 3 36035961 481364870 2746 193078 1151 -98 0 9958480 31 0
138.915 14 WP_MOVED 11 360169.5 4813757.5 260. 31
138.961 14 NAVIGATION 14 0 72.125 53.5 43.466145 89.801254 125 1 1 0 0 0
138.965 14 GPS 3 36035689 481364892 2746 192775 1136 -99 0 9958720 31 0
138.965 14 SVINFO 2 9 1 2 41 30 188
139.015 14 NAVIGATION 14 0 72.125 53.5 43.466145 89.801254 125 1 1 0 0 0
139.015 14 ESTIMATOR 192.908463 -0.99
139.065 14 DESIRED 6.5e-05 0.000153 0. 7.334839 58.718948 191.177643 -1.205186 13.
139.115 14 IR_SENSORS 0 0 17 -17 264
139.115 14 AIRSPEED 13.1 0. 0. 0.
139.116 14 ATTITUDE -0.001473 4.6961 -0.022961
139.199 14 NAVIGATION 14 0 69.4375 54. 40.748085 87.96344 126 2 2 0 0 0
139.215 14 FBW_STATUS 2 0 1 12.5 0.
139.215 14 SEGMENT 598.826965 11.351797 28.799999 57.
139.215 14 GPS 3 36035420 481364914 2745 192465 1123 -99 0 9958960 31 0
139.216 14 SVINFO 3 10 1 3 42 1 238
139.299 14 COMMANDS 0,1,232,0
139.316 14 GPS_SOL 483 483 483 7
139.415 14 WP_MOVED 12 360287.59375 4813581. 260. 31
139.471 14 NAVIGATION 14 0 66.34375 54. 37.663422 85.542351 126 2 2 0 0 0
139.472 14 GPS 3 36035109 481364939 2745 192097 1112 -79 0 9959240 31 0
139.473 14 SVINFO 4 11 1 4 43 13 288
139.515 14 COMMANDS 0,12,186,0
139.515 14 ESTIMATOR 192.294724 -0.79
139.615 14 AUTOPILOT_VERSION 51500 v5.15_devel-179-g9a29798-dirty
139.615 14 STATE_FILTER_STATUS 2 3 301
139.616 14 ATTITUDE -0.001473 4.692575 -0.011653
139.698 14 NAVIGATION 14 0 66.34375 54. 37.663422 85.542351 126 2 2 0 0 0
139.716 14 ENERGY 0 12.5 0. 0. 0.098631 1.232861
139.717 14 GPS 3 36034845 481364960 2745 191779 1103 -98 0 9959480 31 0
139.717 14 SVINFO 5 12 1 5 44 55 338
139.815 14 PPRZ_MODE 2 1 2 1 0 6
139.915 14 ALIVE 101,248,228,24,166,140,12,35,201,240,56,234,1,216,147,12
139.915 14 DL_VALUE 40 0.
139.915 14 WP_MOVED 13 360311.5 4813547. 260. 31
139.966 14 NAVIGATION 14 0 63.6875 54. 35.016251 83.499084 126 2 2 0 0 0
139.967 14 GPS 3 36034583 481364980 2744 191459 1096 -98 0 9959720 31 0
139.968 14 SVINFO 6 13 1 6 45 87 29
140.015 14 NAVIGATION 14 0 61.09375 54.5 35.016251 83.499084 126 2 2 0 0 0
140.015 14 ESTIMATOR 191.69043 -0.98
140.115 14 DESIRED 0.001897 0.000153 0. -1.088745 59.393509 191.177643 -1.205186 13.
140.115 14 AIRSPEED 13.1 0. 0. 0.
140.116 14 ATTITUDE -0.001473 4.689774 -0.004125
140.199 14 NAVIGATION 14 0 61.09375 54.5 32.390373 81.869995 127 3 3 0 0 0
140.215 14 GPS 3 36034322 481365000 2744 191139 1090 -107 0 9959960 31 0
140.215 14 SVINFO 0 7 0 0 39 89 89
140.315 14 IR_SENSORS 0 0 23 -16 264
140.399 14 FBW_STATUS 2 0 1 12.5 0.
140.415 14 SEGMENT 598.826965 11.351797 28.799999 57.
140.415 14 WP_MOVED 14 360300.6875 4813575.5 260. 31
140.466 14 NAVIGATION 14 0 58.4375 54.5 29.742754 79.907394 127 3 3 0 0 0
140.466 14 GPS 3 36034019 481365024 2744 190763 1085 -102 0 9960240 31 0
140.466 14 SVINFO 1 8 0 1 40 70 139
140.515 14 CALIBRATION -58.370911 0
140.516 14 ESTIMATOR 191.012817 -1.02
140.616 14 ATTITUDE 0.0023 4.688012 0.003393
140.699 14 NAVIGATION 14 0 55.4375 54.5 26.75456 77.740379 127 3 3 0 0 0
140.715 14 GPS 3 36033761 481365044 2744 190440 1080 -127 0 9960480 31 0
140.815 14 ENERGY 0 12.5 0. 0. 0.098631 1.232861
140.915 14 WP_MOVED 15 360297.6875 4813554.5 260. 31
140.969 14 NAVIGATION 14 0 52.84375 55. 24.126789 76.272285 127 3 3 0 0 0
140.970 14 GPS 3 36033503 481365064 2744 190115 1077 -110 0 9960720 31 0
