100.028 14 NAVIGATION 16 4 543.84375 13.5 0. 544.011292 89 68 7 0 0 0
100.044 14 GPS 3 36082550 481360943 2764 216641 1303 -37 0 9753960 31 0
100.144 14 AUTOPILOT_VERSION 51500 v5.15_devel-179-g9a29798-dirty
100.228 14 FBW_STATUS 2 0 1 12.5 0.474107
100.245 14 WP_MOVED 15 360297.6875 4813554.5 260. 31
100.307 14 NAVIGATION 16 4 540.78125 14. 0. 540.962463 89 68 7 0 0 0
100.308 14 GPS 3 36082187 481360985 2765 216647 1306 -29 0 9754240 31 0
100.308 14 SVINFO 5 12 0 5 32 4 319
100.344 14 DESIRED -0.000946 -0.001541 0. 476.147827 21.176039 215. -0.04348 13.
100.344 14 ESTIMATOR 216.431412 -0.29
100.445 14 ATTITUDE 0.006075 4.750697 -0.000365
100.527 14 NAVIGATION 16 4 537.125 14.5 0. 537.320679 89 68 7 0 0 0
100.544 14 IR_SENSORS 0 0 23 -15 264
100.545 14 ENERGY 34 12.5 0.480154 6.00192 0.081371 1.017118
100.545 14 GPS 3 36081875 481361021 2766 216656 1308 -13 0 9754480 31 0
100.644 14 DATALINK_REPORT 1 14 3058 540 0 0
100.645 14 SEGMENT 598.826965 11.351797 28.799999 57.
100.744 14 CALIBRATION -76.588554 0
100.745 14 DL_VALUE 18 1.
100.745 14 WP_MOVED 16 360683.46875 4813622.5 215. 31
100.815 14 NAVIGATION 16 4 534. 14.5 0. 534.196838 89 68 7 0 0 0
100.816 14 GPS 3 36081562 481361057 2766 216667 1311 -7 0 9754720 31 0
100.845 14 NAVIGATION 16 4 530.84375 15. 0. 534.196838 89 68 7 0 0 0
100.846 14 ESTIMATOR 216.470657 -0.07
100.944 14 AIRSPEED 13.2 0. 0. 0.
100.945 14 ATTITUDE 0.0023 4.752206 -0.000365
101.027 14 NAVIGATION 16 4 530.84375 15. 0. 531.055664 90 69 8 0 0 0
101.043 14 FBW_STATUS 2 0 1 12.5 0.480332
101.044 14 GPS 3 36081249 481361094 2766 216680 1313 -9 0 9754960 31 0
101.144 14 GPS_SOL 304 304 304 7
101.244 14 WP_MOVED 17 360654.59375 4813624.5 215. 31
101.277 14 NAVIGATION 16 4 527.71875 15.5 0. 527.94635 90 69 8 0 0 0
101.309 14 GPS 3 36080883 481361136 2766 216699 1315 0 0 9755240 31 0
101.344 14 ESTIMATOR 216.542923 0.
101.394 14 DESIRED -0.006305 -0.002114 0. 463.049194 22.224985 215. -0.045343 13.
101.444 14 ATTITUDE -0.001473 4.752146 -0.004125
101.527 14 NAVIGATION 16 4 524.09375 16. 0. 524.337891 90 69 8 0 0 0
101.545 14 GPS 3 36080569 481361172 2765 216716 1316 4 0 9755480 31 0
101.645 14 ENERGY 34 12.5 0.477306 5.966324 0.082251 1.028115
101.744 14 IR_SENSORS 0 0 22 -18 264
101.744 14 WP_MOVED 18 360289. 4813605. 220. 31
101.777 14 NAVIGATION 16 4 520.9375 16.5 0. 521.19873 90 69 8 0 0 0
101.809 14 GPS 3 36080255 481361208 2765 216735 1317 0 0 9755720 31 0
101.844 14 SEGMENT 598.826965 11.351797 28.799999 57.
101.844 14 NAVIGATION 16 4 517.8125 16.5 0. 521.19873 90 69 8 0 0 0
101.845 14 ESTIMATOR 216.632751 0.
101.944 14 AIRSPEED 13.2 0. 0. 0.
101.944 14 ATTITUDE -0.005245 4.751005 -0.004125
102.028 14 NAVIGATION 16 4 517.8125 16.5 0. 518.075317 91 70 9 0 0 0
102.044 14 GPS 3 36079941 481361244 2764 216755 1317 3 0 9755960 31 0
102.228 14 FBW_STATUS 2 0 1 12.5 0.473219
102.244 14 DL_VALUE 19 0.
102.245 14 WP_MOVED 19 360289. 4813610. 500. 31
102.277 14 NAVIGATION 16 4 514.65625 17. 0. 514.936951 91 70 9 0 0 0
102.309 14 GPS 3 36079574 481361285 2763 216779 1317 7 0 9756240 31 0
102.310 14 SVINFO 6 13 0 6 33 43 11
102.345 14 ESTIMATOR 216.699265 0.07
102.444 14 DESIRED -0.008702 -0.001557 0. 449.950562 23.273933 215. -0.049925 13.
102.445 14 ATTITUDE -0.009014 4.747665 -0.000365
102.527 14 NAVIGATION 16 4 511. 17.5 0. 511.299561 91 70 9 0 0 0
102.545 14 GPS 3 36079260 481361320 2762 216801 1317 -1 0 9756480 31 0
102.744 14 ENERGY 34 12.5 0.469318 5.866471 0.083119 1.03896
102.745 14 WP_MOVED 20 360289. 4813620. 300. 31
102.777 14 NAVIGATION 16 4 507.84375 17.5 0. 508.145172 91 70 9 0 0 0
102.799 14 GPS 3 36078946 481361354 2761 216823 1316 10 0 9756720 31 0
102.844 14 CALIBRATION -70.720146 0
102.844 14 NAVIGATION 16 4 504.6875 18. 0. 508.145172 91 70 9 0 0 0
102.844 14 ESTIMATOR 216.758286 0.1
102.944 14 IR_SENSORS 0 0 23 -19 264
102.944 14 AIRSPEED 13.2 0. 0. 0.
102.944 14 ATTITUDE -0.009014 4.744637 -0.000365
103.028 14 NAVIGATION 16 4 504.6875 18. 0. 505.008392 92 71 10 0 0 0
103.044 14 FBW_STATUS 2 0 1 12.5 0.464009
103.044 14 SEGMENT 598.826965 11.351797 28.799999 57.
103.045 14 GPS 3 36078632 481361387 2760 216845 1316 21 0 9756960 31 0
103.045 14 SVINFO 2 9 1 2 31 78 171
103.128 14 COMMANDS 3216,11,-16,0
103.144 14 GPS_SOL 308 308 308 7
103.244 14 WP_MOVED 21 360289. 4813625. 400. 31
103.277 14 NAVIGATION 16 4 501.5625 18.5 0. 501.903564 92 71 10 0 0 0
103.307 14 GPS 3 36078266 481361426 2759 216869 1314 12 0 9757240 31 0
103.345 14 COMMANDS 3195,-26,-21,0
103.345 14 ESTIMATOR 216.856094 0.12
103.443 14 STATE_FILTER_STATUS 2 3 306
103.444 14 ATTITUDE -0.009014 4.74047 -0.000365
103.494 14 DESIRED -0.008755 -0.00176 0. 436.820923 24.325367 215. -0.053974 13.
103.527 14 NAVIGATION 16 4 497.875 19. 0. 498.237396 92 71 10 0 0 0
103.544 14 GPS 3 36077952 481361458 2758 216889 1313 -8 0 9757480 31 0
103.545 14 SVINFO 4 11 0 4 32 3 271
103.644 14 PPRZ_MODE 2 3 2 1 0 6
103.744 14 ALIVE 101,248,228,24,166,140,12,35,201,240,56,234,1,216,147,12
103.745 14 DL_VALUE 20 0.
103.745 14 WP_MOVED 22 360289. 4813645. 250. 31
103.778 14 NAVIGATION 16 4 494.78125 19. 0. 495.145935 92 71 10 0 0 0
103.800 14 GPS 3 36077639 481361490 2757 216906 1312 -8 0 9757720 31 0
103.801 14 SVINFO 5 12 1 5 33 7 321
103.844 14 ENERGY 33 12.5 0.456071 5.700889 0.083961 1.04949
103.844 14 NAVIGATION 16 4 491.65625 19.5 0. 495.145935 92 71 10 0 0 0
103.844 14 ESTIMATOR 216.876907 -0.08
103.944 14 AIRSPEED 13.2 0. 0. 0.
103.944 14 ATTITUDE -0.009014 4.737259 -0.000365
104.027 14 NAVIGATION 16 4 491.65625 19.5 0. 492.042816 93 72 11 0 0 0
104.043 14 GPS 3 36077325 481361521 2756 216922 1311 8 0 9757960 31 0
104.044 14 SVINFO 6 13 1 6 34 46 12
104.145 14 NAVIGATION_REF 360284 4813595 31 185.
104.145 14 IR_SENSORS 0 0 23 -19 264
104.228 14 FBW_STATUS 2 0 1 12.5 0.452202
104.245 14 SEGMENT 598.826965 11.351797 28.799999 57.
104.245 14 WP_MOVED 0 360326. 4813637. 260. 31
104.277 14 NAVIGATION 16 4 488.5 20. 0. 488.909241 93 72 11 0 0 0
104.321 14 GPS 3 36076960 481361556 2754 216940 1310 -7 0 9758240 31 0
104.344 14 ESTIMATOR 216.905548 -0.07
104.444 14 ATTITUDE -0.009014 4.732058 -0.004125
104.528 14 NAVIGATION 16 4 484.84375 20. 0. 485.256073 93 72 11 0 0 0
104.544 14 DESIRED -0.0045 -0.001919 0. 420.089355 25.665245 215. -0.057166 13.
104.544 14 GPS 3 36076647 481361586 2754 216953 1310 12 0 9758480 31 0
104.744 14 WP_MOVED 1 360284. 4813595. 260. 31
104.777 14 NAVIGATION 16 4 481.71875 20.5 0. 482.154755 93 72 11 0 0 0
104.811 14 GPS 3 36076334 481361615 2752 216965 1309 14 0 9758720 31 0
104.845 14 NAVIGATION 16 4 478.625 20.5 0. 482.154755 93 72 11 0 0 0
104.846 14 ESTIMATOR 216.94252 0.14
104.944 14 CALIBRATION -56.699684 0
104.944 14 ENERGY 32 12.5 0.444309 5.553865 0.084789 1.059845
104.944 14 AIRSPEED 13.2 0. 0. 0.
104.945 14 ATTITUDE -0.009014 4.728303 -0.000365
105.028 14 NAVIGATION 16 4 478.625 20.5 0. 479.063812 94 73 12 0 0 0
105.044 14 FBW_STATUS 2 0 1 12.5 0.44221
105.044 14 GPS 3 36076021 481361643 2751 216977 1308 20 0 9758960 31 0
105.044 14 SVINFO 3 10 1 3 32 34 222
105.144 14 GPS_SOL 313 313 313 7
105.244 14 DL_VALUE 21 0.
105.245 14 WP_MOVED 2 360333.5 4813695. 260. 31
105.278 14 NAVIGATION 16 4 475.4375 21. 0. 475.901062 94 73 12 0 0 0
105.314 14 GPS 3 36075657 481361676 2750 216989 1306 11 0 9759240 31 0
105.345 14 IR_SENSORS 0 0 22 -18 264
105.345 14 ESTIMATOR 217.017517 0.11
105.444 14 SEGMENT 598.826965 11.351797 28.799999 57.
105.445 14 ATTITUDE -0.005245 4.723914 -0.004125
105.527 14 NAVIGATION 16 4 471.8125 21. 0. 472.279602 94 73 12 0 0 0
105.545 14 GPS 3 36075345 481361703 2749 216997 1305 2 0 9759480 31 0
105.594 14 DESIRED 0.000249 -0.002873 0. 407.061554 26.708519 215. -0.060526 13.
105.744 14 DATALINK_REPORT 6 14 3184 537 0 0
105.745 14 WP_MOVED 3 360294.09375 4813785. 260. 31
105.777 14 NAVIGATION 16 4 468.6875 21.5 0. 469.180359 94 73 12 0 0 0
105.817 14 GPS 3 36075033 481361730 2749 217003 1304 -3 0 9759720 31 0
105.843 14 NAVIGATION 16 4 465.5625 22. 0. 469.180359 94 73 12 0 0 0
105.844 14 ESTIMATOR 217.028763 -0.03
105.944 14 AIRSPEED 13.2 0. 0. 0.
105.944 14 ATTITUDE -0.001473 4.722171 -0.000365
106.028 14 NAVIGATION 16 4 465.5625 22. 0. 466.082001 95 74 13 0 0 0
106.044 14 ENERGY 31 12.5 0.431571 5.394642 0.085587 1.06982
106.045 14 GPS 3 36074721 481361757 2749 217008 1302 -15 0 9759960 31 0
106.226 14 FBW_STATUS 2 0 1 12.5 0.434705
106.244 14 WP_MOVED 4 360416.3125 4813734. 260. 31
106.277 14 NAVIGATION 16 4 462.4375 22. 0. 462.96051 95 74 13 0 0 0
106.314 14 GPS 3 36074358 481361788 2749 217011 1301 -28 0 9760240 31 0
106.314 14 SVINFO 1 8 1 1 31 89 123
106.346 14 ESTIMATOR 216.98822 -0.28
106.444 14 ATTITUDE -0.001473 4.721218 -0.004125
106.528 14 NAVIGATION 16 4 458.84375 22.5 0. 459.395081 95 74 13 0 0 0
106.544 14 IR_SENSORS 0 0 22 -17 264
106.544 14 GPS 3 36074047 481361815 2748 217012 1301 -10 0 9760480 31 0
106.644 14 SEGMENT 598.826965 11.351797 28.799999 57.
106.645 14 DESIRED -0.002432 -0.002829 0. 394.056061 27.75001 215. -0.059647 13.
106.744 14 DL_VALUE 22 0.
106.745 14 WP_MOVED 5 360421. 4813583.5 260. 31
106.778 14 NAVIGATION 16 4 455.71875 22.5 0. 456.273865 95 74 13 0 0 0
106.818 14 GPS 3 36073735 481361841 2748 217013 1301 -16 0 9760720 31 0
106.843 14 NAVIGATION 16 4 452.625 23. 0. 456.273865 95 74 13 0 0 0
106.843 14 ESTIMATOR 216.94191 -0.16
106.944 14 AIRSPEED 13.2 0. 0. 0.
106.945 14 ATTITUDE -0.001473 4.720226 -0.000365
107.027 14 NAVIGATION 16 4 452.625 23. 0. 453.208984 96 75 14 0 0 0
107.044 14 CALIBRATION -54.40834 0
107.044 14 FBW_STATUS 2 0 1 12.5 0.443959
107.044 14 GPS 3 36073424 481361867 2748 217014 1302 3 0 9760960 31 0
107.045 14 SVINFO 4 11 1 4 33 1 273
107.144 14 GPS_SOL 319 319 319 7
107.144 14 ENERGY 32 12.5 0.440986 5.512327 0.086393 1.079888
107.244 14 WP_MOVED 6 360164.8125 4813664.5 260. 31
107.277 14 NAVIGATION 16 4 449.5 23. 0. 450.088043 96 75 14 0 0 0
107.324 14 GPS 3 36073060 481361898 2747 217015 1302 23 0 9761240 31 0
107.325 14 SVINFO 5 12 1 5 34 11 323
107.344 14 ESTIMATOR 216.957962 0.23
107.444 14 ATTITUDE -0.001473 4.718283 -0.004125
107.527 14 NAVIGATION 16 4 445.84375 23.5 0. 446.462646 96 75 14 0 0 0
107.544 14 GPS 3 36072749 481361923 2747 217016 1302 12 0 9761480 31 0
107.545 14 SVINFO 6 13 1 6 35 53 14
107.693 14 DESIRED -0.000438 -0.002783 0. 381.059326 28.790798 215. -0.058739 13.
107.744 14 IR_SENSORS 0 0 23 -17 264
107.744 14 WP_MOVED 7 360558.40625 4813804.5 260. 31
107.777 14 NAVIGATION 16 4 442.71875 23.5 0. 443.34201 96 75 14 0 0 0
107.815 14 GPS 3 36072438 481361949 2746 217017 1301 18 0 9761720 31 0
107.815 14 SVINFO 0 7 0 0 31 65 74
107.843 14 SEGMENT 598.826965 11.351797 28.799999 57.
107.843 14 NAVIGATION 16 4 439.65625 24. 0. 443.34201 96 75 14 0 0 0
107.843 14 ESTIMATOR 217.038239 0.18
107.944 14 AIRSPEED 13.2 0. 0. 0.
107.944 14 ATTITUDE -0.001473 4.71675 -0.000365
108.027 14 NAVIGATION 16 4 439.65625 24. 0. 440.310822 97 76 15 0 0 0
108.044 14 GPS 3 36072126 481361974 2746 217018 1300 11 0 9761960 31 0
108.128 14 COMMANDS 2990,13,14,0
108.228 14 FBW_STATUS 2 0 1 12.5 0.419261
108.244 14 DL_VALUE 23 0.
108.244 14 ENERGY 31 12.5 0.419261 5.240756 0.08718 1.089725
108.245 14 WP_MOVED 8 360882.8125 4813606.5 215. 31
108.278 14 NAVIGATION 16 4 436.53125 24.5 0. 437.218231 97 76 15 0 0 0
108.294 14 GPS 3 36071764 481362003 2745 217016 1298 36 0 9762240 31 0
108.294 14 SVINFO 2 9 1 2 32 72 174
108.344 14 COMMANDS 2942,0,14,0
108.345 14 ESTIMATOR 217.073929 0.36
108.445 14 STATE_FILTER_STATUS 2 3 304
108.445 14 ATTITUDE -0.001473 4.715002 -0.000365
108.527 14 NAVIGATION 16 4 432.875 24.5 0. 433.56778 97 76 15 0 0 0
108.544 14 GPS 3 36071453 481362027 2745 217014 1297 48 0 9762480 31 0
108.545 14 SVINFO 3 10 0 3 33 28 224
108.644 14 PPRZ_MODE 2 3 2 1 0 6
108.744 14 ALIVE 101,248,228,24,166,140,12,35,201,240,56,234,1,216,147,12
108.744 14 DESIRED 0.001365 -0.002871 0. 368.093658 29.8291 215. -0.062218 13.
108.745 14 WP_MOVED 9 360312.8125 4813652. 185. 31
108.778 14 NAVIGATION 16 4 429.78125 24.5 0. 430.479004 97 76 15 0 0 0
108.794 14 GPS 3 36071144 481362052 2745 217009 1294 36 0 9762720 31 0
108.843 14 NAVIGATION 16 4 426.6875 25. 0. 430.479004 97 76 15 0 0 0
108.844 14 ESTIMATOR 217.184647 0.36
108.943 14 IR_SENSORS 0 0 23 -16 264
108.944 14 AIRSPEED 13.2 0. 0. 0.
108.944 14 ATTITUDE 0.0023 4.714371 -0.000365
109.027 14 NAVIGATION 16 4 426.6875 25. 0. 427.41925 98 77 16 0 0 0
109.044 14 FBW_STATUS 2 0 1 12.5 0.383982
109.045 14 SEGMENT 598.826965 11.351797 28.799999 57.
109.045 14 GPS 3 36070835 481362077 2745 217000 1291 30 0 9762960 31 0
109.144 14 CALIBRATION -16.343012 0
109.144 14 GPS_SOL 327 327 327 7
109.245 14 WP_MOVED 10 360889.21875 4813686. 215. 31
109.277 14 NAVIGATION 16 4 423.625 25.5 0. 424.391785 98 77 16 0 0 0
109.293 14 GPS 3 36070475 481362105 2745 216986 1286 0 0 9763240 31 0
109.344 14 ENERGY 28 12.5 0.380085 4.751057 0.087904 1.098779
109.344 14 ESTIMATOR 217.203751 0.
109.444 14 ATTITUDE 0.0023 4.714046 -0.000365
109.522 14 WIND_INFO 14 5 -0.1 1. 0. 13.2
109.527 14 NAVIGATION 16 4 420. 25.5 0. 420.773407 98 77 16 0 0 0
109.544 14 GPS 3 36070168 481362130 2745 216969 1284 0 0 9763480 31 0
109.744 14 DL_VALUE 24 0.
109.744 14 WP_MOVED 11 360169.5 4813757.5 260. 31
109.777 14 NAVIGATION 16 4 416.9375 26. 0. 417.747375 98 77 16 0 0 0
109.792 14 DESIRED -0.000482 -0.002976 0. 352.138367 31.10681 215. -0.064303 13.
109.793 14 GPS 3 36069861 481362154 2745 216949 1282 7 0 9763720 31 0
109.793 14 SVINFO 1 8 0 1 32 89 125
109.845 14 NAVIGATION 16 4 413.84375 26. 0. 417.747375 98 77 16 0 0 0
109.845 14 ESTIMATOR 217.093475 0.07
109.944 14 AIRSPEED 13.2 0. 0. 0.
109.944 14 ATTITUDE 0.0023 4.714204 -0.004125
110.027 14 NAVIGATION 16 4 413.84375 26. 0. 414.659698 99 78 17 0 0 0
110.044 14 GPS 3 36069555 481362179 2745 216924 1280 -2 0 9763960 31 0
110.144 14 IR_SENSORS 0 0 22 -16 264
110.227 14 FBW_STATUS 2 0 1 12.5 0.374845
110.244 14 SEGMENT 598.826965 11.351797 28.799999 57.
110.245 14 WP_MOVED 12 360287.59375 4813581. 260. 31
110.278 14 NAVIGATION 16 4 410.8125 26.5 0. 411.666321 99 78 17 0 0 0
110.294 14 GPS 3 36069198 481362208 2745 216892 1278 -16 0 9764240 31 0
110.350 14 ESTIMATOR 217.015289 -0.16
110.444 14 ENERGY 28 12.5 0.377716 4.721452 0.088595 1.107416
110.444 14 ATTITUDE 0.0023 4.714345 -0.004125
110.528 14 NAVIGATION 16 4 407.25 26.5 0. 408.111267 99 78 17 0 0 0
110.544 14 GPS 3 36068892 481362232 2745 216862 1277 -29 0 9764480 31 0
110.545 14 SVINFO 4 11 1 4 34 0 275
110.743 14 WP_MOVED 13 360311.5 4813547. 260. 31
110.778 14 NAVIGATION 16 4 404.15625 27. 0. 405.057129 99 78 17 0 0 0
110.794 14 GPS 3 36068586 481362257 2745 216830 1277 -31 0 9764720 31 0
110.795 14 SVINFO 5 12 1 5 35 16 325
110.844 14 DATALINK_REPORT 1 15 3312 547 0 0
110.844 14 DESIRED -0.000515 -0.002766 0. 339.358978 32.130196 215. -0.058385 13.
110.845 14 NAVIGATION 16 4 401.09375 27. 0. 405.057129 99 78 17 0 0 0
110.845 14 ESTIMATOR 216.862457 -0.31
110.944 14 AIRSPEED 13.2 0. 0. 0.
110.945 14 ATTITUDE -0.001473 4.713923 -0.000365
111.027 14 NAVIGATION 16 4 401.09375 27. 0. 402.001495 100 79 18 0 0 0
111.045 14 FBW_STATUS 2 0 1 12.5 0.391802
111.045 14 GPS 3 36068230 481362285 2745 216792 1278 -36 0 9765000 31 0
111.046 14 SVINFO 6 13 1 6 36 59 16
111.144 14 GPS_SOL 335 335 335 7
111.245 14 AUTOPILOT_VERSION 51500 v5.15_devel-179-g9a29798-dirty
111.246 14 CALIBRATION -22.01882 0
111.246 14 DL_VALUE 25 0.
111.246 14 WP_MOVED 14 360300.6875 4813575.5 260. 31
111.276 14 NAVIGATION 16 4 397.5625 27. 0. 398.478271 100 79 18 0 0 0
111.294 14 GPS 3 36067924 481362309 2745 216760 1279 -23 0 9765240 31 0
111.345 14 IR_SENSORS 0 0 23 -17 264
111.346 14 ESTIMATOR 216.713028 -0.23
111.444 14 SEGMENT 598.826965 11.351797 28.799999 57.
111.445 14 ATTITUDE -0.001473 4.71288 -0.004125
111.527 14 NAVIGATION 16 4 394.5 27.5 0. 395.457336 100 79 18 0 0 0
111.544 14 ENERGY 28 12.5 0.392995 4.912442 0.089308 1.116329
111.545 14 GPS 3 36067617 481362333 2744 216728 1280 -28 0 9765480 31 0
111.744 14 WP_MOVED 15 360297.6875 4813554.5 260. 31
111.778 14 NAVIGATION 16 4 391.40625 28. 0. 392.406494 100 79 18 0 0 0
111.794 14 GPS 3 36067311 481362357 2744 216697 1280 -29 0 9765720 31 0
111.794 14 SVINFO 2 9 1 2 33 66 176
111.843 14 NAVIGATION 16 4 388.375 28. 0. 392.406494 100 79 18 0 0 0
111.844 14 ESTIMATOR 216.628021 -0.29
111.893 14 DESIRED 0.000576 -0.010092 0. 326.610657 33.151093 215. -0.206639 13.
111.945 14 AIRSPEED 13.2 0. 0. 0.
111.946 14 ATTITUDE 0.0023 4.711833 -0.004125
112.028 14 NAVIGATION 16 4 388.375 28. 0. 389.383026 101 80 19 0 0 0
112.045 14 GPS 3 36067005 481362381 2744 216667 1279 -44 0 9765960 31 0
112.045 14 SVINFO 3 10 1 3 34 23 226
112.228 14 FBW_STATUS 2 0 1 12.5 0.363572
112.245 14 WP_MOVED 16 360683.46875 4813622.5 215. 31
112.277 14 NAVIGATION 16 4 385.28125 28. 0. 386.297333 101 80 19 0 0 0
112.294 14 GPS 3 36066648 481362408 2744 216629 1276 -46 0 9766240 31 0
112.295 14 SVINFO 4 11 1 4 35 0 276
112.345 14 ESTIMATOR 216.513947 -0.46
112.445 14 ATTITUDE 0.0023 4.710981 -0.004125
112.528 14 NAVIGATION 16 4 381.71875 28.5 0. 382.781219 101 80 19 0 0 0
112.544 14 IR_SENSORS 0 0 22 -16 264
112.544 14 GPS 3 36066343 481362432 2744 216592 1274 -43 0 9766480 31 0
112.545 14 SVINFO 5 12 1 5 36 19 326
112.645 14 SEGMENT 598.826965 11.351797 28.799999 57.
112.645 14 ENERGY 26 12.5 0.339588 4.244852 0.089978 1.124707
112.744 14 DL_VALUE 26 160.
112.745 14 WP_MOVED 17 360654.59375 4813624.5 215. 31
112.777 14 NAVIGATION 16 4 378.6875 29. 0. 379.796295 101 80 19 0 0 0
112.795 14 GPS 3 36066039 481362455 2744 216551 1272 -40 0 9766720 31 0
112.795 14 SVINFO 6 13 1 6 37 62 17
112.846 14 NAVIGATION 16 4 375.65625 29. 0. 379.796295 101 80 19 0 0 0
112.847 14 ESTIMATOR 216.395004 -0.4
112.944 14 DESIRED 0.001722 -0.021993 0. 313.893372 34.169502 215. -0.444649 13.
112.945 14 AIRSPEED 13.2 0. 0. 0.
112.945 14 ATTITUDE 0.0023 4.710501 -0.007888
113.027 14 NAVIGATION 16 4 375.65625 29. 0. 376.773956 102 81 20 0 0 0
113.044 14 FBW_STATUS 2 0 1 12.5 0.326247
113.044 14 GPS 3 36065735 481362479 2744 216502 1268 -44 0 9766960 31 0
113.045 14 SVINFO 0 7 0 0 32 73 77
113.128 14 COMMANDS 2355,9,-202,0
113.144 14 NAVIGATION_REF 360284 4813595 31 185.
113.144 14 GPS_SOL 345 345 345 7
113.245 14 WP_MOVED 18 360289. 4813605. 220. 31
113.277 14 NAVIGATION 16 4 372.625 29. 0. 373.75177 102 81 20 0 0 0
113.294 14 GPS 3 36065382 481362506 2744 216434 1263 -39 0 9767240 31 0
113.294 14 SVINFO 1 8 0 1 33 89 127
113.347 14 COMMANDS 2267,22,-190,0
113.347 14 CALIBRATION -30.607973 0
113.347 14 ESTIMATOR 216.288513 -0.39
113.444 14 STATE_FILTER_STATUS 2 3 300
113.445 14 ATTITUDE 0.0023 4.710157 -0.011653
113.527 14 NAVIGATION 16 4 369.09375 29.5 0. 370.270782 102 81 20 0 0 0
113.544 14 GPS 3 36065081 481362529 2744 216363 1259 -27 0 9767480 31 0
113.644 14 PPRZ_MODE 2 3 2 1 0 6
113.744 14 ALIVE 101,248,228,24,166,140,12,35,201,240,56,234,1,216,147,12
113.745 14 IR_SENSORS 0 0 19 -15 264
113.745 14 ENERGY 22 12.5 0.276376 3.454699 0.090549 1.131843
113.745 14 WP_MOVED 19 360289. 4813610. 500. 31
113.778 14 NAVIGATION 16 4 366.0625 30. 0. 367.289734 102 81 20 0 0 0
113.794 14 GPS 3 36064780 481362553 2744 216281 1255 -34 0 9767720 31 0
113.850 14 SEGMENT 598.826965 11.351797 28.799999 57.
113.850 14 NAVIGATION 16 4 363.0625 30. 0. 367.289734 102 81 20 0 0 0
113.850 14 ESTIMATOR 216.196823 -0.34
113.944 14 AIRSPEED 13.2 0. 0. 0.
113.944 14 ATTITUDE 0.006075 4.710314 -0.01919
113.994 14 DESIRED 0.001315 -0.033088 0. 301.269287 35.180447 215. -0.674415 13.
114.027 14 NAVIGATION 16 4 363.0625 30. 0. 364.299835 103 82 21 0 0 0
114.045 14 GPS 3 36064481 481362576 2744 216184 1250 -44 0 9767960 31 0
114.228 14 FBW_STATUS 2 0 1 12.5 0.235887
114.244 14 DL_VALUE 27 0.
114.245 14 WP_MOVED 20 360289. 4813620. 300. 31
114.277 14 NAVIGATION 16 4 360.0625 30. 0. 361.31012 103 82 21 0 0 0
114.294 14 GPS 3 36064134 481362604 2745 216053 1241 -58 0 9768240 31 0
114.346 14 ESTIMATOR 216.028748 -0.58
114.444 14 ATTITUDE 0.006075 4.710748 -0.022961
114.527 14 NAVIGATION 16 4 356.625 30.5 0. 357.92688 103 82 21 0 0 0
114.545 14 GPS 3 36063838 481362627 2745 215923 1237 -74 0 9768480 31 0
114.744 14 WP_MOVED 21 360289. 4813625. 400. 31
114.778 14 NAVIGATION 16 4 353.65625 30.5 0. 354.968994 103 82 21 0 0 0
114.793 14 GPS 3 36063543 481362651 2745 215776 1232 -68 0 9768720 31 0
114.848 14 ENERGY 16 12.5 0.197283 2.466042 0.090978 1.137204
114.849 14 NAVIGATION 16 4 350.6875 31. 0. 354.968994 103 82 21 0 0 0
114.849 14 ESTIMATOR 215.726105 -0.68
114.944 14 IR_SENSORS 0 0 15 -15 265
114.945 14 AIRSPEED 13.2 0. 0. 0.
114.945 14 ATTITUDE 0.006288 4.711318 -0.030723
115.028 14 NAVIGATION 16 4 350.6875 31. 0. 352.054993 104 83 22 0 0 0
115.045 14 FBW_STATUS 2 0 1 12.5 0.193422
115.045 14 SEGMENT 598.826965 11.351797 28.799999 57.
115.046 14 DESIRED 0.001758 -0.047471 0. 285.912659 36.410217 213.993439 -0.962515 13.
115.046 14 GPS 3 36063250 481362675 2746 215612 1226 -87 0 9768960 31 0
115.144 14 GPS_SOL 356 356 356 7
115.245 14 WP_MOVED 22 360289. 4813645. 250. 31
115.277 14 NAVIGATION 16 4 347.71875 31.5 0. 349.142639 104 83 22 0 0 0
115.295 14 GPS 3 36062908 481362703 2747 215400 1220 -85 0 9769240 31 0
115.296 14 SVINFO 2 9 0 2 34 61 178
115.345 14 ESTIMATOR 215.365051 -0.85
115.444 14 CALIBRATION -1.579367 0
115.444 14 ATTITUDE 0.002528 4.712447 -0.038249
115.527 14 NAVIGATION 16 4 344.34375 31.5 0. 345.781525 104 83 22 0 0 0
115.545 14 GPS 3 36062617 481362727 2747 215201 1216 -89 0 9769480 31 0
115.546 14 SVINFO 3 10 1 3 35 17 228
115.744 14 DL_VALUE 28 0.32
115.745 14 WP_MOVED 0 360326. 4813637. 260. 31
115.777 14 NAVIGATION 16 4 341.40625 31.5 0. 342.856354 104 83 22 0 0 0
115.794 14 GPS 3 36062327 481362751 2747 214986 1212 -96 0 9769720 31 0
115.795 14 SVINFO 4 11 0 4 36 0 278
115.846 14 NAVIGATION 16 4 338.53125 32. 0. 342.856354 104 83 22 0 0 0
115.846 14 ESTIMATOR 214.95369 -0.96
115.944 14 DATALINK_REPORT 6 15 3445 561 0 0
115.945 14 ENERGY 12 12.5 0.144022 1.800281 0.091292 1.141126
115.945 14 AIRSPEED 13.2 0. 0. 0.
115.945 14 ATTITUDE 0.002528 4.712577 -0.042014
116.027 14 NAVIGATION 16 4 338.53125 32. 0. 340.040314 105 84 23 0 0 0
116.044 14 GPS 3 36061990 481362779 2747 214716 1207 -105 0 9770000 31 0
116.045 14 SVINFO 5 12 1 5 37 24 328
116.095 14 DESIRED 0.000121 -0.055702 0. 273.754303 37.383865 212.96376 -1.119304 13.
116.144 14 IR_SENSORS 0 0 11 -16 265
116.227 14 FBW_STATUS 2 0 1 12.5 0.144444
116.244 14 SEGMENT 598.826965 11.351797 28.799999 57.
116.245 14 WP_MOVED 1 360284. 4813595. 260. 31
116.277 14 NAVIGATION 16 4 332.28125 32.5 0. 333.866852 105 84 23 0 0 0
116.295 14 GPS 3 36061702 481362803 2747 214468 1204 -116 0 9770240 31 0
116.296 14 SVINFO 6 13 1 6 38 67 19
116.345 14 ESTIMATOR 214.455963 -1.16
116.443 14 ATTITUDE -0.001231 4.712216 -0.049549
116.527 14 NAVIGATION 16 4 329.40625 32.5 0. 331.005615 105 84 23 0 0 0
116.544 14 GPS 3 36061415 481362827 2747 214208 1203 -113 0 9770480 31 0
116.545 14 SVINFO 0 7 0 0 33 78 79
116.744 14 WP_MOVED 2 360333.5 4813695. 260. 31
116.778 14 NAVIGATION 16 4 326.53125 33. 0. 328.19455 105 84 23 0 0 0
116.794 14 GPS 3 36061127 481362850 2747 213936 1202 -113 0 9770720 31 0
116.795 14 SVINFO 1 8 1 1 34 88 129
116.844 14 NAVIGATION 16 4 326.53125 33. 0. 328.19455 105 84 23 0 0 0
116.844 14 ESTIMATOR 213.905014 -1.13
116.944 14 AIRSPEED 13.2 0. 0. 0.
116.944 14 ATTITUDE 0.002528 4.711653 -0.053317
117.028 14 NAVIGATION 16 4 323.65625 33.5 0. 325.385345 106 85 24 0 0 0
117.044 14 FBW_STATUS 2 0 1 12.5 0.14571
117.044 14 ENERGY 13 12.5 0.14571 1.821369 0.091556 1.144425
117.045 14 GPS 3 36060839 481362874 2747 213655 1203 -130 0 9770960 31 0
117.046 14 SVINFO 2 9 1 2 35 58 179
117.145 14 GPS_SOL 367 367 367 7
117.145 14 DESIRED -0.001932 -0.055311 0. 258.854706 38.577038 211.637543 -1.111487 13.
117.244 14 DL_VALUE 29 0.
117.244 14 WP_MOVED 3 360294.09375 4813785. 260. 31
117.278 14 NAVIGATION 16 4 320.28125 33.5 0. 322.028473 106 85 24 0 0 0
117.294 14 GPS 3 36060503 481362902 2747 213318 1205 -145 0 9771240 31 0
117.345 14 IR_SENSORS 0 0 8 -17 265
117.346 14 ESTIMATOR 213.309006 -1.45
117.444 14 SEGMENT 598.826965 11.351797 28.799999 57.
117.445 14 ATTITUDE -0.001231 4.711494 -0.057087
117.528 14 NAVIGATION 16 4 317.40625 33.5 0. 319.169189 106 85 24 0 0 0
117.544 14 CALIBRATION -2.779855 0
117.545 14 GPS 3 36060214 481362926 2746 213026 1207 -139 0 9771480 31 0
117.545 14 SVINFO 4 11 0 4 37 0 279
117.744 14 WP_MOVED 4 360416.3125 4813734. 260. 31
117.778 14 NAVIGATION 16 4 314.5 34. 0. 316.332489 106 85 24 0 0 0
117.794 14 GPS 3 36059925 481362949 2746 212731 1210 -132 0 9771720 31 0
117.794 14 SVINFO 5 12 1 5 38 27 329
117.849 14 NAVIGATION 16 4 314.5 34. 0. 316.332489 106 85 24 0 0 0
117.849 14 ESTIMATOR 212.648117 -1.32
117.944 14 AIRSPEED 13.2 0. 0. 0.
117.944 14 ATTITUDE -0.001231 4.711287 -0.057087
118.028 14 NAVIGATION 16 4 311.5625 34.5 0. 313.466797 107 86 25 0 0 0
118.044 14 GPS 3 36059634 481362973 2746 212436 1213 -128 0 9771960 31 0
118.045 14 SVINFO 6 13 0 6 39 70 20
118.128 14 COMMANDS 1403,-1,63,0
118.144 14 ENERGY 14 12.5 0.167089 2.088618 0.091844 1.148022
118.193 14 DESIRED -0.001495 -0.055535 0. 246.758453 39.545715 210.584045 -1.113266 13.
118.228 14 FBW_STATUS 2 0 1 12.5 0.168389
118.244 14 WP_MOVED 5 360421. 4813583.5 260. 31
118.278 14 NAVIGATION 16 4 308.21875 34.5 0. 310.143585 107 86 25 0 0 0
118.295 14 GPS 3 36059295 481363000 2746 212094 1218 -147 0 9772240 31 0
118.346 14 COMMANDS 1404,13,47,0
118.346 14 ESTIMATOR 212.045273 -1.47
118.444 14 STATE_FILTER_STATUS 2 3 288
118.444 14 ATTITUDE 0.002528 4.711017 -0.060858
118.527 14 NAVIGATION 16 4 305.28125 34.5 0. 307.224487 107 86 25 0 0 0
118.544 14 IR_SENSORS 0 0 7 -16 265
118.544 14 GPS 3 36059003 481363024 2746 211802 1219 -149 0 9772480 31 0
118.644 14 PPRZ_MODE 2 3 2 1 0 6
118.645 14 SEGMENT 598.826965 11.351797 28.799999 57.
118.744 14 ALIVE 101,248,228,24,166,140,12,35,201,240,56,234,1,216,147,12
118.745 14 DL_VALUE 30 0.01
118.745 14 WP_MOVED 6 360164.8125 4813664.5 260. 31
118.778 14 NAVIGATION 16 4 302.375 35. 0. 304.39389 107 86 25 0 0 0
118.794 14 GPS 3 36058711 481363048 2746 211514 1222 -146 0 9772720 31 0
118.847 14 NAVIGATION 16 4 302.375 35. 0. 304.39389 107 86 25 0 0 0
118.849 14 ESTIMATOR 211.382645 -1.46
118.943 14 AIRSPEED 13.2 0. 0. 0.
118.944 14 ATTITUDE 0.002528 4.71103 -0.057087
119.027 14 NAVIGATION 16 4 299.40625 35. 0. 301.445007 108 87 26 0 0 0
119.044 14 FBW_STATUS 2 0 1 12.5 0.187951
119.045 14 GPS 3 36058417 481363071 2746 211231 1226 -118 0 9772960 31 0
119.045 14 SVINFO 3 10 0 3 36 13 230
119.144 14 GPS_SOL 380 380 380 7
119.244 14 ENERGY 16 12.5 0.18692 2.336498 0.092169 1.152086
119.245 14 DESIRED 0.002329 -0.055685 0. 234.639862 40.516182 209.525101 -1.118965 13.
119.245 14 WP_MOVED 7 360558.40625 4813804.5 260. 31
119.278 14 NAVIGATION 16 4 295.96875 35.5 0. 298.090179 108 87 26 0 0 0
119.295 14 GPS 3 36058074 481363099 2746 210905 1230 -127 0 9773240 31 0
119.357 14 ESTIMATOR 210.810257 -1.27
119.443 14 ATTITUDE 0.002528 4.711686 -0.057087
119.524 14 WIND_INFO 14 5 -0.1 1. 0. 13.1
119.528 14 NAVIGATION 16 4 293.0625 36. 0. 295.26535 108 87 26 0 0 0
119.544 14 GPS 3 36057779 481363123 2746 210631 1231 -121 0 9773480 31 0
119.644 14 CALIBRATION -30.388826 0
119.744 14 IR_SENSORS 0 0 8 -16 265
119.745 14 WP_MOVED 8 360882.8125 4813606.5 215. 31
119.777 14 NAVIGATION 16 4 290.09375 36. 0. 292.31897 108 87 26 0 0 0
119.794 14 GPS 3 36057484 481363147 2746 210361 1233 -144 0 9773720 31 0
119.852 14 SEGMENT 598.826965 11.351797 28.799999 57.
119.855 14 NAVIGATION 16 4 290.09375 36. 0. 292.31897 108 87 26 0 0 0
119.855 14 ESTIMATOR 210.260544 -1.44
119.944 14 AIRSPEED 13.1 0. 0. 0.
119.944 14 ATTITUDE 0.002528 4.711966 -0.057087
120.028 14 NAVIGATION 16 4 287.125 36. 0. 289.373047 109 88 27 0 0 0
120.044 14 GPS 3 36057189 481363171 2746 210095 1234 -142 0 9773960 31 0
120.044 14 SVINFO 0 7 0 0 34 82 81
120.228 14 FBW_STATUS 2 0 1 12.5 0.202504
120.245 14 DL_VALUE 31 0.1
120.245 14 WP_MOVED 9 360312.8125 4813652. 185. 31
120.278 14 NAVIGATION 16 4 283.6875 36.5 0. 286.02594 109 88 27 0 0 0
120.294 14 DESIRED 0.00055 -0.057392 0. 218.901917 41.776489 207.37178 -1.150403 13.
120.295 14 GPS 3 36056844 481363199 2746 209788 1237 -138 0 9774240 31 0
120.295 14 SVINFO 1 8 0 1 35 86 131
120.349 14 ENERGY 16 12.5 0.198772 2.484655 0.09252 1.156473
120.349 14 ESTIMATOR 209.645004 -1.38
120.444 14 ATTITUDE -0.001231 4.711773 -0.057087
120.527 14 NAVIGATION 16 4 280.71875 37. 0. 283.146637 109 88 27 0 0 0
120.544 14 GPS 3 36056547 481363222 2745 209528 1239 -145 0 9774480 31 0
120.545 14 SVINFO 2 9 0 2 36 51 181
120.744 14 WP_MOVED 10 360889.21875 4813686. 215. 31
120.778 14 NAVIGATION 16 4 277.78125 37. 0. 280.234589 109 88 27 0 0 0
120.794 14 GPS 3 36056251 481363246 2745 209272 1240 -142 0 9774720 31 0
120.795 14 SVINFO 3 10 1 3 37 11 231
120.853 14 NAVIGATION 16 4 277.78125 37. 0. 280.234589 109 88 27 0 0 0
120.854 14 ESTIMATOR 209.067001 -1.42
120.944 14 IR_SENSORS 0 0 8 -16 265
120.944 14 AIRSPEED 13.1 0. 0. 0.
120.945 14 ATTITUDE 0.002528 4.711544 -0.057087
121.027 14 NAVIGATION 16 4 274.78125 37. 0. 277.261139 110 89 28 0 0 0
121.044 14 DATALINK_REPORT 2 16 3578 561 0 0
121.045 14 FBW_STATUS 2 0 1 12.5 0.217407
121.045 14 SEGMENT 598.826965 11.351797 28.799999 57.
121.046 14 GPS 3 36055953 481363270 2745 209018 1242 -145 0 9774960 31 0
121.046 14 SVINFO 4 11 1 4 38 1 281
121.144 14 GPS_SOL 393 393 393 7
121.244 14 WP_MOVED 11 360169.5 4813757.5 260. 31
121.278 14 NAVIGATION 16 4 271.28125 37.5 0. 273.86084 110 89 28 0 0 0
121.294 14 GPS 3 36055605 481363298 2745 208726 1246 -143 0 9775240 31 0
121.295 14 SVINFO 5 12 1 5 39 33 331
121.356 14 DESIRED 0.00118 -0.057569 0. 206.495148 42.770031 206.282852 -1.156642 13.
121.357 14 ESTIMATOR 208.5047 -1.43
121.443 14 ENERGY 18 12.5 0.222266 2.778327 0.09291 1.161354
121.443 14 ATTITUDE -0.001231 4.71143 -0.057087
121.528 14 NAVIGATION 16 4 268.34375 38. 0. 271.020966 110 89 28 0 0 0
121.545 14 GPS 3 36055307 481363321 2745 208480 1248 -124 0 9775480 31 0
121.546 14 SVINFO 6 13 1 6 40 75 22
121.744 14 CALIBRATION -62.422348 0
121.744 14 DL_VALUE 32 0.
121.744 14 WP_MOVED 12 360287.59375 4813581. 260. 31
121.778 14 NAVIGATION 16 4 265.34375 38. 0. 268.050934 110 89 28 0 0 0
121.794 14 GPS 3 36055008 481363345 2745 208237 1250 -109 0 9775720 31 0
121.858 14 NAVIGATION 16 4 265.34375 38. 0. 268.050934 110 89 28 0 0 0
121.858 14 ESTIMATOR 208.003494 -1.09
121.945 14 AIRSPEED 13.1 0. 0. 0.
121.945 14 ATTITUDE -0.001231 4.711342 -0.057087
122.028 14 NAVIGATION 16 4 262.34375 38. 0. 265.081573 111 90 29 0 0 0
122.044 14 GPS 3 36054708 481363369 2745 207997 1251 -129 0 9775960 31 0
122.145 14 NAVIGATION_REF 360284 4813595 31 185.
122.145 14 IR_SENSORS 0 0 8 -17 265
122.227 14 FBW_STATUS 2 0 1 12.5 0.22944
122.245 14 SEGMENT 598.826965 11.351797 28.799999 57.
122.246 14 WP_MOVED 13 360311.5 4813547. 260. 31
122.278 14 NAVIGATION 16 4 258.84375 38.5 0. 261.691284 111 90 29 0 0 0
122.294 14 GPS 3 36054359 481363396 2744 207720 1253 -132 0 9776240 31 0
122.357 14 AUTOPILOT_VERSION 51500 v5.15_devel-179-g9a29798-dirty
122.357 14 ESTIMATOR 207.539337 -1.32
122.394 14 DESIRED 0.00138 -0.058064 0. 194.057343 43.76606 205.191193 -1.166536 13.
122.443 14 ATTITUDE 0.002528 4.710801 -0.057087
122.528 14 NAVIGATION 16 4 255.84375 38.5 0. 258.724304 111 90 29 0 0 0
122.544 14 ENERGY 19 12.5 0.227757 2.846962 0.093324 1.16653
122.544 14 GPS 3 36054059 481363420 2744 207484 1254 -136 0 9776480 31 0
122.744 14 WP_MOVED 14 360300.6875 4813575.5 260. 31
122.778 14 NAVIGATION 16 4 252.84375 39. 0. 255.833847 111 90 29 0 0 0
122.795 14 GPS 3 36053758 481363443 2744 207251 1254 -139 0 9776720 31 0
122.796 14 SVINFO 4 11 1 4 39 2 282
122.868 14 NAVIGATION 16 4 252.84375 39. 0. 255.833847 111 90 29 0 0 0
122.868 14 ESTIMATOR 207.019882 -1.39
122.944 14 AIRSPEED 13.1 0. 0. 0.
122.944 14 ATTITUDE 0.002528 4.710598 -0.057087
123.028 14 NAVIGATION 16 4 249.8125 39. 0. 252.838455 112 91 30 0 0 0
123.043 14 FBW_STATUS 2 0 1 12.5 0.240667
123.044 14 GPS 3 36053458 481363467 2744 207018 1256 -156 0 9776960 31 0
123.045 14 SVINFO 5 12 1 5 40 36 332
123.128 14 COMMANDS 1935,4,0,0
123.144 14 GPS_SOL 407 407 407 7
123.244 14 DL_VALUE 33 0.15
123.244 14 WP_MOVED 15 360297.6875 4813554.5 260. 31
123.278 14 NAVIGATION 16 4 246.28125 39.5 0. 249.428757 112 91 30 0 0 0
123.294 14 GPS 3 36053106 481363494 2744 206750 1259 -148 0 9777240 31 0
123.294 14 SVINFO 6 13 1 6 41 77 23
123.356 14 COMMANDS 1935,-6,-15,0
123.356 14 IR_SENSORS 0 0 8 -16 265
123.356 14 ESTIMATOR 206.468552 -1.48
123.444 14 STATE_FILTER_STATUS 2 3 289
123.444 14 SEGMENT 598.826965 11.351797 28.799999 57.
123.445 14 DESIRED 0.001624 -0.058373 0. 181.495331 44.772034 204.088638 -1.172723 13.
123.445 14 ATTITUDE 0.002528 4.711354 -0.057087
123.528 14 NAVIGATION 16 4 243.28125 39.5 0. 246.467072 112 91 30 0 0 0
123.545 14 GPS 3 36052805 481363518 2745 206522 1260 -119 0 9777480 31 0
123.546 14 SVINFO 0 7 0 0 35 85 83
123.644 14 PPRZ_MODE 2 3 2 1 0 6
123.645 14 ENERGY 20 12.5 0.249659 3.120743 0.093768 1.17208
123.745 14 ALIVE 101,248,228,24,166,140,12,35,201,240,56,234,1,216,147,12
123.745 14 WP_MOVED 16 360683.46875 4813622.5 215. 31
123.778 14 NAVIGATION 16 4 240.28125 40. 0. 243.587921 112 91 30 0 0 0
123.793 14 GPS 3 36052503 481363542 2745 206296 1262 -97 0 9777720 31 0
123.794 14 SVINFO 1 8 0 1 36 83 133
123.854 14 CALIBRATION -83.046669 0
123.854 14 NAVIGATION 16 4 240.28125 40. 0. 243.587921 112 91 30 0 0 0
123.855 14 ESTIMATOR 206.009109 -0.97
123.943 14 AIRSPEED 13.1 0. 0. 0.
123.943 14 ATTITUDE 0.002528 4.712253 -0.057087
124.028 14 NAVIGATION 16 4 237.25 40. 0. 240.598343 113 92 31 0 0 0
124.044 14 GPS 3 36052200 481363566 2745 206073 1263 -113 0 9777960 31 0
124.045 14 SVINFO 2 9 1 2 37 45 183
124.228 14 FBW_STATUS 2 0 1 12.5 0.246862
124.244 14 WP_MOVED 17 360654.59375 4813624.5 215. 31
124.278 14 NAVIGATION 16 4 233.71875 40.5 0. 237.201813 113 92 31 0 0 0
124.294 14 GPS 3 36051847 481363594 2745 205814 1264 -104 0 9778240 31 0
124.295 14 SVINFO 3 10 1 3 38 7 233
124.350 14 ESTIMATOR 205.627396 -1.04
124.444 14 ATTITUDE 0.002528 4.713414 -0.057087
124.494 14 DESIRED 0.00062 -0.05895 0. 168.933319 45.778015 202.986084 -1.18426 13.
124.528 14 NAVIGATION 16 4 230.6875 40.5 0. 234.215652 113 92 31 0 0 0
124.543 14 IR_SENSORS 0 0 8 -16 265
124.544 14 GPS 3 36051545 481363619 2746 205593 1264 -131 0 9778480 31 0
124.644 14 SEGMENT 598.826965 11.351797 28.799999 57.
124.744 14 DL_VALUE 34 0.05
124.745 14 ENERGY 19 12.5 0.243451 3.043136 0.094217 1.177686
124.745 14 WP_MOVED 18 360289. 4813605. 220. 31
124.777 14 NAVIGATION 16 4 227.65625 41. 0. 231.318756 113 92 31 0 0 0
124.794 14 GPS 3 36051242 481363643 2746 205372 1264 -138 0 9778720 31 0
124.867 14 NAVIGATION 16 4 227.65625 41. 0. 231.318756 113 92 31 0 0 0
124.868 14 ESTIMATOR 205.16832 -1.38
124.944 14 AIRSPEED 13.1 0. 0. 0.
124.944 14 ATTITUDE 0.002528 4.713924 -0.057087
125.028 14 NAVIGATION 16 4 224.65625 41.5 0. 228.457169 114 93 32 0 0 0
125.043 14 FBW_STATUS 2 0 1 12.5 0.250749
125.044 14 GPS 3 36050940 481363668 2746 205151 1264 -138 0 9778960 31 0
125.144 14 GPS_SOL 421 421 421 7
125.244 14 WP_MOVED 19 360289. 4813610. 500. 31
125.278 14 NAVIGATION 16 4 221.09375 41.5 0. 224.95488 114 93 32 0 0 0
125.294 14 GPS 3 36050586 481363697 2746 204893 1266 -145 0 9779240 31 0
125.295 14 SVINFO 0 7 0 0 36 86 84
125.361 14 ESTIMATOR 204.647461 -1.45
125.443 14 ATTITUDE -0.001231 4.714253 -0.057087
125.528 14 NAVIGATION 16 4 218.09375 41.5 0. 222.00705 114 93 32 0 0 0
125.544 14 DESIRED 0.00226 -0.059017 0. 153.328308 47.027672 201.878082 -1.182898 13.
125.545 14 GPS 3 36050283 481363721 2746 204672 1267 -145 0 9779480 31 0
125.545 14 SVINFO 1 8 1 1 37 81 134
125.743 14 IR_SENSORS 0 0 8 -17 265
125.744 14 WP_MOVED 20 360289. 4813620. 300. 31
125.778 14 NAVIGATION 16 4 215.0625 42. 0. 219.125259 114 93 32 0 0 0
125.794 14 GPS 3 36049980 481363745 2745 204452 1268 -129 0 9779720 31 0
125.794 14 SVINFO 2 9 1 2 38 42 184
125.865 14 SEGMENT 598.826965 11.351797 28.799999 57.
125.865 14 ENERGY 21 12.5 0.263738 3.296721 0.094683 1.183519
125.866 14 NAVIGATION 16 4 215.0625 42. 0. 219.125259 114 93 32 0 0 0
125.866 14 ESTIMATOR 204.132446 -1.29
125.943 14 CALIBRATION -96.10376 0
125.944 14 AIRSPEED 13.1 0. 0. 0.
125.944 14 ATTITUDE -0.001231 4.713732 -0.057087
126.028 14 NAVIGATION 16 4 212. 42.5 0. 216.218063 115 94 33 0 0 0
126.043 14 GPS 3 36049676 481363770 2745 204232 1270 -125 0 9779960 31 0
126.044 14 SVINFO 3 10 1 3 39 5 234
126.144 14 DATALINK_REPORT 7 16 3714 573 0 0
126.227 14 FBW_STATUS 2 0 1 12.5 0.267517
126.245 14 DL_VALUE 35 0.
126.246 14 WP_MOVED 21 360289. 4813625. 400. 31
126.276 14 NAVIGATION 16 4 212. 42.5 0. 216.218063 115 94 33 0 0 0
126.294 14 GPS 3 36049320 481363798 2745 203978 1273 -128 0 9780240 31 0
126.295 14 SVINFO 4 11 1 4 40 5 284
126.366 14 ESTIMATOR 203.701523 -1.28
126.443 14 ATTITUDE -0.001231 4.712762 -0.060858
126.527 14 NAVIGATION 16 4 208.4375 42.5 0. 212.726212 115 94 33 0 0 0
126.544 14 GPS 3 36049016 481363822 2745 203761 1274 -106 0 9780480 31 0
126.545 14 SVINFO 5 12 1 5 41 42 334
126.594 14 DESIRED 0.001538 -0.059957 0. 143.653992 47.802399 200.767365 -1.201698 13.
126.745 14 WP_MOVED 22 360289. 4813645. 250. 31
126.777 14 NAVIGATION 16 4 205.40625 42.5 0. 209.756943 115 94 33 0 0 0
126.793 14 GPS 3 36048711 481363846 2744 203546 1275 -84 0 9780720 31 0
126.794 14 SVINFO 6 13 1 6 42 81 25
126.854 14 NAVIGATION 16 4 202.375 43. 0. 209.756943 115 94 33 0 0 0
126.855 14 ESTIMATOR 203.299362 -0.84
126.943 14 IR_SENSORS 0 0 7 -16 265
126.944 14 ENERGY 20 12.5 0.253243 3.165539 0.095167 1.189571
126.944 14 AIRSPEED 13.1 0. 0. 0.
126.944 14 ATTITUDE 0.002528 4.712221 -0.060858
127.027 14 NAVIGATION 16 4 202.375 43. 0. 206.892822 115 95 34 0 0 0
127.045 14 FBW_STATUS 2 0 1 12.5 0.249971
127.046 14 SEGMENT 598.826965 11.351797 28.799999 57.
127.046 14 GPS 3 36048405 481363870 2744 203331 1274 -78 0 9780960 31 0
127.143 14 GPS_SOL 436 436 436 7
127.244 14 WP_MOVED 0 360326. 4813637. 260. 31
127.277 14 NAVIGATION 16 4 199.28125 43. 0. 203.867645 116 95 34 0 0 0
127.294 14 GPS 3 36048050 481363898 2744 203082 1273 -89 0 9781240 31 0
127.366 14 ESTIMATOR 202.988724 -0.89
127.444 14 ATTITUDE 0.002528 4.711813 -0.060858
127.527 14 NAVIGATION 16 4 195.71875 43.5 0. 200.494583 116 95 34 0 0 0
127.545 14 GPS 3 36047746 481363921 2744 202868 1271 -90 0 9781480 31 0
127.644 14 DESIRED 0.00208 -0.060423 0. 130.936737 48.820808 199.651184 -1.213731 13.
127.743 14 DL_VALUE 36 0.
127.744 14 WP_MOVED 1 360284. 4813595. 260. 31
127.778 14 NAVIGATION 16 4 192.6875 44. 0. 197.647339 116 95 34 0 0 0
127.794 14 GPS 3 36047442 481363945 2745 202652 1269 -95 0 9781720 31 0
127.795 14 SVINFO 3 10 1 3 40 4 235
127.876 14 NAVIGATION 16 4 189.65625 44. 0. 197.647339 116 95 34 0 0 0
127.876 14 ESTIMATOR 202.589142 -0.95
127.942 14 AIRSPEED 13.1 0. 0. 0.
127.942 14 ATTITUDE 0.002528 4.712079 -0.057087
128.027 14 NAVIGATION 16 4 189.65625 44. 0. 194.693329 117 96 35 0 0 0
128.045 14 CALIBRATION -72.807884 0
128.045 14 ENERGY 18 12.5 0.224246 2.803074 0.095603 1.195016
128.045 14 GPS 3 36047139 481363969 2745 202434 1266 -123 0 9781960 31 0
128.045 14 SVINFO 4 11 0 4 41 7 285
128.128 14 COMMANDS 1819,-5,14,0
128.144 14 IR_SENSORS 0 0 7 -16 265
128.228 14 FBW_STATUS 2 0 1 12.5 0.229287
128.245 14 SEGMENT 598.826965 11.351797 28.799999 57.
128.245 14 WP_MOVED 2 360333.5 4813695. 260. 31
128.278 14 NAVIGATION 16 4 186.65625 44. 0. 191.772141 117 96 35 0 0 0
128.294 14 GPS 3 36046786 481363998 2745 202176 1263 -132 0 9782240 31 0
128.294 14 SVINFO 5 12 0 5 42 45 335
128.383 14 COMMANDS 1845,7,19,0
128.384 14 ESTIMATOR 202.093765 -1.32
128.443 14 STATE_FILTER_STATUS 2 3 288
128.444 14 ATTITUDE 0.002528 4.712809 -0.060858
128.530 14 NAVIGATION 16 4 183.09375 44.5 0. 188.423904 117 96 35 0 0 0
128.547 14 GPS 3 36046483 481364022 2745 201952 1263 -120 0 9782480 31 0
128.548 14 SVINFO 6 13 1 6 43 83 26
128.644 14 PPRZ_MODE 2 3 2 1 0 6
128.694 14 DESIRED 0.001396 -0.060267 0. 118.312622 49.831757 198.543182 -1.210597 13.
128.747 14 ALIVE 101,248,228,24,166,140,12,35,201,240,56,234,1,216,147,12
128.749 14 WP_MOVED 3 360294.09375 4813785. 260. 31
128.777 14 NAVIGATION 16 4 180.09375 45. 0. 185.630707 117 96 35 0 0 0
128.794 14 GPS 3 36046181 481364046 2746 201727 1262 -121 0 9782720 31 0
128.794 14 SVINFO 0 7 0 0 37 88 86
128.844 14 NAVIGATION 16 4 177.0625 45. 0. 185.630707 117 96 35 0 0 0
128.845 14 ESTIMATOR 201.567368 -1.21
128.944 14 AIRSPEED 13.1 0. 0. 0.
128.944 14 ATTITUDE 0.002528 4.713386 -0.057087
129.027 14 NAVIGATION 16 4 177.0625 45. 0. 182.691345 118 97 36 0 0 0
129.046 14 FBW_STATUS 2 0 1 12.5 0.230972
129.047 14 GPS 3 36045880 481364070 2746 201499 1261 -103 0 9782960 31 0
129.047 14 SVINFO 1 8 0 1 38 77 136
129.144 14 GPS_SOL 451 451 451 7
129.144 14 ENERGY 18 12.5 0.22944 2.867998 0.096026 1.200301
129.244 14 DL_VALUE 37 0.
129.245 14 WP_MOVED 4 360416.3125 4813734. 260. 31
129.277 14 NAVIGATION 16 4 174.0625 45. 0. 179.785294 118 97 36 0 0 0
129.296 14 GPS 3 36045528 481364099 2746 201233 1260 -128 0 9783240 31 0
129.298 14 SVINFO 2 9 0 2 39 36 186
129.343 14 IR_SENSORS 0 0 7 -16 265
129.344 14 ESTIMATOR 201.110062 -1.28
129.444 14 SEGMENT 598.826965 11.351797 28.799999 57.
129.444 14 ATTITUDE 0.002528 4.713939 -0.060858
129.525 14 WIND_INFO 14 5 -0.1 1. 0. 13.2
129.526 14 NAVIGATION 16 4 170.53125 45.5 0. 176.496902 118 97 36 0 0 0
129.543 14 GPS 3 36045226 481364123 2746 201004 1260 -129 0 9783480 31 0
129.745 14 DESIRED 0.000948 -0.060317 0. 105.75061 50.83773 197.440628 -1.211616 13.
129.745 14 WP_MOVED 5 360421. 4813583.5 260. 31
129.777 14 NAVIGATION 16 4 167.5 46. 0. 173.701614 118 97 36 0 0 0
129.794 14 GPS 3 36044924 481364148 2746 200774 1260 -122 0 9783720 31 0
129.844 14 NAVIGATION 16 4 164.5 46. 0. 173.701614 118 97 36 0 0 0
129.845 14 ESTIMATOR 200.587173 -1.22
129.943 14 AIRSPEED 13.2 0. 0. 0.
129.943 14 ATTITUDE -0.001231 4.71384 -0.060858
130.026 14 NAVIGATION 16 4 164.5 46. 0. 170.810562 119 98 37 0 0 0
130.044 14 GPS 3 36044573 481364176 2746 200505 1260 -121 0 9784000 31 0
130.145 14 CALIBRATION -75.653313 0
130.228 14 FBW_STATUS 2 0 1 12.5 0.232966
130.244 14 ENERGY 19 12.5 0.232966 2.912074 0.09645 1.205597
130.245 14 WP_MOVED 6 360164.8125 4813664.5 260. 31
130.277 14 NAVIGATION 16 4 160.96875 46. 0. 167.412476 119 98 37 0 0 0
130.294 14 GPS 3 36044271 481364201 2745 200274 1260 -101 0 9784240 31 0
130.345 14 ESTIMATOR 200.09787 -1.01
130.444 14 ATTITUDE -0.001231 4.713049 -0.057087
130.528 14 NAVIGATION 16 4 157.96875 46.5 0. 164.670502 119 98 37 0 0 0
130.544 14 IR_SENSORS 0 0 7 -17 265
130.545 14 GPS 3 36043969 481364225 2745 200044 1260 -87 0 9784480 31 0
130.545 14 SVINFO 0 7 0 0 38 89 87
130.644 14 SEGMENT 598.826965 11.351797 28.799999 57.
130.744 14 DL_VALUE 38 0.
130.745 14 WP_MOVED 7 360558.40625 4813804.5 260. 31
130.778 14 NAVIGATION 16 4 154.9375 46.5 0. 161.764893 119 98 37 0 0 0
130.794 14 DESIRED 0.003238 -0.060282 0. 90.176636 52.084908 196.338074 -1.208213 13.
130.794 14 GPS 3 36043668 481364249 2745 199813 1259 -92 0 9784720 31 0
130.795 14 SVINFO 1 8 1 1 39 75 137
130.844 14 NAVIGATION 16 4 151.9375 47. 0. 161.764893 119 98 37 0 0 0
130.845 14 ESTIMATOR 199.713379 -0.92
130.943 14 AIRSPEED 13.2 0. 0. 0.
130.943 14 ATTITUDE 0.002528 4.712265 -0.060858
131.028 14 NAVIGATION 16 4 151.9375 47. 0. 159.040894 120 99 38 0 0 0
131.045 14 FBW_STATUS 2 0 1 12.5 0.211361
131.046 14 GPS 3 36043367 481364273 2745 199581 1258 -88 0 9784960 31 0
131.047 14 SVINFO 2 9 1 2 40 33 187
131.145 14 NAVIGATION_REF 360284 4813595 31 185.
131.145 14 GPS_SOL 467 467 467 7
131.245 14 DATALINK_REPORT 2 17 3846 551 0 0
131.246 14 WP_MOVED 8 360882.8125 4813606.5 215. 31
131.277 14 NAVIGATION 16 4 148.9375 47.5 0. 156.328598 120 99 38 0 0 0
131.294 14 GPS 3 36043016 481364300 2745 199309 1255 -95 0 9785240 31 0
131.295 14 SVINFO 3 10 1 3 41 1 237
131.344 14 ENERGY 17 12.5 0.207449 2.593118 0.09685 1.210603
131.344 14 ESTIMATOR 199.293762 -0.95
131.444 14 ATTITUDE -0.001231 4.711464 -0.060858
131.527 14 NAVIGATION 16 4 145.40625 47.5 0. 152.968063 120 99 38 0 0 0
131.544 14 GPS 3 36042716 481364324 2745 199073 1253 -89 0 9785480 31 0
131.545 14 SVINFO 4 11 1 4 42 11 287
131.744 14 IR_SENSORS 0 0 8 -17 265
131.744 14 WP_MOVED 9 360312.8125 4813652. 185. 31
131.778 14 NAVIGATION 16 4 142.40625 47.5 0. 150.119247 120 99 38 0 0 0
131.794 14 GPS 3 36042417 481364348 2744 198835 1251 -94 0 9785720 31 0
131.794 14 SVINFO 5 12 1 5 43 51 337
131.845 14 SEGMENT 598.826965 11.351797 28.799999 57.
131.845 14 DESIRED 0.003829 -0.060279 0. 77.645691 53.088394 195.235519 -1.210844 13.
131.845 14 NAVIGATION 16 4 139.40625 48. 0. 150.119247 120 99 38 0 0 0
131.846 14 ESTIMATOR 198.837296 -0.94
131.944 14 AIRSPEED 13.2 0. 0. 0.
131.944 14 ATTITUDE 0.002528 4.710833 -0.060858
132.028 14 NAVIGATION 16 4 139.40625 48. 0. 147.438461 121 100 39 0 0 0
132.045 14 GPS 3 36042118 481364371 2744 198594 1248 -82 0 9785960 31 0
132.045 14 SVINFO 6 13 1 6 44 86 28
132.226 14 FBW_STATUS 2 0 1 12.5 0.183831
132.244 14 CALIBRATION -40.703064 0
132.244 14 DL_VALUE 39 0.
132.244 14 WP_MOVED 10 360889.21875 4813686. 215. 31
132.277 14 NAVIGATION 16 4 136.4375 48.5 0. 144.801392 121 100 39 0 0 0
132.295 14 GPS 3 36041770 481364398 2744 198308 1244 -75 0 9786240 31 0
132.344 14 ESTIMATOR 198.372787 -0.75
132.444 14 ENERGY 15 12.5 0.178705 2.233809 0.097202 1.215004
132.444 14 ATTITUDE 0.002528 4.710138 -0.060858
132.528 14 NAVIGATION 16 4 132.9375 48.5 0. 141.508408 121 100 39 0 0 0
132.545 14 GPS 3 36041473 481364422 2744 198060 1242 -80 0 9786480 31 0
132.745 14 WP_MOVED 11 360169.5 4813757.5 260. 31
132.777 14 NAVIGATION 16 4 129.96875 48.5 0. 138.72319 121 100 39 0 0 0
132.794 14 GPS 3 36041176 481364445 2745 197808 1239 -77 0 9786720 31 0
132.795 14 SVINFO 2 9 1 2 41 30 188
132.845 14 NAVIGATION 16 4 127. 49. 0. 138.72319 121 100 39 0 0 0
132.845 14 ESTIMATOR 197.915802 -0.77
132.897 14 DESIRED 0.003785 -0.060076 0. 65.207825 54.084427 194.141144 -1.206788 13.
132.945 14 IR_SENSORS 0 0 8 -16 265
132.945 14 AIRSPEED 13.2 0. 0. 0.
132.945 14 ATTITUDE 0.002528 4.710124 -0.057087
133.028 14 NAVIGATION 16 4 127. 49. 0. 136.124939 122 101 40 0 0 0
133.044 14 FBW_STATUS 2 0 1 12.5 0.156618
133.044 14 SEGMENT 598.826965 11.351797 28.799999 57.
133.045 14 GPS 3 36040881 481364468 2745 197551 1235 -76 0 9786960 31 0
133.046 14 SVINFO 3 10 1 3 42 1 238
133.127 14 COMMANDS 1318,-5,15,0
133.144 14 GPS_SOL 483 483 483 7
133.243 14 WP_MOVED 12 360287.59375 4813581. 260. 31
133.277 14 NAVIGATION 16 4 124.0625 49.5 0. 133.573029 122 101 40 0 0 0
133.294 14 GPS 3 36040537 481364495 2745 197247 1230 -73 0 9787240 31 0
133.295 14 SVINFO 4 11 1 4 43 13 288
133.344 14 COMMANDS 1282,-21,21,0
133.345 14 ESTIMATOR 197.426849 -0.73
133.444 14 AUTOPILOT_VERSION 51500 v5.15_devel-179-g9a29798-dirty
133.444 14 STATE_FILTER_STATUS 2 3 288
133.444 14 ATTITUDE 0.002528 4.710091 -0.060858
133.528 14 NAVIGATION 16 4 120.625 49.5 0. 130.386505 122 101 40 0 0 0
133.544 14 ENERGY 12 12.5 0.144444 1.805548 0.097494 1.218658
133.545 14 GPS 3 36040243 481364519 2745 196981 1227 -77 0 9787480 31 0
133.546 14 SVINFO 5 12 1 5 44 55 338
133.644 14 PPRZ_MODE 2 3 2 1 0 6
133.745 14 ALIVE 101,248,228,24,166,140,12,35,201,240,56,234,1,216,147,12
133.745 14 DL_VALUE 40 0.
133.745 14 WP_MOVED 13 360311.5 4813547. 260. 31
133.777 14 NAVIGATION 16 4 117.6875 49.5 0. 127.673798 122 101 40 0 0 0
133.794 14 GPS 3 36039950 481364542 2745 196710 1224 -78 0 9787720 31 0
133.795 14 SVINFO 6 13 1 6 45 87 29
133.843 14 NAVIGATION 16 4 114.78125 50. 0. 127.673798 122 101 40 0 0 0
133.844 14 ESTIMATOR 196.913742 -0.78
133.944 14 DESIRED 0.003124 -0.059578 0. 52.925293 55.068024 193.060394 -1.196835 13.
133.944 14 AIRSPEED 13.2 0. 0. 0.
133.944 14 ATTITUDE 0.002528 4.710011 -0.060858
134.028 14 NAVIGATION 16 4 114.78125 50. 0. 125.198784 123 102 41 0 0 0
134.044 14 GPS 3 36039658 481364565 2745 196433 1219 -88 0 9787960 31 0
134.045 14 SVINFO 0 7 0 0 39 89 89
134.145 14 IR_SENSORS 0 0 7 -16 265
134.227 14 FBW_STATUS 2 0 1 12.5 0.126254
134.244 14 SEGMENT 598.826965 11.351797 28.799999 57.
134.245 14 WP_MOVED 14 360300.6875 4813575.5 260. 31
134.276 14 NAVIGATION 16 4 111.8125 50.5 0. 122.687752 123 102 41 0 0 0
134.293 14 GPS 3 36039319 481364592 2745 196105 1214 -95 0 9788240 31 0
134.293 14 SVINFO 1 8 0 1 40 70 139
134.343 14 CALIBRATION 11.090753 0
134.343 14 ESTIMATOR 196.343018 -0.95
134.444 14 ATTITUDE -0.001231 4.709234 -0.057087
134.528 14 NAVIGATION 16 4 108.4375 50.5 0. 119.619987 123 102 41 0 0 0
134.544 14 GPS 3 36039029 481364615 2745 195817 1212 -112 0 9788480 31 0
134.644 14 ENERGY 11 12.5 0.121607 1.520088 0.097732 1.221629
134.745 14 WP_MOVED 15 360297.6875 4813554.5 260. 31
134.777 14 NAVIGATION 16 4 105.53125 50.5 0. 116.991859 123 102 41 0 0 0
134.796 14 GPS 3 36038740 481364638 2745 195526 1209 -97 0 9788720 31 0
134.845 14 NAVIGATION 16 4 102.65625 51. 0. 116.991859 123 102 41 0 0 0
134.846 14 ESTIMATOR 195.693481 -0.97
134.944 14 AIRSPEED 13.2 0. 0. 0.
134.945 14 ATTITUDE -0.001231 4.708477 -0.060858
134.994 14 DESIRED 0.003168 -0.058939 0. 40.766907 56.041679 191.99054 -1.181352 13.
135.027 14 NAVIGATION 16 4 102.65625 51. 0. 114.626808 124 103 42 0 0 0
135.044 14 FBW_STATUS 2 0 1 12.5 0.117668
135.045 14 GPS 3 36038403 481364665 2744 195180 1207 -79 0 9789000 31 0
135.144 14 GPS_SOL 499 499 499 7
135.244 14 DL_VALUE 41 0.
135.244 14 WP_MOVED 16 360683.46875 4813622.5 215. 31
135.278 14 NAVIGATION 16 4 99.28125 51. 0. 111.614365 124 103 42 0 0 0
135.293 14 GPS 3 36038114 481364687 2744 194880 1204 -74 0 9789240 31 0
135.344 14 IR_SENSORS 0 0 8 -17 265
135.344 14 ESTIMATOR 195.105774 -0.74
135.444 14 SEGMENT 598.826965 11.351797 28.799999 57.
135.444 14 ATTITUDE 0.002528 4.707227 -0.057087
135.527 14 NAVIGATION 16 4 96.375 51. 0. 109.037338 124 103 42 0 0 0
135.544 14 GPS 3 36037827 481364710 2744 194577 1202 -86 0 9789480 31 0
135.744 14 ENERGY 9 12.5 0.099777 1.247211 0.09794 1.224228
135.745 14 WP_MOVED 17 360654.59375 4813624.5 215. 31
135.778 14 NAVIGATION 14 0 93.53125 51.5 0. 106.7724 124 0 0 0 0 0
135.794 14 GPS 3 36037540 481364732 2744 194271 1199 -88 0 9789720 31 0
135.795 14 SVINFO 0 7 0 0 40 89 90
135.844 14 NAVIGATION 14 0 90.65625 52. 0. 106.7724 124 0 0 0 0 0
135.846 14 ESTIMATOR 194.528427 -0.88
135.945 14 AIRSPEED 13.2 0. 0. 0.
135.945 14 ATTITUDE 0.002528 4.706578 -0.057087
136.027 14 NAVIGATION 14 0 90.65625 52. 62.058002 104.511032 125 1 1 0 0 0
136.044 14 DESIRED 0.001332 0.000263 0. 25.86731 57.234848 190.935089 -1.169933 13.
136.045 14 GPS 3 36037253 481364754 2744 193960 1196 -87 0 9789960 31 0
136.046 14 SVINFO 1 8 1 1 41 67 140
136.229 14 FBW_STATUS 2 0 1 12.5 0.
136.244 14 WP_MOVED 18 360289. 4813605. 220. 31
136.277 14 NAVIGATION 14 0 87.78125 52. 59.192802 102.027191 125 1 1 0 0 0
136.294 14 GPS 3 36036921 481364780 2744 193593 1182 -102 0 9790240 31 0
136.294 14 SVINFO 2 9 0 2 42 24 190
136.344 14 DATALINK_REPORT 7 17 3980 571 0 0
136.345 14 ESTIMATOR 193.896454 -1.02
136.444 14 CALIBRATION 38.593739 0
136.444 14 ATTITUDE 0.002528 4.705481 -0.057087
136.527 14 NAVIGATION 14 0 84.4375 52. 55.861717 99.16497 125 1 1 0 0 0
136.544 14 IR_SENSORS 0 0 9 -16 265
136.544 14 GPS 3 36036641 481364802 2744 193269 1170 -99 0 9790480 31 0
136.545 14 SVINFO 3 10 1 3 43 0 240
136.645 14 SEGMENT 598.826965 11.351797 28.799999 57.
136.744 14 DL_VALUE 42 0.6
136.745 14 WP_MOVED 19 360289. 4813610. 500. 31
136.776 14 NAVIGATION 14 0 81.65625 52.5 53.047462 97.077255 125 1 1 0 0 0
136.794 14 GPS 3 36036365 481364824 2744 192936 1155 -105 0 9790720 31 0
136.794 14 SVINFO 4 11 1 4 44 17 290
136.844 14 ENERGY 0 12.5 0. 0. 0.098003 1.225021
136.844 14 NAVIGATION 14 0 78.875 53. 53.047462 97.077255 125 1 1 0 0 0
136.845 14 ESTIMATOR 193.20517 -1.05
136.943 14 AIRSPEED 13.2 0. 0. 0.
136.943 14 ATTITUDE 0.006288 4.704073 -0.045781
137.027 14 NAVIGATION 14 0 78.875 53. 50.234505 95.02771 126 2 2 0 0 0
137.044 14 FBW_STATUS 2 0 1 12.5 0.
137.045 14 GPS 3 36036091 481364846 2745 192594 1143 -106 0 9790960 31 0
137.045 14 SVINFO 5 12 1 5 45 61 340
137.094 14 DESIRED 0.00072 0.000655 0. 14.081604 58.178658 190.935089 -1.169933 13.
137.144 14 GPS_SOL 515 515 515 7
137.245 14 WP_MOVED 20 360289. 4813620. 300. 31
137.278 14 NAVIGATION 14 0 76.15625 53. 47.524883 92.783478 126 2 2 0 0 0
137.293 14 GPS 3 36035775 481364871 2745 192189 1128 -111 0 9791240 31 0
137.294 14 SVINFO 6 13 0 6 46 89 31
137.344 14 ESTIMATOR 192.485535 -1.11
137.444 14 ATTITUDE 0.002528 4.703481 -0.030723
137.527 14 NAVIGATION 14 0 73. 53. 44.380627 90.210861 126 2 2 0 0 0
137.544 14 GPS 3 36035507 481364892 2745 191842 1122 -114 0 9791480 31 0
137.744 14 IR_SENSORS 0 0 17 -16 264
137.745 14 WP_MOVED 21 360289. 4813625. 400. 31
137.777 14 NAVIGATION 14 0 70.34375 53.5 41.690926 88.376991 126 2 2 0 0 0
137.794 14 GPS 3 36035240 481364914 2746 191496 1115 -110 0 9791720 31 0
137.795 14 SVINFO 1 8 1 1 42 65 141
137.843 14 SEGMENT 598.826965 11.351797 28.799999 57.
137.844 14 NAVIGATION 14 0 67.65625 54. 41.690926 88.376991 126 2 2 0 0 0
137.845 14 ESTIMATOR 191.743423 -1.1
137.944 14 ENERGY 0 12.5 0. 0. 0.098003 1.225021
137.944 14 AIRSPEED 13.2 0. 0. 0.
137.944 14 ATTITUDE 0.0023 4.703325 -0.01919
138.027 14 NAVIGATION 14 0 67.65625 54. 38.971889 86.56424 127 3 3 0 0 0
138.043 14 GPS 3 36034975 481364936 2746 191154 1108 -106 0 9791960 31 0
138.044 14 SVINFO 2 9 1 2 43 21 191
138.127 14 COMMANDS 0,-24,187,0
138.144 14 DESIRED -0.001026 0.00024 0. 2.854858 59.077705 190.935089 -1.169933 13.
138.227 14 FBW_STATUS 2 0 1 12.5 0.
138.245 14 DL_VALUE 43 12000.
138.245 14 WP_MOVED 22 360289. 4813645. 250. 31
138.278 14 NAVIGATION 14 0 65. 54. 36.324097 84.50444 127 3 3 0 0 0
138.294 14 GPS 3 36034667 481364961 2746 190759 1100 -111 0 9792240 31 0
138.294 14 SVINFO 3 10 0 3 44 0 241
138.344 14 COMMANDS 0,-14,142,0
138.345 14 ESTIMATOR 191.029205 -1.11
138.444 14 STATE_FILTER_STATUS 2 3 302
138.444 14 ATTITUDE -0.001473 4.702635 -0.007888
138.527 14 NAVIGATION 14 0 61.9375 54. 33.273022 82.172096 127 3 3 0 0 0
138.543 14 CALIBRATION 38.593739 0
138.543 14 GPS 3 36034405 481364982 2746 190425 1096 -115 0 9792480 31 0
138.544 14 SVINFO 4 11 1 4 45 20 291
138.644 14 PPRZ_MODE 2 1 2 1 0 6
138.744 14 ALIVE 101,248,228,24,166,140,12,35,201,240,56,234,1,216,147,12
138.744 14 WP_MOVED 0 360326. 4813637. 260. 31
138.778 14 NAVIGATION 14 0 59.28125 54.5 30.583601 80.526497 127 3 3 0 0 0
138.794 14 GPS 3 36034144 481365003 2746 190094 1091 -117 0 9792720 31 0
138.794 14 SVINFO 5 12 1 5 46 63 341
138.844 14 NAVIGATION 14 0 56.6875 54.5 30.583601 80.526497 127 3 3 0 0 0
138.845 14 ESTIMATOR 190.306702 -1.17
138.943 14 IR_SENSORS 0 0 23 -16 264
138.944 14 AIRSPEED 13.2 0. 0. 0.
138.944 14 ATTITUDE 0.0023 4.701439 -0.000365
139.027 14 NAVIGATION 14 0 56.6875 54.5 27.999334 78.63665 128 4 4 0 0 0
139.043 14 FBW_STATUS 2 0 1 12.5 0.
139.044 14 SEGMENT 598.826965 11.351797 28.799999 57.
139.044 14 ENERGY 0 12.5 0. 0. 0.098003 1.225021
139.044 14 GPS 3 36033884 481365024 2746 189766 1087 -108 0 9792960 31 0
139.145 14 GPS_SOL 531 531 531 7
139.194 14 DESIRED 0.001201 0.00024 0. -8.083801 59.953682 190.935089 -1.169933 13.
139.243 14 WP_MOVED 1 360284. 4813595. 260. 31
139.277 14 NAVIGATION 14 0 54.09375 54.5 25.416998 76.787918 128 4 4 0 0 0
139.294 14 GPS 3 36033581 481365049 2746 189384 1081 -100 0 9793240 31 0
139.295 14 SVINFO 0 7 0 0 41 89 92
139.343 14 ESTIMATOR 189.604263 -1.
139.444 14 ATTITUDE 0.0023 4.700166 0.003393
139.527 14 WIND_INFO 14 5 0. 1. 0. 13.1
139.528 14 NAVIGATION 14 0 51.0625 55. 22.352158 75.049179 128 4 4 0 0 0
139.544 14 GPS 3 36033323 481365070 2746 189057 1078 -105 0 9793480 31 0
139.744 14 DL_VALUE 44 1.5
139.745 14 WP_MOVED 2 360333.5 4813695. 260. 31
139.778 14 NAVIGATION 14 0 48.5 55. 19.801264 73.329735 128 4 4 0 0 0
139.794 14 GPS 3 36033066 481365090 2745 188730 1075 -115 0 9793720 31 0
139.844 14 NAVIGATION 14 0 45.875 55.5 19.801264 73.329735 128 4 4 0 0 0
139.844 14 ESTIMATOR 188.942062 -1.15
139.943 14 AIRSPEED 13.1 0. 0. 0.
139.943 14 ATTITUDE 0.0023 4.699461 0.007149
140.027 14 NAVIGATION 14 0 45.875 55.5 17.14076 72.005318 129 5 5 0 0 0
140.045 14 GPS 3 36032809 481365111 2745 188401 1073 -114 0 9793960 31 0
140.145 14 NAVIGATION_REF 360284 4813595 31 185.
140.145 14 IR_SENSORS 0 0 25 -16 264
140.146 14 ENERGY 0 12.5 0. 0. 0.098003 1.225021
140.230 14 FBW_STATUS 2 0 1 12.5 0.
140.244 14 SEGMENT 598.826965 11.351797 28.799999 57.
140.245 14 DESIRED 0.000658 0.00024 0. -18.907043 60.820412 190.935089 -1.169933 13.
140.245 14 WP_MOVED 3 360294.09375 4813785. 260. 31
140.278 14 NAVIGATION 14 0 43.34375 55.5 14.620899 70.419678 129 5 5 0 0 0
140.294 14 GPS 3 36032510 481365135 2745 188015 1070 -119 0 9794240 31 0
140.344 14 ESTIMATOR 188.230057 -1.19
140.444 14 ATTITUDE 0.0023 4.698915 0.007149
140.528 14 NAVIGATION 14 0 40.375 55.5 11.671788 68.632286 129 5 5 0 0 0
140.543 14 GPS 3 36032254 481365155 2745 187682 1069 -94 0 9794480 31 0
140.644 14 CALIBRATION 38.593739 0
140.744 14 WP_MOVED 4 360416.3125 4813734. 260. 31
140.778 14 NAVIGATION 14 0 37.8125 56. 9.067809 67.570595 129 5 5 0 0 0
140.793 14 GPS 3 36031999 481365176 2746 187347 1068 -111 0 9794720 31 0
140.793 14 SVINFO 6 13 1 6 47 89 33
140.844 14 NAVIGATION 14 0 35.25 56.5 9.067809 67.570595 129 5 5 0 0 0
140.845 14 ESTIMATOR 187.559647 -1.11
140.944 14 AIRSPEED 13.1 0. 0. 0.
140.944 14 ATTITUDE 0.0023 4.698981 0.007149
