100.025 14 ATTITUDE 0.036323 4.690674 0.003393
100.107 14 NAVIGATION 16 4 575.125 11. 0. 575.230164 85 65 4 0 0 0
100.124 14 GPS 3 36085690 481360675 2736 216637 1249 -43 0 9483480 31 0
100.324 14 WP_MOVED 0 360326. 4813637. 260. 31
100.358 14 NAVIGATION 16 4 572.125 11. 0. 572.230713 85 65 4 0 0 0
100.375 14 GPS 3 36085390 481360696 2740 216573 1254 -42 0 9483720 31 0
100.425 14 ENERGY 28 12.5 0.372483 4.656038 0.07878 0.984727
100.425 14 NAVIGATION 16 4 569.15625 11.5 0. 572.230713 85 65 4 0 0 0
100.426 14 ESTIMATOR 216.476532 -0.42
100.525 14 AIRSPEED 13.2 0. 0. 0.
100.526 14 ATTITUDE 0.028754 4.702436 -0.000365
100.575 14 DESIRED 0.026753 0.000669 0. 507.530548 18.662884 215. -0.04652 13.
100.607 14 NAVIGATION 16 4 569.15625 11.5 0. 569.2724 86 66 5 0 0 0
100.624 14 FBW_STATUS 2 0 1 12.5 0.379408
100.625 14 GPS 3 36085089 481360719 2743 216514 1258 -47 0 9483960 31 0
100.708 14 COMMANDS 2779,-51,13,0
100.725 14 GPS_SOL 301 301 301 7
100.824 14 DL_VALUE 13 1.
100.825 14 WP_MOVED 1 360284. 4813595. 260. 31
100.857 14 NAVIGATION 16 4 566.125 11.5 0. 566.24176 86 66 5 0 0 0
100.874 14 GPS 3 36084736 481360748 2747 216451 1264 -62 0 9484240 31 0
100.924 14 COMMANDS 2846,-27,10,0
100.924 14 IR_SENSORS 0 0 23 -10 264
100.925 14 ESTIMATOR 216.331848 -0.62
101.025 14 STATE_FILTER_STATUS 2 3 297
101.025 14 SEGMENT 598.826965 11.351797 28.799999 57.
101.025 14 ATTITUDE 0.024971 4.715548 -0.000365
101.108 14 NAVIGATION 16 4 562.625 12. 0. 562.75293 86 66 5 0 0 0
101.124 14 GPS 3 36084433 481360774 2748 216403 1268 -45 0 9484480 31 0
101.124 14 SVINFO 6 13 1 6 31 28 6
101.224 14 PPRZ_MODE 2 3 2 1 0 6
101.323 14 ALIVE 101,248,228,24,166,140,12,35,201,240,56,234,1,216,147,12
101.323 14 WP_MOVED 2 360333.5 4813695. 260. 31
101.357 14 NAVIGATION 16 4 559.5625 12. 0. 559.691162 86 66 5 0 0 0
101.375 14 GPS 3 36084128 481360801 2751 216361 1272 -42 0 9484720 31 0
101.425 14 NAVIGATION 16 4 556.53125 12.5 0. 559.691162 86 66 5 0 0 0
101.425 14 ESTIMATOR 216.183762 -0.42
101.524 14 ENERGY 31 12.5 0.417015 5.212683 0.079505 0.993788
101.525 14 AIRSPEED 13.2 0. 0. 0.
101.525 14 ATTITUDE 0.021189 4.723279 -0.000365
101.607 14 NAVIGATION 16 4 556.53125 12.5 0. 556.671631 87 67 6 0 0 0
101.624 14 DESIRED 0.012772 3.8e-05 0. 491.916809 19.913244 215. -0.035513 13.
101.625 14 GPS 3 36083823 481360829 2753 216324 1277 -34 0 9484960 31 0
101.808 14 FBW_STATUS 2 0 1 12.5 0.425146
101.824 14 WP_MOVED 3 360294.09375 4813785. 260. 31
101.857 14 NAVIGATION 16 4 553.5 13. 0. 553.652649 87 67 6 0 0 0
101.874 14 GPS 3 36083466 481360864 2755 216290 1283 -17 0 9485240 31 0
101.925 14 ESTIMATOR 216.116714 -0.17
102.024 14 CALIBRATION -39.328228 0
102.025 14 ATTITUDE 0.017409 4.732258 -0.000365
102.107 14 NAVIGATION 16 4 549.875 13. 0. 550.028625 87 67 6 0 0 0
102.124 14 IR_SENSORS 0 0 23 -13 264
102.125 14 GPS 3 36083159 481360894 2757 216267 1285 -22 0 9485480 31 0
102.225 14 SEGMENT 598.826965 11.351797 28.799999 57.
102.323 14 DL_VALUE 14 0.
102.323 14 WP_MOVED 4 360416.3125 4813734. 260. 31
102.358 14 NAVIGATION 16 4 546.84375 13.5 0. 547.010376 87 67 6 0 0 0
102.374 14 GPS 3 36082851 481360926 2758 216249 1288 -10 0 9485720 31 0
102.425 14 NAVIGATION 16 4 543.78125 14. 0. 547.010376 87 67 6 0 0 0
102.426 14 ESTIMATOR 216.115082 -0.1
102.524 14 AIRSPEED 13.2 0. 0. 0.
102.525 14 ATTITUDE 0.009851 4.737263 -0.000365
102.608 14 NAVIGATION 16 4 543.78125 14. 0. 543.961426 88 68 7 0 0 0
102.625 14 FBW_STATUS 2 0 1 12.5 0.432789
102.625 14 ENERGY 31 12.5 0.432615 5.407691 0.080288 1.003583
102.625 14 GPS 3 36082543 481360958 2759 216235 1291 -7 0 9485960 31 0
102.626 14 SVINFO 5 12 1 5 31 1 316
102.675 14 DESIRED 0.002592 -0.000646 0. 479.128693 20.937326 215. -0.033452 13.
102.725 14 NAVIGATION_REF 360284 4813595 31 185.
102.725 14 GPS_SOL 300 300 300 7
102.824 14 WP_MOVED 5 360421. 4813583.5 260. 31
102.858 14 NAVIGATION 16 4 540.6875 14. 0. 540.868713 88 68 7 0 0 0
102.875 14 GPS 3 36082183 481360996 2760 216225 1293 0 0 9486240 31 0
102.925 14 ESTIMATOR 216.13942 0.
103.025 14 ATTITUDE 0.006075 4.741361 -0.000365
103.108 14 NAVIGATION 16 4 537.09375 14.5 0. 537.289429 88 68 7 0 0 0
103.124 14 DATALINK_REPORT 6 14 2939 535 0 0
103.124 14 GPS 3 36081874 481361029 2760 216219 1294 -13 0 9486480 31 0
103.325 14 IR_SENSORS 0 0 23 -16 264
103.326 14 WP_MOVED 6 360164.8125 4813664.5 260. 31
103.357 14 NAVIGATION 16 4 533.96875 14.5 0. 534.165588 88 68 7 0 0 0
103.374 14 GPS 3 36081565 481361062 2761 216215 1295 -13 0 9486720 31 0
103.425 14 SEGMENT 598.826965 11.351797 28.799999 57.
103.425 14 NAVIGATION 16 4 530.875 15. 0. 534.165588 88 68 7 0 0 0
103.425 14 ESTIMATOR 216.149887 -0.13
103.524 14 AIRSPEED 13.2 0. 0. 0.
103.524 14 ATTITUDE 0.0023 4.742811 -0.000365
103.607 14 NAVIGATION 16 4 530.875 15. 0. 531.086853 89 69 8 0 0 0
103.624 14 GPS 3 36081256 481361096 2761 216214 1296 -14 0 9486960 31 0
103.724 14 ENERGY 32 12.5 0.438192 5.477399 0.081084 1.013532
103.724 14 DESIRED 0.000309 -0.001485 0. 466.225128 21.970655 215. -0.034497 13.
103.808 14 FBW_STATUS 2 0 1 12.5 0.439239
103.824 14 DL_VALUE 15 0.
103.824 14 WP_MOVED 7 360558.40625 4813804.5 260. 31
103.857 14 NAVIGATION 16 4 527.8125 15.5 0. 528.040039 89 69 8 0 0 0
103.874 14 GPS 3 36080895 481361134 2761 216213 1297 -16 0 9487240 31 0
103.924 14 ESTIMATOR 216.134399 -0.16
104.025 14 ATTITUDE -0.001473 4.743105 -0.000365
104.108 14 NAVIGATION 16 4 524.21875 15.5 0. 524.447876 89 69 8 0 0 0
104.124 14 CALIBRATION -50.169678 0
104.124 14 GPS 3 36080585 481361168 2761 216214 1298 -10 0 9487480 31 0
104.324 14 WP_MOVED 8 360882.8125 4813606.5 215. 31
104.357 14 NAVIGATION 16 4 521.09375 16. 0. 521.339294 89 69 8 0 0 0
104.373 14 GPS 3 36080275 481361201 2761 216215 1299 3 0 9487720 31 0
104.424 14 NAVIGATION 16 4 518. 16.5 0. 521.339294 89 69 8 0 0 0
104.424 14 ESTIMATOR 216.129654 0.03
104.523 14 IR_SENSORS 0 0 23 -17 264
104.523 14 AIRSPEED 13.2 0. 0. 0.
104.523 14 ATTITUDE -0.001473 4.742802 -0.000365
104.607 14 NAVIGATION 16 4 518. 16.5 0. 518.262695 90 70 9 0 0 0
104.623 14 FBW_STATUS 2 0 1 12.5 0.440637
104.623 14 SEGMENT 598.826965 11.351797 28.799999 57.
104.623 14 GPS 3 36079965 481361234 2760 216218 1299 -10 0 9487960 31 0
104.624 14 SVINFO 6 13 1 6 32 34 8
104.724 14 GPS_SOL 300 300 300 7
104.775 14 DESIRED -0.003315 -0.001541 0. 453.312805 23.004683 215. -0.03389 13.
104.824 14 ENERGY 32 12.5 0.443434 5.542928 0.081894 1.023655
104.824 14 WP_MOVED 9 360312.8125 4813652. 185. 31
104.858 14 NAVIGATION 16 4 514.875 17. 0. 515.155579 90 70 9 0 0 0
104.874 14 GPS 3 36079603 481361272 2760 216221 1300 -8 0 9488240 31 0
104.925 14 ESTIMATOR 216.155563 -0.08
105.025 14 ATTITUDE -0.001473 4.741712 -0.000365
105.107 14 NAVIGATION 16 4 511.28125 17.5 0. 511.580658 90 70 9 0 0 0
105.123 14 GPS 3 36079292 481361305 2760 216224 1301 -5 0 9488480 31 0
105.324 14 DL_VALUE 16 80.
105.324 14 WP_MOVED 10 360889.21875 4813686. 215. 31
105.356 14 NAVIGATION 16 4 508.15625 17.5 0. 508.457489 90 70 9 0 0 0
105.373 14 GPS 3 36078981 481361338 2759 216228 1301 -18 0 9488720 31 0
105.424 14 NAVIGATION 16 4 505.0625 18. 0. 508.457489 90 70 9 0 0 0
105.425 14 ESTIMATOR 216.166916 -0.18
105.525 14 AIRSPEED 13.2 0. 0. 0.
105.525 14 ATTITUDE -0.005245 4.740133 -0.000365
105.607 14 NAVIGATION 16 4 505.0625 18. 0. 505.383148 91 71 10 0 0 0
105.624 14 GPS 3 36078670 481361370 2759 216231 1302 -32 0 9488960 31 0
105.708 14 COMMANDS 3180,-4,-10,0
105.724 14 IR_SENSORS 0 0 23 -18 264
105.809 14 FBW_STATUS 2 0 1 12.5 0.455895
105.824 14 SEGMENT 598.826965 11.351797 28.799999 57.
105.824 14 DESIRED -0.005791 -0.001597 0. 440.338409 24.043684 215. -0.035007 13.
105.825 14 WP_MOVED 11 360169.5 4813757.5 260. 31
105.856 14 NAVIGATION 16 4 501.96875 18.5 0. 502.30954 91 71 10 0 0 0
105.875 14 GPS 3 36078307 481361407 2758 216236 1303 -16 0 9489240 31 0
105.875 14 SVINFO 4 11 1 4 31 8 268
105.924 14 COMMANDS 3196,-12,-9,0
105.924 14 ENERGY 33 12.5 0.456071 5.700889 0.082715 1.033913
105.924 14 ESTIMATOR 216.11261 -0.16
106.024 14 STATE_FILTER_STATUS 2 3 305
106.025 14 ATTITUDE -0.005245 4.737839 -0.000365
106.108 14 NAVIGATION 16 4 498.34375 18.5 0. 498.687012 91 71 10 0 0 0
106.124 14 GPS 3 36077996 481361438 2757 216240 1304 -39 0 9489480 31 0
106.224 14 PPRZ_MODE 2 3 2 1 0 6
106.225 14 CALIBRATION -63.320583 0
106.325 14 ALIVE 101,248,228,24,166,140,12,35,201,240,56,234,1,216,147,12
106.325 14 WP_MOVED 12 360287.59375 4813581. 260. 31
106.357 14 NAVIGATION 16 4 495.21875 19. 0. 495.583099 91 71 10 0 0 0
106.374 14 GPS 3 36077684 481361470 2757 216246 1306 -21 0 9489720 31 0
106.423 14 NAVIGATION 16 4 492.09375 19. 0. 495.583099 91 71 10 0 0 0
106.424 14 ESTIMATOR 216.076691 -0.21
106.524 14 AIRSPEED 13.2 0. 0. 0.
106.525 14 ATTITUDE -0.005245 4.736172 -0.004125
106.607 14 NAVIGATION 16 4 492.09375 19. 0. 492.460419 92 72 11 0 0 0
106.624 14 FBW_STATUS 2 0 1 12.5 0.471622
106.625 14 GPS 3 36077371 481361501 2756 216253 1308 -24 0 9489960 31 0
106.724 14 GPS_SOL 301 301 301 7
106.825 14 DL_VALUE 17 0.
106.825 14 WP_MOVED 13 360311.5 4813547. 260. 31
106.857 14 NAVIGATION 16 4 488.96875 19.5 0. 489.357422 92 72 11 0 0 0
106.873 14 DESIRED -0.004805 -0.001078 0. 424.227844 25.33383 215. -0.032489 13.
106.874 14 GPS 3 36077006 481361536 2755 216263 1311 -12 0 9490240 31 0
106.924 14 IR_SENSORS 0 0 22 -18 264
106.924 14 ESTIMATOR 216.084656 -0.12
107.024 14 SEGMENT 598.826965 11.351797 28.799999 57.
107.024 14 ENERGY 34 12.5 0.476239 5.952989 0.083573 1.044646
107.025 14 ATTITUDE -0.005245 4.733757 -0.004125
107.105 14 WIND_INFO 14 5 -0.2 1. 0. 13.1
107.108 14 NAVIGATION 16 4 485.34375 20. 0. 485.755676 92 72 11 0 0 0
107.124 14 GPS 3 36076692 481361567 2755 216274 1312 -23 0 9490480 31 0
107.324 14 WP_MOVED 14 360300.6875 4813575.5 260. 31
107.357 14 NAVIGATION 16 4 482.15625 20. 0. 482.570892 92 72 11 0 0 0
107.375 14 GPS 3 36076378 481361597 2754 216288 1314 -29 0 9490720 31 0
107.376 14 SVINFO 3 10 0 3 31 44 219
107.424 14 NAVIGATION 16 4 479. 20.5 0. 482.570892 92 72 11 0 0 0
107.424 14 ESTIMATOR 216.113785 -0.29
107.524 14 AIRSPEED 13.1 0. 0. 0.
107.524 14 ATTITUDE -0.005245 4.732141 -0.000365
107.608 14 NAVIGATION 16 4 479. 20.5 0. 479.438477 93 73 12 0 0 0
107.624 14 GPS 3 36076064 481361627 2754 216305 1316 -31 0 9490960 31 0
107.724 14 AUTOPILOT_VERSION 51500 v5.15_devel-179-g9a29798-dirty
107.809 14 FBW_STATUS 2 0 1 12.5 0.494448
107.823 14 WP_MOVED 15 360297.6875 4813554.5 260. 31
107.857 14 NAVIGATION 16 4 475.875 21. 0. 476.338135 93 73 12 0 0 0
107.873 14 GPS 3 36075696 481361661 2753 216327 1319 -23 0 9491240 31 0
107.873 14 SVINFO 5 12 0 5 32 4 319
107.924 14 DESIRED -0.006207 -0.001117 0. 411.098145 26.385265 215. -0.033272 13.
107.924 14 ESTIMATOR 216.107468 -0.23
108.024 14 ATTITUDE -0.005245 4.730192 -0.000365
108.107 14 NAVIGATION 16 4 472.21875 21. 0. 472.685455 93 73 12 0 0 0
108.124 14 IR_SENSORS 0 0 23 -18 264
108.125 14 ENERGY 35 12.5 0.499294 6.241176 0.084468 1.055831
108.125 14 GPS 3 36075381 481361691 2753 216350 1320 -7 0 9491480 31 0
108.224 14 DATALINK_REPORT 1 15 3062 540 0 0
108.225 14 SEGMENT 598.826965 11.351797 28.799999 57.
108.324 14 CALIBRATION -87.209702 0
108.325 14 DL_VALUE 18 1.
108.325 14 WP_MOVED 16 360683.46875 4813622.5 215. 31
108.358 14 NAVIGATION 16 4 469.0625 21.5 0. 469.554962 93 73 12 0 0 0
108.373 14 GPS 3 36075065 481361720 2752 216375 1322 -1 0 9491720 31 0
108.424 14 NAVIGATION 16 4 465.875 22. 0. 469.554962 93 73 12 0 0 0
108.424 14 ESTIMATOR 216.17778 -0.01
108.524 14 AIRSPEED 13.1 0. 0. 0.
108.524 14 ATTITUDE -0.001473 4.728836 -0.000365
108.607 14 NAVIGATION 16 4 465.875 22. 0. 466.394165 94 74 13 0 0 0
108.623 14 FBW_STATUS 2 0 1 12.5 0.49678
108.624 14 GPS 3 36074749 481361749 2752 216402 1323 -4 0 9491960 31 0
108.725 14 GPS_SOL 304 304 304 7
108.825 14 WP_MOVED 17 360654.59375 4813624.5 215. 31
108.858 14 NAVIGATION 16 4 462.71875 22. 0. 463.241455 94 74 13 0 0 0
108.874 14 GPS 3 36074379 481361782 2751 216436 1324 6 0 9492240 31 0
108.925 14 ESTIMATOR 216.278137 0.06
108.975 14 DESIRED -0.003894 -0.001697 0. 397.946167 27.438486 215. -0.037006 13.
109.025 14 ATTITUDE -0.001473 4.72681 -0.000365
109.108 14 NAVIGATION 16 4 459.0625 22.5 0. 459.613556 94 74 13 0 0 0
109.124 14 GPS 3 36074063 481361810 2751 216466 1324 10 0 9492480 31 0
109.225 14 ENERGY 35 12.5 0.491045 6.138058 0.085378 1.067199
109.325 14 IR_SENSORS 0 0 23 -17 264
109.326 14 WP_MOVED 18 360289. 4813605. 220. 31
109.357 14 NAVIGATION 16 4 455.875 22.5 0. 456.429901 94 74 13 0 0 0
109.374 14 GPS 3 36073746 481361839 2750 216497 1324 4 0 9492720 31 0
109.424 14 SEGMENT 598.826965 11.351797 28.799999 57.
109.424 14 NAVIGATION 16 4 452.6875 22.5 0. 456.429901 94 74 13 0 0 0
109.424 14 ESTIMATOR 216.397095 0.04
109.523 14 AIRSPEED 13.1 0. 0. 0.
109.524 14 ATTITUDE -0.005245 4.725487 -0.000365
109.607 14 NAVIGATION 16 4 452.6875 22.5 0. 453.246307 95 75 14 0 0 0
109.625 14 GPS 3 36073429 481361866 2750 216529 1324 8 0 9492960 31 0
109.808 14 FBW_STATUS 2 0 1 12.5 0.484254
109.824 14 DL_VALUE 19 0.
109.824 14 WP_MOVED 19 360289. 4813610. 500. 31
109.857 14 NAVIGATION 16 4 449.53125 23. 0. 450.119263 95 75 14 0 0 0
109.873 14 GPS 3 36073060 481361898 2749 216565 1323 11 0 9493240 31 0
109.873 14 SVINFO 6 13 0 6 33 43 11
109.924 14 ESTIMATOR 216.485809 0.11
110.025 14 DESIRED -0.001321 -0.002004 0. 384.763123 28.494194 215. -0.043152 13.
110.026 14 ATTITUDE -0.001473 4.723086 -0.000365
110.108 14 NAVIGATION 16 4 445.84375 23.5 0. 446.462646 95 75 14 0 0 0
110.124 14 GPS 3 36072744 481361926 2749 216596 1323 2 0 9493480 31 0
110.325 14 ENERGY 34 12.5 0.479263 5.990788 0.086266 1.078306
110.325 14 WP_MOVED 20 360289. 4813620. 300. 31
110.356 14 NAVIGATION 16 4 442.6875 23.5 0. 443.310791 95 75 14 0 0 0
110.373 14 GPS 3 36072427 481361952 2748 216626 1322 13 0 9493720 31 0
110.425 14 CALIBRATION -76.362442 0
110.425 14 NAVIGATION 16 4 439.53125 24. 0. 443.310791 95 75 14 0 0 0
110.426 14 ESTIMATOR 216.561783 0.13
110.524 14 IR_SENSORS 0 0 22 -17 264
110.524 14 AIRSPEED 13.1 0. 0. 0.
110.525 14 ATTITUDE -0.001473 4.721583 -0.004125
110.607 14 NAVIGATION 16 4 439.53125 24. 0. 440.186005 96 76 15 0 0 0
110.624 14 FBW_STATUS 2 0 1 12.5 0.473042
110.624 14 SEGMENT 598.826965 11.351797 28.799999 57.
110.624 14 GPS 3 36072112 481361979 2748 216655 1321 24 0 9493960 31 0
110.625 14 SVINFO 2 9 1 2 31 78 171
110.708 14 COMMANDS 3266,0,-21,0
110.725 14 GPS_SOL 308 308 308 7
110.824 14 WP_MOVED 21 360289. 4813625. 400. 31
110.856 14 NAVIGATION 16 4 436.375 24.5 0. 437.062225 96 76 15 0 0 0
110.873 14 GPS 3 36071743 481362010 2747 216687 1319 14 0 9494240 31 0
110.925 14 COMMANDS 3242,-11,-22,0
110.925 14 ESTIMATOR 216.674271 0.14
111.023 14 STATE_FILTER_STATUS 2 3 304
111.024 14 ATTITUDE -0.005245 4.719315 -0.004125
111.074 14 DESIRED -0.00307 -0.001869 0. 371.57135 29.550602 215. -0.048296 13.
111.107 14 NAVIGATION 16 4 432.6875 24.5 0. 433.380585 96 76 15 0 0 0
111.124 14 GPS 3 36071428 481362036 2747 216713 1318 -6 0 9494480 31 0
111.125 14 SVINFO 4 11 0 4 32 3 271
111.224 14 PPRZ_MODE 2 3 2 1 0 6
111.326 14 ALIVE 101,248,228,24,166,140,12,35,201,240,56,234,1,216,147,12
111.326 14 DL_VALUE 20 0.
111.326 14 WP_MOVED 22 360289. 4813645. 250. 31
111.356 14 NAVIGATION 16 4 429.53125 25. 0. 430.258179 96 76 15 0 0 0
111.373 14 GPS 3 36071113 481362061 2746 216736 1316 -6 0 9494720 31 0
111.373 14 SVINFO 5 12 1 5 33 7 321
111.425 14 ENERGY 33 12.5 0.463832 5.797903 0.087124 1.089035
111.425 14 NAVIGATION 16 4 426.375 25. 0. 430.258179 96 76 15 0 0 0
111.425 14 ESTIMATOR 216.705704 -0.06
111.524 14 AIRSPEED 13.1 0. 0. 0.
111.524 14 ATTITUDE -0.005245 4.717505 -0.000365
111.607 14 NAVIGATION 16 4 426.375 25. 0. 427.1073 97 77 16 0 0 0
111.624 14 GPS 3 36070798 481362087 2745 216759 1315 10 0 9494960 31 0
111.625 14 SVINFO 6 13 1 6 34 46 12
111.724 14 NAVIGATION_REF 360284 4813595 31 185.
111.724 14 IR_SENSORS 0 0 23 -18 264
111.807 14 FBW_STATUS 2 0 1 12.5 0.459243
111.823 14 SEGMENT 598.826965 11.351797 28.799999 57.
111.823 14 WP_MOVED 0 360326. 4813637. 260. 31
111.857 14 NAVIGATION 16 4 423.25 25.5 0. 424.017456 97 77 16 0 0 0
111.873 14 GPS 3 36070431 481362116 2745 216782 1314 -5 0 9495240 31 0
111.924 14 ESTIMATOR 216.745773 -0.05
112.024 14 ATTITUDE -0.001473 4.71503 -0.004125
112.107 14 NAVIGATION 16 4 419.5625 25.5 0. 420.3367 97 77 16 0 0 0
112.124 14 DESIRED 0.00247 -0.002465 0. 354.786407 30.894753 215. -0.052373 13.
112.124 14 GPS 3 36070117 481362140 2744 216801 1313 15 0 9495480 31 0
112.325 14 WP_MOVED 1 360284. 4813595. 260. 31
112.357 14 NAVIGATION 16 4 413.28125 26.5 0. 414.129974 97 77 16 0 0 0
112.375 14 GPS 3 36069803 481362165 2744 216819 1312 16 0 9495720 31 0
112.424 14 NAVIGATION 16 4 413.28125 26.5 0. 414.129974 97 77 16 0 0 0
112.424 14 ESTIMATOR 216.796097 0.16
112.525 14 CALIBRATION -59.980198 0
112.525 14 ENERGY 32 12.5 0.449743 5.621787 0.087965 1.099546
112.526 14 AIRSPEED 13.1 0. 0. 0.
112.526 14 ATTITUDE -0.001473 4.713485 -0.004125
112.608 14 NAVIGATION 16 4 410.125 26.5 0. 410.980255 98 78 17 0 0 0
112.624 14 FBW_STATUS 2 0 1 12.5 0.447638
112.625 14 GPS 3 36069489 481362189 2743 216835 1311 21 0 9495960 31 0
112.625 14 SVINFO 3 10 1 3 32 34 222
112.725 14 GPS_SOL 313 313 313 7
112.824 14 DL_VALUE 21 0.
112.825 14 WP_MOVED 2 360333.5 4813695. 260. 31
112.856 14 NAVIGATION 16 4 406.5 26.5 0. 407.362854 98 78 17 0 0 0
112.874 14 GPS 3 36069123 481362216 2743 216851 1309 13 0 9496240 31 0
112.924 14 IR_SENSORS 0 0 23 -17 264
112.925 14 ESTIMATOR 216.878723 0.13
113.025 14 SEGMENT 598.826965 11.351797 28.799999 57.
113.025 14 ATTITUDE -0.001473 4.711171 -0.004125
113.108 14 NAVIGATION 16 4 403.34375 27. 0. 404.246429 98 78 17 0 0 0
113.124 14 GPS 3 36068810 481362240 2742 216864 1308 4 0 9496480 31 0
113.174 14 DESIRED 0.003087 -0.002695 0. 338.551666 32.194847 215. -0.056973 13.
113.323 14 DATALINK_REPORT 6 15 3188 537 0 0
113.323 14 WP_MOVED 3 360294.09375 4813785. 260. 31
113.357 14 NAVIGATION 16 4 400.21875 27. 0. 401.128479 98 78 17 0 0 0
113.373 14 GPS 3 36068498 481362263 2742 216874 1306 -1 0 9496720 31 0
113.424 14 NAVIGATION 16 4 400.21875 27. 0. 401.128479 98 78 17 0 0 0
113.425 14 ESTIMATOR 216.90007 -0.01
113.525 14 AIRSPEED 13.1 0. 0. 0.
113.525 14 ATTITUDE 0.0023 4.710248 -0.000365
113.609 14 NAVIGATION 16 4 397.09375 27. 0. 398.01062 99 79 18 0 0 0
113.624 14 ENERGY 31 12.5 0.435925 5.449057 0.088772 1.109632
113.624 14 GPS 3 36068185 481362287 2742 216882 1305 -13 0 9496960 31 0
113.811 14 FBW_STATUS 2 0 1 12.5 0.427054
113.824 14 WP_MOVED 4 360416.3125 4813734. 260. 31
113.857 14 NAVIGATION 16 4 393.4375 27.5 0. 394.3974 99 79 18 0 0 0
113.875 14 GPS 3 36067821 481362314 2743 216889 1302 -26 0 9497240 31 0
113.875 14 SVINFO 1 8 1 1 31 89 123
113.924 14 ESTIMATOR 216.868256 -0.26
114.025 14 ATTITUDE 0.006075 4.710697 -0.004125
114.108 14 NAVIGATION 16 4 390.375 28. 0. 391.377869 99 79 18 0 0 0
114.124 14 IR_SENSORS 0 0 22 -15 264
114.124 14 GPS 3 36067510 481362337 2743 216892 1300 -9 0 9497480 31 0
114.225 14 SEGMENT 598.826965 11.351797 28.799999 57.
114.225 14 DESIRED 0.002715 -0.011057 0. 325.585968 33.233147 215. -0.233803 13.
114.324 14 DL_VALUE 22 0.
114.324 14 WP_MOVED 5 360421. 4813583.5 260. 31
114.357 14 NAVIGATION 16 4 387.25 28. 0. 388.260956 99 79 18 0 0 0
114.373 14 GPS 3 36067200 481362361 2743 216892 1297 -16 0 9497720 31 0
114.425 14 NAVIGATION 16 4 387.25 28. 0. 388.260956 99 79 18 0 0 0
114.425 14 ESTIMATOR 216.826279 -0.16
114.524 14 AIRSPEED 13.1 0. 0. 0.
114.524 14 ATTITUDE 0.006075 4.711348 -0.004125
114.608 14 NAVIGATION 16 4 384.125 28.5 0. 385.180817 100 80 19 0 0 0
114.623 14 CALIBRATION -46.98019 0
114.624 14 FBW_STATUS 2 0 1 12.5 0.3789
114.624 14 GPS 3 36066890 481362385 2743 216887 1293 1 0 9497960 31 0
114.624 14 SVINFO 4 11 1 4 33 1 273
114.725 14 GPS_SOL 319 319 319 7
114.725 14 ENERGY 27 12.5 0.36022 4.502755 0.089508 1.118833
114.824 14 WP_MOVED 6 360164.8125 4813664.5 260. 31
114.859 14 NAVIGATION 16 4 380.53125 28.5 0. 381.597015 100 80 19 0 0 0
114.874 14 GPS 3 36066530 481362413 2744 216871 1285 16 0 9498240 31 0
114.874 14 SVINFO 5 12 1 5 34 11 323
114.924 14 ESTIMATOR 216.829147 0.16
115.025 14 ATTITUDE 0.006075 4.712075 -0.007888
115.108 14 NAVIGATION 16 4 377.5 29. 0. 378.612274 100 80 19 0 0 0
115.124 14 GPS 3 36066224 481362437 2744 216848 1280 2 0 9498480 31 0
115.124 14 SVINFO 6 13 1 6 35 53 14
115.274 14 DESIRED 0.001871 -0.023464 0. 312.71344 34.263992 215. -0.481928 13.
115.324 14 IR_SENSORS 0 0 21 -15 264
115.324 14 WP_MOVED 7 360558.40625 4813804.5 260. 31
115.357 14 NAVIGATION 16 4 374.4375 29. 0. 375.558838 100 80 19 0 0 0
115.374 14 GPS 3 36065919 481362461 2745 216812 1273 3 0 9498720 31 0
115.375 14 SVINFO 0 7 0 0 31 65 74
115.424 14 SEGMENT 598.826965 11.351797 28.799999 57.
115.424 14 NAVIGATION 16 4 374.4375 29. 0. 375.558838 100 80 19 0 0 0
115.424 14 ESTIMATOR 216.854141 0.03
115.525 14 AIRSPEED 13.1 0. 0. 0.
115.525 14 ATTITUDE 0.0023 4.712396 -0.011653
115.607 14 NAVIGATION 16 4 371.40625 29.5 0. 372.575989 101 81 20 0 0 0
115.624 14 GPS 3 36065616 481362485 2745 216761 1265 -9 0 9498960 31 0
115.707 14 COMMANDS 2053,-7,-213,0
115.815 14 FBW_STATUS 2 0 1 12.5 0.262009
115.827 14 DL_VALUE 23 0.
115.827 14 ENERGY 21 12.5 0.262009 3.275114 0.090074 1.125909
115.827 14 WP_MOVED 8 360882.8125 4813606.5 215. 31
115.858 14 NAVIGATION 16 4 367.875 30. 0. 369.096222 101 81 20 0 0 0
115.874 14 GPS 3 36065266 481362513 2745 216681 1253 5 0 9499240 31 0
115.874 14 SVINFO 2 9 1 2 32 72 174
115.924 14 COMMANDS 1898,-22,-204,0
115.925 14 ESTIMATOR 216.779282 0.05
116.023 14 STATE_FILTER_STATUS 2 3 299
116.024 14 ATTITUDE 0.0023 4.712323 -0.015421
116.108 14 NAVIGATION 16 4 364.9375 30. 0. 366.168518 101 81 20 0 0 0
116.124 14 GPS 3 36064967 481362537 2745 216592 1247 12 0 9499480 31 0
116.125 14 SVINFO 3 10 0 3 33 28 224
116.224 14 PPRZ_MODE 2 3 2 1 0 6
116.330 14 ALIVE 101,248,228,24,166,140,12,35,201,240,56,234,1,216,147,12
116.330 14 DESIRED 0.00079 -0.03497 0. 300.151428 35.269966 215. -0.704201 13.
116.330 14 WP_MOVED 9 360312.8125 4813652. 185. 31
116.357 14 NAVIGATION 16 4 361.96875 30. 0. 363.209808 101 81 20 0 0 0
116.373 14 GPS 3 36064671 481362561 2746 216484 1238 -6 0 9499720 31 0
116.425 14 NAVIGATION 16 4 361.96875 30. 0. 363.209808 101 81 20 0 0 0
116.426 14 ESTIMATOR 216.696838 -0.06
116.524 14 IR_SENSORS 0 0 17 -16 264
116.524 14 AIRSPEED 13.1 0. 0. 0.
116.524 14 ATTITUDE 0.0023 4.712074 -0.022961
116.608 14 NAVIGATION 16 4 359. 30.5 0. 360.293274 102 82 21 0 0 0
116.624 14 FBW_STATUS 2 0 1 12.5 0.175933
116.624 14 SEGMENT 598.826965 11.351797 28.799999 57.
116.625 14 GPS 3 36064377 481362585 2746 216355 1229 -19 0 9499960 31 0
116.724 14 CALIBRATION 29.049547 0
116.725 14 GPS_SOL 327 327 327 7
116.825 14 WP_MOVED 10 360889.21875 4813686. 215. 31
116.857 14 NAVIGATION 16 4 355.625 30.5 0. 356.930511 102 82 21 0 0 0
116.874 14 GPS 3 36064036 481362612 2746 216177 1215 -62 0 9500240 31 0
116.924 14 ENERGY 13 12.5 0.150792 1.884896 0.090442 1.130507
116.924 14 ESTIMATOR 216.454407 -0.62
117.024 14 ATTITUDE 0.0023 4.710987 -0.030509
117.107 14 WIND_INFO 14 5 -0.2 1. 0. 13.1
117.109 14 NAVIGATION 16 4 352.71875 30.5 0. 354.034973 102 82 21 0 0 0
117.124 14 GPS 3 36063747 481362636 2746 216001 1209 -67 0 9500480 31 0
117.324 14 DL_VALUE 24 0.
117.324 14 WP_MOVED 11 360169.5 4813757.5 260. 31
117.358 14 NAVIGATION 16 4 349.84375 31. 0. 351.214539 102 82 21 0 0 0
117.375 14 DESIRED 0.001962 -0.047966 0. 285.07428 36.477356 213.932404 -0.964579 13.
117.376 14 GPS 3 36063459 481362659 2746 215803 1201 -66 0 9500720 31 0
117.376 14 SVINFO 1 8 0 1 32 89 125
117.425 14 NAVIGATION 16 4 349.84375 31. 0. 351.214539 102 82 21 0 0 0
117.425 14 ESTIMATOR 215.990417 -0.66
117.524 14 AIRSPEED 13.1 0. 0. 0.
117.524 14 ATTITUDE 0.002528 4.709779 -0.034485
117.608 14 NAVIGATION 16 4 346.96875 31.5 0. 348.395691 103 83 22 0 0 0
117.623 14 GPS 3 36063173 481362682 2746 215584 1195 -83 0 9500960 31 0
117.724 14 IR_SENSORS 0 0 13 -16 265
117.817 14 FBW_STATUS 2 0 1 12.5 0.107723
117.824 14 SEGMENT 598.826965 11.351797 28.799999 57.
117.825 14 WP_MOVED 12 360287.59375 4813581. 260. 31
117.857 14 NAVIGATION 16 4 343.65625 31.5 0. 345.096893 103 83 22 0 0 0
117.874 14 GPS 3 36062842 481362709 2746 215306 1186 -107 0 9501240 31 0
117.924 14 ESTIMATOR 215.491684 -1.07
118.024 14 ENERGY 9 12.5 0.101357 1.266968 0.090672 1.133384
118.025 14 ATTITUDE -0.001231 4.708224 -0.042014
118.108 14 NAVIGATION 16 4 340.84375 31.5 0. 342.296234 103 83 22 0 0 0
118.124 14 GPS 3 36062559 481362732 2745 215047 1183 -124 0 9501480 31 0
118.125 14 SVINFO 4 11 1 4 34 0 275
118.325 14 WP_MOVED 13 360311.5 4813547. 260. 31
118.358 14 NAVIGATION 16 4 338. 32. 0. 339.511414 103 83 22 0 0 0
118.373 14 GPS 3 36062276 481362754 2745 214773 1179 -132 0 9501720 31 0
118.374 14 SVINFO 5 12 1 5 35 16 325
118.424 14 DATALINK_REPORT 1 16 3316 547 0 0
118.425 14 DESIRED 0.001632 -0.054345 0. 273.226471 37.42614 212.904694 -1.089458 13.
118.425 14 NAVIGATION 16 4 338. 32. 0. 339.511414 103 83 22 0 0 0
118.425 14 ESTIMATOR 214.844101 -1.32
118.525 14 AIRSPEED 13.1 0. 0. 0.
118.526 14 ATTITUDE -0.001231 4.707312 -0.045781
118.608 14 NAVIGATION 16 4 335.21875 32.5 0. 336.790527 104 84 23 0 0 0
118.624 14 FBW_STATUS 2 0 1 12.5 0.10839
118.624 14 GPS 3 36061995 481362777 2745 214485 1177 -143 0 9501960 31 0
118.624 14 SVINFO 6 13 1 6 36 59 16
118.724 14 GPS_SOL 335 335 335 7
118.827 14 AUTOPILOT_VERSION 51500 v5.15_devel-179-g9a29798-dirty
118.828 14 CALIBRATION 39.107224 0
118.828 14 DL_VALUE 25 0.
118.828 14 WP_MOVED 14 360300.6875 4813575.5 260. 31
118.857 14 NAVIGATION 16 4 331.875 32.5 0. 333.462555 104 84 23 0 0 0
118.875 14 GPS 3 36061666 481362803 2745 214134 1178 -136 0 9502240 31 0
118.924 14 IR_SENSORS 0 0 10 -17 265
118.924 14 ESTIMATOR 214.145264 -1.36
119.024 14 SEGMENT 598.826965 11.351797 28.799999 57.
119.025 14 ATTITUDE -0.001231 4.706488 -0.053317
119.108 14 NAVIGATION 16 4 329.09375 32.5 0. 330.694641 104 84 23 0 0 0
119.124 14 ENERGY 11 12.5 0.116991 1.462387 0.090868 1.135834
119.124 14 GPS 3 36061383 481362825 2745 213824 1180 -144 0 9502480 31 0
119.325 14 WP_MOVED 15 360297.6875 4813554.5 260. 31
119.357 14 NAVIGATION 16 4 326.25 33. 0. 327.914703 104 84 23 0 0 0
119.373 14 GPS 3 36061100 481362847 2745 213510 1183 -147 0 9502720 31 0
119.373 14 SVINFO 2 9 1 2 33 66 176
119.425 14 NAVIGATION 16 4 326.25 33. 0. 327.914703 104 84 23 0 0 0
119.426 14 ESTIMATOR 213.4655 -1.47
119.475 14 DESIRED 0.002104 -0.053826 0. 261.471741 38.367466 211.893723 -1.08178 13.
119.525 14 AIRSPEED 13.1 0. 0. 0.
119.525 14 ATTITUDE -0.001231 4.706205 -0.053317
119.608 14 NAVIGATION 16 4 323.40625 33.5 0. 325.136658 105 85 24 0 0 0
119.624 14 GPS 3 36060816 481362870 2744 213192 1187 -164 0 9502960 31 0
119.625 14 SVINFO 3 10 1 3 34 23 226
119.818 14 FBW_STATUS 2 0 1 12.5 0.138564
119.826 14 WP_MOVED 16 360683.46875 4813622.5 215. 31
119.860 14 NAVIGATION 16 4 320.09375 33.5 0. 321.84198 105 85 24 0 0 0
119.875 14 GPS 3 36060484 481362896 2744 212822 1193 -164 0 9503240 31 0
119.876 14 SVINFO 4 11 1 4 35 0 276
119.923 14 ESTIMATOR 212.740402 -1.64
120.024 14 ATTITUDE -0.001231 4.706165 -0.057087
120.107 14 NAVIGATION 16 4 317.21875 33.5 0. 318.982727 105 85 24 0 0 0
120.124 14 IR_SENSORS 0 0 8 -17 265
120.125 14 GPS 3 36060197 481362918 2744 212507 1197 -159 0 9503480 31 0
120.126 14 SVINFO 5 12 1 5 36 19 326
120.224 14 SEGMENT 598.826965 11.351797 28.799999 57.
120.224 14 ENERGY 13 12.5 0.155905 1.948816 0.091117 1.138947
120.325 14 DL_VALUE 26 160.
120.325 14 WP_MOVED 17 360654.59375 4813624.5 215. 31
120.357 14 NAVIGATION 16 4 314.34375 34. 0. 316.177155 105 85 24 0 0 0
120.374 14 GPS 3 36059909 481362940 2744 212195 1202 -152 0 9503720 31 0
120.375 14 SVINFO 6 13 1 6 37 62 17
120.425 14 NAVIGATION 16 4 314.34375 34. 0. 316.177155 105 85 24 0 0 0
120.425 14 ESTIMATOR 212.033981 -1.52
120.524 14 DESIRED 0.002405 -0.054198 0. 249.561798 39.32122 210.856583 -1.086522 13.
120.524 14 AIRSPEED 13.1 0. 0. 0.
120.525 14 ATTITUDE -0.001231 4.706245 -0.057087
120.608 14 NAVIGATION 16 4 311.4375 34.5 0. 313.34256 106 86 25 0 0 0
120.623 14 FBW_STATUS 2 0 1 12.5 0.170414
120.624 14 GPS 3 36059620 481362962 2744 211889 1207 -151 0 9503960 31 0
120.624 14 SVINFO 0 7 0 0 32 73 77
120.708 14 COMMANDS 1409,14,18,0
120.725 14 NAVIGATION_REF 360284 4813595 31 185.
120.725 14 GPS_SOL 345 345 345 7
120.824 14 WP_MOVED 18 360289. 4813605. 220. 31
120.857 14 NAVIGATION 16 4 308.0625 34.5 0. 309.988312 106 86 25 0 0 0
120.873 14 GPS 3 36059282 481362988 2743 211539 1215 -137 0 9504240 31 0
120.873 14 SVINFO 1 8 0 1 33 89 127
120.924 14 COMMANDS 1441,30,20,0
120.924 14 CALIBRATION -13.560742 0
120.924 14 ESTIMATOR 211.38884 -1.37
121.023 14 STATE_FILTER_STATUS 2 3 290
121.024 14 ATTITUDE -0.001231 4.706362 -0.057087
121.108 14 NAVIGATION 16 4 305.15625 34.5 0. 307.100281 106 86 25 0 0 0
121.124 14 GPS 3 36058990 481363011 2743 211245 1217 -120 0 9504480 31 0
121.225 14 PPRZ_MODE 2 3 2 1 0 6
121.324 14 ALIVE 101,248,228,24,166,140,12,35,201,240,56,234,1,216,147,12
121.324 14 IR_SENSORS 0 0 8 -17 265
121.325 14 ENERGY 15 12.5 0.177099 2.213739 0.091428 1.142828
121.325 14 WP_MOVED 19 360289. 4813610. 500. 31
121.358 14 NAVIGATION 16 4 302.21875 35. 0. 304.238678 106 86 25 0 0 0
121.373 14 GPS 3 36058698 481363033 2743 210958 1221 -119 0 9504720 31 0
121.424 14 SEGMENT 598.826965 11.351797 28.799999 57.
121.424 14 NAVIGATION 16 4 302.21875 35. 0. 304.238678 106 86 25 0 0 0
121.424 14 ESTIMATOR 210.838669 -1.19
121.524 14 AIRSPEED 13.1 0. 0. 0.
121.525 14 ATTITUDE 0.002528 4.706345 -0.057087
121.574 14 DESIRED 0.002831 -0.05481 0. 237.434448 40.292389 209.805801 -1.098761 13.
121.608 14 NAVIGATION 16 4 299.28125 35. 0. 301.320862 107 87 26 0 0 0
121.624 14 GPS 3 36058405 481363055 2743 210677 1224 -121 0 9504960 31 0
121.822 14 FBW_STATUS 2 0 1 12.5 0.176079
121.824 14 DL_VALUE 27 0.
121.824 14 WP_MOVED 20 360289. 4813620. 300. 31
121.856 14 NAVIGATION 16 4 299.28125 35. 0. 301.320862 107 87 26 0 0 0
121.873 14 GPS 3 36058062 481363081 2743 210354 1227 -123 0 9505240 31 0
121.924 14 ESTIMATOR 210.29425 -1.23
122.024 14 ATTITUDE 0.002528 4.706205 -0.057087
122.107 14 NAVIGATION 16 4 295.875 35. 0. 297.937927 107 87 26 0 0 0
122.124 14 GPS 3 36057768 481363103 2743 210082 1228 -133 0 9505480 31 0
122.327 14 WP_MOVED 21 360289. 4813625. 400. 31
122.358 14 NAVIGATION 16 4 292.9375 35.5 0. 295.080719 107 87 26 0 0 0
122.374 14 GPS 3 36057474 481363126 2743 209814 1229 -119 0 9505720 31 0
122.424 14 ENERGY 15 12.5 0.185007 2.312584 0.091756 1.146931
122.424 14 NAVIGATION 16 4 289.96875 36. 0. 295.080719 107 87 26 0 0 0
122.424 14 ESTIMATOR 209.713501 -1.19
122.524 14 IR_SENSORS 0 0 8 -16 265
122.524 14 AIRSPEED 13.1 0. 0. 0.
122.524 14 ATTITUDE 0.002528 4.706054 -0.057087
122.608 14 NAVIGATION 16 4 289.96875 36. 0. 292.194916 108 88 27 0 0 0
122.624 14 FBW_STATUS 2 0 1 12.5 0.186331
122.625 14 SEGMENT 598.826965 11.351797 28.799999 57.
122.625 14 DESIRED 0.002962 -0.054931 0. 225.182953 41.273499 208.742172 -1.103894 13.
122.625 14 GPS 3 36057180 481363148 2743 209548 1230 -129 0 9505960 31 0
122.724 14 GPS_SOL 356 356 356 7
122.825 14 WP_MOVED 22 360289. 4813645. 250. 31
122.858 14 NAVIGATION 16 4 287.0625 36. 0. 289.311035 108 88 27 0 0 0
122.874 14 GPS 3 36056836 481363174 2743 209241 1232 -115 0 9506240 31 0
122.874 14 SVINFO 2 9 0 2 34 61 178
122.924 14 ESTIMATOR 209.156616 -1.15
123.025 14 CALIBRATION -29.150555 0
123.025 14 ATTITUDE 0.002528 4.706778 -0.057087
123.107 14 NAVIGATION 16 4 283.625 36. 0. 285.900574 108 88 27 0 0 0
123.125 14 GPS 3 36056541 481363196 2743 208982 1233 -114 0 9506480 31 0
123.125 14 SVINFO 3 10 1 3 35 17 228
123.324 14 DL_VALUE 28 0.32
123.325 14 WP_MOVED 0 360326. 4813637. 260. 31
123.358 14 NAVIGATION 16 4 280.65625 36.5 0. 283.019745 108 88 27 0 0 0
123.374 14 GPS 3 36056245 481363219 2743 208724 1233 -114 0 9506720 31 0
123.375 14 SVINFO 4 11 0 4 36 0 278
123.424 14 NAVIGATION 16 4 277.6875 37. 0. 283.019745 108 88 27 0 0 0
123.425 14 ESTIMATOR 208.641632 -1.14
123.524 14 DATALINK_REPORT 6 16 3449 561 0 0
123.525 14 ENERGY 16 12.5 0.189575 2.369684 0.092101 1.151237
123.525 14 AIRSPEED 13.1 0. 0. 0.
123.525 14 ATTITUDE 0.002528 4.707598 -0.053317
123.607 14 NAVIGATION 16 4 277.6875 37. 0. 280.141663 109 89 28 0 0 0
123.625 14 GPS 3 36055950 481363242 2744 208468 1234 -115 0 9506960 31 0
123.626 14 SVINFO 5 12 1 5 37 24 328
123.674 14 DESIRED 0.002207 -0.055114 0. 212.900391 42.257095 207.669601 -1.107537 13.
123.725 14 IR_SENSORS 0 0 9 -16 265
123.828 14 FBW_STATUS 2 0 1 12.5 0.192089
123.829 14 SEGMENT 598.826965 11.351797 28.799999 57.
123.829 14 WP_MOVED 1 360284. 4813595. 260. 31
123.856 14 NAVIGATION 16 4 274.78125 37. 0. 277.261139 109 89 28 0 0 0
123.873 14 GPS 3 36055605 481363268 2744 208171 1235 -118 0 9507240 31 0
123.873 14 SVINFO 6 13 1 6 38 67 19
123.924 14 ESTIMATOR 208.116577 -1.18
124.025 14 ATTITUDE 0.002528 4.70874 -0.053317
124.107 14 NAVIGATION 16 4 271.28125 37. 0. 273.792847 109 89 28 0 0 0
124.124 14 GPS 3 36055310 481363291 2744 207917 1235 -110 0 9507480 31 0
124.126 14 SVINFO 0 7 0 0 33 78 79
124.329 14 WP_MOVED 2 360333.5 4813695. 260. 31
124.360 14 NAVIGATION 16 4 268.375 37.5 0. 270.982269 109 89 28 0 0 0
124.374 14 GPS 3 36055014 481363314 2744 207664 1235 -105 0 9507720 31 0
124.375 14 SVINFO 1 8 1 1 34 88 129
124.425 14 NAVIGATION 16 4 265.40625 38. 0. 270.982269 109 89 28 0 0 0
124.425 14 ESTIMATOR 207.594986 -1.05
124.524 14 AIRSPEED 13.1 0. 0. 0.
124.524 14 ATTITUDE 0.006288 4.709204 -0.057087
124.608 14 NAVIGATION 16 4 265.40625 38. 0. 268.112793 110 90 29 0 0 0
124.624 14 FBW_STATUS 2 0 1 12.5 0.188099
124.624 14 ENERGY 16 12.5 0.188246 2.35308 0.092448 1.155579
124.625 14 GPS 3 36054719 481363338 2744 207410 1235 -118 0 9507960 31 0
124.626 14 SVINFO 2 9 1 2 35 58 179
124.725 14 GPS_SOL 367 367 367 7
124.725 14 DESIRED 0.00138 -0.054863 0. 200.617859 43.240692 206.591568 -1.110358 13.
124.833 14 DL_VALUE 29 0.
124.834 14 WP_MOVED 3 360294.09375 4813785. 260. 31
124.858 14 NAVIGATION 16 4 262.4375 38. 0. 265.174347 110 90 29 0 0 0
124.875 14 GPS 3 36054374 481363365 2745 207114 1235 -130 0 9508240 31 0
124.924 14 IR_SENSORS 0 0 8 -15 265
124.925 14 ESTIMATOR 207.07196 -1.3
125.025 14 SEGMENT 598.826965 11.351797 28.799999 57.
125.026 14 ATTITUDE 0.006288 4.710536 -0.057087
125.108 14 NAVIGATION 16 4 259. 38. 0. 261.772797 110 90 29 0 0 0
125.124 14 CALIBRATION -33.522755 0
125.124 14 GPS 3 36054078 481363389 2745 206861 1235 -123 0 9508480 31 0
125.125 14 SVINFO 4 11 0 4 37 0 279
125.334 14 WP_MOVED 4 360416.3125 4813734. 260. 31
125.357 14 NAVIGATION 16 4 256.0625 38.5 0. 258.940643 110 90 29 0 0 0
125.374 14 GPS 3 36053782 481363412 2745 206608 1236 -114 0 9508720 31 0
125.375 14 SVINFO 5 12 1 5 38 27 329
125.424 14 NAVIGATION 16 4 253.09375 38.5 0. 258.940643 110 90 29 0 0 0
125.425 14 ESTIMATOR 206.504562 -1.14
125.524 14 AIRSPEED 13.1 0. 0. 0.
125.524 14 ATTITUDE 0.002528 4.711498 -0.053317
125.607 14 NAVIGATION 16 4 253.09375 38.5 0. 256.005249 111 91 30 0 0 0
125.624 14 GPS 3 36053487 481363436 2746 206356 1236 -110 0 9508960 31 0
125.625 14 SVINFO 6 13 0 6 39 70 20
125.707 14 COMMANDS 1605,12,-23,0
125.724 14 ENERGY 16 12.5 0.196837 2.460465 0.092802 1.160004
125.774 14 DESIRED 0.00421 -0.055295 0. 188.343994 44.223595 205.508102 -1.111159 13.
125.807 14 FBW_STATUS 2 0 1 12.5 0.196689
125.836 14 WP_MOVED 5 360421. 4813583.5 260. 31
125.857 14 NAVIGATION 16 4 250.125 38.5 0. 253.070679 111 91 30 0 0 0
125.873 14 GPS 3 36053141 481363464 2746 206063 1237 -129 0 9509240 31 0
125.923 14 COMMANDS 1589,22,-38,0
125.924 14 ESTIMATOR 206.001068 -1.29
126.025 14 STATE_FILTER_STATUS 2 3 289
126.026 14 ATTITUDE 0.002528 4.712705 -0.057087
126.107 14 NAVIGATION 16 4 246.65625 39. 0. 249.720459 111 91 30 0 0 0
126.124 14 IR_SENSORS 0 0 8 -16 265
126.125 14 GPS 3 36052845 481363488 2746 205812 1237 -132 0 9509480 31 0
126.224 14 PPRZ_MODE 2 3 2 1 0 6
126.225 14 SEGMENT 598.826965 11.351797 28.799999 57.
126.336 14 ALIVE 101,248,228,24,166,140,12,35,201,240,56,234,1,216,147,12
126.336 14 DL_VALUE 30 0.01
126.336 14 WP_MOVED 6 360164.8125 4813664.5 260. 31
126.358 14 NAVIGATION 16 4 243.6875 39.5 0. 246.868073 111 91 30 0 0 0
126.374 14 GPS 3 36052549 481363513 2746 205562 1238 -130 0 9509720 31 0
126.424 14 NAVIGATION 16 4 240.71875 39.5 0. 246.868073 111 91 30 0 0 0
126.424 14 ESTIMATOR 205.428909 -1.3
126.524 14 AIRSPEED 13.1 0. 0. 0.
126.525 14 ATTITUDE 0.002528 4.71339 -0.057087
126.607 14 NAVIGATION 16 4 240.71875 39.5 0. 243.938034 112 92 31 0 0 0
126.624 14 FBW_STATUS 2 0 1 12.5 0.206999
126.625 14 GPS 3 36052252 481363537 2747 205313 1239 -103 0 9509960 31 0
126.625 14 SVINFO 3 10 0 3 36 13 230
126.724 14 GPS_SOL 380 380 380 7
126.839 14 ENERGY 17 12.5 0.2043 2.553746 0.09317 1.164599
126.839 14 DESIRED 0.003023 -0.055351 0. 175.968262 45.214645 204.430847 -1.11229 13.
126.839 14 WP_MOVED 7 360558.40625 4813804.5 260. 31
126.857 14 NAVIGATION 16 4 237.78125 40. 0. 241.122208 112 92 31 0 0 0
126.874 14 GPS 3 36051906 481363566 2747 205023 1241 -114 0 9510240 31 0
126.923 14 ESTIMATOR 204.931732 -1.14
127.025 14 ATTITUDE 0.002528 4.714489 -0.057087
127.108 14 WIND_INFO 14 5 -0.2 1. 0. 13.1
127.109 14 NAVIGATION 16 4 234.28125 40. 0. 237.671417 112 92 31 0 0 0
127.125 14 GPS 3 36051609 481363591 2747 204777 1241 -110 0 9510480 31 0
127.225 14 CALIBRATION -41.261124 0
127.341 14 IR_SENSORS 0 0 8 -17 265
127.341 14 WP_MOVED 8 360882.8125 4813606.5 215. 31
127.357 14 NAVIGATION 16 4 231.34375 40.5 0. 234.862045 112 92 31 0 0 0
127.375 14 GPS 3 36051312 481363615 2747 204531 1241 -134 0 9510720 31 0
127.424 14 SEGMENT 598.826965 11.351797 28.799999 57.
127.424 14 NAVIGATION 16 4 228.375 40.5 0. 234.862045 112 92 31 0 0 0
127.424 14 ESTIMATOR 204.437531 -1.34
127.525 14 AIRSPEED 13.1 0. 0. 0.
127.525 14 ATTITUDE -0.001231 4.714337 -0.057087
127.607 14 NAVIGATION 16 4 228.375 40.5 0. 231.938339 113 93 32 0 0 0
127.624 14 GPS 3 36051015 481363640 2747 204286 1241 -133 0 9510960 31 0
127.625 14 SVINFO 0 7 0 0 34 82 81
127.807 14 FBW_STATUS 2 0 1 12.5 0.212719
127.836 14 DL_VALUE 31 0.1
127.836 14 WP_MOVED 9 360312.8125 4813652. 185. 31
127.858 14 NAVIGATION 16 4 225.40625 41. 0. 229.104721 113 93 32 0 0 0
127.873 14 DESIRED 0.00072 -0.056962 0. 160.634003 46.442627 202.257675 -1.141796 13.
127.873 14 GPS 3 36050669 481363668 2746 204000 1243 -130 0 9511240 31 0
127.874 14 SVINFO 1 8 0 1 35 86 131
127.924 14 ENERGY 17 12.5 0.208952 2.611905 0.093545 1.16929
127.925 14 ESTIMATOR 203.864166 -1.3
128.024 14 ATTITUDE -0.001231 4.713822 -0.057087
128.107 14 NAVIGATION 16 4 218.96875 41.5 0. 222.866699 113 93 32 0 0 0
128.123 14 GPS 3 36050371 481363693 2746 203757 1243 -138 0 9511480 31 0
128.124 14 SVINFO 2 9 0 2 36 51 181
128.344 14 WP_MOVED 10 360889.21875 4813686. 215. 31
128.358 14 NAVIGATION 16 4 215.96875 41.5 0. 219.919876 113 93 32 0 0 0
128.373 14 GPS 3 36050073 481363717 2746 203514 1245 -136 0 9511720 31 0
128.374 14 SVINFO 3 10 1 3 37 11 231
128.423 14 NAVIGATION 16 4 215.96875 41.5 0. 219.919876 113 93 32 0 0 0
128.424 14 ESTIMATOR 203.317963 -1.36
128.524 14 IR_SENSORS 0 0 9 -17 265
128.524 14 AIRSPEED 13.1 0. 0. 0.
128.524 14 ATTITUDE -0.001231 4.713538 -0.053317
128.607 14 NAVIGATION 16 4 215.96875 41.5 0. 219.919876 114 94 33 0 0 0
128.624 14 DATALINK_REPORT 2 17 3582 561 0 0
128.624 14 FBW_STATUS 2 0 1 12.5 0.226229
128.624 14 SEGMENT 598.826965 11.351797 28.799999 57.
128.625 14 GPS 3 36049725 481363745 2746 203234 1246 -139 0 9512000 31 0
128.625 14 SVINFO 4 11 1 4 38 1 281
128.724 14 GPS_SOL 393 393 393 7
128.841 14 WP_MOVED 11 360169.5 4813757.5 260. 31
128.856 14 NAVIGATION 16 4 212.5 42. 0. 216.610825 114 94 33 0 0 0
128.874 14 GPS 3 36049427 481363769 2746 202995 1249 -138 0 9512240 31 0
128.874 14 SVINFO 5 12 1 5 39 33 331
128.924 14 DESIRED 0.001526 -0.057216 0. 147.730408 47.47596 201.125137 -1.146883 13.
128.925 14 ESTIMATOR 202.773041 -1.38
129.024 14 ENERGY 18 12.5 0.228675 2.858432 0.093952 1.174369
129.025 14 ATTITUDE -0.001231 4.713032 -0.057087
129.107 14 NAVIGATION 16 4 209.53125 42.5 0. 213.798019 114 94 33 0 0 0
129.125 14 GPS 3 36049127 481363794 2746 202759 1250 -119 0 9512480 31 0
129.125 14 SVINFO 6 13 1 6 40 75 22
129.344 14 CALIBRATION -65.574028 0
129.344 14 DL_VALUE 32 0.
129.344 14 WP_MOVED 12 360287.59375 4813581. 260. 31
129.358 14 NAVIGATION 16 4 206.53125 42.5 0. 210.858734 114 94 33 0 0 0
129.373 14 GPS 3 36048828 481363818 2745 202526 1252 -105 0 9512720 31 0
129.424 14 NAVIGATION 16 4 203.53125 42.5 0. 210.858734 114 94 33 0 0 0
129.424 14 ESTIMATOR 202.295364 -1.05
129.524 14 AIRSPEED 13.1 0. 0. 0.
129.524 14 ATTITUDE -0.001231 4.7127 -0.057087
129.606 14 NAVIGATION 16 4 203.53125 42.5 0. 207.921188 115 95 34 0 0 0
129.624 14 GPS 3 36048528 481363842 2745 202294 1253 -125 0 9512960 31 0
129.724 14 NAVIGATION_REF 360284 4813595 31 185.
129.725 14 IR_SENSORS 0 0 8 -17 265
129.808 14 FBW_STATUS 2 0 1 12.5 0.233888
129.846 14 SEGMENT 598.826965 11.351797 28.799999 57.
129.849 14 WP_MOVED 13 360311.5 4813547. 260. 31
129.857 14 NAVIGATION 16 4 200.53125 43. 0. 205.089691 115 95 34 0 0 0
129.874 14 GPS 3 36048178 481363870 2745 202025 1255 -129 0 9513240 31 0
129.924 14 AUTOPILOT_VERSION 51500 v5.15_devel-179-g9a29798-dirty
129.924 14 ESTIMATOR 201.848526 -1.29
129.974 14 DESIRED 0.00227 -0.057583 0. 135.758362 48.434692 200.074371 -1.156929 13.
130.025 14 ATTITUDE 0.002528 4.711881 -0.057087
130.108 14 NAVIGATION 16 4 197. 43. 0. 201.63829 115 95 34 0 0 0
130.124 14 ENERGY 19 12.5 0.231738 2.896729 0.094375 1.179661
130.124 14 GPS 3 36047877 481363893 2745 201796 1255 -133 0 9513480 31 0
130.344 14 WP_MOVED 14 360300.6875 4813575.5 260. 31
130.357 14 NAVIGATION 16 4 194. 43.5 0. 198.817123 115 95 34 0 0 0
130.374 14 GPS 3 36047577 481363917 2745 201569 1256 -136 0 9513720 31 0
130.375 14 SVINFO 4 11 1 4 39 2 282
130.424 14 NAVIGATION 16 4 191. 43.5 0. 198.817123 115 95 34 0 0 0
130.425 14 ESTIMATOR 201.341583 -1.36
130.524 14 AIRSPEED 13.1 0. 0. 0.
130.525 14 ATTITUDE 0.002528 4.711756 -0.057087
130.608 14 NAVIGATION 16 4 191. 43.5 0. 195.890915 116 96 35 0 0 0
130.624 14 FBW_STATUS 2 0 1 12.5 0.243141
130.624 14 GPS 3 36047276 481363941 2745 201342 1257 -154 0 9513960 31 0
130.625 14 SVINFO 5 12 1 5 40 36 332
130.707 14 COMMANDS 1954,13,6,0
130.724 14 GPS_SOL 407 407 407 7
130.853 14 DL_VALUE 33 0.15
130.854 14 WP_MOVED 15 360297.6875 4813554.5 260. 31
130.857 14 NAVIGATION 16 4 188. 44. 0. 193.080292 116 96 35 0 0 0
130.874 14 GPS 3 36046924 481363969 2745 201080 1260 -145 0 9514240 31 0
130.874 14 SVINFO 6 13 1 6 41 77 23
130.924 14 COMMANDS 1952,0,-9,0
130.924 14 IR_SENSORS 0 0 8 -16 265
130.924 14 ESTIMATOR 200.80069 -1.45
131.025 14 STATE_FILTER_STATUS 2 3 289
131.026 14 SEGMENT 598.826965 11.351797 28.799999 57.
131.026 14 DESIRED 0.002435 -0.057891 0. 123.227386 49.438179 198.974533 -1.163085 13.
131.026 14 ATTITUDE 0.002528 4.711655 -0.057087
131.108 14 NAVIGATION 16 4 184.5 44. 0. 189.674057 116 96 35 0 0 0
131.124 14 GPS 3 36046622 481363993 2745 200857 1261 -117 0 9514480 31 0
131.124 14 SVINFO 0 7 0 0 35 85 83
131.224 14 PPRZ_MODE 2 3 2 1 0 6
131.224 14 ENERGY 20 12.5 0.25184 3.147995 0.094824 1.185279
131.350 14 ALIVE 101,248,228,24,166,140,12,35,201,240,56,234,1,216,147,12
131.350 14 WP_MOVED 16 360683.46875 4813622.5 215. 31
131.358 14 NAVIGATION 16 4 178.4375 45. 0. 184.024292 116 96 35 0 0 0
131.374 14 GPS 3 36046320 481364016 2744 200636 1263 -95 0 9514720 31 0
131.374 14 SVINFO 1 8 0 1 36 83 133
131.424 14 CALIBRATION -83.398773 0
131.424 14 NAVIGATION 16 4 178.4375 45. 0. 184.024292 116 96 35 0 0 0
131.425 14 ESTIMATOR 200.351669 -0.95
131.524 14 AIRSPEED 13.1 0. 0. 0.
131.525 14 ATTITUDE -0.001231 4.711534 -0.057087
131.608 14 NAVIGATION 16 4 175.40625 45. 0. 181.086578 117 97 36 0 0 0
131.624 14 GPS 3 36046018 481364040 2744 200418 1264 -111 0 9514960 31 0
131.624 14 SVINFO 2 9 1 2 37 45 183
131.807 14 FBW_STATUS 2 0 1 12.5 0.242677
131.845 14 WP_MOVED 17 360654.59375 4813624.5 215. 31
131.858 14 NAVIGATION 16 4 171.875 45. 0. 177.668274 117 97 36 0 0 0
131.873 14 GPS 3 36045665 481364068 2744 200165 1264 -102 0 9515240 31 0
131.873 14 SVINFO 3 10 1 3 38 7 233
131.923 14 ESTIMATOR 199.97905 -1.02
132.025 14 ATTITUDE -0.001231 4.710881 -0.057087
132.074 14 DESIRED 0.005314 -0.058321 0. 107.125549 50.727623 197.869263 -1.16898 13.
132.108 14 NAVIGATION 16 4 168.84375 45.5 0. 174.866974 117 97 36 0 0 0
132.124 14 IR_SENSORS 0 0 8 -16 265
132.124 14 GPS 3 36045362 481364091 2744 199948 1264 -129 0 9515480 31 0
132.224 14 SEGMENT 598.826965 11.351797 28.799999 57.
132.354 14 DL_VALUE 34 0.05
132.355 14 ENERGY 20 12.5 0.245931 3.074135 0.095275 1.190911
132.355 14 WP_MOVED 18 360289. 4813605. 220. 31
132.359 14 NAVIGATION 16 4 165.84375 46. 0. 172.105057 117 97 36 0 0 0
132.375 14 GPS 3 36045060 481364114 2744 199732 1263 -137 0 9515720 31 0
132.423 14 NAVIGATION 16 4 165.84375 46. 0. 172.105057 117 97 36 0 0 0
132.424 14 ESTIMATOR 199.529236 -1.37
132.524 14 AIRSPEED 13.1 0. 0. 0.
132.525 14 ATTITUDE 0.002528 4.710445 -0.057087
132.607 14 NAVIGATION 16 4 162.8125 46. 0. 169.18602 118 98 37 0 0 0
132.624 14 FBW_STATUS 2 0 1 12.5 0.253711
132.624 14 GPS 3 36044757 481364138 2744 199515 1264 -136 0 9515960 31 0
132.724 14 GPS_SOL 421 421 421 7
132.823 14 WP_MOVED 19 360289. 4813610. 500. 31
132.861 14 NAVIGATION 16 4 159.28125 46. 0. 165.790573 118 98 37 0 0 0
132.878 14 GPS 3 36044404 481364166 2744 199262 1265 -143 0 9516240 31 0
132.878 14 SVINFO 0 7 0 0 36 86 84
132.924 14 ESTIMATOR 199.016144 -1.43
133.024 14 ATTITUDE 0.006288 4.711467 -0.057087
133.108 14 NAVIGATION 16 4 156.25 46.5 0. 163.02243 118 98 37 0 0 0
133.124 14 DESIRED 0.00308 -0.057711 0. 91.480774 51.980469 196.763977 -1.167325 13.
133.124 14 GPS 3 36044101 481364189 2745 199046 1266 -143 0 9516480 31 0
133.124 14 SVINFO 1 8 1 1 37 81 134
133.350 14 IR_SENSORS 0 0 8 -15 265
133.350 14 WP_MOVED 20 360289. 4813620. 300. 31
133.364 14 NAVIGATION 16 4 153.25 46.5 0. 160.149338 118 98 37 0 0 0
133.374 14 GPS 3 36043798 481364214 2745 198830 1267 -127 0 9516720 31 0
133.374 14 SVINFO 2 9 1 2 38 42 184
133.424 14 SEGMENT 598.826965 11.351797 28.799999 57.
133.424 14 ENERGY 21 12.5 0.265469 3.318357 0.095743 1.196756
133.424 14 NAVIGATION 16 4 153.25 46.5 0. 160.149338 118 98 37 0 0 0
133.424 14 ESTIMATOR 198.511032 -1.27
133.524 14 CALIBRATION -95.02552 0
133.525 14 AIRSPEED 13.1 0. 0. 0.
133.525 14 ATTITUDE 0.006288 4.71275 -0.057087
133.608 14 NAVIGATION 16 4 150.21875 46.5 0. 157.251144 119 99 38 0 0 0
133.624 14 GPS 3 36043494 481364238 2745 198615 1269 -123 0 9516960 31 0
133.625 14 SVINFO 3 10 1 3 39 5 234
133.724 14 DATALINK_REPORT 7 17 3718 573 0 0
133.807 14 FBW_STATUS 2 0 1 12.5 0.261538
133.824 14 DL_VALUE 35 0.
133.825 14 WP_MOVED 21 360289. 4813625. 400. 31
133.857 14 NAVIGATION 16 4 146.65625 47. 0. 154.003418 119 99 38 0 0 0
133.873 14 GPS 3 36043139 481364267 2746 198367 1271 -126 0 9517240 31 0
133.874 14 SVINFO 4 11 1 4 40 5 284
133.923 14 ESTIMATOR 198.090118 -1.26
134.024 14 ATTITUDE 0.002528 4.714515 -0.057087
134.108 14 NAVIGATION 16 4 143.625 47.5 0. 151.275879 119 99 38 0 0 0
134.124 14 GPS 3 36042835 481364291 2746 198155 1271 -104 0 9517480 31 0
134.124 14 SVINFO 5 12 1 5 41 42 334
134.175 14 DESIRED 0.001722 -0.058616 0. 78.856689 52.991425 195.662201 -1.177582 13.
134.324 14 WP_MOVED 22 360289. 4813645. 250. 31
134.362 14 NAVIGATION 16 4 140.5625 47.5 0. 148.371384 119 99 38 0 0 0
134.374 14 GPS 3 36042531 481364316 2746 197943 1272 -83 0 9517720 31 0
134.376 14 SVINFO 6 13 1 6 42 81 25
134.425 14 NAVIGATION 16 4 140.5625 47.5 0. 148.371384 119 99 38 0 0 0
134.426 14 ESTIMATOR 197.697617 -0.83
134.524 14 IR_SENSORS 0 0 8 -16 265
134.524 14 ENERGY 20 12.5 0.255429 3.192863 0.096224 1.202772
134.524 14 AIRSPEED 13.1 0. 0. 0.
134.524 14 ATTITUDE 0.002528 4.715307 -0.057087
134.608 14 NAVIGATION 16 4 137.5 48. 0. 145.63739 120 100 39 0 0 0
134.624 14 FBW_STATUS 2 0 1 12.5 0.252151
134.624 14 SEGMENT 598.826965 11.351797 28.799999 57.
134.624 14 GPS 3 36042226 481364341 2746 197732 1272 -77 0 9517960 31 0
134.724 14 GPS_SOL 436 436 436 7
134.825 14 WP_MOVED 0 360326. 4813637. 260. 31
134.861 14 NAVIGATION 16 4 133.96875 48.5 0. 142.477631 120 100 39 0 0 0
134.873 14 GPS 3 36041872 481364370 2747 197485 1270 -89 0 9518240 31 0
134.924 14 ESTIMATOR 197.391968 -0.89
135.023 14 ATTITUDE 0.002528 4.715997 -0.057087
135.108 14 NAVIGATION 16 4 130.9375 48.5 0. 139.631226 120 100 39 0 0 0
135.124 14 GPS 3 36041568 481364396 2747 197271 1269 -89 0 9518480 31 0
135.224 14 DESIRED 0.00138 -0.059196 0. 66.17041 54.007347 194.542526 -1.189185 13.
135.324 14 DL_VALUE 36 0.
135.325 14 WP_MOVED 1 360284. 4813595. 260. 31
135.358 14 NAVIGATION 16 4 127.875 48.5 0. 136.763535 120 100 39 0 0 0
135.374 14 GPS 3 36041265 481364421 2747 197055 1267 -95 0 9518720 31 0
135.374 14 SVINFO 3 10 1 3 40 4 235
135.423 14 NAVIGATION 16 4 127.875 48.5 0. 136.763535 120 100 39 0 0 0
135.423 14 ESTIMATOR 196.994125 -0.95
135.524 14 AIRSPEED 13.1 0. 0. 0.
135.525 14 ATTITUDE 0.002528 4.716083 -0.060858
135.608 14 NAVIGATION 16 4 124.84375 49. 0. 134.115479 121 101 40 0 0 0
135.623 14 CALIBRATION -71.042847 0
135.624 14 ENERGY 18 12.5 0.227146 2.839319 0.096657 1.208192
135.624 14 GPS 3 36040962 481364446 2747 196835 1265 -124 0 9518960 31 0
135.624 14 SVINFO 4 11 0 4 41 7 285
135.707 14 COMMANDS 1793,-10,9,0
135.725 14 IR_SENSORS 0 0 7 -16 265
135.809 14 FBW_STATUS 2 0 1 12.5 0.225466
135.824 14 SEGMENT 598.826965 11.351797 28.799999 57.
135.825 14 WP_MOVED 2 360333.5 4813695. 260. 31
135.859 14 NAVIGATION 16 4 121.34375 49.5 0. 131.051727 121 101 40 0 0 0
135.875 14 GPS 3 36040610 481364475 2747 196574 1262 -133 0 9519240 31 0
135.875 14 SVINFO 5 12 0 5 42 45 335
135.924 14 COMMANDS 1823,-23,16,0
135.925 14 ESTIMATOR 196.494339 -1.33
136.024 14 STATE_FILTER_STATUS 2 3 288
136.025 14 ATTITUDE 0.002528 4.715698 -0.060858
136.108 14 NAVIGATION 16 4 118.34375 49.5 0. 128.278961 121 101 40 0 0 0
136.124 14 GPS 3 36040308 481364500 2747 196347 1261 -122 0 9519480 31 0
136.124 14 SVINFO 6 13 1 6 43 83 26
136.224 14 PPRZ_MODE 2 3 2 1 0 6
136.274 14 DESIRED 0.001562 -0.05903 0. 53.577332 55.015808 193.431793 -1.185875 13.
136.324 14 ALIVE 101,248,228,24,166,140,12,35,201,240,56,234,1,216,147,12
136.324 14 WP_MOVED 3 360294.09375 4813785. 260. 31
136.361 14 NAVIGATION 16 4 115.34375 49.5 0. 125.516655 121 101 40 0 0 0
136.375 14 GPS 3 36040006 481364525 2747 196118 1261 -122 0 9519720 31 0
136.376 14 SVINFO 0 7 0 0 37 88 86
136.423 14 NAVIGATION 16 4 115.34375 49.5 0. 125.516655 121 101 40 0 0 0
136.423 14 ESTIMATOR 195.95932 -1.22
136.524 14 AIRSPEED 13.1 0. 0. 0.
136.525 14 ATTITUDE -0.001231 4.715407 -0.060858
136.608 14 NAVIGATION 16 4 112.28125 50. 0. 122.910858 122 102 41 0 0 0
136.624 14 FBW_STATUS 2 0 1 12.5 0.235425
136.624 14 GPS 3 36039704 481364550 2747 195888 1261 -104 0 9519960 31 0
136.624 14 SVINFO 1 8 0 1 38 77 136
136.724 14 GPS_SOL 451 451 451 7
136.724 14 ENERGY 18 12.5 0.22684 2.8355 0.09708 1.213475
136.825 14 DL_VALUE 37 0.
136.825 14 WP_MOVED 4 360416.3125 4813734. 260. 31
136.857 14 NAVIGATION 16 4 108.78125 50.5 0. 119.931694 122 102 41 0 0 0
136.874 14 GPS 3 36039352 481364578 2746 195618 1261 -129 0 9520240 31 0
136.875 14 SVINFO 2 9 0 2 39 36 186
136.924 14 IR_SENSORS 0 0 7 -16 265
136.924 14 ESTIMATOR 195.496414 -1.29
137.025 14 SEGMENT 598.826965 11.351797 28.799999 57.
137.025 14 ATTITUDE 0.002528 4.714744 -0.060858
137.108 14 NAVIGATION 16 4 105.78125 50.5 0. 117.217415 122 102 41 0 0 0
137.110 14 WIND_INFO 14 5 -0.2 1. 0. 13.1
137.124 14 GPS 3 36039051 481364603 2746 195387 1260 -129 0 9520480 31 0
137.324 14 DESIRED 0.001967 -0.059166 0. 41.015381 56.021782 192.329239 -1.188586 13.
137.324 14 WP_MOVED 5 360421. 4813583.5 260. 31
137.361 14 NAVIGATION 14 0 102.71875 51. 0. 114.682785 122 0 0 0 0 0
137.374 14 GPS 3 36038749 481364628 2746 195156 1260 -123 0 9520720 31 0
137.424 14 NAVIGATION 14 0 102.71875 51. 0. 114.682785 122 0 0 0 0 0
137.424 14 ESTIMATOR 194.970367 -1.23
137.524 14 AIRSPEED 13.1 0. 0. 0.
137.525 14 ATTITUDE 0.002528 4.714497 -0.057087
137.608 14 NAVIGATION 14 0 99.71875 51. 71.172104 112.0037 123 1 1 0 0 0
137.624 14 GPS 3 36038448 481364652 2746 194925 1261 -121 0 9520960 31 0
137.725 14 CALIBRATION -75.81958 0
137.807 14 FBW_STATUS 2 0 1 12.5 0.109325
137.825 14 ENERGY 7 12.5 0.109325 1.366562 0.097485 1.218536
137.825 14 WP_MOVED 6 360164.8125 4813664.5 260. 31
137.858 14 NAVIGATION 14 0 96.21875 51. 67.685211 108.899254 123 1 1 0 0 0
137.874 14 GPS 3 36038097 481364681 2746 194657 1250 -101 0 9521240 31 0
137.925 14 ESTIMATOR 194.486649 -1.01
138.025 14 ATTITUDE 0.002528 4.713753 -0.057087
138.108 14 NAVIGATION 14 0 93.25 51.5 64.68425 106.526115 123 1 1 0 0 0
138.123 14 IR_SENSORS 0 0 9 -16 265
138.124 14 GPS 3 36037801 481364705 2746 194422 1234 -88 0 9521480 31 0
138.124 14 SVINFO 0 7 0 0 38 89 87
138.224 14 SEGMENT 598.826965 11.351797 28.799999 57.
138.324 14 DL_VALUE 38 0.
138.324 14 WP_MOVED 7 360558.40625 4813804.5 260. 31
138.358 14 NAVIGATION 14 0 90.375 52. 61.777672 104.267159 123 1 1 0 0 0
138.374 14 DESIRED 0.000141 0.000263 0. 25.587891 57.257225 192.329239 -1.180837 13.
138.375 14 GPS 3 36037513 481364729 2746 194175 1204 -99 0 9521720 31 0
138.375 14 SVINFO 1 8 1 1 39 75 137
138.423 14 NAVIGATION 14 0 90.375 52. 61.777672 104.267159 123 1 1 0 0 0
138.423 14 ESTIMATOR 194.09137 -0.99
138.524 14 AIRSPEED 13.1 0. 0. 0.
138.524 14 ATTITUDE 0.002528 4.710579 -0.042014
138.607 14 NAVIGATION 14 0 87.5625 52. 58.974838 101.83905 124 2 2 0 0 0
138.624 14 FBW_STATUS 2 0 1 12.5 0.
138.624 14 GPS 3 36037231 481364752 2746 193911 1179 -101 0 9521960 31 0
138.625 14 SVINFO 2 9 1 2 40 33 187
138.724 14 NAVIGATION_REF 360284 4813595 31 185.
138.725 14 GPS_SOL 467 467 467 7
138.825 14 DATALINK_REPORT 2 18 3850 551 0 0
138.825 14 WP_MOVED 8 360882.8125 4813606.5 215. 31
138.858 14 NAVIGATION 14 0 87.5625 52. 58.974838 101.83905 124 2 2 0 0 0
138.873 14 GPS 3 36036908 481364778 2746 193583 1148 -117 0 9522240 31 0
138.874 14 SVINFO 3 10 1 3 41 1 237
138.923 14 ENERGY 0 12.5 0. 0. 0.0975 1.218729
138.923 14 ESTIMATOR 193.602036 -1.17
139.024 14 ATTITUDE 0.0023 4.706343 -0.030509
139.107 14 NAVIGATION 14 0 84.34375 52. 55.768345 99.085159 124 2 2 0 0 0
139.124 14 GPS 3 36036636 481364800 2746 193290 1139 -113 0 9522480 31 0
139.125 14 SVINFO 4 11 1 4 42 11 287
139.325 14 IR_SENSORS 0 0 18 -16 264
139.325 14 WP_MOVED 9 360312.8125 4813652. 185. 31
139.362 14 NAVIGATION 14 0 81.625 52.5 53.016323 97.050972 124 2 2 0 0 0
139.374 14 GPS 3 36036367 481364822 2746 192987 1125 -121 0 9522720 31 0
139.374 14 SVINFO 5 12 1 5 43 51 337
139.424 14 SEGMENT 598.826965 11.351797 28.799999 57.
139.424 14 DESIRED 0.001288 0.000153 0. 16.853882 57.95665 192.329239 -1.180837 13.
139.424 14 NAVIGATION 14 0 78.9375 53. 53.016323 97.050972 124 2 2 0 0 0
139.425 14 ESTIMATOR 193.013031 -1.21
139.524 14 AIRSPEED 13.1 0. 0. 0.
139.524 14 ATTITUDE 0.0023 4.704211 -0.015421
139.607 14 NAVIGATION 14 0 78.9375 53. 50.29681 95.07959 125 3 3 0 0 0
139.624 14 GPS 3 36036100 481364844 2746 192679 1114 -110 0 9522960 31 0
139.625 14 SVINFO 6 13 1 6 44 86 28
139.807 14 FBW_STATUS 2 0 1 12.5 0.
139.824 14 CALIBRATION -75.81958 0
139.825 14 DL_VALUE 39 0.
139.825 14 WP_MOVED 10 360889.21875 4813686. 215. 31
139.861 14 NAVIGATION 14 0 76.25 53. 47.618301 92.860443 125 3 3 0 0 0
139.875 14 GPS 3 36035792 481364868 2746 192314 1100 -104 0 9523240 31 0
139.924 14 ESTIMATOR 192.398285 -1.04
140.024 14 ENERGY 0 12.5 0. 0. 0.0975 1.218729
140.025 14 ATTITUDE 0.0023 4.701712 -0.004125
140.109 14 NAVIGATION 14 0 73.15625 53. 44.536243 90.337349 125 3 3 0 0 0
140.124 14 GPS 3 36035529 481364890 2746 191998 1096 -108 0 9523480 31 0
140.324 14 WP_MOVED 11 360169.5 4813757.5 260. 31
140.363 14 NAVIGATION 14 0 70.53125 53.5 41.877766 88.526306 125 3 3 0 0 0
140.373 14 GPS 3 36035269 481364911 2746 191680 1090 -105 0 9523720 31 0
140.374 14 SVINFO 2 9 1 2 41 30 188
140.423 14 NAVIGATION 14 0 67.9375 53.5 41.877766 88.526306 125 3 3 0 0 0
140.423 14 ESTIMATOR 191.793121 -1.05
140.474 14 DESIRED 0.000724 0.00024 0. 5.751221 58.845757 192.329239 -1.180837 13.
140.524 14 IR_SENSORS 0 0 23 -16 264
140.525 14 AIRSPEED 13.1 0. 0. 0.
140.525 14 ATTITUDE 0.0023 4.700764 -0.000365
140.607 14 NAVIGATION 14 0 67.9375 53.5 39.29369 86.474007 126 4 4 0 0 0
140.625 14 FBW_STATUS 2 0 1 12.5 0.
140.625 14 SEGMENT 598.826965 11.351797 28.799999 57.
140.626 14 GPS 3 36034966 481364935 2746 191307 1084 -103 0 9524000 31 0
140.626 14 SVINFO 3 10 1 3 42 1 238
140.707 14 COMMANDS 0,-1,-37,0
140.724 14 GPS_SOL 483 483 483 7
140.823 14 WP_MOVED 12 360287.59375 4813581. 260. 31
140.869 14 NAVIGATION 14 0 64.9375 54. 36.26181 84.456375 126 4 4 0 0 0
140.873 14 GPS 3 36034708 481364956 2745 190985 1078 -97 0 9524240 31 0
140.873 14 SVINFO 4 11 1 4 43 13 288
140.924 14 COMMANDS 0,-14,-37,0
140.924 14 ESTIMATOR 191.156387 -0.97
