100.011 14 NAVIGATION 16 4 619.15625 12. 0. 619.272522 82 61 0 0 0 0
100.027 14 GPS 3 36090098 481360719 2605 216876 1250 -37 0 10487720 31 0
100.078 14 ENERGY 27 12.5 0.367265 4.590816 0.077075 0.963413
100.078 14 NAVIGATION 16 4 616.21875 11.5 0. 619.272522 82 61 0 0 0 0
100.078 14 ESTIMATOR 216.774902 -0.37
100.177 14 AIRSPEED 13.3 0. 0. 0.
100.178 14 ATTITUDE 0.17307 4.462625 0.015424
100.227 14 DESIRED 0.117449 0.014841 0. 554.182556 14.926956 215. -0.055048 13.
100.261 14 NAVIGATION 16 4 616.21875 11.5 0. 616.32605 83 62 1 0 0 0
100.277 14 FBW_STATUS 2 0 1 12.5 0.372989
100.278 14 GPS 3 36089799 481360680 2625 216831 1254 -41 0 10487960 31 0
100.360 14 COMMANDS 2736,-410,-10,0
100.377 14 GPS_SOL 301 301 301 7
100.478 14 DL_VALUE 13 1.
100.478 14 WP_MOVED 1 360284. 4813595. 260. 31
100.511 14 NAVIGATION 16 4 613.25 11. 0. 613.348633 83 62 1 0 0 0
100.526 14 GPS 3 36089448 481360646 2650 216786 1258 -56 0 10488240 31 0
100.577 14 COMMANDS 2795,-375,-28,0
100.577 14 IR_SENSORS 0 0 27 21 263
100.577 14 ESTIMATOR 216.66124 -0.56
100.677 14 STATE_FILTER_STATUS 2 3 309
100.677 14 SEGMENT 598.826965 11.351797 28.799999 57.
100.677 14 ATTITUDE 0.13495 4.542076 0.015037
100.761 14 NAVIGATION 16 4 609.71875 11. 0. 609.817993 83 62 1 0 0 0
100.778 14 GPS 3 36089146 481360626 2661 216756 1261 -37 0 10488480 31 0
100.779 14 SVINFO 6 13 1 6 31 28 6
100.877 14 PPRZ_MODE 2 3 2 1 0 6
100.978 14 ALIVE 101,248,228,24,166,140,12,35,201,240,56,234,1,216,147,12
100.978 14 WP_MOVED 2 360333.5 4813695. 260. 31
101.011 14 NAVIGATION 16 4 606.6875 11. 0. 606.787231 83 62 1 0 0 0
101.027 14 GPS 3 36088843 481360613 2675 216732 1264 -34 0 10488720 31 0
101.077 14 NAVIGATION 16 4 603.6875 10.5 0. 606.787231 83 62 1 0 0 0
101.078 14 ESTIMATOR 216.551483 -0.34
101.177 14 ENERGY 30 12.5 0.403766 5.04708 0.077783 0.972269
101.177 14 AIRSPEED 13.3 0. 0. 0.
101.177 14 ATTITUDE 0.09691 4.586781 0.010902
101.260 14 NAVIGATION 16 4 603.6875 10.5 0. 603.778809 84 63 2 0 0 0
101.276 14 DESIRED 0.064669 0.007373 0. 538.931702 16.148254 215. -0.046544 13.
101.277 14 GPS 3 36088539 481360606 2686 216715 1267 -26 0 10488960 31 0
101.461 14 FBW_STATUS 2 0 1 12.5 0.409261
101.477 14 WP_MOVED 3 360294.09375 4813785. 260. 31
101.511 14 NAVIGATION 16 4 600.65625 10.5 0. 600.748047 84 63 2 0 0 0
101.527 14 GPS 3 36088183 481360604 2700 216702 1271 -9 0 10489240 31 0
101.577 14 ESTIMATOR 216.526154 -0.09
101.677 14 CALIBRATION -29.607689 0
101.678 14 ATTITUDE 0.070407 4.632103 0.010902
101.761 14 NAVIGATION 16 4 597.09375 10.5 0. 597.186035 84 63 2 0 0 0
101.778 14 IR_SENSORS 0 0 26 1 264
101.778 14 GPS 3 36087878 481360608 2706 216696 1272 -15 0 10489480 31 0
101.877 14 SEGMENT 598.826965 11.351797 28.799999 57.
101.977 14 DL_VALUE 14 0.
101.977 14 WP_MOVED 4 360416.3125 4813734. 260. 31
102.011 14 NAVIGATION 16 4 594.0625 10.5 0. 594.155273 84 63 2 0 0 0
102.027 14 GPS 3 36087572 481360615 2713 216692 1274 -4 0 10489720 31 0
102.077 14 NAVIGATION 16 4 590.96875 10.5 0. 594.155273 84 63 2 0 0 0
102.077 14 ESTIMATOR 216.560898 -0.04
102.177 14 AIRSPEED 13.3 0. 0. 0.
102.178 14 ATTITUDE 0.055256 4.655542 0.010902
102.261 14 NAVIGATION 16 4 590.96875 10.5 0. 591.062012 85 64 3 0 0 0
102.277 14 FBW_STATUS 2 0 1 12.5 0.410637
102.278 14 ENERGY 30 12.5 0.410637 5.132964 0.078534 0.981649
102.278 14 GPS 3 36087266 481360625 2719 216689 1275 -3 0 10489960 31 0
102.278 14 SVINFO 5 12 1 5 31 1 316
102.328 14 DESIRED 0.040538 0.00302 0. 526.294006 17.160292 215. -0.046827 13.
102.378 14 NAVIGATION_REF 360284 4813595 31 185.
102.378 14 GPS_SOL 300 300 300 7
102.477 14 WP_MOVED 5 360421. 4813583.5 260. 31
102.511 14 NAVIGATION 16 4 587.875 11. 0. 587.977905 85 64 3 0 0 0
102.528 14 GPS 3 36086909 481360641 2727 216687 1277 2 0 10490240 31 0
102.577 14 ESTIMATOR 216.606674 0.02
102.678 14 ATTITUDE 0.043895 4.680295 0.007149
102.761 14 NAVIGATION 16 4 584.34375 11. 0. 584.447266 85 64 3 0 0 0
102.777 14 DATALINK_REPORT 6 14 2936 533 0 0
102.777 14 GPS 3 36086603 481360658 2730 216684 1277 -12 0 10490480 31 0
102.977 14 IR_SENSORS 0 0 25 -6 264
102.977 14 WP_MOVED 6 360164.8125 4813664.5 260. 31
103.010 14 NAVIGATION 16 4 581.28125 11. 0. 581.385315 85 64 3 0 0 0
103.028 14 GPS 3 36086296 481360676 2734 216680 1278 -13 0 10490720 31 0
103.077 14 SEGMENT 598.826965 11.351797 28.799999 57.
103.078 14 NAVIGATION 16 4 578.21875 11. 0. 581.385315 85 64 3 0 0 0
103.078 14 ESTIMATOR 216.620758 -0.13
103.178 14 AIRSPEED 13.3 0. 0. 0.
103.178 14 ATTITUDE 0.036323 4.694398 0.003393
103.261 14 NAVIGATION 16 4 578.21875 11. 0. 578.323364 86 65 4 0 0 0
103.277 14 GPS 3 36085990 481360697 2738 216674 1279 -16 0 10490960 31 0
103.377 14 ENERGY 30 12.5 0.414082 5.176023 0.079286 0.991057
103.378 14 DESIRED 0.025716 0.000958 0. 513.58551 18.178001 215. -0.048623 13.
103.461 14 FBW_STATUS 2 0 1 12.5 0.415116
103.477 14 DL_VALUE 15 0.
103.477 14 WP_MOVED 7 360558.40625 4813804.5 260. 31
103.511 14 NAVIGATION 16 4 575.15625 11.5 0. 575.27124 86 65 4 0 0 0
103.527 14 GPS 3 36085632 481360724 2743 216665 1281 -20 0 10491240 31 0
103.577 14 ESTIMATOR 216.594635 -0.2
103.677 14 ATTITUDE 0.028754 4.709967 0.003393
103.761 14 NAVIGATION 16 4 571.5625 12. 0. 571.688477 86 65 4 0 0 0
103.778 14 CALIBRATION -36.405869 0
103.778 14 GPS 3 36085325 481360748 2745 216656 1282 -14 0 10491480 31 0
103.977 14 WP_MOVED 8 360882.8125 4813606.5 215. 31
104.010 14 NAVIGATION 16 4 568.5 12. 0. 568.626648 86 65 4 0 0 0
104.027 14 GPS 3 36085018 481360774 2748 216645 1284 -1 0 10491720 31 0
104.078 14 NAVIGATION 16 4 565.40625 12. 0. 568.626648 86 65 4 0 0 0
104.079 14 ESTIMATOR 216.565689 -0.01
104.177 14 IR_SENSORS 0 0 23 -11 264
104.177 14 AIRSPEED 13.3 0. 0. 0.
104.177 14 ATTITUDE 0.021189 4.719084 -0.000365
104.261 14 NAVIGATION 16 4 565.40625 12. 0. 565.533569 87 66 5 0 0 0
104.277 14 FBW_STATUS 2 0 1 12.5 0.418742
104.278 14 SEGMENT 598.826965 11.351797 28.799999 57.
104.278 14 GPS 3 36084711 481360801 2750 216634 1285 -16 0 10491960 31 0
104.279 14 SVINFO 6 13 1 6 32 34 8
104.378 14 GPS_SOL 300 300 300 7
104.428 14 DESIRED 0.013826 -0.000535 0. 500.775055 19.203871 215. -0.046971 13.
104.477 14 ENERGY 31 12.5 0.422547 5.281842 0.080054 1.000657
104.477 14 WP_MOVED 9 360312.8125 4813652. 185. 31
104.510 14 NAVIGATION 16 4 558.78125 13. 0. 558.932495 87 66 5 0 0 0
104.527 14 GPS 3 36084352 481360835 2753 216620 1287 -14 0 10492240 31 0
104.577 14 ESTIMATOR 216.5616 -0.14
104.677 14 ATTITUDE 0.013629 4.72842 -0.000365
104.761 14 NAVIGATION 16 4 555.6875 13. 0. 555.839539 87 66 5 0 0 0
104.777 14 GPS 3 36084044 481360864 2754 216608 1288 -11 0 10492480 31 0
104.976 14 DL_VALUE 16 80.
104.977 14 WP_MOVED 10 360889.21875 4813686. 215. 31
105.010 14 NAVIGATION 16 4 552.625 13.5 0. 552.789856 87 66 5 0 0 0
105.027 14 GPS 3 36083736 481360894 2755 216597 1290 -24 0 10492720 31 0
105.078 14 NAVIGATION 16 4 552.625 13.5 0. 552.789856 87 66 5 0 0 0
105.078 14 ESTIMATOR 216.539795 -0.24
105.177 14 AIRSPEED 13.3 0. 0. 0.
105.177 14 ATTITUDE 0.006075 4.732285 -0.000365
105.261 14 NAVIGATION 16 4 549.53125 14. 0. 549.709534 88 67 6 0 0 0
105.277 14 GPS 3 36083427 481360924 2756 216586 1291 -38 0 10492960 31 0
105.360 14 COMMANDS 3087,-9,-19,0
105.378 14 IR_SENSORS 0 0 23 -16 264
105.461 14 FBW_STATUS 2 0 1 12.5 0.439763
105.476 14 SEGMENT 598.826965 11.351797 28.799999 57.
105.477 14 DESIRED 0.001053 -0.002021 0. 484.842072 20.479797 215. -0.045213 13.
105.477 14 WP_MOVED 11 360169.5 4813757.5 260. 31
105.511 14 NAVIGATION 16 4 545.9375 14. 0. 546.117004 88 67 6 0 0 0
105.527 14 GPS 3 36083067 481360960 2756 216574 1294 -22 0 10493240 31 0
105.528 14 SVINFO 4 11 1 4 31 8 268
105.577 14 COMMANDS 3108,5,-18,0
105.578 14 ENERGY 32 12.5 0.440637 5.507958 0.080842 1.010498
105.578 14 ESTIMATOR 216.453705 -0.22
105.677 14 STATE_FILTER_STATUS 2 3 303
105.677 14 ATTITUDE 0.0023 4.734072 -0.000365
105.761 14 NAVIGATION 16 4 542.8125 14.5 0. 543.006104 88 67 6 0 0 0
105.777 14 GPS 3 36082757 481360990 2756 216565 1295 -44 0 10493480 31 0
105.878 14 PPRZ_MODE 2 3 2 1 0 6
105.878 14 CALIBRATION -54.840931 0
105.977 14 ALIVE 101,248,228,24,166,140,12,35,201,240,56,234,1,216,147,12
105.977 14 WP_MOVED 12 360287.59375 4813581. 260. 31
106.011 14 NAVIGATION 16 4 539.71875 14.5 0. 539.913513 88 67 6 0 0 0
106.027 14 GPS 3 36082447 481361021 2756 216558 1298 -26 0 10493720 31 0
106.078 14 NAVIGATION 16 4 539.71875 14.5 0. 539.913513 88 67 6 0 0 0
106.078 14 ESTIMATOR 216.389648 -0.26
106.177 14 AIRSPEED 13.3 0. 0. 0.
106.178 14 ATTITUDE 0.0023 4.734639 -0.004125
106.260 14 NAVIGATION 16 4 539.71875 14.5 0. 539.913513 89 68 7 0 0 0
106.277 14 FBW_STATUS 2 0 1 12.5 0.45889
106.278 14 GPS 3 36082085 481361057 2756 216552 1301 -29 0 10494000 31 0
106.376 14 GPS_SOL 301 301 301 7
106.476 14 DL_VALUE 17 0.
106.477 14 WP_MOVED 13 360311.5 4813547. 260. 31
106.510 14 NAVIGATION 16 4 536.09375 15. 0. 536.303528 89 68 7 0 0 0
106.528 14 DESIRED 0.001275 -0.001835 0. 471.410614 21.555397 215. -0.041492 13.
106.528 14 GPS 3 36081773 481361088 2756 216550 1304 -16 0 10494240 31 0
106.577 14 IR_SENSORS 0 0 22 -16 264
106.577 14 ESTIMATOR 216.372101 -0.16
106.677 14 SEGMENT 598.826965 11.351797 28.799999 57.
106.677 14 ENERGY 33 12.5 0.464539 5.806741 0.081676 1.020922
106.678 14 ATTITUDE 0.0023 4.735453 -0.004125
106.761 14 NAVIGATION 16 4 532.96875 15.5 0. 533.194092 89 68 7 0 0 0
106.777 14 GPS 3 36081461 481361119 2756 216551 1306 -27 0 10494480 31 0
106.779 14 WIND_INFO 14 5 -0.1 1. 0. 13.1
106.977 14 WP_MOVED 14 360300.6875 4813575.5 260. 31
107.011 14 NAVIGATION 16 4 529.84375 15.5 0. 530.070435 89 68 7 0 0 0
107.026 14 GPS 3 36081149 481361150 2757 216555 1308 -33 0 10494720 31 0
107.026 14 SVINFO 3 10 0 3 31 44 219
107.077 14 NAVIGATION 16 4 526.71875 16. 0. 530.070435 89 68 7 0 0 0
107.077 14 ESTIMATOR 216.381012 -0.33
107.178 14 AIRSPEED 13.1 0. 0. 0.
107.179 14 ATTITUDE 0.0023 4.735877 -0.000365
107.261 14 NAVIGATION 16 4 526.71875 16. 0. 526.961731 90 69 8 0 0 0
107.277 14 GPS 3 36080836 481361182 2757 216562 1310 -35 0 10494960 31 0
107.378 14 AUTOPILOT_VERSION 51500 v5.15_devel-179-g9a29798-dirty
107.461 14 FBW_STATUS 2 0 1 12.5 0.485324
107.479 14 WP_MOVED 15 360297.6875 4813554.5 260. 31
107.511 14 NAVIGATION 16 4 523.625 16.5 0. 523.884888 90 69 8 0 0 0
107.528 14 GPS 3 36080470 481361219 2757 216575 1314 -26 0 10495240 31 0
107.528 14 SVINFO 5 12 0 5 32 4 319
107.577 14 DESIRED -0.003705 -0.00181 0. 458.901978 22.5571 215. -0.040986 13.
107.578 14 ESTIMATOR 216.354858 -0.26
107.677 14 ATTITUDE 0.0023 4.737 -0.000365
107.760 14 NAVIGATION 16 4 519.96875 16.5 0. 520.230469 90 69 8 0 0 0
107.778 14 IR_SENSORS 0 0 23 -17 264
107.779 14 ENERGY 35 12.5 0.490687 6.133583 0.082552 1.031878
107.779 14 GPS 3 36080156 481361250 2757 216590 1315 -10 0 10495480 31 0
107.878 14 DATALINK_REPORT 1 15 3059 540 0 0
107.878 14 SEGMENT 598.826965 11.351797 28.799999 57.
107.976 14 CALIBRATION -82.867805 0
107.976 14 DL_VALUE 18 1.
107.977 14 WP_MOVED 16 360683.46875 4813622.5 215. 31
108.010 14 NAVIGATION 16 4 516.8125 17. 0. 517.092041 90 69 8 0 0 0
108.027 14 GPS 3 36079841 481361282 2757 216609 1317 -4 0 10495720 31 0
108.078 14 NAVIGATION 16 4 513.65625 17.5 0. 517.092041 90 69 8 0 0 0
108.079 14 ESTIMATOR 216.410599 -0.04
108.177 14 AIRSPEED 13.1 0. 0. 0.
108.178 14 ATTITUDE -0.001473 4.736951 -0.004125
108.261 14 NAVIGATION 16 4 513.65625 17.5 0. 513.954285 91 70 9 0 0 0
108.277 14 FBW_STATUS 2 0 1 12.5 0.489255
108.277 14 GPS 3 36079526 481361314 2757 216630 1319 -6 0 10495960 31 0
108.378 14 GPS_SOL 304 304 304 7
108.477 14 WP_MOVED 17 360654.59375 4813624.5 215. 31
108.511 14 NAVIGATION 16 4 510.53125 17.5 0. 510.831085 91 70 9 0 0 0
108.527 14 GPS 3 36079158 481361350 2756 216657 1320 4 0 10496240 31 0
108.577 14 ESTIMATOR 216.499146 0.04
108.628 14 DESIRED -0.002977 -0.002036 0. 445.812073 23.605347 215. -0.043786 13.
108.677 14 ATTITUDE -0.001473 4.736228 -0.004125
108.761 14 NAVIGATION 16 4 506.84375 18. 0. 507.163269 91 70 9 0 0 0
108.777 14 GPS 3 36078843 481361382 2756 216681 1321 7 0 10496480 31 0
108.877 14 ENERGY 34 12.5 0.484432 6.0554 0.083448 1.043074
108.977 14 IR_SENSORS 0 0 23 -18 264
108.977 14 WP_MOVED 18 360289. 4813605. 220. 31
109.010 14 NAVIGATION 16 4 503.6875 18.5 0. 504.02713 91 70 9 0 0 0
109.027 14 GPS 3 36078527 481361413 2756 216708 1321 2 0 10496720 31 0
109.077 14 SEGMENT 598.826965 11.351797 28.799999 57.
109.077 14 NAVIGATION 16 4 500.53125 18.5 0. 504.02713 91 70 9 0 0 0
109.077 14 ESTIMATOR 216.606049 0.02
109.178 14 AIRSPEED 13.1 0. 0. 0.
109.179 14 ATTITUDE -0.005245 4.734918 -0.000365
109.261 14 NAVIGATION 16 4 500.53125 18.5 0. 500.873016 92 71 10 0 0 0
109.277 14 GPS 3 36078211 481361444 2755 216735 1321 6 0 10496960 31 0
109.460 14 FBW_STATUS 2 0 1 12.5 0.478729
109.477 14 DL_VALUE 19 0.
109.477 14 WP_MOVED 19 360289. 4813610. 500. 31
109.510 14 NAVIGATION 16 4 497.375 19. 0. 497.737762 92 71 10 0 0 0
109.527 14 GPS 3 36077843 481361479 2754 216766 1320 10 0 10497240 31 0
109.527 14 SVINFO 6 13 0 6 33 43 11
109.577 14 ESTIMATOR 216.685684 0.1
109.677 14 DESIRED -0.005409 -0.002311 0. 432.6203 24.661755 215. -0.049287 13.
109.678 14 ATTITUDE -0.001473 4.732624 -0.004125
109.762 14 NAVIGATION 16 4 493.6875 19. 0. 494.052979 92 71 10 0 0 0
109.778 14 GPS 3 36077528 481361509 2754 216793 1320 0 0 10497480 31 0
109.977 14 ENERGY 34 12.5 0.474107 5.926338 0.084326 1.054049
109.977 14 WP_MOVED 20 360289. 4813620. 300. 31
110.010 14 NAVIGATION 16 4 490.53125 19.5 0. 490.918701 92 71 10 0 0 0
110.054 14 GPS 3 36077212 481361539 2754 216819 1319 11 0 10497720 31 0
110.077 14 CALIBRATION -73.766624 0
110.078 14 NAVIGATION 16 4 487.375 20. 0. 490.918701 92 71 10 0 0 0
110.078 14 ESTIMATOR 216.754227 0.11
110.177 14 IR_SENSORS 0 0 23 -17 264
110.177 14 AIRSPEED 13.1 0. 0. 0.
110.178 14 ATTITUDE -0.001473 4.730937 -0.000365
110.261 14 NAVIGATION 16 4 487.375 20. 0. 487.785187 93 72 11 0 0 0
110.277 14 FBW_STATUS 2 0 1 12.5 0.468255
110.277 14 SEGMENT 598.826965 11.351797 28.799999 57.
110.278 14 GPS 3 36076897 481361569 2753 216844 1318 23 0 10497960 31 0
110.278 14 SVINFO 2 9 1 2 31 78 171
110.361 14 COMMANDS 3239,-29,-25,0
110.378 14 GPS_SOL 308 308 308 7
110.477 14 WP_MOVED 21 360289. 4813625. 400. 31
110.510 14 NAVIGATION 16 4 484.21875 20. 0. 484.631622 93 72 11 0 0 0
110.527 14 GPS 3 36076530 481361603 2752 216873 1316 13 0 10498240 31 0
110.577 14 COMMANDS 3217,-8,18,0
110.577 14 ESTIMATOR 216.859787 0.13
110.677 14 STATE_FILTER_STATUS 2 3 303
110.678 14 ATTITUDE -0.001473 4.728664 -0.004125
110.727 14 DESIRED -0.002553 -0.00215 0. 419.468323 25.714977 215. -0.053932 13.
110.762 14 NAVIGATION 16 4 480.53125 20.5 0. 480.968323 93 72 11 0 0 0
110.778 14 GPS 3 36076215 481361632 2752 216895 1315 -7 0 10498480 31 0
110.778 14 SVINFO 4 11 0 4 32 3 271
110.877 14 PPRZ_MODE 2 3 2 1 0 6
110.976 14 ALIVE 101,248,228,24,166,140,12,35,201,240,56,234,1,216,147,12
110.977 14 DL_VALUE 20 0.
110.977 14 WP_MOVED 22 360289. 4813645. 250. 31
111.010 14 NAVIGATION 16 4 477.40625 21. 0. 477.86792 93 72 11 0 0 0
111.027 14 GPS 3 36075901 481361660 2752 216916 1314 -7 0 10498720 31 0
111.028 14 SVINFO 5 12 1 5 33 7 321
111.078 14 ENERGY 33 12.5 0.459419 5.742738 0.085175 1.064669
111.078 14 NAVIGATION 16 4 474.25 21. 0. 477.86792 93 72 11 0 0 0
111.079 14 ESTIMATOR 216.885895 -0.07
111.176 14 AIRSPEED 13.1 0. 0. 0.
111.177 14 ATTITUDE -0.001473 4.727204 -0.004125
111.260 14 NAVIGATION 16 4 474.25 21. 0. 474.714722 94 73 12 0 0 0
111.277 14 GPS 3 36075587 481361689 2751 216935 1313 9 0 10498960 31 0
111.279 14 SVINFO 6 13 1 6 34 46 12
111.378 14 NAVIGATION_REF 360284 4813595 31 185.
111.378 14 IR_SENSORS 0 0 22 -17 264
111.460 14 FBW_STATUS 2 0 1 12.5 0.455015
111.477 14 SEGMENT 598.826965 11.351797 28.799999 57.
111.477 14 WP_MOVED 0 360326. 4813637. 260. 31
111.511 14 NAVIGATION 16 4 471.125 21.5 0. 471.615326 94 73 12 0 0 0
111.527 14 GPS 3 36075221 481361722 2751 216955 1312 -6 0 10499240 31 0
111.578 14 ESTIMATOR 216.92009 -0.06
111.677 14 ATTITUDE -0.001473 4.725515 -0.004125
111.761 14 NAVIGATION 16 4 467.4375 22. 0. 467.954926 94 73 12 0 0 0
111.778 14 DESIRED -0.006135 -0.002334 0. 402.634888 27.063011 215. -0.057603 13.
111.778 14 GPS 3 36074908 481361749 2750 216971 1311 13 0 10499480 31 0
111.977 14 WP_MOVED 1 360284. 4813595. 260. 31
112.011 14 NAVIGATION 16 4 464.34375 22. 0. 464.864624 94 73 12 0 0 0
112.027 14 GPS 3 36074594 481361777 2750 216986 1310 15 0 10499720 31 0
112.078 14 NAVIGATION 16 4 461.15625 22.5 0. 464.864624 94 73 12 0 0 0
112.078 14 ESTIMATOR 216.962616 0.15
112.177 14 CALIBRATION -58.314606 0
112.177 14 ENERGY 32 12.5 0.446411 5.580136 0.086009 1.075087
112.178 14 AIRSPEED 13.1 0. 0. 0.
112.178 14 ATTITUDE -0.005245 4.723904 -0.000365
112.260 14 NAVIGATION 16 4 461.15625 22.5 0. 461.704834 95 74 13 0 0 0
112.277 14 FBW_STATUS 2 0 1 12.5 0.444309
112.278 14 GPS 3 36074281 481361804 2749 216999 1309 20 0 10499960 31 0
112.278 14 SVINFO 3 10 1 3 32 34 222
112.378 14 GPS_SOL 313 313 313 7
112.477 14 DL_VALUE 21 0.
112.478 14 WP_MOVED 2 360333.5 4813695. 260. 31
112.510 14 NAVIGATION 16 4 458.0625 22.5 0. 458.614777 95 74 13 0 0 0
112.526 14 GPS 3 36073916 481361835 2748 217013 1307 12 0 10500240 31 0
112.578 14 IR_SENSORS 0 0 23 -18 264
112.578 14 ESTIMATOR 217.040375 0.12
112.678 14 SEGMENT 598.826965 11.351797 28.799999 57.
112.679 14 ATTITUDE -0.005245 4.720395 -0.000365
112.761 14 NAVIGATION 16 4 454.40625 22.5 0. 454.962952 95 74 13 0 0 0
112.777 14 GPS 3 36073604 481361862 2747 217023 1306 3 0 10500480 31 0
112.827 14 DESIRED 0.001083 -0.002514 0. 389.646851 28.103102 215. -0.061211 13.
112.977 14 DATALINK_REPORT 6 15 3185 537 0 0
112.977 14 WP_MOVED 3 360294.09375 4813785. 260. 31
113.010 14 NAVIGATION 16 4 451.28125 23. 0. 451.866974 95 74 13 0 0 0
113.026 14 GPS 3 36073291 481361887 2747 217031 1305 -2 0 10500720 31 0
113.077 14 NAVIGATION 16 4 448.15625 23.5 0. 451.866974 95 74 13 0 0 0
113.078 14 ESTIMATOR 217.056793 -0.02
113.177 14 AIRSPEED 13.1 0. 0. 0.
113.177 14 ATTITUDE -0.005245 4.717791 -0.000365
113.261 14 NAVIGATION 16 4 448.15625 23.5 0. 448.771973 96 75 14 0 0 0
113.277 14 ENERGY 32 12.5 0.432963 5.412042 0.08681 1.085104
113.278 14 GPS 3 36072980 481361912 2746 217037 1303 -14 0 10500960 31 0
113.461 14 FBW_STATUS 2 0 1 12.5 0.43575
113.477 14 WP_MOVED 4 360416.3125 4813734. 260. 31
113.510 14 NAVIGATION 16 4 445.0625 23.5 0. 445.682495 96 75 14 0 0 0
113.527 14 GPS 3 36072616 481361942 2745 217042 1302 -27 0 10501240 31 0
113.528 14 SVINFO 1 8 1 1 31 89 123
113.578 14 ESTIMATOR 217.020447 -0.27
113.678 14 ATTITUDE -0.001473 4.714948 -0.004125
113.760 14 NAVIGATION 16 4 441.40625 24. 0. 442.058228 96 75 14 0 0 0
113.778 14 IR_SENSORS 0 0 22 -17 264
113.779 14 GPS 3 36072304 481361966 2745 217044 1302 -9 0 10501480 31 0
113.878 14 SEGMENT 598.826965 11.351797 28.799999 57.
113.879 14 DESIRED 1.1e-05 -0.002791 0. 376.610321 29.147078 215. -0.060613 13.
113.976 14 DL_VALUE 22 0.
113.976 14 WP_MOVED 5 360421. 4813583.5 260. 31
114.010 14 NAVIGATION 16 4 438.28125 24. 0. 438.937866 96 75 14 0 0 0
114.026 14 GPS 3 36071993 481361991 2745 217046 1302 -15 0 10501720 31 0
114.077 14 NAVIGATION 16 4 435.15625 24.5 0. 438.937866 96 75 14 0 0 0
114.078 14 ESTIMATOR 216.977524 -0.15
114.177 14 AIRSPEED 13.1 0. 0. 0.
114.177 14 ATTITUDE 0.0023 4.714398 -0.000365
114.261 14 NAVIGATION 16 4 435.15625 24.5 0. 435.845398 97 76 15 0 0 0
114.277 14 CALIBRATION -54.812241 0
114.277 14 FBW_STATUS 2 0 1 12.5 0.444309
114.278 14 GPS 3 36071681 481362015 2745 217048 1302 4 0 10501960 31 0
114.278 14 SVINFO 4 11 1 4 33 1 273
114.378 14 GPS_SOL 319 319 319 7
114.378 14 ENERGY 32 12.5 0.440986 5.512327 0.087617 1.095188
114.477 14 WP_MOVED 6 360164.8125 4813664.5 260. 31
114.510 14 NAVIGATION 16 4 432.0625 24.5 0. 432.756561 97 76 15 0 0 0
114.527 14 GPS 3 36071317 481362044 2745 217050 1303 24 0 10502240 31 0
114.528 14 SVINFO 5 12 1 5 34 11 323
114.577 14 ESTIMATOR 216.996323 0.24
114.678 14 ATTITUDE 0.0023 4.714417 -0.004125
114.761 14 NAVIGATION 16 4 428.40625 25. 0. 429.135071 97 76 15 0 0 0
114.778 14 GPS 3 36071006 481362069 2745 217052 1302 12 0 10502480 31 0
114.778 14 SVINFO 6 13 1 6 35 53 14
114.946 14 DESIRED 0.000785 -0.002755 0. 363.613586 30.187866 215. -0.05989 13.
114.977 14 IR_SENSORS 0 0 23 -16 264
114.977 14 WP_MOVED 7 360558.40625 4813804.5 260. 31
115.010 14 NAVIGATION 16 4 425.34375 25.5 0. 426.107452 97 76 15 0 0 0
115.026 14 GPS 3 36070694 481362094 2745 217054 1301 19 0 10502720 31 0
115.027 14 SVINFO 0 7 0 0 31 65 74
115.077 14 SEGMENT 598.826965 11.351797 28.799999 57.
115.078 14 NAVIGATION 16 4 422.21875 25.5 0. 426.107452 97 76 15 0 0 0
115.078 14 ESTIMATOR 217.077179 0.19
115.177 14 AIRSPEED 13.1 0. 0. 0.
115.177 14 ATTITUDE 0.0023 4.714505 -0.000365
115.261 14 NAVIGATION 16 4 422.21875 25.5 0. 422.988098 98 77 16 0 0 0
115.278 14 GPS 3 36070383 481362118 2745 217054 1300 11 0 10502960 31 0
115.362 14 COMMANDS 2989,-12,14,0
115.461 14 FBW_STATUS 2 0 1 12.5 0.418915
115.478 14 DL_VALUE 23 0.
115.479 14 ENERGY 31 12.5 0.418915 5.236435 0.088403 1.105021
115.479 14 WP_MOVED 8 360882.8125 4813606.5 215. 31
115.510 14 NAVIGATION 16 4 419.09375 25.5 0. 419.868835 98 77 16 0 0 0
115.527 14 GPS 3 36070020 481362147 2745 217053 1298 36 0 10503240 31 0
115.528 14 SVINFO 2 9 1 2 32 72 174
115.577 14 COMMANDS 2940,31,13,0
115.578 14 ESTIMATOR 217.11319 0.36
115.677 14 STATE_FILTER_STATUS 2 3 303
115.677 14 ATTITUDE 0.0023 4.714359 -0.000365
115.760 14 NAVIGATION 16 4 415.4375 26. 0. 416.250305 98 77 16 0 0 0
115.779 14 GPS 3 36069710 481362172 2745 217050 1297 48 0 10503480 31 0
115.779 14 SVINFO 3 10 0 3 33 28 224
115.878 14 PPRZ_MODE 2 3 2 1 0 6
115.978 14 ALIVE 101,248,228,24,166,140,12,35,201,240,56,234,1,216,147,12
115.978 14 DESIRED 0.000932 -0.00293 0. 350.647919 31.226168 215. -0.063396 13.
115.978 14 WP_MOVED 9 360312.8125 4813652. 185. 31
116.010 14 NAVIGATION 16 4 412.375 26.5 0. 413.225586 98 77 16 0 0 0
116.027 14 GPS 3 36069400 481362196 2745 217045 1294 36 0 10503720 31 0
116.078 14 NAVIGATION 16 4 409.25 26.5 0. 413.225586 98 77 16 0 0 0
116.078 14 ESTIMATOR 217.222443 0.36
116.178 14 IR_SENSORS 0 0 22 -16 264
116.178 14 AIRSPEED 13.1 0. 0. 0.
116.178 14 ATTITUDE 0.0023 4.71404 -0.004125
116.260 14 NAVIGATION 16 4 409.25 26.5 0. 410.107086 99 78 17 0 0 0
116.277 14 FBW_STATUS 2 0 1 12.5 0.383473
116.278 14 SEGMENT 598.826965 11.351797 28.799999 57.
116.279 14 GPS 3 36069091 481362221 2745 217037 1291 30 0 10503960 31 0
116.377 14 CALIBRATION -16.05162 0
116.378 14 GPS_SOL 327 327 327 7
116.477 14 WP_MOVED 10 360889.21875 4813686. 215. 31
116.511 14 NAVIGATION 16 4 406.15625 26.5 0. 407.019836 99 78 17 0 0 0
116.527 14 GPS 3 36068732 481362249 2745 217022 1286 0 0 10504240 31 0
116.578 14 ENERGY 28 12.5 0.379408 4.742596 0.089127 1.114061
116.578 14 ESTIMATOR 217.240936 0.
116.678 14 ATTITUDE 0.0023 4.71342 -0.004125
116.761 14 NAVIGATION 16 4 402.5625 27. 0. 403.466919 99 78 17 0 0 0
116.777 14 GPS 3 36068424 481362273 2745 217005 1284 0 0 10504480 31 0
116.781 14 WIND_INFO 14 5 -0.1 1. 0. 13.1
116.976 14 DL_VALUE 24 0.
116.977 14 WP_MOVED 11 360169.5 4813757.5 260. 31
117.010 14 NAVIGATION 16 4 399.5 27. 0. 400.411346 99 78 17 0 0 0
117.026 14 DESIRED 0.003094 -0.003031 0. 334.732391 32.500694 215. -0.065409 13.
117.026 14 GPS 3 36068118 481362297 2745 216984 1282 7 0 10504720 31 0
117.027 14 SVINFO 1 8 0 1 32 89 125
117.077 14 NAVIGATION 16 4 396.4375 27.5 0. 400.411346 99 78 17 0 0 0
117.078 14 ESTIMATOR 217.129868 0.07
117.176 14 AIRSPEED 13.1 0. 0. 0.
117.177 14 ATTITUDE 0.0023 4.713078 -0.000365
117.260 14 NAVIGATION 16 4 396.4375 27.5 0. 397.390167 100 79 18 0 0 0
117.277 14 GPS 3 36067811 481362322 2745 216960 1280 -2 0 10504960 31 0
117.377 14 IR_SENSORS 0 0 23 -16 264
117.471 14 FBW_STATUS 2 0 1 12.5 0.359718
117.477 14 SEGMENT 598.826965 11.351797 28.799999 57.
117.477 14 WP_MOVED 12 360287.59375 4813581. 260. 31
117.510 14 NAVIGATION 16 4 393.375 28. 0. 394.370239 100 79 18 0 0 0
117.527 14 GPS 3 36067455 481362350 2745 216927 1276 -17 0 10505240 31 0
117.578 14 ESTIMATOR 217.051254 -0.17
117.678 14 ENERGY 26 12.5 0.347545 4.344315 0.089804 1.122528
117.679 14 ATTITUDE 0.0023 4.713232 -0.004125
117.760 14 NAVIGATION 16 4 389.8125 28. 0. 390.816803 100 79 18 0 0 0
117.776 14 GPS 3 36067150 481362374 2745 216895 1274 -30 0 10505480 31 0
117.777 14 SVINFO 4 11 1 4 34 0 275
117.978 14 WP_MOVED 13 360311.5 4813547. 260. 31
118.010 14 NAVIGATION 16 4 386.78125 28. 0. 387.793427 100 79 18 0 0 0
118.027 14 GPS 3 36066846 481362399 2745 216858 1270 -33 0 10505720 31 0
118.027 14 SVINFO 5 12 1 5 35 16 325
118.077 14 DATALINK_REPORT 1 16 3313 547 0 0
118.077 14 DESIRED 0.00284 -0.014942 0. 322.015137 33.519104 215. -0.303637 13.
118.077 14 NAVIGATION 16 4 383.71875 28.5 0. 387.793427 100 79 18 0 0 0
118.078 14 ESTIMATOR 216.892578 -0.33
118.177 14 AIRSPEED 13.1 0. 0. 0.
118.177 14 ATTITUDE 0.0023 4.713333 -0.004125
118.260 14 NAVIGATION 16 4 383.71875 28.5 0. 384.775696 101 80 19 0 0 0
118.279 14 FBW_STATUS 2 0 1 12.5 0.323788
118.279 14 GPS 3 36066543 481362423 2745 216816 1266 -40 0 10505960 31 0
118.280 14 SVINFO 6 13 1 6 36 59 16
118.377 14 GPS_SOL 335 335 335 7
118.477 14 AUTOPILOT_VERSION 51500 v5.15_devel-179-g9a29798-dirty
118.477 14 CALIBRATION -9.317603 0
118.477 14 DL_VALUE 25 0.
118.477 14 WP_MOVED 14 360300.6875 4813575.5 260. 31
118.510 14 NAVIGATION 16 4 380.6875 29. 0. 381.790466 101 80 19 0 0 0
118.527 14 GPS 3 36066191 481362451 2745 216756 1260 -32 0 10506240 31 0
118.577 14 IR_SENSORS 0 0 22 -16 264
118.577 14 ESTIMATOR 216.723022 -0.32
118.678 14 SEGMENT 598.826965 11.351797 28.799999 57.
118.678 14 ATTITUDE 0.0023 4.712891 -0.007888
118.760 14 NAVIGATION 16 4 377.15625 29. 0. 378.269531 101 80 19 0 0 0
118.778 14 ENERGY 22 12.5 0.298122 3.72653 0.090392 1.129882
118.778 14 GPS 3 36065890 481362475 2745 216696 1257 -40 0 10506480 31 0
118.977 14 WP_MOVED 15 360297.6875 4813554.5 260. 31
119.010 14 NAVIGATION 16 4 374.125 29. 0. 375.247284 101 80 19 0 0 0
119.026 14 GPS 3 36065590 481362499 2745 216625 1252 -46 0 10506720 31 0
119.026 14 SVINFO 2 9 1 2 33 66 176
119.077 14 NAVIGATION 16 4 371.15625 29.5 0. 375.247284 101 80 19 0 0 0
119.077 14 ESTIMATOR 216.574203 -0.46
119.128 14 DESIRED 0.002729 -0.026342 0. 309.359985 34.532539 215. -0.531624 13.
119.178 14 AIRSPEED 13.1 0. 0. 0.
119.178 14 ATTITUDE 0.0023 4.712132 -0.011653
119.261 14 NAVIGATION 16 4 371.15625 29.5 0. 372.326752 102 81 20 0 0 0
119.279 14 GPS 3 36065292 481362523 2745 216542 1247 -66 0 10506960 31 0
119.281 14 SVINFO 3 10 1 3 34 23 226
119.461 14 FBW_STATUS 2 0 1 12.5 0.263581
119.477 14 WP_MOVED 16 360683.46875 4813622.5 215. 31
119.511 14 NAVIGATION 16 4 368.15625 30. 0. 369.376556 102 81 20 0 0 0
119.527 14 GPS 3 36064945 481362551 2745 216429 1241 -75 0 10507240 31 0
119.527 14 SVINFO 4 11 1 4 35 0 276
119.578 14 ESTIMATOR 216.344666 -0.75
119.678 14 ATTITUDE 0.0023 4.711589 -0.015421
119.759 14 NAVIGATION 16 4 364.6875 30. 0. 365.919342 102 81 20 0 0 0
119.776 14 IR_SENSORS 0 0 18 -16 264
119.776 14 GPS 3 36064648 481362574 2745 216318 1239 -74 0 10507480 31 0
119.776 14 SVINFO 5 12 1 5 36 19 326
119.878 14 SEGMENT 598.826965 11.351797 28.799999 57.
119.879 14 ENERGY 19 12.5 0.24438 3.054753 0.090882 1.13601
119.978 14 DL_VALUE 26 160.
119.979 14 WP_MOVED 17 360654.59375 4813624.5 215. 31
120.012 14 NAVIGATION 16 4 361.71875 30. 0. 362.960663 102 81 20 0 0 0
120.026 14 GPS 3 36064353 481362598 2746 216193 1235 -74 0 10507720 31 0
120.026 14 SVINFO 6 13 1 6 37 62 17
120.078 14 NAVIGATION 16 4 358.78125 30.5 0. 362.960663 102 81 20 0 0 0
120.079 14 ESTIMATOR 216.059616 -0.74
120.182 14 DESIRED 0.002469 -0.038601 0. 296.953217 35.526081 213.918213 -0.77681 13.
120.183 14 AIRSPEED 13.1 0. 0. 0.
120.183 14 ATTITUDE 0.0023 4.711663 -0.022961
120.261 14 NAVIGATION 16 4 358.78125 30.5 0. 360.075317 103 82 21 0 0 0
120.277 14 FBW_STATUS 2 0 1 12.5 0.226993
120.277 14 GPS 3 36064058 481362622 2746 216056 1232 -81 0 10507960 31 0
120.278 14 SVINFO 0 7 0 0 32 73 77
120.360 14 COMMANDS 1743,-14,-217,0
120.377 14 NAVIGATION_REF 360284 4813595 31 185.
120.377 14 GPS_SOL 345 345 345 7
120.477 14 WP_MOVED 18 360289. 4813605. 220. 31
120.510 14 NAVIGATION 16 4 355.8125 30.5 0. 357.11731 103 82 21 0 0 0
120.527 14 GPS 3 36063715 481362650 2746 215878 1227 -79 0 10508240 31 0
120.528 14 SVINFO 1 8 0 1 33 89 127
120.577 14 COMMANDS 1672,-4,-197,0
120.578 14 CALIBRATION -8.016746 0
120.578 14 ESTIMATOR 215.759659 -0.79
120.678 14 STATE_FILTER_STATUS 2 3 296
120.679 14 ATTITUDE 0.002528 4.711976 -0.030723
120.761 14 NAVIGATION 16 4 352.40625 31. 0. 353.76709 103 82 21 0 0 0
120.778 14 GPS 3 36063422 481362674 2746 215710 1225 -67 0 10508480 31 0
120.878 14 PPRZ_MODE 2 3 2 1 0 6
120.977 14 ALIVE 101,248,228,24,166,140,12,35,201,240,56,234,1,216,147,12
120.977 14 IR_SENSORS 0 0 14 -16 265
120.978 14 ENERGY 16 12.5 0.189427 2.367838 0.09128 1.140982
120.978 14 WP_MOVED 19 360289. 4813610. 500. 31
121.011 14 NAVIGATION 16 4 349.5 31.5 0. 350.916656 103 82 21 0 0 0
121.028 14 GPS 3 36063130 481362698 2746 215529 1222 -75 0 10508720 31 0
121.078 14 SEGMENT 598.826965 11.351797 28.799999 57.
121.078 14 NAVIGATION 16 4 346.53125 31.5 0. 350.916656 103 82 21 0 0 0
121.079 14 ESTIMATOR 215.457413 -0.75
121.176 14 AIRSPEED 13.1 0. 0. 0.
121.176 14 ATTITUDE 0.002528 4.712059 -0.034485
121.227 14 DESIRED -0.001809 -0.048626 0. 284.692932 36.507893 213.918213 -0.97779 13.
121.261 14 NAVIGATION 16 4 346.53125 31.5 0. 347.959991 104 83 22 0 0 0
121.277 14 GPS 3 36062838 481362722 2746 215334 1218 -85 0 10508960 31 0
121.460 14 FBW_STATUS 2 0 1 12.5 0.158045
121.477 14 DL_VALUE 27 0.
121.477 14 WP_MOVED 20 360289. 4813620. 300. 31
121.510 14 NAVIGATION 16 4 343.65625 31.5 0. 345.096893 104 83 22 0 0 0
121.526 14 GPS 3 36062499 481362749 2746 215089 1212 -99 0 10509240 31 0
121.578 14 ESTIMATOR 215.077774 -0.99
121.678 14 ATTITUDE -0.001231 4.711147 -0.042014
121.760 14 NAVIGATION 16 4 340.25 32. 0. 341.751465 104 83 22 0 0 0
121.777 14 GPS 3 36062210 481362773 2746 214863 1209 -114 0 10509480 31 0
121.976 14 WP_MOVED 21 360289. 4813625. 400. 31
122.010 14 NAVIGATION 16 4 337.34375 32.5 0. 338.90567 104 83 22 0 0 0
122.027 14 GPS 3 36061922 481362796 2746 214623 1206 -107 0 10509720 31 0
122.077 14 ENERGY 13 12.5 0.145991 1.824887 0.091572 1.144628
122.078 14 NAVIGATION 16 4 334.4375 32.5 0. 338.90567 104 83 22 0 0 0
122.078 14 ESTIMATOR 214.571503 -1.07
122.177 14 IR_SENSORS 0 0 10 -17 265
122.178 14 AIRSPEED 13.1 0. 0. 0.
122.178 14 ATTITUDE -0.001231 4.709774 -0.049549
122.261 14 NAVIGATION 16 4 334.4375 32.5 0. 336.012939 105 84 23 0 0 0
122.279 14 FBW_STATUS 2 0 1 12.5 0.145287
122.279 14 SEGMENT 598.826965 11.351797 28.799999 57.
122.280 14 DESIRED 0.000267 -0.056739 0. 269.646851 37.712795 211.825592 -1.13734 13.
122.281 14 GPS 3 36061633 481362819 2745 214370 1204 -124 0 10509960 31 0
122.378 14 GPS_SOL 356 356 356 7
122.478 14 WP_MOVED 22 360289. 4813645. 250. 31
122.510 14 NAVIGATION 16 4 331.5625 32.5 0. 333.15152 105 84 23 0 0 0
122.527 14 GPS 3 36061298 481362846 2745 214060 1202 -119 0 10510240 31 0
122.527 14 SVINFO 2 9 0 2 34 61 178
122.577 14 ESTIMATOR 214.023575 -1.19
122.678 14 CALIBRATION 3.185809 0
122.678 14 ATTITUDE -0.001231 4.707779 -0.053317
122.761 14 NAVIGATION 16 4 328.21875 33. 0. 329.873535 105 84 23 0 0 0
122.777 14 GPS 3 36061010 481362868 2744 213783 1203 -121 0 10510480 31 0
122.778 14 SVINFO 3 10 1 3 35 17 228
122.978 14 DL_VALUE 28 0.32
122.982 14 WP_MOVED 0 360326. 4813637. 260. 31
123.010 14 NAVIGATION 16 4 325.34375 33.5 0. 327.063904 105 84 23 0 0 0
123.028 14 GPS 3 36060722 481362891 2744 213500 1204 -125 0 10510720 31 0
123.028 14 SVINFO 4 11 0 4 36 0 278
123.077 14 NAVIGATION 16 4 322.4375 33.5 0. 327.063904 105 84 23 0 0 0
123.077 14 ESTIMATOR 213.454086 -1.25
123.177 14 DATALINK_REPORT 6 16 3446 561 0 0
123.177 14 ENERGY 13 12.5 0.154766 1.934577 0.091843 1.148014
123.178 14 AIRSPEED 13.1 0. 0. 0.
123.178 14 ATTITUDE -0.001231 4.706927 -0.057087
123.261 14 NAVIGATION 16 4 322.4375 33.5 0. 324.173096 106 85 24 0 0 0
123.277 14 GPS 3 36060433 481362913 2744 213211 1206 -128 0 10510960 31 0
123.278 14 SVINFO 5 12 1 5 37 24 328
123.327 14 DESIRED 0.001063 -0.056545 0. 257.643738 38.674015 210.772095 -1.133472 13.
123.377 14 IR_SENSORS 0 0 8 -17 265
123.471 14 FBW_STATUS 2 0 1 12.5 0.153629
123.477 14 SEGMENT 598.826965 11.351797 28.799999 57.
123.477 14 WP_MOVED 1 360284. 4813595. 260. 31
123.511 14 NAVIGATION 16 4 319.5625 33.5 0. 321.313599 106 85 24 0 0 0
123.528 14 GPS 3 36060095 481362939 2744 212871 1210 -134 0 10511240 31 0
123.529 14 SVINFO 6 13 1 6 38 67 19
123.577 14 ESTIMATOR 212.847549 -1.34
123.678 14 ATTITUDE 0.002528 4.706465 -0.057087
123.760 14 NAVIGATION 16 4 316.21875 34. 0. 318.041351 106 85 24 0 0 0
123.778 14 GPS 3 36059805 481362961 2743 212577 1211 -126 0 10511480 31 0
123.778 14 SVINFO 0 7 0 0 33 78 79
123.977 14 WP_MOVED 2 360333.5 4813695. 260. 31
124.010 14 NAVIGATION 16 4 313.28125 34.5 0. 315.175171 106 85 24 0 0 0
124.027 14 GPS 3 36059515 481362984 2744 212284 1214 -122 0 10511720 31 0
124.027 14 SVINFO 1 8 1 1 34 88 129
124.077 14 NAVIGATION 16 4 310.40625 34.5 0. 315.175171 106 85 24 0 0 0
124.078 14 ESTIMATOR 212.232086 -1.22
124.178 14 AIRSPEED 13.1 0. 0. 0.
124.178 14 ATTITUDE 0.002528 4.706704 -0.060858
124.261 14 NAVIGATION 16 4 310.40625 34.5 0. 312.317596 107 86 25 0 0 0
124.277 14 FBW_STATUS 2 0 1 12.5 0.16608
124.277 14 ENERGY 14 12.5 0.16608 2.075999 0.092134 1.151658
124.278 14 GPS 3 36059223 481363006 2744 211992 1217 -134 0 10511960 31 0
124.278 14 SVINFO 2 9 1 2 35 58 179
124.377 14 GPS_SOL 367 367 367 7
124.378 14 DESIRED 0.001116 -0.056598 0. 245.609589 39.637718 209.715866 -1.137222 13.
124.487 14 DL_VALUE 29 0.
124.487 14 WP_MOVED 3 360294.09375 4813785. 260. 31
124.511 14 NAVIGATION 16 4 307.5 34.5 0. 309.429321 107 86 25 0 0 0
124.527 14 GPS 3 36058883 481363032 2744 211653 1220 -145 0 10512240 31 0
124.577 14 IR_SENSORS 0 0 7 -16 265
124.577 14 ESTIMATOR 211.620148 -1.45
124.677 14 SEGMENT 598.826965 11.351797 28.799999 57.
124.678 14 ATTITUDE 0.002528 4.707544 -0.060858
124.761 14 NAVIGATION 16 4 304.09375 35. 0. 306.101318 107 86 25 0 0 0
124.778 14 CALIBRATION -17.925741 0
124.778 14 GPS 3 36058590 481363055 2744 211366 1222 -137 0 10512480 31 0
124.778 14 SVINFO 4 11 0 4 37 0 279
124.979 14 WP_MOVED 4 360416.3125 4813734. 260. 31
125.011 14 NAVIGATION 16 4 301.15625 35. 0. 303.183258 107 86 25 0 0 0
125.027 14 GPS 3 36058297 481363078 2744 211082 1224 -127 0 10512720 31 0
125.027 14 SVINFO 5 12 1 5 38 27 329
125.078 14 NAVIGATION 16 4 298.21875 35. 0. 303.183258 107 86 25 0 0 0
125.078 14 ESTIMATOR 210.978729 -1.27
125.177 14 AIRSPEED 13.1 0. 0. 0.
125.178 14 ATTITUDE 0.002528 4.707925 -0.057087
125.260 14 NAVIGATION 16 4 298.21875 35. 0. 300.265594 108 87 26 0 0 0
125.277 14 GPS 3 36058004 481363101 2744 210802 1227 -122 0 10512960 31 0
125.278 14 SVINFO 6 13 0 6 39 70 20
125.360 14 COMMANDS 1479,14,3,0
125.378 14 ENERGY 15 12.5 0.178121 2.226508 0.092453 1.155646
125.427 14 DESIRED 0.004474 -0.056757 0. 233.45993 40.610672 208.649521 -1.140401 13.
125.469 14 FBW_STATUS 2 0 1 12.5 0.178705
125.477 14 WP_MOVED 5 360421. 4813583.5 260. 31
125.511 14 NAVIGATION 16 4 295.28125 35.5 0. 297.407562 108 87 26 0 0 0
125.527 14 GPS 3 36057660 481363127 2744 210480 1229 -139 0 10513240 31 0
125.577 14 COMMANDS 1514,1,7,0
125.577 14 ESTIMATOR 210.414932 -1.39
125.677 14 STATE_FILTER_STATUS 2 3 289
125.677 14 ATTITUDE 0.002528 4.708058 -0.057087
125.760 14 NAVIGATION 16 4 291.84375 36. 0. 294.055725 108 87 26 0 0 0
125.778 14 IR_SENSORS 0 0 8 -16 265
125.778 14 GPS 3 36057366 481363150 2744 210208 1230 -141 0 10513480 31 0
125.878 14 PPRZ_MODE 2 3 2 1 0 6
125.878 14 SEGMENT 598.826965 11.351797 28.799999 57.
125.977 14 ALIVE 101,248,228,24,166,140,12,35,201,240,56,234,1,216,147,12
125.977 14 DL_VALUE 30 0.01
125.978 14 WP_MOVED 6 360164.8125 4813664.5 260. 31
126.010 14 NAVIGATION 16 4 288.9375 36. 0. 291.17157 108 87 26 0 0 0
126.026 14 GPS 3 36057071 481363173 2744 209939 1232 -138 0 10513720 31 0
126.077 14 NAVIGATION 16 4 285.96875 36. 0. 291.17157 108 87 26 0 0 0
126.077 14 ESTIMATOR 209.799362 -1.38
126.177 14 AIRSPEED 13.1 0. 0. 0.
126.177 14 ATTITUDE 0.002528 4.708067 -0.057087
126.261 14 NAVIGATION 16 4 285.96875 36. 0. 288.22583 109 88 27 0 0 0
126.277 14 FBW_STATUS 2 0 1 12.5 0.200114
126.277 14 GPS 3 36056775 481363195 2744 209674 1234 -110 0 10513960 31 0
126.277 14 SVINFO 3 10 0 3 36 13 230
126.378 14 GPS_SOL 380 380 380 7
126.477 14 ENERGY 16 12.5 0.191497 2.393708 0.092801 1.159988
126.478 14 DESIRED 0.004631 -0.05695 0. 221.208435 41.591782 207.574219 -1.144258 13.
126.483 14 WP_MOVED 7 360558.40625 4813804.5 260. 31
126.510 14 NAVIGATION 16 4 283. 36.5 0. 285.344086 109 88 27 0 0 0
126.527 14 GPS 3 36056430 481363222 2743 209368 1237 -120 0 10514240 31 0
126.578 14 ESTIMATOR 209.269791 -1.2
126.678 14 ATTITUDE 0.002528 4.708073 -0.057087
126.761 14 NAVIGATION 16 4 279.5625 37. 0. 282.000336 109 88 27 0 0 0
126.777 14 GPS 3 36056134 481363245 2743 209109 1237 -115 0 10514480 31 0
126.781 14 WIND_INFO 14 5 -0.1 1. 0. 13.1
126.877 14 CALIBRATION -37.014473 0
126.977 14 IR_SENSORS 0 0 8 -16 265
126.977 14 WP_MOVED 8 360882.8125 4813606.5 215. 31
127.011 14 NAVIGATION 16 4 276.625 37. 0. 279.088501 109 88 27 0 0 0
127.026 14 GPS 3 36055838 481363267 2743 208852 1238 -139 0 10514720 31 0
127.078 14 SEGMENT 598.826965 11.351797 28.799999 57.
127.079 14 NAVIGATION 16 4 273.65625 37. 0. 279.088501 109 88 27 0 0 0
127.079 14 ESTIMATOR 208.752487 -1.39
127.176 14 AIRSPEED 13.1 0. 0. 0.
127.177 14 ATTITUDE 0.002528 4.708033 -0.057087
127.262 14 NAVIGATION 16 4 273.65625 37. 0. 276.14624 110 89 28 0 0 0
127.277 14 GPS 3 36055541 481363290 2743 208597 1239 -137 0 10514960 31 0
127.277 14 SVINFO 0 7 0 0 34 82 81
127.476 14 FBW_STATUS 2 0 1 12.5 0.202653
127.478 14 DL_VALUE 31 0.1
127.479 14 WP_MOVED 9 360312.8125 4813652. 185. 31
127.511 14 NAVIGATION 16 4 270.65625 37.5 0. 273.24176 110 89 28 0 0 0
127.528 14 DESIRED 0.002871 -0.056858 0. 205.874146 42.819763 206.493469 -1.142436 13.
127.528 14 GPS 3 36055195 481363317 2743 208302 1241 -134 0 10515240 31 0
127.529 14 SVINFO 1 8 0 1 35 86 131
127.577 14 ENERGY 17 12.5 0.205648 2.570605 0.093164 1.164532
127.578 14 ESTIMATOR 208.160706 -1.34
127.677 14 ATTITUDE 0.002528 4.708203 -0.057087
127.761 14 NAVIGATION 16 4 267.21875 38. 0. 269.907135 110 89 28 0 0 0
127.778 14 GPS 3 36054898 481363339 2743 208052 1241 -141 0 10515480 31 0
127.778 14 SVINFO 2 9 0 2 36 51 181
127.976 14 WP_MOVED 10 360889.21875 4813686. 215. 31
128.010 14 NAVIGATION 16 4 264.21875 38. 0. 266.937347 110 89 28 0 0 0
128.026 14 GPS 3 36054600 481363362 2743 207803 1243 -139 0 10515720 31 0
128.026 14 SVINFO 3 10 1 3 37 11 231
128.077 14 NAVIGATION 16 4 261.25 38. 0. 266.937347 110 89 28 0 0 0
128.078 14 ESTIMATOR 207.601166 -1.39
128.177 14 IR_SENSORS 0 0 8 -16 265
128.177 14 AIRSPEED 13.1 0. 0. 0.
128.177 14 ATTITUDE 0.002528 4.708536 -0.057087
128.261 14 NAVIGATION 16 4 261.25 38. 0. 263.999176 111 90 29 0 0 0
128.276 14 DATALINK_REPORT 2 17 3579 561 0 0
128.277 14 FBW_STATUS 2 0 1 12.5 0.223027
128.277 14 SEGMENT 598.826965 11.351797 28.799999 57.
128.277 14 GPS 3 36054302 481363385 2744 207557 1245 -142 0 10515960 31 0
128.278 14 SVINFO 4 11 1 4 38 1 281
128.378 14 GPS_SOL 393 393 393 7
128.476 14 WP_MOVED 11 360169.5 4813757.5 260. 31
128.511 14 NAVIGATION 16 4 258.28125 38.5 0. 261.134918 111 90 29 0 0 0
128.528 14 GPS 3 36053954 481363412 2744 207273 1248 -140 0 10516240 31 0
128.528 14 SVINFO 5 12 1 5 39 33 331
128.577 14 DESIRED 0.002621 -0.056681 0. 193.498413 43.810822 205.404541 -1.146723 13.
128.577 14 ESTIMATOR 207.052795 -1.4
128.678 14 ENERGY 18 12.5 0.22684 2.8355 0.093562 1.169507
128.678 14 ATTITUDE 0.002528 4.709693 -0.057087
128.761 14 NAVIGATION 16 4 254.78125 38.5 0. 257.673706 111 90 29 0 0 0
128.776 14 GPS 3 36053655 481363436 2744 207032 1249 -121 0 10516480 31 0
128.777 14 SVINFO 6 13 1 6 40 75 22
128.982 14 CALIBRATION -64.212685 0
128.986 14 DL_VALUE 32 0.
128.986 14 WP_MOVED 12 360287.59375 4813581. 260. 31
129.011 14 NAVIGATION 16 4 251.8125 38.5 0. 254.738663 111 90 29 0 0 0
129.027 14 GPS 3 36053355 481363459 2744 206794 1251 -107 0 10516720 31 0
129.076 14 NAVIGATION 16 4 248.8125 39. 0. 254.738663 111 90 29 0 0 0
129.077 14 ESTIMATOR 206.564331 -1.07
129.176 14 AIRSPEED 13.1 0. 0. 0.
129.177 14 ATTITUDE 0.006288 4.710759 -0.057087
129.261 14 NAVIGATION 16 4 248.8125 39. 0. 251.850479 112 91 30 0 0 0
129.276 14 GPS 3 36053056 481363483 2745 206559 1252 -126 0 10516960 31 0
129.377 14 NAVIGATION_REF 360284 4813595 31 185.
129.378 14 IR_SENSORS 0 0 8 -15 265
129.479 14 FBW_STATUS 2 0 1 12.5 0.226076
129.480 14 SEGMENT 598.826965 11.351797 28.799999 57.
129.481 14 WP_MOVED 13 360311.5 4813547. 260. 31
129.510 14 NAVIGATION 16 4 245.8125 39.5 0. 248.965927 112 91 30 0 0 0
129.528 14 GPS 3 36052706 481363511 2745 206288 1253 -130 0 10517240 31 0
129.577 14 AUTOPILOT_VERSION 51500 v5.15_devel-179-g9a29798-dirty
129.577 14 ESTIMATOR 206.11058 -1.3
129.628 14 DESIRED 0.001675 -0.057183 0. 181.029541 44.809334 204.312881 -1.156759 13.
129.677 14 ATTITUDE 0.006288 4.712613 -0.057087
129.762 14 NAVIGATION 16 4 242.28125 39.5 0. 245.480042 112 91 30 0 0 0
129.778 14 ENERGY 19 12.5 0.230818 2.88523 0.093981 1.174737
129.778 14 GPS 3 36052406 481363535 2746 206057 1254 -134 0 10517480 31 0
129.980 14 WP_MOVED 14 360300.6875 4813575.5 260. 31
130.010 14 NAVIGATION 16 4 239.34375 39.5 0. 242.581284 112 91 30 0 0 0
130.027 14 GPS 3 36052106 481363560 2746 205827 1255 -137 0 10517720 31 0
130.027 14 SVINFO 4 11 1 4 39 2 282
130.078 14 NAVIGATION 16 4 236.28125 40. 0. 242.581284 112 91 30 0 0 0
130.078 14 ESTIMATOR 205.599152 -1.37
130.177 14 AIRSPEED 13.1 0. 0. 0.
130.178 14 ATTITUDE 0.002528 4.71384 -0.057087
130.261 14 NAVIGATION 16 4 236.28125 40. 0. 239.643127 113 92 31 0 0 0
130.278 14 FBW_STATUS 2 0 1 12.5 0.242986
130.278 14 GPS 3 36051805 481363584 2746 205600 1256 -154 0 10517960 31 0
130.279 14 SVINFO 5 12 1 5 40 36 332
130.361 14 COMMANDS 1905,-27,-8,0
130.377 14 GPS_SOL 407 407 407 7
130.484 14 DL_VALUE 33 0.15
130.485 14 WP_MOVED 15 360297.6875 4813554.5 260. 31
130.510 14 NAVIGATION 16 4 233.28125 40.5 0. 236.770752 113 92 31 0 0 0
130.528 14 GPS 3 36051454 481363613 2747 205336 1258 -146 0 10518240 31 0
130.529 14 SVINFO 6 13 1 6 41 77 23
130.577 14 COMMANDS 1947,-17,-9,0
130.577 14 IR_SENSORS 0 0 8 -16 265
130.578 14 ESTIMATOR 205.056564 -1.46
130.677 14 STATE_FILTER_STATUS 2 3 289
130.678 14 SEGMENT 598.826965 11.351797 28.799999 57.
130.678 14 DESIRED 0.000233 -0.05784 0. 168.498596 45.812828 203.213058 -1.16207 13.
130.678 14 ATTITUDE 0.002528 4.715241 -0.057087
130.761 14 NAVIGATION 16 4 229.8125 40.5 0. 233.353882 113 92 31 0 0 0
130.777 14 GPS 3 36051153 481363638 2747 205113 1260 -118 0 10518480 31 0
130.777 14 SVINFO 0 7 0 0 35 85 83
130.878 14 PPRZ_MODE 2 3 2 1 0 6
130.879 14 ENERGY 20 12.5 0.251528 3.1441 0.094426 1.180304
130.985 14 ALIVE 101,248,228,24,166,140,12,35,201,240,56,234,1,216,147,12
130.986 14 WP_MOVED 16 360683.46875 4813622.5 215. 31
131.012 14 NAVIGATION 16 4 226.78125 41. 0. 230.457657 113 92 31 0 0 0
131.028 14 GPS 3 36050851 481363663 2747 204891 1261 -95 0 10518720 31 0
131.028 14 SVINFO 1 8 0 1 36 83 133
131.075 14 CALIBRATION -82.761002 0
131.076 14 NAVIGATION 16 4 223.78125 41. 0. 230.457657 113 92 31 0 0 0
131.076 14 ESTIMATOR 204.604111 -0.95
131.177 14 AIRSPEED 13.1 0. 0. 0.
131.178 14 ATTITUDE 0.002528 4.716173 -0.057087
131.261 14 NAVIGATION 16 4 223.78125 41. 0. 227.506149 114 93 32 0 0 0
131.276 14 GPS 3 36050549 481363689 2747 204672 1263 -112 0 10518960 31 0
131.277 14 SVINFO 2 9 1 2 37 45 183
131.486 14 FBW_STATUS 2 0 1 12.5 0.241749
131.487 14 WP_MOVED 17 360654.59375 4813624.5 215. 31
131.510 14 NAVIGATION 16 4 220.71875 41.5 0. 224.586319 114 93 32 0 0 0
131.527 14 GPS 3 36050196 481363718 2748 204418 1263 -102 0 10519240 31 0
131.527 14 SVINFO 3 10 1 3 38 7 233
131.577 14 ESTIMATOR 204.230103 -1.02
131.677 14 ATTITUDE 0.002528 4.717031 -0.057087
131.728 14 DESIRED -0.000677 -0.058452 0. 155.936554 46.818802 202.115952 -1.174309 13.
131.760 14 NAVIGATION 16 4 217.21875 41.5 0. 221.147537 114 93 32 0 0 0
131.776 14 IR_SENSORS 0 0 8 -16 265
131.777 14 GPS 3 36049894 481363744 2748 204200 1263 -129 0 10519480 31 0
131.878 14 SEGMENT 598.826965 11.351797 28.799999 57.
131.985 14 DL_VALUE 34 0.05
131.985 14 ENERGY 19 12.5 0.24407 3.050879 0.094874 1.185905
131.985 14 WP_MOVED 18 360289. 4813605. 220. 31
132.014 14 NAVIGATION 16 4 214.21875 42. 0. 218.297211 114 93 32 0 0 0
132.028 14 GPS 3 36049592 481363769 2747 203983 1262 -137 0 10519720 31 0
132.077 14 NAVIGATION 16 4 211.15625 42.5 0. 218.297211 114 93 32 0 0 0
132.078 14 ESTIMATOR 203.780457 -1.37
132.177 14 AIRSPEED 13.1 0. 0. 0.
132.177 14 ATTITUDE 0.002528 4.716856 -0.057087
132.261 14 NAVIGATION 16 4 211.15625 42.5 0. 215.390839 115 94 33 0 0 0
132.277 14 FBW_STATUS 2 0 1 12.5 0.25106
132.277 14 GPS 3 36049290 481363794 2747 203766 1263 -136 0 10519960 31 0
132.377 14 GPS_SOL 421 421 421 7
132.490 14 WP_MOVED 19 360289. 4813610. 500. 31
132.512 14 NAVIGATION 16 4 208.125 42.5 0. 212.420029 115 94 33 0 0 0
132.528 14 GPS 3 36048937 481363824 2747 203512 1264 -144 0 10520240 31 0
132.528 14 SVINFO 0 7 0 0 36 86 84
132.578 14 ESTIMATOR 203.267014 -1.44
132.678 14 ATTITUDE -0.001231 4.716521 -0.057087
132.761 14 NAVIGATION 16 4 204.625 43. 0. 209.094208 115 94 33 0 0 0
132.776 14 DESIRED -0.002266 -0.058531 0. 139.826019 48.108948 201.004456 -1.173183 13.
132.777 14 GPS 3 36048634 481363849 2747 203294 1264 -143 0 10520480 31 0
132.778 14 SVINFO 1 8 1 1 37 81 134
132.989 14 IR_SENSORS 0 0 8 -17 265
132.990 14 WP_MOVED 20 360289. 4813620. 300. 31
133.014 14 NAVIGATION 16 4 201.5625 43. 0. 206.098129 115 94 33 0 0 0
133.029 14 GPS 3 36048332 481363874 2747 203077 1266 -128 0 10520720 31 0
133.031 14 SVINFO 2 9 1 2 38 42 184
133.077 14 SEGMENT 598.826965 11.351797 28.799999 57.
133.077 14 ENERGY 21 12.5 0.263266 3.290826 0.095337 1.191697
133.077 14 NAVIGATION 16 4 198.5625 43. 0. 206.098129 115 94 33 0 0 0
133.078 14 ESTIMATOR 202.758972 -1.28
133.177 14 CALIBRATION -94.158669 0
133.177 14 AIRSPEED 13.1 0. 0. 0.
133.178 14 ATTITUDE -0.001231 4.716087 -0.057087
133.261 14 NAVIGATION 16 4 198.5625 43. 0. 203.165115 116 95 34 0 0 0
133.277 14 GPS 3 36048028 481363899 2747 202861 1268 -123 0 10520960 31 0
133.278 14 SVINFO 3 10 1 3 39 5 234
133.377 14 DATALINK_REPORT 7 17 3715 573 0 0
133.461 14 FBW_STATUS 2 0 1 12.5 0.259499
133.488 14 DL_VALUE 35 0.
133.488 14 WP_MOVED 21 360289. 4813625. 400. 31
133.510 14 NAVIGATION 16 4 195.53125 43.5 0. 200.311554 116 95 34 0 0 0
133.528 14 GPS 3 36047674 481363928 2746 202610 1270 -127 0 10521240 31 0
133.529 14 SVINFO 4 11 1 4 40 5 284
133.577 14 ESTIMATOR 202.335022 -1.27
133.677 14 ATTITUDE -0.001231 4.714935 -0.057087
133.761 14 NAVIGATION 16 4 191.96875 44. 0. 196.946686 116 95 34 0 0 0
133.777 14 GPS 3 36047370 481363953 2746 202395 1270 -105 0 10521480 31 0
133.777 14 SVINFO 5 12 1 5 41 42 334
133.828 14 DESIRED -0.00119 -0.05904 0. 127.170868 49.122383 199.902679 -1.183364 13.
133.993 14 WP_MOVED 22 360289. 4813645. 250. 31
134.013 14 NAVIGATION 16 4 188.9375 44. 0. 193.99324 116 95 34 0 0 0
134.027 14 GPS 3 36047066 481363977 2746 202181 1271 -84 0 10521720 31 0
134.027 14 SVINFO 6 13 1 6 42 81 25
134.077 14 NAVIGATION 16 4 185.875 44. 0. 193.99324 116 95 34 0 0 0
134.077 14 ESTIMATOR 201.936569 -0.84
134.177 14 IR_SENSORS 0 0 8 -17 265
134.178 14 ENERGY 20 12.5 0.253711 3.17139 0.095815 1.197668
134.178 14 AIRSPEED 13.1 0. 0. 0.
134.178 14 ATTITUDE -0.001231 4.714183 -0.057087
134.261 14 NAVIGATION 16 4 185.875 44. 0. 191.011826 117 96 35 0 0 0
134.277 14 FBW_STATUS 2 0 1 12.5 0.250593
134.278 14 SEGMENT 598.826965 11.351797 28.799999 57.
134.278 14 GPS 3 36046761 481364002 2745 201967 1271 -78 0 10521960 31 0
134.377 14 GPS_SOL 436 436 436 7
134.497 14 WP_MOVED 0 360326. 4813637. 260. 31
134.510 14 NAVIGATION 16 4 182.84375 44.5 0. 188.181 117 96 35 0 0 0
134.527 14 GPS 3 36046407 481364030 2745 201717 1270 -90 0 10522240 31 0
134.577 14 ESTIMATOR 201.625137 -0.9
134.678 14 ATTITUDE -0.001231 4.713431 -0.060858
134.760 14 NAVIGATION 16 4 179.34375 45. 0. 184.903168 117 96 35 0 0 0
134.777 14 GPS 3 36046103 481364054 2745 201500 1268 -91 0 10522480 31 0
134.877 14 DESIRED -0.000311 -0.059638 0. 114.546722 50.133331 198.789215 -1.195331 13.
134.998 14 DL_VALUE 36 0.
134.998 14 WP_MOVED 1 360284. 4813595. 260. 31
135.011 14 NAVIGATION 16 4 176.28125 45. 0. 181.934265 117 96 35 0 0 0
135.028 14 GPS 3 36045800 481364078 2745 201280 1266 -96 0 10522720 31 0
135.028 14 SVINFO 3 10 1 3 40 4 235
135.076 14 NAVIGATION 16 4 173.25 45. 0. 181.934265 117 96 35 0 0 0
135.076 14 ESTIMATOR 201.219315 -0.96
135.177 14 AIRSPEED 13.1 0. 0. 0.
135.178 14 ATTITUDE -0.001231 4.712811 -0.060858
135.260 14 NAVIGATION 16 4 173.25 45. 0. 178.998779 118 97 36 0 0 0
135.277 14 CALIBRATION -70.834747 0
135.277 14 ENERGY 18 12.5 0.225619 2.820232 0.096246 1.203054
135.278 14 GPS 3 36045497 481364102 2745 201057 1264 -125 0 10522960 31 0
135.278 14 SVINFO 4 11 0 4 41 7 285
135.361 14 COMMANDS 1783,37,3,0
135.377 14 IR_SENSORS 0 0 7 -17 265
135.461 14 FBW_STATUS 2 0 1 12.5 0.223789
135.498 14 SEGMENT 598.826965 11.351797 28.799999 57.
135.498 14 WP_MOVED 2 360333.5 4813695. 260. 31
135.511 14 NAVIGATION 16 4 170.21875 45.5 0. 176.194977 118 97 36 0 0 0
135.527 14 GPS 3 36045145 481364130 2745 200794 1262 -134 0 10523240 31 0
135.528 14 SVINFO 5 12 0 5 42 45 335
135.576 14 COMMANDS 1808,-6,10,0
135.577 14 ESTIMATOR 200.71434 -1.34
135.677 14 STATE_FILTER_STATUS 2 3 289
135.678 14 ATTITUDE -0.001231 4.711911 -0.060858
135.761 14 NAVIGATION 16 4 166.6875 46. 0. 172.918259 118 97 36 0 0 0
135.777 14 GPS 3 36044843 481364154 2745 200566 1261 -122 0 10523480 31 0
135.777 14 SVINFO 6 13 1 6 43 83 26
135.878 14 PPRZ_MODE 2 3 2 1 0 6
135.927 14 DESIRED 0.000364 -0.059622 0. 101.891541 51.146767 197.681213 -1.195004 13.
136.002 14 ALIVE 101,248,228,24,166,140,12,35,201,240,56,234,1,216,147,12
136.002 14 WP_MOVED 3 360294.09375 4813785. 260. 31
136.011 14 NAVIGATION 16 4 163.6875 46. 0. 170.028229 118 97 36 0 0 0
136.027 14 GPS 3 36044541 481364178 2744 200336 1261 -122 0 10523720 31 0
136.028 14 SVINFO 0 7 0 0 37 88 86
136.077 14 NAVIGATION 16 4 160.65625 46.5 0. 170.028229 118 97 36 0 0 0
136.077 14 ESTIMATOR 200.177231 -1.22
136.178 14 AIRSPEED 13.1 0. 0. 0.
136.178 14 ATTITUDE -0.001231 4.711426 -0.060858
136.261 14 NAVIGATION 16 4 160.65625 46.5 0. 167.250351 119 98 37 0 0 0
136.277 14 FBW_STATUS 2 0 1 12.5 0.233427
136.277 14 GPS 3 36044240 481364202 2744 200105 1260 -105 0 10523960 31 0
136.277 14 SVINFO 1 8 0 1 38 77 136
136.377 14 GPS_SOL 451 451 451 7
136.377 14 ENERGY 18 12.5 0.224856 2.810697 0.096665 1.208291
136.502 14 DL_VALUE 37 0.
136.503 14 WP_MOVED 4 360416.3125 4813734. 260. 31
136.511 14 NAVIGATION 16 4 157.65625 46.5 0. 164.370743 119 98 37 0 0 0
136.529 14 GPS 3 36043888 481364229 2744 199835 1260 -129 0 10524240 31 0
136.529 14 SVINFO 2 9 0 2 39 36 186
136.577 14 IR_SENSORS 0 0 7 -17 265
136.577 14 ESTIMATOR 199.712067 -1.29
136.678 14 SEGMENT 598.826965 11.351797 28.799999 57.
136.678 14 ATTITUDE -0.001231 4.710584 -0.060858
136.761 14 NAVIGATION 16 4 154.125 46.5 0. 160.986847 119 98 37 0 0 0
136.777 14 GPS 3 36043586 481364252 2744 199604 1260 -130 0 10524480 31 0
136.783 14 WIND_INFO 14 5 -0.1 1. 0. 13.1
136.996 14 DESIRED 0.004951 -0.059688 0. 89.369293 52.149559 196.572449 -1.196318 13.
136.997 14 WP_MOVED 5 360421. 4813583.5 260. 31
137.010 14 NAVIGATION 16 4 151.09375 47. 0. 158.235016 119 98 37 0 0 0
137.028 14 GPS 3 36043285 481364276 2744 199372 1259 -123 0 10524720 31 0
137.077 14 NAVIGATION 16 4 148.09375 47.5 0. 158.235016 119 98 37 0 0 0
137.078 14 ESTIMATOR 199.184525 -1.23
137.178 14 AIRSPEED 13.1 0. 0. 0.
137.178 14 ATTITUDE 0.002528 4.709866 -0.057087
137.261 14 NAVIGATION 16 4 148.09375 47.5 0. 155.524948 120 99 38 0 0 0
137.278 14 GPS 3 36042983 481364299 2744 199140 1260 -121 0 10524960 31 0
137.377 14 CALIBRATION -75.26474 0
137.461 14 FBW_STATUS 2 0 1 12.5 0.228981
137.506 14 ENERGY 18 12.5 0.228981 2.862258 0.097086 1.213557
137.506 14 WP_MOVED 6 360164.8125 4813664.5 260. 31
137.511 14 NAVIGATION 16 4 145.09375 47.5 0. 152.671036 120 99 38 0 0 0
137.527 14 GPS 3 36042631 481364326 2743 198870 1260 -101 0 10525240 31 0
137.576 14 ESTIMATOR 198.700684 -1.01
137.678 14 ATTITUDE 0.002528 4.709594 -0.060858
137.761 14 NAVIGATION 16 4 141.5625 47.5 0. 149.319092 120 99 38 0 0 0
137.776 14 IR_SENSORS 0 0 7 -16 265
137.776 14 GPS 3 36042330 481364349 2743 198639 1259 -87 0 10525480 31 0
137.777 14 SVINFO 0 7 0 0 38 89 87
137.878 14 SEGMENT 598.826965 11.351797 28.799999 57.
137.976 14 DL_VALUE 38 0.
137.977 14 WP_MOVED 7 360558.40625 4813804.5 260. 31
138.014 14 NAVIGATION 16 4 138.53125 48. 0. 146.61142 120 99 38 0 0 0
138.028 14 DESIRED 0.003392 -0.059337 0. 73.755554 53.399918 195.469894 -1.19201 13.
138.028 14 GPS 3 36042028 481364372 2743 198408 1259 -92 0 10525720 31 0
138.029 14 SVINFO 1 8 1 1 39 75 137
138.077 14 NAVIGATION 16 4 135.53125 48.5 0. 146.61142 120 99 38 0 0 0
138.078 14 ESTIMATOR 198.312683 -0.92
138.177 14 AIRSPEED 13.1 0. 0. 0.
138.177 14 ATTITUDE 0.002528 4.709317 -0.060858
138.260 14 NAVIGATION 16 4 135.53125 48.5 0. 143.9478 121 100 39 0 0 0
138.277 14 FBW_STATUS 2 0 1 12.5 0.214229
138.277 14 GPS 3 36041727 481364395 2743 198175 1257 -88 0 10525960 31 0
138.278 14 SVINFO 2 9 1 2 40 33 187
138.377 14 NAVIGATION_REF 360284 4813595 31 185.
138.378 14 GPS_SOL 467 467 467 7
138.478 14 DATALINK_REPORT 2 18 3847 551 0 0
138.478 14 WP_MOVED 8 360882.8125 4813606.5 215. 31
138.511 14 NAVIGATION 16 4 132.53125 48.5 0. 141.126831 121 100 39 0 0 0
138.530 14 GPS 3 36041377 481364422 2743 197901 1254 -95 0 10526240 31 0
138.530 14 SVINFO 3 10 1 3 41 1 237
138.578 14 ENERGY 17 12.5 0.203401 2.542518 0.097485 1.218537
138.578 14 ESTIMATOR 197.890167 -0.95
138.677 14 ATTITUDE 0.002528 4.709068 -0.060858
138.761 14 NAVIGATION 16 4 129. 48.5 0. 137.815994 121 100 39 0 0 0
138.778 14 GPS 3 36041077 481364445 2743 197665 1253 -89 0 10526480 31 0
138.778 14 SVINFO 4 11 1 4 42 11 287
138.977 14 IR_SENSORS 0 0 8 -16 265
138.978 14 WP_MOVED 9 360312.8125 4813652. 185. 31
139.011 14 NAVIGATION 16 4 126. 49. 0. 135.192459 121 100 39 0 0 0
139.028 14 GPS 3 36040778 481364468 2744 197426 1250 -94 0 10526720 31 0
139.028 14 SVINFO 5 12 1 5 43 51 337
139.077 14 SEGMENT 598.826965 11.351797 28.799999 57.
139.077 14 DESIRED 0.003598 -0.059464 0. 61.224609 54.403412 194.36734 -1.194545 13.
139.077 14 NAVIGATION 16 4 123. 49.5 0. 135.192459 121 100 39 0 0 0
139.077 14 ESTIMATOR 197.431458 -0.94
139.178 14 AIRSPEED 13.1 0. 0. 0.
139.178 14 ATTITUDE 0.002528 4.709174 -0.057087
139.260 14 NAVIGATION 16 4 123. 49.5 0. 132.586761 122 101 40 0 0 0
139.277 14 GPS 3 36040479 481364491 2744 197184 1248 -82 0 10526960 31 0
139.278 14 SVINFO 6 13 1 6 44 86 28
139.461 14 FBW_STATUS 2 0 1 12.5 0.18002
139.478 14 CALIBRATION -40.229805 0
139.479 14 DL_VALUE 39 0.
139.479 14 WP_MOVED 10 360889.21875 4813686. 215. 31
139.514 14 NAVIGATION 16 4 120.0625 49.5 0. 129.866287 122 101 40 0 0 0
139.528 14 GPS 3 36040131 481364518 2744 196898 1244 -75 0 10527240 31 0
139.577 14 ESTIMATOR 196.965088 -0.75
139.678 14 ENERGY 15 12.5 0.174478 2.18097 0.097835 1.222918
139.678 14 ATTITUDE 0.006288 4.709964 -0.060858
139.761 14 NAVIGATION 16 4 116.5625 49.5 0. 126.637543 122 101 40 0 0 0
139.777 14 GPS 3 36039834 481364542 2744 196649 1242 -80 0 10527480 31 0
139.977 14 WP_MOVED 11 360169.5 4813757.5 260. 31
140.016 14 NAVIGATION 16 4 113.5625 50. 0. 124.082397 122 101 40 0 0 0
140.027 14 GPS 3 36039537 481364565 2745 196396 1238 -78 0 10527720 31 0
140.027 14 SVINFO 2 9 1 2 41 30 188
140.077 14 NAVIGATION 16 4 110.625 50.5 0. 124.082397 122 101 40 0 0 0
140.078 14 ESTIMATOR 196.506378 -0.78
140.128 14 DESIRED 0.002404 -0.058882 0. 48.786743 55.399445 193.267517 -1.19074 13.
140.177 14 IR_SENSORS 0 0 7 -15 265
140.178 14 AIRSPEED 13.1 0. 0. 0.
140.179 14 ATTITUDE 0.006288 4.710498 -0.060858
140.260 14 NAVIGATION 16 4 110.625 50.5 0. 121.606499 123 102 41 0 0 0
140.277 14 FBW_STATUS 2 0 1 12.5 0.159618
140.277 14 SEGMENT 598.826965 11.351797 28.799999 57.
140.277 14 GPS 3 36039193 481364593 2745 196096 1235 -77 0 10528000 31 0
140.278 14 SVINFO 3 10 1 3 42 1 238
140.360 14 COMMANDS 1297,-44,10,0
140.378 14 GPS_SOL 483 483 483 7
140.478 14 WP_MOVED 12 360287.59375 4813581. 260. 31
140.510 14 NAVIGATION 16 4 107.15625 50.5 0. 118.459747 123 102 41 0 0 0
140.527 14 GPS 3 36038898 481364616 2746 195834 1230 -73 0 10528240 31 0
140.528 14 SVINFO 4 11 1 4 43 13 288
140.577 14 COMMANDS 1258,-4,-33,0
140.577 14 ESTIMATOR 196.004562 -0.73
140.677 14 AUTOPILOT_VERSION 51500 v5.15_devel-179-g9a29798-dirty
140.678 14 STATE_FILTER_STATUS 2 3 289
140.678 14 ATTITUDE 0.002528 4.711638 -0.057087
140.761 14 NAVIGATION 16 4 104.21875 50.5 0. 115.809319 123 102 41 0 0 0
140.777 14 ENERGY 12 12.5 0.140799 1.759988 0.098126 1.226556
140.777 14 GPS 3 36038604 481364640 2746 195567 1227 -77 0 10528480 31 0
140.778 14 SVINFO 5 12 1 5 44 55 338
140.877 14 PPRZ_MODE 2 3 2 1 0 6
140.977 14 ALIVE 101,248,228,24,166,140,12,35,201,240,56,234,1,216,147,12
140.978 14 DL_VALUE 40 0.
140.978 14 WP_MOVED 13 360311.5 4813547. 260. 31
