100.023 14 ATTITUDE -0.005245 4.72839 -0.000365
100.106 14 NAVIGATION 16 4 509.375 17.5 0. 509.675537 91 70 9 0 0 0
100.122 14 GPS 3 36079102 481361349 2756 216178 1305 -5 0 10093480 31 0
100.323 14 DL_VALUE 16 80.
100.324 14 WP_MOVED 10 360889.21875 4813686. 215. 31
100.357 14 NAVIGATION 16 4 506.28125 18. 0. 506.601135 91 70 9 0 0 0
100.372 14 GPS 3 36078790 481361379 2756 216183 1305 -18 0 10093720 31 0
100.422 14 NAVIGATION 16 4 503.15625 18.5 0. 506.601135 91 70 9 0 0 0
100.423 14 ESTIMATOR 216.119797 -0.18
100.522 14 AIRSPEED 13.2 0. 0. 0.
100.523 14 ATTITUDE -0.005245 4.726057 -0.000365
100.606 14 NAVIGATION 16 4 503.15625 18.5 0. 503.496246 92 71 10 0 0 0
100.622 14 GPS 3 36078478 481361410 2755 216188 1306 -31 0 10093960 31 0
100.706 14 COMMANDS 3212,0,-9,0
100.723 14 IR_SENSORS 0 0 23 -18 264
100.814 14 FBW_STATUS 2 0 1 12.5 0.461536
100.823 14 SEGMENT 598.826965 11.351797 28.799999 57.
100.823 14 DESIRED -0.005203 -0.001133 0. 438.40451 24.198551 215. -0.033594 13.
100.823 14 WP_MOVED 11 360169.5 4813757.5 260. 31
100.856 14 NAVIGATION 16 4 500.0625 18.5 0. 500.404572 92 71 10 0 0 0
100.873 14 GPS 3 36078113 481361444 2753 216196 1307 -15 0 10094240 31 0
100.874 14 SVINFO 4 11 1 4 31 8 268
100.922 14 COMMANDS 3226,21,36,0
100.922 14 ENERGY 33 12.5 0.46136 5.766997 0.083438 1.042943
100.922 14 ESTIMATOR 216.069962 -0.15
101.022 14 STATE_FILTER_STATUS 2 3 304
101.022 14 ATTITUDE -0.005245 4.722459 -0.004125
101.106 14 NAVIGATION 16 4 496.375 19. 0. 496.738495 92 71 10 0 0 0
101.122 14 GPS 3 36077801 481361473 2753 216203 1308 -37 0 10094480 31 0
101.222 14 PPRZ_MODE 2 3 2 1 0 6
101.223 14 CALIBRATION -66.457924 0
101.324 14 ALIVE 101,248,228,24,166,140,12,35,201,240,56,234,1,216,147,12
101.324 14 WP_MOVED 12 360287.59375 4813581. 260. 31
101.356 14 NAVIGATION 16 4 493.25 19. 0. 493.615814 92 71 10 0 0 0
101.372 14 GPS 3 36077488 481361502 2752 216212 1309 -19 0 10094720 31 0
101.422 14 NAVIGATION 16 4 490.125 19.5 0. 493.615814 92 71 10 0 0 0
101.422 14 ESTIMATOR 216.042419 -0.19
101.523 14 AIRSPEED 13.2 0. 0. 0.
101.524 14 ATTITUDE -0.005245 4.720083 -0.000365
101.606 14 NAVIGATION 16 4 490.125 19.5 0. 490.512756 93 72 11 0 0 0
101.623 14 FBW_STATUS 2 0 1 12.5 0.475706
101.623 14 GPS 3 36077174 481361531 2751 216223 1311 -22 0 10094960 31 0
101.722 14 GPS_SOL 301 301 301 7
101.826 14 DL_VALUE 17 0.
101.827 14 WP_MOVED 13 360311.5 4813547. 260. 31
101.857 14 NAVIGATION 16 4 487. 20. 0. 487.410492 93 72 11 0 0 0
101.871 14 DESIRED -0.002993 -0.001427 0. 422.231842 25.493671 215. -0.031606 13.
101.872 14 GPS 3 36076808 481361564 2751 216239 1313 -10 0 10095240 31 0
101.922 14 IR_SENSORS 0 0 22 -17 264
101.922 14 ESTIMATOR 216.060333 -0.1
102.023 14 SEGMENT 598.826965 11.351797 28.799999 57.
102.024 14 ENERGY 34 12.5 0.479975 5.999692 0.084305 1.053778
102.024 14 ATTITUDE -0.001473 4.717936 -0.004125
102.081 14 WIND_INFO 14 5 -0.1 1.1 0. 13.1
102.106 14 NAVIGATION 16 4 483.34375 20. 0. 483.757355 93 72 11 0 0 0
102.122 14 GPS 3 36076493 481361592 2750 216254 1315 -21 0 10095480 31 0
102.322 14 WP_MOVED 14 360300.6875 4813575.5 260. 31
102.358 14 NAVIGATION 16 4 480.15625 20.5 0. 480.593689 93 72 11 0 0 0
102.374 14 GPS 3 36076179 481361619 2750 216271 1316 -27 0 10095720 31 0
102.375 14 SVINFO 3 10 0 3 31 44 219
102.423 14 NAVIGATION 16 4 477.0625 21. 0. 480.593689 93 72 11 0 0 0
102.423 14 ESTIMATOR 216.098633 -0.27
102.522 14 AIRSPEED 13.1 0. 0. 0.
102.522 14 ATTITUDE -0.001473 4.716673 -0.000365
102.606 14 NAVIGATION 16 4 477.0625 21. 0. 477.524475 94 73 12 0 0 0
102.622 14 GPS 3 36075864 481361647 2750 216291 1317 -30 0 10095960 31 0
102.722 14 AUTOPILOT_VERSION 51500 v5.15_devel-179-g9a29798-dirty
102.818 14 FBW_STATUS 2 0 1 12.5 0.497139
102.823 14 WP_MOVED 15 360297.6875 4813554.5 260. 31
102.856 14 NAVIGATION 16 4 473.875 21. 0. 474.340088 94 73 12 0 0 0
102.871 14 GPS 3 36075495 481361679 2749 216317 1320 -22 0 10096240 31 0
102.871 14 SVINFO 5 12 0 5 32 4 319
102.922 14 DESIRED -0.000726 -0.001493 0. 409.110901 26.544405 215. -0.032937 13.
102.922 14 ESTIMATOR 216.09848 -0.22
103.023 14 ATTITUDE -0.001473 4.715837 -0.000365
103.106 14 NAVIGATION 16 4 470.21875 21. 0. 470.687439 94 73 12 0 0 0
103.123 14 IR_SENSORS 0 0 22 -16 264
103.123 14 ENERGY 35 12.5 0.501451 6.268139 0.085205 1.065029
103.123 14 GPS 3 36075179 481361706 2749 216341 1321 -7 0 10096480 31 0
103.222 14 DATALINK_REPORT 1 15 3062 540 0 0
103.222 14 SEGMENT 598.826965 11.351797 28.799999 57.
103.327 14 CALIBRATION -88.728119 0
103.327 14 DL_VALUE 18 1.
103.327 14 WP_MOVED 16 360683.46875 4813622.5 215. 31
103.357 14 NAVIGATION 16 4 467.0625 21.5 0. 467.557068 94 73 12 0 0 0
103.371 14 GPS 3 36074863 481361734 2749 216368 1323 -1 0 10096720 31 0
103.423 14 NAVIGATION 16 4 463.875 22. 0. 467.557068 94 73 12 0 0 0
103.423 14 ESTIMATOR 216.17067 -0.01
103.523 14 AIRSPEED 13.1 0. 0. 0.
103.523 14 ATTITUDE 0.0023 4.715672 -0.000365
103.606 14 NAVIGATION 16 4 460.6875 22. 0. 461.212494 95 74 13 0 0 0
103.623 14 FBW_STATUS 2 0 1 12.5 0.499114
103.624 14 GPS 3 36074546 481361761 2749 216396 1324 -3 0 10096960 31 0
103.722 14 GPS_SOL 304 304 304 7
103.823 14 WP_MOVED 17 360654.59375 4813624.5 215. 31
103.855 14 NAVIGATION 16 4 457. 22.5 0. 457.553558 95 74 13 0 0 0
103.871 14 GPS 3 36074177 481361793 2749 216432 1325 7 0 10097240 31 0
103.922 14 ESTIMATOR 216.273895 0.07
103.972 14 DESIRED -0.001667 -0.001671 0. 392.22406 27.896715 215. -0.038217 13.
104.022 14 ATTITUDE 0.0023 4.715457 -0.000365
104.106 14 NAVIGATION 16 4 453.84375 22.5 0. 454.401154 95 74 13 0 0 0
104.122 14 GPS 3 36073860 481361821 2749 216464 1325 10 0 10097480 31 0
104.222 14 ENERGY 35 12.5 0.492298 6.153724 0.086118 1.076441
104.329 14 IR_SENSORS 0 0 23 -16 264
104.329 14 WP_MOVED 18 360289. 4813605. 220. 31
104.355 14 NAVIGATION 16 4 453.84375 22.5 0. 454.401154 95 74 13 0 0 0
104.372 14 GPS 3 36073543 481361848 2749 216497 1325 5 0 10097720 31 0
104.422 14 SEGMENT 598.826965 11.351797 28.799999 57.
104.422 14 NAVIGATION 16 4 450.6875 23. 0. 454.401154 95 74 13 0 0 0
104.422 14 ESTIMATOR 216.395752 0.05
104.522 14 AIRSPEED 13.1 0. 0. 0.
104.523 14 ATTITUDE 0.0023 4.715249 -0.004125
104.606 14 NAVIGATION 16 4 450.6875 23. 0. 451.273987 96 75 14 0 0 0
104.622 14 GPS 3 36073226 481361875 2749 216530 1325 8 0 10097960 31 0
104.828 14 FBW_STATUS 2 0 1 12.5 0.485681
104.829 14 DL_VALUE 19 0.
104.829 14 WP_MOVED 19 360289. 4813610. 500. 31
104.855 14 NAVIGATION 16 4 447.5 23.5 0. 448.116608 96 75 14 0 0 0
104.872 14 GPS 3 36072856 481361907 2749 216568 1324 12 0 10098240 31 0
104.873 14 SVINFO 6 13 0 6 33 43 11
104.922 14 ESTIMATOR 216.487411 0.12
105.024 14 DESIRED -0.003273 -0.002006 0. 382.705017 28.65901 215. -0.043186 13.
105.024 14 ATTITUDE -0.001473 4.714876 -0.000365
105.106 14 NAVIGATION 16 4 443.8125 23.5 0. 444.434235 96 75 14 0 0 0
105.122 14 GPS 3 36072540 481361934 2748 216599 1323 2 0 10098480 31 0
105.330 14 ENERGY 34 12.5 0.480332 6.004144 0.087009 1.087578
105.331 14 WP_MOVED 20 360289. 4813620. 300. 31
105.356 14 NAVIGATION 16 4 440.65625 23.5 0. 441.28244 96 75 14 0 0 0
105.373 14 GPS 3 36072223 481361961 2748 216630 1322 13 0 10098720 31 0
105.422 14 CALIBRATION -77.061066 0
105.422 14 NAVIGATION 16 4 437.5 24. 0. 441.28244 96 75 14 0 0 0
105.423 14 ESTIMATOR 216.565643 0.13
105.523 14 IR_SENSORS 0 0 23 -17 264
105.523 14 AIRSPEED 13.1 0. 0. 0.
105.523 14 ATTITUDE -0.001473 4.714091 -0.000365
105.606 14 NAVIGATION 16 4 437.5 24. 0. 438.157806 97 76 15 0 0 0
105.622 14 FBW_STATUS 2 0 1 12.5 0.474285
105.623 14 SEGMENT 598.826965 11.351797 28.799999 57.
105.623 14 GPS 3 36071907 481361988 2748 216660 1321 25 0 10098960 31 0
105.624 14 SVINFO 2 9 1 2 31 78 171
105.706 14 COMMANDS 3271,7,-21,0
105.723 14 GPS_SOL 308 308 308 7
105.830 14 WP_MOVED 21 360289. 4813625. 400. 31
105.856 14 NAVIGATION 16 4 434.34375 24.5 0. 435.03418 97 76 15 0 0 0
105.873 14 GPS 3 36071539 481362019 2747 216693 1319 15 0 10099240 31 0
105.923 14 COMMANDS 3247,-4,22,0
105.923 14 ESTIMATOR 216.680771 0.15
106.022 14 STATE_FILTER_STATUS 2 3 303
106.022 14 ATTITUDE -0.001473 4.712112 -0.004125
106.072 14 DESIRED -0.002119 -0.002268 0. 369.55304 29.712229 215. -0.048421 13.
106.106 14 NAVIGATION 16 4 430.65625 24.5 0. 431.3526 97 76 15 0 0 0
106.122 14 GPS 3 36071223 481362045 2747 216720 1318 -5 0 10099480 31 0
106.123 14 SVINFO 4 11 0 4 32 3 271
106.223 14 PPRZ_MODE 2 3 2 1 0 6
106.330 14 ALIVE 101,248,228,24,166,140,12,35,201,240,56,234,1,216,147,12
106.330 14 DL_VALUE 20 0.
106.331 14 WP_MOVED 22 360289. 4813645. 250. 31
106.355 14 NAVIGATION 16 4 427.5 25. 0. 428.230377 97 76 15 0 0 0
106.372 14 GPS 3 36070908 481362071 2746 216744 1317 -6 0 10099720 31 0
106.372 14 SVINFO 5 12 1 5 33 7 321
106.421 14 ENERGY 33 12.5 0.464362 5.80453 0.087869 1.098326
106.422 14 NAVIGATION 16 4 424.34375 25.5 0. 428.230377 97 76 15 0 0 0
106.422 14 ESTIMATOR 216.715927 -0.06
106.522 14 AIRSPEED 13.1 0. 0. 0.
106.523 14 ATTITUDE -0.001473 4.710644 -0.000365
106.605 14 NAVIGATION 16 4 424.34375 25.5 0. 425.109253 98 77 16 0 0 0
106.622 14 GPS 3 36070594 481362096 2746 216767 1315 10 0 10099960 31 0
106.622 14 SVINFO 6 13 1 6 34 46 12
106.722 14 NAVIGATION_REF 360284 4813595 31 185.
106.723 14 IR_SENSORS 0 0 22 -17 264
106.805 14 FBW_STATUS 2 0 1 12.5 0.459772
106.838 14 SEGMENT 598.826965 11.351797 28.799999 57.
106.839 14 WP_MOVED 0 360326. 4813637. 260. 31
106.855 14 NAVIGATION 16 4 421.15625 25.5 0. 421.927521 98 77 16 0 0 0
106.873 14 GPS 3 36070227 481362126 2745 216791 1314 -5 0 10100240 31 0
106.921 14 ESTIMATOR 216.755264 -0.05
107.023 14 ATTITUDE -0.001473 4.708597 -0.004125
107.106 14 NAVIGATION 16 4 417.53125 25.5 0. 418.309204 98 77 16 0 0 0
107.123 14 DESIRED 0.002998 -0.002479 0. 352.768097 31.056381 215. -0.052658 13.
107.123 14 GPS 3 36069912 481362151 2745 216810 1313 15 0 10100480 31 0
107.331 14 WP_MOVED 1 360284. 4813595. 260. 31
107.357 14 NAVIGATION 16 4 414.375 26. 0. 415.18988 98 77 16 0 0 0
107.372 14 GPS 3 36069598 481362175 2745 216828 1312 16 0 10100720 31 0
107.421 14 NAVIGATION 16 4 411.25 26.5 0. 415.18988 98 77 16 0 0 0
107.421 14 ESTIMATOR 216.805374 0.16
107.523 14 CALIBRATION -60.313267 0
107.524 14 ENERGY 32 12.5 0.450621 5.63276 0.08871 1.108847
107.524 14 AIRSPEED 13.1 0. 0. 0.
107.524 14 ATTITUDE -0.001473 4.707067 -0.004125
107.606 14 NAVIGATION 16 4 411.25 26.5 0. 412.102905 99 78 17 0 0 0
107.623 14 FBW_STATUS 2 0 1 12.5 0.448339
107.623 14 GPS 3 36069284 481362200 2744 216845 1311 22 0 10100960 31 0
107.623 14 SVINFO 3 10 1 3 32 34 222
107.722 14 GPS_SOL 313 313 313 7
107.832 14 DL_VALUE 21 0.
107.832 14 WP_MOVED 2 360333.5 4813695. 260. 31
107.856 14 NAVIGATION 16 4 408.09375 26.5 0. 408.953247 99 78 17 0 0 0
107.873 14 GPS 3 36068919 481362228 2744 216862 1309 13 0 10101240 31 0
107.922 14 IR_SENSORS 0 0 22 -16 264
107.923 14 ESTIMATOR 216.890442 0.13
108.022 14 SEGMENT 598.826965 11.351797 28.799999 57.
108.023 14 ATTITUDE -0.001473 4.705767 -0.000365
108.106 14 NAVIGATION 16 4 404.4375 27. 0. 405.337738 99 78 17 0 0 0
108.122 14 GPS 3 36068606 481362253 2744 216875 1308 4 0 10101480 31 0
108.173 14 DESIRED 0.000764 -0.002682 0. 339.638428 32.107815 215. -0.056713 13.
108.333 14 DATALINK_REPORT 6 15 3188 537 0 0
108.334 14 WP_MOVED 3 360294.09375 4813785. 260. 31
108.356 14 NAVIGATION 16 4 401.34375 27. 0. 402.250946 99 78 17 0 0 0
108.372 14 GPS 3 36068293 481362277 2744 216885 1306 -1 0 10101720 31 0
108.423 14 NAVIGATION 16 4 398.15625 27. 0. 402.250946 99 78 17 0 0 0
108.423 14 ESTIMATOR 216.911469 -0.01
108.523 14 AIRSPEED 13.1 0. 0. 0.
108.523 14 ATTITUDE 0.0023 4.705233 -0.004125
108.606 14 NAVIGATION 16 4 398.15625 27. 0. 399.070679 100 79 18 0 0 0
108.622 14 ENERGY 31 12.5 0.436099 5.451235 0.089518 1.118943
108.623 14 GPS 3 36067981 481362301 2744 216893 1305 -13 0 10101960 31 0
108.806 14 FBW_STATUS 2 0 1 12.5 0.432615
108.834 14 WP_MOVED 4 360416.3125 4813734. 260. 31
108.855 14 NAVIGATION 16 4 395.0625 27.5 0. 396.018463 100 79 18 0 0 0
108.873 14 GPS 3 36067617 481362329 2744 216901 1303 -26 0 10102240 31 0
108.873 14 SVINFO 1 8 1 1 31 89 123
108.921 14 ESTIMATOR 216.879715 -0.26
109.023 14 ATTITUDE 0.006075 4.704976 -0.004125
109.106 14 NAVIGATION 16 4 391.40625 28. 0. 392.406494 100 79 18 0 0 0
109.122 14 IR_SENSORS 0 0 22 -15 264
109.122 14 GPS 3 36067305 481362353 2744 216905 1301 -9 0 10102480 31 0
109.223 14 SEGMENT 598.826965 11.351797 28.799999 57.
109.224 14 DESIRED 0.001331 -0.010148 0. 326.610657 33.151093 215. -0.215609 13.
109.342 14 DL_VALUE 22 0.
109.342 14 WP_MOVED 5 360421. 4813583.5 260. 31
109.356 14 NAVIGATION 16 4 388.28125 28. 0. 389.28952 100 79 18 0 0 0
109.372 14 GPS 3 36066994 481362378 2744 216906 1299 -16 0 10102720 31 0
109.422 14 NAVIGATION 16 4 385.15625 28. 0. 389.28952 100 79 18 0 0 0
109.423 14 ESTIMATOR 216.838684 -0.16
109.522 14 AIRSPEED 13.1 0. 0. 0.
109.522 14 ATTITUDE 0.0023 4.705572 -0.004125
109.606 14 NAVIGATION 16 4 385.15625 28. 0. 386.172699 101 80 19 0 0 0
109.624 14 CALIBRATION -48.533844 0
109.624 14 FBW_STATUS 2 0 1 12.5 0.38551
109.624 14 GPS 3 36066684 481362402 2744 216903 1295 2 0 10102960 31 0
109.625 14 SVINFO 4 11 1 4 33 1 273
109.722 14 GPS_SOL 319 319 319 7
109.723 14 ENERGY 27 12.5 0.366593 4.582413 0.090266 1.128291
109.837 14 WP_MOVED 6 360164.8125 4813664.5 260. 31
109.855 14 NAVIGATION 16 4 382.09375 28.5 0. 383.155182 101 80 19 0 0 0
109.872 14 GPS 3 36066324 481362431 2745 216891 1288 18 0 10103240 31 0
109.872 14 SVINFO 5 12 1 5 34 11 323
109.923 14 ESTIMATOR 216.846054 0.18
110.023 14 ATTITUDE 0.006075 4.706034 -0.004125
110.106 14 NAVIGATION 16 4 378.5 29. 0. 379.609344 101 80 19 0 0 0
110.122 14 GPS 3 36066017 481362455 2745 216872 1283 3 0 10103480 31 0
110.123 14 SVINFO 6 13 1 6 35 53 14
110.271 14 DESIRED 0.000668 -0.022587 0. 313.707062 34.184418 215. -0.464389 13.
110.332 14 IR_SENSORS 0 0 21 -16 264
110.332 14 WP_MOVED 7 360558.40625 4813804.5 260. 31
110.355 14 NAVIGATION 16 4 375.40625 29. 0. 376.524719 101 80 19 0 0 0
110.371 14 GPS 3 36065712 481362480 2745 216841 1276 5 0 10103720 31 0
110.371 14 SVINFO 0 7 0 0 31 65 74
110.422 14 SEGMENT 598.826965 11.351797 28.799999 57.
110.423 14 NAVIGATION 16 4 372.375 29.5 0. 376.524719 101 80 19 0 0 0
110.424 14 ESTIMATOR 216.880127 0.05
110.522 14 AIRSPEED 13.1 0. 0. 0.
110.522 14 ATTITUDE 0.0023 4.706226 -0.007888
110.605 14 NAVIGATION 16 4 372.375 29.5 0. 373.541687 102 81 20 0 0 0
110.622 14 GPS 3 36065408 481362504 2746 216796 1268 -7 0 10103960 31 0
110.706 14 COMMANDS 2085,-18,-205,0
110.806 14 FBW_STATUS 2 0 1 12.5 0.266886
110.843 14 DL_VALUE 23 0.
110.843 14 ENERGY 21 12.5 0.266886 3.336081 0.090843 1.135513
110.844 14 WP_MOVED 8 360882.8125 4813606.5 215. 31
110.856 14 NAVIGATION 16 4 365.8125 30. 0. 367.040558 102 81 20 0 0 0
110.873 14 GPS 3 36065057 481362533 2746 216722 1256 8 0 10104240 31 0
110.873 14 SVINFO 2 9 1 2 32 72 174
110.922 14 COMMANDS 1853,-18,-228,0
110.922 14 ESTIMATOR 216.817322 0.08
111.023 14 STATE_FILTER_STATUS 2 3 300
111.023 14 ATTITUDE -0.001473 4.705358 -0.015421
111.106 14 NAVIGATION 16 4 362.84375 30. 0. 364.081848 102 81 20 0 0 0
111.122 14 GPS 3 36064758 481362557 2746 216640 1249 15 0 10104480 31 0
111.123 14 SVINFO 3 10 0 3 33 28 224
111.222 14 PPRZ_MODE 2 3 2 1 0 6
111.347 14 ALIVE 101,248,228,24,166,140,12,35,201,240,56,234,1,216,147,12
111.347 14 DESIRED 0.001721 -0.038676 0. 298.071014 35.436565 213.981369 -0.776587 13.
111.348 14 WP_MOVED 9 360312.8125 4813652. 185. 31
111.357 14 NAVIGATION 16 4 359.875 30.5 0. 361.165161 102 81 20 0 0 0
111.372 14 GPS 3 36064462 481362581 2746 216537 1238 -4 0 10104720 31 0
111.422 14 NAVIGATION 16 4 359.875 30.5 0. 361.165161 102 81 20 0 0 0
111.423 14 ESTIMATOR 216.750351 -0.04
111.522 14 IR_SENSORS 0 0 17 -17 264
111.523 14 AIRSPEED 13.1 0. 0. 0.
111.523 14 ATTITUDE -0.001473 4.703683 -0.022961
111.606 14 NAVIGATION 16 4 356.9375 30.5 0. 358.23822 103 82 21 0 0 0
111.623 14 FBW_STATUS 2 0 1 12.5 0.165648
111.623 14 SEGMENT 598.826965 11.351797 28.799999 57.
111.623 14 GPS 3 36064168 481362604 2745 216410 1227 -18 0 10104960 31 0
111.722 14 CALIBRATION 31.12326 0
111.722 14 GPS_SOL 327 327 327 7
111.849 14 WP_MOVED 10 360889.21875 4813686. 215. 31
111.857 14 NAVIGATION 16 4 353.53125 30.5 0. 354.844452 103 82 21 0 0 0
111.874 14 GPS 3 36063829 481362631 2745 216232 1211 -62 0 10105240 31 0
111.922 14 ENERGY 12 12.5 0.140939 1.761734 0.091195 1.139905
111.922 14 ESTIMATOR 216.513214 -0.62
112.023 14 ATTITUDE -0.001473 4.700731 -0.030509
112.082 14 WIND_INFO 14 5 -0.1 1.1 0. 13.1
112.106 14 NAVIGATION 16 4 350.65625 31. 0. 352.023865 103 82 21 0 0 0
112.122 14 GPS 3 36063541 481362654 2745 216052 1205 -68 0 10105480 31 0
112.346 14 DL_VALUE 24 0.
112.347 14 WP_MOVED 11 360169.5 4813757.5 260. 31
112.357 14 NAVIGATION 16 4 347.8125 31.5 0. 349.235992 103 82 21 0 0 0
112.372 14 DESIRED 0.000253 -0.051196 0. 283.016174 36.64217 212.971085 -1.029192 13.
112.372 14 GPS 3 36063254 481362677 2745 215848 1197 -68 0 10105720 31 0
112.373 14 SVINFO 1 8 0 1 32 89 125
112.423 14 NAVIGATION 16 4 347.8125 31.5 0. 349.235992 103 82 21 0 0 0
112.423 14 ESTIMATOR 216.042328 -0.68
112.523 14 AIRSPEED 13.1 0. 0. 0.
112.524 14 ATTITUDE -0.001231 4.699134 -0.038249
112.606 14 NAVIGATION 16 4 344.9375 31.5 0. 346.372803 104 83 22 0 0 0
112.622 14 GPS 3 36062969 481362699 2745 215622 1189 -87 0 10105960 31 0
112.723 14 IR_SENSORS 0 0 12 -17 265
112.807 14 FBW_STATUS 2 0 1 12.5 0.098201
112.867 14 SEGMENT 598.826965 11.351797 28.799999 57.
112.868 14 WP_MOVED 12 360287.59375 4813581. 260. 31
112.869 14 NAVIGATION 16 4 341.65625 31.5 0. 343.105286 104 83 22 0 0 0
112.873 14 GPS 3 36062639 481362725 2744 215331 1180 -112 0 10106240 31 0
112.922 14 ESTIMATOR 215.523819 -1.12
113.023 14 ENERGY 8 12.5 0.092719 1.158991 0.091405 1.142528
113.024 14 ATTITUDE -0.001231 4.697241 -0.045781
113.106 14 NAVIGATION 16 4 338.8125 32. 0. 340.320312 104 83 22 0 0 0
113.122 14 GPS 3 36062357 481362747 2744 215061 1177 -129 0 10106480 31 0
113.123 14 SVINFO 4 11 1 4 34 0 275
113.322 14 WP_MOVED 13 360311.5 4813547. 260. 31
113.359 14 NAVIGATION 16 4 336. 32.5 0. 337.568146 104 83 22 0 0 0
113.372 14 GPS 3 36062076 481362769 2744 214773 1174 -137 0 10106720 31 0
113.372 14 SVINFO 5 12 1 5 35 16 325
113.422 14 DATALINK_REPORT 1 16 3316 547 0 0
113.422 14 DESIRED 0.000321 -0.055402 0. 271.199402 37.588463 211.961853 -1.113302 13.
113.422 14 NAVIGATION 16 4 336. 32.5 0. 337.568146 104 83 22 0 0 0
113.422 14 ESTIMATOR 214.848312 -1.37
113.522 14 AIRSPEED 13.1 0. 0. 0.
113.523 14 ATTITUDE 0.002528 4.696427 -0.049549
113.606 14 NAVIGATION 16 4 333.21875 32.5 0. 334.799927 105 84 23 0 0 0
113.622 14 FBW_STATUS 2 0 1 12.5 0.102017
113.623 14 GPS 3 36061795 481362791 2744 214472 1174 -148 0 10106960 31 0
113.623 14 SVINFO 6 13 1 6 36 59 16
113.723 14 GPS_SOL 335 335 335 7
113.823 14 AUTOPILOT_VERSION 51500 v5.15_devel-179-g9a29798-dirty
113.823 14 CALIBRATION 40.619858 0
113.853 14 DL_VALUE 25 0.
113.854 14 WP_MOVED 14 360300.6875 4813575.5 260. 31
113.857 14 NAVIGATION 16 4 329.9375 32.5 0. 331.534302 105 84 23 0 0 0
113.873 14 GPS 3 36061467 481362817 2744 214106 1176 -141 0 10107240 31 0
113.922 14 IR_SENSORS 0 0 9 -16 265
113.922 14 ESTIMATOR 214.121719 -1.41
114.023 14 SEGMENT 598.826965 11.351797 28.799999 57.
114.024 14 ATTITUDE 0.002528 4.696348 -0.053317
114.107 14 NAVIGATION 16 4 327.09375 33. 0. 328.754181 105 84 23 0 0 0
114.122 14 ENERGY 11 12.5 0.117532 1.469155 0.091595 1.144911
114.122 14 GPS 3 36061185 481362839 2744 213785 1178 -149 0 10107480 31 0
114.322 14 WP_MOVED 15 360297.6875 4813554.5 260. 31
114.366 14 NAVIGATION 16 4 324.28125 33. 0. 325.956024 105 84 23 0 0 0
114.374 14 GPS 3 36060902 481362861 2744 213461 1182 -151 0 10107720 31 0
114.375 14 SVINFO 2 9 1 2 33 66 176
114.422 14 NAVIGATION 16 4 324.28125 33. 0. 325.956024 105 84 23 0 0 0
114.422 14 ESTIMATOR 213.416275 -1.51
114.472 14 DESIRED 0.00313 -0.055144 0. 259.515503 38.52412 210.936371 -1.108152 13.
114.522 14 AIRSPEED 13.1 0. 0. 0.
114.523 14 ATTITUDE 0.002528 4.697225 -0.057087
114.607 14 NAVIGATION 16 4 321.40625 33.5 0. 323.147369 106 85 24 0 0 0
114.623 14 GPS 3 36060618 481362883 2745 213136 1187 -167 0 10107960 31 0
114.624 14 SVINFO 3 10 1 3 34 23 226
114.805 14 FBW_STATUS 2 0 1 12.5 0.140519
114.823 14 WP_MOVED 16 360683.46875 4813622.5 215. 31
114.857 14 NAVIGATION 16 4 318.09375 33.5 0. 319.852905 106 85 24 0 0 0
114.872 14 GPS 3 36060285 481362909 2745 212759 1194 -167 0 10108240 31 0
114.873 14 SVINFO 4 11 1 4 35 0 276
114.922 14 ESTIMATOR 212.675247 -1.67
115.023 14 ATTITUDE 0.002528 4.699321 -0.057087
115.106 14 NAVIGATION 16 4 315.25 34. 0. 317.078156 106 85 24 0 0 0
115.122 14 IR_SENSORS 0 0 8 -16 265
115.122 14 GPS 3 36059998 481362932 2745 212439 1198 -161 0 10108480 31 0
115.122 14 SVINFO 5 12 1 5 36 19 326
115.223 14 SEGMENT 598.826965 11.351797 28.799999 57.
115.224 14 ENERGY 14 12.5 0.158616 1.982705 0.091845 1.148035
115.323 14 DL_VALUE 26 160.
115.323 14 WP_MOVED 17 360654.59375 4813624.5 215. 31
115.357 14 NAVIGATION 16 4 312.375 34. 0. 314.219879 106 85 24 0 0 0
115.373 14 GPS 3 36059710 481362955 2745 212125 1204 -154 0 10108720 31 0
115.373 14 SVINFO 6 13 1 6 37 62 17
115.422 14 NAVIGATION 16 4 312.375 34. 0. 314.219879 106 85 24 0 0 0
115.422 14 ESTIMATOR 211.959198 -1.54
115.523 14 DESIRED 0.002066 -0.0555 0. 247.605591 39.477875 209.891052 -1.115263 13.
115.523 14 AIRSPEED 13.1 0. 0. 0.
115.524 14 ATTITUDE 0.002528 4.700804 -0.057087
115.606 14 NAVIGATION 16 4 312.375 34. 0. 314.219879 107 86 25 0 0 0
115.623 14 FBW_STATUS 2 0 1 12.5 0.166945
115.624 14 GPS 3 36059372 481362983 2746 211766 1210 -152 0 10109000 31 0
115.626 14 SVINFO 0 7 0 0 32 73 77
115.705 14 COMMANDS 1420,-3,19,0
115.722 14 NAVIGATION_REF 360284 4813595 31 185.
115.722 14 GPS_SOL 345 345 345 7
115.823 14 WP_MOVED 18 360289. 4813605. 220. 31
115.859 14 NAVIGATION 16 4 308.96875 34.5 0. 310.888947 107 86 25 0 0 0
115.872 14 GPS 3 36059082 481363006 2746 211465 1216 -138 0 10109240 31 0
115.873 14 SVINFO 1 8 0 1 33 89 127
115.922 14 COMMANDS 1457,-16,21,0
115.922 14 CALIBRATION -15.365594 0
115.922 14 ESTIMATOR 211.30043 -1.38
116.023 14 STATE_FILTER_STATUS 2 3 289
116.023 14 ATTITUDE 0.002528 4.702542 -0.057087
116.106 14 NAVIGATION 16 4 306.0625 34.5 0. 308.000824 107 86 25 0 0 0
116.123 14 GPS 3 36058790 481363030 2746 211171 1219 -120 0 10109480 31 0
116.223 14 PPRZ_MODE 2 3 2 1 0 6
116.322 14 ALIVE 101,248,228,24,166,140,12,35,201,240,56,234,1,216,147,12
116.323 14 IR_SENSORS 0 0 8 -16 265
116.323 14 ENERGY 15 12.5 0.178705 2.233809 0.092157 1.151937
116.323 14 WP_MOVED 19 360289. 4813610. 500. 31
116.356 14 NAVIGATION 16 4 303.15625 35. 0. 305.169983 107 86 25 0 0 0
116.373 14 GPS 3 36058497 481363054 2746 210884 1223 -119 0 10109720 31 0
116.422 14 SEGMENT 598.826965 11.351797 28.799999 57.
116.422 14 NAVIGATION 16 4 300.21875 35. 0. 305.169983 107 86 25 0 0 0
116.422 14 ESTIMATOR 210.755341 -1.19
116.523 14 AIRSPEED 13.1 0. 0. 0.
116.523 14 ATTITUDE 0.002528 4.703297 -0.057087
116.573 14 DESIRED -5.8e-05 -0.054738 0. 238.365967 40.217793 209.891052 -1.100033 13.
116.606 14 NAVIGATION 16 4 300.21875 35. 0. 302.252045 108 87 26 0 0 0
116.622 14 GPS 3 36058204 481363077 2746 210602 1226 -121 0 10109960 31 0
116.805 14 FBW_STATUS 2 0 1 12.5 0.177974
116.822 14 DL_VALUE 27 0.
116.822 14 WP_MOVED 20 360289. 4813620. 300. 31
116.858 14 NAVIGATION 16 4 297.28125 35. 0. 299.334503 108 87 26 0 0 0
116.872 14 GPS 3 36057861 481363105 2746 210280 1228 -123 0 10110240 31 0
116.922 14 ESTIMATOR 210.21492 -1.23
117.023 14 ATTITUDE 0.002528 4.703321 -0.057087
117.106 14 NAVIGATION 16 4 293.84375 35.5 0. 295.980408 108 87 26 0 0 0
117.123 14 GPS 3 36057567 481363129 2746 210008 1229 -133 0 10110480 31 0
117.322 14 WP_MOVED 21 360289. 4813625. 400. 31
117.381 14 NAVIGATION 16 4 290.9375 36. 0. 293.156311 108 87 26 0 0 0
117.381 14 GPS 3 36057273 481363153 2746 209740 1231 -119 0 10110720 31 0
117.421 14 ENERGY 16 12.5 0.188099 2.351236 0.09249 1.156096
117.421 14 NAVIGATION 16 4 287.96875 36. 0. 293.156311 108 87 26 0 0 0
117.421 14 ESTIMATOR 209.644547 -1.19
117.523 14 IR_SENSORS 0 0 8 -16 265
117.523 14 AIRSPEED 13.1 0. 0. 0.
117.523 14 ATTITUDE 0.002528 4.703589 -0.057087
117.606 14 NAVIGATION 16 4 287.96875 36. 0. 290.210266 109 88 27 0 0 0
117.622 14 FBW_STATUS 2 0 1 12.5 0.189427
117.622 14 SEGMENT 598.826965 11.351797 28.799999 57.
117.623 14 DESIRED 0.001471 -0.056386 0. 223.195709 41.43264 207.748627 -1.13298 13.
117.623 14 GPS 3 36056978 481363177 2746 209475 1232 -129 0 10110960 31 0
117.722 14 GPS_SOL 356 356 356 7
117.823 14 WP_MOVED 22 360289. 4813645. 250. 31
117.860 14 NAVIGATION 16 4 285. 36. 0. 287.264679 109 88 27 0 0 0
117.874 14 GPS 3 36056633 481363205 2746 209169 1234 -115 0 10111240 31 0
117.875 14 SVINFO 2 9 0 2 34 61 178
117.922 14 ESTIMATOR 209.080734 -1.15
118.022 14 CALIBRATION -30.719221 0
118.022 14 ATTITUDE 0.002528 4.704398 -0.057087
118.106 14 NAVIGATION 16 4 281.5625 36.5 0. 283.918457 109 88 27 0 0 0
118.122 14 GPS 3 36056338 481363229 2746 208910 1234 -114 0 10111480 31 0
118.123 14 SVINFO 3 10 1 3 35 17 228
118.323 14 DL_VALUE 28 0.32
118.323 14 WP_MOVED 0 360326. 4813637. 260. 31
118.359 14 NAVIGATION 16 4 278.625 37. 0. 281.070984 109 88 27 0 0 0
118.371 14 GPS 3 36056043 481363253 2746 208653 1235 -114 0 10111720 31 0
118.372 14 SVINFO 4 11 0 4 36 0 278
118.422 14 NAVIGATION 16 4 275.6875 37. 0. 281.070984 109 88 27 0 0 0
118.422 14 ESTIMATOR 208.56778 -1.14
118.523 14 DATALINK_REPORT 6 16 3449 561 0 0
118.524 14 ENERGY 16 12.5 0.192533 2.406661 0.092837 1.160433
118.524 14 AIRSPEED 13.1 0. 0. 0.
118.524 14 ATTITUDE 0.002528 4.704745 -0.057087
118.606 14 NAVIGATION 16 4 275.6875 37. 0. 278.159302 110 89 28 0 0 0
118.623 14 GPS 3 36055747 481363277 2746 208397 1235 -115 0 10111960 31 0
118.623 14 SVINFO 5 12 1 5 37 24 328
118.673 14 DESIRED 0.001099 -0.056701 0. 210.913116 42.416237 206.670609 -1.136576 13.
118.722 14 IR_SENSORS 0 0 9 -17 265
118.806 14 FBW_STATUS 2 0 1 12.5 0.187951
118.822 14 SEGMENT 598.826965 11.351797 28.799999 57.
118.823 14 WP_MOVED 1 360284. 4813595. 260. 31
118.861 14 NAVIGATION 16 4 272.71875 37. 0. 275.217224 110 89 28 0 0 0
118.872 14 GPS 3 36055402 481363305 2746 208102 1235 -117 0 10112240 31 0
118.873 14 SVINFO 6 13 1 6 38 67 19
118.922 14 ESTIMATOR 208.044556 -1.17
119.022 14 ATTITUDE -0.001231 4.704337 -0.053317
119.106 14 NAVIGATION 16 4 269.25 37.5 0. 271.848877 110 89 28 0 0 0
119.123 14 GPS 3 36055106 481363329 2746 207849 1235 -109 0 10112480 31 0
119.124 14 SVINFO 0 7 0 0 33 78 79
119.323 14 WP_MOVED 2 360333.5 4813695. 260. 31
119.368 14 NAVIGATION 16 4 266.28125 38. 0. 268.979004 110 89 28 0 0 0
119.375 14 GPS 3 36054811 481363353 2746 207597 1236 -104 0 10112720 31 0
119.376 14 SVINFO 1 8 1 1 34 88 129
119.422 14 NAVIGATION 16 4 263.375 38. 0. 268.979004 110 89 28 0 0 0
119.422 14 ESTIMATOR 207.528259 -1.04
119.522 14 AIRSPEED 13.1 0. 0. 0.
119.522 14 ATTITUDE -0.001231 4.703936 -0.057087
119.606 14 NAVIGATION 16 4 263.375 38. 0. 266.102203 111 90 29 0 0 0
119.623 14 FBW_STATUS 2 0 1 12.5 0.190313
119.624 14 ENERGY 16 12.5 0.190313 2.378918 0.093186 1.164793
119.624 14 GPS 3 36054515 481363377 2746 207345 1236 -118 0 10112960 31 0
119.624 14 SVINFO 2 9 1 2 35 58 179
119.722 14 GPS_SOL 367 367 367 7
119.722 14 DESIRED 0.001415 -0.056802 0. 198.599518 43.402321 205.589859 -1.138615 13.
119.823 14 DL_VALUE 29 0.
119.823 14 WP_MOVED 3 360294.09375 4813785. 260. 31
119.866 14 NAVIGATION 16 4 260.40625 38.5 0. 263.236908 111 90 29 0 0 0
119.877 14 GPS 3 36054170 481363405 2745 207051 1235 -129 0 10113240 31 0
119.923 14 IR_SENSORS 0 0 8 -17 265
119.924 14 ESTIMATOR 207.007919 -1.29
120.022 14 SEGMENT 598.826965 11.351797 28.799999 57.
120.023 14 ATTITUDE -0.001231 4.703087 -0.057087
120.106 14 NAVIGATION 16 4 256.9375 38.5 0. 259.805939 111 90 29 0 0 0
120.123 14 CALIBRATION -34.013268 0
120.123 14 GPS 3 36053874 481363428 2745 206798 1235 -122 0 10113480 31 0
120.124 14 SVINFO 4 11 0 4 37 0 279
120.323 14 WP_MOVED 4 360416.3125 4813734. 260. 31
120.369 14 NAVIGATION 16 4 253.96875 38.5 0. 256.870361 111 90 29 0 0 0
120.373 14 GPS 3 36053579 481363452 2745 206546 1236 -114 0 10113720 31 0
120.374 14 SVINFO 5 12 1 5 38 27 329
120.422 14 NAVIGATION 16 4 251.0625 39. 0. 256.870361 111 90 29 0 0 0
120.423 14 ESTIMATOR 206.444473 -1.14
120.523 14 AIRSPEED 13.1 0. 0. 0.
120.523 14 ATTITUDE -0.001231 4.702698 -0.057087
120.606 14 NAVIGATION 16 4 251.0625 39. 0. 254.073563 112 91 30 0 0 0
120.623 14 GPS 3 36053283 481363475 2745 206293 1237 -110 0 10113960 31 0
120.623 14 SVINFO 6 13 0 6 39 70 20
120.706 14 COMMANDS 1569,22,2,0
120.723 14 ENERGY 16 12.5 0.191497 2.393708 0.093539 1.169208
120.773 14 DESIRED 0.001732 -0.056838 0. 186.285919 44.388405 204.509109 -1.139326 13.
120.806 14 FBW_STATUS 2 0 1 12.5 0.191349
120.823 14 WP_MOVED 5 360421. 4813583.5 260. 31
120.874 14 NAVIGATION 16 4 248.09375 39.5 0. 251.218552 112 91 30 0 0 0
120.875 14 GPS 3 36052937 481363503 2744 206000 1237 -130 0 10114240 31 0
120.923 14 COMMANDS 1596,10,7,0
120.924 14 ESTIMATOR 205.939667 -1.3
121.022 14 STATE_FILTER_STATUS 2 3 289
121.022 14 ATTITUDE 0.002528 4.701769 -0.057087
121.106 14 NAVIGATION 16 4 244.625 39.5 0. 247.793549 112 91 30 0 0 0
121.122 14 IR_SENSORS 0 0 8 -16 265
121.123 14 GPS 3 36052641 481363526 2744 205749 1237 -132 0 10114480 31 0
121.223 14 PPRZ_MODE 2 3 2 1 0 6
121.223 14 SEGMENT 598.826965 11.351797 28.799999 57.
121.323 14 ALIVE 101,248,228,24,166,140,12,35,201,240,56,234,1,216,147,12
121.324 14 DL_VALUE 30 0.01
121.324 14 WP_MOVED 6 360164.8125 4813664.5 260. 31
121.369 14 NAVIGATION 16 4 241.65625 39.5 0. 244.863205 112 91 30 0 0 0
121.373 14 GPS 3 36052345 481363549 2744 205499 1238 -130 0 10114720 31 0
121.422 14 NAVIGATION 16 4 238.6875 40. 0. 244.863205 112 91 30 0 0 0
121.422 14 ESTIMATOR 205.365417 -1.3
121.522 14 AIRSPEED 13.1 0. 0. 0.
121.522 14 ATTITUDE 0.002528 4.701682 -0.057087
121.606 14 NAVIGATION 16 4 238.6875 40. 0. 242.015961 113 92 31 0 0 0
121.623 14 FBW_STATUS 2 0 1 12.5 0.208351
121.623 14 GPS 3 36052048 481363572 2744 205250 1239 -103 0 10114960 31 0
121.624 14 SVINFO 3 10 0 3 36 13 230
121.722 14 GPS_SOL 380 380 380 7
121.823 14 ENERGY 16 12.5 0.198624 2.482794 0.093905 1.173783
121.823 14 DESIRED 0.002506 -0.056794 0. 173.910187 45.379463 203.422913 -1.141147 13.
121.824 14 WP_MOVED 7 360558.40625 4813804.5 260. 31
121.868 14 NAVIGATION 16 4 235.71875 40.5 0. 239.172699 113 92 31 0 0 0
121.871 14 GPS 3 36051702 481363600 2745 204961 1240 -114 0 10115240 31 0
121.921 14 ESTIMATOR 204.868713 -1.14
122.023 14 ATTITUDE 0.002528 4.702125 -0.057087
122.084 14 WIND_INFO 14 5 -0.1 1.1 0. 13.1
122.106 14 NAVIGATION 16 4 232.28125 40.5 0. 235.785553 113 92 31 0 0 0
122.122 14 GPS 3 36051405 481363623 2745 204715 1240 -110 0 10115480 31 0
122.223 14 CALIBRATION -41.465355 0
122.322 14 IR_SENSORS 0 0 8 -16 265
122.322 14 WP_MOVED 8 360882.8125 4813606.5 215. 31
122.378 14 NAVIGATION 16 4 229.28125 40.5 0. 232.830719 113 92 31 0 0 0
122.378 14 GPS 3 36051108 481363647 2745 204469 1241 -134 0 10115720 31 0
122.422 14 SEGMENT 598.826965 11.351797 28.799999 57.
122.422 14 NAVIGATION 16 4 226.34375 41. 0. 232.830719 113 92 31 0 0 0
122.422 14 ESTIMATOR 204.374985 -1.34
122.523 14 AIRSPEED 13.1 0. 0. 0.
122.524 14 ATTITUDE 0.002528 4.702674 -0.057087
122.605 14 NAVIGATION 16 4 226.34375 41. 0. 230.027161 114 93 32 0 0 0
122.622 14 GPS 3 36050811 481363670 2745 204223 1241 -133 0 10115960 31 0
122.622 14 SVINFO 0 7 0 0 34 82 81
122.806 14 FBW_STATUS 2 0 1 12.5 0.206849
122.822 14 DL_VALUE 31 0.1
122.823 14 WP_MOVED 9 360312.8125 4813652. 185. 31
122.874 14 NAVIGATION 16 4 223.375 41.5 0. 227.197357 114 93 32 0 0 0
122.880 14 DESIRED -0.000194 -0.056639 0. 158.575897 46.607445 202.339432 -1.138053 13.
122.881 14 GPS 3 36050464 481363698 2745 203938 1242 -130 0 10116240 31 0
122.882 14 SVINFO 1 8 0 1 35 86 131
122.922 14 ENERGY 17 12.5 0.209554 2.619427 0.094279 1.178455
122.922 14 ESTIMATOR 203.801682 -1.3
123.024 14 ATTITUDE 0.002528 4.703433 -0.057087
123.106 14 NAVIGATION 16 4 219.875 41.5 0. 223.757156 114 93 32 0 0 0
123.122 14 GPS 3 36050167 481363722 2745 203694 1243 -138 0 10116480 31 0
123.123 14 SVINFO 2 9 0 2 36 51 181
123.322 14 WP_MOVED 10 360889.21875 4813686. 215. 31
123.371 14 NAVIGATION 16 4 216.9375 41.5 0. 220.871292 114 93 32 0 0 0
123.372 14 GPS 3 36049869 481363746 2745 203451 1244 -136 0 10116720 31 0
123.373 14 SVINFO 3 10 1 3 37 11 231
123.421 14 NAVIGATION 16 4 213.9375 42. 0. 220.871292 114 93 32 0 0 0
123.421 14 ESTIMATOR 203.255249 -1.36
123.523 14 IR_SENSORS 0 0 8 -16 265
123.524 14 AIRSPEED 13.1 0. 0. 0.
123.524 14 ATTITUDE 0.002528 4.703966 -0.057087
123.606 14 NAVIGATION 16 4 213.9375 42. 0. 218.021225 115 94 33 0 0 0
123.623 14 DATALINK_REPORT 2 17 3582 561 0 0
123.623 14 FBW_STATUS 2 0 1 12.5 0.225466
123.623 14 SEGMENT 598.826965 11.351797 28.799999 57.
123.623 14 GPS 3 36049571 481363770 2745 203210 1246 -140 0 10116960 31 0
123.624 14 SVINFO 4 11 1 4 38 1 281
123.721 14 GPS_SOL 393 393 393 7
123.822 14 WP_MOVED 11 360169.5 4813757.5 260. 31
123.878 14 NAVIGATION 16 4 210.96875 42.5 0. 215.207016 115 94 33 0 0 0
123.879 14 GPS 3 36049222 481363798 2745 202931 1248 -139 0 10117240 31 0
123.879 14 SVINFO 5 12 1 5 39 33 331
123.923 14 DESIRED -0.00051 -0.056807 0. 146.169128 47.60099 201.250504 -1.141399 13.
123.923 14 ESTIMATOR 202.71553 -1.39
124.022 14 ENERGY 19 12.5 0.229593 2.86991 0.094683 1.183501
124.022 14 ATTITUDE 0.002528 4.704272 -0.057087
124.106 14 NAVIGATION 16 4 207.5 42.5 0. 211.807693 115 94 33 0 0 0
124.122 14 GPS 3 36048923 481363822 2745 202694 1250 -120 0 10117480 31 0
124.123 14 SVINFO 6 13 1 6 40 75 22
124.323 14 CALIBRATION -65.448837 0
124.323 14 DL_VALUE 32 0.
124.323 14 WP_MOVED 12 360287.59375 4813581. 260. 31
124.378 14 NAVIGATION 16 4 204.5 42.5 0. 208.869583 115 94 33 0 0 0
124.379 14 GPS 3 36048624 481363846 2745 202459 1251 -106 0 10117720 31 0
124.423 14 NAVIGATION 16 4 201.5 43. 0. 208.869583 115 94 33 0 0 0
124.423 14 ESTIMATOR 202.230743 -1.06
124.523 14 AIRSPEED 13.1 0. 0. 0.
124.523 14 ATTITUDE 0.002528 4.704178 -0.053317
124.606 14 NAVIGATION 16 4 201.5 43. 0. 206.037018 116 95 34 0 0 0
124.622 14 GPS 3 36048324 481363870 2745 202227 1253 -125 0 10117960 31 0
124.723 14 NAVIGATION_REF 360284 4813595 31 185.
124.724 14 IR_SENSORS 0 0 8 -16 265
124.806 14 FBW_STATUS 2 0 1 12.5 0.228369
124.822 14 SEGMENT 598.826965 11.351797 28.799999 57.
124.822 14 WP_MOVED 13 360311.5 4813547. 260. 31
124.893 14 NAVIGATION 16 4 198.5 43. 0. 203.104034 116 95 34 0 0 0
124.894 14 GPS 3 36047974 481363898 2745 201958 1254 -129 0 10118240 31 0
124.922 14 AUTOPILOT_VERSION 51500 v5.15_devel-179-g9a29798-dirty
124.923 14 ESTIMATOR 201.781464 -1.29
124.973 14 DESIRED 0.003498 -0.057356 0. 133.740021 48.596321 200.158844 -1.152382 13.
125.023 14 ATTITUDE 0.002528 4.704416 -0.057087
125.106 14 NAVIGATION 16 4 195. 43.5 0. 199.793015 116 95 34 0 0 0
125.123 14 ENERGY 19 12.5 0.232659 2.908237 0.095106 1.188785
125.123 14 GPS 3 36047674 481363922 2745 201730 1254 -133 0 10118480 31 0
125.322 14 WP_MOVED 14 360300.6875 4813575.5 260. 31
125.379 14 NAVIGATION 16 4 191.96875 44. 0. 196.946686 116 95 34 0 0 0
125.380 14 GPS 3 36047373 481363946 2746 201502 1255 -136 0 10118720 31 0
125.380 14 SVINFO 4 11 1 4 39 2 282
125.421 14 NAVIGATION 16 4 188.96875 44. 0. 196.946686 116 95 34 0 0 0
125.422 14 ESTIMATOR 201.274719 -1.36
125.522 14 AIRSPEED 13.1 0. 0. 0.
125.522 14 ATTITUDE 0.002528 4.704918 -0.057087
125.606 14 NAVIGATION 16 4 188.96875 44. 0. 194.023682 117 96 35 0 0 0
125.623 14 FBW_STATUS 2 0 1 12.5 0.244845
125.623 14 GPS 3 36047072 481363970 2746 201276 1257 -154 0 10118960 31 0
125.624 14 SVINFO 5 12 1 5 40 36 332
125.707 14 COMMANDS 1918,19,-11,0
125.722 14 GPS_SOL 407 407 407 7
125.822 14 DL_VALUE 33 0.15
125.823 14 WP_MOVED 15 360297.6875 4813554.5 260. 31
125.855 14 NAVIGATION 16 4 185.96875 44. 0. 191.103043 117 96 35 0 0 0
125.890 14 GPS 3 36046721 481363999 2745 201014 1259 -145 0 10119240 31 0
125.890 14 SVINFO 6 13 1 6 41 77 23
125.922 14 COMMANDS 1959,30,-8,0
125.922 14 IR_SENSORS 0 0 8 -17 265
125.922 14 ESTIMATOR 200.734207 -1.45
126.023 14 STATE_FILTER_STATUS 2 3 289
126.024 14 SEGMENT 598.826965 11.351797 28.799999 57.
126.024 14 DESIRED 0.00285 -0.057628 0. 121.209076 49.599808 199.059021 -1.157819 13.
126.024 14 ATTITUDE 0.002528 4.705105 -0.057087
126.106 14 NAVIGATION 16 4 182.4375 44.5 0. 187.786285 117 96 35 0 0 0
126.123 14 GPS 3 36046419 481364023 2745 200792 1260 -117 0 10119480 31 0
126.123 14 SVINFO 0 7 0 0 35 85 83
126.223 14 PPRZ_MODE 2 3 2 1 0 6
126.224 14 ENERGY 20 12.5 0.253243 3.165539 0.095554 1.194396
126.323 14 ALIVE 101,248,228,24,166,140,12,35,201,240,56,234,1,216,147,12
126.323 14 WP_MOVED 16 360683.46875 4813622.5 215. 31
126.356 14 NAVIGATION 16 4 179.4375 45. 0. 184.994095 117 96 35 0 0 0
126.386 14 GPS 3 36046117 481364047 2745 200571 1262 -95 0 10119720 31 0
126.387 14 SVINFO 1 8 0 1 36 83 133
126.423 14 CALIBRATION -83.50061 0
126.423 14 NAVIGATION 16 4 176.40625 45. 0. 184.994095 117 96 35 0 0 0
126.424 14 ESTIMATOR 200.285843 -0.95
126.522 14 AIRSPEED 13.1 0. 0. 0.
126.522 14 ATTITUDE 0.002528 4.705037 -0.057087
126.606 14 NAVIGATION 16 4 176.40625 45. 0. 182.055389 118 97 36 0 0 0
126.622 14 GPS 3 36045815 481364071 2745 200353 1264 -111 0 10119960 31 0
126.623 14 SVINFO 2 9 1 2 37 45 183
126.806 14 FBW_STATUS 2 0 1 12.5 0.243296
126.823 14 WP_MOVED 17 360654.59375 4813624.5 215. 31
126.856 14 NAVIGATION 16 4 173.40625 45. 0. 179.150009 118 97 36 0 0 0
126.889 14 GPS 3 36045462 481364099 2745 200100 1264 -102 0 10120240 31 0
126.889 14 SVINFO 3 10 1 3 38 7 233
126.922 14 ESTIMATOR 199.913605 -1.02
127.023 14 ATTITUDE 0.002528 4.70529 -0.057087
127.073 14 DESIRED 0.003545 -0.05824 0. 108.647034 50.605782 197.956467 -1.170056 13.
127.106 14 NAVIGATION 16 4 169.875 45.5 0. 175.862915 118 97 36 0 0 0
127.122 14 IR_SENSORS 0 0 8 -16 265
127.123 14 GPS 3 36045160 481364124 2745 199884 1264 -129 0 10120480 31 0
127.223 14 SEGMENT 598.826965 11.351797 28.799999 57.
127.322 14 DL_VALUE 34 0.05
127.322 14 ENERGY 20 12.5 0.245931 3.074135 0.096006 1.20004
127.323 14 WP_MOVED 18 360289. 4813605. 220. 31
127.356 14 NAVIGATION 16 4 166.84375 46. 0. 173.068878 118 97 36 0 0 0
127.390 14 GPS 3 36044857 481364148 2745 199668 1263 -136 0 10120720 31 0
127.423 14 NAVIGATION 16 4 163.8125 46. 0. 173.068878 118 97 36 0 0 0
127.423 14 ESTIMATOR 199.464447 -1.36
127.522 14 AIRSPEED 13.1 0. 0. 0.
127.522 14 ATTITUDE 0.002528 4.705299 -0.057087
127.605 14 NAVIGATION 16 4 163.8125 46. 0. 170.148575 119 98 37 0 0 0
127.623 14 FBW_STATUS 2 0 1 12.5 0.252775
127.623 14 GPS 3 36044504 481364176 2745 199416 1264 -136 0 10121000 31 0
127.722 14 GPS_SOL 421 421 421 7
127.822 14 WP_MOVED 19 360289. 4813610. 500. 31
127.855 14 NAVIGATION 16 4 160.28125 46. 0. 166.751541 119 98 37 0 0 0
127.891 14 GPS 3 36044202 481364201 2745 199200 1265 -143 0 10121240 31 0
127.892 14 SVINFO 0 7 0 0 36 86 84
127.923 14 ESTIMATOR 198.94693 -1.43
128.022 14 ATTITUDE -0.001231 4.705335 -0.057087
128.105 14 NAVIGATION 16 4 157.25 46.5 0. 163.98114 119 98 37 0 0 0
128.123 14 DESIRED 0.001603 -0.05831 0. 92.474426 51.900902 196.851196 -1.168765 13.
128.124 14 GPS 3 36043899 481364225 2745 198984 1265 -143 0 10121480 31 0
128.124 14 SVINFO 1 8 1 1 37 81 134
128.322 14 IR_SENSORS 0 0 8 -17 265
128.322 14 WP_MOVED 20 360289. 4813620. 300. 31
128.356 14 NAVIGATION 16 4 154.25 46.5 0. 161.106522 119 98 37 0 0 0
128.385 14 GPS 3 36043596 481364249 2745 198768 1267 -127 0 10121720 31 0
128.386 14 SVINFO 2 9 1 2 38 42 184
128.423 14 SEGMENT 598.826965 11.351797 28.799999 57.
128.423 14 ENERGY 21 12.5 0.265311 3.316389 0.096473 1.205875
128.423 14 NAVIGATION 16 4 151.21875 47. 0. 161.106522 119 98 37 0 0 0
128.423 14 ESTIMATOR 198.445038 -1.27
128.522 14 CALIBRATION -94.88649 0
128.523 14 AIRSPEED 13.1 0. 0. 0.
128.523 14 ATTITUDE -0.001231 4.705013 -0.057087
128.606 14 NAVIGATION 16 4 151.21875 47. 0. 158.354385 120 99 38 0 0 0
128.622 14 GPS 3 36043292 481364273 2745 198554 1269 -123 0 10121960 31 0
128.623 14 SVINFO 3 10 1 3 39 5 234
128.723 14 DATALINK_REPORT 7 17 3718 573 0 0
128.806 14 FBW_STATUS 2 0 1 12.5 0.261381
128.822 14 DL_VALUE 35 0.
128.823 14 WP_MOVED 21 360289. 4813625. 400. 31
128.856 14 NAVIGATION 16 4 148.15625 47.5 0. 155.584457 120 99 38 0 0 0
128.888 14 GPS 3 36042937 481364301 2745 198305 1270 -126 0 10122240 31 0
128.889 14 SVINFO 4 11 1 4 40 5 284
128.923 14 ESTIMATOR 198.026093 -1.26
129.023 14 ATTITUDE -0.001231 4.704572 -0.057087
129.106 14 NAVIGATION 16 4 144.625 47.5 0. 152.225616 120 99 38 0 0 0
129.122 14 GPS 3 36042633 481364325 2745 198092 1271 -104 0 10122480 31 0
129.123 14 SVINFO 5 12 1 5 41 42 334
129.172 14 DESIRED 0.002291 -0.058845 0. 79.850281 52.91185 195.745911 -1.179462 13.
129.323 14 WP_MOVED 22 360289. 4813645. 250. 31
129.356 14 NAVIGATION 16 4 141.5625 47.5 0. 149.319092 120 99 38 0 0 0
129.394 14 GPS 3 36042329 481364349 2744 197881 1272 -83 0 10122720 31 0
129.395 14 SVINFO 6 13 1 6 42 81 25
129.422 14 NAVIGATION 16 4 138.53125 48. 0. 149.319092 120 99 38 0 0 0
129.422 14 ESTIMATOR 197.634293 -0.83
129.522 14 IR_SENSORS 0 0 8 -16 265
129.522 14 ENERGY 20 12.5 0.25496 3.187004 0.096953 1.211883
129.523 14 AIRSPEED 13.1 0. 0. 0.
129.523 14 ATTITUDE 0.002528 4.704242 -0.057087
129.606 14 NAVIGATION 16 4 138.53125 48. 0. 146.61142 121 100 39 0 0 0
129.622 14 FBW_STATUS 2 0 1 12.5 0.25184
129.622 14 SEGMENT 598.826965 11.351797 28.799999 57.
129.623 14 GPS 3 36042024 481364373 2744 197669 1272 -77 0 10122960 31 0
129.722 14 GPS_SOL 436 436 436 7
129.823 14 WP_MOVED 0 360326. 4813637. 260. 31
129.856 14 NAVIGATION 16 4 135.5 48.5 0. 143.918381 121 100 39 0 0 0
129.894 14 GPS 3 36041669 481364401 2744 197421 1270 -89 0 10123240 31 0
129.922 14 ESTIMATOR 197.328537 -0.89
130.023 14 ATTITUDE 0.002528 4.703778 -0.057087
130.106 14 NAVIGATION 16 4 131.9375 48.5 0. 140.569397 121 100 39 0 0 0
130.122 14 GPS 3 36041366 481364425 2744 197206 1269 -90 0 10123480 31 0
130.223 14 DESIRED 0.002813 -0.05933 0. 67.164062 53.927773 194.632462 -1.19187 13.
130.322 14 DL_VALUE 36 0.
130.322 14 WP_MOVED 1 360284. 4813595. 260. 31
130.356 14 NAVIGATION 16 4 128.9375 48.5 0. 137.757507 121 100 39 0 0 0
130.393 14 GPS 3 36041063 481364449 2745 196989 1267 -96 0 10123720 31 0
130.394 14 SVINFO 3 10 1 3 40 4 235
130.423 14 NAVIGATION 16 4 125.875 49. 0. 137.757507 121 100 39 0 0 0
130.424 14 ESTIMATOR 196.927872 -0.96
130.523 14 AIRSPEED 13.1 0. 0. 0.
130.523 14 ATTITUDE 0.002528 4.703952 -0.060858
130.606 14 NAVIGATION 16 4 122.84375 49.5 0. 132.441818 122 101 40 0 0 0
130.623 14 CALIBRATION -71.053215 0
130.623 14 ENERGY 18 12.5 0.226382 2.829774 0.097386 1.217289
130.623 14 GPS 3 36040760 481364473 2745 196768 1265 -125 0 10123960 31 0
130.624 14 SVINFO 4 11 0 4 41 7 285
130.706 14 COMMANDS 1790,-14,7,0
130.723 14 IR_SENSORS 0 0 7 -16 265
130.805 14 FBW_STATUS 2 0 1 12.5 0.224856
130.823 14 SEGMENT 598.826965 11.351797 28.799999 57.
130.824 14 WP_MOVED 2 360333.5 4813695. 260. 31
130.855 14 NAVIGATION 16 4 122.84375 49.5 0. 132.441818 122 101 40 0 0 0
130.897 14 GPS 3 36040407 481364501 2745 196506 1262 -134 0 10124240 31 0
130.898 14 SVINFO 5 12 0 5 42 45 335
130.923 14 COMMANDS 1803,-14,7,0
130.923 14 ESTIMATOR 196.424255 -1.34
131.024 14 STATE_FILTER_STATUS 2 3 288
131.024 14 ATTITUDE 0.002528 4.704418 -0.060858
131.106 14 NAVIGATION 16 4 119.34375 49.5 0. 129.202087 122 101 40 0 0 0
131.122 14 GPS 3 36040106 481364525 2745 196278 1261 -122 0 10124480 31 0
131.122 14 SVINFO 6 13 1 6 43 83 26
131.223 14 PPRZ_MODE 2 3 2 1 0 6
131.273 14 DESIRED 0.002201 -0.059831 0. 54.570923 54.936241 193.253891 -1.19919 13.
131.322 14 ALIVE 101,248,228,24,166,140,12,35,201,240,56,234,1,216,147,12
131.323 14 WP_MOVED 3 360294.09375 4813785. 260. 31
131.356 14 NAVIGATION 16 4 116.28125 49.5 0. 126.378716 122 101 40 0 0 0
131.398 14 GPS 3 36039804 481364549 2745 196049 1260 -122 0 10124720 31 0
131.399 14 SVINFO 0 7 0 0 37 88 86
131.423 14 NAVIGATION 16 4 113.28125 50. 0. 126.378716 122 101 40 0 0 0
131.424 14 ESTIMATOR 195.888336 -1.22
131.522 14 AIRSPEED 13.1 0. 0. 0.
131.522 14 ATTITUDE 0.002528 4.704135 -0.060858
131.606 14 NAVIGATION 16 4 113.28125 50. 0. 123.825043 123 102 41 0 0 0
131.624 14 FBW_STATUS 2 0 1 12.5 0.232352
131.627 14 GPS 3 36039502 481364572 2745 195818 1260 -105 0 10124960 31 0
131.627 14 SVINFO 1 8 0 1 38 77 136
131.722 14 GPS_SOL 451 451 451 7
131.723 14 ENERGY 19 12.5 0.231278 2.890977 0.097805 1.222531
131.822 14 DL_VALUE 37 0.
131.822 14 WP_MOVED 4 360416.3125 4813734. 260. 31
131.855 14 NAVIGATION 16 4 110.28125 50.5 0. 121.293877 123 102 41 0 0 0
131.905 14 GPS 3 36039150 481364600 2745 195548 1260 -129 0 10125240 31 0
131.905 14 SVINFO 2 9 0 2 39 36 186
131.922 14 IR_SENSORS 0 0 7 -16 265
131.922 14 ESTIMATOR 195.424026 -1.29
132.021 14 SEGMENT 598.826965 11.351797 28.799999 57.
132.021 14 ATTITUDE 0.002528 4.703642 -0.060858
132.086 14 WIND_INFO 14 5 -0.1 1.1 0. 13.1
132.105 14 NAVIGATION 16 4 106.78125 50.5 0. 118.120636 123 102 41 0 0 0
132.123 14 GPS 3 36038849 481364624 2745 195316 1260 -130 0 10125480 31 0
132.322 14 DESIRED 0.002571 -0.059759 0. 42.008972 55.942215 192.151337 -1.200446 13.
132.323 14 WP_MOVED 5 360421. 4813583.5 260. 31
132.356 14 NAVIGATION 14 0 100.71875 51. 0. 112.894936 123 0 0 0 0 0
132.404 14 GPS 3 36038547 481364648 2744 195084 1260 -123 0 10125720 31 0
132.423 14 NAVIGATION 14 0 100.71875 51. 0. 112.894936 123 0 0 0 0 0
132.424 14 ESTIMATOR 194.8965 -1.23
132.522 14 AIRSPEED 13.1 0. 0. 0.
132.523 14 ATTITUDE -0.001231 4.70328 -0.057087
132.607 14 NAVIGATION 14 0 97.71875 51. 69.179428 110.22683 124 1 1 0 0 0
132.624 14 GPS 3 36038246 481364671 2744 194853 1260 -121 0 10125960 31 0
132.722 14 CALIBRATION -75.625229 0
132.805 14 FBW_STATUS 2 0 1 12.5 0.108524
132.823 14 ENERGY 7 12.5 0.108524 1.356545 0.098209 1.227575
132.823 14 WP_MOVED 6 360164.8125 4813664.5 260. 31
132.855 14 NAVIGATION 14 0 94.21875 51.5 65.649544 107.375153 124 1 1 0 0 0
132.872 14 GPS 3 36037895 481364699 2744 194584 1251 -101 0 10126240 31 0
132.922 14 ESTIMATOR 194.413361 -1.01
133.022 14 ATTITUDE -0.001231 4.702105 -0.057087
133.107 14 NAVIGATION 14 0 91.25 52. 62.649841 105.026482 124 1 1 0 0 0
133.122 14 IR_SENSORS 0 0 9 -17 265
133.122 14 GPS 3 36037600 481364722 2744 194348 1233 -89 0 10126480 31 0
133.123 14 SVINFO 0 7 0 0 38 89 87
133.223 14 SEGMENT 598.826965 11.351797 28.799999 57.
133.322 14 DL_VALUE 38 0.
133.322 14 WP_MOVED 7 360558.40625 4813804.5 260. 31
133.357 14 NAVIGATION 14 0 88.375 52. 59.784451 102.538483 124 1 1 0 0 0
133.396 14 DESIRED 0.002729 0.000263 0. 23.600586 57.416367 192.151337 -1.184621 13.
133.396 14 GPS 3 36037312 481364744 2744 194100 1203 -99 0 10126720 31 0
133.396 14 SVINFO 1 8 1 1 39 75 137
133.423 14 NAVIGATION 14 0 88.375 52. 59.784451 102.538483 124 1 1 0 0 0
133.423 14 ESTIMATOR 194.01564 -0.99
133.522 14 AIRSPEED 13.1 0. 0. 0.
133.523 14 ATTITUDE -0.001231 4.698123 -0.042014
133.606 14 NAVIGATION 14 0 85.5625 52. 56.982292 100.124626 125 2 2 0 0 0
133.622 14 FBW_STATUS 2 0 1 12.5 0.
133.623 14 GPS 3 36037030 481364766 2744 193835 1178 -101 0 10126960 31 0
133.623 14 SVINFO 2 9 1 2 40 33 187
133.722 14 NAVIGATION_REF 360284 4813595 31 185.
133.723 14 GPS_SOL 467 467 467 7
133.823 14 DATALINK_REPORT 2 18 3850 551 0 0
133.823 14 WP_MOVED 8 360882.8125 4813606.5 215. 31
133.857 14 NAVIGATION 14 0 82.34375 52.5 53.732517 97.65625 125 2 2 0 0 0
133.872 14 GPS 3 36036707 481364791 2744 193507 1149 -117 0 10127240 31 0
133.873 14 SVINFO 3 10 1 3 41 1 237
133.922 14 ENERGY 0 12.5 0. 0. 0.098224 1.227766
133.922 14 ESTIMATOR 193.526199 -1.17
134.023 14 ATTITUDE 0.0023 4.693229 -0.030509
134.107 14 NAVIGATION 14 0 79.5625 52.5 50.961571 95.32283 125 2 2 0 0 0
134.122 14 GPS 3 36036434 481364812 2743 193212 1138 -114 0 10127480 31 0
134.123 14 SVINFO 4 11 1 4 42 11 287
134.322 14 IR_SENSORS 0 0 18 -16 264
134.322 14 WP_MOVED 9 360312.8125 4813652. 185. 31
134.357 14 NAVIGATION 14 0 76.875 53. 48.241123 93.374329 125 2 2 0 0 0
134.372 14 GPS 3 36036165 481364832 2743 192909 1125 -121 0 10127720 31 0
134.373 14 SVINFO 5 12 1 5 43 51 337
134.422 14 SEGMENT 598.826965 11.351797 28.799999 57.
134.422 14 DESIRED 0.002238 0.00024 0. 12.094421 58.337791 192.151337 -1.184621 13.
134.422 14 NAVIGATION 14 0 76.875 53. 48.241123 93.374329 125 2 2 0 0 0
134.422 14 ESTIMATOR 192.934372 -1.21
134.522 14 AIRSPEED 13.1 0. 0. 0.
134.523 14 ATTITUDE 0.0023 4.690854 -0.015421
134.606 14 NAVIGATION 14 0 74.21875 53. 45.594551 91.199905 126 3 3 0 0 0
134.622 14 GPS 3 36035898 481364853 2743 192600 1114 -111 0 10127960 31 0
134.622 14 SVINFO 6 13 1 6 44 86 28
134.806 14 FBW_STATUS 2 0 1 12.5 0.
134.823 14 CALIBRATION -75.625229 0
134.823 14 DL_VALUE 39 0.
134.823 14 WP_MOVED 10 360889.21875 4813686. 215. 31
134.856 14 NAVIGATION 14 0 71.15625 53. 42.544704 88.725487 126 3 3 0 0 0
134.872 14 GPS 3 36035590 481364876 2743 192234 1101 -104 0 10128240 31 0
134.921 14 ESTIMATOR 192.317368 -1.04
135.022 14 ENERGY 0 12.5 0. 0. 0.098224 1.227766
135.023 14 ATTITUDE 0.0023 4.688514 -0.004125
135.107 14 NAVIGATION 14 0 68.53125 53.5 39.885113 86.941254 126 3 3 0 0 0
135.123 14 GPS 3 36035327 481364896 2743 191918 1096 -108 0 10128480 31 0
135.322 14 WP_MOVED 11 360169.5 4813757.5 260. 31
135.356 14 NAVIGATION 14 0 65.9375 54. 37.258476 85.227661 126 3 3 0 0 0
135.372 14 GPS 3 36035067 481364917 2743 191599 1090 -105 0 10128720 31 0
135.373 14 SVINFO 2 9 1 2 41 30 188
135.422 14 NAVIGATION 14 0 65.9375 54. 37.258476 85.227661 126 3 3 0 0 0
135.423 14 ESTIMATOR 191.712372 -1.05
135.471 14 DESIRED 0.001499 0.00024 0. 1.146973 59.21447 192.151337 -1.184621 13.
135.523 14 IR_SENSORS 0 0 23 -16 264
135.523 14 AIRSPEED 13.1 0. 0. 0.
135.524 14 ATTITUDE 0.0023 4.687741 -0.000365
135.606 14 NAVIGATION 14 0 63.34375 54. 34.673775 83.237198 127 4 4 0 0 0
135.622 14 FBW_STATUS 2 0 1 12.5 0.
135.623 14 SEGMENT 598.826965 11.351797 28.799999 57.
135.623 14 GPS 3 36034807 481364937 2744 191279 1085 -103 0 10128960 31 0
135.623 14 SVINFO 3 10 1 3 42 1 238
135.706 14 COMMANDS 0,1,-37,0
135.723 14 GPS_SOL 483 483 483 7
135.822 14 WP_MOVED 12 360287.59375 4813581. 260. 31
135.855 14 NAVIGATION 14 0 60.28125 54. 31.623871 80.931015 127 4 4 0 0 0
135.871 14 GPS 3 36034505 481364960 2744 190904 1078 -97 0 10129240 31 0
135.872 14 SVINFO 4 11 1 4 43 13 288
135.922 14 COMMANDS 0,-17,-33,0
135.922 14 ESTIMATOR 191.085648 -0.97
136.024 14 AUTOPILOT_VERSION 51500 v5.15_devel-179-g9a29798-dirty
136.024 14 STATE_FILTER_STATUS 2 3 304
136.024 14 ATTITUDE 0.0023 4.687764 0.003393
136.107 14 NAVIGATION 14 0 57.71875 54.5 29.026611 79.38327 127 4 4 0 0 0
136.123 14 ENERGY 0 12.5 0. 0. 0.098224 1.227766
136.124 14 GPS 3 36034248 481364980 2744 190579 1076 -101 0 10129480 31 0
136.124 14 SVINFO 5 12 1 5 44 55 338
136.222 14 PPRZ_MODE 2 1 2 1 0 6
136.322 14 ALIVE 101,248,228,24,166,140,12,35,201,240,56,234,1,216,147,12
136.322 14 DL_VALUE 40 0.
136.322 14 WP_MOVED 13 360311.5 4813547. 260. 31
136.356 14 NAVIGATION 14 0 57.71875 54.5 29.026611 79.38327 127 4 4 0 0 0
136.375 14 GPS 3 36033991 481365000 2744 190253 1073 -101 0 10129720 31 0
136.375 14 SVINFO 6 13 1 6 45 87 29
136.421 14 NAVIGATION 14 0 55.15625 54.5 29.026611 79.38327 127 4 4 0 0 0
136.421 14 ESTIMATOR 190.453461 -1.01
136.522 14 DESIRED 0.001981 0.00024 0. -7.059143 59.871628 192.151337 -1.184621 13.
136.523 14 AIRSPEED 13.1 0. 0. 0.
136.523 14 ATTITUDE 0.0023 4.688015 0.007149
136.607 14 NAVIGATION 14 0 55.15625 54.5 26.474554 77.54007 128 5 5 0 0 0
136.622 14 GPS 3 36033735 481365021 2745 189925 1071 -110 0 10129960 31 0
136.623 14 SVINFO 0 7 0 0 39 89 89
136.722 14 IR_SENSORS 0 0 25 -16 264
136.806 14 FBW_STATUS 2 0 1 12.5 0.
136.823 14 SEGMENT 598.826965 11.351797 28.799999 57.
136.823 14 WP_MOVED 14 360300.6875 4813575.5 260. 31
136.856 14 NAVIGATION 14 0 52.625 54.5 23.955807 75.760414 128 5 5 0 0 0
136.873 14 GPS 3 36033436 481365044 2745 189539 1068 -115 0 10130240 31 0
136.874 14 SVINFO 1 8 0 1 40 70 139
136.922 14 CALIBRATION -75.625229 0
136.923 14 ESTIMATOR 189.773834 -1.15
137.022 14 ATTITUDE 0.0023 4.687944 0.007149
137.107 14 NAVIGATION 14 0 49.625 55. 20.920818 74.078613 128 5 5 0 0 0
137.123 14 GPS 3 36033180 481365064 2745 189205 1068 -131 0 10130480 31 0
137.223 14 ENERGY 0 12.5 0. 0. 0.098224 1.227766
137.323 14 WP_MOVED 15 360297.6875 4813554.5 260. 31
137.355 14 NAVIGATION 14 0 47.0625 55. 18.371689 72.387009 128 5 5 0 0 0
137.372 14 GPS 3 36032925 481365085 2745 188869 1067 -115 0 10130720 31 0
137.421 14 NAVIGATION 14 0 44.5 55.5 18.371689 72.387009 128 5 5 0 0 0
137.422 14 ESTIMATOR 189.030655 -1.15
137.523 14 AIRSPEED 13.1 0. 0. 0.
137.523 14 ATTITUDE 0.0023 4.687868 0.007149
137.572 14 DESIRED 0.003348 0.00024 0. -17.687317 60.72274 192.151337 -1.184621 13.
137.606 14 NAVIGATION 14 0 44.5 55.5 15.771494 71.137192 129 6 6 0 0 0
137.622 14 FBW_STATUS 2 0 1 12.5 0.
137.623 14 GPS 3 36032670 481365105 2745 188531 1066 -96 0 10130960 31 0
137.723 14 GPS_SOL 499 499 499 7
137.823 14 DL_VALUE 41 0.
137.824 14 WP_MOVED 16 360683.46875 4813622.5 215. 31
137.856 14 NAVIGATION 14 0 41.96875 55.5 13.253905 69.581795 129 6 6 0 0 0
137.874 14 GPS 3 36032372 481365128 2745 188133 1066 -91 0 10131240 31 0
137.922 14 IR_SENSORS 0 0 24 -16 264
137.922 14 ESTIMATOR 188.367538 -0.91
138.022 14 SEGMENT 598.826965 11.351797 28.799999 57.
138.022 14 ATTITUDE 0.0023 4.687809 0.003393
138.105 14 NAVIGATION 14 0 38.96875 55.5 10.278789 67.814552 129 6 6 0 0 0
138.123 14 GPS 3 36032117 481365149 2745 187789 1066 -103 0 10131480 31 0
138.322 14 ENERGY 0 12.5 0. 0. 0.098224 1.227766
138.322 14 WP_MOVED 17 360654.59375 4813624.5 215. 31
138.356 14 NAVIGATION 14 0 36.40625 56. 7.671704 66.793823 129 6 6 0 0 0
138.372 14 GPS 3 36031862 481365169 2745 187444 1066 -104 0 10131720 31 0
138.373 14 SVINFO 0 7 0 0 40 89 90
138.423 14 NAVIGATION 14 0 33.875 56.5 7.671704 66.793823 129 6 6 0 0 0
138.425 14 ESTIMATOR 187.702835 -1.04
138.523 14 AIRSPEED 13.1 0. 0. 0.
138.524 14 ATTITUDE 0.0023 4.687889 0.003393
138.605 14 NAVIGATION 14 0 33.875 56.5 5.099572 65.8769 130 7 7 0 0 0
138.623 14 DESIRED 0.000859 0.00024 0. -30.910156 61.781631 192.151337 -1.184621 13.
138.623 14 GPS 3 36031607 481365189 2745 187097 1067 -103 0 10131960 31 0
138.624 14 SVINFO 1 8 1 1 41 67 140
138.806 14 FBW_STATUS 2 0 1 12.5 0.
138.822 14 WP_MOVED 18 360289. 4813605. 220. 31
138.856 14 NAVIGATION 14 0 31.34375 56.5 2.592425 64.611771 130 7 7 0 0 0
138.872 14 GPS 3 36031309 481365213 2745 186691 1067 -115 0 10132240 31 0
138.873 14 SVINFO 2 9 0 2 42 24 190
138.923 14 DATALINK_REPORT 7 18 3984 571 0 0
138.923 14 ESTIMATOR 186.992279 -1.15
139.022 14 CALIBRATION -75.625229 0
139.022 14 ATTITUDE 0.0023 4.688364 0.003393
139.105 14 NAVIGATION 14 1 28.34375 56.5 0.676878 63.210903 130 7 0 0 0 0
139.122 14 IR_SENSORS 0 0 24 -16 264
139.123 14 GPS 3 36031053 481365233 2745 186341 1067 -110 0 10132480 31 0
139.123 14 SVINFO 3 10 1 3 43 0 240
139.322 14 DL_VALUE 42 0.6
139.323 14 WP_MOVED 19 360289. 4813610. 500. 31
139.356 14 NAVIGATION 14 1 25.78125 57. 0. 62.559353 130 7 0 0 0 0
139.373 14 GPS 3 36030797 481365254 2745 185991 1068 -112 0 10132720 31 0
139.373 14 SVINFO 4 11 1 4 44 17 290
139.422 14 ENERGY 0 12.5 0. 0. 0.098224 1.227766
139.422 14 NAVIGATION 14 1 23.21875 57. 0. 62.559353 130 7 0 0 0 0
139.422 14 ESTIMATOR 186.247589 -1.12
139.523 14 AIRSPEED 13.1 0. 0. 0.
139.523 14 ATTITUDE 0.0023 4.688795 -0.000365
139.606 14 NAVIGATION 14 1 23.21875 57. 0. 61.547626 131 8 1 0 0 0
139.623 14 FBW_STATUS 2 0 1 12.5 0.
139.624 14 GPS 3 36030542 481365274 2745 185640 1068 -110 0 10132960 31 0
139.624 14 SVINFO 5 12 1 5 45 61 340
139.673 14 DESIRED 0. 0.00024 0. -33.425293 61.983047 192.151337 -1.184621 13.
139.723 14 GPS_SOL 515 515 515 7
139.823 14 WP_MOVED 20 360289. 4813620. 300. 31
139.856 14 NAVIGATION 14 1 20.6875 57.5 0. 61.108288 131 8 1 0 0 0
139.872 14 GPS 3 36030243 481365298 2745 185229 1069 -113 0 10133240 31 0
139.872 14 SVINFO 6 13 0 6 46 89 31
139.923 14 ESTIMATOR 185.510925 -1.13
140.022 14 ATTITUDE 0.0023 4.689214 -0.000365
140.106 14 NAVIGATION 14 1 17.6875 57.5 0. 60.158936 131 8 1 0 0 0
140.122 14 GPS 3 36029987 481365319 2745 184877 1069 -115 0 10133480 31 0
140.322 14 IR_SENSORS 0 0 23 -17 264
140.323 14 WP_MOVED 21 360289. 4813625. 400. 31
140.356 14 NAVIGATION 14 1 15.125 57.5 0. 59.455997 131 8 1 0 0 0
140.373 14 GPS 3 36029731 481365339 2745 184525 1070 -113 0 10133720 31 0
140.373 14 SVINFO 1 8 1 1 42 65 141
140.423 14 NAVIGATION 14 1 12.5625 58. 0. 59.455997 131 8 1 0 0 0
140.424 14 ESTIMATOR 184.766968 -1.13
140.522 14 ENERGY 0 12.5 0. 0. 0.098224 1.227766
140.522 14 AIRSPEED 13.1 0. 0. 0.
140.522 14 ATTITUDE -0.001473 4.689059 -0.000365
140.606 14 NAVIGATION 14 1 12.5625 58. 0. 59.344894 132 9 2 0 0 0
140.622 14 GPS 3 36029475 481365359 2745 184173 1070 -110 0 10133960 31 0
140.623 14 SVINFO 2 9 1 2 43 21 191
140.706 14 COMMANDS 0,11,6,0
140.722 14 DESIRED 0. 0.00024 0. -33.425293 61.983047 192.151337 -1.184621 13.
140.807 14 FBW_STATUS 2 0 1 12.5 0.
140.823 14 DL_VALUE 43 12000.
140.823 14 WP_MOVED 22 360289. 4813645. 250. 31
140.855 14 NAVIGATION 14 1 10. 58. 0. 58.855755 132 9 2 0 0 0
140.872 14 GPS 3 36029176 481365383 2745 183762 1070 -117 0 10134240 31 0
140.872 14 SVINFO 3 10 0 3 44 0 241
140.923 14 COMMANDS 0,-17,7,0
140.924 14 ESTIMATOR 184.035034 -1.17
