2.658 26 WP_MOVED 8 360461.40625 4813640. 215. 31
2.658 26 ATTITUDE 0. 0. 0.
2.741 26 NAVIGATION 2 1 0. 0. 0. 0. 0 6 6 1 0 0
2.759 26 ESTIMATOR 185. 0.
2.759 26 DESIRED 0. 0. 0. 0. 0. 235. 0. 14.
2.759 26 ATTITUDE 0. 0. 0.
2.856 26 GPS 3 36028477 481359546 899 185000 0 20 0 100304960 31 0
2.857 26 ATTITUDE 0. 0. 0.
2.940 26 FBW_STATUS 2 0 1 12.5 -4e-06
2.958 26 DL_VALUE 10 0.
2.959 26 DESIRED 0. 0. 0. 0. 0. 235. 0. 14.
2.959 26 ATTITUDE 0. 0. 0.
2.990 26 NAVIGATION 2 1 0. 0. 0. 0. 0 6 6 1 0 0
3.057 26 ATTITUDE 0. 0. 0.
3.107 26 GPS 3 36028477 481359546 899 185000 0 32 0 100305240 31 0
3.161 26 WP_MOVED 9 360312.8125 4813652. 185. 31
3.162 26 DESIRED 0. 0. 0. 0. 0. 235. 0. 14.
3.162 26 ATTITUDE 0. 0. 0.
3.241 26 NAVIGATION 2 1 0. 0. 0. 0. 0 6 6 1 0 0
3.257 26 ESTIMATOR 185. 0.
3.258 26 ATTITUDE 0. 0. 0.
3.357 26 GPS 3 36028477 481359546 899 185000 0 33 0 100305480 31 0
3.358 26 SVINFO 3 10 1 3 48 5 159
3.358 26 DESIRED 0. 0. 0. 0. 0. 235. 0. 14.
3.359 26 ATTITUDE 0. 0. 0.
3.457 26 NAVIGATION 2 1 0. 0. 0. 0. 0 6 6 1 0 0
3.458 26 ATTITUDE 0. 0. 0.
3.492 26 NAVIGATION 2 1 0. 0. 0. 0. 0 6 6 1 0 0
3.557 26 AIRSPEED 0. 14. 0. 6.
3.558 26 DESIRED 0. 0. 0. 0. 0. 235. 0. 14.
3.558 26 ATTITUDE 0. 0. 0.
3.609 26 GPS 3 36028477 481359546 899 185000 0 34 0 100305720 31 0
3.656 26 AIR_DATA 99126.804688 0. -1000. 1013.25 0. -1. -1.
3.657 26 ENERGY 0 12.5 -4e-06 -4.8e-05 -0. -1e-06
3.657 26 WP_MOVED 10 360452.8125 4813581. 260. 31
3.657 26 ATTITUDE 0. 0. 0.
3.740 26 NAVIGATION 2 1 0. 0. 0. 0. 0 7 7 1 0 0
3.757 26 FBW_STATUS 2 0 1 12.5 -4e-06
3.757 26 ESTIMATOR 185. 0.
3.757 26 DESIRED 0. 0. 0. 0. 0. 235. 0. 14.
3.757 26 ATTITUDE 0. 0. 0.
3.857 26 GPS_SOL 625 625 625 7
3.858 26 GPS 3 36028477 481359546 899 185000 0 21 0 100305960 31 0
3.859 26 SVINFO 5 12 0 5 49 82 259
3.859 26 ATTITUDE 0. 0. 0.
3.957 26 DESIRED 0. 0. 0. 0. 0. 235. 0. 14.
3.958 26 ATTITUDE 0. 0. 0.
3.990 26 NAVIGATION 2 1 0. 0. 0. 0. 0 7 7 1 0 0
4.057 26 ATTITUDE 0. 0. 0.
4.108 26 GPS 3 36028477 481359546 899 185000 0 26 0 100306240 31 0
4.159 26 WP_MOVED 11 360169.5 4813757.5 260. 31
4.159 26 DESIRED 0. 0. 0. 0. 0. 235. 0. 14.
4.159 26 ATTITUDE 0. 0. 0.
4.241 26 NAVIGATION 2 1 0. 0. 0. 0. 0 7 7 1 0 0
4.257 26 ESTIMATOR 185. 0.
4.257 26 ATTITUDE 0. 0. 0.
4.358 26 GPS 3 36028477 481359546 899 185000 0 18 0 100306480 31 0
4.359 26 SVINFO 0 7 0 0 46 79 10
4.359 26 DESIRED 0. 0. 0. 0. 0. 235. 0. 14.
4.359 26 ATTITUDE 0. 0. 0.
4.457 26 CALIBRATION 0. 0
4.457 26 DL_VALUE 11 1.
4.457 26 NAVIGATION 2 1 0. 0. 0. 0. 0 7 7 1 0 0
4.458 26 ATTITUDE 0. 0. 0.
4.491 26 NAVIGATION 2 1 0. 0. 0. 0. 0 7 7 1 0 0
4.557 26 AIRSPEED 0. 14. 0. 6.
4.558 26 DESIRED 0. 0. 0. 0. 0. 235. 0. 14.
4.558 26 ATTITUDE 0. 0. 0.
4.607 26 GPS 3 36028477 481359546 899 185000 0 6 0 100306720 31 0
4.608 26 SVINFO 1 8 1 1 47 38 60
4.657 26 WP_MOVED 0 360326. 4813637. 260. 31
4.657 26 ATTITUDE 0. 0. 0.
4.740 26 NAVIGATION 2 1 0. 0. 0. 0. 0 8 8 1 0 0
4.757 26 ENERGY 0 12.5 -4e-06 -4.8e-05 -0. -1e-06
4.757 26 ESTIMATOR 185. 0.
4.758 26 DESIRED 0. 0. 0. 0. 0. 235. 0. 14.
4.758 26 ATTITUDE 0. 0. 0.
4.858 26 NAVIGATION_REF 360284 4813595 31 185.
4.859 26 GPS 3 36028477 481359546 899 185000 0 0 0 100307000 31 0
4.859 26 ATTITUDE 0. 0. 0.
4.941 26 FBW_STATUS 2 0 1 12.5 -4e-06
4.957 26 AIR_DATA 99126.804688 0. -1000. 1013.25 0. -1. -1.
4.957 26 DESIRED 0. 0. 0. 0. 0. 235. 0. 14.
4.958 26 ATTITUDE 0. 0. 0.
4.990 26 NAVIGATION 2 1 0. 0. 0. 0. 0 8 8 1 0 0
5.057 26 ATTITUDE 0. 0. 0.
5.107 26 GPS 3 36028477 481359546 899 185000 0 13 0 100307240 31 0
5.157 26 WP_MOVED 1 360284. 4813595. 260. 31
5.158 26 DESIRED 0. 0. 0. 0. 0. 235. 0. 14.
5.158 26 ATTITUDE 0. 0. 0.
5.240 26 NAVIGATION 2 1 0. 0. 0. 0. 0 8 8 1 0 0
5.258 26 ESTIMATOR 185. 0.
5.259 26 ATTITUDE 0. 0. 0.
5.357 26 GPS 3 36028477 481359546 899 185000 0 -2 0 100307480 31 0
5.357 26 SVINFO 4 11 1 4 49 46 210
5.358 26 DESIRED 0. 0. 0. 0. 0. 235. 0. 14.
5.358 26 ATTITUDE 0. 0. 0.
5.457 26 NAVIGATION 2 1 0. 0. 0. 0. 0 8 8 1 0 0
5.457 26 ATTITUDE 0. 0. 0.
5.490 26 NAVIGATION 2 1 0. 0. 0. 0. 0 8 8 1 0 0
5.558 26 AIRSPEED 0. 14. 0. 6.
5.558 26 DESIRED 0. 0. 0. 0. 0. 235. 0. 14.
5.559 26 ATTITUDE 0. 0. 0.
5.607 26 GPS 3 36028477 481359546 899 185000 0 -16 0 100307720 31 0
5.657 26 WP_MOVED 2 360333.5 4813695. 260. 31
5.658 26 ATTITUDE 0. 0. 0.
5.741 26 NAVIGATION 2 1 0. 0. 0. 0. 0 9 9 1 0 0
5.757 26 FBW_STATUS 2 0 1 12.5 -4e-06
5.757 26 ESTIMATOR 185. 0.
5.758 26 DESIRED 0. 0. 0. 0. 0. 235. 0. 14.
5.758 26 ATTITUDE 0. 0. 0.
5.857 26 GPS_SOL 637 637 637 7
5.857 26 ENERGY 0 12.5 -4e-06 -4.8e-05 -0. -2e-06
5.858 26 GPS 3 36028477 481359546 899 185000 0 -3 0 100307960 31 0
5.858 26 ATTITUDE 0. 0. 0.
5.957 26 DL_VALUE 12 0.
5.957 26 DESIRED 0. 0. 0. 0. 0. 235. 0. 14.
5.958 26 ATTITUDE 0. 0. 0.
5.991 26 NAVIGATION 2 1 0. 0. 0. 0. 0 9 9 1 0 0
6.057 26 ATTITUDE 0. 0. 0.
6.107 26 GPS 3 36028477 481359546 899 185000 0 2 0 100308240 31 0
6.157 26 WP_MOVED 3 360294.09375 4813785. 260. 31
6.158 26 DESIRED 0. 0. 0. 0. 0. 235. 0. 14.
6.159 26 ATTITUDE 0. 0. 0.
6.241 26 NAVIGATION 2 1 0. 0. 0. 0. 0 9 9 1 0 0
6.258 26 AIR_DATA 99126.804688 0. -1000. 1013.25 0. -1. -1.
6.259 26 ESTIMATOR 185. 0.
6.259 26 ATTITUDE 0. 0. 0.
6.358 26 GPS 3 36028477 481359546 899 185000 0 -9 0 100308480 31 0
6.359 26 DESIRED 0. 0. 0. 0. 0. 235. 0. 14.
6.359 26 ATTITUDE 0. 0. 0.
6.457 26 NAVIGATION 2 1 0. 0. 0. 0. 0 9 9 1 0 0
6.458 26 ATTITUDE 0. 0. 0.
6.491 26 NAVIGATION 2 1 0. 0. 0. 0. 0 9 9 1 0 0
6.559 26 CALIBRATION 0. 0
6.560 26 AIRSPEED 0. 14. 0. 6.
6.560 26 DESIRED 0. 0. 0. 0. 0. 235. 0. 14.
6.560 26 ATTITUDE 0. 0. 0.
6.608 26 GPS 3 36028477 481359546 899 185000 0 13 0 100308720 31 0
6.609 26 SVINFO 2 9 1 2 48 2 111
6.657 26 WP_MOVED 4 360416.3125 4813734. 260. 31
6.657 26 ATTITUDE 0. 0. 0.
6.740 26 NAVIGATION 2 1 0. 0. 0. 0. 0 10 10 1 0 0
6.757 26 ESTIMATOR 185. 0.
6.758 26 DESIRED 0. 0. 0. 0. 0. 235. 0. 14.
6.759 26 ATTITUDE 0. 0. 0.
6.840 26 COMMANDS 0,0,0,0,0
6.858 26 GPS 3 36028477 481359546 899 185000 0 10 0 100308960 31 0
6.858 26 ATTITUDE 0. 0. 0.
6.941 26 FBW_STATUS 2 0 1 12.5 -4e-06
6.957 26 PPRZ_MODE 2 1 2 0 0 6
6.957 26 ENERGY 0 12.5 -4e-06 -4.8e-05 -0. -2e-06
6.958 26 DESIRED 0. 0. 0. 0. 0. 235. 0. 14.
6.958 26 ATTITUDE 0. 0. 0.
6.990 26 NAVIGATION 2 1 0. 0. 0. 0. 0 10 10 1 0 0
7.058 26 ATTITUDE 0. 0. 0.
7.107 26 GPS 3 36028477 481359546 899 185000 0 24 0 100309240 31 0
7.158 26 COMMANDS 0,0,0,0,0
7.159 26 WP_MOVED 5 360421. 4813583.5 260. 31
7.160 26 DESIRED 0. 0. 0. 0. 0. 235. 0. 14.
7.160 26 ATTITUDE 0. 0. 0.
7.241 26 NAVIGATION 2 1 0. 0. 0. 0. 0 10 10 1 0 0
7.258 26 ESTIMATOR 185. 0.
7.258 26 ATTITUDE 0. 0. 0.
7.357 26 DATALINK_REPORT 9 1 754 803 0 0
7.357 26 GPS 3 36028477 481359546 899 185000 0 34 0 100309480 31 0
7.358 26 DESIRED 0. 0. 0. 0. 0. 235. 0. 14.
7.358 26 ATTITUDE 0. 0. 0.
7.457 26 ALIVE 128,247,33,237,150,226,125,96,211,120,85,14,103,22,52,69
7.458 26 DL_VALUE 13 0.
7.458 26 NAVIGATION 2 1 0. 0. 0. 0. 0 10 10 1 0 0
7.458 26 ATTITUDE 0. 0. 0.
7.490 26 NAVIGATION 2 1 0. 0. 0. 0. 0 10 10 1 0 0
7.558 26 AIR_DATA 99126.804688 0. -1000. 1013.25 0. -1. -1.
7.559 26 AIRSPEED 0. 14. 0. 6.
7.559 26 DESIRED 0. 0. 0. 0. 0. 235. 0. 14.
7.559 26 ATTITUDE 0. 0. 0.
7.608 26 GPS 3 36028477 481359546 899 185000 0 18 0 100309720 31 0
7.658 26 WP_MOVED 6 360164.8125 4813664.5 260. 31
7.658 26 ATTITUDE 0. 0. 0.
7.739 26 SETTING 10 26 1.
7.740 26 NAVIGATION 2 1 0. 0. 0. 0. 0 11 11 1 0 0
7.740 26 DL_VALUE 10 1.
7.757 26 FBW_STATUS 2 0 1 12.5 -4e-06
7.757 26 ESTIMATOR 185. 0.
7.757 26 DESIRED 0. 0. 0. 0. 0. 235. 0. 14.
7.757 26 ATTITUDE 0. 0. 0.
7.856 26 GPS_SOL 648 648 648 7
7.857 26 GPS 3 36028477 481359546 899 185000 0 21 0 100309960 31 0
7.857 26 SVINFO 0 7 0 0 47 75 12
7.858 26 ATTITUDE 0. 0. 0.
7.957 26 DESIRED 0. 0. 0. 0. 0. 235. 0. 14.
7.957 26 ATTITUDE 0. 0. 0.
7.991 26 NAVIGATION 2 1 0. 0. 0. 0. 0 11 11 1 0 0
8.057 26 ENERGY 0 12.5 -4e-06 -4.8e-05 -0. -2e-06
8.057 26 ATTITUDE 0. 0. 0.
8.111 26 GPS 3 36028477 481359546 899 185000 0 17 0 100310240 31 0
8.112 26 SVINFO 1 8 0 1 48 32 62
8.158 26 WP_MOVED 7 360558.40625 4813804.5 260. 31
8.158 26 DESIRED 0. 0. 0. 0. 0. 235. 0. 14.
8.159 26 ATTITUDE 0. 0. 0.
8.241 26 NAVIGATION 2 1 0. 0. 0. 0. 0 11 11 1 0 0
8.258 26 ESTIMATOR 185. 0.
8.259 26 ATTITUDE 0. 0. 0.
8.356 26 WIND_INFO 26 5 0. 0. 0. 0.
8.357 26 WIND_INFO_RET 5 0. 0. 0. 0.
8.357 26 GPS 3 36028477 481359546 899 185000 0 15 0 100310480 31 0
8.358 26 DESIRED 0. 0. 0. 0. 0. 235. 0. 14.
8.359 26 ATTITUDE 0. 0. 0.
8.458 26 NAVIGATION 2 1 0. 0. 0. 0. 0 11 11 1 0 0
8.459 26 ATTITUDE 0. 0. 0.
8.490 26 NAVIGATION 2 1 0. 0. 0. 0. 0 11 11 1 0 0
8.559 26 AIRSPEED 0. 14. 0. 6.
8.559 26 DESIRED 0. 0. 0. 0. 0. 235. 0. 14.
8.560 26 ATTITUDE 0. 0. 0.
8.607 26 GPS 3 36028477 481359546 899 185000 0 16 0 100310720 31 0
8.607 26 SVINFO 3 10 0 3 49 11 162
8.650 26 BLOCK 3 26
8.650 26 NAVIGATION 3 0 0. 0. 0. 0. 0 0 0 1 0 0
8.657 26 CALIBRATION 0. 0
8.657 26 WP_MOVED 8 360461.40625 4813640. 215. 31
8.657 26 ATTITUDE 0. 0. 0.
8.740 26 NAVIGATION 3 2 0. 0. 198.624115 0. 0 1 0 0 0 0
8.757 26 ESTIMATOR 185. 0.
8.758 26 DESIRED -0.508721 0.261799 5.668788 -114.5 162.300003 235. 0. 14.
8.758 26 ATTITUDE 0. 0. 0.
8.857 26 AIR_DATA 99126.804688 0. -1000. 1013.25 0. -1. -1.
8.857 26 GPS 3 36028477 481359546 899 185000 0 -2 0 100310960 31 0
8.858 26 ATTITUDE -0.010619 -0.000361 0.000872
8.940 26 FBW_STATUS 2 0 1 12.5 3.742338
8.957 26 AUTOPILOT_VERSION 51500 v5.15_devel-179-g9a29798-dirty
8.958 26 DL_VALUE 14 3.
8.959 26 DESIRED -0.508721 0.262334 5.668788 -114.5 162.300003 235. 0. 14.
8.960 26 ATTITUDE -0.030619 -0.00167 0.00281
8.990 26 NAVIGATION 3 2 0. 0. 198.624115 0. 0 1 0 0 0 0
9.057 26 ATTITUDE -0.060619 -0.005577 0.007496
9.107 26 GPS 3 36028476 481359878 3599 184997 1379 3 0 100311240 31 0
9.156 26 ENERGY 43 12.5 9.237606 115.470078 0.002782 0.034773
9.157 26 WP_MOVED 9 360312.8125 4813652. 185. 31
9.157 26 DESIRED -0.324402 0.263206 5.668788 -114.5 162.300003 235. 0. 14.
9.158 26 ATTITUDE -0.080619 -0.009474 0.011678
9.240 26 NAVIGATION 3 2 0. 3. 196.180374 3. 0 1 0 0 0 0
9.257 26 ESTIMATOR 184.999557 -0.000204
9.257 26 ATTITUDE -0.110619 -0.017225 0.019354
9.359 26 GPS 3 36028473 481360208 3593 184994 1378 -1 0 100311480 31 0
9.360 26 DESIRED -0.491802 0.264079 5.659973 -114.5 162.300003 235. 0. 14.
9.360 26 ATTITUDE -0.130619 -0.023624 0.025315
9.457 26 NAVIGATION 3 2 -0.03125 6.5 196.180374 3. 0 1 0 0 0 0
9.458 26 ATTITUDE -0.160619 -0.034997 0.035392
9.490 26 NAVIGATION 3 2 -0.03125 6.5 193.330627 6.500075 0 1 0 0 0 0
9.558 26 AIRSPEED 14.529113 14. 0. 6.
9.559 26 DESIRED -0.490346 0.264952 5.649538 -114.5 162.300003 235. 0. 14.
9.559 26 ATTITUDE -0.180619 -0.043706 0.042799
9.607 26 GPS 3 36028463 481360548 3583 185026 1417 22 0 100311720 31 0
9.657 26 WP_MOVED 10 360452.8125 4813581. 260. 31
9.658 26 ATTITUDE -0.210619 -0.058371 0.054844
9.740 26 TAKEOFF 22
9.740 26 NAVIGATION 3 2 -0.125 10. 190.465042 10.000781 1 2 1 0 0 0
9.756 26 FBW_STATUS 2 0 1 12.5 27.672886
9.756 26 ESTIMATOR 185.002853 0.001445
9.757 26 DESIRED -0.495709 0.265824 5.639054 -114.5 162.300003 235. 0. 14.
9.757 26 ATTITUDE -0.230619 -0.069159 0.063442
9.856 26 GPS_SOL 659 659 659 7
9.857 26 GPS 3 36028443 481360904 3567 185142 1484 53 0 100311960 31 0
9.857 26 ATTITUDE -0.260619 -0.086831 0.077096
9.958 26 DESIRED -0.495709 0.266697 5.639054 -114.5 162.300003 235. 0. 14.
9.958 26 ATTITUDE -0.280619 -0.099611 0.086637
9.991 26 NAVIGATION 3 2 -0.3125 13.5 187.563919 13.503616 1 2 1 0 0 0
10.058 26 ATTITUDE -0.310619 -0.120294 0.101487
10.108 26 GPS 3 36028402 481361339 3544 185447 1564 111 0 100312240 31 0
10.109 26 SVINFO 2 9 0 2 49 1 113
10.159 26 AIR_DATA 99121.554688 0. -1000. 1013.25 0. -1. -1.
10.159 26 WP_MOVED 11 360169.5 4813757.5 260. 31
10.160 26 DESIRED -0.502352 0.26757 5.628648 -114.5 162.300003 235. 0. 14.
10.161 26 ATTITUDE -0.330619 -0.135107 0.111666
10.239 26 NAVIGATION 3 2 -0.75 18. 183.743179 18.015617 1 2 1 0 0 0
10.256 26 ENERGY 88 12.5 27.672886 345.911072 0.045482 0.568523
10.257 26 ESTIMATOR 185.113861 0.05043
10.257 26 ATTITUDE -0.360619 -0.158897 0.12722
10.357 26 GPS 3 36028348 481361722 3520 185878 1611 177 0 100312480 31 0
10.357 26 DESIRED -0.501602 0.268442 5.615627 -114.5 162.300003 235. 0. 14.
10.358 26 ATTITUDE -0.380619 -0.175826 0.137695
10.457 26 DL_VALUE 15 50.
10.457 26 NAVIGATION 3 2 -1.28125 22. 183.743179 18.015617 1 2 1 0 0 0
10.458 26 ATTITUDE -0.410619 -0.202868 0.153434
10.492 26 NAVIGATION 3 2 -1.28125 22. 180.284714 22.037277 1 2 1 0 0 0
10.557 26 AIRSPEED 16.554596 14. 0. 6.
10.558 26 DESIRED -0.487797 0.269315 5.604205 -114.5 162.300003 235. 0. 14.
10.559 26 ATTITUDE -0.430619 -0.222026 0.163862
10.607 26 GPS 3 36028274 481362109 3491 186465 1642 265 0 100312720 31 0
10.659 26 WP_MOVED 0 360326. 4813637. 260. 31
10.660 26 ATTITUDE -0.46059 -0.25251 0.179287
10.740 26 NAVIGATION 3 2 -2.03125 25.5 177.097321 25.580774 2 3 2 0 0 0
10.757 26 CALIBRATION 0. 0
10.758 26 ESTIMATOR 185.548401 0.228957
10.758 26 DESIRED -0.455334 0.270183 5.595089 -114.5 162.300003 235. 0. 14.
10.758 26 ATTITUDE -0.480348 -0.274025 0.189349
10.857 26 GPS 3 36028176 481362495 3458 187196 1660 314 0 100312960 31 0
10.857 26 ATTITUDE -0.507075 -0.308024 0.20401
10.940 26 FBW_STATUS 2 0 1 12.5 27.672886
10.958 26 DESIRED -0.455334 0.270894 5.595089 -114.5 162.300003 235. 0. 14.
10.959 26 ATTITUDE -0.521085 -0.331661 0.213434
10.991 26 NAVIGATION 3 2 -3. 29.5 173.401535 29.652149 2 3 2 0 0 0
11.058 26 ATTITUDE -0.535242 -0.368171 0.226963
11.107 26 GPS 3 36028029 481362939 3413 188210 1669 390 0 100313240 31 0
11.157 26 WP_MOVED 1 360284. 4813595. 260. 31
11.157 26 DESIRED -0.413672 0.271196 5.584755 -114.5 162.300003 235. 0. 14.
11.158 26 ATTITUDE -0.538401 -0.392869 0.235529
11.240 26 NAVIGATION 3 2 -4.46875 34. 169.02002 34.292416 2 3 2 0 0 0
11.257 26 ESTIMATOR 186.485916 0.586712
11.257 26 ATTITUDE -0.534007 -0.429801 0.247643
11.357 26 ENERGY 88 12.5 27.672886 345.911072 0.096215 1.202692
11.357 26 GPS 3 36027873 481363308 3371 189199 1669 420 0 100313480 31 0
11.358 26 SVINFO 0 7 0 0 48 70 14
11.358 26 DESIRED -0.344946 0.270962 5.57429 -114.5 162.300003 235. 0. 14.
11.359 26 ATTITUDE -0.524996 -0.453989 0.255192
11.457 26 AIR_DATA 99077.46875 0. -1000. 1013.25 0. -1. -1.
11.457 26 NAVIGATION 3 2 -6.03125 37.5 169.02002 34.292416 2 3 2 0 0 0
11.458 26 ATTITUDE -0.500176 -0.48887 0.265692
11.491 26 NAVIGATION 3 2 -6.03125 37.5 165.34967 37.981918 2 3 2 0 0 0
11.557 26 AIRSPEED 16.59532 14. 0. 6.
11.558 26 DESIRED -0.28169 0.27018 5.567684 -114.5 162.300003 235. 0. 14.
11.558 26 ATTITUDE -0.480176 -0.510909 0.27212
11.607 26 GPS 3 36027692 481363664 3329 190291 1664 478 0 100313720 31 0
11.660 26 WP_MOVED 2 360333.5 4813695. 260. 31
11.661 26 ATTITUDE -0.450176 -0.542126 0.280895
11.740 26 NAVIGATION 3 2 -7.84375 41. 161.521652 41.743557 3 4 3 0 0 0
11.758 26 FBW_STATUS 2 0 1 12.5 27.672886
11.758 26 ESTIMATOR 188.006332 1.117144
11.758 26 DESIRED -0.217739 0.269307 5.561938 -114.5 162.300003 235. 0. 14.
11.758 26 ATTITUDE -0.430176 -0.561736 0.286157
11.840 26 COMMANDS 8524,1339,-117,0,0
11.857 26 PPRZ_MODE 2 1 3 0 0 6
11.857 26 GPS_SOL 668 668 668 7
11.857 26 GPS 3 36027489 481364006 3292 191483 1654 508 0 100313960 31 0
11.857 26 ATTITUDE -0.400176 -0.589382 0.293179
11.957 26 DL_VALUE 16 50.
11.957 26 DESIRED -0.217739 0.268435 5.561938 -114.5 162.300003 235. 0. 14.
11.958 26 ATTITUDE -0.380176 -0.606651 0.297282
11.990 26 NAVIGATION 3 2 -9.875 44.5 157.553894 45.582516 3 4 3 0 0 0
12.056 26 ATTITUDE -0.350176 -0.630838 0.302597
12.106 26 GPS 3 36027231 481364385 3255 192981 1638 531 0 100314240 31 0
12.163 26 COMMANDS 8524,1172,-233,0,0
12.163 26 WP_MOVED 3 360294.09375 4813785. 260. 31
12.164 26 DESIRED -0.161172 0.267562 5.556952 -114.5 162.300003 235. 0. 14.
12.164 26 ATTITUDE -0.330176 -0.645829 0.305593
12.241 26 NAVIGATION 3 2 -12.4375 48.5 152.863327 50.069366 3 4 3 0 0 0
12.256 26 ESTIMATOR 190.108109 1.784816
12.257 26 ATTITUDE -0.300176 -0.666629 0.309306
12.358 26 GPS 3 36026995 481364696 3228 194335 1623 565 0 100314480 31 0
12.359 26 DESIRED -0.102929 0.266689 5.552109 -114.5 162.300003 235. 0. 14.
12.359 26 ATTITUDE -0.280176 -0.679377 0.311281
12.457 26 DATALINK_REPORT 4 4 939 827 0 0
12.458 26 ENERGY 88 12.5 27.672886 345.911072 0.146949 1.836861
12.458 26 NAVIGATION 3 2 -14.78125 51.5 152.863327 50.069366 3 4 3 0 0 0
12.459 26 ATTITUDE -0.250176 -0.696829 0.313541
12.491 26 NAVIGATION 3 2 -14.78125 51.5 149.065323 53.579243 3 4 3 0 0 0
12.557 26 ALIVE 128,247,33,237,150,226,125,96,211,120,85,14,103,22,52,69
12.557 26 AIRSPEED 15.985054 14. 0. 6.
12.557 26 DESIRED -0.063512 0.265817 5.550376 -114.5 162.300003 235. 0. 14.
12.558 26 ATTITUDE -0.230176 -0.707353 0.314606
12.609 26 GPS 3 36026750 481364994 3205 195729 1607 566 0 100314720 31 0
12.662 26 WP_MOVED 4 360416.3125 4813734. 260. 31
12.663 26 ATTITUDE -0.200176 -0.721475 0.31559
12.740 26 NAVIGATION 3 2 -17.21875 54.5 145.204971 57.155361 4 5 4 0 0 0
12.758 26 AIR_DATA 99000.796875 0. -1000. 1013.25 0. -1. -1.
12.758 26 ESTIMATOR 192.746902 2.53707
12.758 26 DESIRED -0.031238 0.264944 5.549033 -114.5 162.300003 235. 0. 14.
12.758 26 ATTITUDE -0.180176 -0.729779 0.315866
12.857 26 CALIBRATION 0. 0
12.857 26 GPS 3 36026498 481365281 3188 197143 1592 587 0 100314960 31 0
12.857 26 ATTITUDE -0.150176 -0.740569 0.315763
12.941 26 FBW_STATUS 2 0 1 12.5 27.672886
12.956 26 DESIRED -0.031238 0.264071 5.549033 -114.5 162.300003 235. 0. 14.
12.957 26 ATTITUDE -0.130176 -0.746649 0.31538
12.991 26 NAVIGATION 3 2 -19.78125 57.5 141.261047 60.807465 4 5 4 0 0 0
13.057 26 ATTITUDE -0.100176 -0.754094 0.314382
13.106 26 GPS 3 36026200 481365606 3173 198798 1576 582 0 100315240 31 0
13.157 26 WP_MOVED 5 360421. 4813583.5 260. 31
13.157 26 DESIRED -0.005739 0.263199 5.548272 -114.5 162.300003 235. 0. 14.
13.157 26 ATTITUDE -0.080176 -0.757938 0.313464
13.241 26 NAVIGATION 3 2 -22.75 60.5 137.044891 64.636002 4 5 4 0 0 0
13.257 26 ESTIMATOR 195.782135 3.298138
13.257 26 ATTITUDE -0.050176 -0.76202 0.311756
13.356 26 GPS 3 36025941 481365879 3165 200204 1564 569 0 100315480 31 0
13.356 26 SVINFO 1 8 0 1 49 23 65
13.357 26 DESIRED 0.018625 0.262152 5.549665 -114.5 162.300003 235. 0. 14.
13.357 26 ATTITUDE -0.020176 -0.764071 0.309706
13.457 26 DL_VALUE 17 0.
13.458 26 NAVIGATION 3 2 -25.34375 63.5 137.044891 64.636002 4 5 4 0 0 0
13.458 26 ATTITUDE -0.000663 -0.76432 0.30818
13.491 26 NAVIGATION 3 2 -25.34375 63.5 133.079971 68.37072 4 5 4 0 0 0
13.557 26 ENERGY 88 12.5 27.672886 345.911072 0.197683 2.471037
13.558 26 AIRSPEED 15.507556 14. 0. 6.
13.558 26 DESIRED 0.025343 0.262112 5.549051 -114.5 162.300003 235. 0. 14.
13.558 26 ATTITUDE 0.017937 -0.763712 0.306545
13.607 26 GPS 3 36025683 481366148 3162 201589 1555 572 0 100315720 31 0
13.660 26 WP_MOVED 6 360164.8125 4813664.5 260. 31
13.661 26 ATTITUDE 0.043325 -0.761308 0.303927
13.740 26 NAVIGATION 3 2 -27.90625 66. 129.507401 71.657234 5 6 5 0 0 0
13.757 26 FBW_STATUS 2 0 1 12.5 27.672886
13.758 26 ESTIMATOR 199.064499 3.999038
13.758 26 DESIRED 0.030339 0.26281 5.550808 -114.5 162.300003 235. 0. 14.
13.759 26 ATTITUDE 0.057893 -0.758824 0.302098
13.857 26 NAVIGATION_REF 360284 4813595 31 185.
13.858 26 GPS_SOL 676 676 676 7
13.858 26 GPS 3 36025427 481366417 3163 202947 1548 568 0 100315960 31 0
13.858 26 ATTITUDE 0.075544 -0.754014 0.299268
13.957 26 DESIRED 0.030339 0.26327 5.550808 -114.5 162.300003 235. 0. 14.
13.958 26 ATTITUDE 0.084266 -0.750245 0.297347
13.990 26 NAVIGATION 3 2 -30.46875 69. 125.563293 75.427742 5 6 5 0 0 0
14.057 26 AIR_DATA 98916.109375 0. -1000. 1013.25 0. -1. -1.
14.057 26 ATTITUDE 0.092511 -0.744035 0.294444
14.107 26 GPS 3 36025132 481366733 3169 204492 1543 529 0 100316240 31 0
14.169 26 WP_MOVED 7 360558.40625 4813804.5 260. 31
14.170 26 DESIRED 0.024216 0.26345 5.550008 -114.5 162.300003 235. 0. 14.
14.170 26 ATTITUDE 0.094585 -0.739707 0.292514
14.240 26 NAVIGATION 3 2 -33.4375 71.5 121.720047 78.93235 5 6 5 0 0 0
14.257 26 ESTIMATOR 202.416031 4.579103
14.258 26 ATTITUDE 0.09288 -0.733239 0.28965
14.358 26 GPS 3 36024882 481367007 3176 205784 1541 516 0 100316480 31 0
14.359 26 DESIRED 0.018239 0.26335 5.554385 -114.5 162.300003 235. 0. 14.
14.359 26 ATTITUDE 0.088814 -0.729106 0.287774
14.457 26 NAVIGATION 3 2 -35.9375 74.5 121.720047 78.93235 5 6 5 0 0 0
14.457 26 ATTITUDE 0.078795 -0.723427 0.285029
14.491 26 NAVIGATION 3 2 -35.9375 74.5 117.817261 82.714897 5 6 5 0 0 0
14.557 26 AIRSPEED 15.415031 14. 0. 6.
14.557 26 DESIRED 0.003384 0.263022 5.553257 -114.5 162.300003 235. 0. 14.
14.557 26 ATTITUDE 0.070068 -0.720108 0.283255
14.607 26 GPS 3 36024637 481367283 3183 207048 1541 493 0 100316720 31 0
14.657 26 ENERGY 88 12.5 27.672886 345.911072 0.248416 3.105214
14.657 26 WP_MOVED 8 360461.40625 4813640. 215. 31
14.657 26 ATTITUDE 0.054168 -0.716002 0.280689
14.742 26 NAVIGATION 3 2 -38.375 77.5 113.956383 86.480583 6 7 6 0 0 0
14.757 26 ESTIMATOR 205.724106 5.013652
14.758 26 DESIRED -0.008946 0.262537 5.551642 -114.5 162.300003 235. 0. 14.
14.758 26 ATTITUDE 0.042276 -0.713927 0.279049
14.856 26 GPS 3 36024394 481367562 3189 208289 1542 483 0 100316960 31 0
14.856 26 SVINFO 0 7 0 0 49 64 16
14.856 26 ATTITUDE 0.023321 -0.711886 0.2767
14.941 26 FBW_STATUS 2 0 1 12.5 27.672886
14.958 26 CALIBRATION 0. 0
14.958 26 DL_VALUE 18 1.
14.959 26 DESIRED -0.008946 0.26198 5.551642 -114.5 162.300003 235. 0. 14.
14.959 26 ATTITUDE 0.010349 -0.711264 0.275214
14.991 26 NAVIGATION 3 2 -40.84375 80. 110.446968 89.823227 6 7 6 0 0 0
15.057 26 ATTITUDE -0.008581 -0.711426 0.273107
15.107 26 GPS 3 36024111 481367890 3192 209713 1544 510 0 100317240 31 0
15.159 26 WP_MOVED 9 360312.8125 4813652. 185. 31
15.159 26 DESIRED -0.013773 0.262155 5.553155 -114.5 162.300003 235. 0. 14.
15.159 26 ATTITUDE -0.020373 -0.712224 0.271787
15.241 26 NAVIGATION 3 2 -43.625 83.5 105.984459 94.20929 6 7 6 0 0 0
15.257 26 ESTIMATOR 208.89447 5.29637
15.258 26 ATTITUDE -0.036051 -0.71435 0.26994
15.360 26 AIR_DATA 98822.6875 0. -1000. 1013.25 0. -1. -1.
15.360 26 GPS 3 36023868 481368171 3191 210917 1547 502 0 100317480 31 0
15.360 26 DESIRED -0.020821 0.262581 5.550686 -114.5 162.300003 235. 0. 14.
15.361 26 ATTITUDE -0.044793 -0.716298 0.268801
15.458 26 NAVIGATION 3 2 -46.0625 86. 105.984459 94.20929 6 7 6 0 0 0
15.459 26 ATTITUDE -0.055257 -0.719856 0.267234
15.490 26 NAVIGATION 4 0 -46.0625 86. 0. 97.558975 6 0 0 0 0 0
15.558 26 AIRSPEED 15.521965 14. 0. 6.
15.558 26 DESIRED -0.017247 0.262851 5.550686 -114.5 162.300003 235. 0. 14.
15.558 26 ATTITUDE -0.060249 -0.72255 0.266285
15.607 26 GPS 3 36023624 481368451 3188 212108 1550 496 0 100317720 31 0
15.662 26 WP_MOVED 10 360452.8125 4813581. 260. 31
15.663 26 ATTITUDE -0.064484 -0.726878 0.265002
15.740 26 NAVIGATION 4 0 -48.5 89. 0. 101.35704 7 1 1 0 0 0
15.757 26 FBW_STATUS 2 0 1 12.5 27.672886
15.757 26 ENERGY 85 12.5 27.672886 345.911072 0.29915 3.739391
15.757 26 ESTIMATOR 211.907257 5.449234
15.758 26 DESIRED 0.872665 0.091778 0.275415 -27.933449 161.777069 260. 0.5 14.
15.758 26 ATTITUDE -0.065142 -0.72984 0.264241
15.857 26 GPS_SOL 683 683 683 7
15.857 26 GPS 3 36023376 481368729 3183 213290 1553 503 0 100317960 31 0
15.857 26 ATTITUDE -0.046376 -0.733649 0.262528
15.959 26 DESIRED 0.872665 0.091318 0.275415 -27.933449 161.777069 260. 0.5 14.
15.959 26 ATTITUDE -0.026376 -0.735077 0.260365
15.991 26 NAVIGATION 4 0 -51. 92. 0. 105.1903 7 1 1 0 0 0
16.056 26 ATTITUDE 0.003624 -0.735514 0.255882
16.106 26 GPS 3 36023085 481369052 3179 214658 1548 505 0 100318240 31 0
16.158 26 WP_MOVED 11 360169.5 4813757.5 260. 31
16.158 26 DESIRED 0.872665 0.163968 0.334393 -25.897308 164.250183 260. 1. 14.
16.158 26 ATTITUDE 0.023624 -0.734652 0.252539
16.242 26 NAVIGATION 4 0 -53.90625 95. 0. 109.228584 7 1 1 0 0 0
16.258 26 ESTIMATOR 214.746887 5.496021
16.259 26 ATTITUDE 0.053624 -0.731581 0.247193
16.357 26 GPS 3 36022843 481369321 3179 215792 1510 488 0 100318480 31 0
16.357 26 DESIRED 0.872665 0.236345 0.397449 -23.86322 166.566803 260. 1.5 14.
16.358 26 ATTITUDE 0.073624 -0.728304 0.24356
16.457 26 DL_VALUE 19 1013.25
16.457 26 NAVIGATION 4 0 -56.3125 97.5 0. 109.228584 7 1 1 0 0 0
16.458 26 ATTITUDE 0.103624 -0.721451 0.238598
16.490 26 NAVIGATION 4 0 -56.3125 97.5 0. 112.593727 7 1 1 0 0 0
16.556 26 AIRSPEED 14.093684 14. 14. 6.
16.556 26 DESIRED 0.872665 0.305864 0.448685 -22.198372 168.359375 260. 2. 14.
16.556 26 ATTITUDE 0.123624 -0.715544 0.235605
16.607 26 GPS 3 36022612 481369581 3184 216843 1446 459 0 100318720 31 0
16.656 26 AIR_DATA 98753.28125 0. -1000. 1013.25 0. -1. -1.
16.657 26 CIRCLE 49.5 100.099998 70.
16.657 26 WP_MOVED 0 360326. 4813637. 260. 31
16.657 26 ATTITUDE 0.153624 -0.704623 0.232037
16.740 26 NAVIGATION 4 0 -58.625 100. 0. 115.917603 8 2 2 0 0 0
16.756 26 PPRZ_MODE 2 3 3 2 0 6
16.756 26 ESTIMATOR 217.410065 5.455343
16.756 26 DESIRED 0.872665 0.378374 0.497797 -20.564697 170.035248 260. 2.5 14.
16.757 26 ATTITUDE 0.173624 -0.695954 0.2303
16.840 26 COMMANDS 4752,5046,1102,0,0
16.858 26 ENERGY 50 12.5 12.718361 158.979507 0.324142 4.05179
16.858 26 GPS 3 36022396 481369835 3195 217778 1391 419 0 100318960 31 0
16.859 26 ATTITUDE 0.203624 -0.680838 0.228791
16.940 26 FBW_STATUS 2 0 1 12.5 12.969112
16.956 26 DESIRED 0.872665 0.37733 0.497797 -20.564697 170.035248 260. 2.5 14.
16.956 26 ATTITUDE 0.223624 -0.669355 0.228681
16.990 26 NAVIGATION 4 0 -60.78125 102.5 0. 119.166313 8 2 2 0 0 0
17.058 26 CALIBRATION 0. 0
17.058 26 ATTITUDE 0.253624 -0.650017 0.229773
17.107 26 GPS 3 36022157 481370133 3215 218733 1360 355 0 100319240 31 0
17.158 26 COMMANDS 5314,4474,1540,0,0
17.158 26 WP_MOVED 1 360284. 4813595. 260. 31
17.159 26 DESIRED 0.872665 0.441108 0.544209 -18.960403 171.606461 260. 3. 14.
17.160 26 ATTITUDE 0.273624 -0.635727 0.231496
17.240 26 NAVIGATION 4 0 -63.1875 106. 0. 123.404457 8 2 2 0 0 0
17.257 26 ESTIMATOR 219.764175 5.290623
17.257 26 ATTITUDE 0.303624 -0.612211 0.235472
17.357 26 GPS 3 36021965 481370395 3238 219471 1354 310 0 100319480 31 0
17.358 26 DESIRED 0.872665 0.441981 0.601525 -16.744255 173.664246 260. 3.5 14.
17.358 26 ATTITUDE 0.323624 -0.59514 0.238957
17.456 26 NAVIGATION 4 0 -65.125 108.5 0. 123.404457 8 2 2 0 0 0
17.456 26 ATTITUDE 0.353624 -0.567478 0.245287
17.490 26 NAVIGATION 4 0 -65.125 108.5 0. 126.544518 8 2 2 0 0 0
17.557 26 DATALINK_REPORT 9 4 1118 807 0 0
17.558 26 AIRSPEED 13.671968 14. 14. 6.
17.558 26 DESIRED 0.872665 0.442853 0.643805 -15.196732 175.028854 260. 4. 14.
17.558 26 ATTITUDE 0.373624 -0.547665 0.25016
17.606 26 GPS 3 36021786 481370668 3267 220172 1360 295 0 100319720 31 0
17.657 26 ALIVE 128,247,33,237,150,226,125,96,211,120,85,14,103,22,52,69
17.657 26 WP_MOVED 2 360333.5 4813695. 260. 31
17.657 26 ATTITUDE 0.403624 -0.515882 0.258322
17.707 26 CIRCLE 49.5 100.099998 70.
17.739 26 NAVIGATION 4 0 -66.90625 111. 0. 129.604965 9 3 3 0 0 0
17.757 26 FBW_STATUS 2 0 1 12.5 17.434519
17.757 26 ESTIMATOR 221.741714 4.998813
17.757 26 DESIRED 0.872665 0.4439 0.683825 -13.669033 176.321213 260. 4.013294 14.
17.758 26 ATTITUDE 0.433624 -0.481642 0.267358
17.857 26 GPS_SOL 689 689 689 7
17.857 26 GPS 3 36021622 481370954 3301 220872 1373 291 0 100319960 31 0
17.857 26 ATTITUDE 0.453624 -0.457421 0.273784
17.957 26 DL_VALUE 20 1.
17.958 26 AIR_DATA 98706.125 0. -1000. 1013.25 0. -1. -1.
17.958 26 ENERGY 62 12.5 17.162827 214.535339 0.353033 4.412933
17.959 26 DESIRED 0.872665 0.444599 0.683825 -13.669033 176.321213 260. 4.013294 14.
17.959 26 ATTITUDE 0.473624 -0.432061 0.280484
17.991 26 NAVIGATION 4 0 -68.5 114. 0. 132.997177 9 3 3 0 0 0
18.057 26 ATTITUDE 0.503624 -0.391829 0.290954
18.108 26 GPS 3 36021455 481371305 3349 221722 1389 294 0 100320240 31 0
18.157 26 WP_MOVED 3 360294.09375 4813785. 260. 31
18.157 26 DESIRED 0.872665 0.445471 0.726215 -11.830185 177.808487 260. 3.907014 14.
18.157 26 ATTITUDE 0.523624 -0.363498 0.298151
18.240 26 NAVIGATION 4 0 -70.1875 117.5 0. 136.866852 9 3 3 0 0 0
18.256 26 ESTIMATOR 223.401123 4.63472
18.256 26 ATTITUDE 0.553624 -0.318654 0.309173
18.357 26 WIND_INFO 26 5 -0.2 8.2 0. 8.9
18.357 26 WIND_INFO_RET 5 -0.2 8.2 0. 13.994361
18.358 26 GPS 3 36021338 481371619 3396 222491 1396 323 0 100320480 31 0
18.358 26 DESIRED 0.872665 0.446344 0.773505 -9.70116 179.442444 260. 3.839222 14.
18.359 26 ATTITUDE 0.573624 -0.287148 0.316614
18.457 26 NAVIGATION 4 0 -71.375 120.5 0. 136.866852 9 3 3 0 0 0
18.458 26 ATTITUDE 0.603624 -0.237375 0.327832
18.491 26 NAVIGATION 4 0 -71.375 120.5 0. 140.052277 9 3 3 0 0 0
18.557 26 AIRSPEED 13.989664 14. 14. 6.
18.557 26 DESIRED 0.872665 0.447217 0.811466 -7.874775 180.77301 260. 3.743496 14.
18.557 26 ATTITUDE 0.623624 -0.202463 0.335296
18.607 26 GPS 3 36021251 481371943 3449 223299 1398 356 0 100320720 31 0
18.657 26 WP_MOVED 4 360416.3125 4813734. 260. 31
18.657 26 ATTITUDE 0.653624 -0.147395 0.346401
18.741 26 NAVIGATION 4 0 -72.21875 124. 0. 143.497543 10 4 4 0 0 0
18.756 26 CIRCLE 49.5 100.099998 70.
18.757 26 ESTIMATOR 224.900635 4.280565
18.757 26 DESIRED 0.872665 0.448089 0.851348 -5.701118 182.275635 260. 3.681923 14.
18.757 26 ATTITUDE 0.673624 -0.108815 0.353701
18.858 26 GPS 3 36021199 481372275 3510 224138 1396 369 0 100320960 31 0
18.858 26 ATTITUDE 0.703624 -0.048036 0.364437
18.941 26 FBW_STATUS 2 0 1 12.5 16.004141
18.957 26 DESIRED 0.872665 0.448962 0.851348 -5.701118 182.275635 260. 3.681923 14.
18.958 26 ATTITUDE 0.723624 -0.005503 0.371419
18.990 26 NAVIGATION 4 0 -72.75 127.5 0. 146.795135 10 4 4 0 0 0
19.057 26 ENERGY 58 12.5 15.762022 197.025269 0.382945 4.786829
19.058 26 ATTITUDE 0.753624 0.061433 0.381585
19.108 26 GPS 3 36021189 481372664 3590 225142 1391 368 0 100321240 31 0
19.157 26 CALIBRATION 0. 0
19.158 26 WP_MOVED 5 360421. 4813583.5 260. 31
19.158 26 DESIRED 0.872665 0.449835 0.888951 -3.496021 183.714722 260. 3.591391 14.
19.159 26 ATTITUDE 0.773624 0.108231 0.388132
19.239 26 NAVIGATION 4 0 -72.875 131. 0. 149.905853 10 4 4 0 0 0
19.258 26 AIR_DATA 98656.164062 0. -1000. 1013.25 0. -1. -1.
19.258 26 ESTIMATOR 226.363037 3.988145
19.258 26 ATTITUDE 0.803624 0.181831 0.397579
19.358 26 GPS 3 36021229 481372994 69 226009 1386 368 0 100321480 31 0
19.359 26 DESIRED 0.71414 0.450691 0.923951 -1.232502 185.107147 260. 3.528517 14.
19.360 26 ATTITUDE 0.822708 0.233202 0.403609
19.457 26 DL_VALUE 21 0.
19.457 26 NAVIGATION 4 0 -72.46875 134.5 0. 149.905853 10 4 4 0 0 0
19.458 26 ATTITUDE 0.844144 0.313138 0.412235
19.490 26 NAVIGATION 4 0 -72.46875 134.5 0. 152.780792 10 4 4 0 0 0
19.556 26 AIRSPEED 13.801685 14. 14. 6.
19.557 26 DESIRED 0.629761 0.451228 0.955941 1.129799 186.47316 260. 3.434539 14.
19.557 26 ATTITUDE 0.853463 0.367829 0.417694
19.608 26 GPS 3 36021318 481373314 156 226865 1381 363 0 100321720 31 0
19.657 26 WP_MOVED 6 360164.8125 4813664.5 260. 31
19.658 26 ATTITUDE 0.856784 0.450747 0.425436
19.741 26 NAVIGATION 4 0 -71.5625 137.5 0. 155.007874 11 5 5 0 0 0
19.757 26 FBW_STATUS 2 0 1 12.5 15.610865
19.757 26 ESTIMATOR 227.857162 3.77156
19.757 26 DESIRED 0.519763 0.4512 0.980507 3.280502 187.642883 260. 3.371784 14.
19.757 26 ATTITUDE 0.851862 0.50577 0.430293
19.808 26 CIRCLE 49.5 100.099998 70.
19.857 26 GPS_SOL 693 693 693 7
19.857 26 GPS 3 36021458 481373613 250 227709 1376 363 0 100321960 31 0
19.858 26 ATTITUDE 0.832976 0.586495 0.437117
19.958 26 DESIRED 0.519763 0.450524 0.980507 3.280502 187.642883 260. 3.371784 14.
19.959 26 ATTITUDE 0.813137 0.638241 0.441355
19.990 26 NAVIGATION 4 0 -70.1875 140.5 0. 157.055832 11 5 5 0 0 0
20.057 26 AUTOPILOT_VERSION 51500 v5.15_devel-179-g9a29798-dirty
20.058 26 ATTITUDE 0.783137 0.712517 0.447247
20.108 26 GPS 3 36021679 481373928 357 228703 1372 371 0 100322240 31 0
20.158 26 ENERGY 57 12.5 15.309971 191.374634 0.411551 5.144404
20.159 26 WP_MOVED 7 360558.40625 4813804.5 260. 31
20.159 26 DESIRED 0.402419 0.449652 1.003077 5.563694 188.81076 260. 3.277837 14.
20.160 26 ATTITUDE 0.763137 0.759902 0.450864
20.240 26 NAVIGATION 4 0 -67.9375 143.5 0. 158.769501 11 5 5 0 0 0
20.256 26 ESTIMATOR 229.379089 3.614445
20.257 26 ATTITUDE 0.733137 0.827926 0.455832
20.357 26 GPS 3 36021908 481374163 441 229600 1367 393 0 100322480 31 0
20.358 26 DESIRED 0.527487 0.448779 1.021728 8.105362 190.024872 260. 3.212134 14.
20.358 26 ATTITUDE 0.713137 0.871309 0.458842
20.457 26 NAVIGATION 4 0 -65.65625 146.5 0. 158.769501 11 5 5 0 0 0
20.457 26 ATTITUDE 0.683137 0.933565 0.462916
20.491 26 NAVIGATION 4 0 -65.65625 146.5 0. 160.539688 11 5 5 0 0 0
20.557 26 AIR_DATA 98604.03125 0. -1000. 1013.25 0. -1. -1.
20.557 26 AIRSPEED 13.542184 14. 14. 6.
20.557 26 DESIRED 0.438865 0.447906 1.041473 10.733765 191.188843 260. 3.112293 14.
20.557 26 ATTITUDE 0.663137 0.973249 0.465346
20.607 26 GPS 3 36022164 481374365 516 230557 1359 408 0 100322720 31 0
20.658 26 WP_MOVED 8 360461.40625 4813640. 215. 31
20.658 26 ATTITUDE 0.633137 1.030146 0.468577
20.740 26 NAVIGATION 4 0 -63.125 148. 0. 160.899857 12 6 6 0 0 0
20.757 26 ESTIMATOR 230.986694 3.52771
20.757 26 DESIRED 0.334647 0.447034 1.044605 12.480412 191.912582 260. 3.043496 14.
20.757 26 ATTITUDE 0.613137 1.066381 0.470464
20.858 26 CIRCLE 49.5 100.099998 70.
20.859 26 GPS 3 36022487 481374560 589 231754 1346 416 0 100323000 31 0
20.859 26 ATTITUDE 0.583137 1.118252 0.472915
20.941 26 FBW_STATUS 2 0 1 12.5 15.424374
20.957 26 DL_VALUE 22 1.
20.957 26 DESIRED 0.334647 0.446161 1.044605 12.480412 191.912582 260. 3.043496 14.
20.958 26 ATTITUDE 0.563137 1.15122 0.474306
20.990 26 NAVIGATION 4 0 -59.875 150. 0. 161.50856 12 6 6 0 0 0
21.058 26 ATTITUDE 0.533137 1.198302 0.476046
21.107 26 GPS 3 36022778 481374692 659 232840 1331 446 0 100323240 31 0
21.157 26 WP_MOVED 9 360312.8125 4813652. 185. 31
21.157 26 DESIRED 0.237234 0.439843 1.050351 14.869816 192.840225 260. 2.931121 14.
21.158 26 ATTITUDE 0.513137 1.228142 0.476971
21.240 26 NAVIGATION 4 0 -57. 151.5 0. 161.867996 12 6 6 0 0 0
21.257 26 CALIBRATION 0. 0
21.257 26 ENERGY 57 12.5 15.499601 193.74501 0.439629 5.495378
21.257 26 ESTIMATOR 232.808044 3.551928
21.257 26 ATTITUDE 0.483137 1.270621 0.478022
21.357 26 GPS 3 36023076 481374797 707 233971 1318 478 0 100323480 31 0
21.357 26 DESIRED 0.142238 0.425471 1.0532 16.884003 193.567627 260. 2.852436 14.
21.357 26 ATTITUDE 0.463137 1.297433 0.478498
21.458 26 NAVIGATION 4 0 -54. 152.5 0. 161.867996 12 6 6 0 0 0
21.459 26 ATTITUDE 0.433137 1.335424 0.478829
21.491 26 NAVIGATION 4 0 -54. 152.5 0. 161.778397 12 6 6 0 0 0
21.557 26 AIRSPEED 12.969502 14. 14. 6.
21.558 26 DESIRED 0.082316 0.404342 1.050126 18.6661 194.170563 260. 2.728738 14.
21.558 26 ATTITUDE 0.413137 1.359277 0.478812
21.607 26 GPS 3 36023379 481374876 754 235132 1304 512 0 100323720 31 0
21.658 26 PPRZ_MODE 2 3 3 2 0 6
21.658 26 WP_MOVED 10 360452.8125 4813581. 260. 31
21.659 26 ATTITUDE 0.383137 1.392865 0.478352
21.741 26 NAVIGATION 4 0 -50.9375 153.5 0. 161.730881 13 7 7 0 0 0
21.757 26 FBW_STATUS 2 0 1 12.5 15.668392
21.757 26 ESTIMATOR 234.813339 3.650074
21.757 26 DESIRED 0.016924 0.388714 1.047272 20.554068 194.768539 260. 2.642081 14.
21.757 26 ATTITUDE 0.363137 1.413811 0.477764
21.841 26 COMMANDS 5558,-2269,-582,0,0
21.857 26 GPS_SOL 697 697 697 7
21.857 26 AIR_DATA 98525.585938 0. -1000. 1013.25 0. -1. -1.
21.858 26 GPS 3 36023684 481374932 794 236313 1291 522 0 100323960 31 0
21.858 26 ATTITUDE 0.333137 1.443065 0.476464
21.907 26 CIRCLE 49.5 100.099998 70.
21.957 26 DESIRED 0.016924 0.386146 1.047272 20.554068 194.768539 260. 2.642081 14.
21.957 26 ATTITUDE 0.313137 1.461134 0.475309
21.991 26 NAVIGATION 4 0 -47.90625 154. 0. 161.279282 13 7 7 0 0 0
22.058 26 ATTITUDE 0.283137 1.48609 0.473173
22.108 26 GPS 3 36024039 481374975 836 237699 1275 516 0 100324240 31 0
22.159 26 COMMANDS 5565,-2133,-721,0,0
22.159 26 WP_MOVED 11 360169.5 4813757.5 260. 31
22.159 26 DESIRED -0.04329 0.363312 1.038709 22.14365 195.240051 260. 2.506701 14.
22.159 26 ATTITUDE 0.263137 1.501302 0.471442
22.241 26 NAVIGATION 4 0 -44.34375 154.5 0. 160.737732 13 7 7 0 0 0
22.257 26 ESTIMATOR 237.032639 3.819934
22.257 26 ATTITUDE 0.233137 1.52199 0.468422
22.357 26 ENERGY 58 12.5 15.496016 193.700195 0.468111 5.8514
22.357 26 GPS 3 36024343 481374995 862 238885 1266 518 0 100324480 31 0
22.358 26 DESIRED -0.108844 0.346271 1.027877 24.045679 195.766479 260. 2.409276 14.
22.358 26 ATTITUDE 0.213137 1.53436 0.466146
22.457 26 DL_VALUE 23 1.
22.457 26 NAVIGATION 4 0 -41.3125 154.5 0. 160.737732 13 7 7 0 0 0
22.458 26 ATTITUDE 0.183137 1.550788 0.462316
22.491 26 NAVIGATION 4 0 -41.3125 154.5 0. 159.928024 13 7 7 0 0 0
22.558 26 AIRSPEED 12.537199 14. 14. 6.
22.559 26 DESIRED -0.144106 0.321551 1.013135 25.422136 196.122162 260. 2.259968 14.
22.560 26 ATTITUDE 0.163137 1.560322 0.459521
22.607 26 GPS 3 36024644 481375003 883 240058 1257 512 0 100324720 31 0
22.658 26 DATALINK_REPORT 4 5 1302 831 0 0
22.659 26 WP_MOVED 0 360326. 4813637. 260. 31
22.660 26 ATTITUDE 0.133137 1.572498 0.454901
22.740 26 NAVIGATION 4 0 -38.3125 154.5 0. 159.179459 14 8 8 0 0 0
22.757 26 ALIVE 128,247,33,237,150,226,125,96,211,120,85,14,103,22,52,69
22.757 26 ESTIMATOR 239.421906 4.024617
22.757 26 DESIRED -0.180413 0.304031 0.998639 26.857897 196.470825 260. 2.158642 14.
22.757 26 ATTITUDE 0.113137 1.579201 0.451556
22.857 26 NAVIGATION_REF 360284 4813595 31 185.
22.858 26 GPS 3 36024944 481375004 899 241211 1250 500 0 100324960 31 0
22.859 26 ATTITUDE 0.083137 1.587131 0.446161
22.941 26 FBW_STATUS 2 0 1 12.5 15.356417
22.957 26 CIRCLE 49.5 100.099998 70.
22.958 26 DESIRED -0.180413 0.301831 0.998639 26.857897 196.470825 260. 2.158642 14.
22.959 26 ATTITUDE 0.063137 1.591001 0.442311
22.991 26 NAVIGATION 4 0 -35.3125 154.5 0. 158.484146 14 8 8 0 0 0
23.057 26 ATTITUDE 0.033137 1.594678 0.436203
23.108 26 GPS 3 36025293 481374997 911 242524 1244 486 0 100325240 31 0
23.157 26 AIR_DATA 98453.0625 0. -1000. 1013.25 0. -1. -1.
23.158 26 WP_MOVED 1 360284. 4813595. 260. 31
23.158 26 DESIRED -0.207738 0.276768 0.984341 28.371765 196.813995 260. 2.005716 14.
23.159 26 ATTITUDE 0.013137 1.59571 0.431872
23.240 26 NAVIGATION 4 0 -31.84375 154.5 0. 157.747498 14 8 8 0 0 0
23.257 26 ESTIMATOR 241.88649 4.218158
23.258 26 ATTITUDE -0.016863 1.595123 0.425039
23.358 26 CALIBRATION 0. 0
23.358 26 GPS 3 36025591 481374990 914 243614 1240 462 0 100325480 31 0
23.359 26 SVINFO 6 13 0 6 48 62 320
23.359 26 DESIRED -0.230956 0.260219 0.96821 30.226513 197.200623 260. 1.900107 14.
23.360 26 ATTITUDE -0.036863 1.593307 0.420285
23.457 26 ENERGY 56 12.5 14.940042 186.750534 0.496048 6.200623
23.457 26 NAVIGATION 4 0 -28.84375 154.5 0. 157.747498 14 8 8 0 0 0
23.458 26 ATTITUDE -0.066863 1.588441 0.412843
23.491 26 NAVIGATION 4 0 -28.84375 154.5 0. 157.169373 14 8 8 0 0 0
23.557 26 AIRSPEED 12.390452 14. 14. 6.
23.557 26 DESIRED -0.23879 0.236653 0.954755 31.927307 197.522797 260. 1.743827 14.
23.557 26 ATTITUDE -0.086863 1.583765 0.407719
23.607 26 GPS 3 36025888 481374984 911 244666 1239 450 0 100325720 31 0
23.657 26 WP_MOVED 2 360333.5 4813695. 260. 31
23.658 26 ATTITUDE -0.116863 1.574597 0.399731
23.740 26 NAVIGATION 4 0 -25.875 154.5 0. 156.651733 15 9 9 0 0 0
23.756 26 FBW_STATUS 2 0 1 12.5 14.639809
23.757 26 ESTIMATOR 244.351868 4.36872
23.757 26 DESIRED -0.241204 0.221197 0.942045 33.704838 197.826721 260. 1.641489 14.
23.757 26 ATTITUDE -0.136863 1.567043 0.39423
23.857 26 GPS_SOL 699 699 699 7
23.857 26 GPS 3 36026235 481374983 901 245839 1238 427 0 100326000 31 0
23.857 26 ATTITUDE -0.16686 1.553541 0.385745
23.958 26 DL_VALUE 24 0.
23.959 26 DESIRED -0.241204 0.221228 0.942045 33.704838 197.826721 260. 1.641489 14.
23.960 26 ATTITUDE -0.186793 1.543087 0.379935
23.991 26 NAVIGATION 4 0 -22.375 154.5 0. 156.111786 15 9 9 0 0 0
24.008 26 CIRCLE 49.5 100.099998 70.
24.057 26 ATTITUDE -0.215663 1.525274 0.371038
24.107 26 GPS 3 36026532 481374991 883 246792 1240 387 0 100326240 31 0
24.158 26 WP_MOVED 3 360294.09375 4813785. 260. 31
24.158 26 DESIRED -0.235829 0.198238 0.928042 35.929573 198.1604 260. 1.487792 14.
24.159 26 ATTITUDE -0.233433 1.512055 0.364959
24.240 26 NAVIGATION 4 0 -19.4375 154.5 0. 155.717911 15 9 9 0 0 0
24.257 26 ESTIMATOR 246.757858 4.460786
24.258 26 ATTITUDE -0.257314 1.490407 0.355658
24.357 26 GPS 3 36026830 481375009 864 247694 1242 357 0 100326480 31 0
24.358 26 DESIRED -0.2175 0.18348 0.917302 37.91193 198.414368 260. 1.389101 14.
24.358 26 ATTITUDE -0.270909 1.474916 0.349365
24.458 26 AIR_DATA 98392.734375 0. -1000. 1013.25 0. -1. -1.
24.459 26 NAVIGATION 4 0 -16.4375 154.5 0. 155.717911 15 9 9 0 0 0
24.459 26 ATTITUDE -0.286871 1.450417 0.339772
24.491 26 NAVIGATION 4 0 -16.4375 154.5 0. 155.371948 15 9 9 0 0 0
24.558 26 ENERGY 51 12.5 13.347816 166.847702 0.522094 6.526195
24.558 26 AIRSPEED 12.499336 14. 14. 6.
24.559 26 DESIRED -0.198222 0.162239 0.907477 40.052086 198.643066 260. 1.247932 14.
24.559 26 ATTITUDE -0.29445 1.433462 0.333314
24.607 26 GPS 3 36027128 481375042 838 248542 1246 351 0 100326720 31 0
24.657 26 WP_MOVED 4 360416.3125 4813734. 260. 31
24.658 26 ATTITUDE -0.300652 1.407499 0.323479
24.740 26 NAVIGATION 4 0 -13.46875 155. 0. 155.584076 16 10 10 0 0 0
24.756 26 ESTIMATOR 248.954483 4.442755
24.756 26 DESIRED -0.158718 0.148517 0.90813 42.739079 198.8638 260. 1.158675 14.
24.757 26 ATTITUDE -0.301388 1.390079 0.316846
24.857 26 GPS 3 36027424 481375089 808 249337 1251 338 0 100326960 31 0
24.858 26 ATTITUDE -0.297192 1.364205 0.306807
24.940 26 FBW_STATUS 2 0 1 12.5 13.071159
24.957 26 DESIRED -0.158718 0.147986 0.90813 42.739079 198.8638 260. 1.158675 14.
24.957 26 ATTITUDE -0.290595 1.347395 0.300056
24.990 26 NAVIGATION 4 0 -10.5 155.5 0. 155.854095 16 10 10 0 0 0
25.059 26 CIRCLE 49.5 100.099998 70.
25.060 26 ATTITUDE -0.275667 1.323253 0.289883
25.107 26 GPS 3 36027768 481375164 772 250201 1259 306 0 100327240 31 0
25.158 26 WP_MOVED 5 360421. 4813583.5 260. 31
25.158 26 DESIRED -0.117985 0.128336 0.910683 45.557072 199.016388 260. 1.032934 14.
25.158 26 ATTITUDE -0.262136 1.308109 0.283042
25.241 26 NAVIGATION 4 0 -7.0625 156. 0. 156.15979 16 10 10 0 0 0
25.257 26 ESTIMATOR 250.921112 4.330273
25.257 26 ATTITUDE -0.237486 1.287175 0.272734
25.358 26 GPS 3 36028061 481375244 747 250892 1265 292 0 100327480 31 0
25.359 26 DESIRED -0.064473 0.115267 0.914739 48.916847 199.093231 260. 0.952375 14.
25.359 26 ATTITUDE -0.218647 1.274562 0.265856
25.456 26 CALIBRATION 0. 0
25.457 26 DL_VALUE 25 70.
25.457 26 NAVIGATION 4 0 -4.15625 157. 0. 156.15979 16 10 10 0 0 0
25.457 26 ATTITUDE -0.188647 1.257832 0.255513
25.491 26 NAVIGATION 4 0 -4.15625 157. 0. 157.055008 16 10 10 0 0 0
25.558 26 AIRSPEED 12.764526 14. 14. 6.
25.559 26 DESIRED -0.023251 0.097466 0.931464 52.403305 199.052368 260. 0.840706 14.
25.559 26 ATTITUDE -0.168647 1.24813 0.248636
25.608 26 GPS 3 36028353 481375336 725 251543 1272 263 0 100327720 31 0
25.657 26 ENERGY 47 12.5 12.044153 150.55191 0.545493 6.818678
25.657 26 WP_MOVED 6 360164.8125 4813664.5 260. 31
25.657 26 ATTITUDE -0.138647 1.235726 0.2383
25.740 26 NAVIGATION 4 0 -1.21875 158. 0. 158.0047 17 11 11 0 0 0
25.757 26 FBW_STATUS 2 0 1 12.5 12.027508
25.757 26 AIR_DATA 98347.84375 0. -1000. 1013.25 0. -1. -1.
25.757 26 ESTIMATOR 252.639816 4.134731
25.757 26 DESIRED 0.019243 0.086095 0.950699 56.03072 198.879303 260. 0.772083 14.
25.757 26 ATTITUDE -0.118647 1.228875 0.231416
25.857 26 GPS_SOL 699 699 699 7
25.858 26 GPS 3 36028643 481375436 709 252156 1278 256 0 100327960 31 0
25.859 26 ATTITUDE -0.088647 1.220705 0.221121
25.959 26 DESIRED 0.019243 0.08508 0.950699 56.03072 198.879303 260. 0.772083 14.
25.959 26 ATTITUDE -0.068647 1.216653 0.214281
25.990 26 NAVIGATION 4 0 1.6875 158.5 0. 158.508987 17 11 11 0 0 0
26.057 26 ATTITUDE -0.038647 1.212649 0.20409
26.107 26 CIRCLE 49.5 100.099998 70.
26.107 26 GPS 3 36028981 481375560 697 252820 1287 232 0 100328240 31 0
26.156 26 WP_MOVED 7 360558.40625 4813804.5 260. 31
26.157 26 DESIRED 0.044462 0.069968 0.962819 59.319382 198.60675 260. 0.677797 14.
26.157 26 ATTITUDE -0.018647 1.211356 0.197322
26.241 26 NAVIGATION 4 0 5.0625 160. 0. 160.080063 17 11 11 0 0 0
26.257 26 ESTIMATOR 254.101746 3.87159
26.257 26 ATTITUDE 0.011221 1.211462 0.187245
26.358 26 GPS 3 36029272 481375669 694 253344 1293 217 0 100328480 31 0
26.359 26 DESIRED 0.091797 0.061308 0.99791 64.012268 198.025452 260. 0.618727 14.
26.359 26 ATTITUDE 0.030842 1.212873 0.180597
26.457 26 NAVIGATION 4 0 7.96875 161.5 0. 160.080063 17 11 11 0 0 0
26.458 26 ATTITUDE 0.06046 1.217001 0.170726
26.491 26 NAVIGATION 4 0 7.96875 161.5 0. 161.696472 17 11 11 0 0 0
26.558 26 PPRZ_MODE 2 3 3 2 0 6
26.559 26 AIRSPEED 13.05751 14. 14. 6.
26.559 26 DESIRED 0.120901 0.05023 1.034971 68.262581 197.300644 260. 0.538685 14.
26.559 26 ATTITUDE 0.079603 1.221063 0.164245
26.607 26 GPS 3 36029564 481375778 696 253822 1301 190 0 100328720 31 0
26.608 26 SVINFO 5 12 1 5 48 87 272
26.657 26 WP_MOVED 8 360461.40625 4813640. 215. 31
26.658 26 ATTITUDE 0.107476 1.229052 0.154642
26.742 26 NAVIGATION 4 0 10.875 162.5 0. 162.863495 18 12 12 0 0 0
26.756 26 ENERGY 43 12.5 10.890728 136.134094 0.566461 7.080788
26.757 26 ESTIMATOR 255.320801 3.560223
26.757 26 DESIRED 0.138037 0.043966 1.064878 72.177734 196.462433 260. 0.490848 14.
26.757 26 ATTITUDE 0.125034 1.235584 0.148339
26.840 26 COMMANDS 4151,2,-720,0,0
26.858 26 GPS 3 36029860 481375883 703 254254 1309 159 0 100328960 31 0
26.859 26 ATTITUDE 0.149311 1.247048 0.139052
26.941 26 FBW_STATUS 2 0 1 12.5 10.667549
26.957 26 DL_VALUE 26 0.
26.958 26 DESIRED 0.138037 0.044867 1.064878 72.177734 196.462433 260. 0.490848 14.
26.958 26 ATTITUDE 0.163944 1.255706 0.132978
26.991 26 NAVIGATION 4 0 13.84375 163. 0. 163.586823 18 12 12 0 0 0
27.057 26 AIR_DATA 98316.242188 0. -1000. 1013.25 0. -1. -1.
27.057 26 ATTITUDE 0.182991 1.270014 0.124069
27.108 26 GPS 3 36030211 481375999 719 254697 1319 159 0 100329240 31 0
27.158 26 COMMANDS 4049,-296,-631,0,0
27.158 26 CIRCLE 49.5 100.099998 70.
27.160 26 WP_MOVED 9 360312.8125 4813652. 185. 31
27.161 26 DESIRED 0.142946 0.036075 1.087986 75.875862 195.516525 260. 0.427267 14.
27.161 26 ATTITUDE 0.198143 1.285625 0.115384
27.241 26 NAVIGATION 4 0 17.375 164.5 0. 165.415054 18 12 12 0 0 0
27.257 26 ESTIMATOR 256.291168 3.209457
27.257 26 ATTITUDE 0.205838 1.296586 0.109743
27.358 26 GPS 3 36030516 481376090 735 255024 1328 144 0 100329480 31 0
27.359 26 DESIRED 0.163574 0.031125 1.136186 80.892502 193.985626 260. 0.389056 14.
27.359 26 ATTITUDE 0.211706 1.307865 0.104226
27.456 26 NAVIGATION 4 0 20.40625 165.5 0. 165.415054 18 12 12 0 0 0
27.457 26 ATTITUDE 0.217806 1.3252 0.096174
27.491 26 NAVIGATION 4 0 20.40625 165.5 0. 166.753296 18 12 12 0 0 0
27.556 26 CALIBRATION 0. 0
27.557 26 AIRSPEED 13.438123 14. 14. 6.
27.557 26 DESIRED 0.172095 0.024369 1.174785 85.005165 192.508789 260. 0.339984 14.
27.557 26 ATTITUDE 0.22006 1.336916 0.090975
27.607 26 GPS 3 36030827 481376170 754 255306 1337 110 0 100329720 31 0
27.659 26 WP_MOVED 10 360452.8125 4813581. 260. 31
27.659 26 ATTITUDE 0.221175 1.354552 0.083406
27.740 26 NAVIGATION 4 0 23.53125 166. 0. 167.659531 19 13 13 0 0 0
27.756 26 DATALINK_REPORT 10 5 1484 812 0 0
27.757 26 FBW_STATUS 2 0 1 12.5 9.80863
27.757 26 ESTIMATOR 257.020416 2.830296
27.757 26 DESIRED 0.170931 0.020575 1.207305 88.962166 190.889526 260. 0.312558 14.
27.757 26 ATTITUDE 0.219868 1.372083 0.076133
27.857 26 ALIVE 128,247,33,237,150,226,125,96,211,120,85,14,103,22,52,69
27.857 26 GPS_SOL 699 699 699 7
27.857 26 ENERGY 39 12.5 9.717098 121.46373 0.585249 7.31563
27.857 26 GPS 3 36031143 481376241 774 255547 1347 82 0 100329960 31 0
27.858 26 ATTITUDE 0.217801 1.383621 0.071455
27.957 26 DESIRED 0.170931 0.020997 1.207305 88.962166 190.889526 260. 0.312558 14.
27.957 26 ATTITUDE 0.213163 1.40059 0.064696
27.990 26 NAVIGATION 4 0 26.6875 167. 0. 169.118958 19 13 13 0 0 0
28.057 26 ATTITUDE 0.209362 1.411626 0.060371
28.107 26 GPS 3 36031517 481376309 799 255780 1359 66 0 100330240 31 0
28.108 26 SVINFO 4 11 1 4 48 81 223
28.158 26 WP_MOVED 11 360169.5 4813757.5 260. 31
28.158 26 DESIRED 0.183763 0.016528 1.251917 93.161789 188.946198 260. 0.278922 14.
28.158 26 ATTITUDE 0.205406 1.422427 0.05618
28.207 26 CIRCLE 49.5 100.099998 70.
28.239 26 NAVIGATION 4 0 30.40625 167.5 0. 170.237442 19 13 13 0 0 0
28.257 26 ESTIMATOR 257.515289 2.432383
28.258 26 ATTITUDE 0.19942 1.438184 0.050156
28.357 26 WIND_INFO 26 5 -0. 1.3 0. 12.7
28.357 26 AIR_DATA 98296.546875 0. -1000. 1013.25 0. -1. -1.
28.358 26 GPS 3 36031842 481376357 816 255944 1368 58 0 100330480 31 0
28.358 26 DESIRED 0.18519 0.014183 1.295487 97.770157 186.529114 260. 0.260646 14.
28.358 26 ATTITUDE 0.195569 1.448401 0.046323
28.358 26 WIND_INFO_RET 5 -0. 1.3 0. 13.751972
28.457 26 DL_VALUE 27 2.
28.457 26 NAVIGATION 4 0 33.65625 168. 0. 170.237442 19 13 13 0 0 0
28.457 26 ATTITUDE 0.190272 1.463325 0.040841
28.490 26 NAVIGATION 4 0 33.65625 168. 0. 171.338089 19 13 13 0 0 0
28.557 26 AIRSPEED 13.823041 14. 14. 6.
28.557 26 DESIRED 0.200926 0.011517 1.337616 101.762337 184.175262 260. 0.239998 14.
28.558 26 ATTITUDE 0.187177 1.473035 0.037372
28.607 26 GPS 3 36032170 481376395 834 256080 1377 59 0 100330720 31 0
28.608 26 SVINFO 6 13 1 6 47 53 323
28.656 26 WP_MOVED 0 360326. 4813637. 260. 31
28.656 26 ATTITUDE 0.183951 1.487324 0.032436
28.741 26 NAVIGATION 4 0 36.9375 168.5 0. 172.501099 20 14 14 0 0 0
28.757 26 ESTIMATOR 257.804565 2.031829
28.757 26 DESIRED 0.215327 0.010558 1.382645 105.703583 181.593292 260. 0.230301 14.
28.758 26 ATTITUDE 0.18287 1.496733 0.029328
28.856 26 GPS 3 36032501 481376424 850 256190 1385 44 0 100330960 31 0
28.857 26 ATTITUDE 0.183049 1.510791 0.024937
28.941 26 FBW_STATUS 2 0 1 12.5 8.794695
28.956 26 ENERGY 36 12.5 8.794695 109.933685 0.602124 7.526574
28.956 26 DESIRED 0.215327 0.011165 1.382645 105.703583 181.593292 260. 0.230301 14.
28.956 26 ATTITUDE 0.184558 1.52021 0.02219
28.990 26 NAVIGATION 4 0 40.25 168.5 0. 173.240616 20 14 14 0 0 0
29.057 26 ATTITUDE 0.188678 1.534544 0.018342
29.109 26 GPS 3 36032891 481376445 871 256289 1395 43 0 100331240 31 0
29.156 26 WP_MOVED 1 360284. 4813595. 260. 31
29.156 26 DESIRED 0.225537 0.01052 1.422416 109.487579 178.849533 260. 0.221216 14.
29.156 26 ATTITUDE 0.192703 1.544313 0.015954
29.241 26 NAVIGATION 4 0 44.15625 169. 0. 174.67334 20 14 14 0 0 0
29.257 26 CIRCLE 49.5 100.099998 70.
29.257 26 ESTIMATOR 257.920135 1.643184
29.258 26 ATTITUDE 0.200278 1.559405 0.01264
29.356 26 GPS 3 36033227 481376453 886 256352 1401 26 0 100331480 31 0
29.357 26 DESIRED 0.251242 0.010829 1.480636 113.877602 175.303223 260. 0.218178 14.
29.357 26 ATTITUDE 0.209634 1.575138 0.009646
29.456 26 NAVIGATION 4 0 47.53125 169. 0. 174.67334 20 14 14 0 0 0
29.457 26 ATTITUDE 0.217026 1.586064 0.007827
29.490 26 NAVIGATION 4 0 47.53125 169. 0. 175.556885 20 14 14 0 0 0
29.557 26 AIRSPEED 14.119969 14. 14. 6.
29.557 26 DESIRED 0.267924 0.011744 1.526919 117.472084 172.070801 260. 0.217944 14.
29.557 26 ATTITUDE 0.225062 1.597385 0.006146
29.607 26 GPS 3 36033565 481376451 904 256396 1408 9 0 100331720 31 0
29.658 26 CALIBRATION 0. 0
29.659 26 AIR_DATA 98291.28125 0. -1000. 1013.25 0. -1. -1.
29.659 26 WP_MOVED 2 360333.5 4813695. 260. 31
29.660 26 ATTITUDE 0.238453 1.615186 0.00388
29.740 26 NAVIGATION 4 0 50.875 169. 0. 176.491547 21 15 15 0 0 0
29.757 26 FBW_STATUS 2 0 1 12.5 8.353844
29.758 26 ESTIMATOR 257.89975 1.279978
29.759 26 DESIRED 0.283941 0.013071 1.575233 120.882744 168.689392 260. 0.220316 14.
29.760 26 ATTITUDE 0.247928 1.627642 0.002538
29.856 26 GPS_SOL 697 697 697 7
29.857 26 GPS 3 36033905 481376437 923 256424 1414 0 0 100331960 31 0
29.857 26 ATTITUDE 0.262597 1.647249 0.000771
29.957 26 DL_VALUE 28 0.
29.957 26 DESIRED 0.283941 0.014066 1.575233 120.882744 168.689392 260. 0.220316 14.
29.957 26 ATTITUDE 0.272567 1.660953 -0.000245
29.990 26 NAVIGATION 4 0 54.28125 169. 0. 177.503387 21 15 15 0 0 0
30.058 26 ENERGY 34 12.5 8.250513 103.131416 0.617686 7.721094
30.059 26 ATTITUDE 0.287239 1.682453 -0.001534
30.108 26 GPS 3 36034301 481376403 951 256438 1421 1 0 100332240 31 0
30.108 26 SVINFO 5 12 1 5 47 85 274
30.157 26 WP_MOVED 3 360294.09375 4813785. 260. 31
30.158 26 DESIRED 0.300414 0.016057 1.626733 124.177994 165.086136 260. 0.22702 14.
30.158 26 ATTITUDE 0.296852 1.697406 -0.002237
30.240 26 NAVIGATION 4 0 58.25 168.5 0. 178.284363 21 15 15 0 0 0
30.257 26 ESTIMATOR 257.776489 0.950959
30.257 26 ATTITUDE 0.310508 1.720731 -0.003066
30.306 26 CIRCLE 49.5 100.099998 70.
30.357 26 GPS 3 36034640 481376359 974 256437 1425 -2 0 100332480 31 0
30.357 26 DESIRED 0.306151 0.017924 1.683136 127.816475 160.651871 260. 0.233246 14.
30.358 26 ATTITUDE 0.318789 1.736833 -0.003476
30.460 26 NAVIGATION 4 0 61.65625 168. 0. 178.284363 21 15 15 0 0 0
30.460 26 ATTITUDE 0.329788 1.761721 -0.00388
30.491 26 NAVIGATION 4 0 61.65625 168. 0. 178.95668 21 15 15 0 0 0
30.559 26 AIRSPEED 14.33051 14. 14. 6.
30.559 26 DESIRED 0.316607 0.020494 1.733375 130.740509 156.66835 260. 0.244809 14.
30.559 26 ATTITUDE 0.335927 1.778735 -0.004017
30.607 26 GPS 3 36034978 481376298 1002 256426 1430 6 0 100332720 31 0
30.657 26 WP_MOVED 4 360416.3125 4813734. 260. 31
30.657 26 ATTITUDE 0.343558 1.804769 -0.004026
30.741 26 NAVIGATION 4 0 65. 167.5 0. 179.66983 22 16 16 0 0 0
30.758 26 ESTIMATOR 257.581573 0.662163
30.758 26 DESIRED 0.320019 0.02255 1.784827 133.407715 152.63089 260. 0.253693 14.
30.758 26 ATTITUDE 0.34753 1.8224 -0.003909
30.857 26 GPS 3 36035313 481376220 1031 256409 1434 -9 0 100332960 31 0
30.857 26 ATTITUDE 0.351789 1.849141 -0.003558
30.941 26 FBW_STATUS 2 0 1 12.5 7.954311
30.957 26 AIR_DATA 98291.132812 0. -1000. 1013.25 0. -1. -1.
30.957 26 DESIRED 0.320019 0.023144 1.784827 133.407715 152.63089 260. 0.253693 14.
30.959 26 ATTITUDE 0.353534 1.867094 -0.003213
30.990 26 NAVIGATION 4 0 68.375 166.5 0. 179.992752 22 16 16 0 0 0
31.057 26 ATTITUDE 0.354539 1.894099 -0.002544
31.107 26 GPS 3 36035699 481376105 1069 256386 1438 7 0 100333240 31 0
31.158 26 AUTOPILOT_VERSION 51500 v5.15_devel-179-g9a29798-dirty
31.159 26 ENERGY 33 12.5 7.930239 99.127983 0.632462 7.905796
31.159 26 WP_MOVED 5 360421. 4813583.5 260. 31
31.159 26 DESIRED 0.317776 0.025791 1.833905 135.972504 148.292389 260. 0.26824 14.
31.160 26 ATTITUDE 0.354134 1.912086 -0.001998
31.240 26 NAVIGATION 4 0 72.25 165.5 0. 180.583252 22 16 16 0 0 0
31.256 26 ESTIMATOR 257.345032 0.417851
31.256 26 ATTITUDE 0.35209 1.938934 -0.001044
31.357 26 CIRCLE 49.5 100.099998 70.
31.357 26 GPS 3 36036025 481375988 1098 256369 1440 14 0 100333480 31 0
31.358 26 SVINFO 3 10 1 3 48 48 175
31.359 26 DESIRED 0.313872 0.027662 1.894762 138.612488 143.215683 260. 0.278506 14.
31.359 26 ATTITUDE 0.349882 1.956692 -0.000328
31.459 26 PPRZ_MODE 2 3 3 2 0 6
31.460 26 DL_VALUE 29 0.
31.460 26 NAVIGATION 4 0 75.5 164.5 0. 180.583252 22 16 16 0 0 0
31.461 26 ATTITUDE 0.345414 1.983034 0.000859
31.491 26 NAVIGATION 4 0 75.5 164.5 0. 180.998611 22 16 16 0 0 0
31.559 26 AIRSPEED 14.435201 14. 14. 6.
31.559 26 DESIRED 0.318242 0.030209 1.94666 140.615356 138.803864 260. 0.294074 14.
31.560 26 ATTITUDE 0.341863 2.000361 0.001715
31.608 26 GPS 3 36036344 481375854 1128 256358 1442 1 0 100333720 31 0
31.657 26 WP_MOVED 6 360164.8125 4813664.5 260. 31
31.658 26 ATTITUDE 0.336206 2.02597 0.003094
31.740 26 NAVIGATION 4 0 78.6875 163. 0. 180.999237 23 17 17 0 0 0
31.757 26 CALIBRATION 0. 0
31.757 26 FBW_STATUS 2 0 1 12.5 7.864126
31.758 26 ESTIMATOR 257.100037 0.222725
31.759 26 DESIRED 0.314081 0.031864 1.995857 142.461273 134.13237 260. 0.304206 14.
31.759 26 ATTITUDE 0.332436 2.042785 0.004068
31.840 26 COMMANDS 3236,-36,172,0,0
31.857 26 NAVIGATION_REF 360284 4813595 31 185.
31.858 26 GPS_SOL 694 694 694 7
31.859 26 GPS 3 36036656 481375703 1158 256356 1443 -1 0 100333960 31 0
31.859 26 ATTITUDE 0.326943 2.067638 0.005597
31.958 26 DESIRED 0.314081 0.031952 1.995857 142.461273 134.13237 260. 0.304206 14.
31.958 26 ATTITUDE 0.323455 2.08397 0.006657
31.991 26 NAVIGATION 4 0 81.8125 161.5 0. 181.040146 23 17 17 0 0 0
32.057 26 ATTITUDE 0.318699 2.108145 0.008293
32.107 26 GPS 3 36037009 481375507 1194 256369 1443 5 0 100334240 31 0
32.108 26 SVINFO 6 13 1 6 46 46 325
32.156 26 COMMANDS 3240,58,158,0,0
32.157 26 WP_MOVED 7 360558.40625 4813804.5 260. 31
32.157 26 DESIRED 0.314425 0.034162 2.046424 144.045288 129.445984 260. 0.318535 14.
32.158 26 ATTITUDE 0.31597 2.124074 0.009413
32.241 26 NAVIGATION 4 0 85.34375 159.5 0. 180.897217 23 17 17 0 0 0
32.258 26 AIR_DATA 98291.59375 0. -1000. 1013.25 0. -1. -1.
32.259 26 ENERGY 33 12.5 7.888153 98.601913 0.646927 8.0866
32.259 26 ESTIMATOR 256.881378 0.081117
32.259 26 ATTITUDE 0.312659 2.147741 0.011124
32.357 26 GPS 3 36037303 481375324 1219 256394 1442 -14 0 100334480 31 0
32.358 26 DESIRED 0.3106 0.035508 2.104831 145.599365 123.867867 260. 0.327143 14.
32.358 26 ATTITUDE 0.311 2.163403 0.012276
32.407 26 CIRCLE 49.5 100.099998 70.
32.457 26 NAVIGATION 4 0 88.28125 158. 0. 180.897217 23 17 17 0 0 0
32.457 26 ATTITUDE 0.309198 2.186775 0.014018
32.492 26 NAVIGATION 4 0 88.28125 158. 0. 180.99054 23 17 17 0 0 0
32.558 26 AIRSPEED 14.403776 14. 14. 6.
32.559 26 DESIRED 0.319443 0.037221 2.156504 146.614319 119.30439 260. 0.338207 14.
32.560 26 ATTITUDE 0.308466 2.202305 0.015179
32.606 26 GPS 3 36037588 481375128 1246 256432 1441 -4 0 100334720 31 0
32.657 26 WP_MOVED 8 360461.40625 4813640. 215. 31
32.658 26 ATTITUDE 0.308438 2.225592 0.016919
32.740 26 NAVIGATION 4 0 91.125 156. 0. 180.664795 24 18 18 0 0 0
32.757 26 ESTIMATOR 256.71933 -0.005543
32.758 26 DESIRED 0.320182 0.038193 2.206503 147.451202 114.437386 260. 0.344142 14.
32.758 26 ATTITUDE 0.309135 2.241156 0.018072
32.857 26 DATALINK_REPORT 5 6 1672 837 0 0
32.858 26 GPS 3 36037863 481374918 1272 256481 1439 -15 0 100334960 31 0
32.859 26 SVINFO 2 9 0 2 48 10 126
32.859 26 ATTITUDE 0.311112 2.264632 0.019783
32.942 26 FBW_STATUS 2 0 1 12.5 7.978399
32.958 26 ALIVE 128,247,33,237,150,226,125,96,211,120,85,14,103,22,52,69
32.959 26 DL_VALUE 30 0.
32.959 26 DESIRED 0.320182 0.038301 2.206503 147.451202 114.437386 260. 0.344142 14.
32.959 26 ATTITUDE 0.312952 2.280405 0.020908
32.992 26 NAVIGATION 4 0 93.875 153.5 0. 179.929886 24 18 18 0 0 0
33.056 26 ATTITUDE 0.316302 2.304293 0.022564
33.106 26 GPS 3 36038170 481374658 1306 256551 1436 -9 0 100335240 31 0
33.158 26 WP_MOVED 9 360312.8125 4813652. 185. 31
33.158 26 DESIRED 0.321776 0.039413 2.256027 148.075912 109.198929 260. 0.350724 14.
33.158 26 ATTITUDE 0.318838 2.320392 0.023645
33.241 26 NAVIGATION 4 0 96.9375 151. 0. 179.437668 24 18 18 0 0 0
33.257 26 ESTIMATOR 256.632263 -0.041214
33.257 26 ATTITUDE 0.322881 2.344825 0.025226
33.358 26 ENERGY 34 12.5 8.032658 100.408218 0.661529 8.269132
33.359 26 GPS 3 36038421 481374423 1331 256620 1434 -9 0 100335480 31 0
33.359 26 SVINFO 4 11 1 4 47 86 226
33.359 26 DESIRED 0.320118 0.039922 2.314973 148.43364 103.583488 260. 0.353276 14.
33.360 26 ATTITUDE 0.325589 2.361307 0.026249
33.457 26 CIRCLE 49.5 100.099998 70.
33.458 26 NAVIGATION 4 0 99.4375 149. 0. 179.437668 24 18 18 0 0 0
33.459 26 ATTITUDE 0.329415 2.386309 0.027732
33.491 26 NAVIGATION 4 0 99.4375 149. 0. 179.133514 24 18 18 0 0 0
33.557 26 AIR_DATA 98288.664062 0. -1000. 1013.25 0. -1. -1.
33.557 26 AIRSPEED 14.309787 14. 14. 6.
33.557 26 DESIRED 0.325755 0.040239 2.365156 148.489502 99.060905 260. 0.354684 14.
33.558 26 ATTITUDE 0.331709 2.403149 0.028684
33.607 26 GPS 3 36038660 481374176 1360 256696 1432 -20 0 100335720 31 0
33.608 26 SVINFO 5 12 0 5 46 82 276
33.657 26 WP_MOVED 10 360452.8125 4813581. 260. 31
33.658 26 ATTITUDE 0.334887 2.428646 0.030053
33.742 26 NAVIGATION 4 0 101.84375 146.5 0. 178.421967 25 19 19 0 0 0
33.757 26 FBW_STATUS 2 0 1 12.5 8.071896
33.757 26 ESTIMATOR 256.625122 -0.034907
33.758 26 DESIRED 0.324426 0.040222 2.415584 148.316101 94.151894 260. 0.354025 14.
33.758 26 ATTITUDE 0.336792 2.445789 0.030924
33.858 26 CALIBRATION 0. 0
33.858 26 GPS_SOL 690 690 690 7
33.858 26 GPS 3 36038885 481373917 1389 256779 1429 -23 0 100335960 31 0
33.859 26 ATTITUDE 0.339207 2.471693 0.032165
33.957 26 DESIRED 0.324426 0.040274 2.415584 148.316101 94.151894 260. 0.354025 14.
33.957 26 ATTITUDE 0.340448 2.489066 0.032947
33.990 26 NAVIGATION 4 0 104.09375 143.5 0. 177.278763 25 19 19 0 0 0
34.056 26 ATTITUDE 0.341719 2.51524 0.034049
34.108 26 GPS 3 36039131 481373601 1426 256881 1427 -3 0 100336240 31 0
34.157 26 WP_MOVED 11 360169.5 4813757.5 260. 31
34.158 26 DESIRED 0.323401 0.039835 2.466254 147.855347 88.864944 260. 0.350782 14.
34.158 26 ATTITUDE 0.342229 2.541497 0.035061
34.240 26 NAVIGATION 4 0 106.5625 140.5 0. 176.340057 25 19 19 0 0 0
34.261 26 ESTIMATOR 256.692871 0.002203
34.262 26 ATTITUDE 0.342167 2.559016 0.035686
34.358 26 GPS 3 36039325 481373320 1453 256974 1425 -11 0 100336480 31 0
34.359 26 DESIRED 0.314788 0.039225 2.524325 147.079178 83.417557 260. 0.346918 14.
34.359 26 ATTITUDE 0.341751 2.576527 0.036269
34.458 26 DL_VALUE 31 0.
34.459 26 ENERGY 34 12.5 8.108152 101.351906 0.67634 8.454277
34.459 26 NAVIGATION 4 0 108.5 137.5 0. 176.340057 25 19 19 0 0 0
34.459 26 ATTITUDE 0.340206 2.602719 0.037066
34.491 26 NAVIGATION 4 0 108.5 137.5 0. 175.152786 25 19 19 0 0 0
34.507 26 CIRCLE 49.5 100.099998 70.
34.558 26 AIRSPEED 14.220863 14. 14. 6.
34.559 26 DESIRED 0.31803 0.037956 2.574553 146.099701 78.455246 260. 0.339235 14.
34.559 26 ATTITUDE 0.338658 2.620097 0.037546
34.608 26 GPS 3 36039504 481373029 1483 257070 1423 0 0 100336720 31 0
34.657 26 WP_MOVED 0 360326. 4813637. 260. 31
34.657 26 ATTITUDE 0.335885 2.645997 0.038184
34.741 26 NAVIGATION 4 0 110.28125 134.5 0. 173.93161 26 20 20 0 0 0
34.757 26 ESTIMATOR 256.825775 0.059175
34.757 26 DESIRED 0.314219 0.036898 2.6243 144.898376 73.658569 260. 0.332976 14.
34.757 26 ATTITUDE 0.333865 2.663138 0.038555
34.857 26 AIR_DATA 98282.242188 0. -1000. 1013.25 0. -1. -1.
34.857 26 GPS 3 36039668 481372730 1513 257171 1421 3 0 100336960 31 0
34.857 26 SVINFO 3 10 1 3 47 54 177
34.858 26 ATTITUDE 0.330656 2.688651 0.039031
34.943 26 FBW_STATUS 2 0 1 12.5 8.120247
34.958 26 DESIRED 0.314219 0.036763 2.6243 144.898376 73.658569 260. 0.332976 14.
34.958 26 ATTITUDE 0.328421 2.705518 0.039293
34.993 26 NAVIGATION 4 0 111.9375 132. 0. 173.07225 26 20 20 0 0 0
35.057 26 ATTITUDE 0.325044 2.730605 0.039608
35.107 26 GPS 3 36039839 481372371 1550 257293 1418 12 0 100337240 31 0
35.157 26 WP_MOVED 1 360284. 4813595. 260. 31
35.158 26 DESIRED 0.308002 0.034984 2.670891 143.683365 69.612396 260. 0.322098 14.
35.159 26 ATTITUDE 0.322713 2.747182 0.039761
35.241 26 NAVIGATION 4 0 113.65625 128.5 0. 171.551712 26 20 20 0 0 0
35.256 26 ESTIMATOR 257.010468 0.126159
35.256 26 ATTITUDE 0.319224 2.771823 0.039909
35.358 26 GPS 3 36039968 481372057 1576 257400 1416 20 0 100337480 31 0
35.359 26 DESIRED 0.299402 0.033561 2.727154 141.843689 64.425865 260. 0.313602 14.
35.359 26 ATTITUDE 0.316939 2.788105 0.039957
35.458 26 NAVIGATION 4 0 114.9375 125. 0. 171.551712 26 20 20 0 0 0
35.458 26 ATTITUDE 0.313364 2.812299 0.039948
35.491 26 NAVIGATION 4 0 114.9375 125. 0. 169.810562 26 20 20 0 0 0
35.558 26 ENERGY 34 12.5 8.093042 101.163033 0.691218 8.640249
35.559 26 CIRCLE 49.5 100.099998 70.
35.559 26 AIRSPEED 14.144145 14. 14. 6.
35.559 26 DESIRED 0.30703 0.031337 2.778207 139.818359 59.571083 260. 0.299776 14.
35.560 26 ATTITUDE 0.310991 2.828275 0.039895
35.607 26 GPS 3 36040082 481371737 1604 257509 1415 11 0 100337720 31 0
35.608 26 SVINFO 6 13 1 6 45 40 327
35.657 26 WP_MOVED 2 360333.5 4813695. 260. 31
35.657 26 ATTITUDE 0.307919 2.852032 0.039734
35.740 26 NAVIGATION 4 0 116.0625 122. 0. 168.387955 27 21 21 0 0 0
35.758 26 FBW_STATUS 2 0 1 12.5 8.111176
35.758 26 ESTIMATOR 257.236115 0.196124
35.758 26 DESIRED 0.302404 0.029728 2.824772 137.870789 55.483803 260. 0.289932 14.
35.758 26 ATTITUDE 0.306312 2.867759 0.039577
35.857 26 GPS_SOL 685 685 685 7
35.858 26 GPS 3 36040195 481371357 1634 257637 1413 15 0 100338000 31 0
35.859 26 ATTITUDE 0.304498 2.891229 0.03927
35.957 26 CALIBRATION 0. 0
35.957 26 DL_VALUE 32 0.
35.957 26 DESIRED 0.302404 0.029638 2.824772 137.870789 55.483803 260. 0.289932 14.
35.957 26 ATTITUDE 0.30361 2.906814 0.039018
35.990 26 NAVIGATION 4 0 117.21875 118. 0. 166.325684 27 21 21 0 0 0
36.057 26 ATTITUDE 0.302827 2.930138 0.038576
36.107 26 GPS 3 36040275 481371028 1665 257745 1411 47 0 100338240 31 0
36.107 26 SVINFO 1 8 1 1 48 0 78
36.162 26 AIR_DATA 98275.5625 0. -1000. 1013.25 0. -1. -1.
36.162 26 WP_MOVED 3 360294.09375 4813785. 260. 31
36.163 26 DESIRED 0.310581 0.027195 2.883811 135.064301 50.312935 260. 0.27397 14.
36.163 26 ATTITUDE 0.302874 2.945682 0.038235
36.240 26 NAVIGATION 4 0 118. 115. 0. 164.769531 27 21 21 0 0 0
36.257 26 ESTIMATOR 257.492249 0.264023
36.257 26 ATTITUDE 0.303758 2.969052 0.037659
36.358 26 PPRZ_MODE 2 3 3 2 0 6
36.358 26 GPS 3 36040340 481370696 1689 257852 1410 38 0 100338480 31 0
36.359 26 DESIRED 0.296981 0.025571 2.928865 132.7789 46.577824 260. 0.263063 14.
36.360 26 ATTITUDE 0.304722 2.984696 0.037238
36.457 26 NAVIGATION 4 0 118.65625 111.5 0. 164.769531 27 21 21 0 0 0
36.457 26 ATTITUDE 0.30604 3.008259 0.03655
36.490 26 NAVIGATION 4 0 118.65625 111.5 0. 162.823685 27 21 21 0 0 0
36.559 26 AIRSPEED 14.094076 14. 14. 6.
36.560 26 DESIRED 0.308333 0.023118 2.979497 129.953308 42.417553 260. 0.246474 14.
36.560 26 ATTITUDE 0.306805 3.024026 0.036061
36.607 26 CIRCLE 49.5 100.099998 70.
36.607 26 GPS 3 36040389 481370361 1716 257954 1409 40 0 100338720 31 0
36.656 26 ENERGY 34 12.5 8.020592 100.257401 0.706022 8.825288
36.657 26 WP_MOVED 4 360416.3125 4813734. 260. 31
36.657 26 ATTITUDE 0.308221 3.04777 0.035272
36.742 26 NAVIGATION 4 0 119.125 108. 0. 160.794174 28 22 22 0 0 0
36.757 26 ESTIMATOR 257.755707 0.320388
36.758 26 DESIRED 0.308543 0.021512 3.029636 126.94561 38.438202 260. 0.235426 14.
36.759 26 ATTITUDE 0.309361 3.063675 0.034716
36.841 26 COMMANDS 3275,41,-108,0,0
36.857 26 GPS 3 36040422 481370024 1743 258050 1409 48 0 100338959 31 0
36.857 26 SVINFO 4 11 0 4 46 88 228
36.857 26 ATTITUDE 0.311263 3.087662 0.033839
36.941 26 FBW_STATUS 2 0 1 12.5 7.996477
36.958 26 DESIRED 0.308543 0.021598 3.029636 126.94561 38.438202 260. 0.235426 14.
36.958 26 ATTITUDE 0.312603 3.103745 0.033228
36.990 26 NAVIGATION 4 0 119.5 104.5 0. 158.746658 28 22 22 0 0 0
37.057 26 ATTITUDE 0.314644 3.128007 0.032278
37.107 26 GPS 3 36040440 481369631 1778 258156 1408 45 0 100339240 31 0
37.108 26 SVINFO 5 12 1 5 45 78 278
37.157 26 COMMANDS 3260,26,-107,0,0
37.158 26 WP_MOVED 5 360421. 4813583.5 260. 31
37.158 26 DESIRED 0.312072 0.019263 3.080792 123.753456 34.629211 260. 0.219157 14.
37.158 26 ATTITUDE 0.316056 3.144277 0.031619
37.242 26 NAVIGATION 4 0 119.65625 101. 0. 156.584213 28 22 22 0 0 0
37.261 26 ESTIMATOR 258.01413 0.362425
37.263 26 ATTITUDE 0.318185 3.168827 0.030602
37.358 26 GPS 3 36040437 481369292 1803 258238 1408 37 0 100339480 31 0
37.358 26 SVINFO 6 13 1 6 44 37 328
37.358 26 DESIRED 0.29979 0.017769 3.131079 120.392166 31.003677 260. 0.208318 14.
37.358 26 ATTITUDE 0.319951 3.193536 0.029555
37.458 26 DL_VALUE 33 0.
37.458 26 AIR_DATA 98269.8125 0. -1000. 1013.25 0. -1. -1.
37.458 26 NAVIGATION 4 0 119.625 97.5 0. 156.584213 28 22 22 0 0 0
37.458 26 ATTITUDE 0.320593 3.210063 0.028844
37.490 26 NAVIGATION 4 0 119.625 97.5 0. 154.325592 28 22 22 0 0 0
37.556 26 AIRSPEED 14.091109 14. 14. 6.
37.557 26 DESIRED 0.309228 0.015555 3.181126 116.858353 27.554482 260. 0.192852 14.
37.557 26 ATTITUDE 0.320826 3.226606 0.028126
37.609 26 GPS 3 36040418 481368955 1832 258313 1408 22 0 100339720 31 0
37.609 26 SVINFO 0 7 0 0 48 25 29
37.657 26 CIRCLE 49.5 100.099998 70.
37.658 26 WP_MOVED 6 360164.8125 4813664.5 260. 31
37.658 26 ATTITUDE 0.320862 3.251424 0.027029
37.758 26 NAVIGATION 4 0 119.40625 94. 0. 151.966614 29 23 23 0 0 0
37.761 26 FBW_STATUS 2 0 1 12.5 7.861122
37.761 26 ENERGY 33 12.5 7.861122 98.264023 0.720587 9.007345
37.762 26 ESTIMATOR 258.25415 0.387333
37.762 26 DESIRED 0.308482 0.014191 3.231087 113.149948 24.27993 260. 0.18314 14.
37.762 26 ATTITUDE 0.320757 3.267963 0.026289
37.856 26 GPS_SOL 678 678 678 7
37.856 26 GPS 3 36040383 481368619 1860 258381 1409 13 0 100339959 31 0
37.857 26 ATTITUDE 0.320419 3.292747 0.02517
37.957 26 DATALINK_REPORT 10 6 1863 835 0 0
37.958 26 DESIRED 0.308482 0.014288 3.231087 113.149948 24.27993 260. 0.18314 14.
37.958 26 ATTITUDE 0.320079 3.309247 0.024418
37.990 26 NAVIGATION 4 0 119.09375 90.5 0. 149.577972 29 23 23 0 0 0
38.056 26 ALIVE 128,247,33,237,150,226,125,96,211,120,85,14,103,22,52,69
38.057 26 CALIBRATION 0. 0
38.057 26 ATTITUDE 0.319445 3.333949 0.023289
38.107 26 GPS 3 36040320 481368229 1896 258452 1409 11 0 100340240 31 0
38.107 26 SVINFO 2 9 1 2 47 17 129
38.158 26 WP_MOVED 7 360558.40625 4813804.5 260. 31
38.159 26 DESIRED 0.310414 0.012363 3.282282 109.277901 21.19117 260. 0.16964 14.
38.160 26 ATTITUDE 0.319016 3.350385 0.022533
38.240 26 NAVIGATION 4 0 118.4375 86.5 0. 146.661819 29 23 23 0 0 0
38.257 26 ESTIMATOR 258.463135 0.393563
38.257 26 ATTITUDE 0.318402 3.374991 0.021399
38.357 26 GPS 3 36040249 481367898 1921 258505 1410 1 0 100340480 31 0
38.358 26 DESIRED 0.305045 0.011211 3.340174 104.627853 17.875183 260. 0.161217 14.
38.360 26 WIND_INFO 26 5 -0.2 -0.3 0. 14.
38.360 26 ATTITUDE 0.317989 3.391364 0.020648
38.361 26 WIND_INFO_RET 5 -0.2 -0.3 0. 14.112267
38.457 26 NAVIGATION 4 0 117.71875 83.5 0. 146.661819 29 23 23 0 0 0
38.458 26 ATTITUDE 0.317169 3.415865 0.019527
38.491 26 NAVIGATION 4 0 117.71875 83.5 0. 144.325851 29 23 23 0 0 0
38.559 26 AIRSPEED 14.119381 14. 14. 6.
38.559 26 DESIRED 0.304996 0.009623 3.38328 100.964813 15.534203 260. 0.149865 14.
38.559 26 ATTITUDE 0.316523 3.432154 0.018788
38.607 26 GPS 3 36040161 481367571 1950 258551 1411 -9 0 100340720 31 0
38.657 26 WP_MOVED 8 360461.40625 4813640. 215. 31
38.657 26 ATTITUDE 0.31546 3.456509 0.01769
38.708 26 CIRCLE 49.5 100.099998 70.
38.740 26 NAVIGATION 4 0 116.84375 80.5 0. 141.889786 30 24 24 0 0 0
38.757 26 AIR_DATA 98266.171875 0. -1000. 1013.25 0. -1. -1.
38.757 26 ESTIMATOR 258.635162 0.382477
38.759 26 DESIRED 0.298946 0.008708 3.426785 97.149803 13.327332 260. 0.143171 14.
38.760 26 ATTITUDE 0.314358 3.480769 0.016607
38.857 26 ENERGY 32 12.5 7.648613 95.607666 0.73479 9.184867
38.857 26 GPS 3 36040038 481367195 1980 258597 1412 -2 0 100341000 31 0
38.858 26 ATTITUDE 0.313514 3.496884 0.015897
38.940 26 FBW_STATUS 2 0 1 12.5 7.636679
38.957 26 DL_VALUE 34 0.
38.958 26 DESIRED 0.298946 0.008817 3.426785 97.149803 13.327332 260. 0.143171 14.
38.958 26 ATTITUDE 0.312022 3.520953 0.014851
38.990 26 NAVIGATION 4 0 115.65625 76.5 0. 138.667282 30 24 24 0 0 0
39.057 26 ATTITUDE 0.31102 3.536925 0.014169
39.107 26 GPS 3 36039917 481366878 2012 258630 1413 -2 0 100341240 31 0
39.157 26 WP_MOVED 9 360312.8125 4813652. 185. 31
39.157 26 DESIRED 0.310035 0.007622 3.487675 91.911049 10.649994 260. 0.134285 14.
39.157 26 ATTITUDE 0.310287 3.552851 0.013496
39.242 26 NAVIGATION 4 0 114.40625 73.5 0. 135.981766 30 24 24 0 0 0
39.257 26 ESTIMATOR 258.767914 0.356911
39.258 26 ATTITUDE 0.309689 3.576684 0.012511
39.358 26 GPS 3 36039780 481366568 2037 258658 1414 -9 0 100341480 31 0
39.359 26 DESIRED 0.295449 0.007012 3.532615 87.726837 8.783463 260. 0.129246 14.
39.360 26 ATTITUDE 0.309508 3.592554 0.011871
39.458 26 NAVIGATION 4 0 113.0625 70. 0. 135.981766 30 24 24 0 0 0
39.458 26 ATTITUDE 0.308936 3.616319 0.010939
39.491 26 NAVIGATION 4 0 113.0625 70. 0. 132.977921 30 24 24 0 0 0
39.557 26 AIRSPEED 14.153932 14. 14. 6.
39.558 26 DESIRED 0.312261 0.006196 3.58856 82.805847 6.875961 260. 0.122939 14.
39.558 26 ATTITUDE 0.308386 3.632125 0.010339
39.609 26 GPS 3 36039628 481366264 2065 258680 1414 -15 0 100341720 31 0
39.658 26 WP_MOVED 10 360452.8125 4813581. 260. 31
39.658 26 ATTITUDE 0.308075 3.655794 0.009467
39.741 26 NAVIGATION 4 0 111.53125 67. 0. 130.10849 31 25 25 0 0 0
39.757 26 FBW_STATUS 2 0 1 12.5 7.502707
39.757 26 CIRCLE 49.5 100.099998 70.
39.757 26 ESTIMATOR 258.860199 0.319479
39.757 26 DESIRED 0.309106 0.005869 3.636187 78.303719 5.388084 260. 0.119565 14.
39.758 26 ATTITUDE 0.308309 3.671575 0.008906
39.857 26 GPS_SOL 670 670 670 7
39.857 26 GPS 3 36039462 481365967 2092 258698 1415 -4 0 100341959 31 0
39.858 26 ATTITUDE 0.309168 3.695291 0.008099
39.958 26 ENERGY 32 12.5 7.473003 93.412544 0.74864 9.357992
39.959 26 DESIRED 0.309106 0.006069 3.636187 78.303719 5.388084 260. 0.119565 14.
39.959 26 ATTITUDE 0.309959 3.711147 0.007583
39.991 26 NAVIGATION 4 0 109.875 64. 0. 127.155479 31 25 25 0 0 0
40.058 26 AIR_DATA 98264.453125 0. -1000. 1013.25 0. -1. -1.
40.058 26 ATTITUDE 0.311401 3.735017 0.006845
40.107 26 GPS 3 36039251 481365632 2126 258711 1416 -9 0 100342240 31 0
40.107 26 SVINFO 3 10 1 3 46 63 180
40.158 26 CALIBRATION 0. 0
40.159 26 WP_MOVED 11 360169.5 4813757.5 260. 31
40.159 26 DESIRED 0.310942 0.005701 3.68541 73.65612 4.097488 260. 0.115647 14.
40.159 26 ATTITUDE 0.312524 3.750998 0.006377
40.246 26 NAVIGATION 4 0 107.78125 61. 0. 123.845863 31 25 25 0 0 0
40.259 26 ESTIMATOR 258.915527 0.274246
40.260 26 ATTITUDE 0.314364 3.775086 0.005711
40.358 26 GPS 3 36039055 481365354 2151 258718 1417 15 0 100342480 31 0
40.359 26 SVINFO 4 11 1 4 45 89 230
40.359 26 DESIRED 0.300675 0.005645 3.73511 68.6315 2.971291 260. 0.113761 14.
40.359 26 ATTITUDE 0.316042 3.799312 0.005092
40.457 26 DL_VALUE 35 140.
40.457 26 NAVIGATION 4 0 105.8125 58. 0. 123.845863 31 25 25 0 0 0
40.458 26 ATTITUDE 0.316783 3.815517 0.004705
40.490 26 NAVIGATION 4 0 105.8125 58. 0. 120.666008 31 25 25 0 0 0
40.557 26 AIRSPEED 14.191483 14. 14. 6.
40.558 26 DESIRED 0.313722 0.005601 3.787994 63.649822 2.121521 260. 0.112 14.
40.559 26 ATTITUDE 0.317228 3.831747 0.004339
40.608 26 GPS 3 36038846 481365085 2179 258720 1418 8 0 100342720 31 0
40.608 26 SVINFO 5 12 1 5 44 74 280
40.657 26 WP_MOVED 0 360326. 4813637. 260. 31
40.657 26 ATTITUDE 0.317908 3.856128 0.00383
40.742 26 NAVIGATION 4 0 103.71875 55.5 0. 117.6343 32 26 26 0 0 0
40.757 26 ESTIMATOR 258.937195 0.224293
40.759 26 DESIRED 0.307421 0.005731 3.832897 59.09058 1.570709 260. 0.111488 14.
40.760 26 ATTITUDE 0.318442 3.872413 0.003516
40.807 26 CIRCLE 49.5 100.099998 70.
40.857 26 NAVIGATION_REF 360284 4813595 31 185.
40.858 26 GPS 3 36038624 481364827 2207 258718 1419 10 0 100342959 31 0
40.859 26 SVINFO 6 13 0 6 43 31 330
40.859 26 ATTITUDE 0.319181 3.896887 0.003085
40.940 26 FBW_STATUS 2 0 1 12.5 7.345585
40.958 26 DESIRED 0.307421 0.005935 3.832897 59.09058 1.570709 260. 0.111488 14.
40.958 26 ATTITUDE 0.319483 3.913224 0.002824
40.991 26 NAVIGATION 4 0 101.5 53. 0. 114.504364 32 26 26 0 0 0
41.057 26 ENERGY 31 12.5 7.333755 91.671944 0.762204 9.527535
41.058 26 ATTITUDE 0.319658 3.937742 0.00247
41.108 26 GPS 3 36038349 481364539 2242 258711 1420 24 0 100343240 31 0
41.157 26 WP_MOVED 1 360284. 4813595. 260. 31
41.158 26 DESIRED 0.306992 0.006142 3.87987 54.388824 1.225838 260. 0.111616 14.
41.159 26 ATTITUDE 0.319588 3.954082 0.00226
41.244 26 NAVIGATION 4 0 98.71875 50. 0. 110.658897 32 26 26 0 0 0
41.257 26 PPRZ_MODE 2 3 3 2 0 6
41.257 26 ESTIMATOR 258.929901 0.172718
41.257 26 ATTITUDE 0.319232 3.978569 0.001982
41.358 26 AIR_DATA 98264.398438 0. -1000. 1013.25 0. -1. -1.
41.359 26 GPS 3 36038100 481364306 2267 258703 1421 2 0 100343480 31 0
41.359 26 SVINFO 1 8 1 1 47 0 81
41.360 26 DESIRED 0.305608 0.006402 3.939174 48.621662 1.10894 260. 0.112253 14.
41.360 26 ATTITUDE 0.318599 4.003006 0.001748
41.457 26 NAVIGATION 4 0 96.25 47.5 0. 110.658897 32 26 26 0 0 0
41.458 26 ATTITUDE 0.318029 4.019259 0.001617
41.491 26 NAVIGATION 4 0 96.25 47.5 0. 107.332718 32 26 26 0 0 0
41.557 26 AIRSPEED 14.22105 14. 14. 6.
41.558 26 DESIRED 0.314383 0.006804 3.99113 43.680988 1.276222 260. 0.113896 14.
41.558 26 ATTITUDE 0.317365 4.035475 0.001504
41.608 26 GPS 3 36037840 481364085 2295 258693 1421 16 0 100343720 31 0
41.609 26 SVINFO 2 9 0 2 46 22 131
41.657 26 WP_MOVED 2 360333.5 4813695. 260. 31
41.658 26 ATTITUDE 0.316617 4.05974 0.00137
41.742 26 NAVIGATION 4 0 93.65625 45.5 0. 104.123695 33 27 27 0 0 0
41.759 26 FBW_STATUS 2 0 1 12.5 7.26877
41.760 26 ESTIMATOR 258.899963 0.122553
41.761 26 DESIRED 0.307914 0.007182 4.035504 39.089066 1.654015 260. 0.115394 14.
41.762 26 ATTITUDE 0.316353 4.075891 0.001303
41.842 26 COMMANDS 3030,-5,22,0,0
41.857 26 GPS_SOL 661 661 661 7
41.857 26 CIRCLE 49.5 100.099998 70.
41.857 26 GPS 3 36037570 481363876 2323 258681 1422 15 0 100343959 31 0
41.858 26 SVINFO 3 10 1 3 45 66 181
41.858 26 ATTITUDE 0.316152 4.1001 0.001237
41.958 26 DL_VALUE 36 0.
41.959 26 DESIRED 0.307914 0.007339 4.035504 39.089066 1.654015 260. 0.115394 14.
41.959 26 ATTITUDE 0.316008 4.116227 0.001214
41.990 26 NAVIGATION 4 0 90.9375 43. 0. 100.591393 33 27 27 0 0 0
42.057 26 ATTITUDE 0.315865 4.140404 0.00121
42.108 26 GPS 3 36037242 481363650 2358 258668 1422 40 0 100344240 31 0
42.157 26 COMMANDS 3024,74,27,0,0
42.158 26 ENERGY 31 12.5 7.248119 90.601494 0.77556 9.694492
42.158 26 WP_MOVED 3 360294.09375 4813785. 260. 31
42.158 26 DESIRED 0.31872 0.007912 4.092496 33.959873 2.332397 260. 0.118153 14.
42.159 26 ATTITUDE 0.3161 4.156529 0.001229
42.241 26 NAVIGATION 4 0 87.65625 41. 0. 96.770958 33 27 27 0 0 0
42.258 26 AUTOPILOT_VERSION 51500 v5.15_devel-179-g9a29798-dirty
42.259 26 CALIBRATION 0. 0
42.259 26 ESTIMATOR 258.85379 0.076275
42.260 26 ATTITUDE 0.316952 4.180763 0.001285
42.358 26 GPS 3 36036951 481363471 2383 258656 1422 44 0 100344480 31 0
42.359 26 DESIRED 0.306112 0.008403 4.144056 28.659582 3.32357 260. 0.120237 14.
42.359 26 ATTITUDE 0.317706 4.196966 0.001341
42.457 26 NAVIGATION 4 0 84.78125 39. 0. 96.770958 33 27 27 0 0 0
42.458 26 ATTITUDE 0.318511 4.221332 0.001451
42.491 26 NAVIGATION 4 0 84.78125 39. 0. 93.321274 33 27 27 0 0 0
42.558 26 AIRSPEED 14.231404 14. 14. 6.
42.558 26 DESIRED 0.317921 0.00907 4.196652 23.884253 4.476608 260. 0.123596 14.
42.559 26 ATTITUDE 0.318823 4.2376 0.001542
42.609 26 GPS 3 36036652 481363306 2411 258645 1422 42 0 100344720 31 0
42.658 26 AIR_DATA 98265.078125 0. -1000. 1013.25 0. -1. -1.
42.658 26 WP_MOVED 4 360416.3125 4813734. 260. 31
42.659 26 ATTITUDE 0.319467 4.262042 0.001703
42.746 26 NAVIGATION 4 0 81.78125 37.5 0. 89.969009 34 28 28 0 0 0
42.757 26 ESTIMATOR 258.799469 0.036487
42.759 26 DESIRED 0.312039 0.009584 4.242469 19.367737 5.802345 260. 0.125936 14.
42.759 26 ATTITUDE 0.320066 4.278373 0.001826
42.856 26 GPS 3 36036345 481363156 2439 258633 1423 39 0 100344959 31 0
42.857 26 SVINFO 0 7 0 0 47 17 32
42.858 26 ATTITUDE 0.321032 4.302936 0.002032
42.908 26 CIRCLE 49.5 100.099998 70.
42.941 26 FBW_STATUS 2 0 1 12.5 7.215696
42.957 26 DESIRED 0.312039 0.009745 4.242469 19.367737 5.802345 260. 0.125936 14.
42.957 26 ATTITUDE 0.321566 4.319349 0.002184
42.991 26 NAVIGATION 4 0 78.6875 36. 0. 86.531631 34 28 28 0 0 0
43.058 26 DATALINK_REPORT 5 7 2054 844 0 0
43.058 26 ATTITUDE 0.322193 4.344016 0.002431
43.107 26 GPS 3 36035979 481363001 2474 258621 1423 11 0 100345240 31 0
43.158 26 ALIVE 128,247,33,237,150,226,125,96,211,120,85,14,103,22,52,69
43.158 26 WP_MOVED 5 360421. 4813583.5 260. 31
43.159 26 DESIRED 0.313467 0.010421 4.291277 14.80183 7.385185 260. 0.129476 14.
43.159 26 ATTITUDE 0.322521 4.360485 0.002608
43.244 26 NAVIGATION 4 0 75.0625 34.5 0. 82.611313 34 28 28 0 0 0
43.257 26 ENERGY 31 12.5 7.212751 90.159393 0.788811 9.860134
43.257 26 ESTIMATOR 258.743164 0.004424
43.258 26 ATTITUDE 0.322883 4.385217 0.002891
43.358 26 GPS 3 36035658 481362884 2500 258611 1422 -6 0 100345480 31 0
43.359 26 DESIRED 0.306348 0.010907 4.346597 9.692558 9.461334 260. 0.131842 14.
43.359 26 ATTITUDE 0.322981 4.401716 0.003089
43.457 26 DL_VALUE 37 14.
43.457 26 NAVIGATION 4 0 71.8125 33.5 0. 82.611313 34 28 28 0 0 0
43.458 26 ATTITUDE 0.322627 4.426452 0.0034
43.491 26 NAVIGATION 4 0 71.8125 33.5 0. 79.241943 34 28 28 0 0 0
43.557 26 AIRSPEED 14.226623 14. 14. 6.
43.557 26 DESIRED 0.308873 0.011528 4.392522 5.362709 11.489052 260. 0.135312 14.
43.558 26 ATTITUDE 0.322095 4.442914 0.003615
43.608 26 GPS 3 36035331 481362784 2529 258602 1422 -2 0 100345720 31 0
43.657 26 WP_MOVED 6 360164.8125 4813664.5 260. 31
43.658 26 ATTITUDE 0.321041 4.467541 0.003949
43.748 26 NAVIGATION 4 0 68.5625 32.5 0. 75.875336 35 29 29 0 0 0
43.760 26 FBW_STATUS 2 0 1 12.5 7.20686
43.761 26 ESTIMATOR 258.689087 -0.019749
43.763 26 DESIRED 0.307188 0.011936 4.440912 1.125801 13.729073 260. 0.137515 14.
43.763 26 ATTITUDE 0.320232 4.483908 0.004179
43.857 26 GPS_SOL 651 651 651 7
43.857 26 GPS 3 36035000 481362700 2557 258595 1422 5 0 100345959 31 0
43.857 26 SVINFO 4 11 1 4 44 89 232
43.857 26 ATTITUDE 0.318893 4.508374 0.004531
43.957 26 AIR_DATA 98265.65625 0. -1000. 1013.25 0. -1. -1.
43.957 26 CIRCLE 49.5 100.099998 70.
43.957 26 DESIRED 0.307188 0.011996 4.440912 1.125801 13.729073 260. 0.137515 14.
43.958 26 ATTITUDE 0.317927 4.524622 0.00477
43.990 26 NAVIGATION 4 0 65.25 31.5 0. 72.455589 35 29 29 0 0 0
44.057 26 ATTITUDE 0.316464 4.548898 0.005133
44.109 26 GPS 3 36034610 481362623 2592 258590 1421 17 0 100346240 31 0
44.111 26 SVINFO 5 12 1 5 43 69 282
44.157 26 WP_MOVED 7 360558.40625 4813804.5 260. 31
44.158 26 DESIRED 0.310271 0.012508 4.492206 -3.061062 16.211174 260. 0.140585 14.
44.158 26 ATTITUDE 0.315598 4.565023 0.005378
44.244 26 NAVIGATION 4 0 61.34375 30.5 0. 68.507706 35 29 29 0 0 0
44.259 26 ESTIMATOR 258.642212 -0.035564
44.259 26 ATTITUDE 0.314528 4.589139 0.005748
44.357 26 CALIBRATION 0. 0
44.358 26 ENERGY 31 12.5 7.212751 90.159393 0.80203 10.025365
44.358 26 GPS 3 36034272 481362574 2617 258588 1421 15 0 100346480 31 0
44.360 26 SVINFO 6 13 1 6 42 25 332
44.360 26 DESIRED 0.308221 0.012839 4.552413 -7.764969 19.349007 260. 0.142432 14.
44.361 26 ATTITUDE 0.313969 4.605177 0.005994
44.457 26 NAVIGATION 4 0 57.96875 30. 0. 68.507706 35 29 29 0 0 0
44.458 26 ATTITUDE 0.313289 4.62919 0.006364
44.491 26 NAVIGATION 4 0 57.96875 30. 0. 65.271553 35 29 29 0 0 0
44.558 26 AIRSPEED 14.206891 14. 14. 6.
44.559 26 DESIRED 0.313089 0.013256 4.600872 -11.599083 22.209679 260. 0.144836 14.
44.559 26 ATTITUDE 0.312953 4.645176 0.006609
44.607 26 GPS 3 36033933 481362541 2645 258588 1420 28 0 100346720 31 0
44.657 26 WP_MOVED 8 360461.40625 4813640. 215. 31
44.658 26 ATTITUDE 0.312835 4.669145 0.006975
44.749 26 NAVIGATION 4 0 54.5625 30. 0. 62.266094 36 30 30 0 0 0
44.757 26 ESTIMATOR 258.606628 -0.0431
44.757 26 DESIRED 0.305342 0.013524 4.644333 -15.276024 25.239693 260. 0.146165 14.
44.758 26 ATTITUDE 0.313029 4.685133 0.007217
44.858 26 GPS 3 36033592 481362525 2672 258591 1420 34 0 100346959 31 0
44.858 26 SVINFO 1 8 1 1 46 0 83
44.859 26 ATTITUDE 0.31351 4.709153 0.007574
44.940 26 FBW_STATUS 2 0 1 12.5 7.215696
44.961 26 DL_VALUE 38 0.352528
44.961 26 DESIRED 0.305342 0.013611 4.644333 -15.276024 25.239693 260. 0.146165 14.
44.961 26 ATTITUDE 0.313771 -1.557997 0.007809
44.990 26 NAVIGATION 4 0 51.15625 30. 0. 59.303978 36 30 30 0 0 0
45.007 26 CIRCLE 49.5 100.099998 70.
45.057 26 ATTITUDE 0.314068 -1.533917 0.008154
45.107 26 GPS 3 36033195 481362527 2707 258597 1419 22 0 100347240 31 0
45.108 26 SVINFO 2 9 1 2 45 28 133
45.158 26 WP_MOVED 9 360312.8125 4813652. 185. 31
45.158 26 DESIRED 0.305724 0.013899 4.690475 -18.827049 28.466103 260. 0.147717 14.
45.159 26 ATTITUDE 0.314208 -1.51785 0.00838
45.245 26 NAVIGATION 4 0 47.21875 30. 0. 55.942921 36 30 30 0 0 0
45.259 26 AIR_DATA 98265.632812 0. -1000. 1013.25 0. -1. -1.
45.259 26 ESTIMATOR 258.585052 -0.042984
45.260 26 ATTITUDE 0.314333 -1.493734 0.008711
45.357 26 GPS 3 36032855 481362547 2732 258603 1418 18 0 100347480 31 0
45.358 26 SVINFO 3 10 1 3 44 71 183
45.358 26 DESIRED 0.301613 0.014064 4.746879 -22.739754 32.413818 260. 0.148428 14.
45.359 26 ATTITUDE 0.31433 -1.477652 0.008926
45.457 26 ENERGY 31 12.5 7.221588 90.269852 0.815259 10.190722
45.458 26 NAVIGATION 4 0 43.8125 30. 0. 55.942921 36 30 30 0 0 0
45.458 26 ATTITUDE 0.314035 -1.453539 0.009239
45.491 26 NAVIGATION 4 0 43.8125 30. 0. 53.099297 36 30 30 0 0 0
45.558 26 AIRSPEED 14.178731 14. 14. 6.
45.559 26 DESIRED 0.310543 0.014202 4.798065 -25.931519 35.990044 260. 0.149068 14.
45.560 26 ATTITUDE 0.313671 -1.437481 0.009441
45.608 26 GPS 3 36032516 481362582 2760 258612 1418 16 0 100347720 31 0
45.609 26 SVINFO 4 11 1 4 43 89 233
45.657 26 WP_MOVED 10 360452.8125 4813581. 260. 31
45.658 26 ATTITUDE 0.313296 -1.413419 0.009733
45.743 26 NAVIGATION 4 0 40.40625 30.5 0. 50.62524 37 31 31 0 0 0
45.757 26 FBW_STATUS 2 0 1 12.5 7.224535
45.757 26 ESTIMATOR 258.577942 -0.036686
45.758 26 DESIRED 0.30727 0.014262 4.845047 -28.978981 39.758888 260. 0.149174 14.
45.758 26 ATTITUDE 0.313222 -1.397384 0.00992
45.857 26 GPS_SOL 640 640 640 7
45.857 26 GPS 3 36032180 481362634 2787 258621 1417 16 0 100347959 31 0
45.857 26 SVINFO 5 12 1 5 42 66 283
45.858 26 ATTITUDE 0.313283 -1.373325 0.010188
45.958 26 DESIRED 0.30727 0.014312 4.845047 -28.978981 39.758888 260. 0.149174 14.
45.958 26 ATTITUDE 0.313359 -1.357278 0.010359
45.991 26 NAVIGATION 4 0 37.0625 30.5 0. 47.998737 37 31 31 0 0 0
46.057 26 CIRCLE 49.5 100.099998 70.
46.058 26 ATTITUDE 0.313556 -1.333192 0.010603
46.108 26 GPS 3 36031792 481362715 2822 258634 1416 13 0 100348240 31 0
46.109 26 SVINFO 6 13 1 6 41 22 333
46.157 26 PPRZ_MODE 2 3 3 2 0 6
46.158 26 WP_MOVED 11 360169.5 4813757.5 260. 31
46.158 26 DESIRED 0.313478 0.014334 4.899258 -31.722313 43.505508 260. 0.148947 14.
46.159 26 ATTITUDE 0.313895 -1.317114 0.010756
46.252 26 NAVIGATION 4 0 33.15625 31.5 0. 45.733871 37 31 31 0 0 0
46.257 26 ESTIMATOR 258.584167 -0.026021
46.260 26 ATTITUDE 0.314702 -1.292943 0.010973
46.357 26 GPS 3 36031463 481362802 2847 258646 1416 16 0 100348480 31 0
46.358 26 SVINFO 0 7 0 0 46 12 34
46.358 26 DESIRED 0.304458 0.01434 4.953705 -34.817329 48.229126 260. 0.148521 14.
46.358 26 ATTITUDE 0.315334 -1.276784 0.011109
46.457 26 CALIBRATION 0. 0
46.458 26 DL_VALUE 39 -0.014968
46.458 26 NAVIGATION 4 0 29.875 32.5 0. 45.733871 37 31 31 0 0 0
46.458 26 ATTITUDE 0.315993 -1.252492 0.011299
46.491 26 NAVIGATION 4 0 29.875 32.5 0. 44.144825 37 31 31 0 0 0
46.558 26 AIR_DATA 98265.0625 0. -1000. 1013.25 0. -1. -1.
46.558 26 ENERGY 31 12.5 7.224535 90.306686 0.828507 10.356295
46.559 26 AIRSPEED 14.15258 14. 14. 6.
46.559 26 DESIRED 0.310071 0.014253 5.000519 -37.240417 52.391518 260. 0.147535 14.
46.559 26 ATTITUDE 0.316237 -1.236273 0.011417
46.607 26 GPS 3 36031139 481362904 2875 258659 1415 36 0 100348720 31 0
46.657 26 WP_MOVED 0 360326. 4813637. 260. 31
46.657 26 ATTITUDE 0.316555 -1.21192 0.011579
46.741 26 NAVIGATION 4 0 26.65625 33.5 0. 42.811279 38 32 32 0 0 0
46.758 26 ESTIMATOR 258.601807 -0.012782
46.759 26 DESIRED 0.308072 0.014178 5.048653 -39.424454 56.597794 260. 0.14667 14.
46.759 26 ATTITUDE 0.316766 -1.195667 0.011679
46.841 26 COMMANDS 3015,-14,0,0,0
46.858 26 GPS 3 36030821 481363022 2903 258672 1414 20 0 100348959 31 0
46.859 26 ATTITUDE 0.317025 -1.171266 0.011814
46.941 26 FBW_STATUS 2 0 1 12.5 7.221588
46.962 26 DESIRED 0.308072 0.014229 5.048653 -39.424454 56.597794 260. 0.14667 14.
46.963 26 ATTITUDE 0.317137 -1.146846 0.011933
46.992 26 NAVIGATION 4 0 23.4375 34.5 0. 41.708111 38 32 32 0 0 0
47.057 26 ATTITUDE 0.317143 -1.130563 0.012004
