2.661 26 WIND_INFO 26 5 0. 0. 0. 0.
2.662 26 DL_VALUE 20 1.
2.662 26 AIR_DATA 99126.804688 0. -1000. 1013.25 0. -1. -1.
2.662 26 ENERGY 0 12.5 -4e-06 -4.8e-05 -0. -2e-06
2.662 26 DESIRED 0. 0. 0. 0. 0. 235. 0. 14.
2.662 26 ATTITUDE 0. 0. 0.
2.663 26 WIND_INFO_RET 5 0. 0. 0. 0.
2.696 26 NAVIGATION 2 1 0. 0. 0. 0. 0 21 21 1 0 0
2.763 26 ATTITUDE 0. 0. 0.
2.814 26 GPS 3 36028477 481359546 899 185000 0 -9 0 100176240 31 0
2.863 26 WP_MOVED 3 360294.09375 4813785. 260. 31
2.863 26 DESIRED 0. 0. 0. 0. 0. 235. 0. 14.
2.863 26 ATTITUDE 0. 0. 0.
2.946 26 NAVIGATION 2 1 0. 0. 0. 0. 0 21 21 1 0 0
2.962 26 ESTIMATOR 185. 0.
2.963 26 ATTITUDE 0. 0. 0.
3.063 26 GPS 3 36028477 481359546 899 185000 0 2 0 100176480 31 0
3.063 26 DESIRED 0. 0. 0. 0. 0. 235. 0. 14.
3.064 26 ATTITUDE 0. 0. 0.
3.165 26 NAVIGATION 2 1 0. 0. 0. 0. 0 21 21 1 0 0
3.166 26 ATTITUDE 0. 0. 0.
3.196 26 NAVIGATION 2 1 0. 0. 0. 0. 0 21 21 1 0 0
3.263 26 AIRSPEED 0. 14. 0. 6.
3.263 26 DESIRED 0. 0. 0. 0. 0. 235. 0. 14.
3.263 26 ATTITUDE 0. 0. 0.
3.313 26 GPS 3 36028477 481359546 899 185000 0 20 0 100176720 31 0
3.362 26 WP_MOVED 4 360416.3125 4813734. 260. 31
3.363 26 ATTITUDE 0. 0. 0.
3.448 26 NAVIGATION 2 1 0. 0. 0. 0. 0 22 22 1 0 0
3.464 26 ESTIMATOR 185. 0.
3.464 26 DESIRED 0. 0. 0. 0. 0. 235. 0. 14.
3.465 26 ATTITUDE 0. 0. 0.
3.562 26 GPS 3 36028477 481359546 899 185000 0 19 0 100176960 31 0
3.562 26 ATTITUDE 0. 0. 0.
3.647 26 FBW_STATUS 2 0 1 12.5 -4e-06
3.663 26 DESIRED 0. 0. 0. 0. 0. 235. 0. 14.
3.663 26 ATTITUDE 0. 0. 0.
3.696 26 NAVIGATION 2 1 0. 0. 0. 0. 0 22 22 1 0 0
3.762 26 ENERGY 0 12.5 -4e-06 -4.8e-05 -0. -3e-06
3.763 26 ATTITUDE 0. 0. 0.
3.813 26 GPS 3 36028477 481359546 899 185000 0 9 0 100177240 31 0
3.863 26 CALIBRATION 0. 0
3.863 26 WP_MOVED 5 360421. 4813583.5 260. 31
3.863 26 DESIRED 0. 0. 0. 0. 0. 235. 0. 14.
3.864 26 ATTITUDE 0. 0. 0.
3.947 26 NAVIGATION 2 1 0. 0. 0. 0. 0 22 22 1 0 0
3.962 26 AIR_DATA 99126.804688 0. -1000. 1013.25 0. -1. -1.
3.963 26 ESTIMATOR 185. 0.
3.963 26 ATTITUDE 0. 0. 0.
4.063 26 GPS 3 36028477 481359546 899 185000 0 7 0 100177480 31 0
4.064 26 DESIRED 0. 0. 0. 0. 0. 235. 0. 14.
4.064 26 ATTITUDE 0. 0. 0.
4.167 26 DL_VALUE 21 0.
4.168 26 NAVIGATION 2 1 0. 0. 0. 0. 0 22 22 1 0 0
4.168 26 ATTITUDE 0. 0. 0.
4.195 26 NAVIGATION 2 1 0. 0. 0. 0. 0 22 22 1 0 0
4.263 26 AIRSPEED 0. 14. 0. 6.
4.264 26 DESIRED 0. 0. 0. 0. 0. 235. 0. 14.
4.264 26 ATTITUDE 0. 0. 0.
4.313 26 GPS 3 36028477 481359546 899 185000 0 6 0 100177720 31 0
4.362 26 WP_MOVED 6 360164.8125 4813664.5 260. 31
4.363 26 ATTITUDE 0. 0. 0.
4.447 26 NAVIGATION 2 1 0. 0. 0. 0. 0 23 23 1 0 0
4.463 26 FBW_STATUS 2 0 1 12.5 -4e-06
4.463 26 ESTIMATOR 185. 0.
4.463 26 DESIRED 0. 0. 0. 0. 0. 235. 0. 14.
4.463 26 ATTITUDE 0. 0. 0.
4.563 26 GPS_SOL 693 693 693 7
4.563 26 GPS 3 36028477 481359546 899 185000 0 11 0 100177960 31 0
4.564 26 ATTITUDE 0. 0. 0.
4.666 26 DESIRED 0. 0. 0. 0. 0. 235. 0. 14.
4.667 26 ATTITUDE 0. 0. 0.
4.696 26 NAVIGATION 2 1 0. 0. 0. 0. 0 23 23 1 0 0
4.763 26 AUTOPILOT_VERSION 51500 v5.15_devel-179-g9a29798-dirty
4.763 26 ATTITUDE 0. 0. 0.
4.813 26 GPS 3 36028477 481359546 899 185000 0 15 0 100178240 31 0
4.863 26 ENERGY 0 12.5 -4e-06 -4.8e-05 -0. -3e-06
4.863 26 WP_MOVED 7 360558.40625 4813804.5 260. 31
4.864 26 DESIRED 0. 0. 0. 0. 0. 235. 0. 14.
4.864 26 ATTITUDE 0. 0. 0.
4.947 26 NAVIGATION 2 1 0. 0. 0. 0. 0 23 23 1 0 0
4.963 26 ESTIMATOR 185. 0.
4.963 26 ATTITUDE 0. 0. 0.
5.064 26 GPS 3 36028477 481359546 899 185000 0 20 0 100178480 31 0
5.064 26 DESIRED 0. 0. 0. 0. 0. 235. 0. 14.
5.066 26 ATTITUDE 0. 0. 0.
5.163 26 NAVIGATION 2 1 0. 0. 0. 0. 0 23 23 1 0 0
5.164 26 ATTITUDE 0. 0. 0.
5.200 26 NAVIGATION 2 1 0. 0. 0. 0. 0 23 23 1 0 0
5.263 26 AIR_DATA 99126.804688 0. -1000. 1013.25 0. -1. -1.
5.263 26 AIRSPEED 0. 14. 0. 6.
5.263 26 DESIRED 0. 0. 0. 0. 0. 235. 0. 14.
5.263 26 ATTITUDE 0. 0. 0.
5.313 26 GPS 3 36028477 481359546 899 185000 0 9 0 100178720 31 0
5.363 26 WP_MOVED 8 360461.40625 4813640. 215. 31
5.363 26 ATTITUDE 0. 0. 0.
5.446 26 NAVIGATION 2 1 0. 0. 0. 0. 0 24 24 1 0 0
5.462 26 ESTIMATOR 185. 0.
5.463 26 DESIRED 0. 0. 0. 0. 0. 235. 0. 14.
5.463 26 ATTITUDE 0. 0. 0.
5.562 26 GPS 3 36028477 481359546 899 185000 0 -11 0 100178960 31 0
5.563 26 ATTITUDE 0. 0. 0.
5.646 26 FBW_STATUS 2 0 1 12.5 -4e-06
5.663 26 DL_VALUE 22 1.
5.664 26 DESIRED 0. 0. 0. 0. 0. 235. 0. 14.
5.664 26 ATTITUDE 0. 0. 0.
5.696 26 NAVIGATION 2 1 0. 0. 0. 0. 0 24 24 1 0 0
5.762 26 ATTITUDE 0. 0. 0.
5.813 26 GPS 3 36028477 481359546 899 185000 0 -7 0 100179240 31 0
5.862 26 WP_MOVED 9 360312.8125 4813652. 185. 31
5.863 26 DESIRED 0. 0. 0. 0. 0. 235. 0. 14.
5.863 26 ATTITUDE 0. 0. 0.
5.947 26 NAVIGATION 2 1 0. 0. 0. 0. 0 24 24 1 0 0
5.964 26 CALIBRATION 0. 0
5.964 26 ENERGY 0 12.5 -4e-06 -4.8e-05 -0. -3e-06
5.964 26 ESTIMATOR 185. 0.
5.965 26 ATTITUDE 0. 0. 0.
6.062 26 GPS 3 36028477 481359546 899 185000 0 7 0 100179480 31 0
6.063 26 DESIRED 0. 0. 0. 0. 0. 235. 0. 14.
6.063 26 ATTITUDE 0. 0. 0.
6.163 26 NAVIGATION 2 1 0. 0. 0. 0. 0 24 24 1 0 0
6.163 26 ATTITUDE 0. 0. 0.
6.196 26 NAVIGATION 2 1 0. 0. 0. 0. 0 24 24 1 0 0
6.262 26 AIRSPEED 0. 14. 0. 6.
6.263 26 DESIRED 0. 0. 0. 0. 0. 235. 0. 14.
6.263 26 ATTITUDE 0. 0. 0.
6.313 26 GPS 3 36028477 481359546 899 185000 0 28 0 100179720 31 0
6.363 26 PPRZ_MODE 2 1 2 0 0 6
6.363 26 WP_MOVED 10 360452.8125 4813581. 260. 31
6.363 26 ATTITUDE 0. 0. 0.
6.446 26 NAVIGATION 2 1 0. 0. 0. 0. 0 25 25 1 0 0
6.462 26 FBW_STATUS 2 0 1 12.5 -4e-06
6.462 26 ESTIMATOR 185. 0.
6.463 26 DESIRED 0. 0. 0. 0. 0. 235. 0. 14.
6.463 26 ATTITUDE 0. 0. 0.
6.546 26 COMMANDS 0,0,0,0,0
6.563 26 GPS_SOL 697 697 697 7
6.563 26 AIR_DATA 99126.804688 0. -1000. 1013.25 0. -1. -1.
6.563 26 GPS 3 36028477 481359546 899 185000 0 30 0 100179960 31 0
6.564 26 ATTITUDE 0. 0. 0.
6.663 26 DESIRED 0. 0. 0. 0. 0. 235. 0. 14.
6.664 26 ATTITUDE 0. 0. 0.
6.698 26 NAVIGATION 2 1 0. 0. 0. 0. 0 25 25 1 0 0
6.763 26 ATTITUDE 0. 0. 0.
6.814 26 GPS 3 36028477 481359546 899 185000 0 21 0 100180240 31 0
6.863 26 COMMANDS 0,0,0,0,0
6.864 26 WP_MOVED 11 360169.5 4813757.5 260. 31
6.864 26 DESIRED 0. 0. 0. 0. 0. 235. 0. 14.
6.864 26 ATTITUDE 0. 0. 0.
6.946 26 NAVIGATION 2 1 0. 0. 0. 0. 0 25 25 1 0 0
6.963 26 ESTIMATOR 185. 0.
6.963 26 ATTITUDE 0. 0. 0.
7.063 26 ENERGY 0 12.5 -4e-06 -4.8e-05 -0. -3e-06
7.063 26 GPS 3 36028477 481359546 899 185000 0 24 0 100180480 31 0
7.063 26 DESIRED 0. 0. 0. 0. 0. 235. 0. 14.
7.064 26 ATTITUDE 0. 0. 0.
7.163 26 DL_VALUE 23 1.
7.164 26 NAVIGATION 2 1 0. 0. 0. 0. 0 25 25 1 0 0
7.164 26 ATTITUDE 0. 0. 0.
7.196 26 NAVIGATION 2 1 0. 0. 0. 0. 0 25 25 1 0 0
7.263 26 AIRSPEED 0. 14. 0. 6.
7.263 26 DESIRED 0. 0. 0. 0. 0. 235. 0. 14.
7.264 26 ATTITUDE 0. 0. 0.
7.313 26 GPS 3 36028477 481359546 899 185000 0 23 0 100180720 31 0
7.363 26 DATALINK_REPORT 4 3 1293 816 0 0
7.364 26 WP_MOVED 0 360326. 4813637. 260. 31
7.364 26 ATTITUDE 0. 0. 0.
7.446 26 NAVIGATION 2 1 0. 0. 0. 0. 0 26 26 1 0 0
7.463 26 ALIVE 128,247,33,237,150,226,125,96,211,120,85,14,103,22,52,69
7.464 26 ESTIMATOR 185. 0.
7.464 26 DESIRED 0. 0. 0. 0. 0. 235. 0. 14.
7.464 26 ATTITUDE 0. 0. 0.
7.563 26 NAVIGATION_REF 360284 4813595 31 185.
7.563 26 GPS 3 36028477 481359546 899 185000 0 20 0 100180960 31 0
7.564 26 ATTITUDE 0. 0. 0.
7.611 26 SETTING 10 26 1.
7.611 26 DL_VALUE 10 1.
7.646 26 FBW_STATUS 2 0 1 12.5 -4e-06
7.663 26 DESIRED 0. 0. 0. 0. 0. 235. 0. 14.
7.663 26 ATTITUDE 0. 0. 0.
7.696 26 NAVIGATION 2 1 0. 0. 0. 0. 0 26 26 1 0 0
7.763 26 ATTITUDE 0. 0. 0.
7.813 26 GPS 3 36028477 481359546 899 185000 0 19 0 100181240 31 0
7.863 26 AIR_DATA 99126.804688 0. -1000. 1013.25 0. -1. -1.
7.863 26 WP_MOVED 1 360284. 4813595. 260. 31
7.863 26 DESIRED 0. 0. 0. 0. 0. 235. 0. 14.
7.863 26 ATTITUDE 0. 0. 0.
7.946 26 NAVIGATION 2 1 0. 0. 0. 0. 0 26 26 1 0 0
7.963 26 ESTIMATOR 185. 0.
7.963 26 ATTITUDE 0. 0. 0.
8.063 26 CALIBRATION 0. 0
8.063 26 GPS 3 36028477 481359546 899 185000 0 7 0 100181480 31 0
8.063 26 SVINFO 6 13 0 6 48 62 320
8.063 26 DESIRED 0. 0. 0. 0. 0. 235. 0. 14.
8.064 26 ATTITUDE 0. 0. 0.
8.163 26 ENERGY 0 12.5 -4e-06 -4.8e-05 -0. -3e-06
8.163 26 NAVIGATION 2 1 0. 0. 0. 0. 0 26 26 1 0 0
8.164 26 ATTITUDE 0. 0. 0.
8.197 26 NAVIGATION 2 1 0. 0. 0. 0. 0 26 26 1 0 0
8.262 26 AIRSPEED 0. 14. 0. 6.
8.263 26 DESIRED 0. 0. 0. 0. 0. 235. 0. 14.
8.263 26 ATTITUDE 0. 0. 0.
8.312 26 GPS 3 36028477 481359546 899 185000 0 12 0 100181720 31 0
8.363 26 WP_MOVED 2 360333.5 4813695. 260. 31
8.363 26 ATTITUDE 0. 0. 0.
8.446 26 NAVIGATION 2 1 0. 0. 0. 0. 0 27 27 1 0 0
8.463 26 FBW_STATUS 2 0 1 12.5 -4e-06
8.464 26 ESTIMATOR 185. 0.
8.464 26 DESIRED 0. 0. 0. 0. 0. 235. 0. 14.
8.464 26 ATTITUDE 0. 0. 0.
8.502 26 BLOCK 3 26
8.502 26 NAVIGATION 3 0 0. 0. 0. 0. 0 0 0 1 0 0
8.563 26 GPS_SOL 699 699 699 7
8.563 26 GPS 3 36028477 481359546 899 185000 0 8 0 100181960 31 0
8.563 26 ATTITUDE 0. 0. 0.
8.663 26 DL_VALUE 24 0.
8.663 26 DESIRED 0. 0. 0. 0. 0. 235. 0. 14.
8.664 26 ATTITUDE 0. 0. 0.
8.697 26 NAVIGATION 3 2 0. 0. 198.624115 0. 0 0 0 0 0 0
8.763 26 ATTITUDE -0.003615 -9.1e-05 0.000296
8.813 26 GPS 3 36028477 481359546 899 185000 0 -7 0 100182240 31 0
8.863 26 WP_MOVED 3 360294.09375 4813785. 260. 31
8.863 26 DESIRED -0.508721 0.262159 5.668788 -114.5 162.300003 235. 0. 14.
8.864 26 ATTITUDE -0.020619 -0.000886 0.001714
8.946 26 NAVIGATION 3 2 0. 0. 198.624115 0. 0 0 0 0 0 0
8.963 26 ESTIMATOR 185. 0.
8.964 26 ATTITUDE -0.050619 -0.004017 0.00571
9.063 26 GPS 3 36028476 481359877 3599 184997 1379 -19 0 100182480 31 0
9.064 26 DESIRED -0.324402 0.263032 5.668788 -114.5 162.300003 235. 0. 14.
9.066 26 ATTITUDE -0.070619 -0.007402 0.009481
9.170 26 AIR_DATA 99126.835938 0. -1000. 1013.25 0. -1. -1.
9.170 26 NAVIGATION 3 2 0. 3. 198.624115 0. 0 0 0 0 0 0
9.171 26 ATTITUDE -0.100619 -0.014405 0.016604
9.197 26 NAVIGATION 3 2 0. 3. 196.180374 3. 0 0 0 0 0 0
9.263 26 ENERGY 58 12.5 13.978964 174.737045 0.005739 0.071739
9.264 26 AIRSPEED 13.927913 14. 0. 6.
9.266 26 DESIRED -0.491802 0.263905 5.659973 -114.5 162.300003 235. 0. 14.
9.266 26 ATTITUDE -0.120619 -0.020327 0.022229
9.313 26 GPS 3 36028473 481360208 3593 184993 1376 -3 0 100182720 31 0
9.363 26 WP_MOVED 4 360416.3125 4813734. 260. 31
9.363 26 ATTITUDE -0.150619 -0.031021 0.031844
9.445 26 TAKEOFF 37
9.445 26 NAVIGATION 3 2 -0.03125 6.5 193.330627 6.500075 1 1 1 0 0 0
9.463 26 ESTIMATOR 184.99826 -0.000766
9.464 26 DESIRED -0.489617 0.264777 5.649538 -114.5 162.300003 235. 0. 14.
9.464 26 ATTITUDE -0.170619 -0.039306 0.038965
9.564 26 GPS 3 36028463 481360547 3583 185023 1413 19 0 100182960 31 0
9.565 26 ATTITUDE -0.200619 -0.053376 0.050611
9.646 26 FBW_STATUS 2 0 1 12.5 27.672886
9.663 26 DESIRED -0.489617 0.26565 5.649538 -114.5 162.300003 235. 0. 14.
9.664 26 ATTITUDE -0.220619 -0.063793 0.058961
9.696 26 NAVIGATION 3 2 -0.125 10. 190.465042 10.000781 1 1 1 0 0 0
9.763 26 ATTITUDE -0.250619 -0.080914 0.072276
9.813 26 GPS 3 36028438 481360963 3563 185166 1499 60 0 100183240 31 0
9.864 26 WP_MOVED 5 360421. 4813583.5 260. 31
9.864 26 DESIRED -0.494218 0.266523 5.639054 -114.5 162.300003 235. 0. 14.
9.864 26 ATTITUDE -0.270619 -0.093322 0.081616
9.946 26 NAVIGATION 3 2 -0.34375 14. 187.148438 14.004219 1 1 1 0 0 0
9.963 26 ESTIMATOR 185.03331 0.015242
9.964 26 ATTITUDE -0.300619 -0.113438 0.096211
10.064 26 GPS 3 36028402 481361336 3544 185435 1560 116 0 100183480 31 0
10.065 26 DESIRED -0.500487 0.267395 5.627154 -114.5 162.300003 235. 0. 14.
10.066 26 ATTITUDE -0.320619 -0.127865 0.106254
10.163 26 CALIBRATION 0. 0
10.164 26 DL_VALUE 25 70.
10.164 26 NAVIGATION 3 2 -0.75 18. 187.148438 14.004219 1 1 1 0 0 0
10.165 26 ATTITUDE -0.350619 -0.151058 0.121657
10.197 26 NAVIGATION 3 2 -0.75 18. 183.743179 18.015617 1 1 1 0 0 0
10.263 26 AIRSPEED 16.351574 14. 0. 6.
10.263 26 DESIRED -0.501803 0.268442 5.615627 -114.5 162.300003 235. 0. 14.
10.263 26 ATTITUDE -0.380619 -0.176162 0.1373
10.313 26 GPS 3 36028348 481361718 3520 185861 1609 169 0 100183720 31 0
10.364 26 ENERGY 88 12.5 27.672886 345.911072 0.0524 0.654999
10.364 26 WP_MOVED 6 360164.8125 4813664.5 260. 31
10.364 26 ATTITUDE -0.400619 -0.193987 0.147755
10.446 26 NAVIGATION 3 2 -1.28125 22. 180.284714 22.037277 2 2 2 0 0 0
10.463 26 FBW_STATUS 2 0 1 12.5 27.672886
10.463 26 AIR_DATA 99116.6875 0. -1000. 1013.25 0. -1. -1.
10.464 26 ESTIMATOR 185.278351 0.119345
10.464 26 DESIRED -0.48705 0.269141 5.604205 -114.5 162.300003 235. 0. 14.
10.464 26 ATTITUDE -0.420619 -0.212708 0.15818
10.563 26 GPS_SOL 699 699 699 7
10.563 26 GPS 3 36028274 481362105 3491 186442 1641 244 0 100183960 31 0
10.564 26 ATTITUDE -0.450619 -0.242514 0.173654
10.663 26 DESIRED -0.48705 0.270013 5.604205 -114.5 162.300003 235. 0. 14.
10.664 26 ATTITUDE -0.470582 -0.263568 0.183785
10.701 26 NAVIGATION 3 2 -2.03125 25.5 177.097321 25.580774 2 2 2 0 0 0
10.763 26 ATTITUDE -0.498867 -0.296922 0.198598
10.812 26 GPS 3 36028157 481362555 3448 187303 1662 315 0 100184240 31 0
10.863 26 WP_MOVED 7 360558.40625 4813804.5 260. 31
10.864 26 DESIRED -0.454964 0.270778 5.595089 -114.5 162.300003 235. 0. 14.
10.864 26 ATTITUDE -0.514416 -0.32021 0.208151
10.946 26 NAVIGATION 3 2 -3.1875 30. 172.898132 30.168861 2 2 2 0 0 0
10.963 26 ESTIMATOR 185.950439 0.386299
10.963 26 ATTITUDE -0.53154 -0.356355 0.221914
11.063 26 GPS 3 36028029 481362934 3412 188177 1669 363 0 100184480 31 0
11.064 26 DESIRED -0.394896 0.271203 5.583726 -114.5 162.300003 235. 0. 14.
11.064 26 ATTITUDE -0.538786 -0.393368 0.234896
11.162 26 NAVIGATION 3 2 -4.46875 34. 172.898132 30.168861 2 2 2 0 0 0
11.163 26 ATTITUDE -0.536406 -0.418051 0.243059
11.197 26 NAVIGATION 3 2 -4.46875 34. 169.02002 34.292416 2 2 2 0 0 0
11.262 26 PPRZ_MODE 2 1 3 0 0 6
11.263 26 AIRSPEED 16.674212 14. 0. 6.
11.263 26 DESIRED -0.348496 0.271029 5.57429 -114.5 162.300003 235. 0. 14.
11.263 26 ATTITUDE -0.528821 -0.442412 0.250812
11.313 26 GPS 3 36027873 481363303 3371 189162 1669 401 0 100184720 31 0
11.314 26 SVINFO 5 12 1 5 48 87 272
11.364 26 WP_MOVED 8 360461.40625 4813640. 215. 31
11.366 26 ATTITUDE -0.506554 -0.477714 0.261641
11.446 26 NAVIGATION 3 2 -6.03125 37.5 165.34967 37.981918 3 3 3 0 0 0
11.463 26 ENERGY 88 12.5 27.672886 345.911072 0.103134 1.289168
11.463 26 ESTIMATOR 187.178436 0.834248
11.463 26 DESIRED -0.281296 0.270292 5.567684 -114.5 162.300003 235. 0. 14.
11.463 26 ATTITUDE -0.486574 -0.500067 0.2683
11.546 26 COMMANDS 8524,1283,8,0,0
11.563 26 GPS 3 36027692 481363659 3329 190252 1664 433 0 100184960 31 0
11.563 26 ATTITUDE -0.456574 -0.531742 0.277432
11.646 26 FBW_STATUS 2 0 1 12.5 27.672886
11.663 26 DL_VALUE 26 0.
11.663 26 DESIRED -0.281296 0.269419 5.567684 -114.5 162.300003 235. 0. 14.
11.664 26 ATTITUDE -0.436574 -0.551649 0.282938
11.703 26 NAVIGATION 3 2 -7.84375 41. 161.521652 41.743557 3 3 3 0 0 0
11.763 26 AIR_DATA 99065.101562 0. -1000. 1013.25 0. -1. -1.
11.763 26 ATTITUDE -0.406574 -0.579731 0.290328
11.813 26 GPS 3 36027453 481364056 3284 191649 1651 510 0 100185240 31 0
11.863 26 COMMANDS 8524,1239,-131,0,0
11.863 26 WP_MOVED 9 360312.8125 4813652. 185. 31
11.864 26 DESIRED -0.217904 0.268372 5.561938 -114.5 162.300003 235. 0. 14.
11.864 26 ATTITUDE -0.376574 -0.605719 0.29668
11.947 26 NAVIGATION 3 2 -10.21875 45. 156.951813 46.145668 3 3 3 0 0 0
11.962 26 ESTIMATOR 188.992462 1.438696
11.963 26 ATTITUDE -0.356574 -0.621897 0.300345
12.063 26 GPS 3 36027231 481364380 3255 192938 1639 545 0 100185480 31 0
12.064 26 DESIRED -0.143364 0.267674 5.556474 -114.5 162.300003 235. 0. 14.
12.064 26 ATTITUDE -0.336574 -0.637168 0.303571
12.163 26 NAVIGATION 3 2 -12.4375 48.5 156.951813 46.145668 3 3 3 0 0 0
12.164 26 ATTITUDE -0.306574 -0.658384 0.307617
12.196 26 NAVIGATION 3 2 -12.4375 48.5 152.863327 50.069366 3 3 3 0 0 0
12.263 26 CALIBRATION 0. 0
12.263 26 AIRSPEED 16.144636 14. 0. 6.
12.263 26 DESIRED -0.107636 0.266801 5.552109 -114.5 162.300003 235. 0. 14.
12.263 26 ATTITUDE -0.286574 -0.671409 0.309807
12.312 26 GPS 3 36026995 481364691 3228 194290 1623 556 0 100185720 31 0
12.363 26 WP_MOVED 10 360452.8125 4813581. 260. 31
12.363 26 ATTITUDE -0.256574 -0.689276 0.312374
12.446 26 NAVIGATION 3 2 -14.78125 51.5 149.065323 53.579243 4 4 4 0 0 0
12.463 26 DATALINK_REPORT 4 5 1473 805 0 0
12.463 26 FBW_STATUS 2 0 1 12.5 27.672886
12.463 26 ESTIMATOR 191.380646 2.15807
12.464 26 DESIRED -0.065546 0.265928 5.550376 -114.5 162.300003 235. 0. 14.
12.464 26 ATTITUDE -0.236574 -0.700077 0.313632
12.483 26 WIND_INFO 26 5 0. 0. 0. 0.
12.484 26 WIND_INFO_RET 5 0. 0. 0. 16.012526
12.563 26 ALIVE 128,247,33,237,150,226,125,96,211,120,85,14,103,22,52,69
12.563 26 GPS_SOL 699 699 699 7
12.563 26 ENERGY 88 12.5 27.672886 345.911072 0.153867 1.923338
12.563 26 GPS 3 36026751 481364990 3206 195683 1607 563 0 100185960 31 0
12.564 26 ATTITUDE -0.206574 -0.714614 0.314888
12.663 26 DESIRED -0.065546 0.265056 5.550376 -114.5 162.300003 235. 0. 14.
12.664 26 ATTITUDE -0.186574 -0.723197 0.315333
12.710 26 NAVIGATION 3 2 -17.21875 54.5 145.204971 57.155361 4 4 4 0 0 0
12.762 26 ATTITUDE -0.156574 -0.734406 0.315465
12.813 26 GPS 3 36026458 481365325 3185 197333 1588 576 0 100186240 31 0
12.814 26 SVINFO 4 11 1 4 48 81 223
12.863 26 WP_MOVED 11 360169.5 4813757.5 260. 31
12.863 26 DESIRED -0.032862 0.264183 5.549033 -114.5 162.300003 235. 0. 14.
12.863 26 ATTITUDE -0.136574 -0.740767 0.315225
12.946 26 NAVIGATION 3 2 -20.1875 57.5 140.988968 60.940834 4 4 4 0 0 0
12.963 26 ESTIMATOR 194.235672 2.923675
12.963 26 ATTITUDE -0.106574 -0.748637 0.314424
13.063 26 AIR_DATA 98965.34375 0. -1000. 1013.25 0. -1. -1.
13.064 26 GPS 3 36026202 481365604 3174 198750 1576 580 0 100186480 31 0
13.065 26 DESIRED 0.00256 0.263136 5.55041 -114.5 162.300003 235. 0. 14.
13.066 26 ATTITUDE -0.076574 -0.754494 0.313153
13.163 26 DL_VALUE 27 2.
13.164 26 NAVIGATION 3 2 -22.75 60.5 140.988968 60.940834 4 4 4 0 0 0
13.164 26 ATTITUDE -0.056574 -0.757276 0.312077
13.207 26 NAVIGATION 3 2 -22.75 60.5 137.044891 64.636002 4 4 4 0 0 0
13.263 26 AIRSPEED 15.588437 14. 0. 6.
13.263 26 DESIRED 0.01291 0.262438 5.549665 -114.5 162.300003 235. 0. 14.
13.263 26 ATTITUDE -0.036574 -0.759158 0.31084
13.312 26 GPS 3 36025945 481365877 3167 200156 1564 588 0 100186720 31 0
13.312 26 SVINFO 6 13 1 6 47 53 323
13.363 26 WP_MOVED 0 360326. 4813637. 260. 31
13.364 26 ATTITUDE -0.006869 -0.760293 0.30872
13.446 26 NAVIGATION 3 2 -25.3125 63.5 133.100906 68.359146 5 5 5 0 0 0
13.463 26 ESTIMATOR 197.419632 3.663313
13.463 26 DESIRED 0.021768 0.262008 5.548876 -114.5 162.300003 235. 0. 14.
13.463 26 ATTITUDE 0.011927 -0.759961 0.307156
13.562 26 GPS 3 36025688 481366148 3164 201540 1555 575 0 100186960 31 0
13.563 26 ATTITUDE 0.037483 -0.757963 0.304626
13.647 26 FBW_STATUS 2 0 1 12.5 27.672886
13.663 26 ENERGY 88 12.5 27.672886 345.911072 0.204601 2.557514
13.663 26 DESIRED 0.021768 0.262711 5.548876 -114.5 162.300003 235. 0. 14.
13.663 26 ATTITUDE 0.052247 -0.755741 0.302844
13.716 26 NAVIGATION 3 2 -27.875 66. 129.528305 71.645065 5 5 5 0 0 0
13.762 26 ATTITUDE 0.070207 -0.751308 0.30007
13.813 26 GPS 3 36025390 481366463 3167 203121 1547 572 0 100187240 31 0
13.862 26 WP_MOVED 1 360284. 4813595. 260. 31
13.863 26 DESIRED 0.026427 0.263181 5.550629 -114.5 162.300003 235. 0. 14.
13.863 26 ATTITUDE 0.079149 -0.747778 0.298176
13.945 26 NAVIGATION 3 2 -30.84375 69. 125.312645 75.580002 5 5 5 0 0 0
13.962 26 ESTIMATOR 200.749222 4.306619
13.963 26 ATTITUDE 0.087822 -0.741905 0.295302
14.063 26 GPS 3 36025138 481366735 3172 204443 1543 550 0 100187480 31 0
14.064 26 DESIRED 0.020507 0.263377 5.552231 -114.5 162.300003 235. 0. 14.
14.064 26 ATTITUDE 0.090361 -0.737779 0.293382
14.163 26 NAVIGATION 3 2 -33.375 71.5 125.312645 75.580002 5 5 5 0 0 0
14.164 26 ATTITUDE 0.089316 -0.731575 0.290522
14.215 26 NAVIGATION 3 2 -33.375 71.5 121.761681 78.905899 5 5 5 0 0 0
14.264 26 AIRSPEED 15.410694 14. 0. 6.
14.264 26 DESIRED 0.013636 0.263295 5.554002 -114.5 162.300003 235. 0. 14.
14.266 26 ATTITUDE 0.085693 -0.727591 0.288642
14.313 26 GPS 3 36024890 481367010 3179 205734 1541 528 0 100187720 31 0
14.363 26 CALIBRATION 0. 0
14.364 26 AIR_DATA 98883.429688 0. -1000. 1013.25 0. -1. -1.
14.364 26 WP_MOVED 2 360333.5 4813695. 260. 31
14.364 26 ATTITUDE 0.076264 -0.722101 0.285883
14.447 26 NAVIGATION 3 2 -35.875 74.5 117.85894 82.687759 6 6 6 0 0 0
14.462 26 FBW_STATUS 2 0 1 12.5 27.672886
14.463 26 ESTIMATOR 204.093552 4.815643
14.463 26 DESIRED 7.8e-05 0.262983 5.552861 -114.5 162.300003 235. 0. 14.
14.463 26 ATTITUDE 0.067808 -0.718888 0.284094
14.563 26 GPS_SOL 697 697 697 7
14.564 26 GPS 3 36024646 481367287 3185 206999 1541 516 0 100187960 31 0
14.564 26 ATTITUDE 0.052528 -0.714909 0.281499
14.663 26 DL_VALUE 28 0.
14.664 26 DESIRED 7.8e-05 0.262514 5.552861 -114.5 162.300003 235. 0. 14.
14.664 26 ATTITUDE 0.040943 -0.712897 0.279835
14.716 26 NAVIGATION 3 2 -38.28125 77.5 114.019028 86.439018 6 6 6 0 0 0
14.763 26 ENERGY 88 12.5 27.672886 345.911072 0.255334 3.191691
14.763 26 ATTITUDE 0.022491 -0.710926 0.277446
14.813 26 GPS 3 36024363 481367613 3191 208445 1542 511 0 100188240 31 0
14.814 26 SVINFO 5 12 1 5 47 85 274
14.863 26 WP_MOVED 3 360294.09375 4813785. 260. 31
14.864 26 DESIRED -0.012266 0.26197 5.55103 -114.5 162.300003 235. 0. 14.
14.864 26 ATTITUDE 0.009787 -0.710332 0.275931
14.947 26 NAVIGATION 3 2 -41.125 80.5 109.886902 90.396439 6 6 6 0 0 0
14.963 26 ESTIMATOR 207.332962 5.170779
14.963 26 ATTITUDE -0.008909 -0.710522 0.273777
15.062 26 GPS 3 36024121 481367894 3192 209664 1544 505 0 100188480 31 0
15.063 26 DESIRED -0.018848 0.262158 5.552028 -114.5 162.300003 235. 0. 14.
15.064 26 ATTITUDE -0.020563 -0.71133 0.272425
15.163 26 NAVIGATION 3 2 -43.5625 83.5 109.886902 90.396439 6 6 6 0 0 0
15.164 26 ATTITUDE -0.036359 -0.713473 0.270527
15.196 26 NAVIGATION 3 2 -43.5625 83.5 106.026268 94.180367 6 6 6 0 0 0
15.262 26 AIRSPEED 15.490816 14. 0. 6.
15.262 26 DESIRED -0.021409 0.26259 5.550248 -114.5 162.300003 235. 0. 14.
15.262 26 ATTITUDE -0.045316 -0.715443 0.269354
15.313 26 GPS 3 36023878 481368175 3191 210868 1547 512 0 100188720 31 0
15.362 26 WP_MOVED 4 360416.3125 4813734. 260. 31
15.362 26 ATTITUDE -0.056046 -0.719051 0.267735
15.446 26 NAVIGATION 4 0 -45.9375 86. 0. 97.500023 7 0 0 0 0 0
15.463 26 ESTIMATOR 210.427277 5.38573
15.463 26 DESIRED -0.017213 0.262867 5.550248 -114.5 162.300003 235. 0. 14.
15.464 26 ATTITUDE -0.061193 -0.721786 0.266751
15.563 26 GPS 3 36023633 481368455 3188 212060 1550 494 0 100188960 31 0
15.563 26 ATTITUDE -0.065688 -0.726194 0.265416
15.647 26 FBW_STATUS 2 0 1 12.5 27.672886
15.663 26 AIR_DATA 98809.296875 0. -1000. 1013.25 0. -1. -1.
15.663 26 DESIRED -0.017213 0.262959 5.550248 -114.5 162.300003 235. 0. 14.
15.663 26 ATTITUDE -0.066451 -0.729214 0.264621
15.697 26 NAVIGATION 4 0 -48.4375 89. 0. 101.327148 7 0 0 0 0 0
15.762 26 ATTITUDE -0.056711 -0.733499 0.263326
15.813 26 GPS 3 36023344 481368780 3182 213438 1554 506 0 100189240 31 0
15.863 26 AUTOPILOT_VERSION 51500 v5.15_devel-179-g9a29798-dirty
15.864 26 ENERGY 70 12.5 21.994389 274.929871 0.305342 3.816791
15.864 26 WP_MOVED 5 360421. 4813583.5 260. 31
15.865 26 DESIRED 0.872665 0.091744 0.274583 -27.937851 161.77153 260. 0.5 14.
15.865 26 ATTITUDE -0.026711 -0.736003 0.260379
15.946 26 NAVIGATION 4 0 -51.3125 92. 0. 105.342171 7 0 0 0 0 0
15.963 26 ESTIMATOR 213.346909 5.480531
15.963 26 ATTITUDE -0.006711 -0.736538 0.257491
16.062 26 CIRCLE 49.5 100.099998 70.
16.063 26 GPS 3 36023095 481369056 3178 214609 1549 509 0 100189480 31 0
16.064 26 SVINFO 3 10 1 3 48 48 175
16.064 26 DESIRED 0.872665 0.164672 0.338363 -25.881363 164.268921 260. 1. 14.
16.065 26 ATTITUDE 0.013289 -0.736156 0.254056
16.163 26 PPRZ_MODE 2 3 3 2 0 6
16.163 26 DL_VALUE 29 0.
16.164 26 NAVIGATION 4 0 -53.78125 95. 0. 105.342171 7 0 0 0 0 0
16.164 26 ATTITUDE 0.043289 -0.733832 0.248557
16.196 26 NAVIGATION 4 0 -53.78125 95. 0. 109.166946 7 0 0 0 0 0
16.262 26 AIRSPEED 14.801661 14. 14. 6.
16.263 26 DESIRED 0.872665 0.236504 0.395938 -23.86718 166.562439 260. 1.5 14.
16.263 26 ATTITUDE 0.063289 -0.731078 0.244725
16.312 26 GPS 3 36022851 481369326 3178 215746 1514 479 0 100189720 31 0
16.365 26 WP_MOVED 6 360164.8125 4813664.5 260. 31
16.366 26 ATTITUDE 0.093289 -0.725052 0.239351
16.446 26 NAVIGATION 4 0 -56.21875 97.5 0. 112.546867 8 1 1 0 0 0
16.462 26 CALIBRATION 0. 0
16.463 26 FBW_STATUS 2 0 1 12.5 8.665577
16.463 26 ESTIMATOR 216.108139 5.485653
16.463 26 DESIRED 0.872665 0.307065 0.447602 -22.199852 168.357819 260. 2. 14.
16.463 26 ATTITUDE 0.113289 -0.71972 0.236108
16.547 26 COMMANDS 4043,5475,558,0,0
16.563 26 NAVIGATION_REF 360284 4813595 31 185.
16.564 26 GPS_SOL 694 694 694 7
16.564 26 GPS 3 36022620 481369586 3184 216800 1451 438 0 100189960 31 0
16.564 26 ATTITUDE 0.143289 -0.709682 0.231962
16.663 26 DESIRED 0.872665 0.304116 0.447602 -22.199852 168.357819 260. 2. 14.
16.664 26 ATTITUDE 0.163289 -0.701609 0.22989
16.696 26 NAVIGATION 4 0 -58.5625 100.5 0. 116.317741 8 1 1 0 0 0
16.763 26 ATTITUDE 0.193289 -0.687398 0.227784
16.813 26 GPS 3 36022367 481369883 3198 217883 1385 378 0 100190240 31 0
16.813 26 SVINFO 6 13 1 6 46 46 325
16.863 26 COMMANDS 4789,4905,1114,0,0
16.863 26 WP_MOVED 7 360558.40625 4813804.5 260. 31
16.864 26 DESIRED 0.872665 0.377731 0.501742 -20.240402 170.358643 260. 2.5 14.
16.864 26 ATTITUDE 0.213289 -0.676517 0.227277
16.946 26 NAVIGATION 4 0 -61.0625 103.5 0. 120.170212 8 1 1 0 0 0
16.964 26 AIR_DATA 98741.101562 0. -1000. 1013.25 0. -1. -1.
16.964 26 ENERGY 53 12.5 12.97591 162.198883 0.327362 4.092037
16.964 26 ESTIMATOR 218.628754 5.386394
16.964 26 ATTITUDE 0.243289 -0.658088 0.227788
17.063 26 GPS 3 36022163 481370139 3214 218696 1362 314 0 100190480 31 0
17.064 26 DESIRED 0.872665 0.441102 0.556484 -18.315308 172.218536 260. 3. 14.
17.064 26 ATTITUDE 0.273289 -0.63712 0.229851
17.113 26 CIRCLE 49.5 100.099998 70.
17.162 26 NAVIGATION 4 0 -63.125 106. 0. 120.170212 8 1 1 0 0 0
17.162 26 ATTITUDE 0.293289 -0.62175 0.232203
17.196 26 NAVIGATION 4 0 -63.125 106. 0. 123.372467 8 1 1 0 0 0
17.263 26 AIRSPEED 13.56741 14. 14. 6.
17.264 26 DESIRED 0.872665 0.4418 0.600905 -16.742119 173.666168 260. 3.5 14.
17.264 26 ATTITUDE 0.313289 -0.605267 0.235261
17.313 26 GPS 3 36021971 481370401 3237 219434 1355 287 0 100190720 31 0
17.362 26 WP_MOVED 8 360461.40625 4813640. 215. 31
17.363 26 ATTITUDE 0.343289 -0.578463 0.241036
17.446 26 NAVIGATION 4 0 -65.03125 108.5 0. 126.4963 9 2 2 0 0 0
17.464 26 ESTIMATOR 220.796082 5.155344
17.465 26 DESIRED 0.872665 0.442673 0.642918 -15.192261 175.032715 260. 4. 14.
17.465 26 ATTITUDE 0.363289 -0.559226 0.245593
17.563 26 DATALINK_REPORT 5 6 1658 827 0 0
17.564 26 GPS 3 36021762 481370720 3268 220250 1361 255 0 100191000 31 0
17.564 26 SVINFO 2 9 0 2 48 10 126
17.564 26 ATTITUDE 0.393289 -0.528299 0.253354
17.646 26 FBW_STATUS 2 0 1 12.5 17.423323
17.666 26 ALIVE 128,247,33,237,150,226,125,96,211,120,85,14,103,22,52,69
17.666 26 DL_VALUE 30 0.
17.666 26 DESIRED 0.872665 0.443546 0.642918 -15.192261 175.032715 260. 4. 14.
17.666 26 ATTITUDE 0.413289 -0.506316 0.259069
17.697 26 NAVIGATION 4 0 -67.15625 111.5 0. 130.162247 9 2 2 0 0 0
17.765 26 ATTITUDE 0.443289 -0.471275 0.268334
17.813 26 GPS 3 36021601 481371009 3310 220949 1378 255 0 100191240 31 0
17.863 26 WP_MOVED 9 360312.8125 4813652. 185. 31
17.863 26 DESIRED 0.872665 0.444418 0.69079 -13.359943 176.576324 260. 3.993385 14.
17.864 26 ATTITUDE 0.463289 -0.446509 0.274903
17.947 26 NAVIGATION 4 0 -68.75 114.5 0. 133.554535 9 2 2 0 0 0
17.964 26 ESTIMATOR 222.619644 4.826824
17.964 26 ATTITUDE 0.493289 -0.407191 0.285235
18.062 26 ENERGY 61 12.5 16.723202 209.040024 0.357132 4.464164
18.063 26 GPS 3 36021459 481371310 3348 221674 1389 263 0 100191480 31 0
18.064 26 SVINFO 4 11 1 4 47 86 226
18.064 26 DESIRED 0.872665 0.445291 0.733089 -11.524864 178.048477 260. 3.921199 14.
18.065 26 ATTITUDE 0.513289 -0.379496 0.292377
18.163 26 CIRCLE 49.5 100.099998 70.
18.165 26 NAVIGATION 4 0 -70.15625 117.5 0. 133.554535 9 2 2 0 0 0
18.165 26 ATTITUDE 0.543289 -0.335645 0.303368
18.196 26 NAVIGATION 4 0 -70.15625 117.5 0. 136.85083 9 2 2 0 0 0
18.263 26 AIR_DATA 98696.734375 0. -1000. 1013.25 0. -1. -1.
18.264 26 AIRSPEED 14.000614 14. 14. 6.
18.264 26 DESIRED 0.872665 0.446164 0.773254 -9.698212 179.444641 260. 3.821442 14.
18.264 26 ATTITUDE 0.563289 -0.304826 0.310822
18.312 26 GPS 3 36021341 481371625 3395 222438 1397 265 0 100191720 31 0
18.312 26 SVINFO 5 12 0 5 46 82 276
18.363 26 WP_MOVED 10 360452.8125 4813581. 260. 31
18.364 26 ATTITUDE 0.593289 -0.256127 0.322102
18.446 26 NAVIGATION 4 0 -71.34375 120.5 0. 140.036346 10 3 3 0 0 0
18.463 26 FBW_STATUS 2 0 1 12.5 16.291204
18.464 26 ESTIMATOR 224.168625 4.452101
18.464 26 DESIRED 0.872665 0.447036 0.811227 -7.871353 180.775452 260. 3.758711 14.
18.464 26 ATTITUDE 0.613289 -0.221954 0.329635
18.562 26 CALIBRATION 0. 0
18.563 26 GPS_SOL 690 690 690 7
18.563 26 GPS 3 36021254 481371949 3448 223240 1399 277 0 100191960 31 0
18.563 26 ATTITUDE 0.643289 -0.168039 0.340879
18.663 26 DESIRED 0.872665 0.447909 0.811227 -7.871353 180.775452 260. 3.758711 14.
18.664 26 ATTITUDE 0.663289 -0.130259 0.348292
18.696 26 NAVIGATION 4 0 -72.1875 124. 0. 143.481827 10 3 3 0 0 0
18.763 26 ATTITUDE 0.693289 -0.070732 0.359227
18.814 26 GPS 3 36021196 481372336 3525 224217 1396 310 0 100192240 31 0
18.862 26 WP_MOVED 11 360169.5 4813757.5 260. 31
18.862 26 DESIRED 0.872665 0.448782 0.851122 -5.697121 182.27832 260. 3.668235 14.
18.863 26 ATTITUDE 0.713289 -0.029067 0.366358
18.947 26 NAVIGATION 4 0 -72.78125 128. 0. 147.245071 10 3 3 0 0 0
18.962 26 ESTIMATOR 225.622284 4.118752
18.963 26 ATTITUDE 0.743289 0.036524 0.376756
19.062 26 GPS 3 36021190 481372670 3589 225075 1392 307 0 100192480 31 0
19.063 26 DESIRED 0.872665 0.449654 0.894024 -3.174938 183.917358 260. 3.606222 14.
19.063 26 ATTITUDE 0.763289 0.082384 0.383469
19.163 26 DL_VALUE 31 0.
19.163 26 ENERGY 59 12.5 15.859446 198.243073 0.386739 4.834249
19.163 26 NAVIGATION 4 0 -72.84375 131. 0. 147.245071 10 3 3 0 0 0
19.163 26 ATTITUDE 0.793289 0.154514 0.393179
19.196 26 NAVIGATION 4 0 -72.84375 131. 0. 149.890671 10 3 3 0 0 0
19.226 26 CIRCLE 49.5 100.099998 70.
19.264 26 AIRSPEED 13.85503 14. 14. 6.
19.265 26 DESIRED 0.723366 0.450527 0.923749 -1.227356 185.110199 260. 3.514072 14.
19.265 26 ATTITUDE 0.813289 0.204909 0.399392
19.313 26 GPS 3 36021229 481373000 67 225938 1387 320 0 100192720 31 0
19.362 26 WP_MOVED 0 360326. 4813637. 260. 31
19.363 26 ATTITUDE 0.838 0.283698 0.408299
19.447 26 NAVIGATION 4 0 -72.46875 134.5 0. 152.780792 11 4 4 0 0 0
19.463 26 ESTIMATOR 227.08754 3.86166
19.464 26 DESIRED 0.63249 0.451164 0.955941 1.129799 186.47316 260. 3.452517 14.
19.465 26 ATTITUDE 0.849816 0.337909 0.413949
19.562 26 AIR_DATA 98636.867188 0. -1000. 1013.25 0. -1. -1.
19.562 26 GPS 3 36021318 481373320 155 226792 1381 317 0 100192960 31 0
19.563 26 SVINFO 3 10 1 3 47 54 177
19.563 26 ATTITUDE 0.858677 0.420754 0.421979
19.646 26 FBW_STATUS 2 0 1 12.5 15.62524
19.663 26 DESIRED 0.63249 0.451292 0.955941 1.129799 186.47316 260. 3.452517 14.
19.663 26 ATTITUDE 0.85713 0.476162 0.427029
19.697 26 NAVIGATION 4 0 -71.5625 137.5 0. 155.007874 11 4 4 0 0 0
19.762 26 ATTITUDE 0.844125 0.558119 0.434142
19.813 26 GPS 3 36021485 481373667 272 227773 1377 319 0 100193240 31 0
19.863 26 WP_MOVED 1 360284. 4813595. 260. 31
19.864 26 DESIRED 0.521622 0.450759 0.980507 3.280502 187.642883 260. 3.360229 14.
19.864 26 ATTITUDE 0.826585 0.611062 0.438572
19.946 26 NAVIGATION 4 0 -69.90625 141. 0. 157.378159 11 4 4 0 0 0
19.963 26 ESTIMATOR 228.580582 3.672653
19.963 26 ATTITUDE 0.796585 0.687094 0.444749
20.062 26 GPS 3 36021677 481373935 357 228624 1373 329 0 100193480 31 0
20.063 26 DESIRED 0.363723 0.449886 1.006629 5.960316 189.006104 260. 3.295897 14.
20.064 26 ATTITUDE 0.776585 0.735594 0.448553
20.165 26 NAVIGATION 4 0 -68. 143.5 0. 157.378159 11 4 4 0 0 0
20.166 26 ATTITUDE 0.746585 0.805218 0.453794
20.196 26 NAVIGATION 4 0 -68. 143.5 0. 158.796249 11 4 4 0 0 0
20.263 26 ENERGY 56 12.5 15.149555 189.369446 0.415198 5.18999
20.263 26 CIRCLE 49.5 100.099998 70.
20.263 26 AIRSPEED 13.65228 14. 14. 6.
20.263 26 DESIRED 0.540589 0.449014 1.022071 8.089794 190.0177 260. 3.199353 14.
20.263 26 ATTITUDE 0.726585 0.849628 0.456981
20.313 26 GPS 3 36021906 481374171 441 229517 1368 338 0 100193720 31 0
20.313 26 SVINFO 6 13 1 6 45 40 327
20.363 26 WP_MOVED 2 360333.5 4813695. 260. 31
20.364 26 ATTITUDE 0.696585 0.913363 0.461312
20.446 26 NAVIGATION 4 0 -65.71875 146.5 0. 160.565262 12 5 5 0 0 0
20.463 26 FBW_STATUS 2 0 1 12.5 15.324257
20.464 26 ESTIMATOR 230.126022 3.54636
20.464 26 DESIRED 0.439613 0.448141 1.041802 10.716633 191.181549 260. 3.13378 14.
20.464 26 ATTITUDE 0.676585 0.954007 0.463906
20.563 26 GPS_SOL 685 685 685 7
20.563 26 GPS 3 36022162 481374373 517 230471 1360 367 0 100193960 31 0
20.564 26 ATTITUDE 0.646585 1.0123 0.467373
20.663 26 CALIBRATION 0. 0
20.663 26 DL_VALUE 32 0.
20.664 26 DESIRED 0.439613 0.447268 1.041802 10.716633 191.181549 260. 3.13378 14.
20.664 26 ATTITUDE 0.626585 1.049436 0.469411
20.697 26 NAVIGATION 4 0 -63.15625 148. 0. 160.912125 12 5 5 0 0 0
20.763 26 ATTITUDE 0.596585 1.102623 0.472074
20.812 26 GPS 3 36022486 481374567 601 231665 1346 433 0 100194240 31 0
20.813 26 SVINFO 1 8 1 1 48 0 78
20.863 26 AIR_DATA 98579.898438 0. -1000. 1013.25 0. -1. -1.
20.863 26 WP_MOVED 3 360294.09375 4813785. 260. 31
20.864 26 DESIRED 0.334434 0.446396 1.044768 12.471245 191.908875 260. 3.032375 14.
20.864 26 ATTITUDE 0.576585 1.13645 0.473599
20.946 26 NAVIGATION 4 0 -59.875 150. 0. 161.50856 12 5 5 0 0 0
20.963 26 ESTIMATOR 231.800522 3.504338
20.963 26 ATTITUDE 0.546585 1.184802 0.47553
21.064 26 PPRZ_MODE 2 3 3 2 0 6
21.065 26 GPS 3 36022777 481374700 655 232749 1333 446 0 100194480 31 0
21.065 26 DESIRED 0.216168 0.444699 1.050351 14.869816 192.840225 260. 2.958125 14.
21.065 26 ATTITUDE 0.526585 1.215469 0.476592
21.163 26 NAVIGATION 4 0 -57. 151.5 0. 161.50856 12 5 5 0 0 0
21.164 26 ATTITUDE 0.496585 1.259167 0.477867
21.196 26 NAVIGATION 4 0 -57. 151.5 0. 161.867996 12 5 5 0 0 0
21.263 26 AIRSPEED 13.117963 14. 14. 6.
21.263 26 DESIRED 0.155903 0.424664 1.0532 16.884003 193.567627 260. 2.841457 14.
21.263 26 ATTITUDE 0.476585 1.286782 0.478513
21.313 26 CIRCLE 49.5 100.099998 70.
21.313 26 GPS 3 36023076 481374803 708 233878 1319 468 0 100194720 31 0
21.363 26 ENERGY 58 12.5 15.427956 192.849442 0.443303 5.541302
21.363 26 WP_MOVED 4 360416.3125 4813734. 260. 31
21.364 26 ATTITUDE 0.446585 1.325961 0.479091
21.446 26 NAVIGATION 4 0 -54. 152.5 0. 161.778397 13 6 6 0 0 0
21.462 26 ESTIMATOR 233.694733 3.565027
21.463 26 DESIRED 0.077723 0.409727 1.050126 18.6661 194.170563 260. 2.759423 14.
21.463 26 ATTITUDE 0.426585 1.350604 0.479217
21.547 26 COMMANDS 5550,-2282,-444,0,0
21.563 26 GPS 3 36023380 481374881 755 235039 1305 492 0 100194959 31 0
21.564 26 SVINFO 4 11 0 4 46 88 228
21.564 26 ATTITUDE 0.396585 1.38537 0.479012
21.647 26 FBW_STATUS 2 0 1 12.5 15.664795
21.662 26 DESIRED 0.077723 0.407118 1.050126 18.6661 194.170563 260. 2.759423 14.
21.662 26 ATTITUDE 0.376585 1.407094 0.478599
21.695 26 NAVIGATION 4 0 -50.9375 153.5 0. 161.730881 13 6 6 0 0 0
21.763 26 ATTITUDE 0.346585 1.437507 0.477584
21.813 26 GPS 3 36023736 481374944 806 236418 1288 502 0 100195240 31 0
21.813 26 SVINFO 5 12 1 5 45 78 278
21.863 26 COMMANDS 5571,-2169,-598,0,0
21.864 26 WP_MOVED 5 360421. 4813583.5 260. 31
21.864 26 DESIRED 0.014403 0.385186 1.047272 20.554068 194.768539 260. 2.630492 14.
21.864 26 ATTITUDE 0.326585 1.456346 0.476602
21.946 26 NAVIGATION 4 0 -47.375 154. 0. 161.122284 13 6 6 0 0 0
21.967 26 ESTIMATOR 235.817383 3.711863
21.973 26 ATTITUDE 0.296585 1.482459 0.474704
22.062 26 GPS 3 36024040 481374978 836 237608 1277 499 0 100195480 31 0
22.063 26 SVINFO 6 13 1 6 44 37 328
22.063 26 DESIRED -0.065433 0.368611 1.036094 22.364475 195.303284 260. 2.536757 14.
22.064 26 ATTITUDE 0.276585 1.498437 0.473171
22.163 26 DL_VALUE 33 0.
22.164 26 AIR_DATA 98510.460938 0. -1000. 1013.25 0. -1. -1.
22.164 26 NAVIGATION 4 0 -44.34375 154.5 0. 161.122284 13 6 6 0 0 0
22.164 26 ATTITUDE 0.246585 1.520269 0.470442
22.196 26 NAVIGATION 4 0 -44.34375 154.5 0. 160.737732 13 6 6 0 0 0
22.263 26 AIRSPEED 12.619687 14. 14. 6.
22.263 26 DESIRED -0.101444 0.34446 1.027877 24.045679 195.766479 260. 2.391925 14.
22.263 26 ATTITUDE 0.226585 1.533401 0.46837
22.313 26 GPS 3 36024344 481374997 864 238795 1267 485 0 100195720 31 0
22.313 26 SVINFO 0 7 0 0 48 25 29
22.363 26 CIRCLE 49.5 100.099998 70.
22.364 26 WP_MOVED 6 360164.8125 4813664.5 260. 31
22.364 26 ATTITUDE 0.196585 1.55097 0.464814
22.446 26 NAVIGATION 4 0 -41.3125 154.5 0. 159.928024 14 7 7 0 0 0
22.462 26 FBW_STATUS 2 0 1 12.5 15.607271
22.463 26 ENERGY 57 12.5 15.60368 195.04599 0.471829 5.897864
22.463 26 ESTIMATOR 238.143417 3.912901
22.464 26 DESIRED -0.149139 0.327157 1.013135 25.422136 196.122162 260. 2.292756 14.
22.464 26 ATTITUDE 0.176585 1.561268 0.462164
22.485 26 WIND_INFO 26 5 -2.5 10.7 0. 5.9
22.486 26 WIND_INFO_RET 5 -2.5 10.7 0. 12.548685
22.563 26 GPS_SOL 678 678 678 7
22.563 26 GPS 3 36024646 481375004 886 239971 1258 475 0 100195959 31 0
22.563 26 ATTITUDE 0.146585 1.574589 0.457788
22.663 26 DATALINK_REPORT 0 7 1850 839 0 0
22.664 26 DESIRED -0.149139 0.324842 1.013135 25.422136 196.122162 260. 2.292756 14.
22.664 26 ATTITUDE 0.126585 1.582054 0.4546
22.696 26 NAVIGATION 4 0 -38.28125 154.5 0. 159.171936 14 7 7 0 0 0
22.763 26 ALIVE 128,247,33,237,150,226,125,96,211,120,85,14,103,22,52,69
22.763 26 CALIBRATION 0. 0
22.763 26 ATTITUDE 0.096585 1.591128 0.449456
22.811 26 GPS 3 36024996 481375001 906 241318 1249 466 0 100196240 31 0
22.812 26 SVINFO 2 9 1 2 47 17 129
22.863 26 WP_MOVED 7 360558.40625 4813804.5 260. 31
22.863 26 DESIRED -0.184792 0.299937 0.998489 26.873268 196.474426 260. 2.141679 14.
22.864 26 ATTITUDE 0.076585 1.59576 0.445749
22.946 26 NAVIGATION 4 0 -34.78125 154.5 0. 158.366608 14 7 7 0 0 0
22.962 26 ESTIMATOR 240.588043 4.122218
22.963 26 ATTITUDE 0.046585 1.600584 0.439819
23.063 26 GPS 3 36025294 481374994 914 242444 1244 449 0 100196480 31 0
23.065 26 DESIRED -0.219116 0.282013 0.981838 28.648392 196.874023 260. 2.036314 14.
23.065 26 ATTITUDE 0.026585 1.602379 0.435644
23.162 26 NAVIGATION 4 0 -31.78125 154.5 0. 158.366608 14 7 7 0 0 0
23.163 26 ATTITUDE -0.003415 1.602941 0.429032
23.197 26 NAVIGATION 4 0 -31.78125 154.5 0. 157.734894 14 7 7 0 0 0
23.263 26 AIRSPEED 12.399523 14. 14. 6.
23.263 26 DESIRED -0.233059 0.257245 0.967925 30.261009 197.207474 260. 1.879059 14.
23.263 26 ATTITUDE -0.023415 1.601892 0.424431
23.312 26 GPS 3 36025592 481374984 918 243538 1241 427 0 100196720 31 0
23.363 26 WP_MOVED 8 360461.40625 4813640. 215. 31
23.363 26 ATTITUDE -0.053415 1.598179 0.41718
23.414 26 CIRCLE 49.5 100.099998 70.
23.446 26 NAVIGATION 4 0 -28.84375 154.5 0. 157.169373 15 8 8 0 0 0
23.463 26 AIR_DATA 98441.226562 0. -1000. 1013.25 0. -1. -1.
23.464 26 ESTIMATOR 243.077591 4.304084
23.464 26 DESIRED -0.244341 0.24142 0.954755 31.927307 197.522797 260. 1.775161 14.
23.465 26 ATTITUDE -0.073415 1.594273 0.41214
23.564 26 ENERGY 55 12.5 14.646852 183.085663 0.499577 6.244719
23.564 26 GPS 3 36025889 481374976 915 244594 1239 420 0 100196959 31 0
23.565 26 ATTITUDE -0.103415 1.586262 0.4043
23.647 26 FBW_STATUS 2 0 1 12.5 14.699707
23.663 26 DL_VALUE 34 0.
23.664 26 DESIRED -0.244341 0.241314 0.954755 31.927307 197.522797 260. 1.775161 14.
23.664 26 ATTITUDE -0.123415 1.579481 0.398891
23.696 26 NAVIGATION 4 0 -25.875 154.5 0. 156.651733 15 8 8 0 0 0
23.763 26 ATTITUDE -0.153415 1.567145 0.390553
23.812 26 GPS 3 36026236 481374972 904 245773 1238 401 0 100197240 31 0
23.863 26 WP_MOVED 9 360312.8125 4813652. 185. 31
23.863 26 DESIRED -0.247176 0.218381 0.942045 33.704838 197.826721 260. 1.622373 14.
23.863 26 ATTITUDE -0.173415 1.557469 0.384813
23.946 26 NAVIGATION 4 0 -22.375 154.5 0. 156.111786 15 8 8 0 0 0
23.963 26 ESTIMATOR 245.511032 4.423172
23.964 26 ATTITUDE -0.203121 1.540778 0.375985
24.064 26 GPS 3 36026534 481374977 890 246731 1239 378 0 100197480 31 0
24.064 26 DESIRED -0.239105 0.203111 0.928042 35.929573 198.1604 260. 1.519893 14.
24.064 26 ATTITUDE -0.222094 1.528239 0.369983
24.163 26 NAVIGATION 4 0 -19.375 154.5 0. 156.111786 15 8 8 0 0 0
24.163 26 ATTITUDE -0.248207 1.50746 0.36079
24.197 26 NAVIGATION 4 0 -19.375 154.5 0. 155.710114 15 8 8 0 0 0
24.263 26 AIRSPEED 12.44671 14. 14. 6.
24.264 26 DESIRED -0.227369 0.181044 0.917085 37.955296 198.419464 260. 1.372023 14.
24.264 26 ATTITUDE -0.263606 1.492424 0.354575
24.311 26 GPS 3 36026831 481374993 869 247638 1242 352 0 100197720 31 0
24.362 26 WP_MOVED 10 360452.8125 4813581. 260. 31
24.363 26 ATTITUDE -0.282821 1.468373 0.345069
24.447 26 NAVIGATION 4 0 -16.4375 154.5 0. 155.371948 16 9 9 0 0 0
24.466 26 FBW_STATUS 2 0 1 12.5 13.715811
24.467 26 CIRCLE 49.5 100.099998 70.
24.467 26 ESTIMATOR 247.819977 4.461671
24.468 26 DESIRED -0.20456 0.166822 0.907477 40.052086 198.643066 260. 1.277684 14.
24.468 26 ATTITUDE -0.292768 1.451536 0.338633
24.564 26 GPS_SOL 670 670 670 7
24.564 26 GPS 3 36027129 481375022 843 248491 1246 343 0 100197959 31 0
24.564 26 ATTITUDE -0.302929 1.425449 0.328854
24.663 26 ENERGY 51 12.5 13.436968 167.962097 0.525314 6.566429
24.664 26 DESIRED -0.20456 0.166608 0.907477 40.052086 198.643066 260. 1.277684 14.
24.664 26 ATTITUDE -0.306193 1.407752 0.322255
24.696 26 NAVIGATION 4 0 -13.46875 154.5 0. 155.085968 16 9 9 0 0 0
24.766 26 AIR_DATA 98383.445312 0. -1000. 1013.25 0. -1. -1.
24.766 26 ATTITUDE -0.306005 1.38117 0.312277
24.813 26 GPS 3 36027475 481375076 806 249418 1252 313 0 100198240 31 0
24.813 26 SVINFO 3 10 1 3 46 63 180
24.863 26 CALIBRATION 0. 0
24.863 26 WP_MOVED 11 360169.5 4813757.5 260. 31
24.863 26 DESIRED -0.174745 0.146064 0.899084 42.291847 198.832169 260. 1.143678 14.
24.863 26 ATTITUDE -0.302166 1.363679 0.305544
24.945 26 NAVIGATION 4 0 -10. 155. 0. 155.32225 16 9 9 0 0 0
24.962 26 ESTIMATOR 249.922379 4.403581
24.962 26 ATTITUDE -0.291424 1.338211 0.295368
25.062 26 GPS 3 36027770 481375139 778 250158 1258 320 0 100198480 31 0
25.063 26 SVINFO 4 11 1 4 45 89 230
25.064 26 DESIRED -0.118657 0.132438 0.900498 45.522663 199.015015 260. 1.057142 14.
25.064 26 ATTITUDE -0.281137 1.32196 0.288557
25.163 26 DL_VALUE 35 140.
25.164 26 NAVIGATION 4 0 -7.0625 156. 0. 155.32225 16 9 9 0 0 0
25.164 26 ATTITUDE -0.260145 1.299094 0.278285
25.196 26 NAVIGATION 4 0 -7.0625 156. 0. 156.15979 16 9 9 0 0 0
25.263 26 AIRSPEED 12.692359 14. 14. 6.
25.263 26 DESIRED -0.075017 0.113453 0.914739 48.916847 199.093231 260. 0.93639 14.
25.264 26 ATTITUDE -0.24323 1.285062 0.271435
25.313 26 GPS 3 36028064 481375217 750 250852 1264 297 0 100198720 31 0
25.313 26 SVINFO 5 12 1 5 44 74 280
25.363 26 WP_MOVED 0 360326. 4813637. 260. 31
25.364 26 ATTITUDE -0.213826 1.266135 0.261109
25.446 26 NAVIGATION 4 0 -4.125 157. 0. 157.054184 17 10 10 0 0 0
25.463 26 ESTIMATOR 251.784317 4.253765
25.463 26 DESIRED -0.025407 0.101164 0.931453 52.43206 199.051514 260. 0.861825 14.
25.463 26 ATTITUDE -0.193826 1.254982 0.25421
25.512 26 CIRCLE 49.5 100.099998 70.
25.569 26 NAVIGATION_REF 360284 4813595 31 185.
25.570 26 GPS 3 36028355 481375308 727 251505 1271 283 0 100198959 31 0
25.570 26 SVINFO 6 13 0 6 43 31 330
25.571 26 ATTITUDE -0.163826 1.240425 0.243859
25.646 26 FBW_STATUS 2 0 1 12.5 12.090786
25.663 26 DESIRED -0.025407 0.1001 0.931453 52.43206 199.051514 260. 0.861825 14.
25.663 26 ATTITUDE -0.143826 1.232152 0.23696
25.696 26 NAVIGATION 4 0 -1.1875 157.5 0. 157.504471 17 10 10 0 0 0
25.762 26 ENERGY 46 12.5 11.785213 147.31517 0.54839 6.854887
25.762 26 ATTITUDE -0.113826 1.221869 0.226649
25.812 26 GPS 3 36028694 481375425 706 252219 1280 279 0 100199240 31 0
25.863 26 WP_MOVED 1 360284. 4813595. 260. 31
25.863 26 DESIRED 0.007778 0.083629 0.941098 55.636005 198.904602 260. 0.758926 14.
25.863 26 ATTITUDE -0.093826 1.216418 0.219778
25.947 26 NAVIGATION 4 0 2.21875 158.5 0. 158.515518 17 10 10 0 0 0
25.962 26 PPRZ_MODE 2 3 3 2 0 6
25.963 26 ESTIMATOR 253.383072 4.023778
25.963 26 ATTITUDE -0.063826 1.210328 0.209515
26.063 26 AIR_DATA 98333.335938 0. -1000. 1013.25 0. -1. -1.
26.064 26 GPS 3 36028983 481375533 696 252788 1286 243 0 100199480 31 0
26.064 26 SVINFO 1 8 1 1 47 0 81
26.064 26 DESIRED 0.054754 0.072936 0.963525 59.858116 198.551559 260. 0.694116 14.
26.065 26 ATTITUDE -0.043826 1.207652 0.202722
26.166 26 NAVIGATION 4 0 5.09375 159.5 0. 158.515518 17 10 10 0 0 0
26.167 26 ATTITUDE -0.013826 1.205698 0.192597
26.197 26 NAVIGATION 4 0 5.09375 159.5 0. 159.581314 17 10 10 0 0 0
26.263 26 AIRSPEED 12.960876 14. 14. 6.
26.263 26 DESIRED 0.081848 0.058869 0.988259 63.651947 198.078171 260. 0.605738 14.
26.263 26 ATTITUDE 0.006174 1.205762 0.185919
26.312 26 GPS 3 36029273 481375643 691 253315 1293 240 0 100199720 31 0
26.312 26 SVINFO 2 9 0 2 46 22 131
26.362 26 WP_MOVED 2 360333.5 4813695. 260. 31
26.362 26 ATTITUDE 0.036127 1.207896 0.175976
26.446 26 NAVIGATION 4 0 7.96875 161. 0. 161.197083 18 11 11 0 0 0
26.462 26 FBW_STATUS 2 0 1 12.5 11.173796
26.463 26 ESTIMATOR 254.733948 3.736278
26.463 26 DESIRED 0.118274 0.051875 1.02528 67.893044 197.371246 260. 0.552409 14.
26.463 26 ATTITUDE 0.055843 1.210662 0.169417
26.546 26 COMMANDS 4234,336,-809,0,0
26.564 26 GPS_SOL 661 661 661 7
26.564 26 CIRCLE 49.5 100.099998 70.
26.564 26 GPS 3 36029565 481375754 691 253799 1300 221 0 100199959 31 0
26.565 26 SVINFO 3 10 1 3 45 66 181
26.565 26 ATTITUDE 0.084708 1.216771 0.159706
26.663 26 DL_VALUE 36 0.
26.664 26 DESIRED 0.118274 0.052808 1.02528 67.893044 197.371246 260. 0.552409 14.
26.664 26 ATTITUDE 0.103462 1.22212 0.153323
26.697 26 NAVIGATION 4 0 10.875 162. 0. 162.364609 18 11 11 0 0 0
26.763 26 ATTITUDE 0.129989 1.231958 0.143917
26.813 26 GPS 3 36029909 481375880 700 254303 1310 222 0 100200240 31 0
26.863 26 COMMANDS 4133,-48,-698,0,0
26.863 26 ENERGY 42 12.5 10.667549 133.34436 0.56905 7.113138
26.863 26 WP_MOVED 3 360294.09375 4813785. 260. 31
26.863 26 DESIRED 0.136286 0.042981 1.055217 71.830025 196.54361 260. 0.480681 14.
26.863 26 ATTITUDE 0.146442 1.239648 0.137747
26.946 26 NAVIGATION 4 0 14.34375 163. 0. 163.629898 18 11 11 0 0 0
26.963 26 AUTOPILOT_VERSION 51500 v5.15_devel-179-g9a29798-dirty
26.963 26 CALIBRATION 0. 0
26.964 26 ESTIMATOR 255.834564 3.403588
26.964 26 ATTITUDE 0.168625 1.252715 0.128673
27.063 26 GPS 3 36030208 481375982 711 254684 1317 207 0 100200480 31 0
27.064 26 DESIRED 0.152396 0.037313 1.090522 76.45134 195.355576 260. 0.436954 14.
27.065 26 ATTITUDE 0.181436 1.262321 0.122762
27.163 26 NAVIGATION 4 0 17.34375 164. 0. 163.629898 18 11 11 0 0 0
27.164 26 ATTITUDE 0.197825 1.277865 0.114097
27.196 26 NAVIGATION 4 0 17.34375 164. 0. 164.914536 18 11 11 0 0 0
27.263 26 AIRSPEED 13.328656 14. 14. 6.
27.264 26 DESIRED 0.165279 0.029534 1.126493 80.562683 194.095261 260. 0.379686 14.
27.265 26 ATTITUDE 0.206607 1.288847 0.108476
27.312 26 GPS 3 36030512 481376076 727 255016 1327 185 0 100200720 31 0
27.363 26 AIR_DATA 98307.367188 0. -1000. 1013.25 0. -1. -1.
27.364 26 WP_MOVED 4 360416.3125 4813734. 260. 31
27.364 26 ATTITUDE 0.216845 1.306026 0.100257
27.446 26 NAVIGATION 4 0 20.375 165. 0. 166.253235 19 12 12 0 0 0
27.464 26 ESTIMATOR 256.692688 3.037959
27.465 26 DESIRED 0.173866 0.025298 1.16519 84.703888 192.623978 260. 0.346937 14.
27.466 26 ATTITUDE 0.22169 1.317822 0.09493
27.564 26 GPS 3 36030822 481376161 746 255302 1336 163 0 100200959 31 0
27.565 26 SVINFO 0 7 0 0 47 17 32
27.565 26 ATTITUDE 0.226155 1.335817 0.087179
27.612 26 CIRCLE 49.5 100.099998 70.
27.647 26 FBW_STATUS 2 0 1 12.5 9.865551
27.663 26 DESIRED 0.173866 0.025882 1.16519 84.703888 192.623978 260. 0.346937 14.
27.664 26 ATTITUDE 0.227464 1.347904 0.082174
27.696 26 NAVIGATION 4 0 23.5 166. 0. 167.655151 19 12 12 0 0 0
27.763 26 DATALINK_REPORT 5 7 2040 840 0 0
27.764 26 ATTITUDE 0.227148 1.365997 0.074924
27.813 26 GPS 3 36031189 481376247 772 255582 1349 113 0 100201240 31 0
27.863 26 ALIVE 128,247,33,237,150,226,125,96,211,120,85,14,103,22,52,69
27.863 26 WP_MOVED 5 360421. 4813583.5 260. 31
27.864 26 DESIRED 0.183565 0.020186 1.207059 88.924911 190.905701 260. 0.305679 14.
27.864 26 ATTITUDE 0.225781 1.377954 0.070254
27.946 26 NAVIGATION 4 0 27.125 167. 0. 169.188553 19 12 12 0 0 0
27.963 26 ENERGY 39 12.5 9.581753 119.771912 0.587564 7.344564
27.963 26 ESTIMATOR 257.306976 2.646606
27.963 26 ATTITUDE 0.222306 1.395627 0.063507
28.063 26 GPS 3 36031509 481376308 791 255781 1357 80 0 100201480 31 0
28.064 26 DESIRED 0.189131 0.017157 1.255788 93.682556 188.688385 260. 0.282498 14.
28.064 26 ATTITUDE 0.219245 1.407182 0.05919
28.163 26 DL_VALUE 37 14.
28.166 26 NAVIGATION 4 0 30.34375 167.5 0. 169.188553 19 12 12 0 0 0
28.166 26 ATTITUDE 0.214047 1.424126 0.05298
28.196 26 NAVIGATION 4 0 30.34375 167.5 0. 170.226303 19 12 12 0 0 0
28.263 26 AIRSPEED 13.728986 14. 14. 6.
28.263 26 DESIRED 0.197008 0.013464 1.294873 97.695961 186.570511 260. 0.255047 14.
28.263 26 ATTITUDE 0.210349 1.435147 0.049026
28.313 26 GPS 3 36031833 481376359 811 255946 1367 69 0 100201720 31 0
28.362 26 WP_MOVED 6 360164.8125 4813664.5 260. 31
28.363 26 ATTITUDE 0.205031 1.451273 0.04336
28.446 26 NAVIGATION 4 0 33.5625 168. 0. 171.319702 20 13 13 0 0 0
28.462 26 FBW_STATUS 2 0 1 12.5 9.12252
28.463 26 ESTIMATOR 257.699829 2.244287
28.463 26 DESIRED 0.205847 0.011828 1.336612 101.652222 184.243591 260. 0.241288 14.
28.463 26 ATTITUDE 0.201821 1.461775 0.039764
28.563 26 GPS_SOL 651 651 651 7
28.564 26 GPS 3 36032161 481376399 829 256081 1376 65 0 100201959 31 0
28.564 26 SVINFO 4 11 1 4 44 89 232
28.564 26 ATTITUDE 0.197833 1.477206 0.034645
28.663 26 AIR_DATA 98294.945312 0. -1000. 1013.25 0. -1. -1.
28.663 26 CIRCLE 49.5 100.099998 70.
28.663 26 DESIRED 0.205847 0.012311 1.336612 101.652222 184.243591 260. 0.241288 14.
28.663 26 ATTITUDE 0.195968 1.487328 0.031414
28.697 26 NAVIGATION 4 0 36.84375 168.5 0. 172.481049 20 13 13 0 0 0
28.763 26 ATTITUDE 0.194457 1.502349 0.026845
28.812 26 GPS 3 36032548 481376434 852 256206 1386 61 0 100202240 31 0
28.812 26 SVINFO 5 12 1 5 43 69 282
28.863 26 WP_MOVED 7 360558.40625 4813804.5 260. 31
28.864 26 DESIRED 0.219291 0.010698 1.381562 105.595505 181.667725 260. 0.226792 14.
28.864 26 ATTITUDE 0.194614 1.512324 0.02398
28.946 26 NAVIGATION 4 0 40.71875 169. 0. 173.836182 20 13 13 0 0 0
28.962 26 ESTIMATOR 257.897644 1.84512
28.962 26 ATTITUDE 0.196504 1.527349 0.019955
29.063 26 CALIBRATION 0. 0
29.064 26 ENERGY 36 12.5 8.690138 108.626724 0.60421 7.552631
29.064 26 GPS 3 36032882 481376452 867 256289 1394 51 0 100202480 31 0
29.064 26 SVINFO 6 13 1 6 42 25 332
29.065 26 DESIRED 0.23688 0.01042 1.436278 110.088455 178.388168 260. 0.220537 14.
29.065 26 ATTITUDE 0.198849 1.537471 0.017455
29.162 26 NAVIGATION 4 0 44.0625 169. 0. 173.836182 20 13 13 0 0 0
29.163 26 ATTITUDE 0.204402 1.552951 0.013976
29.196 26 NAVIGATION 4 0 44.0625 169. 0. 174.649658 20 13 13 0 0 0
29.268 26 AIRSPEED 14.053185 14. 14. 6.
29.269 26 DESIRED 0.251404 0.010525 1.479388 113.775848 175.390198 260. 0.216151 14.
29.269 26 ATTITUDE 0.209193 1.563539 0.011837
29.312 26 GPS 3 36033218 481376461 885 256351 1401 53 0 100202720 31 0
29.362 26 WP_MOVED 8 360461.40625 4813640. 215. 31
29.363 26 ATTITUDE 0.218146 1.579942 0.008896
29.445 26 NAVIGATION 4 0 47.40625 169. 0. 175.523087 20 14 14 0 0 0
29.465 26 ESTIMATOR 257.941071 1.466015
29.465 26 DESIRED 0.266424 0.011521 1.525159 117.341507 172.193893 260. 0.215982 14.
29.466 26 ATTITUDE 0.228682 1.597094 0.006271
29.564 26 GPS 3 36033556 481376459 903 256395 1407 52 0 100202959 31 0
29.565 26 SVINFO 1 8 1 1 46 0 83
29.565 26 ATTITUDE 0.236446 1.608999 0.004696
29.646 26 FBW_STATUS 2 0 1 12.5 8.372108
29.662 26 DL_VALUE 38 0.386525
29.663 26 DESIRED 0.266424 0.01227 1.525159 117.341507 172.193893 260. 0.215982 14.
29.663 26 ATTITUDE 0.244708 1.621313 0.003257
29.697 26 NAVIGATION 4 0 50.8125 169. 0. 176.473541 21 14 14 0 0 0
29.713 26 CIRCLE 49.5 100.099998 70.
29.763 26 ATTITUDE 0.25759 1.64059 0.00135
29.812 26 GPS 3 36033952 481376441 929 256425 1415 29 0 100203240 31 0
29.812 26 SVINFO 2 9 1 2 45 28 133
29.863 26 WP_MOVED 9 360312.8125 4813652. 185. 31
29.864 26 DESIRED 0.283421 0.013787 1.574309 120.820518 168.754089 260. 0.219753 14.
29.864 26 ATTITUDE 0.266548 1.654001 0.000243
29.946 26 NAVIGATION 4 0 54.78125 169. 0. 177.656921 21 14 14 0 0 0
29.962 26 AIR_DATA 98290.945312 0. -1000. 1013.25 0. -1. -1.
29.963 26 ESTIMATOR 257.861023 1.115359
29.963 26 ATTITUDE 0.280003 1.674975 -0.001175
30.063 26 GPS 3 36034291 481376412 949 256436 1420 20 0 100203480 31 0
30.063 26 SVINFO 3 10 1 3 44 71 183
30.064 26 DESIRED 0.299531 0.015431 1.634472 124.645142 164.54538 260. 0.224379 14.
30.064 26 ATTITUDE 0.28871 1.689518 -0.001965
30.162 26 ENERGY 34 12.5 8.17169 102.146126 0.619614 7.745186
30.162 26 NAVIGATION 4 0 58.15625 168.5 0. 177.656921 21 14 14 0 0 0
30.162 26 ATTITUDE 0.301513 1.712159 -0.00292
30.196 26 NAVIGATION 4 0 58.15625 168.5 0. 178.253754 21 14 14 0 0 0
30.263 26 AIRSPEED 14.285142 14. 14. 6.
30.264 26 DESIRED 0.308151 0.017785 1.681618 127.734734 160.757446 260. 0.233973 14.
30.264 26 ATTITUDE 0.309518 1.727779 -0.003411
30.313 26 GPS 3 36034631 481376367 974 256434 1425 12 0 100203720 31 0
30.313 26 SVINFO 4 11 1 4 43 89 233
30.363 26 WP_MOVED 10 360452.8125 4813581. 260. 31
30.363 26 ATTITUDE 0.320638 1.751939 -0.003929
30.446 26 NAVIGATION 4 0 61.5625 168. 0. 178.924408 22 15 15 0 0 0
30.463 26 FBW_STATUS 2 0 1 12.5 8.065857
30.463 26 ESTIMATOR 257.694244 0.803094
30.464 26 DESIRED 0.315 0.019821 1.731802 130.664749 156.777008 260. 0.241874 14.
30.464 26 ATTITUDE 0.327246 1.768487 -0.004136
30.562 26 GPS_SOL 640 640 640 7
30.563 26 GPS 3 36034968 481376307 1001 256424 1430 7 0 100203959 31 0
30.563 26 SVINFO 5 12 1 5 42 66 283
30.564 26 ATTITUDE 0.335773 1.79388 -0.004248
30.666 26 DESIRED 0.315 0.020573 1.731802 130.664749 156.777008 260. 0.241874 14.
30.666 26 ATTITUDE 0.340505 1.81113 -0.004195
30.697 26 NAVIGATION 4 0 64.9375 167.5 0. 179.647232 22 15 15 0 0 0
30.762 26 CIRCLE 49.5 100.099998 70.
30.762 26 ATTITUDE 0.34603 1.837382 -0.003938
30.812 26 GPS 3 36035359 481376214 1037 256404 1435 1 0 100204240 31 0
30.813 26 SVINFO 6 13 1 6 41 22 333
30.862 26 PPRZ_MODE 2 3 3 2 0 6
30.863 26 WP_MOVED 11 360169.5 4813757.5 260. 31
30.863 26 DESIRED 0.319773 0.023243 1.783746 133.36142 152.704788 260. 0.255415 14.
30.863 26 ATTITUDE 0.348718 1.855071 -0.003649
30.945 26 NAVIGATION 4 0 68.84375 166.5 0. 180.171341 22 15 15 0 0 0
30.962 26 ESTIMATOR 257.470703 0.533893
30.963 26 ATTITUDE 0.351252 1.881779 -0.003053
31.063 26 GPS 3 36035690 481376116 1065 256385 1438 3 0 100204480 31 0
31.063 26 SVINFO 0 7 0 0 46 12 34
31.063 26 DESIRED 0.31556 0.025243 1.842276 136.284851 147.727615 260. 0.265323 14.
31.064 26 ATTITUDE 0.35192 1.899639 -0.002557
31.163 26 CALIBRATION 0. 0
31.163 26 DL_VALUE 39 -0.024612
31.164 26 NAVIGATION 4 0 72.125 166. 0. 180.171341 22 15 15 0 0 0
31.164 26 ATTITUDE 0.351316 1.926398 -0.001672
31.197 26 NAVIGATION 4 0 72.125 166. 0. 180.99176 22 15 15 0 0 0
31.263 26 AIR_DATA 98291.40625 0. -1000. 1013.25 0. -1. -1.
31.267 26 ENERGY 33 12.5 7.921215 99.01519 0.634308 7.928855
31.267 26 AIRSPEED 14.420487 14. 14. 6.
31.271 26 DESIRED 0.325073 0.027953 1.896878 138.437057 143.576431 260. 0.280853 14.
31.271 26 ATTITUDE 0.34995 1.944155 -0.000998
31.313 26 GPS 3 36036016 481376000 1096 256367 1440 24 0 100204720 31 0
31.363 26 WP_MOVED 0 360326. 4813637. 260. 31
31.363 26 ATTITUDE 0.347113 1.970597 0.000136
31.446 26 NAVIGATION 4 0 75.40625 164.5 0. 180.959534 23 16 16 0 0 0
31.462 26 ESTIMATOR 257.222626 0.312337
31.463 26 DESIRED 0.317736 0.029811 1.944907 140.566833 138.917938 260. 0.291347 14.
31.463 26 ATTITUDE 0.344894 1.988074 0.000966
31.546 26 COMMANDS 3237,-114,180,0,0
31.564 26 GPS 3 36036335 481375867 1126 256356 1442 10 0 100204959 31 0
31.565 26 ATTITUDE 0.341114 2.014037 0.002307
31.646 26 FBW_STATUS 2 0 1 12.5 7.864126
31.666 26 DESIRED 0.317736 0.030011 1.944907 140.566833 138.917938 260. 0.291347 14.
31.666 26 ATTITUDE 0.338283 2.031157 0.00326
31.696 26 NAVIGATION 4 0 78.625 163. 0. 180.972076 23 16 16 0 0 0
31.767 26 ATTITUDE 0.333804 2.056538 0.004762
31.814 26 CIRCLE 49.5 100.099998 70.
31.814 26 GPS 3 36036699 481375690 1163 256353 1443 8 0 100205240 31 0
31.863 26 COMMANDS 3234,-37,171,0,0
31.863 26 WP_MOVED 1 360284. 4813595. 260. 31
31.863 26 DESIRED 0.316306 0.032442 1.994664 142.433411 134.208405 260. 0.306671 14.
31.863 26 ATTITUDE 0.330759 2.073255 0.005811
31.946 26 NAVIGATION 4 0 82.25 161.5 0. 181.238281 23 16 16 0 0 0
31.963 26 ESTIMATOR 256.984375 0.14292
31.964 26 ATTITUDE 0.326317 2.098032 0.007441
32.063 26 GPS 3 36037002 481375522 1190 256363 1443 -1 0 100205480 31 0
32.064 26 DESIRED 0.31218 0.033976 2.054914 144.207092 128.919525 260. 0.316339 14.
32.064 26 ATTITUDE 0.323535 2.114364 0.008557
32.164 26 NAVIGATION 4 0 85.25 159.5 0. 181.238281 23 16 16 0 0 0
32.164 26 ATTITUDE 0.319615 2.1386 0.010267
32.197 26 NAVIGATION 4 0 85.25 159.5 0. 180.853012 23 16 16 0 0 0
32.263 26 AIRSPEED 14.422537 14. 14. 6.
32.264 26 DESIRED 0.315752 0.035991 2.102982 145.571793 123.979111 260. 0.329455 14.
32.264 26 ATTITUDE 0.317268 2.154601 0.011422
32.313 26 GPS 3 36037296 481375340 1218 256386 1442 19 0 100205720 31 0
32.364 26 ENERGY 33 12.5 7.909189 98.864868 0.648765 8.109577
32.364 26 WP_MOVED 2 360333.5 4813695. 260. 31
32.364 26 ATTITUDE 0.314424 2.178409 0.013176
32.446 26 NAVIGATION 4 0 88.21875 158. 0. 180.960068 24 17 17 0 0 0
32.463 26 FBW_STATUS 2 0 1 12.5 7.909189
32.463 26 ESTIMATOR 256.787537 0.027965
32.463 26 DESIRED 0.319148 0.037168 2.155262 146.599976 119.376785 260. 0.336987 14.
32.464 26 ATTITUDE 0.313051 2.194186 0.014352
32.486 26 WIND_INFO 26 5 0. 1.4 0. 12.6
32.487 26 WIND_INFO_RET 5 0. 1.4 0. 14.409496
32.563 26 GPS_SOL 629 629 629 7
32.563 26 AIR_DATA 98290.984375 0. -1000. 1013.25 0. -1. -1.
32.564 26 GPS 3 36037581 481375143 1245 256421 1441 18 0 100205959 31 0
32.564 26 ATTITUDE 0.311867 2.217767 0.016117
32.663 26 DL_VALUE 40 -0.
32.663 26 DESIRED 0.319148 0.037225 2.155262 146.599976 119.376785 260. 0.336987 14.
32.664 26 ATTITUDE 0.311721 2.233474 0.017289
32.696 26 NAVIGATION 4 0 91.0625 156. 0. 180.63327 24 17 17 0 0 0
32.763 26 ATTITUDE 0.312376 2.257076 0.019033
32.813 26 GPS 3 36037901 481374898 1279 256477 1439 12 0 100206240 31 0
32.863 26 DATALINK_REPORT 0 8 2230 833 0 0
32.863 26 CIRCLE 49.5 100.099998 70.
32.863 26 WP_MOVED 3 360294.09375 4813785. 260. 31
32.863 26 DESIRED 0.319762 0.03868 2.20525 147.440857 114.507874 260. 0.346166 14.
32.863 26 ATTITUDE 0.313344 2.272873 0.020183
32.946 26 NAVIGATION 4 0 94.25 153.5 0. 180.125824 24 17 17 0 0 0
32.963 26 ALIVE 128,247,33,237,150,226,125,96,211,120,85,14,103,22,52,69
32.963 26 ESTIMATOR 256.658142 -0.033121
32.963 26 ATTITUDE 0.315446 2.296714 0.021882
33.063 26 GPS 3 36038163 481374674 1304 256537 1437 25 0 100206480 31 0
33.063 26 SVINFO 1 8 0 1 45 2 85
33.063 26 DESIRED 0.317198 0.039431 2.263599 148.112732 108.790771 260. 0.350561 14.
33.063 26 ATTITUDE 0.31716 2.312726 0.022991
33.163 26 NAVIGATION 4 0 96.875 151.5 0. 180.125824 24 17 17 0 0 0
33.163 26 ATTITUDE 0.319924 2.336945 0.024617
33.196 26 NAVIGATION 4 0 96.875 151.5 0. 179.824951 24 17 17 0 0 0
33.264 26 CALIBRATION 0. 0
33.266 26 AIRSPEED 14.33552 14. 14. 6.
33.266 26 DESIRED 0.324674 0.040145 2.314074 148.412857 104.130615 260. 0.354726 14.
33.266 26 ATTITUDE 0.3218 2.353227 0.025669
33.314 26 GPS 3 36038414 481374438 1332 256605 1434 3 0 100206720 31 0
33.314 26 SVINFO 2 9 0 2 44 34 135
33.363 26 WP_MOVED 4 360416.3125 4813734. 260. 31
33.363 26 ATTITUDE 0.324855 2.377867 0.0272
33.446 26 NAVIGATION 4 0 99.40625 149. 0. 179.116165 25 18 18 0 0 0
33.463 26 ENERGY 34 12.5 8.04171 100.521378 0.663388 8.29237
33.464 26 ESTIMATOR 256.608002 -0.04702
33.464 26 DESIRED 0.324298 0.040397 2.364524 148.489807 99.091881 260. 0.355821 14.
33.465 26 ATTITUDE 0.327001 2.394447 0.028184
33.563 26 GPS 3 36038653 481374191 1360 256682 1432 0 0 100206959 31 0
33.564 26 SVINFO 3 10 0 3 43 76 185
33.564 26 ATTITUDE 0.330212 2.419553 0.029604
33.646 26 FBW_STATUS 2 0 1 12.5 8.065857
33.663 26 DESIRED 0.324298 0.040476 2.364524 148.489807 99.091881 260. 0.355821 14.
33.664 26 ATTITUDE 0.332244 2.436442 0.030509
33.696 26 NAVIGATION 4 0 101.78125 146.5 0. 178.386307 25 18 18 0 0 0
33.763 26 ATTITUDE 0.334998 2.461985 0.031802
33.812 26 GPS 3 36038915 481373888 1395 256779 1429 19 0 100207240 31 0
33.812 26 SVINFO 4 11 1 4 42 89 235
33.862 26 AIR_DATA 98286.820312 0. -1000. 1013.25 0. -1. -1.
33.862 26 WP_MOVED 5 360421. 4813583.5 260. 31
33.862 26 DESIRED 0.323206 0.040416 2.414322 148.319611 94.210503 260. 0.355049 14.
33.862 26 ATTITUDE 0.336546 2.479137 0.032618
33.913 26 CIRCLE 49.5 100.099998 70.
33.947 26 NAVIGATION 4 0 104.40625 143.5 0. 177.462433 25 18 18 0 0 0
33.963 26 ESTIMATOR 256.637604 -0.023636
33.963 26 ATTITUDE 0.338371 2.505015 0.033773
34.063 26 GPS 3 36039124 481373617 1422 256868 1427 20 0 100207480 31 0
34.063 26 SVINFO 5 12 1 5 41 60 285
34.064 26 DESIRED 0.317213 0.04009 2.472531 147.823746 88.591705 260. 0.352715 14.
34.064 26 ATTITUDE 0.339185 2.522343 0.034494
34.163 26 DL_VALUE 41 0.1
34.163 26 NAVIGATION 4 0 106.5 141. 0. 177.462433 25 18 18 0 0 0
34.164 26 ATTITUDE 0.339554 2.548393 0.0355
34.196 26 NAVIGATION 4 0 106.5 141. 0. 176.701019 25 18 18 0 0 0
34.264 26 AIRSPEED 14.240488 14. 14. 6.
34.265 26 DESIRED 0.319349 0.039222 2.521412 147.182846 84.035713 260. 0.347094 14.
34.266 26 ATTITUDE 0.33927 2.565763 0.03612
34.312 26 GPS 3 36039319 481373336 1452 256962 1425 15 0 100207720 31 0
34.313 26 SVINFO 6 13 1 6 40 17 335
34.363 26 WP_MOVED 6 360164.8125 4813664.5 260. 31
34.363 26 ATTITUDE 0.338244 2.591773 0.03697
34.446 26 NAVIGATION 4 0 108.4375 138. 0. 175.506958 26 19 19 0 0 0
34.463 26 FBW_STATUS 2 0 1 12.5 8.117224
34.463 26 ESTIMATOR 256.739502 0.025631
34.464 26 DESIRED 0.315318 0.038392 2.57114 146.238449 79.084015 260. 0.342026 14.
34.464 26 ATTITUDE 0.33724 2.609063 0.037482
34.563 26 NAVIGATION_REF 360284 4813595 31 185.
34.563 26 GPS_SOL 616 616 616 7
34.564 26 ENERGY 34 12.5 8.114201 101.427505 0.678217 8.477741
34.564 26 GPS 3 36039499 481373046 1482 257060 1423 3 0 100207959 31 0
34.564 26 SVINFO 0 7 0 0 45 8 36
34.565 26 ATTITUDE 0.335282 2.634888 0.038171
34.663 26 DESIRED 0.315318 0.038292 2.57114 146.238449 79.084015 260. 0.342026 14.
34.663 26 ATTITUDE 0.333674 2.652012 0.038575
34.696 26 NAVIGATION 4 0 110.25 135. 0. 174.298767 26 19 19 0 0 0
34.764 26 ATTITUDE 0.330942 2.677532 0.039101
34.812 26 GPS 3 36039689 481372696 1519 257179 1420 17 0 100208240 31 0
34.813 26 SVINFO 1 8 1 1 44 3 86
34.863 26 WP_MOVED 7 360558.40625 4813804.5 260. 31
34.864 26 DESIRED 0.312949 0.036764 2.62102 145.066437 74.272575 260. 0.332678 14.
34.864 26 ATTITUDE 0.328943 2.694423 0.039394
34.947 26 NAVIGATION 4 0 112.125 131.5 0. 172.812805 26 19 19 0 0 0
34.963 26 CIRCLE 49.5 100.099998 70.
34.963 26 ESTIMATOR 256.901154 0.089994
34.964 26 ATTITUDE 0.325827 2.719563 0.039752
35.064 26 GPS 3 36039835 481372389 1546 257284 1418 22 0 100208480 31 0
35.065 26 SVINFO 2 9 1 2 43 37 136
35.065 26 DESIRED 0.303592 0.035484 2.677629 143.449768 68.899979 260. 0.325069 14.
35.065 26 ATTITUDE 0.323699 2.73619 0.039936
35.163 26 AIR_DATA 98280.929688 0. -1000. 1013.25 0. -1. -1.
35.163 26 NAVIGATION 4 0 113.625 128.5 0. 172.812805 26 19 19 0 0 0
35.163 26 ATTITUDE 0.320189 2.76091 0.040132
35.196 26 NAVIGATION 4 0 113.625 128.5 0. 171.531021 26 19 19 0 0 0
35.266 26 AIRSPEED 14.159371 14. 14. 6.
35.266 26 DESIRED 0.307723 0.033429 2.726565 141.850128 64.44252 260. 0.312379 14.
35.267 26 ATTITUDE 0.317758 2.777236 0.040211
35.312 26 GPS 3 36039965 481372074 1574 257393 1416 30 0 100208720 31 0
35.312 26 SVINFO 3 10 1 3 42 78 186
35.363 26 CALIBRATION 0. 0
35.363 26 WP_MOVED 8 360461.40625 4813640. 215. 31
35.364 26 ATTITUDE 0.314322 2.801499 0.040246
35.446 26 NAVIGATION 4 0 114.875 125. 0. 169.768265 27 20 20 0 0 0
35.463 26 ESTIMATOR 257.110291 0.160711
35.463 26 DESIRED 0.307278 0.031893 2.777055 139.831238 59.599781 260. 0.303131 14.
35.463 26 ATTITUDE 0.312286 2.817539 0.040217
35.562 26 GPS 3 36040080 481371755 1602 257502 1415 33 0 100208959 31 0
35.563 26 SVINFO 4 11 0 4 41 88 236
35.563 26 ATTITUDE 0.309698 2.841427 0.040096
35.647 26 FBW_STATUS 2 0 1 12.5 8.114201
35.662 26 DL_VALUE 42 0.15
35.662 26 ENERGY 34 12.5 8.114201 101.427505 0.6931 8.663774
35.662 26 DESIRED 0.307278 0.031774 2.777055 139.831238 59.599781 260. 0.303131 14.
35.662 26 ATTITUDE 0.308323 2.857259 0.039964
35.696 26 NAVIGATION 4 0 116.0625 122. 0. 168.387955 27 20 20 0 0 0
35.771 26 PPRZ_MODE 2 3 3 2 0 6
35.773 26 ATTITUDE 0.306806 2.880906 0.039695
35.812 26 GPS 3 36040194 481371376 1637 257631 1413 30 0 100209240 31 0
35.812 26 SVINFO 5 12 1 5 40 57 286
35.863 26 WP_MOVED 9 360312.8125 4813652. 185. 31
35.863 26 DESIRED 0.305259 0.029473 2.824772 137.870789 55.483803 260. 0.288357 14.
35.863 26 ATTITUDE 0.306119 2.896624 0.039464
35.946 26 NAVIGATION 4 0 117.15625 118.5 0. 166.636841 27 20 20 0 0 0
35.964 26 ESTIMATOR 257.353088 0.230681
35.965 26 ATTITUDE 0.305555 2.920164 0.03905
36.012 26 CIRCLE 49.5 100.099998 70.
36.064 26 GPS 3 36040275 481371047 1661 257740 1411 29 0 100209480 31 0
36.064 26 SVINFO 6 13 1 6 39 15 336
36.065 26 DESIRED 0.297187 0.027841 2.877676 135.416718 50.923607 260. 0.277661 14.
36.065 26 ATTITUDE 0.305359 2.943691 0.038558
36.162 26 NAVIGATION 4 0 118. 115. 0. 166.636841 27 20 20 0 0 0
36.163 26 ATTITUDE 0.305234 2.959373 0.038188
36.196 26 NAVIGATION 4 0 118. 115. 0. 164.769531 27 20 20 0 0 0
36.272 26 AIRSPEED 14.10044 14. 14. 6.
36.273 26 DESIRED 0.306809 0.025326 2.928865 132.7789 46.577824 260. 0.26119 14.
36.275 26 ATTITUDE 0.305115 2.975052 0.03779
36.315 26 GPS 3 36040340 481370715 1688 257846 1410 10 0 100209720 31 0
36.363 26 WP_MOVED 10 360452.8125 4813581. 260. 31
36.364 26 ATTITUDE 0.305351 2.998584 0.03713
36.446 26 NAVIGATION 4 0 118.65625 111.5 0. 162.823685 28 21 21 0 0 0
36.463 26 FBW_STATUS 2 0 1 12.5 8.056799
36.463 26 AIR_DATA 98274.382812 0. -1000. 1013.25 0. -1. -1.
36.463 26 ESTIMATOR 257.616089 0.294055
36.463 26 DESIRED 0.308031 0.023658 2.979497 129.953308 42.417553 260. 0.250072 14.
36.463 26 ATTITUDE 0.305821 3.014301 0.036652
36.546 26 COMMANDS 3286,67,-107,0,0
36.564 26 GPS_SOL 603 603 603 7
36.564 26 GPS 3 36040390 481370380 1715 257949 1409 -2 0 100209959 31 0
36.564 26 ATTITUDE 0.306939 3.03795 0.035884
36.663 26 DESIRED 0.308031 0.023708 2.979497 129.953308 42.417553 260. 0.250072 14.
36.663 26 ATTITUDE 0.30793 3.05378 0.035339
36.697 26 NAVIGATION 4 0 119.15625 108. 0. 160.817322 28 21 21 0 0 0
36.772 26 ENERGY 34 12.5 7.99045 99.880623 0.707887 8.848615
36.773 26 ATTITUDE 0.309702 3.077644 0.034481
36.813 26 GPS 3 36040427 481369987 1749 258062 1408 -22 0 100210240 31 0
36.862 26 COMMANDS 3274,53,-108,0,0
36.862 26 WP_MOVED 11 360169.5 4813757.5 260. 31
36.862 26 DESIRED 0.310852 0.021277 3.03013 126.942513 38.434315 260. 0.23341 14.
36.862 26 ATTITUDE 0.311077 3.093644 0.033877
36.945 26 NAVIGATION 4 0 119.53125 104.5 0. 158.770172 28 21 21 0 0 0
36.964 26 ESTIMATOR 257.882019 0.345046
36.964 26 ATTITUDE 0.313331 3.117796 0.032933
37.064 26 CIRCLE 49.5 100.099998 70.
37.064 26 GPS 3 36040442 481369650 1774 258153 1408 -17 0 100210480 31 0
37.065 26 DESIRED 0.300335 0.019699 3.081265 123.751625 34.627136 260. 0.222176 14.
37.066 26 ATTITUDE 0.314808 3.134001 0.032282
37.162 26 DL_VALUE 43 0.069
37.162 26 NAVIGATION 4 0 119.65625 101. 0. 158.770172 28 21 21 0 0 0
37.162 26 ATTITUDE 0.316465 3.158431 0.031273
37.196 26 NAVIGATION 4 0 119.65625 101. 0. 156.584213 28 21 21 0 0 0
37.278 26 AIRSPEED 14.085618 14. 14. 6.
37.278 26 DESIRED 0.309018 0.01736 3.131079 120.392166 31.003677 260. 0.205882 14.
37.278 26 ATTITUDE 0.31718 3.174774 0.030586
37.313 26 GPS 3 36040441 481369312 1802 258237 1408 -5 0 100210720 31 0
37.363 26 WP_MOVED 0 360326. 4813637. 260. 31
37.364 26 ATTITUDE 0.318042 3.199349 0.029526
37.446 26 NAVIGATION 4 0 119.65625 97.5 0. 154.349823 29 22 22 0 0 0
37.463 26 CALIBRATION 0. 0
37.463 26 ESTIMATOR 258.136353 0.379873
37.463 26 DESIRED 0.310346 0.015898 3.181556 116.85955 27.555588 260. 0.195497 14.
37.464 26 ATTITUDE 0.318523 3.215766 0.028805
37.563 26 GPS 3 36040422 481368974 1830 258313 1408 -10 0 100210959 31 0
37.564 26 ATTITUDE 0.319117 3.240432 0.027706
37.646 26 FBW_STATUS 2 0 1 12.5 7.873133
37.663 26 DESIRED 0.310346 0.016006 3.181556 116.85955 27.555588 260. 0.195497 14.
37.664 26 ATTITUDE 0.319587 3.265135 0.026588
37.697 26 NAVIGATION 4 0 119.5 94. 0. 152.040283 29 22 22 0 0 0
37.777 26 AIR_DATA 98268.9375 0. -1000. 1013.25 0. -1. -1.
37.778 26 ATTITUDE 0.319828 3.281619 0.025838
37.812 26 GPS 3 36040380 481368582 1866 258393 1409 -9 0 100211240 31 0
37.813 26 SVINFO 6 13 1 6 38 12 337
37.863 26 ENERGY 33 12.5 7.822115 97.776436 0.722408 9.030131
37.864 26 WP_MOVED 1 360284. 4813595. 260. 31
37.864 26 DESIRED 0.311344 0.013918 3.232306 113.158752 24.287315 260. 0.180838 14.
37.864 26 ATTITUDE 0.320031 3.298113 0.02508
37.946 26 NAVIGATION 4 0 119.0625 90.5 0. 149.553101 29 22 22 0 0 0
37.963 26 DATALINK_REPORT 5 8 2426 852 0 0
37.964 26 ESTIMATOR 258.364563 0.396
37.964 26 ATTITUDE 0.320262 3.322866 0.023937
38.063 26 AUTOPILOT_VERSION 51500 v5.15_devel-179-g9a29798-dirty
38.064 26 ALIVE 128,247,33,237,150,226,125,96,211,120,85,14,103,22,52,69
38.064 26 GPS 3 36040326 481368248 1892 258454 1409 -2 0 100211480 31 0
38.065 26 SVINFO 0 7 0 0 44 5 38
38.065 26 DESIRED 0.297724 0.012647 3.2819 109.273102 21.187538 260. 0.171557 14.
38.065 26 ATTITUDE 0.320265 3.33937 0.023175
38.113 26 CIRCLE 49.5 100.099998 70.
38.164 26 NAVIGATION 4 0 118.53125 87. 0. 149.553101 29 22 22 0 0 0
38.164 26 ATTITUDE 0.3195 3.364082 0.022031
38.196 26 NAVIGATION 4 0 118.53125 87. 0. 147.032837 29 22 22 0 0 0
38.274 26 AIRSPEED 14.108604 14. 14. 6.
38.274 26 DESIRED 0.307735 0.010841 3.332892 105.221703 18.276451 260. 0.158848 14.
38.276 26 ATTITUDE 0.318542 3.380498 0.021273
38.312 26 GPS 3 36040256 481367917 1920 258507 1410 9 0 100211720 31 0
38.313 26 SVINFO 1 8 0 1 43 6 88
38.363 26 WP_MOVED 2 360333.5 4813695. 260. 31
38.363 26 ATTITUDE 0.316985 3.40501 0.020138
38.447 26 NAVIGATION 4 0 117.8125 83.5 0. 144.402344 30 23 23 0 0 0
38.463 26 FBW_STATUS 2 0 1 12.5 7.717312
38.463 26 ESTIMATOR 258.558228 0.393692
38.464 26 DESIRED 0.308185 0.009788 3.384266 100.99147 15.550438 260. 0.151242 14.
38.464 26 ATTITUDE 0.315987 3.421278 0.019385
38.563 26 GPS_SOL 589 589 589 7
38.563 26 GPS 3 36040169 481367590 1948 258554 1411 11 0 100211960 31 0
38.564 26 SVINFO 2 9 1 2 42 43 138
38.564 26 ATTITUDE 0.314616 3.445578 0.018268
38.664 26 DL_VALUE 44 0.01
38.665 26 DESIRED 0.308185 0.009891 3.384266 100.99147 15.550438 260. 0.151242 14.
38.665 26 ATTITUDE 0.313823 3.461718 0.017531
38.696 26 NAVIGATION 4 0 116.9375 80.5 0. 141.966995 30 23 23 0 0 0
38.778 26 ATTITUDE 0.312809 3.48585 0.016442
38.812 26 GPS 3 36040047 481367213 1983 258601 1412 -4 0 100212240 31 0
38.813 26 SVINFO 3 10 1 3 41 82 188
38.863 26 WP_MOVED 3 360294.09375 4813785. 260. 31
38.863 26 DESIRED 0.302244 0.008492 3.427697 97.182159 13.345108 260. 0.141139 14.
38.864 26 ATTITUDE 0.312119 3.501889 0.015726
38.946 26 NAVIGATION 4 0 115.71875 76.5 0. 138.719421 30 23 23 0 0 0
38.963 26 ENERGY 32 12.5 7.627731 95.346642 0.736562 9.207054
38.963 26 ESTIMATOR 258.711548 0.374591
38.963 26 ATTITUDE 0.311071 3.525869 0.01467
39.065 26 AIR_DATA 98265.1875 0. -1000. 1013.25 0. -1. -1.
39.066 26 GPS 3 36039927 481366897 2008 258635 1412 -4 0 100212480 31 0
39.067 26 SVINFO 4 11 1 4 40 86 238
39.068 26 DESIRED 0.303895 0.007719 3.488217 91.937767 10.662666 260. 0.135159 14.
39.068 26 ATTITUDE 0.310403 3.541805 0.013981
39.162 26 CIRCLE 49.5 100.099998 70.
39.162 26 NAVIGATION 4 0 114.53125 73.5 0. 138.719421 30 23 23 0 0 0
39.162 26 ATTITUDE 0.309553 3.565644 0.012971
39.196 26 NAVIGATION 4 0 114.53125 73.5 0. 136.086945 30 23 23 0 0 0
39.268 26 AIRSPEED 14.144345 14. 14. 6.
39.268 26 DESIRED 0.305173 0.006705 3.533593 87.788422 8.809273 260. 0.127492 14.
39.269 26 ATTITUDE 0.309103 3.581498 0.012317
39.312 26 GPS 3 36039791 481366586 2036 258663 1413 -23 0 100212720 31 0
39.313 26 SVINFO 5 12 1 5 39 51 288
39.364 26 WP_MOVED 4 360416.3125 4813734. 260. 31
39.364 26 ATTITUDE 0.308668 3.60524 0.01136
39.447 26 NAVIGATION 4 0 113.15625 70.5 0. 133.321365 31 24 24 0 0 0
39.463 26 ESTIMATOR 258.824951 0.34242
39.463 26 DESIRED 0.303647 0.006222 3.57973 83.458405 7.111679 260. 0.123263 14.
39.464 26 ATTITUDE 0.308544 3.621052 0.010741
39.563 26 CALIBRATION 0. 0
39.564 26 GPS 3 36039640 481366281 2063 258686 1414 -4 0 100212960 31 0
39.564 26 ATTITUDE 0.308558 3.644762 0.009842
39.647 26 FBW_STATUS 2 0 1 12.5 7.51162
39.662 26 DESIRED 0.303647 0.00639 3.57973 83.458405 7.111679 260. 0.123263 14.
39.663 26 ATTITUDE 0.308657 3.660569 0.009263
39.697 26 NAVIGATION 4 0 111.65625 67. 0. 130.215652 31 24 24 0 0 0
39.778 26 ATTITUDE 0.309002 3.684291 0.008428
39.814 26 GPS 3 36039446 481365936 2097 258706 1415 -2 0 100213240 31 0
39.864 26 WP_MOVED 5 360421. 4813583.5 260. 31
39.864 26 DESIRED 0.315026 0.005811 3.636927 78.382858 5.412193 260. 0.118147 14.
39.864 26 ATTITUDE 0.30964 3.700134 0.007894
39.946 26 NAVIGATION 4 0 109.71875 64. 0. 127.020485 31 24 24 0 0 0
39.964 26 ESTIMATOR 258.899353 0.300449
39.964 26 ATTITUDE 0.311176 3.723987 0.007127
40.062 26 ENERGY 32 12.5 7.449261 93.115761 0.750367 9.379612
40.063 26 GPS 3 36039265 481365648 2122 258717 1416 -2 0 100213480 31 0
40.063 26 SVINFO 1 8 1 1 42 7 89
40.064 26 DESIRED 0.29966 0.005632 3.684637 73.546455 4.069962 260. 0.115458 14.
40.064 26 ATTITUDE 0.312399 3.739965 0.00664
40.163 26 DL_VALUE 45 0.01
40.164 26 NAVIGATION 4 0 107.875 61. 0. 127.020485 31 24 24 0 0 0
40.164 26 ATTITUDE 0.31378 3.764028 0.005948
40.196 26 NAVIGATION 4 0 107.875 61. 0. 123.92746 31 24 24 0 0 0
40.213 26 CIRCLE 49.5 100.099998 70.
40.263 26 AIRSPEED 14.181348 14. 14. 6.
40.264 26 DESIRED 0.311153 0.005417 3.735479 68.703697 2.985542 260. 0.112583 14.
40.264 26 ATTITUDE 0.314384 3.780113 0.005512
40.314 26 GPS 3 36039070 481365369 2149 258724 1417 -13 0 100213720 31 0
40.315 26 SVINFO 2 9 0 2 41 46 139
40.363 26 AIR_DATA 98264.148438 0. -1000. 1013.25 0. -1. -1.
40.363 26 WP_MOVED 6 360164.8125 4813664.5 260. 31
40.364 26 ATTITUDE 0.315303 3.804294 0.004896
40.446 26 NAVIGATION 4 0 105.96875 58.5 0. 121.0439 32 25 25 0 0 0
40.462 26 FBW_STATUS 2 0 1 12.5 7.398865
40.462 26 ESTIMATOR 258.938232 0.252264
40.462 26 DESIRED 0.304628 0.005447 3.778486 64.339584 2.22361 260. 0.111379 14.
40.462 26 ATTITUDE 0.315977 3.820455 0.004512
40.564 26 GPS_SOL 574 574 574 7
40.564 26 GPS 3 36038861 481365100 2177 258726 1418 -24 0 100213960 31 0
40.565 26 SVINFO 3 10 1 3 40 83 189
40.565 26 ATTITUDE 0.316886 3.844756 0.003974
40.663 26 PPRZ_MODE 2 3 3 2 0 6
40.663 26 DESIRED 0.304628 0.005657 3.778486 64.339584 2.22361 260. 0.111379 14.
40.663 26 ATTITUDE 0.317268 3.860983 0.003642
40.697 26 NAVIGATION 4 0 103.84375 55.5 0. 117.74453 32 25 25 0 0 0
40.763 26 ATTITUDE 0.317576 3.885342 0.003184
40.814 26 GPS 3 36038602 481364799 2212 258723 1419 -26 0 100214240 31 0
40.814 26 SVINFO 4 11 1 4 39 84 239
40.862 26 WP_MOVED 7 360558.40625 4813804.5 260. 31
40.862 26 DESIRED 0.313548 0.005731 3.833147 59.201862 1.581604 260. 0.110566 14.
40.862 26 ATTITUDE 0.31784 3.901592 0.002905
40.946 26 NAVIGATION 4 0 101.25 52.5 0. 114.051796 32 25 25 0 0 0
40.963 26 ESTIMATOR 258.94516 0.200746
40.964 26 ATTITUDE 0.318359 3.925996 0.002527
41.063 26 GPS 3 36038366 481364553 2237 258717 1420 -29 0 100214480 31 0
41.064 26 SVINFO 5 12 1 5 38 48 289
41.064 26 DESIRED 0.306968 0.005945 3.889705 53.631557 1.191307 260. 0.110653 14.
41.064 26 ATTITUDE 0.318717 3.942287 0.0023
41.163 26 ENERGY 31 12.5 7.316019 91.450241 0.763894 9.548696
41.163 26 NAVIGATION 4 0 98.9375 50. 0. 114.051796 32 25 25 0 0 0
41.164 26 ATTITUDE 0.318975 3.96674 0.001997
41.195 26 NAVIGATION 4 0 98.9375 50. 0. 110.854088 32 25 25 0 0 0
41.263 26 CIRCLE 49.5 100.099998 70.
41.263 26 AIRSPEED 14.214442 14. 14. 6.
41.263 26 DESIRED 0.31427 0.006274 3.939149 48.841133 1.107246 260. 0.111604 14.
41.264 26 ATTITUDE 0.318968 3.983042 0.001821
41.313 26 GPS 3 36038119 481364319 2265 258708 1420 -36 0 100214720 31 0
41.313 26 SVINFO 6 13 1 6 37 8 339
41.362 26 WP_MOVED 8 360461.40625 4813640. 215. 31
41.363 26 ATTITUDE 0.31902 4.007492 0.001594
41.445 26 NAVIGATION 4 0 96.4375 47.5 0. 107.500893 32 26 26 0 0 0
41.464 26 ESTIMATOR 258.925323 0.148855
41.464 26 DESIRED 0.316129 0.006617 3.990924 43.877453 1.264847 260. 0.112734 14.
41.465 26 ATTITUDE 0.319144 4.023795 0.001467
41.546 26 COMMANDS 3036,30,17,0,0
41.564 26 GPS 3 36037860 481364096 2293 258698 1421 -31 0 100214960 31 0
41.565 26 SVINFO 0 7 0 0 43 2 40
41.565 26 ATTITUDE 0.319478 4.048266 0.001312
41.646 26 FBW_STATUS 2 0 1 12.5 7.271723
41.663 26 CALIBRATION 0. 0
41.663 26 DL_VALUE 46 0.003
41.664 26 AIR_DATA 98264.453125 0. -1000. 1013.25 0. -1. -1.
41.664 26 DESIRED 0.316129 0.006813 3.990924 43.877453 1.264847 260. 0.112734 14.
41.664 26 ATTITUDE 0.319824 4.064598 0.001232
41.697 26 NAVIGATION 4 0 93.84375 45.5 0. 104.292374 33 26 26 0 0 0
41.762 26 ATTITUDE 0.320442 4.089134 0.001146
41.813 26 GPS 3 36037544 481363854 2328 258684 1422 -18 0 100215240 31 0
41.863 26 COMMANDS 3028,-23,24,0,0
41.863 26 WP_MOVED 9 360312.8125 4813652. 185. 31
41.863 26 DESIRED 0.310385 0.007339 4.035118 39.293125 1.632645 260. 0.11501 14.
41.863 26 ATTITUDE 0.320748 4.105513 0.001111
41.947 26 NAVIGATION 4 0 90.6875 43. 0. 100.365448 33 26 26 0 0 0
41.964 26 ESTIMATOR 258.88562 0.099635
41.964 26 ATTITUDE 0.321002 4.130099 0.001092
42.063 26 GPS 3 36037263 481363660 2354 258671 1422 -21 0 100215480 31 0
42.063 26 DESIRED 0.308903 0.007791 4.093277 33.678963 2.377457 260. 0.116898 14.
42.064 26 ATTITUDE 0.321029 4.146493 0.001099
42.163 26 NAVIGATION 4 0 87.875 41. 0. 100.365448 33 26 26 0 0 0
42.163 26 ATTITUDE 0.320814 4.171073 0.001142
42.196 26 NAVIGATION 4 0 87.875 41. 0. 96.969147 33 26 26 0 0 0
42.263 26 ENERGY 31 12.5 7.239275 90.490936 0.777225 9.715326
42.263 26 AIRSPEED 14.231575 14. 14. 6.
42.263 26 DESIRED 0.31497 0.008425 4.143146 28.91205 3.269547 260. 0.120135 14.
42.263 26 ATTITUDE 0.320521 4.187442 0.001189
42.311 26 CIRCLE 49.5 100.099998 70.
42.312 26 GPS 3 36036972 481363481 2382 258658 1422 -17 0 100215720 31 0
42.363 26 WP_MOVED 10 360452.8125 4813581. 260. 31
42.364 26 ATTITUDE 0.320153 4.211967 0.001288
42.450 26 NAVIGATION 4 0 84.96875 39.5 0. 93.701324 34 27 27 0 0 0
42.465 26 FBW_STATUS 2 0 1 12.5 7.224535
42.465 26 ESTIMATOR 258.832703 0.055414
42.465 26 DESIRED 0.306125 0.008914 4.18595 24.446331 4.327805 260. 0.122449 14.
42.466 26 ATTITUDE 0.320002 4.228304 0.001373
42.487 26 WIND_INFO 26 5 -0.1 -0.3 0. 14.
42.487 26 WIND_INFO_RET 5 -0.1 -0.3 0. 14.232779
42.563 26 GPS_SOL 559 559 559 7
42.563 26 GPS 3 36036673 481363315 2410 258645 1423 -1 0 100215960 31 0
42.564 26 ATTITUDE 0.319725 4.252793 0.001525
42.663 26 DESIRED 0.306125 0.009046 4.18595 24.446331 4.327805 260. 0.122449 14.
42.664 26 ATTITUDE 0.319332 4.269097 0.001643
42.696 26 NAVIGATION 4 0 81.96875 38. 0. 90.348633 34 27 27 0 0 0
42.764 26 ATTITUDE 0.318475 4.2935 0.001841
42.814 26 GPS 3 36036315 481363142 2446 258631 1423 0 0 100216240 31 0
42.814 26 SVINFO 5 12 1 5 37 45 290
42.863 26 WP_MOVED 11 360169.5 4813757.5 260. 31
42.864 26 DESIRED 0.304573 0.009702 4.231716 19.900845 5.633659 260. 0.126105 14.
42.864 26 ATTITUDE 0.317726 4.309722 0.001989
42.946 26 NAVIGATION 4 0 78.40625 36. 0. 86.275955 34 27 27 0 0 0
42.962 26 AIR_DATA 98265.234375 0. -1000. 1013.25 0. -1. -1.
42.962 26 ESTIMATOR 258.774139 0.018317
42.963 26 ATTITUDE 0.316399 4.33397 0.002231
43.062 26 DATALINK_REPORT 0 9 2620 843 0 0
43.062 26 GPS 3 36036000 481363009 2471 258620 1423 0 0 100216480 31 0
43.063 26 SVINFO 6 13 0 6 36 6 340
43.063 26 DESIRED 0.306377 0.010161 4.293259 14.464542 7.512115 260. 0.128593 14.
43.064 26 ATTITUDE 0.315444 4.350073 0.002403
43.165 26 ALIVE 128,247,33,237,150,226,125,96,211,120,85,14,103,22,52,69
43.165 26 DL_VALUE 47 0.03
43.165 26 NAVIGATION 4 0 75.25 34.5 0. 86.275955 34 27 27 0 0 0
43.166 26 ATTITUDE 0.314057 4.374134 0.00268
43.196 26 NAVIGATION 4 0 75.25 34.5 0. 82.781715 34 27 27 0 0 0
43.263 26 AIRSPEED 14.229228 14. 14. 6.
43.263 26 DESIRED 0.314187 0.010795 4.345093 9.917381 9.36293 260. 0.1323 14.
43.263 26 ATTITUDE 0.313202 4.390116 0.002874
43.313 26 GPS 3 36035679 481362892 2499 258611 1422 14 0 100216720 31 0
43.313 26 SVINFO 0 7 0 0 42 1 41
43.363 26 ENERGY 31 12.5 7.209805 90.122559 0.79046 9.880764
43.363 26 CIRCLE 49.5 100.099998 70.
43.363 26 WP_MOVED 0 360326. 4813637. 260. 31
43.363 26 ATTITUDE 0.312396 4.414028 0.00318
43.446 26 NAVIGATION 4 0 72.0625 33.5 0. 79.468575 35 28 28 0 0 0
43.468 26 ESTIMATOR 258.716217 -0.010485
43.469 26 DESIRED 0.30755 0.011242 4.390291 5.661667 11.340775 260. 0.134669 14.
43.470 26 ATTITUDE 0.31223 4.429952 0.003392
43.564 26 NAVIGATION_REF 360284 4813595 31 185.
43.564 26 GPS 3 36035353 481362790 2526 258604 1422 9 0 100216960 31 0
43.565 26 SVINFO 1 8 0 1 41 11 91
43.565 26 ATTITUDE 0.312342 4.453842 0.003721
43.647 26 FBW_STATUS 2 0 1 12.5 7.20686
43.663 26 DESIRED 0.30755 0.011347 4.390291 5.661667 11.340775 260. 0.134669 14.
43.663 26 ATTITUDE 0.312492 4.46978 0.003947
43.697 26 NAVIGATION 4 0 68.78125 32.5 0. 76.073059 35 28 28 0 0 0
43.763 26 CALIBRATION 0. 0
43.764 26 ATTITUDE 0.312824 4.49371 0.004294
43.854 26 GPS 3 36034968 481362691 2560 258599 1422 -4 0 100217240 31 0
43.855 26 SVINFO 2 9 1 2 40 52 141
43.863 26 WP_MOVED 1 360284. 4813595. 260. 31
43.864 26 DESIRED 0.3097 0.011951 4.43877 1.384701 13.584579 260. 0.137989 14.
43.864 26 ATTITUDE 0.313157 4.509685 0.004531
43.946 26 NAVIGATION 4 0 64.9375 31.5 0. 72.174294 35 28 28 0 0 0
43.968 26 ESTIMATOR 258.665405 -0.030001
43.969 26 ATTITUDE 0.313801 4.533692 0.004892
44.063 26 GPS 3 36034633 481362624 2586 258596 1421 -6 0 100217480 31 0
44.064 26 SVINFO 3 10 1 3 39 86 191
44.064 26 DESIRED 0.305987 0.01236 4.495548 -3.423943 16.439636 260. 0.139999 14.
44.065 26 ATTITUDE 0.314272 4.54973 0.005136
44.165 26 NAVIGATION 4 0 61.5625 30.5 0. 72.174294 35 28 28 0 0 0
44.166 26 ATTITUDE 0.314849 4.573833 0.005504
44.196 26 NAVIGATION 4 0 61.5625 30.5 0. 68.703651 35 28 28 0 0 0
44.263 26 AIR_DATA 98265.640625 0. -1000. 1013.25 0. -1. -1.
44.263 26 AIRSPEED 14.210377 14. 14. 6.
44.264 26 DESIRED 0.318301 0.012849 4.54989 -7.518196 19.174568 260. 0.142605 14.
44.264 26 ATTITUDE 0.31514 4.589925 0.005751
44.312 26 GPS 3 36034296 481362573 2613 258594 1421 -9 0 100217720 31 0
44.313 26 SVINFO 4 11 1 4 38 81 241
44.363 26 WP_MOVED 2 360333.5 4813695. 260. 31
44.363 26 ATTITUDE 0.315948 4.614114 0.006122
44.412 26 CIRCLE 49.5 100.099998 70.
44.446 26 NAVIGATION 4 0 58.21875 30. 0. 65.493683 36 29 29 0 0 0
44.462 26 FBW_STATUS 2 0 1 12.5 7.212751
44.463 26 ENERGY 31 12.5 7.212751 90.159393 0.80368 10.04602
44.463 26 ESTIMATOR 258.625763 -0.040512
44.464 26 DESIRED 0.314959 0.01319 4.597793 -11.325031 21.995483 260. 0.144157 14.
44.464 26 ATTITUDE 0.316775 4.630292 0.006369
44.563 26 GPS_SOL 543 543 543 7
44.564 26 GPS 3 36033957 481362538 2641 258595 1420 0 0 100217960 31 0
44.564 26 ATTITUDE 0.318275 4.654661 0.006739
44.662 26 DL_VALUE 48 0.
44.663 26 DESIRED 0.314959 0.013319 4.597793 -11.325031 21.995483 260. 0.144157 14.
44.663 26 ATTITUDE 0.319317 4.670979 0.006985
44.697 26 NAVIGATION 4 0 54.8125 30. 0. 62.485279 36 29 29 0 0 0
44.763 26 ATTITUDE 0.320824 4.695565 0.007349
44.813 26 GPS 3 36033559 481362518 2676 258597 1420 0 0 100218240 31 0
44.861 26 WP_MOVED 3 360294.09375 4813785. 260. 31
44.862 26 DESIRED 0.309147 0.013706 4.641049 -15.010094 25.010399 260. 0.146053 14.
44.862 26 ATTITUDE 0.321594 4.712016 0.007589
44.945 26 NAVIGATION 4 0 50.84375 30. 0. 59.034626 36 29 29 0 0 0
44.963 26 ESTIMATOR 258.598297 -0.043518
44.963 26 ATTITUDE 0.322354 -1.546429 0.007945
45.062 26 GPS 3 36033219 481362520 2702 258600 1419 -4 0 100218480 31 0
45.063 26 DESIRED 0.302024 0.013942 4.694835 -19.145554 28.771271 260. 0.147039 14.
45.063 26 ATTITUDE 0.322544 -1.529912 0.008178
45.163 26 NAVIGATION 4 0 47.4375 30. 0. 59.034626 36 29 29 0 0 0
45.164 26 ATTITUDE 0.32209 -1.505151 0.008521
45.196 26 NAVIGATION 4 0 47.4375 30. 0. 56.127678 36 29 29 0 0 0
45.262 26 AIRSPEED 14.18707 14. 14. 6.
45.262 26 DESIRED 0.308773 0.014152 4.743665 -22.528389 32.188942 260. 0.148133 14.
45.262 26 ATTITUDE 0.321351 -1.488681 0.008744
45.313 26 GPS 3 36032879 481362538 2730 258604 1418 0 0 100218720 31 0
45.313 26 SVINFO 1 8 1 1 40 13 92
45.362 26 WP_MOVED 4 360416.3125 4813734. 260. 31
45.363 26 ATTITUDE 0.319992 -1.464062 0.00907
45.447 26 NAVIGATION 4 0 44.0625 30. 0. 53.305759 37 30 30 0 0 0
45.464 26 CIRCLE 49.5 100.099998 70.
45.464 26 ESTIMATOR 258.583282 -0.040514
45.464 26 DESIRED 0.308312 0.014247 4.794239 -25.70385 35.723129 260. 0.148614 14.
45.464 26 ATTITUDE 0.31902 -1.447711 0.009281
45.563 26 PPRZ_MODE 2 3 3 2 0 6
45.564 26 AIR_DATA 98265.476562 0. -1000. 1013.25 0. -1. -1.
45.564 26 ENERGY 31 12.5 7.218643 90.23304 0.816909 10.211374
45.565 26 GPS 3 36032540 481362573 2758 258610 1418 4 0 100218960 31 0
45.566 26 SVINFO 2 9 1 2 39 56 142
45.566 26 ATTITUDE 0.317525 -1.42328 0.009587
45.646 26 FBW_STATUS 2 0 1 12.5 7.218643
45.662 26 DESIRED 0.308312 0.014261 4.794239 -25.70385 35.723129 260. 0.148614 14.
45.663 26 ATTITUDE 0.316538 -1.407058 0.009784
45.697 26 NAVIGATION 4 0 40.65625 30. 0. 50.526535 37 30 30 0 0 0
45.762 26 ATTITUDE 0.315167 -1.382815 0.010067
45.813 26 GPS 3 36032148 481362634 2796 258620 1417 -10 0 100219240 31 0
45.813 26 SVINFO 3 10 1 3 38 87 192
45.863 26 CALIBRATION 0. 0
45.863 26 WP_MOVED 5 360421. 4813583.5 260. 31
45.863 26 DESIRED 0.312021 0.014323 4.847251 -28.711189 39.412189 260. 0.148927 14.
45.863 26 ATTITUDE 0.314452 -1.366703 0.010248
45.946 26 NAVIGATION 4 0 36.71875 30.5 0. 47.73381 37 30 30 0 0 0
45.963 26 ESTIMATOR 258.580933 -0.032726
45.964 26 ATTITUDE 0.313717 -1.342587 0.010506
46.063 26 GPS 3 36031815 481362704 2819 258630 1416 -15 0 100219480 31 0
46.064 26 SVINFO 4 11 1 4 37 79 242
46.064 26 DESIRED 0.302715 0.01434 4.904916 -31.992012 43.894558 260. 0.14886 14.
46.065 26 ATTITUDE 0.313388 -1.32653 0.010669
46.162 26 DL_VALUE 49 0.
46.163 26 NAVIGATION 4 0 33.40625 31.5 0. 47.73381 37 30 30 0 0 0
46.164 26 ATTITUDE 0.312749 -1.302482 0.0109
46.196 26 NAVIGATION 4 0 33.40625 31.5 0. 45.91544 37 30 30 0 0 0
46.262 26 AIRSPEED 14.160553 14. 14. 6.
46.262 26 DESIRED 0.308874 0.014292 4.949432 -34.637794 47.938404 260. 0.148396 14.
46.262 26 ATTITUDE 0.312253 -1.286479 0.011045
46.313 26 GPS 3 36031486 481362791 2846 258641 1416 -17 0 100219720 31 0
46.313 26 SVINFO 5 12 1 5 36 38 292
46.363 26 WP_MOVED 6 360164.8125 4813664.5 260. 31
46.364 26 ATTITUDE 0.311701 -1.262511 0.011247
46.446 26 NAVIGATION 4 0 30.125 32.5 0. 44.314396 38 31 31 0 0 0
46.463 26 FBW_STATUS 2 0 1 12.5 7.221588
46.463 26 ESTIMATOR 258.590698 -0.021412
46.463 26 DESIRED 0.306037 0.014234 4.996115 -37.077034 52.09565 260. 0.147836 14.
46.463 26 ATTITUDE 0.311507 -1.246546 0.011372
46.512 26 CIRCLE 49.5 100.099998 70.
46.546 26 COMMANDS 3014,10,2,0,0
46.563 26 GPS_SOL 528 528 528 7
46.563 26 GPS 3 36031162 481362892 2874 258655 1415 -16 0 100219960 31 0
46.564 26 SVINFO 6 13 1 6 35 3 342
46.564 26 ATTITUDE 0.311404 -1.222604 0.011546
46.663 26 ENERGY 31 12.5 7.221588 90.269852 0.830146 10.376819
46.664 26 DESIRED 0.306037 0.01427 4.996115 -37.077034 52.09565 260. 0.147836 14.
46.664 26 ATTITUDE 0.311392 -1.206642 0.011651
46.696 26 NAVIGATION 4 0 26.84375 33.5 0. 42.928276 38 31 31 0 0 0
46.762 26 ATTITUDE 0.311461 -1.18269 0.011796
46.813 26 GPS 3 36030791 481363031 2910 258671 1414 -28 0 100220240 31 0
46.813 26 SVINFO 0 7 0 0 41 0 43
46.862 26 COMMANDS 3014,17,0,0,0
46.862 26 AIR_DATA 98264.773438 0. -1000. 1013.25 0. -1. -1.
46.862 26 WP_MOVED 7 360558.40625 4813804.5 260. 31
46.862 26 DESIRED 0.307115 0.01414 5.045266 -39.314491 56.37373 260. 0.146642 14.
46.862 26 ATTITUDE 0.311584 -1.166713 0.011883
46.946 26 NAVIGATION 4 0 23.15625 35. 0. 41.966797 38 31 31 0 0 0
46.963 26 ESTIMATOR 258.611786 -0.007659
46.963 26 ATTITUDE 0.31187 -1.142726 0.012
47.064 26 GPS 3 36030479 481363165 2933 258686 1414 -11 0 100220480 31 0
47.064 26 DESIRED 0.296841 0.014023 5.100172 -41.646584 61.469696 260. 0.145624 14.
47.065 26 ATTITUDE 0.312041 -1.126718 0.01207
47.162 26 NAVIGATION 4 0 20.0625 36. 0. 41.966797 38 31 31 0 0 0
47.163 26 ATTITUDE 0.311835 -1.102709 0.012161
47.196 26 NAVIGATION 4 0 20.0625 36. 0. 41.21291 38 31 31 0 0 0
47.262 26 AIRSPEED 14.135875 14. 14. 6.
47.262 26 DESIRED 0.310218 0.01379 5.150565 -43.326256 65.701073 260. 0.143831 14.
47.262 26 ATTITUDE 0.31142 -1.086721 0.012213
47.314 26 GPS 3 36030175 481363315 2961 258701 1413 -15 0 100220720 31 0
47.363 26 WP_MOVED 8 360461.40625 4813640. 215. 31
47.363 26 ATTITUDE 0.311012 -1.062771 0.012278
47.446 26 NAVIGATION 4 0 17. 38. 0. 41.629318 38 32 32 0 0 0
47.462 26 ESTIMATOR 258.641815 0.00694
47.463 26 DESIRED 0.304153 0.013608 5.195832 -44.978027 70.538162 260. 0.142474 14.
47.463 26 ATTITUDE 0.310975 -1.04681 0.012312
47.563 26 CIRCLE 49.5 100.099998 70.
47.564 26 GPS 3 36029829 481363507 2991 258719 1413 -31 0 100221000 31 0
47.565 26 ATTITUDE 0.311108 -1.022857 0.012351
47.646 26 FBW_STATUS 2 0 1 12.5 7.212751
47.662 26 DL_VALUE 50 0.
47.663 26 DESIRED 0.304153 0.013651 5.195832 -44.978027 70.538162 260. 0.142474 14.
47.663 26 ATTITUDE 0.311184 -1.006881 0.012368
47.696 26 NAVIGATION 4 0 13.53125 39.5 0. 41.75338 39 32 32 0 0 0
47.763 26 ENERGY 31 12.5 7.209805 90.122559 0.843379 10.542209
47.763 26 ATTITUDE 0.311338 -0.982905 0.012382
47.812 26 GPS 3 36029542 481363687 3025 258735 1412 -20 0 100221240 31 0
47.813 26 SVINFO 4 11 0 4 36 77 243
