2.399 26 WP_MOVED 8 360461.40625 4813640. 215. 31
2.399 26 ATTITUDE 0. 0. 0.
2.482 26 NAVIGATION 2 1 0. 0. 0. 0. 0 6 6 1 0 0
2.498 26 ESTIMATOR 185. 0.
2.498 26 DESIRED 0. 0. 0. 0. 0. 235. 0. 14.
2.498 26 ATTITUDE 0. 0. 0.
2.598 26 GPS 3 36028477 481359546 899 185000 0 20 0 100366960 31 0
2.598 26 ATTITUDE 0. 0. 0.
2.683 26 FBW_STATUS 2 0 1 12.5 -4e-06
2.699 26 DL_VALUE 10 0.
2.700 26 DESIRED 0. 0. 0. 0. 0. 235. 0. 14.
2.700 26 ATTITUDE 0. 0. 0.
2.732 26 NAVIGATION 2 1 0. 0. 0. 0. 0 6 6 1 0 0
2.799 26 ATTITUDE 0. 0. 0.
2.849 26 GPS 3 36028477 481359546 899 185000 0 32 0 100367240 31 0
2.902 26 WP_MOVED 9 360312.8125 4813652. 185. 31
2.903 26 DESIRED 0. 0. 0. 0. 0. 235. 0. 14.
2.903 26 ATTITUDE 0. 0. 0.
2.983 26 NAVIGATION 2 1 0. 0. 0. 0. 0 6 6 1 0 0
2.998 26 ESTIMATOR 185. 0.
2.998 26 ATTITUDE 0. 0. 0.
3.099 26 GPS 3 36028477 481359546 899 185000 0 33 0 100367480 31 0
3.099 26 SVINFO 3 10 1 3 48 5 159
3.100 26 DESIRED 0. 0. 0. 0. 0. 235. 0. 14.
3.100 26 ATTITUDE 0. 0. 0.
3.198 26 NAVIGATION 2 1 0. 0. 0. 0. 0 6 6 1 0 0
3.199 26 ATTITUDE 0. 0. 0.
3.232 26 NAVIGATION 2 1 0. 0. 0. 0. 0 6 6 1 0 0
3.300 26 AIRSPEED 0. 14. 0. 6.
3.300 26 DESIRED 0. 0. 0. 0. 0. 235. 0. 14.
3.300 26 ATTITUDE 0. 0. 0.
3.350 26 GPS 3 36028477 481359546 899 185000 0 34 0 100367720 31 0
3.404 26 AIR_DATA 99126.804688 0. -1000. 1013.25 0. -1. -1.
3.404 26 ENERGY 0 12.5 -4e-06 -4.8e-05 -0. -1e-06
3.405 26 WP_MOVED 10 360452.8125 4813581. 260. 31
3.406 26 ATTITUDE 0. 0. 0.
3.482 26 NAVIGATION 2 1 0. 0. 0. 0. 0 7 7 1 0 0
3.498 26 FBW_STATUS 2 0 1 12.5 -4e-06
3.498 26 ESTIMATOR 185. 0.
3.498 26 DESIRED 0. 0. 0. 0. 0. 235. 0. 14.
3.498 26 ATTITUDE 0. 0. 0.
3.600 26 GPS_SOL 625 625 625 7
3.600 26 GPS 3 36028477 481359546 899 185000 0 21 0 100367960 31 0
3.600 26 SVINFO 5 12 0 5 49 82 259
3.601 26 ATTITUDE 0. 0. 0.
3.699 26 DESIRED 0. 0. 0. 0. 0. 235. 0. 14.
3.700 26 ATTITUDE 0. 0. 0.
3.733 26 NAVIGATION 2 1 0. 0. 0. 0. 0 7 7 1 0 0
3.801 26 ATTITUDE 0. 0. 0.
3.849 26 GPS 3 36028477 481359546 899 185000 0 26 0 100368240 31 0
3.900 26 WP_MOVED 11 360169.5 4813757.5 260. 31
3.900 26 DESIRED 0. 0. 0. 0. 0. 235. 0. 14.
3.900 26 ATTITUDE 0. 0. 0.
3.981 26 NAVIGATION 2 1 0. 0. 0. 0. 0 7 7 1 0 0
3.998 26 ESTIMATOR 185. 0.
3.998 26 ATTITUDE 0. 0. 0.
4.099 26 GPS 3 36028477 481359546 899 185000 0 18 0 100368480 31 0
4.100 26 SVINFO 0 7 0 0 46 79 10
4.100 26 DESIRED 0. 0. 0. 0. 0. 235. 0. 14.
4.100 26 ATTITUDE 0. 0. 0.
4.199 26 CALIBRATION 0. 0
4.201 26 DL_VALUE 11 1.
4.202 26 NAVIGATION 2 1 0. 0. 0. 0. 0 7 7 1 0 0
4.203 26 ATTITUDE 0. 0. 0.
4.232 26 NAVIGATION 2 1 0. 0. 0. 0. 0 7 7 1 0 0
4.299 26 AIRSPEED 0. 14. 0. 6.
4.299 26 DESIRED 0. 0. 0. 0. 0. 235. 0. 14.
4.299 26 ATTITUDE 0. 0. 0.
4.350 26 GPS 3 36028477 481359546 899 185000 0 6 0 100368720 31 0
4.350 26 SVINFO 1 8 1 1 47 38 60
4.399 26 WP_MOVED 0 360326. 4813637. 260. 31
4.400 26 ATTITUDE 0. 0. 0.
4.483 26 NAVIGATION 2 1 0. 0. 0. 0. 0 8 8 1 0 0
4.498 26 ENERGY 0 12.5 -4e-06 -4.8e-05 -0. -1e-06
4.499 26 ESTIMATOR 185. 0.
4.499 26 DESIRED 0. 0. 0. 0. 0. 235. 0. 14.
4.499 26 ATTITUDE 0. 0. 0.
4.599 26 NAVIGATION_REF 360284 4813595 31 185.
4.599 26 GPS 3 36028477 481359546 899 185000 0 0 0 100368960 31 0
4.600 26 ATTITUDE 0. 0. 0.
4.683 26 FBW_STATUS 2 0 1 12.5 -4e-06
4.699 26 AIR_DATA 99126.804688 0. -1000. 1013.25 0. -1. -1.
4.700 26 DESIRED 0. 0. 0. 0. 0. 235. 0. 14.
4.700 26 ATTITUDE 0. 0. 0.
4.733 26 NAVIGATION 2 1 0. 0. 0. 0. 0 8 8 1 0 0
4.799 26 ATTITUDE 0. 0. 0.
4.849 26 GPS 3 36028477 481359546 899 185000 0 13 0 100369240 31 0
4.899 26 WP_MOVED 1 360284. 4813595. 260. 31
4.899 26 DESIRED 0. 0. 0. 0. 0. 235. 0. 14.
4.900 26 ATTITUDE 0. 0. 0.
4.983 26 NAVIGATION 2 1 0. 0. 0. 0. 0 8 8 1 0 0
4.999 26 ESTIMATOR 185. 0.
5.000 26 ATTITUDE 0. 0. 0.
5.099 26 GPS 3 36028477 481359546 899 185000 0 -2 0 100369480 31 0
5.100 26 SVINFO 4 11 1 4 49 46 210
5.100 26 DESIRED 0. 0. 0. 0. 0. 235. 0. 14.
5.100 26 ATTITUDE 0. 0. 0.
5.199 26 NAVIGATION 2 1 0. 0. 0. 0. 0 8 8 1 0 0
5.200 26 ATTITUDE 0. 0. 0.
5.232 26 NAVIGATION 2 1 0. 0. 0. 0. 0 8 8 1 0 0
5.299 26 AIRSPEED 0. 14. 0. 6.
5.299 26 DESIRED 0. 0. 0. 0. 0. 235. 0. 14.
5.299 26 ATTITUDE 0. 0. 0.
5.349 26 GPS 3 36028477 481359546 899 185000 0 -16 0 100369720 31 0
5.399 26 WP_MOVED 2 360333.5 4813695. 260. 31
5.399 26 ATTITUDE 0. 0. 0.
5.481 26 NAVIGATION 2 1 0. 0. 0. 0. 0 9 9 1 0 0
5.499 26 FBW_STATUS 2 0 1 12.5 -4e-06
5.499 26 ESTIMATOR 185. 0.
5.499 26 DESIRED 0. 0. 0. 0. 0. 235. 0. 14.
5.499 26 ATTITUDE 0. 0. 0.
5.599 26 GPS_SOL 637 637 637 7
5.600 26 ENERGY 0 12.5 -4e-06 -4.8e-05 -0. -2e-06
5.600 26 GPS 3 36028477 481359546 899 185000 0 -3 0 100370000 31 0
5.601 26 ATTITUDE 0. 0. 0.
5.699 26 DL_VALUE 12 0.
5.699 26 DESIRED 0. 0. 0. 0. 0. 235. 0. 14.
5.699 26 ATTITUDE 0. 0. 0.
5.732 26 NAVIGATION 2 1 0. 0. 0. 0. 0 9 9 1 0 0
5.799 26 ATTITUDE 0. 0. 0.
5.849 26 GPS 3 36028477 481359546 899 185000 0 2 0 100370240 31 0
5.900 26 WP_MOVED 3 360294.09375 4813785. 260. 31
5.900 26 DESIRED 0. 0. 0. 0. 0. 235. 0. 14.
5.901 26 ATTITUDE 0. 0. 0.
5.981 26 NAVIGATION 2 1 0. 0. 0. 0. 0 9 9 1 0 0
5.998 26 AIR_DATA 99126.804688 0. -1000. 1013.25 0. -1. -1.
5.998 26 ESTIMATOR 185. 0.
5.998 26 ATTITUDE 0. 0. 0.
6.099 26 GPS 3 36028477 481359546 899 185000 0 -9 0 100370480 31 0
6.100 26 DESIRED 0. 0. 0. 0. 0. 235. 0. 14.
6.101 26 ATTITUDE 0. 0. 0.
6.200 26 NAVIGATION 2 1 0. 0. 0. 0. 0 9 9 1 0 0
6.200 26 ATTITUDE 0. 0. 0.
6.232 26 NAVIGATION 2 1 0. 0. 0. 0. 0 9 9 1 0 0
6.299 26 CALIBRATION 0. 0
6.299 26 AIRSPEED 0. 14. 0. 6.
6.299 26 DESIRED 0. 0. 0. 0. 0. 235. 0. 14.
6.299 26 ATTITUDE 0. 0. 0.
6.350 26 GPS 3 36028477 481359546 899 185000 0 13 0 100370720 31 0
6.350 26 SVINFO 2 9 1 2 48 2 111
6.400 26 WP_MOVED 4 360416.3125 4813734. 260. 31
6.400 26 ATTITUDE 0. 0. 0.
6.481 26 NAVIGATION 2 1 0. 0. 0. 0. 0 10 10 1 0 0
6.498 26 ESTIMATOR 185. 0.
6.498 26 DESIRED 0. 0. 0. 0. 0. 235. 0. 14.
6.499 26 ATTITUDE 0. 0. 0.
6.583 26 COMMANDS 0,0,0,0,0
6.599 26 GPS 3 36028477 481359546 899 185000 0 10 0 100371000 31 0
6.600 26 ATTITUDE 0. 0. 0.
6.682 26 FBW_STATUS 2 0 1 12.5 -4e-06
6.699 26 PPRZ_MODE 2 1 2 0 0 6
6.699 26 ENERGY 0 12.5 -4e-06 -4.8e-05 -0. -2e-06
6.699 26 DESIRED 0. 0. 0. 0. 0. 235. 0. 14.
6.699 26 ATTITUDE 0. 0. 0.
6.732 26 NAVIGATION 2 1 0. 0. 0. 0. 0 10 10 1 0 0
6.800 26 ATTITUDE 0. 0. 0.
6.850 26 GPS 3 36028477 481359546 899 185000 0 24 0 100371240 31 0
6.899 26 COMMANDS 0,0,0,0,0
6.899 26 WP_MOVED 5 360421. 4813583.5 260. 31
6.899 26 DESIRED 0. 0. 0. 0. 0. 235. 0. 14.
6.900 26 ATTITUDE 0. 0. 0.
6.982 26 NAVIGATION 2 1 0. 0. 0. 0. 0 10 10 1 0 0
6.999 26 ESTIMATOR 185. 0.
6.999 26 ATTITUDE 0. 0. 0.
7.099 26 DATALINK_REPORT 9 1 754 803 0 0
7.100 26 GPS 3 36028477 481359546 899 185000 0 34 0 100371480 31 0
7.100 26 DESIRED 0. 0. 0. 0. 0. 235. 0. 14.
7.100 26 ATTITUDE 0. 0. 0.
7.199 26 ALIVE 128,247,33,237,150,226,125,96,211,120,85,14,103,22,52,69
7.199 26 DL_VALUE 13 0.
7.199 26 NAVIGATION 2 1 0. 0. 0. 0. 0 10 10 1 0 0
7.200 26 ATTITUDE 0. 0. 0.
7.232 26 NAVIGATION 2 1 0. 0. 0. 0. 0 10 10 1 0 0
7.299 26 AIR_DATA 99126.804688 0. -1000. 1013.25 0. -1. -1.
7.300 26 AIRSPEED 0. 14. 0. 6.
7.300 26 DESIRED 0. 0. 0. 0. 0. 235. 0. 14.
7.300 26 ATTITUDE 0. 0. 0.
7.349 26 GPS 3 36028477 481359546 899 185000 0 18 0 100371720 31 0
7.400 26 WP_MOVED 6 360164.8125 4813664.5 260. 31
7.400 26 ATTITUDE 0. 0. 0.
7.482 26 NAVIGATION 2 1 0. 0. 0. 0. 0 11 11 1 0 0
7.500 26 FBW_STATUS 2 0 1 12.5 -4e-06
7.500 26 ESTIMATOR 185. 0.
7.500 26 DESIRED 0. 0. 0. 0. 0. 235. 0. 14.
7.500 26 ATTITUDE 0. 0. 0.
7.599 26 GPS_SOL 648 648 648 7
7.599 26 GPS 3 36028477 481359546 899 185000 0 21 0 100371960 31 0
7.600 26 SVINFO 0 7 0 0 47 75 12
7.600 26 ATTITUDE 0. 0. 0.
7.700 26 DESIRED 0. 0. 0. 0. 0. 235. 0. 14.
7.700 26 ATTITUDE 0. 0. 0.
7.733 26 NAVIGATION 2 1 0. 0. 0. 0. 0 11 11 1 0 0
7.799 26 ENERGY 0 12.5 -4e-06 -4.8e-05 -0. -2e-06
7.800 26 ATTITUDE 0. 0. 0.
7.850 26 GPS 3 36028477 481359546 899 185000 0 17 0 100372240 31 0
7.850 26 SVINFO 1 8 0 1 48 32 62
7.900 26 WP_MOVED 7 360558.40625 4813804.5 260. 31
7.900 26 DESIRED 0. 0. 0. 0. 0. 235. 0. 14.
7.900 26 ATTITUDE 0. 0. 0.
7.981 26 NAVIGATION 2 1 0. 0. 0. 0. 0 11 11 1 0 0
7.999 26 ESTIMATOR 185. 0.
7.999 26 ATTITUDE 0. 0. 0.
8.101 26 GPS 3 36028477 481359546 899 185000 0 15 0 100372480 31 0
8.103 26 DESIRED 0. 0. 0. 0. 0. 235. 0. 14.
8.104 26 ATTITUDE 0. 0. 0.
8.151 26 WIND_INFO 26 5 0. 0. 0. 0.
8.152 26 WIND_INFO_RET 5 0. 0. 0. 0.
8.199 26 NAVIGATION 2 1 0. 0. 0. 0. 0 11 11 1 0 0
8.199 26 ATTITUDE 0. 0. 0.
8.232 26 NAVIGATION 2 1 0. 0. 0. 0. 0 11 11 1 0 0
8.258 26 SETTING 10 26 1.
8.258 26 DL_VALUE 10 1.
8.298 26 AIRSPEED 0. 14. 0. 6.
8.298 26 DESIRED 0. 0. 0. 0. 0. 235. 0. 14.
8.298 26 ATTITUDE 0. 0. 0.
8.350 26 GPS 3 36028477 481359546 899 185000 0 16 0 100372720 31 0
8.350 26 SVINFO 3 10 0 3 49 11 162
8.399 26 CALIBRATION 0. 0
8.399 26 WP_MOVED 8 360461.40625 4813640. 215. 31
8.399 26 ATTITUDE 0. 0. 0.
8.482 26 NAVIGATION 2 1 0. 0. 0. 0. 0 12 12 1 0 0
8.498 26 ESTIMATOR 185. 0.
8.499 26 DESIRED 0. 0. 0. 0. 0. 235. 0. 14.
8.499 26 ATTITUDE 0. 0. 0.
8.599 26 AIR_DATA 99126.804688 0. -1000. 1013.25 0. -1. -1.
8.599 26 GPS 3 36028477 481359546 899 185000 0 -2 0 100372960 31 0
8.599 26 ATTITUDE 0. 0. 0.
8.682 26 FBW_STATUS 2 0 1 12.5 -4e-06
8.699 26 AUTOPILOT_VERSION 51500 v5.15_devel-179-g9a29798-dirty
8.699 26 DL_VALUE 14 3.
8.699 26 DESIRED 0. 0. 0. 0. 0. 235. 0. 14.
8.700 26 ATTITUDE 0. 0. 0.
8.732 26 NAVIGATION 2 1 0. 0. 0. 0. 0 12 12 1 0 0
8.799 26 ATTITUDE 0. 0. 0.
8.850 26 GPS 3 36028477 481359546 899 185000 0 4 0 100373240 31 0
8.899 26 ENERGY 0 12.5 -4e-06 -4.8e-05 -0. -2e-06
8.899 26 WP_MOVED 9 360312.8125 4813652. 185. 31
8.900 26 DESIRED 0. 0. 0. 0. 0. 235. 0. 14.
8.900 26 ATTITUDE 0. 0. 0.
8.982 26 NAVIGATION 2 1 0. 0. 0. 0. 0 12 12 1 0 0
8.998 26 ESTIMATOR 185. 0.
8.998 26 ATTITUDE 0. 0. 0.
9.036 26 BLOCK 3 26
9.036 26 NAVIGATION 3 0 0. 0. 0. 0. 0 0 0 1 0 0
9.099 26 GPS 3 36028477 481359546 899 185000 0 0 0 100373480 31 0
9.101 26 DESIRED 0. 0. 0. 0. 0. 235. 0. 14.
9.101 26 ATTITUDE 0. 0. 0.
9.199 26 NAVIGATION 3 0 0. 0. 0. 0. 0 0 0 1 0 0
9.199 26 ATTITUDE 0. 0. 0.
9.232 26 NAVIGATION 3 2 0. 0. 198.624115 0. 0 0 0 0 0 0
9.298 26 AIRSPEED 0. 14. 0. 6.
9.298 26 DESIRED -0.508721 0.261799 5.668788 -114.5 162.300003 235. 0. 14.
9.299 26 ATTITUDE 0. 0. 0.
9.349 26 GPS 3 36028477 481359546 899 185000 0 9 0 100373720 31 0
9.398 26 WP_MOVED 10 360452.8125 4813581. 260. 31
9.399 26 ATTITUDE -0.020662 -0.000888 0.001714
9.484 26 NAVIGATION 3 2 0. 0. 198.624115 0. 0 1 1 0 0 0
9.499 26 FBW_STATUS 2 0 1 12.5 5.45989
9.499 26 ESTIMATOR 185. 0.
9.500 26 DESIRED -0.324402 0.262509 5.668788 -114.5 162.300003 235. 0. 14.
9.500 26 ATTITUDE -0.040662 -0.002716 0.004148
9.599 26 GPS_SOL 659 659 659 7
9.599 26 GPS 3 36028477 481359823 3599 184998 1151 3 0 100373960 31 0
9.600 26 ATTITUDE -0.070662 -0.0074 0.009494
9.699 26 DESIRED -0.324402 0.263382 5.668788 -114.5 162.300003 235. 0. 14.
9.699 26 ATTITUDE -0.090662 -0.011806 0.01407
9.732 26 NAVIGATION 3 2 0. 2.5 196.586594 2.5 0 1 1 0 0 0
9.798 26 ATTITUDE -0.120662 -0.020292 0.022281
9.848 26 GPS 3 36028473 481360209 3593 184995 1380 -3 0 100374240 31 0
9.849 26 SVINFO 2 9 0 2 49 1 113
9.899 26 AIR_DATA 99126.859375 0. -1000. 1013.25 0. -1. -1.
9.900 26 WP_MOVED 11 360169.5 4813757.5 260. 31
9.900 26 DESIRED -0.409931 0.264254 5.661458 -114.5 162.300003 235. 0. 14.
9.900 26 ATTITUDE -0.140662 -0.02716 0.028569
9.981 26 NAVIGATION 3 2 -0.03125 6.5 193.330627 6.500075 0 1 1 0 0 0
9.999 26 ENERGY 78 12.5 21.161446 264.518066 0.011666 0.145821
9.999 26 ESTIMATOR 184.998718 -0.000555
9.999 26 ATTITUDE -0.170662 -0.039194 0.039099
10.099 26 GPS 3 36028463 481360550 3583 185029 1420 12 0 100374480 31 0
10.100 26 DESIRED -0.491346 0.265127 5.649538 -114.5 162.300003 235. 0. 14.
10.100 26 ATTITUDE -0.190662 -0.048316 0.046786
10.199 26 DL_VALUE 15 50.
10.199 26 NAVIGATION 3 2 -0.125 10. 193.330627 6.500075 0 1 1 0 0 0
10.199 26 ATTITUDE -0.220662 -0.063558 0.059224
10.233 26 NAVIGATION 3 2 -0.125 10. 190.465042 10.000781 0 1 1 0 0 0
10.299 26 AIRSPEED 15.318415 14. 0. 6.
10.300 26 DESIRED -0.496827 0.266 5.639054 -114.5 162.300003 235. 0. 14.
10.301 26 ATTITUDE -0.240662 -0.074719 0.068064
10.349 26 GPS 3 36028443 481360906 3567 185149 1488 71 0 100374720 31 0
10.399 26 WP_MOVED 0 360326. 4813637. 260. 31
10.399 26 ATTITUDE -0.270662 -0.092955 0.082044
10.482 26 TAKEOFF 23
10.483 26 NAVIGATION 3 2 -0.3125 13.5 187.563919 13.503616 1 2 2 0 0 0
10.499 26 CALIBRATION 0. 0
10.499 26 ESTIMATOR 185.032043 0.014526
10.499 26 DESIRED -0.503873 0.267047 5.628648 -114.5 162.300003 235. 0. 14.
10.499 26 ATTITUDE -0.300662 -0.112998 0.096742
10.602 26 GPS 3 36028409 481361279 3548 185402 1557 115 0 100374960 31 0
10.602 26 ATTITUDE -0.320662 -0.12738 0.10684
10.682 26 FBW_STATUS 2 0 1 12.5 27.672886
10.699 26 DESIRED -0.503873 0.267745 5.628648 -114.5 162.300003 235. 0. 14.
10.700 26 ATTITUDE -0.340662 -0.14259 0.117124
10.732 26 NAVIGATION 3 2 -0.65625 17.5 184.194031 17.5123 1 2 2 0 0 0
10.799 26 ATTITUDE -0.370662 -0.166991 0.132783
10.849 26 GPS 3 36028348 481361725 3520 185895 1613 206 0 100375240 31 0
10.900 26 WP_MOVED 1 360284. 4813595. 260. 31
10.900 26 DESIRED -0.505675 0.268618 5.616907 -114.5 162.300003 235. 0. 14.
10.900 26 ATTITUDE -0.390662 -0.18434 0.143292
10.982 26 NAVIGATION 3 2 -1.28125 22. 180.284714 22.037277 1 2 2 0 0 0
11.000 26 ESTIMATOR 185.275558 0.11851
11.000 26 ATTITUDE -0.420662 -0.212033 0.159028
11.099 26 ENERGY 88 12.5 27.672886 345.911072 0.061624 0.770304
11.100 26 GPS 3 36028274 481362113 3491 186486 1644 254 0 100375480 31 0
11.100 26 SVINFO 0 7 0 0 48 70 14
11.101 26 DESIRED -0.487004 0.26949 5.604205 -114.5 162.300003 235. 0. 14.
11.101 26 ATTITUDE -0.440662 -0.231639 0.169403
11.199 26 AIR_DATA 99109.34375 0. -1000. 1013.25 0. -1. -1.
11.199 26 NAVIGATION 3 2 -2.03125 25.5 180.284714 22.037277 1 2 2 0 0 0
11.200 26 ATTITUDE -0.470522 -0.262818 0.184701
11.232 26 NAVIGATION 3 2 -2.03125 25.5 177.097321 25.580774 1 2 2 0 0 0
11.299 26 AIRSPEED 16.683615 14. 0. 6.
11.300 26 DESIRED -0.456126 0.270344 5.595089 -114.5 162.300003 235. 0. 14.
11.300 26 ATTITUDE -0.489559 -0.284783 0.194634
11.349 26 GPS 3 36028176 481362500 3458 187222 1662 329 0 100375720 31 0
11.399 26 WP_MOVED 2 360333.5 4813695. 260. 31
11.399 26 ATTITUDE -0.513726 -0.319333 0.209063
11.483 26 NAVIGATION 3 2 -3. 29.5 173.401535 29.652149 2 3 3 0 0 0
11.501 26 FBW_STATUS 2 0 1 12.5 27.672886
11.502 26 ESTIMATOR 185.94426 0.383415
11.502 26 DESIRED -0.414471 0.270978 5.584755 -114.5 162.300003 235. 0. 14.
11.502 26 ATTITUDE -0.525874 -0.343231 0.218309
11.582 26 COMMANDS 8524,857,356,0,0
11.599 26 PPRZ_MODE 2 1 3 0 0 6
11.599 26 GPS_SOL 668 668 668 7
11.600 26 GPS 3 36028053 481362881 3420 188084 1670 371 0 100375960 31 0
11.600 26 ATTITUDE -0.536386 -0.379926 0.231543
11.699 26 DL_VALUE 16 50.
11.699 26 DESIRED -0.414471 0.271172 5.584755 -114.5 162.300003 235. 0. 14.
11.700 26 ATTITUDE -0.537034 -0.40458 0.239896
11.733 26 NAVIGATION 3 2 -4.21875 33.5 169.562363 33.764595 2 3 3 0 0 0
11.799 26 ATTITUDE -0.528831 -0.441214 0.251668
11.849 26 GPS 3 36027874 481363313 3371 189231 1670 407 0 100376240 31 0
11.899 26 COMMANDS 8524,1084,126,0,0
11.899 26 WP_MOVED 3 360294.09375 4813785. 260. 31
11.899 26 DESIRED -0.359205 0.270807 5.575091 -114.5 162.300003 235. 0. 14.
11.899 26 ATTITUDE -0.516102 -0.464984 0.258979
11.982 26 NAVIGATION 3 2 -6.03125 38. 164.97261 38.475655 2 3 3 0 0 0
11.999 26 ESTIMATOR 187.163971 0.829365
11.999 26 ATTITUDE -0.488298 -0.499006 0.269111
12.099 26 GPS 3 36027693 481363669 3330 190326 1664 458 0 100376480 31 0
12.099 26 DESIRED -0.282326 0.269798 5.565695 -114.5 162.300003 235. 0. 14.
12.100 26 ATTITUDE -0.458298 -0.530809 0.278206
12.198 26 DATALINK_REPORT 3 4 939 827 0 0
12.198 26 ENERGY 88 12.5 27.672886 345.911072 0.112358 1.404473
12.199 26 NAVIGATION 3 2 -7.84375 41.5 164.97261 38.475655 2 3 3 0 0 0
12.199 26 ATTITUDE -0.438298 -0.5508 0.283677
12.232 26 NAVIGATION 3 2 -7.84375 41.5 161.1465 42.234753 2 3 3 0 0 0
12.299 26 ALIVE 128,247,33,237,150,226,125,96,211,120,85,14,103,22,52,69
12.301 26 AIRSPEED 16.475136 14. 0. 6.
12.303 26 DESIRED -0.220474 0.2691 5.559889 -114.5 162.300003 235. 0. 14.
12.303 26 ATTITUDE -0.418298 -0.569842 0.28868
12.349 26 GPS 3 36027490 481364011 3293 191521 1654 483 0 100376720 31 0
12.399 26 WP_MOVED 4 360416.3125 4813734. 260. 31
12.400 26 ATTITUDE -0.388298 -0.596651 0.295318
12.482 26 NAVIGATION 3 2 -9.875 44.5 157.553894 45.582516 3 4 4 0 0 0
12.499 26 AIR_DATA 99050.195312 0. -1000. 1013.25 0. -1. -1.
12.499 26 ESTIMATOR 188.976471 1.43301
12.499 26 DESIRED -0.161384 0.268227 5.556952 -114.5 162.300003 235. 0. 14.
12.499 26 ATTITUDE -0.368298 -0.613371 0.299173
12.599 26 CALIBRATION 0. 0
12.600 26 GPS 3 36027270 481364338 3260 192800 1641 531 0 100376960 31 0
12.600 26 ATTITUDE -0.338298 -0.636742 0.304127
12.683 26 FBW_STATUS 2 0 1 12.5 27.672886
12.700 26 DESIRED -0.161384 0.267355 5.556952 -114.5 162.300003 235. 0. 14.
12.700 26 ATTITUDE -0.318298 -0.651194 0.306893
12.733 26 NAVIGATION 3 2 -12.03125 48. 153.50679 49.484856 3 4 4 0 0 0
12.799 26 ATTITUDE -0.288298 -0.671191 0.310278
12.848 26 GPS 3 36026997 481364702 3229 194375 1623 555 0 100377240 31 0
12.898 26 WP_MOVED 5 360421. 4813583.5 260. 31
12.899 26 DESIRED -0.114761 0.266482 5.552313 -114.5 162.300003 235. 0. 14.
12.899 26 ATTITUDE -0.268298 -0.683407 0.312048
12.983 26 NAVIGATION 3 2 -14.78125 51.5 149.065323 53.579243 3 4 4 0 0 0
12.999 26 ESTIMATOR 191.3517 2.149384
13.000 26 ATTITUDE -0.238298 -0.700064 0.31402
13.100 26 GPS 3 36026753 481365000 3206 195769 1607 564 0 100377480 31 0
13.102 26 SVINFO 1 8 0 1 49 23 65
13.102 26 DESIRED -0.063336 0.265609 5.550376 -114.5 162.300003 235. 0. 14.
13.103 26 ATTITUDE -0.218298 -0.710059 0.314907
13.199 26 DL_VALUE 17 0.
13.199 26 NAVIGATION 3 2 -17.21875 54.5 149.065323 53.579243 3 4 4 0 0 0
13.200 26 ATTITUDE -0.188298 -0.723386 0.315645
13.232 26 NAVIGATION 3 2 -17.21875 54.5 145.204971 57.155361 3 4 4 0 0 0
13.298 26 ENERGY 88 12.5 27.672886 345.911072 0.163092 2.038643
13.298 26 AIRSPEED 15.836668 14. 0. 6.
13.299 26 DESIRED -0.033284 0.264737 5.549033 -114.5 162.300003 235. 0. 14.
13.299 26 ATTITUDE -0.168298 -0.731162 0.315772
13.349 26 GPS 3 36026502 481365288 3189 197184 1592 584 0 100377720 31 0
13.399 26 WP_MOVED 6 360164.8125 4813664.5 260. 31
13.399 26 ATTITUDE -0.138298 -0.741156 0.315466
13.482 26 NAVIGATION 3 2 -19.71875 57.5 141.302963 60.787163 4 5 5 0 0 0
13.498 26 FBW_STATUS 2 0 1 12.5 27.672886
13.499 26 ESTIMATOR 194.208725 2.916336
13.499 26 DESIRED -0.008179 0.263864 5.547944 -114.5 162.300003 235. 0. 14.
13.499 26 ATTITUDE -0.118298 -0.746705 0.314962
13.599 26 NAVIGATION_REF 360284 4813595 31 185.
13.599 26 GPS_SOL 676 676 676 7
13.600 26 GPS 3 36026247 481365568 3176 198603 1578 593 0 100377960 31 0
13.600 26 ATTITUDE -0.088298 -0.753352 0.313803
13.700 26 DESIRED -0.008179 0.262991 5.547944 -114.5 162.300003 235. 0. 14.
13.701 26 ATTITUDE -0.068298 -0.756663 0.312791
13.733 26 NAVIGATION 3 2 -22.28125 60. 137.730133 64.003548 4 5 5 0 0 0
13.800 26 AIR_DATA 98967.070312 0. -1000. 1013.25 0. -1. -1.
13.800 26 ATTITUDE -0.038298 -0.759941 0.31096
13.848 26 GPS 3 36025947 481365887 3167 200244 1564 563 0 100378240 31 0
13.900 26 WP_MOVED 7 360558.40625 4813804.5 260. 31
13.900 26 DESIRED 0.012367 0.262119 5.549568 -114.5 162.300003 235. 0. 14.
13.900 26 ATTITUDE -0.018327 -0.760998 0.309559
13.982 26 NAVIGATION 3 2 -25.28125 63.5 133.121841 68.34758 4 5 5 0 0 0
13.998 26 ESTIMATOR 197.382309 3.654521
13.998 26 ATTITUDE 0.010474 -0.760926 0.307227
14.099 26 GPS 3 36025689 481366158 3164 201629 1555 554 0 100378480 31 0
14.100 26 DESIRED 0.023451 0.262289 5.548702 -114.5 162.300003 235. 0. 14.
14.100 26 ATTITUDE 0.028055 -0.759845 0.305545
14.199 26 NAVIGATION 3 2 -27.875 66. 133.121841 68.34758 4 5 5 0 0 0
14.199 26 ATTITUDE 0.051402 -0.756836 0.302875
14.233 26 NAVIGATION 3 2 -27.875 66. 129.528305 71.645065 4 5 5 0 0 0
14.300 26 AIRSPEED 15.453092 14. 0. 6.
14.301 26 DESIRED 0.027288 0.262922 5.550629 -114.5 162.300003 235. 0. 14.
14.303 26 ATTITUDE 0.064313 -0.754037 0.301022
14.349 26 GPS 3 36025434 481366427 3165 202986 1548 532 0 100378720 31 0
14.399 26 ENERGY 88 12.5 27.672886 345.911072 0.213825 2.67282
14.399 26 WP_MOVED 8 360461.40625 4813640. 215. 31
14.399 26 ATTITUDE 0.07928 -0.748905 0.298173
14.482 26 NAVIGATION 3 2 -32.9375 71.5 122.053604 78.721848 5 6 6 0 0 0
14.499 26 ESTIMATOR 200.720917 4.302286
14.500 26 DESIRED 0.01252 0.263345 5.55133 -114.5 162.300003 235. 0. 14.
14.500 26 ATTITUDE 0.088538 -0.742996 0.295283
14.599 26 GPS 3 36025181 481366699 3170 204313 1543 519 0 100378960 31 0
14.600 26 SVINFO 0 7 0 0 49 64 16
14.600 26 ATTITUDE 0.091102 -0.738835 0.293356
14.682 26 FBW_STATUS 2 0 1 12.5 27.672886
14.700 26 CALIBRATION 0. 0
14.701 26 DL_VALUE 18 1.
14.701 26 DESIRED 0.01252 0.263383 5.55133 -114.5 162.300003 235. 0. 14.
14.701 26 ATTITUDE 0.090732 -0.734655 0.291443
14.732 26 NAVIGATION 3 2 -35.84375 74.5 117.879799 82.67421 5 6 6 0 0 0
14.798 26 ATTITUDE 0.085138 -0.728631 0.288612
14.849 26 GPS 3 36024891 481367018 3178 205822 1541 540 0 100379240 31 0
14.900 26 WP_MOVED 9 360312.8125 4813652. 185. 31
14.900 26 DESIRED 0.000905 0.263164 5.552664 -114.5 162.300003 235. 0. 14.
14.900 26 ATTITUDE 0.07817 -0.724955 0.286762
14.983 26 NAVIGATION 3 2 -38.28125 77.5 114.019028 86.439018 5 6 6 0 0 0
14.999 26 ESTIMATOR 204.060242 4.81138
14.999 26 ATTITUDE 0.063813 -0.720213 0.284062
15.100 26 AIR_DATA 98867.578125 0. -1000. 1013.25 0. -1. -1.
15.100 26 GPS 3 36024646 481367295 3185 207086 1541 527 0 100379480 31 0
15.101 26 DESIRED -0.010829 0.262601 5.55103 -114.5 162.300003 235. 0. 14.
15.101 26 ATTITUDE 0.045922 -0.716627 0.281466
15.199 26 NAVIGATION 3 2 -38.28125 77.5 114.019028 86.439018 5 6 6 0 0 0
15.200 26 ATTITUDE 0.03267 -0.714976 0.279803
15.233 26 NAVIGATION 3 2 -40.71875 80.5 110.158585 90.212341 5 6 6 0 0 0
15.299 26 AIRSPEED 15.432341 14. 0. 6.
15.299 26 DESIRED -0.018184 0.262129 5.549282 -114.5 162.300003 235. 0. 14.
15.299 26 ATTITUDE 0.018884 -0.713953 0.278198
15.350 26 GPS 3 36024403 481367574 3189 208327 1542 516 0 100379720 31 0
15.400 26 WP_MOVED 10 360452.8125 4813581. 260. 31
15.400 26 ATTITUDE -0.002113 -0.713619 0.275901
15.482 26 NAVIGATION 3 2 -43.15625 83. 106.669685 93.549248 6 7 7 0 0 0
15.499 26 FBW_STATUS 2 0 1 12.5 27.672886
15.500 26 ENERGY 88 12.5 27.672886 345.911072 0.264559 3.306998
15.500 26 ESTIMATOR 207.31131 5.171216
15.500 26 DESIRED -0.017507 0.262072 5.550553 -114.5 162.300003 235. 0. 14.
15.500 26 ATTITUDE -0.01564 -0.714182 0.274448
15.599 26 GPS_SOL 683 683 683 7
15.600 26 GPS 3 36024160 481367855 3191 209549 1544 519 0 100379960 31 0
15.600 26 ATTITUDE -0.034211 -0.716117 0.272393
15.699 26 DESIRED -0.017507 0.262583 5.550553 -114.5 162.300003 235. 0. 14.
15.700 26 ATTITUDE -0.044885 -0.71805 0.271112
15.733 26 NAVIGATION 3 2 -46. 86.5 102.165993 97.970657 6 7 7 0 0 0
15.799 26 ATTITUDE -0.057721 -0.721732 0.26933
15.849 26 GPS 3 36023876 481368181 3188 210955 1547 519 0 100380240 31 0
15.899 26 WP_MOVED 11 360169.5 4813757.5 260. 31
15.899 26 DESIRED -0.014565 0.262913 5.548333 -114.5 162.300003 235. 0. 14.
15.900 26 ATTITUDE -0.063801 -0.72458 0.268237
15.982 26 NAVIGATION 4 0 -48.46875 89. 0. 101.342094 6 0 0 0 0 0
15.999 26 ESTIMATOR 210.403183 5.38622
16.000 26 ATTITUDE -0.069073 -0.729209 0.266743
16.099 26 GPS 3 36023629 481368459 3184 212146 1550 512 0 100380480 31 0
16.100 26 DESIRED -0.005848 0.263021 5.548333 -114.5 162.300003 235. 0. 14.
16.100 26 ATTITUDE -0.069975 -0.732394 0.265843
16.199 26 DL_VALUE 19 1013.25
16.199 26 NAVIGATION 4 0 -48.46875 89. 0. 101.342094 6 0 0 0 0 0
16.199 26 ATTITUDE -0.067291 -0.737074 0.264633
16.233 26 NAVIGATION 4 0 -50.9375 92. 0. 105.160019 6 0 0 0 0 0
16.299 26 AIRSPEED 15.554589 14. 14. 6.
16.299 26 DESIRED 0.872665 0.092033 0.333598 -25.900497 164.246429 260. 0.5 14.
16.299 26 ATTITUDE -0.063128 -0.739997 0.263919
16.349 26 GPS 3 36023379 481368736 3179 213328 1553 513 0 100380720 31 0
16.399 26 AIR_DATA 98794.445312 0. -1000. 1013.25 0. -1. -1.
16.399 26 CIRCLE 49.5 100.099998 70.
16.399 26 WP_MOVED 0 360326. 4813637. 260. 31
16.400 26 ATTITUDE -0.033128 -0.742938 0.261588
16.483 26 NAVIGATION 4 0 -53.46875 94.5 0. 108.577888 7 1 1 0 0 0
16.500 26 PPRZ_MODE 2 3 3 2 0 6
16.500 26 ESTIMATOR 213.333633 5.484406
16.500 26 DESIRED 0.872665 0.165763 0.387611 -24.198067 166.195343 260. 1. 14.
16.500 26 ATTITUDE -0.013128 -0.743764 0.25906
16.583 26 COMMANDS 5164,6372,-623,0,0
16.600 26 ENERGY 50 12.5 14.692654 183.658173 0.311324 3.891564
16.600 26 GPS 3 36023127 481369010 3174 214501 1550 519 0 100380960 31 0
16.600 26 ATTITUDE 0.016872 -0.743289 0.254303
16.682 26 FBW_STATUS 2 0 1 12.5 11.425879
16.700 26 DESIRED 0.872665 0.164349 0.387611 -24.198067 166.195343 260. 1. 14.
16.700 26 ATTITUDE 0.046872 -0.740705 0.249094
16.732 26 NAVIGATION 4 0 -56.34375 97.5 0. 112.60936 7 1 1 0 0 0
16.799 26 CALIBRATION 0. 0
16.799 26 ATTITUDE 0.066872 -0.737768 0.245536
16.849 26 GPS 3 36022841 481369323 3174 215828 1508 489 0 100381240 31 0
16.899 26 COMMANDS 3336,5806,-19,0,0
16.900 26 WP_MOVED 1 360284. 4813595. 260. 31
16.900 26 DESIRED 0.872665 0.233998 0.449046 -22.197884 168.359894 260. 1.5 14.
16.901 26 ATTITUDE 0.086872 -0.733816 0.242233
16.982 26 NAVIGATION 4 0 -58.65625 100. 0. 115.933411 7 1 1 0 0 0
16.999 26 ESTIMATOR 216.091019 5.488176
17.000 26 ATTITUDE 0.116872 -0.725912 0.237718
17.100 26 GPS 3 36022609 481369580 3180 216876 1443 439 0 100381480 31 0
17.100 26 DESIRED 0.872665 0.305131 0.498141 -20.564682 170.035248 260. 2. 14.
17.100 26 ATTITUDE 0.136872 -0.719285 0.235073
17.200 26 NAVIGATION 4 0 -58.65625 100. 0. 115.933411 7 1 1 0 0 0
17.200 26 ATTITUDE 0.166872 -0.707269 0.232089
17.233 26 NAVIGATION 4 0 -60.84375 102.5 0. 119.198204 7 1 1 0 0 0
17.299 26 DATALINK_REPORT 8 4 1118 807 0 0
17.300 26 AIRSPEED 13.694448 14. 14. 6.
17.301 26 DESIRED 0.872665 0.377909 0.544867 -18.961288 171.605606 260. 2.5 14.
17.301 26 ATTITUDE 0.186872 -0.697857 0.230697
17.349 26 GPS 3 36022391 481369833 3191 217809 1390 391 0 100381720 31 0
17.400 26 ALIVE 128,247,33,237,150,226,125,96,211,120,85,14,103,22,52,69
17.400 26 WP_MOVED 2 360333.5 4813695. 260. 31
17.401 26 ATTITUDE 0.216872 -0.681622 0.229876
17.450 26 CIRCLE 49.5 100.099998 70.
17.483 26 NAVIGATION 4 0 -62.90625 105.5 0. 122.830963 8 2 2 0 0 0
17.499 26 FBW_STATUS 2 0 1 12.5 13.05073
17.499 26 ESTIMATOR 218.624039 5.392797
17.500 26 DESIRED 0.872665 0.440466 0.594033 -17.060432 173.378296 260. 3. 14.
17.500 26 ATTITUDE 0.236872 -0.669392 0.230169
17.599 26 GPS_SOL 689 689 689 7
17.600 26 GPS 3 36022184 481370086 3208 218635 1361 343 0 100381960 31 0
17.600 26 ATTITUDE 0.266872 -0.648931 0.231923
17.700 26 DL_VALUE 20 1.
17.700 26 AIR_DATA 98732.304688 0. -1000. 1013.25 0. -1. -1.
17.700 26 ENERGY 55 12.5 14.689131 183.614136 0.33219 4.152385
17.700 26 DESIRED 0.872665 0.441339 0.594033 -17.060432 173.378296 260. 3. 14.
17.700 26 ATTITUDE 0.286872 -0.633898 0.234077
17.733 26 NAVIGATION 4 0 -65.15625 108.5 0. 126.560608 8 2 2 0 0 0
17.800 26 ATTITUDE 0.316872 -0.60926 0.238619
17.849 26 GPS 3 36021958 481370390 3234 219502 1353 297 0 100382240 31 0
17.900 26 WP_MOVED 3 360294.09375 4813785. 260. 31
17.900 26 DESIRED 0.872665 0.442212 0.644101 -15.198227 175.027557 260. 3.5 14.
17.901 26 ATTITUDE 0.336872 -0.591457 0.242433
17.982 26 NAVIGATION 4 0 -65.15625 108.5 0. 126.560608 8 2 2 0 0 0
17.999 26 ESTIMATOR 220.793488 5.162024
17.999 26 ATTITUDE 0.366872 -0.562701 0.24919
18.100 26 GPS 3 36021777 481370662 3264 220206 1360 295 0 100382480 31 0
18.101 26 DESIRED 0.872665 0.443085 0.644101 -15.198227 175.027557 260. 4. 14.
18.101 26 ATTITUDE 0.386872 -0.542147 0.254307
18.153 26 WIND_INFO 26 5 -0.6 6.8 0. 10.1
18.154 26 WIND_INFO_RET 5 -0.6 6.8 0. 13.704073
18.199 26 NAVIGATION 4 0 -67. 111. 0. 126.560608 8 2 2 0 0 0
18.199 26 ATTITUDE 0.416872 -0.509273 0.262775
18.232 26 NAVIGATION 4 0 -67. 111. 0. 129.653381 8 2 2 0 0 0
18.299 26 AIRSPEED 13.83424 14. 14. 6.
18.299 26 DESIRED 0.872665 0.443957 0.684669 -13.674721 176.316498 260. 3.994607 14.
18.299 26 ATTITUDE 0.436872 -0.485982 0.268879
18.350 26 GPS 3 36021612 481370947 3298 220909 1374 313 0 100382720 31 0
18.399 26 WP_MOVED 4 360416.3125 4813734. 260. 31
18.400 26 ATTITUDE 0.466872 -0.448932 0.27861
18.484 26 NAVIGATION 4 0 -68.625 114. 0. 133.0616 9 3 3 0 0 0
18.498 26 CIRCLE 49.5 100.099998 70.
18.499 26 ESTIMATOR 222.603287 4.826205
18.499 26 DESIRED 0.872665 0.44483 0.727284 -11.839745 177.800934 260. 3.922915 14.
18.499 26 ATTITUDE 0.486872 -0.422789 0.285414
18.599 26 GPS 3 36021465 481371246 3339 221637 1387 322 0 100382960 31 0
18.600 26 ATTITUDE 0.516872 -0.381345 0.29599
18.683 26 FBW_STATUS 2 0 1 12.5 16.704817
18.699 26 DESIRED 0.872665 0.445702 0.727284 -11.839745 177.800934 260. 3.922915 14.
18.699 26 ATTITUDE 0.536872 -0.35218 0.303227
18.733 26 NAVIGATION 4 0 -70.125 117. 0. 136.405701 9 3 3 0 0 0
18.799 26 ENERGY 60 12.5 16.356852 204.460648 0.362821 4.53527
18.799 26 ATTITUDE 0.566872 -0.306051 0.314265
18.849 26 GPS 3 36021325 481371611 3394 222534 1396 330 0 100383240 31 0
18.899 26 CALIBRATION 0. 0
18.899 26 WP_MOVED 5 360421. 4813583.5 260. 31
18.899 26 DESIRED 0.872665 0.446575 0.768243 -10.019733 179.203735 260. 3.823706 14.
18.899 26 ATTITUDE 0.586872 -0.273654 0.32169
18.982 26 NAVIGATION 4 0 -71.5 120.5 0. 140.116028 9 3 3 0 0 0
19.000 26 AIR_DATA 98686.679688 0. -1000. 1013.25 0. -1. -1.
19.000 26 ESTIMATOR 224.167282 4.458812
19.000 26 ATTITUDE 0.616872 -0.222495 0.332846
19.100 26 GPS 3 36021237 481371935 3448 223344 1398 344 0 100383480 31 0
19.100 26 DESIRED 0.872665 0.447448 0.812421 -7.888447 180.763275 260. 3.758852 14.
19.101 26 ATTITUDE 0.636872 -0.186626 0.340246
19.199 26 DL_VALUE 21 0.
19.200 26 NAVIGATION 4 0 -72.375 124. 0. 140.116028 9 3 3 0 0 0
19.200 26 ATTITUDE 0.666872 -0.130068 0.351225
19.233 26 NAVIGATION 4 0 -72.375 124. 0. 143.576248 9 3 3 0 0 0
19.298 26 AIRSPEED 13.95061 14. 14. 6.
19.298 26 DESIRED 0.872665 0.44832 0.852476 -5.721039 182.262268 260. 3.665322 14.
19.299 26 ATTITUDE 0.686872 -0.090465 0.358423
19.349 26 GPS 3 36021185 481372266 3509 224184 1396 357 0 100383720 31 0
19.400 26 WP_MOVED 6 360164.8125 4813664.5 260. 31
19.400 26 ATTITUDE 0.716872 -0.028093 0.368984
19.482 26 NAVIGATION 4 0 -72.90625 127. 0. 146.438797 10 4 4 0 0 0
19.499 26 FBW_STATUS 2 0 1 12.5 15.982412
19.500 26 ESTIMATOR 225.642639 4.13248
19.500 26 DESIRED 0.872665 0.449193 0.885174 -3.843872 183.493225 260. 3.604087 14.
19.501 26 ATTITUDE 0.736872 0.015544 0.375836
19.549 26 CIRCLE 49.5 100.099998 70.
19.599 26 GPS_SOL 693 693 693 7
19.600 26 GPS 3 36021172 481372600 3578 225044 1392 370 0 100383960 31 0
19.600 26 ATTITUDE 0.766872 0.084202 0.385791
19.700 26 DESIRED 0.872665 0.450066 0.885174 -3.843872 183.493225 260. 3.604087 14.
19.700 26 ATTITUDE 0.786872 0.132193 0.39219
19.733 26 NAVIGATION 4 0 -73.03125 130.5 0. 149.545349 10 4 4 0 0 0
19.799 26 AUTOPILOT_VERSION 51500 v5.15_devel-179-g9a29798-dirty
19.799 26 ATTITUDE 0.816087 0.207605 0.401402
19.849 26 GPS 3 36021214 481372986 69 226054 1385 376 0 100384240 31 0
19.899 26 ENERGY 58 12.5 15.707983 196.349792 0.392184 4.90231
19.900 26 WP_MOVED 7 360558.40625 4813804.5 260. 31
19.900 26 DESIRED 0.736243 0.450857 0.92007 -1.584251 184.89621 260. 3.51297 14.
19.900 26 ATTITUDE 0.832231 0.259977 0.407271
19.985 26 NAVIGATION 4 0 -72.59375 134.5 0. 152.840118 10 4 4 0 0 0
19.998 26 ESTIMATOR 227.117752 3.877502
19.998 26 ATTITUDE 0.850335 0.341021 0.41565
20.098 26 GPS 3 36021304 481373305 156 226909 1380 376 0 100384480 31 0
20.098 26 DESIRED 0.625019 0.451297 0.95671 1.106693 186.46022 260. 3.449348 14.
20.099 26 ATTITUDE 0.857387 0.39621 0.42094
20.199 26 NAVIGATION 4 0 -71.71875 137.5 0. 152.840118 10 4 4 0 0 0
20.199 26 ATTITUDE 0.856367 0.479336 0.428421
20.232 26 NAVIGATION 4 0 -71.71875 137.5 0. 155.080063 10 4 4 0 0 0
20.300 26 AIR_DATA 98635.5 0. -1000. 1013.25 0. -1. -1.
20.300 26 AIRSPEED 13.763987 14. 14. 6.
20.300 26 DESIRED 0.519095 0.451145 0.98143 3.248695 187.626099 260. 3.354297 14.
20.300 26 ATTITUDE 0.84868 0.534138 0.433105
20.349 26 GPS 3 36021444 481373604 250 227752 1376 360 0 100384720 31 0
20.400 26 WP_MOVED 8 360461.40625 4813640. 215. 31
20.400 26 ATTITUDE 0.823989 0.613869 0.439671
20.483 26 NAVIGATION 4 0 -70.3125 140.5 0. 157.11174 11 5 5 0 0 0
20.499 26 ESTIMATOR 228.627884 3.691574
20.499 26 DESIRED 0.402603 0.450365 1.003787 5.535648 188.796875 260. 3.290935 14.
20.499 26 ATTITUDE 0.803989 0.664794 0.44374
20.600 26 CIRCLE 49.5 100.099998 70.
20.600 26 GPS 3 36021630 481373876 343 228600 1373 342 0 100384960 31 0
20.600 26 ATTITUDE 0.773989 0.737894 0.449382
20.683 26 FBW_STATUS 2 0 1 12.5 15.381443
20.699 26 DL_VALUE 22 1.
20.699 26 DESIRED 0.402603 0.449492 1.003787 5.535648 188.796875 260. 3.290935 14.
20.700 26 ATTITUDE 0.753989 0.784528 0.452836
20.733 26 NAVIGATION 4 0 -68.4375 143.5 0. 158.984085 11 5 5 0 0 0
20.799 26 ATTITUDE 0.723989 0.851461 0.457566
20.849 26 GPS 3 36021894 481374153 442 229641 1367 365 0 100385240 31 0
20.900 26 WP_MOVED 9 360312.8125 4813652. 185. 31
20.900 26 DESIRED 0.558445 0.448619 1.024467 7.981373 189.967697 260. 3.195831 14.
20.900 26 ATTITUDE 0.703989 0.894153 0.460422
20.982 26 NAVIGATION 4 0 -65.78125 146. 0. 160.134857 11 5 5 0 0 0
20.998 26 CALIBRATION 0. 0
20.998 26 ENERGY 57 12.5 15.317118 191.463974 0.420501 5.256268
20.998 26 ESTIMATOR 230.177292 3.563776
20.999 26 ATTITUDE 0.673989 0.955414 0.464274
21.099 26 GPS 3 36022150 481374355 517 230597 1359 405 0 100385480 31 0
21.100 26 DESIRED 0.424321 0.447747 1.036734 10.359364 191.028595 260. 3.128402 14.
21.101 26 ATTITUDE 0.653989 0.994458 0.466561
21.199 26 NAVIGATION 4 0 -63.21875 148. 0. 160.134857 11 5 5 0 0 0
21.200 26 ATTITUDE 0.623989 1.050427 0.469589
21.235 26 NAVIGATION 4 0 -63.21875 148. 0. 160.936661 11 5 5 0 0 0
21.299 26 AIRSPEED 13.416903 14. 14. 6.
21.300 26 DESIRED 0.334968 0.446874 1.045095 12.452923 191.901489 260. 3.024495 14.
21.300 26 ATTITUDE 0.603989 1.086054 0.471348
21.350 26 GPS 3 36022426 481374524 585 231617 1348 453 0 100385720 31 0
21.399 26 PPRZ_MODE 2 3 3 2 0 6
21.399 26 WP_MOVED 10 360452.8125 4813581. 260. 31
21.399 26 ATTITUDE 0.573989 1.137037 0.473617
21.486 26 NAVIGATION 4 0 -60.5 150. 0. 161.741302 12 6 6 0 0 0
21.500 26 FBW_STATUS 2 0 1 12.5 15.431536
21.500 26 ESTIMATOR 231.858429 3.5198
21.500 26 DESIRED 0.249137 0.444984 1.053548 14.670719 192.76564 260. 2.952051 14.
21.501 26 ATTITUDE 0.553989 1.169429 0.474894
21.582 26 COMMANDS 5503,-1938,-165,0,0
21.598 26 GPS_SOL 697 697 697 7
21.600 26 AIR_DATA 98567.875 0. -1000. 1013.25 0. -1. -1.
21.600 26 GPS 3 36022716 481374661 646 232694 1335 479 0 100385960 31 0
21.600 26 ATTITUDE 0.523989 1.215665 0.476475
21.649 26 CIRCLE 49.5 100.099998 70.
21.700 26 DESIRED 0.249137 0.44246 1.053548 14.670719 192.76564 260. 2.952051 14.
21.700 26 ATTITUDE 0.503989 1.244949 0.477313
21.732 26 NAVIGATION 4 0 -57.59375 151. 0. 161.610764 12 6 6 0 0 0
21.800 26 ATTITUDE 0.473989 1.286598 0.478246
21.849 26 GPS 3 36023064 481374785 708 234008 1318 491 0 100386240 31 0
21.899 26 COMMANDS 5541,-2005,-338,0,0
21.899 26 WP_MOVED 11 360169.5 4813757.5 260. 31
21.899 26 DESIRED 0.161372 0.42276 1.050314 16.326206 193.371094 260. 2.838037 14.
21.900 26 ATTITUDE 0.453989 1.312868 0.478602
21.983 26 NAVIGATION 4 0 -54.125 152.5 0. 161.82016 12 6 6 0 0 0
21.999 26 ESTIMATOR 233.744858 3.5749
22.000 26 ATTITUDE 0.423989 1.350056 0.478751
22.100 26 ENERGY 58 12.5 15.503185 193.78981 0.448677 5.608473
22.100 26 GPS 3 36023367 481374863 755 235169 1304 508 0 100386480 31 0
22.101 26 DESIRED 0.074524 0.407587 1.050751 18.620369 194.155563 260. 2.754164 14.
22.101 26 ATTITUDE 0.403989 1.373377 0.478599
22.198 26 DL_VALUE 23 1.
22.198 26 NAVIGATION 4 0 -51.0625 153. 0. 161.82016 12 6 6 0 0 0
22.199 26 ATTITUDE 0.373989 1.406175 0.477958
22.233 26 NAVIGATION 4 0 -51.0625 153. 0. 161.295929 12 6 6 0 0 0
22.299 26 AIRSPEED 12.842378 14. 14. 6.
22.299 26 DESIRED 0.009049 0.385325 1.041604 20.137627 194.640198 260. 2.62279 14.
22.300 26 ATTITUDE 0.353989 1.42659 0.477278
22.349 26 GPS 3 36023672 481374918 796 236349 1291 514 0 100386720 31 0
22.399 26 DATALINK_REPORT 4 5 1302 831 0 0
22.399 26 WP_MOVED 0 360326. 4813637. 260. 31
22.400 26 ATTITUDE 0.323989 1.455053 0.475807
22.483 26 NAVIGATION 4 0 -48.03125 153.5 0. 160.839203 13 7 7 0 0 0
22.499 26 ALIVE 128,247,33,237,150,226,125,96,211,120,85,14,103,22,52,69
22.499 26 ESTIMATOR 235.868851 3.718989
22.499 26 DESIRED -0.049412 0.369024 1.032835 21.717821 195.116577 260. 2.531358 14.
22.500 26 ATTITUDE 0.303989 1.472598 0.474538
22.600 26 NAVIGATION_REF 360284 4813595 31 185.
22.600 26 GPS 3 36023977 481374955 830 237537 1278 515 0 100386960 31 0
22.601 26 ATTITUDE 0.273989 1.496772 0.472211
22.683 26 FBW_STATUS 2 0 1 12.5 15.632429
22.700 26 CIRCLE 49.5 100.099998 70.
22.700 26 DESIRED -0.049412 0.366525 1.032835 21.717821 195.116577 260. 2.531358 14.
22.700 26 ATTITUDE 0.253989 1.511464 0.470373
22.732 26 NAVIGATION 4 0 -45. 154. 0. 160.440018 13 7 7 0 0 0
22.799 26 ATTITUDE 0.223989 1.531368 0.467218
22.849 26 GPS 3 36024331 481374979 863 238919 1266 513 0 100387240 31 0
22.898 26 AIR_DATA 98495.15625 0. -1000. 1013.25 0. -1. -1.
22.898 26 WP_MOVED 1 360284. 4813595. 260. 31
22.898 26 DESIRED -0.098598 0.34282 1.024376 23.376486 195.585938 260. 2.389652 14.
22.898 26 ATTITUDE 0.203989 1.54322 0.464813
22.982 26 NAVIGATION 4 0 -41.4375 154.5 0. 159.960358 13 7 7 0 0 0
22.998 26 ESTIMATOR 238.181854 3.914045
22.998 26 ATTITUDE 0.173989 1.558873 0.460793
23.100 26 CALIBRATION 0. 0
23.100 26 GPS 3 36024632 481374987 885 240092 1257 496 0 100387480 31 0
23.100 26 SVINFO 6 13 0 6 48 62 320
23.102 26 DESIRED -0.148112 0.325346 1.013742 25.363945 196.107544 260. 2.288723 14.
23.102 26 ATTITUDE 0.153989 1.56789 0.457861
23.199 26 ENERGY 58 12.5 15.496016 193.700195 0.47715 5.964382
23.200 26 NAVIGATION 4 0 -38.4375 154.5 0. 159.960358 13 7 7 0 0 0
23.200 26 ATTITUDE 0.123989 1.579292 0.453062
23.233 26 NAVIGATION 4 0 -38.4375 154.5 0. 159.209579 13 7 7 0 0 0
23.299 26 AIRSPEED 12.476819 14. 14. 6.
23.299 26 DESIRED -0.182517 0.300122 0.99924 26.796553 196.45639 260. 2.135386 14.
23.300 26 ATTITUDE 0.103989 1.585476 0.449634
23.349 26 GPS 3 36024933 481374986 901 241245 1250 493 0 100387720 31 0
23.399 26 WP_MOVED 2 360333.5 4813695. 260. 31
23.399 26 ATTITUDE 0.073989 1.592628 0.444086
23.486 26 NAVIGATION 4 0 -35.4375 154.5 0. 158.512039 14 8 8 0 0 0
23.499 26 FBW_STATUS 2 0 1 12.5 15.327831
23.499 26 ESTIMATOR 240.62648 4.121967
23.499 26 DESIRED -0.2088 0.28244 0.984931 28.307068 196.799835 260. 2.032282 14.
23.499 26 ATTITUDE 0.053989 1.595979 0.440137
23.599 26 GPS_SOL 699 699 699 7
23.600 26 GPS 3 36025231 481374980 911 242372 1245 477 0 100387960 31 0
23.600 26 ATTITUDE 0.023989 1.598877 0.433861
23.698 26 DL_VALUE 24 0.
23.699 26 DESIRED -0.2088 0.280349 0.984931 28.307068 196.799835 260. 2.032282 14.
23.699 26 ATTITUDE 0.003989 1.599388 0.429442
23.732 26 NAVIGATION 4 0 -32.4375 154.5 0. 157.868423 14 8 8 0 0 0
23.749 26 CIRCLE 49.5 100.099998 70.
23.799 26 ATTITUDE -0.026011 1.598021 0.422508
23.852 26 GPS 3 36025579 481374970 916 243647 1241 446 0 100388240 31 0
23.899 26 WP_MOVED 3 360294.09375 4813785. 260. 31
23.900 26 DESIRED -0.228467 0.256803 0.970933 29.900755 197.135406 260. 1.878018 14.
23.900 26 ATTITUDE -0.046011 1.595683 0.417647
23.983 26 NAVIGATION 4 0 -28.9375 154.5 0. 157.1866 14 8 8 0 0 0
23.999 26 ESTIMATOR 243.102676 4.299232
23.999 26 ATTITUDE -0.076011 1.59003 0.410057
24.099 26 GPS 3 36025876 481374963 913 244698 1238 419 0 100388480 31 0
24.099 26 DESIRED -0.242212 0.240848 0.955167 31.872725 197.512939 260. 1.772529 14.
24.100 26 ATTITUDE -0.096011 1.584828 0.404825
24.200 26 AIR_DATA 98427.695312 0. -1000. 1013.25 0. -1. -1.
24.200 26 NAVIGATION 4 0 -26. 154.5 0. 157.1866 14 8 8 0 0 0
24.200 26 ATTITUDE -0.126011 1.574868 0.396709
24.233 26 NAVIGATION 4 0 -26. 154.5 0. 156.672424 14 8 8 0 0 0
24.299 26 ENERGY 54 12.5 14.271534 178.39418 0.504612 6.307653
24.299 26 AIRSPEED 12.394941 14. 14. 6.
24.299 26 DESIRED -0.243902 0.217626 0.942566 33.628021 197.81427 260. 1.617737 14.
24.300 26 ATTITUDE -0.146011 1.566786 0.391161
24.349 26 GPS 3 36026173 481374961 905 245707 1238 418 0 100388720 31 0
24.398 26 WP_MOVED 4 360416.3125 4813734. 260. 31
24.399 26 ATTITUDE -0.175972 1.55249 0.382579
24.483 26 NAVIGATION 4 0 -23.03125 154.5 0. 156.207199 15 9 9 0 0 0
24.498 26 ESTIMATOR 245.536758 4.418655
24.498 26 DESIRED -0.238731 0.202558 0.930575 35.501347 198.100189 260. 1.517194 14.
24.499 26 ATTITUDE -0.195622 1.541517 0.376713
24.599 26 GPS 3 36026471 481374965 890 246668 1239 408 0 100388960 31 0
24.599 26 ATTITUDE -0.223806 1.522966 0.367717
24.683 26 FBW_STATUS 2 0 1 12.5 14.100645
24.699 26 DESIRED -0.238731 0.202641 0.930575 35.501347 198.100189 260. 1.517194 14.
24.699 26 ATTITUDE -0.241097 1.509289 0.361592
24.732 26 NAVIGATION 4 0 -20.03125 154.5 0. 155.793137 15 9 9 0 0 0
24.798 26 CIRCLE 49.5 100.099998 70.
24.799 26 ATTITUDE -0.264062 1.487022 0.352258
24.849 26 GPS 3 36026818 481374985 866 247725 1242 377 0 100389240 31 0
24.900 26 WP_MOVED 5 360421. 4813583.5 260. 31
24.902 26 DESIRED -0.225564 0.180847 0.919389 37.502419 198.365234 260. 1.371841 14.
24.902 26 ATTITUDE -0.276781 1.471174 0.345908
24.983 26 NAVIGATION 4 0 -16.59375 154.5 0. 155.38855 15 9 9 0 0 0
24.999 26 ESTIMATOR 247.834167 4.454076
24.999 26 ATTITUDE -0.291641 1.446225 0.336241
25.098 26 GPS 3 36027116 481375016 840 248572 1246 357 0 100389480 31 0
25.099 26 DESIRED -0.199038 0.166369 0.907957 39.937626 198.632034 260. 1.276196 14.
25.099 26 ATTITUDE -0.298196 1.429035 0.329703
25.199 26 CALIBRATION 0. 0
25.199 26 DL_VALUE 25 70.
25.199 26 NAVIGATION 4 0 -13.59375 154.5 0. 155.38855 15 9 9 0 0 0
25.199 26 ATTITUDE -0.30273 1.402843 0.319782
25.234 26 NAVIGATION 4 0 -13.59375 154.5 0. 155.096863 15 9 9 0 0 0
25.299 26 AIRSPEED 12.556409 14. 14. 6.
25.299 26 DESIRED -0.170592 0.145744 0.899408 42.195011 198.825058 260. 1.14056 14.
25.299 26 ATTITUDE -0.302413 1.38536 0.31313
25.350 26 GPS 3 36027413 481375062 811 249366 1251 323 0 100389720 31 0
25.400 26 ENERGY 50 12.5 13.030313 162.878922 0.529858 6.623231
25.400 26 WP_MOVED 6 360164.8125 4813664.5 260. 31
25.400 26 ATTITUDE -0.296489 1.359528 0.303042
25.481 26 NAVIGATION 4 0 -10.625 155. 0. 155.363739 16 10 10 0 0 0
25.498 26 FBW_STATUS 2 0 1 12.5 13.040522
25.498 26 AIR_DATA 98373.234375 0. -1000. 1013.25 0. -1. -1.
25.498 26 ESTIMATOR 249.937622 4.397301
25.499 26 DESIRED -0.128186 0.132411 0.901706 45.007805 198.992981 260. 1.055543 14.
25.499 26 ATTITUDE -0.289186 1.342808 0.296264
25.600 26 GPS_SOL 699 699 699 7
25.600 26 GPS 3 36027708 481375124 781 250109 1257 311 0 100389960 31 0
25.600 26 ATTITUDE -0.273354 1.318867 0.28604
25.699 26 DESIRED -0.128186 0.131629 0.901706 45.007805 198.992981 260. 1.055543 14.
25.700 26 ATTITUDE -0.25947 1.303892 0.279187
25.734 26 NAVIGATION 4 0 -7.65625 156. 0. 156.187759 16 10 10 0 0 0
25.798 26 ATTITUDE -0.234567 1.283228 0.268893
25.850 26 CIRCLE 49.5 100.099998 70.
25.850 26 GPS 3 36028050 481375215 747 250918 1266 284 0 100390240 31 0
25.899 26 WP_MOVED 7 360558.40625 4813804.5 260. 31
25.900 26 DESIRED -0.076068 0.112791 0.915453 48.40007 199.088837 260. 0.936716 14.
25.900 26 ATTITUDE -0.215038 1.27083 0.261993
25.985 26 NAVIGATION 4 0 -4.28125 156.5 0. 156.558548 16 10 10 0 0 0
26.000 26 ESTIMATOR 251.791 4.245848
26.002 26 ATTITUDE -0.185038 1.254426 0.251628
26.099 26 GPS 3 36028342 481375306 726 251568 1272 269 0 100390480 31 0
26.100 26 DESIRED -0.027606 0.100395 0.921993 51.852222 199.066986 260. 0.861124 14.
26.100 26 ATTITUDE -0.165038 1.244939 0.244731
26.201 26 NAVIGATION 4 0 -1.3125 157.5 0. 156.558548 16 10 10 0 0 0
26.201 26 ATTITUDE -0.135038 1.232851 0.234391
26.232 26 NAVIGATION 4 0 -1.3125 157.5 0. 157.505463 16 10 10 0 0 0
26.299 26 PPRZ_MODE 2 3 3 2 0 6
26.299 26 AIRSPEED 12.833803 14. 14. 6.
26.300 26 DESIRED 0.009468 0.083748 0.941048 55.515247 198.912018 260. 0.756884 14.
26.300 26 ATTITUDE -0.115038 1.226209 0.227534
26.350 26 GPS 3 36028632 481375406 709 252178 1279 245 0 100390720 31 0
26.351 26 SVINFO 5 12 1 5 48 87 272
26.399 26 WP_MOVED 8 360461.40625 4813640. 215. 31
26.400 26 ATTITUDE -0.085038 1.218349 0.217262
26.485 26 NAVIGATION 4 0 1.5625 158.5 0. 158.507706 17 11 11 0 0 0
26.500 26 ENERGY 45 12.5 11.728977 146.612213 0.552466 6.905837
26.501 26 ESTIMATOR 253.391724 4.017791
26.501 26 DESIRED 0.046961 0.073173 0.962664 59.193275 198.619232 260. 0.693208 14.
26.501 26 ATTITUDE -0.065038 1.2145 0.210441
26.582 26 COMMANDS 4400,696,-949,0,0
26.598 26 GPS 3 36028922 481375512 698 252749 1285 217 0 100390960 31 0
26.599 26 ATTITUDE -0.035038 1.210798 0.200269
26.683 26 FBW_STATUS 2 0 1 12.5 11.501457
26.699 26 DL_VALUE 26 0.
26.699 26 DESIRED 0.046961 0.072224 0.962664 59.193275 198.619232 260. 0.693208 14.
26.701 26 ATTITUDE -0.015038 1.209703 0.193532
26.734 26 NAVIGATION 4 0 4.4375 159.5 0. 159.561722 17 11 11 0 0 0
26.798 26 AIR_DATA 98333.789062 0. -1000. 1013.25 0. -1. -1.
26.798 26 ATTITUDE 0.014953 1.210108 0.183522
26.849 26 GPS 3 36029261 481375639 693 253363 1294 221 0 100391240 31 0
26.900 26 COMMANDS 4298,332,-855,0,0
26.900 26 CIRCLE 49.5 100.099998 70.
26.901 26 WP_MOVED 9 360312.8125 4813652. 185. 31
26.902 26 DESIRED 0.07749 0.059515 0.986828 62.960899 198.175507 260. 0.606271 14.
26.903 26 ATTITUDE 0.03495 1.211737 0.176897
26.983 26 NAVIGATION 4 0 7.84375 161. 0. 161.190948 17 11 11 0 0 0
26.999 26 ESTIMATOR 254.736252 3.729357
27.000 26 ATTITUDE 0.06427 1.216185 0.167069
27.100 26 GPS 3 36029553 481375749 694 253841 1301 207 0 100391480 31 0
27.101 26 DESIRED 0.116227 0.052314 1.024885 67.756897 197.396881 260. 0.552167 14.
27.101 26 ATTITUDE 0.082928 1.220428 0.160612
27.201 26 NAVIGATION 4 0 10.78125 162. 0. 161.190948 17 11 11 0 0 0
27.202 26 ATTITUDE 0.110052 1.22864 0.151066
27.232 26 NAVIGATION 4 0 10.78125 162. 0. 162.358353 17 11 11 0 0 0
27.299 26 CALIBRATION 0. 0
27.299 26 AIRSPEED 13.140758 14. 14. 6.
27.299 26 DESIRED 0.131873 0.042343 1.054836 71.724953 196.567871 260. 0.479549 14.
27.300 26 ATTITUDE 0.127037 1.23528 0.144812
27.349 26 GPS 3 36029849 481375855 701 254272 1309 172 0 100391720 31 0
27.399 26 WP_MOVED 10 360452.8125 4813581. 260. 31
27.399 26 ATTITUDE 0.150631 1.24686 0.135573
27.483 26 NAVIGATION 4 0 13.71875 163. 0. 163.576294 18 12 12 0 0 0
27.499 26 DATALINK_REPORT 10 5 1484 812 0 0
27.499 26 FBW_STATUS 2 0 1 12.5 10.622408
27.499 26 ESTIMATOR 255.837799 3.398144
27.499 26 DESIRED 0.148194 0.036783 1.087364 75.732445 195.556061 260. 0.436615 14.
27.499 26 ATTITUDE 0.164625 1.255554 0.129535
27.598 26 ALIVE 128,247,33,237,150,226,125,96,211,120,85,14,103,22,52,69
27.599 26 GPS_SOL 699 699 699 7
27.599 26 ENERGY 42 12.5 10.468008 130.850098 0.572726 7.159091
27.599 26 GPS 3 36030149 481375957 713 254655 1317 142 0 100391960 31 0
27.599 26 ATTITUDE 0.182768 1.269848 0.120677
27.700 26 DESIRED 0.148194 0.037599 1.087364 75.732445 195.556061 260. 0.436615 14.
27.701 26 ATTITUDE 0.192966 1.280091 0.114907
27.733 26 NAVIGATION 4 0 16.71875 164. 0. 164.849976 18 12 12 0 0 0
27.798 26 ATTITUDE 0.205172 1.296302 0.106481
27.850 26 GPS 3 36030504 481376065 733 255041 1329 120 0 100392240 31 0
27.851 26 SVINFO 4 11 1 4 48 81 223
27.900 26 WP_MOVED 11 360169.5 4813757.5 260. 31
27.903 26 DESIRED 0.159563 0.029878 1.122761 79.831039 194.333893 260. 0.380381 14.
27.903 26 ATTITUDE 0.211368 1.307545 0.101004
27.950 26 CIRCLE 49.5 100.099998 70.
27.985 26 NAVIGATION 4 0 20.28125 165. 0. 166.241776 18 12 12 0 0 0
28.000 26 ESTIMATOR 256.690063 3.031471
28.001 26 ATTITUDE 0.217739 1.324849 0.093021
28.099 26 AIR_DATA 98303.796875 0. -1000. 1013.25 0. -1. -1.
28.100 26 GPS 3 36030815 481376148 750 255322 1337 107 0 100392480 31 0
28.101 26 DESIRED 0.165358 0.02552 1.164537 84.592682 192.666214 260. 0.347212 14.
28.101 26 ATTITUDE 0.220069 1.33655 0.087866
28.155 26 WIND_INFO 26 5 -0.1 1.4 0. 12.6
28.156 26 WIND_INFO_RET 5 -0.1 1.4 0. 13.453115
28.199 26 DL_VALUE 27 2.
28.199 26 NAVIGATION 4 0 23.40625 166. 0. 166.241776 18 12 12 0 0 0
28.199 26 ATTITUDE 0.221045 1.354162 0.080377
28.233 26 NAVIGATION 4 0 23.40625 166. 0. 167.642029 18 12 12 0 0 0
28.300 26 AIRSPEED 13.536383 14. 14. 6.
28.300 26 DESIRED 0.178594 0.019784 1.20632 88.813141 190.954147 260. 0.305509 14.
28.300 26 ATTITUDE 0.220125 1.365839 0.075563
28.350 26 GPS 3 36031130 481376220 770 255561 1347 102 0 100392720 31 0
28.351 26 SVINFO 6 13 1 6 47 53 323
28.399 26 WP_MOVED 0 360326. 4813637. 260. 31
28.399 26 ATTITUDE 0.217185 1.383126 0.068588
28.485 26 NAVIGATION 4 0 26.53125 166.5 0. 168.600586 19 13 13 0 0 0
28.500 26 ESTIMATOR 257.303986 2.641102
28.500 26 DESIRED 0.178329 0.016817 1.241485 92.770294 189.137527 260. 0.282812 14.
28.500 26 ATTITUDE 0.214431 1.394449 0.06411
28.600 26 GPS 3 36031450 481376282 790 255763 1357 82 0 100392960 31 0
28.601 26 ATTITUDE 0.209386 1.411059 0.057658
28.682 26 FBW_STATUS 2 0 1 12.5 9.381157
28.698 26 ENERGY 38 12.5 9.381157 117.264465 0.590864 7.385821
28.699 26 DESIRED 0.178329 0.017225 1.241485 92.770294 189.137527 260. 0.282812 14.
28.699 26 ATTITUDE 0.205591 1.421856 0.053534
28.732 26 NAVIGATION 4 0 29.71875 167.5 0. 170.115997 19 13 13 0 0 0
28.799 26 ATTITUDE 0.199658 1.437611 0.047622
28.849 26 GPS 3 36031828 481376340 814 255955 1369 76 0 100393240 31 0
28.899 26 WP_MOVED 1 360284. 4813595. 260. 31
28.900 26 DESIRED 0.1948 0.013598 1.288792 96.954124 186.979828 260. 0.255908 14.
28.901 26 ATTITUDE 0.196117 1.44784 0.043857
28.983 26 NAVIGATION 4 0 33.53125 168. 0. 171.313583 19 13 13 0 0 0
28.998 26 CIRCLE 49.5 100.099998 70.
28.998 26 ESTIMATOR 257.69339 2.238666
28.998 26 ATTITUDE 0.191692 1.462834 0.038482
29.100 26 GPS 3 36032156 481376380 830 256089 1377 55 0 100393480 31 0
29.101 26 DESIRED 0.201048 0.011973 1.336278 101.615524 184.266327 260. 0.241963 14.
29.101 26 ATTITUDE 0.189446 1.47264 0.035084
29.199 26 NAVIGATION 4 0 36.8125 168.5 0. 171.313583 19 13 13 0 0 0
29.199 26 ATTITUDE 0.187422 1.487157 0.03026
29.232 26 NAVIGATION 4 0 36.8125 168.5 0. 172.47438 19 13 13 0 0 0
29.300 26 AIRSPEED 13.905194 14. 14. 6.
29.300 26 DESIRED 0.219658 0.010311 1.381202 105.559479 181.692505 260. 0.227253 14.
29.300 26 ATTITUDE 0.186953 1.496762 0.027231
29.348 26 GPS 3 36032488 481376410 847 256197 1385 35 0 100393720 31 0
29.398 26 CALIBRATION 0. 0
29.398 26 AIR_DATA 98293.601562 0. -1000. 1013.25 0. -1. -1.
29.398 26 WP_MOVED 2 360333.5 4813695. 260. 31
29.399 26 ATTITUDE 0.188233 1.511181 0.022956
29.488 26 NAVIGATION 4 0 40.125 168.5 0. 173.211624 20 14 14 0 0 0
29.509 26 FBW_STATUS 2 0 1 12.5 8.763914
29.509 26 ESTIMATOR 257.891754 1.840871
29.510 26 DESIRED 0.228248 0.010037 1.420863 109.346191 178.957047 260. 0.221155 14.
29.510 26 ATTITUDE 0.190396 1.520886 0.020284
29.598 26 GPS_SOL 697 697 697 7
29.598 26 GPS 3 36032821 481376431 864 256281 1393 24 0 100393960 31 0
29.598 26 ATTITUDE 0.195439 1.535708 0.016549
29.700 26 DL_VALUE 28 0.
29.701 26 DESIRED 0.228248 0.010791 1.420863 109.346191 178.957047 260. 0.221155 14.
29.702 26 ATTITUDE 0.199937 1.545837 0.01424
29.733 26 NAVIGATION 4 0 43.4375 168.5 0. 174.008804 20 14 14 0 0 0
29.799 26 ENERGY 35 12.5 8.582806 107.285072 0.607244 7.590564
29.799 26 ATTITUDE 0.208033 1.561504 0.011047
29.848 26 GPS 3 36033214 481376443 885 256354 1402 21 0 100394240 31 0
29.848 26 SVINFO 5 12 1 5 47 85 274
29.899 26 WP_MOVED 3 360294.09375 4813785. 260. 31
29.900 26 DESIRED 0.243228 0.010966 1.46337 113.04657 176.006744 260. 0.216769 14.
29.900 26 ATTITUDE 0.21441 1.572321 0.009097
29.984 26 NAVIGATION 4 0 47.40625 169. 0. 175.523087 20 14 14 0 0 0
30.003 26 ESTIMATOR 257.934418 1.462245
30.003 26 ATTITUDE 0.224982 1.589189 0.006436
30.049 26 CIRCLE 49.5 100.099998 70.
30.099 26 GPS 3 36033552 481376441 902 256396 1408 15 0 100394480 31 0
30.101 26 DESIRED 0.268833 0.011846 1.525159 117.341507 172.193893 260. 0.21668 14.
30.101 26 ATTITUDE 0.232529 1.600894 0.004835
30.199 26 NAVIGATION 4 0 50.78125 169. 0. 175.523087 20 14 14 0 0 0
30.199 26 ATTITUDE 0.245094 1.619222 0.002689
30.233 26 NAVIGATION 4 0 50.78125 169. 0. 176.464539 20 14 14 0 0 0
30.300 26 AIRSPEED 14.181726 14. 14. 6.
30.300 26 DESIRED 0.28586 0.013344 1.573847 120.789383 168.786423 260. 0.220364 14.
30.300 26 ATTITUDE 0.253871 1.631988 0.001426
30.349 26 GPS 3 36033891 481376428 922 256422 1414 21 0 100394720 31 0
30.400 26 WP_MOVED 4 360416.3125 4813734. 260. 31
30.400 26 ATTITUDE 0.267715 1.652003 -0.00022
30.485 26 NAVIGATION 4 0 54.15625 168.5 0. 176.98912 21 15 15 0 0 0
30.499 26 ESTIMATOR 257.855377 1.112812
30.500 26 DESIRED 0.292799 0.015009 1.618173 124.092537 165.184204 260. 0.224971 14.
30.500 26 ATTITUDE 0.277074 1.665941 -0.001156
30.599 26 GPS 3 36034231 481376401 944 256433 1420 2 0 100394960 31 0
30.599 26 ATTITUDE 0.290815 1.687732 -0.002324
30.683 26 FBW_STATUS 2 0 1 12.5 8.165634
30.699 26 AIR_DATA 98290.84375 0. -1000. 1013.25 0. -1. -1.
30.699 26 DESIRED 0.292799 0.01596 1.618173 124.092537 165.184204 260. 0.224971 14.
30.699 26 ATTITUDE 0.299539 1.702829 -0.00295
30.733 26 NAVIGATION 4 0 57.5625 168.5 0. 178.060913 21 15 15 0 0 0
30.799 26 ATTITUDE 0.311572 1.726263 -0.003667
30.848 26 GPS 3 36034627 481376352 975 256432 1426 13 0 100395240 31 0
30.899 26 AUTOPILOT_VERSION 51500 v5.15_devel-179-g9a29798-dirty
30.899 26 ENERGY 34 12.5 8.120247 101.503082 0.622492 7.781168
30.899 26 WP_MOVED 5 360421. 4813583.5 260. 31
30.899 26 DESIRED 0.309191 0.018288 1.672037 127.213089 161.424347 260. 0.234562 14.
30.899 26 ATTITUDE 0.31903 1.742376 -0.003999
30.982 26 NAVIGATION 4 0 61.53125 168. 0. 178.913651 21 15 15 0 0 0
30.999 26 ESTIMATOR 257.688904 0.801261
30.999 26 ATTITUDE 0.329063 1.767211 -0.00429
31.099 26 CIRCLE 49.5 100.099998 70.
31.100 26 GPS 3 36034965 481376292 1000 256420 1430 16 0 100395480 31 0
31.100 26 SVINFO 3 10 1 3 48 48 175
31.100 26 DESIRED 0.312862 0.020276 1.731278 130.639435 156.813232 260. 0.242434 14.
31.100 26 ATTITUDE 0.334781 1.784155 -0.004353
31.199 26 PPRZ_MODE 2 3 3 2 0 6
31.199 26 DL_VALUE 29 0.
31.199 26 NAVIGATION 4 0 64.875 167.5 0. 178.913651 21 15 15 0 0 0
31.199 26 ATTITUDE 0.341815 1.810048 -0.004257
31.232 26 NAVIGATION 4 0 64.875 167.5 0. 179.624649 21 15 15 0 0 0
31.298 26 AIRSPEED 14.369696 14. 14. 6.
31.298 26 DESIRED 0.32072 0.022999 1.782667 133.315033 152.778656 260. 0.255982 14.
31.298 26 ATTITUDE 0.345354 1.827557 -0.004075
31.348 26 GPS 3 36035301 481376214 1029 256403 1434 -1 0 100395720 31 0
31.399 26 WP_MOVED 6 360164.8125 4813664.5 260. 31
31.399 26 ATTITUDE 0.34921 1.854082 -0.003628
31.486 26 NAVIGATION 4 0 68.25 166.5 0. 179.945297 22 16 16 0 0 0
31.505 26 CALIBRATION 0. 0
31.506 26 FBW_STATUS 2 0 1 12.5 7.942272
31.506 26 ESTIMATOR 257.465973 0.532739
31.506 26 DESIRED 0.319226 0.025051 1.831676 135.888397 148.443008 260. 0.265819 14.
31.506 26 ATTITUDE 0.350835 1.871882 -0.003222
31.582 26 COMMANDS 3256,-176,178,0,0
31.599 26 NAVIGATION_REF 360284 4813595 31 185.
31.599 26 GPS_SOL 694 694 694 7
31.599 26 GPS 3 36035632 481376119 1059 256383 1438 -8 0 100395960 31 0
31.599 26 ATTITUDE 0.351851 1.898655 -0.002462
31.699 26 DESIRED 0.319226 0.025504 1.831676 135.888397 148.443008 260. 0.265819 14.
31.699 26 ATTITUDE 0.351596 1.916495 -0.001861
31.733 26 NAVIGATION 4 0 71.5625 166. 0. 180.768341 22 16 16 0 0 0
31.800 26 ATTITUDE 0.350007 1.943151 -0.000834
31.849 26 GPS 3 36036013 481375986 1098 256363 1441 -7 0 100396240 31 0
31.850 26 SVINFO 6 13 1 6 46 46 325
31.900 26 COMMANDS 3241,-112,180,0,0
31.900 26 WP_MOVED 7 360558.40625 4813804.5 260. 31
31.900 26 DESIRED 0.323838 0.028166 1.886642 138.101624 144.256012 260. 0.281304 14.
31.901 26 ATTITUDE 0.348385 1.960814 -6.7e-05
31.989 26 NAVIGATION 4 0 75.375 164.5 0. 180.946518 22 16 16 0 0 0
31.999 26 AIR_DATA 98291.664062 0. -1000. 1013.25 0. -1. -1.
32.000 26 ENERGY 33 12.5 7.876135 98.451683 0.637107 7.963854
32.000 26 ESTIMATOR 257.218262 0.311573
32.000 26 ATTITUDE 0.345335 1.987103 0.001193
32.100 26 GPS 3 36036333 481375853 1125 256352 1442 -29 0 100396480 31 0
32.101 26 DESIRED 0.313477 0.02995 1.944323 140.550598 138.955978 260. 0.291804 14.
32.101 26 ATTITUDE 0.341569 2.013099 0.002566
32.149 26 CIRCLE 49.5 100.099998 70.
32.206 26 NAVIGATION 4 0 78.5625 163. 0. 180.946518 22 16 16 0 0 0
32.206 26 ATTITUDE 0.338592 2.030236 0.003536
32.235 26 NAVIGATION 4 0 78.5625 163. 0. 180.944931 22 16 16 0 0 0
32.299 26 AIRSPEED 14.439514 14. 14. 6.
32.299 26 DESIRED 0.317427 0.032444 1.993471 142.405457 134.284454 260. 0.307167 14.
32.300 26 ATTITUDE 0.33536 2.047202 0.004543
32.349 26 GPS 3 36036645 481375703 1155 256350 1443 -20 0 100396720 31 0
32.399 26 WP_MOVED 8 360461.40625 4813640. 215. 31
32.400 26 ATTITUDE 0.330447 2.07232 0.006122
32.491 26 NAVIGATION 4 0 81.6875 161.5 0. 180.983688 23 17 17 0 0 0
32.500 26 ESTIMATOR 256.97998 0.142346
32.501 26 DESIRED 0.31576 0.033988 2.043998 143.998352 129.596802 260. 0.3168 14.
32.502 26 ATTITUDE 0.327308 2.088853 0.007213
32.601 26 DATALINK_REPORT 5 6 1672 837 0 0
32.602 26 GPS 3 36036950 481375538 1184 256359 1443 -32 0 100396960 31 0
32.603 26 SVINFO 2 9 0 2 48 10 126
32.604 26 ATTITUDE 0.322965 2.11336 0.008893
32.683 26 FBW_STATUS 2 0 1 12.5 7.882143
32.702 26 ALIVE 128,247,33,237,150,226,125,96,211,120,85,14,103,22,52,69
32.703 26 DL_VALUE 30 0.
32.705 26 DESIRED 0.31576 0.034052 2.043998 143.998352 129.596802 260. 0.3168 14.
32.706 26 ATTITUDE 0.320403 2.129523 0.010036
32.734 26 NAVIGATION 4 0 84.78125 160. 0. 181.074188 23 17 17 0 0 0
32.801 26 ATTITUDE 0.317172 2.153549 0.011775
32.849 26 GPS 3 36037294 481375327 1220 256386 1442 -25 0 100397240 31 0
32.900 26 WP_MOVED 9 360312.8125 4813652. 185. 31
32.900 26 DESIRED 0.318194 0.036074 2.096207 145.340942 124.889374 260. 0.329916 14.
32.900 26 ATTITUDE 0.315555 2.169454 0.012949
33.004 26 NAVIGATION 4 0 88.21875 158. 0. 180.960068 23 17 17 0 0 0
33.004 26 ESTIMATOR 256.783813 0.027818
33.005 26 ATTITUDE 0.313976 2.193201 0.014719
33.098 26 ENERGY 33 12.5 7.936256 99.203201 0.651576 8.144731
33.098 26 GPS 3 36037579 481375131 1245 256422 1441 -23 0 100397480 31 0
33.099 26 SVINFO 4 11 1 4 47 86 226
33.099 26 DESIRED 0.314236 0.037253 2.155262 146.599976 119.376785 260. 0.337378 14.
33.099 26 ATTITUDE 0.313459 2.208995 0.015898
33.200 26 CIRCLE 49.5 100.099998 70.
33.200 26 NAVIGATION 4 0 91.0625 156. 0. 180.960068 23 17 17 0 0 0
33.201 26 ATTITUDE 0.313267 2.232676 0.017661
33.232 26 NAVIGATION 4 0 91.0625 156. 0. 180.63327 23 17 17 0 0 0
33.301 26 AIR_DATA 98290.96875 0. -1000. 1013.25 0. -1. -1.
33.301 26 AIRSPEED 14.385212 14. 14. 6.
33.301 26 DESIRED 0.321987 0.038674 2.20525 147.440857 114.507874 260. 0.346434 14.
33.302 26 ATTITUDE 0.313501 2.248481 0.018824
33.349 26 GPS 3 36037854 481374922 1272 256470 1439 -32 0 100397720 31 0
33.349 26 SVINFO 5 12 0 5 46 82 276
33.400 26 WP_MOVED 10 360452.8125 4813581. 260. 31
33.400 26 ATTITUDE 0.314657 2.272265 0.020549
33.490 26 NAVIGATION 4 0 93.8125 153.5 0. 179.897293 24 18 18 0 0 0
33.500 26 FBW_STATUS 2 0 1 12.5 7.978399
33.501 26 ESTIMATOR 256.654907 -0.033084
33.501 26 DESIRED 0.321326 0.039426 2.254764 148.06958 109.267212 260. 0.3509 14.
33.501 26 ATTITUDE 0.315939 2.288206 0.021681
33.599 26 CALIBRATION 0. 0
33.600 26 GPS_SOL 690 690 690 7
33.600 26 GPS 3 36038119 481374700 1299 256529 1437 -32 0 100397960 31 0
33.600 26 ATTITUDE 0.318447 2.312291 0.023344
33.698 26 DESIRED 0.321326 0.03952 2.254764 148.06958 109.267212 260. 0.3509 14.
33.699 26 ATTITUDE 0.320377 2.328483 0.024427
33.731 26 NAVIGATION 4 0 96.4375 151.5 0. 179.589645 24 18 18 0 0 0
33.798 26 ATTITUDE 0.323501 2.352994 0.026004
33.848 26 GPS 3 36038413 481374426 1334 256609 1434 -10 0 100398240 31 0
33.898 26 WP_MOVED 11 360169.5 4813757.5 260. 31
33.898 26 DESIRED 0.323043 0.040253 2.305227 148.393173 104.587708 260. 0.355158 14.
33.899 26 ATTITUDE 0.325666 2.36949 0.027022
33.981 26 NAVIGATION 4 0 99.375 149. 0. 179.098831 24 18 18 0 0 0
33.999 26 ESTIMATOR 256.605225 -0.046735
33.999 26 ATTITUDE 0.328912 2.394471 0.028496
34.100 26 GPS 3 36038651 481374179 1360 256686 1432 -18 0 100398480 31 0
34.100 26 DESIRED 0.319249 0.040479 2.363892 148.490128 99.122879 260. 0.356112 14.
34.101 26 ATTITUDE 0.330878 2.411274 0.029439
34.199 26 DL_VALUE 31 0.
34.201 26 ENERGY 34 12.5 8.065857 100.823212 0.666249 8.328141
34.201 26 NAVIGATION 4 0 101.78125 146.5 0. 179.098831 24 18 18 0 0 0
34.202 26 ATTITUDE 0.333375 2.436674 0.030793
34.232 26 NAVIGATION 4 0 101.78125 146.5 0. 178.386307 24 18 18 0 0 0
34.250 26 CIRCLE 49.5 100.099998 70.
34.299 26 AIRSPEED 14.290818 14. 14. 6.
34.299 26 DESIRED 0.324579 0.040423 2.414322 148.319611 94.210503 260. 0.355145 14.
34.299 26 ATTITUDE 0.334689 2.453716 0.031652
34.350 26 GPS 3 36038877 481373920 1388 256770 1429 -4 0 100398720 31 0
34.400 26 WP_MOVED 0 360326. 4813637. 260. 31
34.400 26 ATTITUDE 0.336331 2.479413 0.032872
34.483 26 NAVIGATION 4 0 104. 143.5 0. 177.223724 25 19 19 0 0 0
34.499 26 ESTIMATOR 256.635437 -0.023224
34.499 26 DESIRED 0.321675 0.040113 2.464369 147.864716 88.947304 260. 0.352943 14.
34.499 26 ATTITUDE 0.337212 2.49662 0.033639
34.601 26 AIR_DATA 98285.882812 0. -1000. 1013.25 0. -1. -1.
34.603 26 GPS 3 36039089 481373651 1418 256859 1427 -1 0 100398960 31 0
34.604 26 SVINFO 3 10 1 3 47 54 177
34.605 26 ATTITUDE 0.338126 2.522519 0.034715
34.683 26 FBW_STATUS 2 0 1 12.5 8.108152
34.699 26 DESIRED 0.321675 0.04007 2.464369 147.864716 88.947304 260. 0.352943 14.
34.699 26 ATTITUDE 0.338397 2.539822 0.035382
34.732 26 NAVIGATION 4 0 106.125 141. 0. 176.47525 25 19 19 0 0 0
34.799 26 ATTITUDE 0.338315 2.565796 0.036306
34.848 26 GPS 3 36039318 481373324 1455 256968 1424 8 0 100399240 31 0
34.899 26 WP_MOVED 1 360284. 4813595. 260. 31
34.899 26 DESIRED 0.319532 0.039212 2.513935 147.232651 84.341515 260. 0.347494 14.
34.899 26 ATTITUDE 0.337908 2.583103 0.036868
34.984 26 NAVIGATION 4 0 108.4375 137.5 0. 175.114075 25 19 19 0 0 0
34.999 26 ESTIMATOR 256.737549 0.02615
34.999 26 ATTITUDE 0.336835 2.609015 0.037631
35.099 26 GPS 3 36039497 481373034 1482 257067 1422 16 0 100399480 31 0
35.100 26 DESIRED 0.312838 0.038351 2.573319 146.110077 78.501556 260. 0.342231 14.
35.100 26 ATTITUDE 0.335821 2.626238 0.038087
35.198 26 NAVIGATION 4 0 110.21875 134.5 0. 175.114075 25 19 19 0 0 0
35.198 26 ATTITUDE 0.333682 2.651953 0.03869
35.232 26 NAVIGATION 4 0 110.21875 134.5 0. 173.891983 25 19 19 0 0 0
35.310 26 ENERGY 34 12.5 8.108152 101.351906 0.681103 8.513812
35.313 26 CIRCLE 49.5 100.099998 70.
35.315 26 AIRSPEED 14.198324 14. 14. 6.
35.316 26 DESIRED 0.315766 0.036809 2.623082 144.910034 73.700653 260. 0.332653 14.
35.316 26 ATTITUDE 0.331953 2.668994 0.039039
35.347 26 GPS 3 36039662 481372735 1512 257169 1420 8 0 100399720 31 0
35.348 26 SVINFO 6 13 1 6 45 40 327
35.399 26 WP_MOVED 2 360333.5 4813695. 260. 31
35.399 26 ATTITUDE 0.329176 2.694384 0.039477
35.483 26 NAVIGATION 4 0 111.875 132. 0. 173.03183 26 20 20 0 0 0
35.501 26 FBW_STATUS 2 0 1 12.5 8.132345
35.501 26 ESTIMATOR 256.899872 0.090594
35.502 26 DESIRED 0.308288 0.035578 2.66969 143.69574 69.65062 260. 0.325203 14.
35.502 26 ATTITUDE 0.326399 2.719564 0.039817
35.599 26 GPS_SOL 685 685 685 7
35.599 26 GPS 3 36039810 481372429 1541 257275 1418 13 0 100399960 31 0
35.599 26 ATTITUDE 0.324483 2.736232 0.039988
35.699 26 CALIBRATION 0. 0
35.699 26 DL_VALUE 32 0.
35.699 26 DESIRED 0.308288 0.035431 2.66969 143.69574 69.65062 260. 0.325203 14.
35.700 26 ATTITUDE 0.32249 2.7528 0.040116
35.733 26 NAVIGATION 4 0 113.34375 128.5 0. 171.344849 26 20 20 0 0 0
35.799 26 ATTITUDE 0.319499 2.777461 0.040229
35.849 26 GPS 3 36039964 481372063 1577 257401 1416 47 0 100400240 31 0
35.849 26 SVINFO 1 8 1 1 48 0 78
35.900 26 AIR_DATA 98279.570312 0. -1000. 1013.25 0. -1. -1.
35.900 26 WP_MOVED 3 360294.09375 4813785. 260. 31
35.901 26 DESIRED 0.309879 0.033421 2.721263 141.908112 64.593094 260. 0.312702 14.
35.901 26 ATTITUDE 0.317632 2.79378 0.040249
35.993 26 NAVIGATION 4 0 114.875 125. 0. 169.768265 26 20 20 0 0 0
36.000 26 ESTIMATOR 257.109131 0.161326
36.004 26 ATTITUDE 0.315133 2.818096 0.0402
36.099 26 PPRZ_MODE 2 3 3 2 0 6
36.100 26 GPS 3 36040078 481371743 1603 257510 1414 40 0 100400480 31 0
36.101 26 DESIRED 0.301106 0.031888 2.777055 139.831238 59.599781 260. 0.303252 14.
36.101 26 ATTITUDE 0.313659 2.834211 0.040118
36.199 26 NAVIGATION 4 0 116.0625 122. 0. 169.768265 26 20 20 0 0 0
36.200 26 ATTITUDE 0.311442 2.858244 0.039919
36.232 26 NAVIGATION 4 0 116.0625 122. 0. 168.387955 26 20 20 0 0 0
36.300 26 AIRSPEED 14.126523 14. 14. 6.
36.300 26 DESIRED 0.305617 0.029529 2.824772 137.870789 55.483803 260. 0.288213 14.
36.300 26 ATTITUDE 0.310025 2.874175 0.03974
36.350 26 CIRCLE 49.5 100.099998 70.
36.350 26 GPS 3 36040177 481371418 1630 257620 1413 43 0 100400720 31 0
36.400 26 ENERGY 34 12.5 8.090021 101.125267 0.695981 8.699782
36.400 26 WP_MOVED 4 360416.3125 4813734. 260. 31
36.400 26 ATTITUDE 0.30826 2.897955 0.039398
36.510 26 NAVIGATION 4 0 117. 118.5 0. 166.527023 27 21 21 0 0 0
36.510 26 ESTIMATOR 257.35257 0.231328
36.511 26 DESIRED 0.306471 0.027868 2.874936 135.445526 50.973972 260. 0.277715 14.
36.511 26 ATTITUDE 0.307381 2.913749 0.039123
36.583 26 COMMANDS 3302,59,-96,0,0
36.599 26 GPS 3 36040260 481371090 1658 257728 1411 53 0 100400959 31 0
36.599 26 SVINFO 4 11 0 4 46 88 228
36.599 26 ATTITUDE 0.306543 2.937382 0.038645
36.682 26 FBW_STATUS 2 0 1 12.5 8.086996
36.699 26 DESIRED 0.306471 0.027822 2.874936 135.445526 50.973972 260. 0.277715 14.
36.699 26 ATTITUDE 0.306317 2.953121 0.038283
36.732 26 NAVIGATION 4 0 117.84375 115.5 0. 165.007263 27 21 21 0 0 0
36.799 26 ATTITUDE 0.306411 2.976735 0.037682
36.849 26 GPS 3 36040337 481370703 1692 257852 1410 52 0 100401240 31 0
36.849 26 SVINFO 5 12 1 5 45 78 278
36.902 26 COMMANDS 3294,28,-102,0,0
36.903 26 WP_MOVED 5 360421. 4813583.5 260. 31
36.903 26 DESIRED 0.30246 0.025383 2.920782 133.175232 47.199566 260. 0.261539 14.
36.903 26 ATTITUDE 0.306632 2.992494 0.03724
36.986 26 NAVIGATION 4 0 118.625 111.5 0. 162.800919 27 21 21 0 0 0
36.999 26 ESTIMATOR 257.614319 0.294126
36.999 26 ATTITUDE 0.307133 3.016169 0.036521
37.098 26 GPS 3 36040386 481370368 1716 257954 1409 45 0 100401480 31 0
37.098 26 SVINFO 6 13 1 6 44 37 328
37.098 26 DESIRED 0.30244 0.023707 2.978984 129.957489 42.423389 260. 0.250258 14.
37.098 26 ATTITUDE 0.307556 3.031983 0.03601
37.200 26 DL_VALUE 33 0.
37.200 26 AIR_DATA 98273.125 0. -1000. 1013.25 0. -1. -1.
37.200 26 NAVIGATION 4 0 119.09375 108. 0. 162.800919 27 21 21 0 0 0
37.201 26 ATTITUDE 0.308284 3.055756 0.035194
37.233 26 NAVIGATION 4 0 119.09375 108. 0. 160.771011 27 21 21 0 0 0
37.300 26 AIRSPEED 14.088495 14. 14. 6.
37.300 26 DESIRED 0.309237 0.021224 3.029142 126.948715 38.442097 260. 0.233435 14.
37.300 26 ATTITUDE 0.308803 3.071641 0.034624
37.349 26 GPS 3 36040419 481370031 1744 258051 1408 31 0 100401720 31 0
37.350 26 SVINFO 0 7 0 0 48 25 29
37.400 26 CIRCLE 49.5 100.099998 70.
37.400 26 WP_MOVED 6 360164.8125 4813664.5 260. 31
37.400 26 ATTITUDE 0.309879 3.095538 0.033723
37.503 26 NAVIGATION 4 0 119.4375 104.5 0. 158.699615 28 22 22 0 0 0
37.503 26 FBW_STATUS 2 0 1 12.5 7.993462
37.504 26 ENERGY 34 12.5 7.993462 99.918274 0.710734 8.884192
37.504 26 ESTIMATOR 257.879883 0.344824
37.504 26 DESIRED 0.310853 0.019631 3.079845 123.757118 34.633362 260. 0.2224 14.
37.504 26 ATTITUDE 0.310792 3.111528 0.033096
37.598 26 GPS_SOL 678 678 678 7
37.598 26 GPS 3 36040436 481369694 1771 258142 1408 23 0 100401959 31 0
37.599 26 ATTITUDE 0.312398 3.135619 0.03212
37.700 26 DATALINK_REPORT 10 6 1863 835 0 0
37.702 26 DESIRED 0.310853 0.019737 3.079845 123.757118 34.633362 260. 0.2224 14.
37.703 26 ATTITUDE 0.314228 3.159855 0.031107
37.735 26 NAVIGATION 4 0 119.625 101.5 0. 156.883362 28 22 22 0 0 0
37.799 26 ALIVE 128,247,33,237,150,226,125,96,211,120,85,14,103,22,52,69
37.800 26 CALIBRATION 0. 0
37.800 26 ATTITUDE 0.315457 3.176096 0.030416
37.849 26 GPS 3 36040435 481369299 1805 258240 1408 21 0 100402240 31 0
37.849 26 SVINFO 2 9 1 2 47 17 129
37.900 26 WP_MOVED 7 360558.40625 4813804.5 260. 31
37.900 26 DESIRED 0.305431 0.017431 3.123616 120.883278 31.511169 260. 0.20633 14.
37.900 26 ATTITUDE 0.316539 3.192398 0.029708
37.999 26 NAVIGATION 4 0 119.625 97.5 0. 154.325592 28 22 22 0 0 0
38.000 26 ESTIMATOR 258.133148 0.379288
38.000 26 ATTITUDE 0.317847 3.216944 0.028624
38.099 26 GPS 3 36040416 481368962 1831 258317 1408 11 0 100402480 31 0
38.099 26 DESIRED 0.30394 0.015973 3.181126 116.858353 27.554482 260. 0.195833 14.
38.100 26 ATTITUDE 0.318478 3.233354 0.027891
38.155 26 WIND_INFO 26 5 -0.2 -0.3 0. 14.1
38.156 26 WIND_INFO_RET 5 -0.2 -0.3 0. 14.089669
38.199 26 NAVIGATION 4 0 119.40625 94. 0. 154.325592 28 22 22 0 0 0
38.199 26 ATTITUDE 0.318997 3.258011 0.026776
38.232 26 NAVIGATION 4 0 119.40625 94. 0. 151.966614 28 22 22 0 0 0
38.299 26 AIRSPEED 14.094161 14. 14. 6.
38.299 26 DESIRED 0.31031 0.013856 3.231087 113.149948 24.27993 260. 0.180992 14.
38.299 26 ATTITUDE 0.319068 3.274457 0.026028
38.350 26 GPS 3 36040381 481368625 1859 258386 1408 0 0 100402720 31 0
38.399 26 WP_MOVED 8 360461.40625 4813640. 215. 31
38.400 26 ATTITUDE 0.319064 3.299122 0.024894
38.449 26 CIRCLE 49.5 100.099998 70.
38.482 26 NAVIGATION 4 0 119.0625 91. 0. 149.856201 29 23 23 0 0 0
38.512 26 AIR_DATA 98268.085938 0. -1000. 1013.25 0. -1. -1.
38.512 26 ESTIMATOR 258.362183 0.395823
38.513 26 DESIRED 0.301931 0.012585 3.273889 109.828751 21.611511 260. 0.171807 14.
38.514 26 ATTITUDE 0.319038 3.315562 0.024133
38.599 26 ENERGY 33 12.5 7.786148 97.326851 0.725195 9.064957
38.599 26 GPS 3 36040330 481368291 1887 258447 1409 6 0 100402959 31 0
38.599 26 ATTITUDE 0.31879 3.340205 0.02299
38.683 26 FBW_STATUS 2 0 1 12.5 7.780155
38.699 26 DL_VALUE 34 0.
38.700 26 DESIRED 0.301931 0.012692 3.273889 109.828751 21.611511 260. 0.171807 14.
38.700 26 ATTITUDE 0.318328 3.356606 0.022227
38.734 26 NAVIGATION 4 0 118.53125 87.5 0. 147.329239 29 23 23 0 0 0
38.799 26 ATTITUDE 0.317293 3.381136 0.021087
38.850 26 GPS 3 36040248 481367905 1923 258510 1410 5 0 100403240 31 0
38.899 26 WP_MOVED 9 360312.8125 4813652. 185. 31
38.899 26 DESIRED 0.305705 0.010904 3.324585 105.793137 18.668541 260. 0.159232 14.
38.900 26 ATTITUDE 0.316523 3.397434 0.020328
38.983 26 NAVIGATION 4 0 117.71875 83.5 0. 144.325851 29 23 23 0 0 0
38.999 26 ESTIMATOR 258.555634 0.393536
39.000 26 ATTITUDE 0.315335 3.421796 0.019197
39.100 26 GPS 3 36040161 481367577 1948 258557 1411 -1 0 100403480 31 0
39.100 26 DESIRED 0.302765 0.009851 3.38328 100.964813 15.534203 260. 0.151514 14.
39.101 26 ATTITUDE 0.314536 3.437979 0.018452
39.200 26 NAVIGATION 4 0 116.84375 80.5 0. 144.325851 29 23 23 0 0 0
39.200 26 ATTITUDE 0.313259 3.462163 0.017345
39.232 26 NAVIGATION 4 0 116.84375 80.5 0. 141.889786 29 23 23 0 0 0
39.300 26 AIRSPEED 14.126012 14. 14. 6.
39.300 26 DESIRED 0.302167 0.008419 3.426785 97.149803 13.327332 260. 0.141238 14.
39.300 26 ATTITUDE 0.312394 3.478222 0.01662
39.350 26 GPS 3 36040059 481367255 1976 258597 1411 -8 0 100403720 31 0
39.399 26 WP_MOVED 10 360452.8125 4813581. 260. 31
39.400 26 ATTITUDE 0.311111 3.502218 0.015547
39.482 26 NAVIGATION 4 0 115.84375 77. 0. 139.099869 30 24 24 0 0 0
39.498 26 FBW_STATUS 2 0 1 12.5 7.627731
39.499 26 CIRCLE 49.5 100.099998 70.
39.499 26 ESTIMATOR 258.710175 0.374944
39.499 26 DESIRED 0.307982 0.00764 3.480227 92.589684 10.974922 260. 0.135303 14.
39.499 26 ATTITUDE 0.310296 3.518155 0.014844
39.600 26 GPS_SOL 670 670 670 7
39.600 26 GPS 3 36039940 481366937 2004 258632 1412 2 0 100403959 31 0
39.600 26 ATTITUDE 0.309303 3.541981 0.013811
39.698 26 ENERGY 32 12.5 7.591963 94.899536 0.739285 9.241088
39.699 26 DESIRED 0.307982 0.007771 3.480227 92.589684 10.974922 260. 0.135303 14.
39.699 26 ATTITUDE 0.308929 3.557829 0.013137
39.732 26 NAVIGATION 4 0 114.65625 74. 0. 136.462646 30 24 24 0 0 0
39.800 26 AIR_DATA 98265.226562 0. -1000. 1013.25 0. -1. -1.
39.800 26 ATTITUDE 0.308751 3.581577 0.012152
39.849 26 GPS 3 36039783 481366573 2038 258665 1413 -2 0 100404240 31 0
39.850 26 SVINFO 3 10 1 3 46 63 180
39.899 26 CALIBRATION 0. 0
39.899 26 WP_MOVED 11 360169.5 4813757.5 260. 31
39.899 26 DESIRED 0.304018 0.006786 3.5253 88.450867 9.089943 260. 0.127693 14.
39.900 26 ATTITUDE 0.30877 3.597404 0.011512
39.983 26 NAVIGATION 4 0 113.09375 70. 0. 133.004486 30 24 24 0 0 0
40.002 26 ESTIMATOR 258.823914 0.342851
40.002 26 ATTITUDE 0.308953 3.621147 0.01058
40.098 26 GPS 3 36039632 481366269 2063 258687 1414 21 0 100404480 31 0
40.099 26 SVINFO 4 11 1 4 45 89 230
40.099 26 DESIRED 0.308953 0.006311 3.588774 82.823563 6.882301 260. 0.123371 14.
40.099 26 ATTITUDE 0.3092 3.636985 0.00998
40.199 26 DL_VALUE 35 140.
40.199 26 NAVIGATION 4 0 111.5625 67. 0. 133.004486 30 24 24 0 0 0
40.200 26 ATTITUDE 0.309927 3.660779 0.00911
40.233 26 NAVIGATION 4 0 111.5625 67. 0. 130.135284 30 24 24 0 0 0
40.300 26 AIRSPEED 14.162965 14. 14. 6.
40.300 26 DESIRED 0.313036 0.005726 3.636371 78.323532 5.394119 260. 0.118163 14.
40.301 26 ATTITUDE 0.310609 3.676679 0.008554
40.349 26 GPS 3 36039467 481365972 2090 258704 1415 14 0 100404720 31 0
40.349 26 SVINFO 5 12 1 5 44 74 280
40.400 26 WP_MOVED 0 360326. 4813637. 260. 31
40.400 26 ATTITUDE 0.312023 3.70061 0.007752
40.483 26 NAVIGATION 4 0 109.9375 64.5 0. 127.461777 31 25 25 0 0 0
40.506 26 ESTIMATOR 258.898956 0.301057
40.506 26 DESIRED 0.302883 0.005547 3.675957 74.286842 4.2584 260. 0.115499 14.
40.506 26 ATTITUDE 0.313191 3.716634 0.007241
40.549 26 CIRCLE 49.5 100.099998 70.
40.599 26 NAVIGATION_REF 360284 4813595 31 185.
40.599 26 GPS 3 36039288 481365683 2118 258716 1416 15 0 100404959 31 0
40.599 26 SVINFO 6 13 0 6 43 31 330
40.599 26 ATTITUDE 0.314954 3.740786 0.006511
40.686 26 FBW_STATUS 2 0 1 12.5 7.437397
40.700 26 DESIRED 0.302883 0.005774 3.675957 74.286842 4.2584 260. 0.115499 14.
40.700 26 ATTITUDE 0.315873 3.756951 0.006049
40.732 26 NAVIGATION 4 0 108.125 61.5 0. 124.391579 31 25 25 0 0 0
40.800 26 ENERGY 32 12.5 7.422571 92.782143 0.753038 9.413001
40.800 26 ATTITUDE 0.316888 3.781266 0.005395
40.849 26 GPS 3 36039062 481365357 2152 258723 1417 29 0 100405240 31 0
40.899 26 WP_MOVED 1 360284. 4813595. 260. 31
40.900 26 DESIRED 0.309088 0.005561 3.726602 69.470367 3.140297 260. 0.112654 14.
40.900 26 ATTITUDE 0.317474 3.797513 0.004985
40.982 26 NAVIGATION 4 0 105.875 58. 0. 120.720818 31 25 25 0 0 0
41.015 26 PPRZ_MODE 2 3 3 2 0 6
41.016 26 ESTIMATOR 258.937592 0.252637
41.017 26 ATTITUDE 0.318236 3.82193 0.004409
41.099 26 AIR_DATA 98264.148438 0. -1000. 1013.25 0. -1. -1.
41.099 26 GPS 3 36038853 481365088 2178 258724 1418 6 0 100405480 31 0
41.099 26 SVINFO 1 8 1 1 47 0 81
41.099 26 DESIRED 0.310588 0.005589 3.788178 63.701935 2.129059 260. 0.111447 14.
41.099 26 ATTITUDE 0.318663 3.838235 0.004052
41.199 26 NAVIGATION 4 0 103.78125 55.5 0. 120.720818 31 25 25 0 0 0
41.200 26 ATTITUDE 0.319226 3.862725 0.003556
41.233 26 NAVIGATION 4 0 103.78125 55.5 0. 117.689415 31 25 25 0 0 0
41.299 26 AIRSPEED 14.200505 14. 14. 6.
41.299 26 DESIRED 0.31031 0.005675 3.833021 59.146252 1.576141 260. 0.110662 14.
41.299 26 ATTITUDE 0.319537 3.87907 0.003252
41.348 26 GPS 3 36038631 481364830 2206 258721 1419 19 0 100405720 31 0
41.349 26 SVINFO 2 9 0 2 46 22 131
41.400 26 WP_MOVED 2 360333.5 4813695. 260. 31
41.400 26 ATTITUDE 0.319887 3.903607 0.002835
41.482 26 NAVIGATION 4 0 101.5625 53. 0. 114.559769 32 26 26 0 0 0
41.512 26 FBW_STATUS 2 0 1 12.5 7.333755
41.513 26 ESTIMATOR 258.944092 0.200862
41.513 26 DESIRED 0.308725 0.005887 3.879934 54.447926 1.228775 260. 0.110765 14.
41.514 26 ATTITUDE 0.320034 3.919974 0.002584
41.581 26 COMMANDS 3051,-27,4,0,0
41.598 26 GPS_SOL 661 661 661 7
41.598 26 CIRCLE 49.5 100.099998 70.
41.599 26 GPS 3 36038397 481364582 2234 258715 1420 17 0 100405959 31 0
41.599 26 SVINFO 3 10 1 3 45 66 181
41.599 26 ATTITUDE 0.320096 3.944525 0.002245
41.699 26 DL_VALUE 36 0.
41.700 26 DESIRED 0.308725 0.006073 3.879934 54.447926 1.228775 260. 0.110765 14.
41.701 26 ATTITUDE 0.320004 3.960886 0.002045
41.732 26 NAVIGATION 4 0 99.21875 50.5 0. 111.331085 32 26 26 0 0 0
41.799 26 ATTITUDE 0.319697 3.985405 0.001782
41.848 26 GPS 3 36038108 481364308 2269 258705 1421 41 0 100406240 31 0
41.898 26 COMMANDS 3040,-16,13,0,0
41.898 26 ENERGY 31 12.5 7.298294 91.228676 0.766522 9.581536
41.898 26 WP_MOVED 3 360294.09375 4813785. 260. 31
41.899 26 DESIRED 0.309417 0.00639 3.929067 49.618362 1.105118 260. 0.111741 14.
41.899 26 ATTITUDE 0.319417 4.00173 0.001631
41.982 26 NAVIGATION 4 0 96.34375 47.5 0. 107.416794 32 26 26 0 0 0
42.010 26 AUTOPILOT_VERSION 51500 v5.15_devel-179-g9a29798-dirty
42.010 26 CALIBRATION 0. 0
42.011 26 ESTIMATOR 258.923706 0.148725
42.011 26 ATTITUDE 0.31892 4.026181 0.001442
42.099 26 GPS 3 36037849 481364087 2295 258694 1421 44 0 100406480 31 0
42.100 26 DESIRED 0.310696 0.006726 3.991026 43.779301 1.270485 260. 0.112903 14.
42.100 26 ATTITUDE 0.318563 4.042456 0.001339
42.200 26 NAVIGATION 4 0 93.71875 45.5 0. 107.416794 32 26 26 0 0 0
42.200 26 ATTITUDE 0.31807 4.066831 0.00122
42.232 26 NAVIGATION 4 0 93.71875 45.5 0. 104.179909 32 26 26 0 0 0
42.299 26 AIRSPEED 14.226265 14. 14. 6.
42.300 26 DESIRED 0.309602 0.007234 4.035374 39.157158 1.646835 260. 0.11525 14.
42.300 26 ATTITUDE 0.317779 4.083057 0.001163
42.350 26 GPS 3 36037579 481363878 2323 258682 1422 42 0 100406720 31 0
42.399 26 AIR_DATA 98264.640625 0. -1000. 1013.25 0. -1. -1.
42.399 26 WP_MOVED 4 360416.3125 4813734. 260. 31
42.399 26 ATTITUDE 0.317369 4.107368 0.001112
42.483 26 NAVIGATION 4 0 91.0625 43. 0. 100.704414 33 27 27 0 0 0
42.514 26 ESTIMATOR 258.883301 0.099268
42.515 26 DESIRED 0.31906 0.00767 4.092113 34.099945 2.310234 260. 0.117142 14.
42.515 26 ATTITUDE 0.317117 4.123555 0.001099
42.598 26 GPS 3 36037299 481363683 2351 258670 1422 38 0 100406959 31 0
42.598 26 SVINFO 0 7 0 0 47 17 32
42.598 26 ATTITUDE 0.316984 4.147818 0.001111
42.650 26 CIRCLE 49.5 100.099998 70.
42.682 26 FBW_STATUS 2 0 1 12.5 7.239275
42.700 26 DESIRED 0.31906 0.007829 4.092113 34.099945 2.310234 260. 0.117142 14.
42.700 26 ATTITUDE 0.317247 4.164002 0.001139
42.733 26 NAVIGATION 4 0 88.25 41.5 0. 97.520828 33 27 27 0 0 0
42.801 26 DATALINK_REPORT 5 7 2054 844 0 0
42.802 26 ATTITUDE 0.318007 4.188324 0.00121
42.849 26 GPS 3 36036960 481363472 2385 258656 1422 11 0 100407240 31 0
42.900 26 ALIVE 128,247,33,237,150,226,125,96,211,120,85,14,103,22,52,69
42.900 26 WP_MOVED 5 360421. 4813583.5 260. 31
42.901 26 DESIRED 0.306459 0.008476 4.131755 29.721561 3.10096 260. 0.120324 14.
42.901 26 ATTITUDE 0.318385 4.204568 0.001277
42.983 26 NAVIGATION 4 0 84.84375 39. 0. 93.378059 33 27 27 0 0 0
43.007 26 ENERGY 31 12.5 7.230431 90.380386 0.779828 9.74788
43.007 26 ESTIMATOR 258.830872 0.055307
43.009 26 ATTITUDE 0.318665 4.228958 0.001404
43.099 26 GPS 3 36036661 481363307 2411 258644 1423 -7 0 100407480 31 0
43.099 26 DESIRED 0.313742 0.008974 4.196332 23.957602 4.456985 260. 0.122642 14.
43.099 26 ATTITUDE 0.318723 4.245223 0.001505
43.200 26 DL_VALUE 37 14.
43.200 26 NAVIGATION 4 0 81.84375 37.5 0. 93.378059 33 27 27 0 0 0
43.201 26 ATTITUDE 0.318935 4.269632 0.001681
43.233 26 NAVIGATION 4 0 81.84375 37.5 0. 90.025826 33 27 27 0 0 0
43.299 26 AIRSPEED 14.232301 14. 14. 6.
43.300 26 DESIRED 0.313616 0.009664 4.242091 19.442072 5.778625 260. 0.126275 14.
43.300 26 ATTITUDE 0.319143 4.285918 0.001814
43.350 26 GPS 3 36036354 481363157 2439 258632 1423 -4 0 100407720 31 0
43.399 26 WP_MOVED 6 360164.8125 4813664.5 260. 31
43.399 26 ATTITUDE 0.319531 4.310372 0.002034
43.482 26 NAVIGATION 4 0 78.78125 36. 0. 86.61689 34 28 28 0 0 0
43.511 26 FBW_STATUS 2 0 1 12.5 7.212751
43.512 26 ESTIMATOR 258.772797 0.018445
43.512 26 DESIRED 0.313647 0.010179 4.290622 14.914108 7.343246 260. 0.128734 14.
43.513 26 ATTITUDE 0.319822 4.326694 0.002195
43.599 26 GPS_SOL 651 651 651 7
43.599 26 GPS 3 36036041 481363022 2467 258621 1423 4 0 100407959 31 0
43.599 26 SVINFO 4 11 1 4 44 89 232
43.599 26 ATTITUDE 0.320281 4.351209 0.002454
43.699 26 AIR_DATA 98265.351562 0. -1000. 1013.25 0. -1. -1.
43.700 26 CIRCLE 49.5 100.099998 70.
43.702 26 DESIRED 0.313647 0.010315 4.290622 14.914108 7.343246 260. 0.128734 14.
43.702 26 ATTITUDE 0.320588 4.367573 0.002639
43.732 26 NAVIGATION 4 0 75.65625 34.5 0. 83.151176 34 28 28 0 0 0
43.799 26 ATTITUDE 0.321048 4.392152 0.002932
43.849 26 GPS 3 36035667 481362885 2502 258610 1422 14 0 100408240 31 0
43.850 26 SVINFO 5 12 1 5 43 69 282
43.899 26 WP_MOVED 7 360558.40625 4813804.5 260. 31
43.899 26 DESIRED 0.316422 0.010992 4.341874 10.403812 9.152275 260. 0.132351 14.
43.899 26 ATTITUDE 0.321414 4.408562 0.003137
43.981 26 NAVIGATION 4 0 71.9375 33.5 0. 79.35524 34 28 28 0 0 0
44.009 26 ESTIMATOR 258.715881 -0.009935
44.010 26 ATTITUDE 0.322036 4.43322 0.003459
44.100 26 CALIBRATION 0. 0
44.100 26 ENERGY 31 12.5 7.209805 90.122559 0.79306 9.913263
44.101 26 GPS 3 36035341 481362784 2528 258601 1422 13 0 100408480 31 0
44.101 26 SVINFO 6 13 1 6 42 25 332
44.101 26 DESIRED 0.301707 0.011471 4.391404 5.512218 11.414742 260. 0.134704 14.
44.102 26 ATTITUDE 0.322157 4.449677 0.003682
44.200 26 NAVIGATION 4 0 68.65625 32.5 0. 79.35524 34 28 28 0 0 0
44.200 26 ATTITUDE 0.321634 4.474343 0.004027
44.233 26 NAVIGATION 4 0 68.65625 32.5 0. 75.96006 34 28 28 0 0 0
44.300 26 AIRSPEED 14.223259 14. 14. 6.
44.300 26 DESIRED 0.309018 0.012062 4.439992 1.236755 13.667023 260. 0.138085 14.
44.301 26 ATTITUDE 0.320871 4.490746 0.004262
44.349 26 GPS 3 36035010 481362699 2556 258595 1422 25 0 100408720 31 0
44.399 26 WP_MOVED 8 360461.40625 4813640. 215. 31
44.400 26 ATTITUDE 0.31953 4.515264 0.004623
44.482 26 NAVIGATION 4 0 65.34375 31.5 0. 72.540031 35 29 29 0 0 0
44.499 26 ESTIMATOR 258.663971 -0.03002
44.499 26 DESIRED 0.310493 0.012433 4.491209 -2.952133 16.143028 260. 0.140149 14.
44.499 26 ATTITUDE 0.318608 4.531549 0.004868
44.599 26 GPS 3 36034676 481362631 2584 258590 1422 31 0 100408959 31 0
44.599 26 SVINFO 1 8 1 1 46 0 83
44.600 26 ATTITUDE 0.317279 4.555889 0.005239
44.683 26 FBW_STATUS 2 0 1 12.5 7.20686
44.700 26 DL_VALUE 38 0.354065
44.700 26 DESIRED 0.310493 0.012487 4.491209 -2.952133 16.143028 260. 0.140149 14.
44.700 26 ATTITUDE 0.316493 4.572062 0.005489
44.733 26 NAVIGATION 4 0 62. 30.5 0. 69.095947 35 29 29 0 0 0
44.748 26 CIRCLE 49.5 100.099998 70.
44.800 26 ATTITUDE 0.315533 4.596256 0.005866
44.849 26 GPS 3 36034282 481362572 2619 258587 1421 19 0 100409240 31 0
44.849 26 SVINFO 2 9 1 2 45 28 133
44.903 26 WP_MOVED 9 360312.8125 4813652. 185. 31
44.904 26 DESIRED 0.31501 0.012965 4.544879 -7.023808 18.828484 260. 0.142938 14.
44.904 26 ATTITUDE 0.315173 4.612357 0.006118
44.983 26 NAVIGATION 4 0 58.0625 30. 0. 65.354828 35 29 29 0 0 0
44.998 26 AIR_DATA 98265.75 0. -1000. 1013.25 0. -1. -1.
44.999 26 ESTIMATOR 258.621887 -0.041579
44.999 26 ATTITUDE 0.315063 4.636497 0.006495
45.100 26 GPS 3 36033942 481362540 2644 258587 1420 15 0 100409480 31 0
45.101 26 SVINFO 3 10 1 3 44 71 183
45.101 26 DESIRED 0.306134 0.013283 4.599715 -11.496372 22.129219 260. 0.144564 14.
45.101 26 ATTITUDE 0.315192 4.6526 0.006745
45.198 26 ENERGY 31 12.5 7.212751 90.159393 0.806277 10.078481
45.199 26 NAVIGATION 4 0 54.6875 30. 0. 65.354828 35 29 29 0 0 0
45.199 26 ATTITUDE 0.315279 4.676765 0.007117
45.232 26 NAVIGATION 4 0 54.6875 30. 0. 62.375656 35 29 29 0 0 0
45.300 26 AIRSPEED 14.200768 14. 14. 6.
45.303 26 DESIRED 0.306571 0.013657 4.642689 -15.143143 25.124901 260. 0.146597 14.
45.303 26 ATTITUDE 0.315269 4.692879 0.007363
45.349 26 GPS 3 36033602 481362523 2672 258589 1420 14 0 100409720 31 0
45.350 26 SVINFO 4 11 1 4 43 89 233
45.398 26 WP_MOVED 10 360452.8125 4813581. 260. 31
45.399 26 ATTITUDE 0.315181 -1.566135 0.007726
45.483 26 NAVIGATION 4 0 51.25 30. 0. 59.384869 36 30 30 0 0 0
45.521 26 FBW_STATUS 2 0 1 12.5 7.212751
45.522 26 ESTIMATOR 258.592316 -0.045241
45.522 26 DESIRED 0.304348 0.013877 4.68917 -18.731239 28.374847 260. 0.147666 14.
45.522 26 ATTITUDE 0.315084 -1.550023 0.007964
45.600 26 GPS_SOL 640 640 640 7
45.600 26 GPS 3 36033261 481362524 2700 258593 1419 13 0 100409959 31 0
45.600 26 SVINFO 5 12 1 5 42 66 283
45.600 26 ATTITUDE 0.314842 -1.525865 0.008313
45.699 26 DESIRED 0.304348 0.013927 4.68917 -18.731239 28.374847 260. 0.147666 14.
45.700 26 ATTITUDE 0.314582 -1.509772 0.008541
45.732 26 NAVIGATION 4 0 47.84375 30. 0. 56.471447 36 30 30 0 0 0
45.799 26 CIRCLE 49.5 100.099998 70.
45.799 26 ATTITUDE 0.314087 -1.485659 0.008874
45.849 26 GPS 3 36032864 481362545 2734 258601 1418 11 0 100410240 31 0
45.850 26 SVINFO 6 13 1 6 41 22 333
45.900 26 PPRZ_MODE 2 3 3 2 0 6
45.900 26 WP_MOVED 11 360169.5 4813757.5 260. 31
45.900 26 DESIRED 0.305883 0.014143 4.73772 -22.133896 31.772949 260. 0.148835 14.
45.900 26 ATTITUDE 0.313749 -1.469603 0.00909
45.983 26 NAVIGATION 4 0 43.875 30. 0. 53.150875 36 30 30 0 0 0
46.000 26 ESTIMATOR 258.576965 -0.041988
46.000 26 ATTITUDE 0.31326 -1.445549 0.009404
46.100 26 GPS 3 36032526 481362580 2760 258609 1418 14 0 100410480 31 0
46.100 26 SVINFO 0 7 0 0 46 12 34
46.100 26 DESIRED 0.303869 0.014247 4.797107 -25.874702 35.923256 260. 0.149276 14.
46.100 26 ATTITUDE 0.312946 -1.42953 0.009607
46.199 26 CALIBRATION 0. 0
46.200 26 DL_VALUE 39 -0.015333
46.200 26 NAVIGATION 4 0 40.53125 30.5 0. 53.150875 36 30 30 0 0 0
46.200 26 ATTITUDE 0.312425 -1.405532 0.009899
46.233 26 NAVIGATION 4 0 40.53125 30.5 0. 50.725063 36 30 30 0 0 0
46.300 26 AIR_DATA 98265.492188 0. -1000. 1013.25 0. -1. -1.
46.300 26 ENERGY 31 12.5 7.224535 90.306686 0.819512 10.2439
46.300 26 AIRSPEED 14.172293 14. 14. 6.
46.301 26 DESIRED 0.306609 0.014316 4.843051 -28.872269 39.620358 260. 0.149513 14.
46.301 26 ATTITUDE 0.312063 -1.389554 0.010086
46.349 26 GPS 3 36032190 481362632 2787 258619 1417 35 0 100410720 31 0
46.398 26 WP_MOVED 0 360326. 4813637. 260. 31
46.399 26 ATTITUDE 0.311634 -1.365614 0.010353
46.481 26 NAVIGATION 4 0 37.15625 30.5 0. 48.071167 37 31 31 0 0 0
46.499 26 ESTIMATOR 258.576172 -0.033202
46.500 26 DESIRED 0.312368 0.014327 4.897718 -31.648354 43.399517 260. 0.14936 14.
46.500 26 ATTITUDE 0.311447 -1.349666 0.010523
46.582 26 COMMANDS 3016,60,8,0,0
46.600 26 GPS 3 36031857 481362700 2815 258630 1416 20 0 100410959 31 0
46.601 26 ATTITUDE 0.311439 -1.325745 0.010763
46.683 26 FBW_STATUS 2 0 1 12.5 7.227482
46.699 26 DESIRED 0.312368 0.014375 4.897718 -31.648354 43.399517 260. 0.14936 14.
46.700 26 ATTITUDE 0.31172 -1.309783 0.010914
46.732 26 NAVIGATION 4 0 33.8125 31.5 0. 46.211849 37 31 31 0 0 0
46.799 26 ATTITUDE 0.312469 -1.285788 0.011127
46.849 26 CIRCLE 49.5 100.099998 70.
46.849 26 GPS 3 36031473 481362799 2849 258645 1416 14 0 100411240 31 0
46.899 26 COMMANDS 3017,7,4,0,0
46.899 26 WP_MOVED 1 360284. 4813595. 260. 31
46.900 26 DESIRED 0.307028 0.014351 4.942502 -34.343307 47.466354 260. 0.148777 14.
46.900 26 ATTITUDE 0.313003 -1.269753 0.01126
46.983 26 NAVIGATION 4 0 29.96875 32.5 0. 44.208324 37 31 31 0 0 0
46.999 26 ESTIMATOR 258.588226 -0.020788
47.000 26 ATTITUDE 0.313784 -1.245641 0.011444
47.099 26 GPS 3 36031149 481362901 2874 258658 1415 0 0 100411480 31 0
47.099 26 DESIRED 0.303829 0.014312 4.998867 -37.179306 52.280567 260. 0.148095 14.
47.100 26 ATTITUDE 0.314247 -1.229531 0.011557
47.198 26 NAVIGATION 4 0 26.71875 33.5 0. 44.208324 37 31 31 0 0 0
47.199 26 ATTITUDE 0.314703 -1.205327 0.011713
47.232 26 NAVIGATION 4 0 26.71875 33.5 0. 42.850224 37 31 31 0 0 0
