1.620 26 GPS 3 36028477 481359546 899 185000 0 25 0 100239720 31 0
1.669 26 WP_MOVED 8 360461.40625 4813640. 215. 31
1.670 26 ATTITUDE 0. 0. 0.
1.752 26 NAVIGATION 2 1 0. 0. 0. 0. 0 6 6 1 0 0
1.770 26 ESTIMATOR 185. 0.
1.770 26 DESIRED 0. 0. 0. 0. 0. 235. 0. 14.
1.770 26 ATTITUDE 0. 0. 0.
1.869 26 GPS 3 36028477 481359546 899 185000 0 20 0 100239960 31 0
1.870 26 ATTITUDE 0. 0. 0.
1.957 26 FBW_STATUS 2 0 1 12.5 -4e-06
1.970 26 DL_VALUE 10 0.
1.970 26 DESIRED 0. 0. 0. 0. 0. 235. 0. 14.
1.971 26 ATTITUDE 0. 0. 0.
2.003 26 NAVIGATION 2 1 0. 0. 0. 0. 0 6 6 1 0 0
2.070 26 ATTITUDE 0. 0. 0.
2.119 26 GPS 3 36028477 481359546 899 185000 0 32 0 100240240 31 0
2.169 26 WP_MOVED 9 360312.8125 4813652. 185. 31
2.169 26 DESIRED 0. 0. 0. 0. 0. 235. 0. 14.
2.169 26 ATTITUDE 0. 0. 0.
2.254 26 NAVIGATION 2 1 0. 0. 0. 0. 0 6 6 1 0 0
2.272 26 ESTIMATOR 185. 0.
2.273 26 ATTITUDE 0. 0. 0.
2.370 26 GPS 3 36028477 481359546 899 185000 0 33 0 100240480 31 0
2.371 26 SVINFO 3 10 1 3 48 5 159
2.371 26 DESIRED 0. 0. 0. 0. 0. 235. 0. 14.
2.372 26 ATTITUDE 0. 0. 0.
2.470 26 NAVIGATION 2 1 0. 0. 0. 0. 0 6 6 1 0 0
2.470 26 ATTITUDE 0. 0. 0.
2.503 26 NAVIGATION 2 1 0. 0. 0. 0. 0 6 6 1 0 0
2.569 26 AIRSPEED 0. 14. 0. 6.
2.570 26 DESIRED 0. 0. 0. 0. 0. 235. 0. 14.
2.570 26 ATTITUDE 0. 0. 0.
2.620 26 GPS 3 36028477 481359546 899 185000 0 34 0 100240720 31 0
2.670 26 AIR_DATA 99126.804688 0. -1000. 1013.25 0. -1. -1.
2.670 26 ENERGY 0 12.5 -4e-06 -4.8e-05 -0. -1e-06
2.670 26 WP_MOVED 10 360452.8125 4813581. 260. 31
2.671 26 ATTITUDE 0. 0. 0.
2.753 26 NAVIGATION 2 1 0. 0. 0. 0. 0 7 7 1 0 0
2.769 26 FBW_STATUS 2 0 1 12.5 -4e-06
2.770 26 ESTIMATOR 185. 0.
2.770 26 DESIRED 0. 0. 0. 0. 0. 235. 0. 14.
2.770 26 ATTITUDE 0. 0. 0.
2.870 26 GPS_SOL 625 625 625 7
2.870 26 GPS 3 36028477 481359546 899 185000 0 21 0 100240960 31 0
2.871 26 SVINFO 5 12 0 5 49 82 259
2.871 26 ATTITUDE 0. 0. 0.
2.970 26 DESIRED 0. 0. 0. 0. 0. 235. 0. 14.
2.971 26 ATTITUDE 0. 0. 0.
3.003 26 NAVIGATION 2 1 0. 0. 0. 0. 0 7 7 1 0 0
3.070 26 ATTITUDE 0. 0. 0.
3.120 26 GPS 3 36028477 481359546 899 185000 0 26 0 100241240 31 0
3.169 26 WP_MOVED 11 360169.5 4813757.5 260. 31
3.169 26 DESIRED 0. 0. 0. 0. 0. 235. 0. 14.
3.170 26 ATTITUDE 0. 0. 0.
3.254 26 NAVIGATION 2 1 0. 0. 0. 0. 0 7 7 1 0 0
3.271 26 ESTIMATOR 185. 0.
3.272 26 ATTITUDE 0. 0. 0.
3.370 26 GPS 3 36028477 481359546 899 185000 0 18 0 100241480 31 0
3.370 26 SVINFO 0 7 0 0 46 79 10
3.371 26 DESIRED 0. 0. 0. 0. 0. 235. 0. 14.
3.371 26 ATTITUDE 0. 0. 0.
3.469 26 CALIBRATION 0. 0
3.470 26 DL_VALUE 11 1.
3.470 26 NAVIGATION 2 1 0. 0. 0. 0. 0 7 7 1 0 0
3.470 26 ATTITUDE 0. 0. 0.
3.504 26 NAVIGATION 2 1 0. 0. 0. 0. 0 7 7 1 0 0
3.569 26 AIRSPEED 0. 14. 0. 6.
3.570 26 DESIRED 0. 0. 0. 0. 0. 235. 0. 14.
3.570 26 ATTITUDE 0. 0. 0.
3.621 26 GPS 3 36028477 481359546 899 185000 0 6 0 100241720 31 0
3.622 26 SVINFO 1 8 1 1 47 38 60
3.670 26 WP_MOVED 0 360326. 4813637. 260. 31
3.670 26 ATTITUDE 0. 0. 0.
3.753 26 NAVIGATION 2 1 0. 0. 0. 0. 0 8 8 1 0 0
3.771 26 ENERGY 0 12.5 -4e-06 -4.8e-05 -0. -1e-06
3.772 26 ESTIMATOR 185. 0.
3.772 26 DESIRED 0. 0. 0. 0. 0. 235. 0. 14.
3.772 26 ATTITUDE 0. 0. 0.
3.870 26 NAVIGATION_REF 360284 4813595 31 185.
3.871 26 GPS 3 36028477 481359546 899 185000 0 0 0 100241960 31 0
3.872 26 ATTITUDE 0. 0. 0.
3.954 26 FBW_STATUS 2 0 1 12.5 -4e-06
3.971 26 AIR_DATA 99126.804688 0. -1000. 1013.25 0. -1. -1.
3.971 26 DESIRED 0. 0. 0. 0. 0. 235. 0. 14.
3.971 26 ATTITUDE 0. 0. 0.
4.003 26 NAVIGATION 2 1 0. 0. 0. 0. 0 8 8 1 0 0
4.070 26 ATTITUDE 0. 0. 0.
4.124 26 GPS 3 36028477 481359546 899 185000 0 13 0 100242240 31 0
4.170 26 WP_MOVED 1 360284. 4813595. 260. 31
4.171 26 DESIRED 0. 0. 0. 0. 0. 235. 0. 14.
4.171 26 ATTITUDE 0. 0. 0.
4.253 26 NAVIGATION 2 1 0. 0. 0. 0. 0 8 8 1 0 0
4.269 26 ESTIMATOR 185. 0.
4.270 26 ATTITUDE 0. 0. 0.
4.370 26 GPS 3 36028477 481359546 899 185000 0 -2 0 100242480 31 0
4.371 26 SVINFO 4 11 1 4 49 46 210
4.371 26 DESIRED 0. 0. 0. 0. 0. 235. 0. 14.
4.371 26 ATTITUDE 0. 0. 0.
4.470 26 NAVIGATION 2 1 0. 0. 0. 0. 0 8 8 1 0 0
4.471 26 ATTITUDE 0. 0. 0.
4.503 26 NAVIGATION 2 1 0. 0. 0. 0. 0 8 8 1 0 0
4.570 26 AIRSPEED 0. 14. 0. 6.
4.570 26 DESIRED 0. 0. 0. 0. 0. 235. 0. 14.
4.571 26 ATTITUDE 0. 0. 0.
4.619 26 GPS 3 36028477 481359546 899 185000 0 -16 0 100242720 31 0
4.671 26 WP_MOVED 2 360333.5 4813695. 260. 31
4.671 26 ATTITUDE 0. 0. 0.
4.753 26 NAVIGATION 2 1 0. 0. 0. 0. 0 9 9 1 0 0
4.769 26 FBW_STATUS 2 0 1 12.5 -4e-06
4.769 26 ESTIMATOR 185. 0.
4.769 26 DESIRED 0. 0. 0. 0. 0. 235. 0. 14.
4.769 26 ATTITUDE 0. 0. 0.
4.870 26 GPS_SOL 637 637 637 7
4.871 26 ENERGY 0 12.5 -4e-06 -4.8e-05 -0. -2e-06
4.871 26 GPS 3 36028477 481359546 899 185000 0 -3 0 100242960 31 0
4.871 26 ATTITUDE 0. 0. 0.
4.970 26 DL_VALUE 12 0.
4.970 26 DESIRED 0. 0. 0. 0. 0. 235. 0. 14.
4.971 26 ATTITUDE 0. 0. 0.
5.003 26 NAVIGATION 2 1 0. 0. 0. 0. 0 9 9 1 0 0
5.070 26 ATTITUDE 0. 0. 0.
5.127 26 GPS 3 36028477 481359546 899 185000 0 2 0 100243240 31 0
5.169 26 WP_MOVED 3 360294.09375 4813785. 260. 31
5.169 26 DESIRED 0. 0. 0. 0. 0. 235. 0. 14.
5.169 26 ATTITUDE 0. 0. 0.
5.254 26 NAVIGATION 2 1 0. 0. 0. 0. 0 9 9 1 0 0
5.270 26 AIR_DATA 99126.804688 0. -1000. 1013.25 0. -1. -1.
5.270 26 ESTIMATOR 185. 0.
5.270 26 ATTITUDE 0. 0. 0.
5.370 26 GPS 3 36028477 481359546 899 185000 0 -9 0 100243480 31 0
5.371 26 DESIRED 0. 0. 0. 0. 0. 235. 0. 14.
5.372 26 ATTITUDE 0. 0. 0.
5.471 26 NAVIGATION 2 1 0. 0. 0. 0. 0 9 9 1 0 0
5.471 26 ATTITUDE 0. 0. 0.
5.504 26 NAVIGATION 2 1 0. 0. 0. 0. 0 9 9 1 0 0
5.570 26 CALIBRATION 0. 0
5.570 26 AIRSPEED 0. 14. 0. 6.
5.570 26 DESIRED 0. 0. 0. 0. 0. 235. 0. 14.
5.571 26 ATTITUDE 0. 0. 0.
5.620 26 GPS 3 36028477 481359546 899 185000 0 13 0 100243720 31 0
5.621 26 SVINFO 2 9 1 2 48 2 111
5.669 26 WP_MOVED 4 360416.3125 4813734. 260. 31
5.669 26 ATTITUDE 0. 0. 0.
5.753 26 NAVIGATION 2 1 0. 0. 0. 0. 0 10 10 1 0 0
5.771 26 ESTIMATOR 185. 0.
5.772 26 DESIRED 0. 0. 0. 0. 0. 235. 0. 14.
5.772 26 ATTITUDE 0. 0. 0.
5.853 26 COMMANDS 0,0,0,0,0
5.870 26 GPS 3 36028477 481359546 899 185000 0 10 0 100243960 31 0
5.870 26 ATTITUDE 0. 0. 0.
5.952 26 FBW_STATUS 2 0 1 12.5 -4e-06
5.970 26 PPRZ_MODE 2 1 2 0 0 6
5.971 26 ENERGY 0 12.5 -4e-06 -4.8e-05 -0. -2e-06
5.971 26 DESIRED 0. 0. 0. 0. 0. 235. 0. 14.
5.971 26 ATTITUDE 0. 0. 0.
6.004 26 NAVIGATION 2 1 0. 0. 0. 0. 0 10 10 1 0 0
6.070 26 ATTITUDE 0. 0. 0.
6.121 26 GPS 3 36028477 481359546 899 185000 0 24 0 100244240 31 0
6.170 26 COMMANDS 0,0,0,0,0
6.170 26 WP_MOVED 5 360421. 4813583.5 260. 31
6.170 26 DESIRED 0. 0. 0. 0. 0. 235. 0. 14.
6.171 26 ATTITUDE 0. 0. 0.
6.254 26 NAVIGATION 2 1 0. 0. 0. 0. 0 10 10 1 0 0
6.270 26 ESTIMATOR 185. 0.
6.270 26 ATTITUDE 0. 0. 0.
6.371 26 DATALINK_REPORT 9 1 754 803 0 0
6.371 26 GPS 3 36028477 481359546 899 185000 0 34 0 100244480 31 0
6.371 26 DESIRED 0. 0. 0. 0. 0. 235. 0. 14.
6.372 26 ATTITUDE 0. 0. 0.
6.470 26 ALIVE 128,247,33,237,150,226,125,96,211,120,85,14,103,22,52,69
6.470 26 DL_VALUE 13 0.
6.470 26 NAVIGATION 2 1 0. 0. 0. 0. 0 10 10 1 0 0
6.471 26 ATTITUDE 0. 0. 0.
6.503 26 NAVIGATION 2 1 0. 0. 0. 0. 0 10 10 1 0 0
6.569 26 AIR_DATA 99126.804688 0. -1000. 1013.25 0. -1. -1.
6.570 26 AIRSPEED 0. 14. 0. 6.
6.570 26 DESIRED 0. 0. 0. 0. 0. 235. 0. 14.
6.570 26 ATTITUDE 0. 0. 0.
6.620 26 GPS 3 36028477 481359546 899 185000 0 18 0 100244720 31 0
6.669 26 WP_MOVED 6 360164.8125 4813664.5 260. 31
6.669 26 ATTITUDE 0. 0. 0.
6.753 26 NAVIGATION 2 1 0. 0. 0. 0. 0 11 11 1 0 0
6.769 26 FBW_STATUS 2 0 1 12.5 -4e-06
6.770 26 ESTIMATOR 185. 0.
6.770 26 DESIRED 0. 0. 0. 0. 0. 235. 0. 14.
6.770 26 ATTITUDE 0. 0. 0.
6.869 26 GPS_SOL 648 648 648 7
6.870 26 GPS 3 36028477 481359546 899 185000 0 21 0 100244960 31 0
6.870 26 SVINFO 0 7 0 0 47 75 12
6.871 26 ATTITUDE 0. 0. 0.
6.971 26 DESIRED 0. 0. 0. 0. 0. 235. 0. 14.
6.971 26 ATTITUDE 0. 0. 0.
7.003 26 NAVIGATION 2 1 0. 0. 0. 0. 0 11 11 1 0 0
7.070 26 ENERGY 0 12.5 -4e-06 -4.8e-05 -0. -2e-06
7.071 26 ATTITUDE 0. 0. 0.
7.087 26 WIND_INFO 26 5 0. 0. 0. 0.
7.088 26 WIND_INFO_RET 5 0. 0. 0. 0.
7.120 26 GPS 3 36028477 481359546 899 185000 0 17 0 100245240 31 0
7.121 26 SVINFO 1 8 0 1 48 32 62
7.170 26 WP_MOVED 7 360558.40625 4813804.5 260. 31
7.170 26 DESIRED 0. 0. 0. 0. 0. 235. 0. 14.
7.171 26 ATTITUDE 0. 0. 0.
7.253 26 NAVIGATION 2 1 0. 0. 0. 0. 0 11 11 1 0 0
7.269 26 ESTIMATOR 185. 0.
7.270 26 ATTITUDE 0. 0. 0.
7.370 26 GPS 3 36028477 481359546 899 185000 0 15 0 100245480 31 0
7.371 26 DESIRED 0. 0. 0. 0. 0. 235. 0. 14.
7.371 26 ATTITUDE 0. 0. 0.
7.471 26 NAVIGATION 2 1 0. 0. 0. 0. 0 11 11 1 0 0
7.471 26 ATTITUDE 0. 0. 0.
7.504 26 NAVIGATION 2 1 0. 0. 0. 0. 0 11 11 1 0 0
7.570 26 AIRSPEED 0. 14. 0. 6.
7.570 26 DESIRED 0. 0. 0. 0. 0. 235. 0. 14.
7.570 26 ATTITUDE 0. 0. 0.
7.620 26 GPS 3 36028477 481359546 899 185000 0 16 0 100245720 31 0
7.621 26 SVINFO 3 10 0 3 49 11 162
7.669 26 CALIBRATION 0. 0
7.670 26 WP_MOVED 8 360461.40625 4813640. 215. 31
7.670 26 ATTITUDE 0. 0. 0.
7.754 26 NAVIGATION 2 1 0. 0. 0. 0. 0 12 12 1 0 0
7.770 26 ESTIMATOR 185. 0.
7.770 26 DESIRED 0. 0. 0. 0. 0. 235. 0. 14.
7.770 26 ATTITUDE 0. 0. 0.
7.871 26 AIR_DATA 99126.804688 0. -1000. 1013.25 0. -1. -1.
7.871 26 GPS 3 36028477 481359546 899 185000 0 -2 0 100245960 31 0
7.872 26 ATTITUDE 0. 0. 0.
7.953 26 FBW_STATUS 2 0 1 12.5 -4e-06
7.970 26 AUTOPILOT_VERSION 51500 v5.15_devel-179-g9a29798-dirty
7.970 26 DL_VALUE 14 3.
7.970 26 DESIRED 0. 0. 0. 0. 0. 235. 0. 14.
7.971 26 ATTITUDE 0. 0. 0.
8.003 26 NAVIGATION 2 1 0. 0. 0. 0. 0 12 12 1 0 0
8.070 26 ATTITUDE 0. 0. 0.
8.120 26 GPS 3 36028477 481359546 899 185000 0 4 0 100246240 31 0
8.169 26 ENERGY 0 12.5 -4e-06 -4.8e-05 -0. -2e-06
8.169 26 WP_MOVED 9 360312.8125 4813652. 185. 31
8.169 26 DESIRED 0. 0. 0. 0. 0. 235. 0. 14.
8.170 26 ATTITUDE 0. 0. 0.
8.253 26 NAVIGATION 2 1 0. 0. 0. 0. 0 12 12 1 0 0
8.270 26 ESTIMATOR 185. 0.
8.270 26 ATTITUDE 0. 0. 0.
8.370 26 GPS 3 36028477 481359546 899 185000 0 0 0 100246480 31 0
8.370 26 DESIRED 0. 0. 0. 0. 0. 235. 0. 14.
8.370 26 ATTITUDE 0. 0. 0.
8.470 26 NAVIGATION 2 1 0. 0. 0. 0. 0 12 12 1 0 0
8.470 26 ATTITUDE 0. 0. 0.
8.504 26 NAVIGATION 2 1 0. 0. 0. 0. 0 12 12 1 0 0
8.571 26 AIRSPEED 0. 14. 0. 6.
8.571 26 DESIRED 0. 0. 0. 0. 0. 235. 0. 14.
8.571 26 ATTITUDE 0. 0. 0.
8.621 26 GPS 3 36028477 481359546 899 185000 0 9 0 100246720 31 0
8.670 26 WP_MOVED 10 360452.8125 4813581. 260. 31
8.671 26 ATTITUDE 0. 0. 0.
8.753 26 NAVIGATION 2 1 0. 0. 0. 0. 0 13 13 1 0 0
8.769 26 FBW_STATUS 2 0 1 12.5 -4e-06
8.770 26 ESTIMATOR 185. 0.
8.770 26 DESIRED 0. 0. 0. 0. 0. 235. 0. 14.
8.770 26 ATTITUDE 0. 0. 0.
8.870 26 GPS_SOL 659 659 659 7
8.871 26 GPS 3 36028477 481359546 899 185000 0 4 0 100246960 31 0
8.871 26 ATTITUDE 0. 0. 0.
8.971 26 DESIRED 0. 0. 0. 0. 0. 235. 0. 14.
8.973 26 ATTITUDE 0. 0. 0.
9.005 26 NAVIGATION 2 1 0. 0. 0. 0. 0 13 13 1 0 0
9.070 26 ATTITUDE 0. 0. 0.
9.120 26 GPS 3 36028477 481359546 899 185000 0 -2 0 100247240 31 0
9.120 26 SVINFO 2 9 0 2 49 1 113
9.170 26 AIR_DATA 99126.804688 0. -1000. 1013.25 0. -1. -1.
9.170 26 WP_MOVED 11 360169.5 4813757.5 260. 31
9.170 26 DESIRED 0. 0. 0. 0. 0. 235. 0. 14.
9.170 26 ATTITUDE 0. 0. 0.
9.253 26 NAVIGATION 2 1 0. 0. 0. 0. 0 13 13 1 0 0
9.271 26 ENERGY 0 12.5 -4e-06 -4.8e-05 -0. -2e-06
9.271 26 ESTIMATOR 185. 0.
9.271 26 ATTITUDE 0. 0. 0.
9.373 26 GPS 3 36028477 481359546 899 185000 0 -1 0 100247480 31 0
9.375 26 DESIRED 0. 0. 0. 0. 0. 235. 0. 14.
9.376 26 ATTITUDE 0. 0. 0.
9.447 26 SETTING 10 26 1.
9.447 26 DL_VALUE 10 1.
9.470 26 DL_VALUE 15 50.
9.470 26 NAVIGATION 2 1 0. 0. 0. 0. 0 13 13 1 0 0
9.470 26 ATTITUDE 0. 0. 0.
9.504 26 NAVIGATION 2 1 0. 0. 0. 0. 0 13 13 1 0 0
9.570 26 AIRSPEED 0. 14. 0. 6.
9.570 26 DESIRED 0. 0. 0. 0. 0. 235. 0. 14.
9.570 26 ATTITUDE 0. 0. 0.
9.620 26 GPS 3 36028477 481359546 899 185000 0 21 0 100247720 31 0
9.669 26 WP_MOVED 0 360326. 4813637. 260. 31
9.669 26 ATTITUDE 0. 0. 0.
9.753 26 NAVIGATION 2 1 0. 0. 0. 0. 0 14 14 1 0 0
9.770 26 CALIBRATION 0. 0
9.770 26 ESTIMATOR 185. 0.
9.771 26 DESIRED 0. 0. 0. 0. 0. 235. 0. 14.
9.771 26 ATTITUDE 0. 0. 0.
9.870 26 GPS 3 36028477 481359546 899 185000 0 9 0 100247960 31 0
9.870 26 ATTITUDE 0. 0. 0.
9.953 26 FBW_STATUS 2 0 1 12.5 -4e-06
9.970 26 DESIRED 0. 0. 0. 0. 0. 235. 0. 14.
9.970 26 ATTITUDE 0. 0. 0.
10.003 26 NAVIGATION 2 1 0. 0. 0. 0. 0 14 14 1 0 0
10.070 26 ATTITUDE 0. 0. 0.
10.121 26 GPS 3 36028477 481359546 899 185000 0 24 0 100248240 31 0
10.169 26 WP_MOVED 1 360284. 4813595. 260. 31
10.169 26 DESIRED 0. 0. 0. 0. 0. 235. 0. 14.
10.170 26 ATTITUDE 0. 0. 0.
10.253 26 NAVIGATION 2 1 0. 0. 0. 0. 0 14 14 1 0 0
10.269 26 ESTIMATOR 185. 0.
10.270 26 ATTITUDE 0. 0. 0.
10.371 26 ENERGY 0 12.5 -4e-06 -4.8e-05 -0. -2e-06
10.372 26 GPS 3 36028477 481359546 899 185000 0 8 0 100248480 31 0
10.372 26 SVINFO 0 7 0 0 48 70 14
10.373 26 DESIRED 0. 0. 0. 0. 0. 235. 0. 14.
10.373 26 ATTITUDE 0. 0. 0.
10.470 26 AIR_DATA 99126.804688 0. -1000. 1013.25 0. -1. -1.
10.470 26 NAVIGATION 2 1 0. 0. 0. 0. 0 14 14 1 0 0
10.470 26 ATTITUDE 0. 0. 0.
10.504 26 NAVIGATION 2 1 0. 0. 0. 0. 0 14 14 1 0 0
10.570 26 AIRSPEED 0. 14. 0. 6.
10.570 26 DESIRED 0. 0. 0. 0. 0. 235. 0. 14.
10.570 26 ATTITUDE 0. 0. 0.
10.620 26 GPS 3 36028477 481359546 899 185000 0 23 0 100248720 31 0
10.656 26 BLOCK 3 26
10.656 26 NAVIGATION 3 0 0. 0. 0. 0. 0 0 0 1 0 0
10.669 26 WP_MOVED 2 360333.5 4813695. 260. 31
10.669 26 ATTITUDE 0. 0. 0.
10.754 26 NAVIGATION 3 2 0. 0. 198.624115 0. 0 1 0 0 0 0
10.773 26 FBW_STATUS 2 0 1 12.5 -4e-06
10.773 26 ESTIMATOR 185. 0.
10.774 26 DESIRED -0.508721 0.261799 5.668788 -114.5 162.300003 235. 0. 14.
10.774 26 ATTITUDE 0. 0. 0.
10.854 26 COMMANDS 960,-3724,1885,0,0
10.870 26 PPRZ_MODE 2 1 3 0 0 6
10.870 26 GPS_SOL 668 668 668 7
10.870 26 GPS 3 36028477 481359546 899 185000 0 12 0 100248960 31 0
10.871 26 ATTITUDE -0.010619 -0.000361 0.000872
10.970 26 DL_VALUE 16 50.
10.970 26 DESIRED -0.508721 0.262334 5.668788 -114.5 162.300003 235. 0. 14.
10.970 26 ATTITUDE -0.030619 -0.00167 0.00281
11.004 26 NAVIGATION 3 2 0. 0. 198.624115 0. 0 1 0 0 0 0
11.070 26 ATTITUDE -0.060619 -0.005578 0.007494
11.121 26 GPS 3 36028476 481359878 3599 184997 1379 -7 0 100249240 31 0
11.170 26 COMMANDS 4000,-1770,1821,0,0
11.170 26 WP_MOVED 3 360294.09375 4813785. 260. 31
11.171 26 DESIRED -0.324402 0.263206 5.668788 -114.5 162.300003 235. 0. 14.
11.171 26 ATTITUDE -0.080619 -0.009477 0.011674
11.252 26 NAVIGATION 3 2 0. 3. 196.180374 3. 0 1 0 0 0 0
11.270 26 ESTIMATOR 184.999557 -0.000204
11.270 26 ATTITUDE -0.110619 -0.01723 0.019346
11.370 26 GPS 3 36028473 481360208 3593 184994 1378 0 0 100249480 31 0
11.372 26 DESIRED -0.491802 0.264079 5.659973 -114.5 162.300003 235. 0. 14.
11.372 26 ATTITUDE -0.130619 -0.02363 0.025299
11.470 26 DATALINK_REPORT 1 4 938 826 0 0
11.470 26 ENERGY 73 12.5 19.260687 240.758591 0.009956 0.124444
11.470 26 NAVIGATION 3 2 -0.03125 6.5 196.180374 3. 0 1 0 0 0 0
11.470 26 ATTITUDE -0.160619 -0.034998 0.035367
11.503 26 NAVIGATION 3 2 -0.03125 6.5 193.330627 6.500075 0 1 0 0 0 0
11.569 26 ALIVE 128,247,33,237,150,226,125,96,211,120,85,14,103,22,52,69
11.570 26 AIRSPEED 14.539244 14. 0. 6.
11.570 26 DESIRED -0.490346 0.264952 5.649538 -114.5 162.300003 235. 0. 14.
11.570 26 ATTITUDE -0.180619 -0.043702 0.042762
11.620 26 GPS 3 36028463 481360548 3583 185025 1417 0 0 100249720 31 0
11.671 26 WP_MOVED 4 360416.3125 4813734. 260. 31
11.671 26 ATTITUDE -0.210619 -0.058357 0.054793
11.753 26 TAKEOFF 25
11.753 26 NAVIGATION 3 2 -0.125 10. 190.465042 10.000781 1 2 1 0 0 0
11.770 26 AIR_DATA 99126.507812 0. -1000. 1013.25 0. -1. -1.
11.770 26 ESTIMATOR 185.002686 0.001363
11.770 26 DESIRED -0.495709 0.265824 5.639054 -114.5 162.300003 235. 0. 14.
11.770 26 ATTITUDE -0.230619 -0.069139 0.063384
11.869 26 CALIBRATION 0. 0
11.870 26 GPS 3 36028443 481360904 3567 185142 1485 46 0 100249960 31 0
11.871 26 ATTITUDE -0.260619 -0.086802 0.077033
11.953 26 FBW_STATUS 2 0 1 12.5 27.672886
11.970 26 DESIRED -0.495709 0.266697 5.639054 -114.5 162.300003 235. 0. 14.
11.970 26 ATTITUDE -0.280619 -0.099575 0.086565
12.004 26 NAVIGATION 3 2 -0.3125 13.5 187.563919 13.503616 1 2 1 0 0 0
12.070 26 ATTITUDE -0.310619 -0.12025 0.101396
12.120 26 GPS 3 36028402 481361339 3544 185448 1564 106 0 100250240 31 0
12.170 26 WP_MOVED 5 360421. 4813583.5 260. 31
12.172 26 DESIRED -0.502737 0.26757 5.628648 -114.5 162.300003 235. 0. 14.
12.173 26 ATTITUDE -0.330619 -0.135058 0.111564
12.253 26 NAVIGATION 3 2 -0.75 18. 183.743179 18.015617 1 2 1 0 0 0
12.269 26 ESTIMATOR 185.11409 0.050542
12.269 26 ATTITUDE -0.360619 -0.158839 0.127107
12.369 26 GPS 3 36028348 481361722 3520 185880 1612 163 0 100250480 31 0
12.370 26 SVINFO 1 8 0 1 49 23 65
12.370 26 DESIRED -0.501591 0.268442 5.615627 -114.5 162.300003 235. 0. 14.
12.370 26 ATTITUDE -0.380619 -0.175763 0.137577
12.469 26 DL_VALUE 17 0.
12.470 26 NAVIGATION 3 2 -1.28125 22. 183.743179 18.015617 1 2 1 0 0 0
12.470 26 ATTITUDE -0.410619 -0.202799 0.153312
12.503 26 NAVIGATION 3 2 -1.28125 22. 180.284714 22.037277 1 2 1 0 0 0
12.570 26 ENERGY 88 12.5 27.672886 345.911072 0.059318 0.741478
12.571 26 AIRSPEED 16.558353 14. 0. 6.
12.571 26 DESIRED -0.488208 0.269315 5.604205 -114.5 162.300003 235. 0. 14.
12.571 26 ATTITUDE -0.430619 -0.221951 0.163738
12.620 26 GPS 3 36028274 481362110 3491 186467 1643 239 0 100250720 31 0
12.672 26 WP_MOVED 6 360164.8125 4813664.5 260. 31
12.673 26 ATTITUDE -0.460594 -0.252429 0.179162
12.754 26 NAVIGATION 3 2 -2.03125 25.5 177.097321 25.580774 2 3 2 0 0 0
12.772 26 FBW_STATUS 2 0 1 12.5 27.672886
12.772 26 ESTIMATOR 185.549408 0.229372
12.773 26 DESIRED -0.45573 0.270183 5.595089 -114.5 162.300003 235. 0. 14.
12.773 26 ATTITUDE -0.480372 -0.273941 0.189225
12.870 26 NAVIGATION_REF 360284 4813595 31 185.
12.870 26 GPS_SOL 676 676 676 7
12.870 26 GPS 3 36028176 481362496 3458 187198 1661 307 0 100250960 31 0
12.870 26 ATTITUDE -0.507154 -0.307938 0.20389
12.971 26 DESIRED -0.45573 0.270997 5.595089 -114.5 162.300003 235. 0. 14.
12.971 26 ATTITUDE -0.526995 -0.343633 0.217914
13.003 26 NAVIGATION 3 2 -3. 29.5 173.401535 29.652149 2 3 2 0 0 0
13.071 26 AIR_DATA 99100.976562 0. -1000. 1013.25 0. -1. -1.
13.071 26 ATTITUDE -0.535348 -0.368093 0.226836
13.120 26 GPS 3 36028029 481362940 3413 188212 1670 344 0 100251240 31 0
13.172 26 WP_MOVED 7 360558.40625 4813804.5 260. 31
13.172 26 DESIRED -0.413405 0.271197 5.584755 -114.5 162.300003 235. 0. 14.
13.172 26 ATTITUDE -0.538444 -0.39279 0.235394
13.253 26 NAVIGATION 3 2 -4.46875 34. 169.02002 34.292416 2 3 2 0 0 0
13.270 26 ESTIMATOR 186.487488 0.587282
13.270 26 ATTITUDE -0.533944 -0.429714 0.247497
13.371 26 GPS 3 36027873 481363309 3371 189201 1670 390 0 100251480 31 0
13.371 26 DESIRED -0.345525 0.27096 5.57429 -114.5 162.300003 235. 0. 14.
13.372 26 ATTITUDE -0.524866 -0.453893 0.255041
13.470 26 NAVIGATION 3 2 -6.03125 37.5 169.02002 34.292416 2 3 2 0 0 0
13.471 26 ATTITUDE -0.500001 -0.488757 0.265536
13.503 26 NAVIGATION 3 2 -6.03125 37.5 165.34967 37.981918 2 3 2 0 0 0
13.570 26 AIRSPEED 16.597193 14. 0. 6.
13.570 26 DESIRED -0.282091 0.270177 5.567684 -114.5 162.300003 235. 0. 14.
13.570 26 ATTITUDE -0.480001 -0.510784 0.271963
13.619 26 GPS 3 36027692 481363665 3330 190294 1664 422 0 100251720 31 0
13.670 26 ENERGY 88 12.5 27.672886 345.911072 0.110052 1.375647
13.670 26 WP_MOVED 8 360461.40625 4813640. 215. 31
13.670 26 ATTITUDE -0.450001 -0.541985 0.280737
13.753 26 NAVIGATION 3 2 -7.84375 41.5 161.1465 42.234753 3 4 3 0 0 0
13.772 26 ESTIMATOR 188.008484 1.117835
13.772 26 DESIRED -0.220231 0.269304 5.559889 -114.5 162.300003 235. 0. 14.
13.773 26 ATTITUDE -0.430001 -0.561584 0.286
13.871 26 GPS 3 36027489 481364007 3292 191486 1654 463 0 100251960 31 0
13.871 26 SVINFO 0 7 0 0 49 64 16
13.872 26 ATTITUDE -0.400001 -0.589214 0.293024
13.953 26 FBW_STATUS 2 0 1 12.5 27.672886
13.971 26 CALIBRATION 0. 0
13.971 26 DL_VALUE 18 1.
13.971 26 DESIRED -0.220231 0.268432 5.559889 -114.5 162.300003 235. 0. 14.
13.971 26 ATTITUDE -0.380001 -0.606474 0.29713
14.003 26 NAVIGATION 3 2 -9.875 44.5 157.553894 45.582516 3 4 3 0 0 0
14.070 26 ATTITUDE -0.350001 -0.630646 0.30245
14.120 26 GPS 3 36027231 481364386 3255 192984 1639 540 0 100252240 31 0
14.172 26 WP_MOVED 9 360312.8125 4813652. 185. 31
14.174 26 DESIRED -0.160557 0.267559 5.556952 -114.5 162.300003 235. 0. 14.
14.178 26 ATTITUDE -0.330001 -0.645627 0.30545
14.253 26 NAVIGATION 3 2 -12.4375 48.5 152.863327 50.069366 3 4 3 0 0 0
14.270 26 ESTIMATOR 190.111069 1.785111
14.270 26 ATTITUDE -0.300001 -0.666412 0.309171
14.370 26 AIR_DATA 99017.132812 0. -1000. 1013.25 0. -1. -1.
14.370 26 GPS 3 36026995 481364697 3228 194337 1623 564 0 100252480 31 0
14.371 26 DESIRED -0.102929 0.266686 5.552109 -114.5 162.300003 235. 0. 14.
14.371 26 ATTITUDE -0.280001 -0.679151 0.311152
14.471 26 NAVIGATION 3 2 -14.78125 51.5 152.863327 50.069366 3 4 3 0 0 0
14.472 26 ATTITUDE -0.250001 -0.69659 0.313421
14.503 26 NAVIGATION 3 2 -14.78125 51.5 149.065323 53.579243 3 4 3 0 0 0
14.570 26 AIRSPEED 15.986364 14. 0. 6.
14.571 26 DESIRED -0.064581 0.265814 5.550376 -114.5 162.300003 235. 0. 14.
14.571 26 ATTITUDE -0.230001 -0.707105 0.314491
14.620 26 GPS 3 36026750 481364995 3205 195730 1607 580 0 100252720 31 0
14.671 26 WP_MOVED 10 360452.8125 4813581. 260. 31
14.672 26 ATTITUDE -0.200001 -0.721213 0.315484
14.753 26 NAVIGATION 3 2 -17.21875 54.5 145.204971 57.155361 4 5 4 0 0 0
14.770 26 FBW_STATUS 2 0 1 12.5 27.672886
14.770 26 ENERGY 88 12.5 27.672886 345.911072 0.160786 2.009817
14.770 26 ESTIMATOR 192.750031 2.537267
14.770 26 DESIRED -0.030979 0.264941 5.549033 -114.5 162.300003 235. 0. 14.
14.770 26 ATTITUDE -0.180001 -0.729509 0.315766
14.870 26 GPS_SOL 683 683 683 7
14.871 26 GPS 3 36026499 481365283 3188 197145 1592 600 0 100252960 31 0
14.871 26 ATTITUDE -0.150001 -0.740286 0.315672
14.970 26 DESIRED -0.030979 0.264068 5.549033 -114.5 162.300003 235. 0. 14.
14.971 26 ATTITUDE -0.130001 -0.746357 0.315294
15.003 26 NAVIGATION 3 2 -19.75 57.5 141.281998 60.797306 4 5 4 0 0 0
15.070 26 ATTITUDE -0.100001 -0.75379 0.314304
15.120 26 GPS 3 36026200 481365608 3173 198799 1576 608 0 100253240 31 0
15.171 26 WP_MOVED 11 360169.5 4813757.5 260. 31
15.171 26 DESIRED -0.005938 0.263196 5.548108 -114.5 162.300003 235. 0. 14.
15.172 26 ATTITUDE -0.080001 -0.757626 0.313392
15.253 26 NAVIGATION 3 2 -22.75 60.5 137.044891 64.636002 4 5 4 0 0 0
15.270 26 ESTIMATOR 195.784988 3.298021
15.270 26 ATTITUDE -0.050001 -0.761696 0.311694
15.371 26 GPS 3 36025942 481365880 3165 200205 1564 601 0 100253480 31 0
15.371 26 DESIRED 0.018674 0.262323 5.549665 -114.5 162.300003 235. 0. 14.
15.372 26 ATTITUDE -0.030001 -0.763281 0.310367
15.470 26 DL_VALUE 19 1013.25
15.470 26 NAVIGATION 3 2 -25.3125 63.5 137.044891 64.636002 4 5 4 0 0 0
15.470 26 ATTITUDE -0.000321 -0.76397 0.308131
15.503 26 NAVIGATION 3 2 -25.3125 63.5 133.100906 68.359146 4 5 4 0 0 0
15.571 26 AIRSPEED 15.508455 14. 0. 6.
15.572 26 DESIRED 0.025135 0.262121 5.548876 -114.5 162.300003 235. 0. 14.
15.572 26 ATTITUDE 0.018422 -0.763342 0.306501
15.620 26 GPS 3 36025684 481366150 3162 201590 1555 598 0 100253720 31 0
15.670 26 AIR_DATA 98932.023438 0. -1000. 1013.25 0. -1. -1.
15.671 26 WP_MOVED 0 360326. 4813637. 260. 31
15.672 26 ATTITUDE 0.043963 -0.760898 0.303889
15.754 26 NAVIGATION 3 2 -27.90625 66. 129.507401 71.657234 5 6 5 0 0 0
15.771 26 PPRZ_MODE 2 1 3 0 0 6
15.771 26 ESTIMATOR 199.06662 3.998525
15.772 26 DESIRED 0.029876 0.262822 5.550808 -114.5 162.300003 235. 0. 14.
15.772 26 ATTITUDE 0.058588 -0.758382 0.302064
15.853 26 COMMANDS 8524,-347,-234,0,0
15.871 26 ENERGY 88 12.5 27.672886 345.911072 0.211519 2.643994
15.871 26 GPS 3 36025427 481366419 3163 202948 1548 596 0 100253960 31 0
15.871 26 ATTITUDE 0.076254 -0.753524 0.29924
15.953 26 FBW_STATUS 2 0 1 12.5 27.672886
15.980 26 DESIRED 0.029876 0.263282 5.550808 -114.5 162.300003 235. 0. 14.
15.980 26 ATTITUDE 0.084934 -0.749723 0.297323
16.003 26 NAVIGATION 3 2 -30.46875 69. 125.563293 75.427742 5 6 5 0 0 0
16.069 26 CALIBRATION 0. 0
16.070 26 ATTITUDE 0.093054 -0.743472 0.294427
16.120 26 GPS 3 36025132 481366735 3169 204493 1543 568 0 100254240 31 0
16.169 26 COMMANDS 8524,-545,-177,0,0
16.170 26 WP_MOVED 1 360284. 4813595. 260. 31
16.170 26 DESIRED 0.023784 0.263458 5.550008 -114.5 162.300003 235. 0. 14.
16.170 26 ATTITUDE 0.095013 -0.739124 0.292501
16.253 26 NAVIGATION 3 2 -33.4375 71.5 121.720047 78.93235 5 6 5 0 0 0
16.270 26 ESTIMATOR 202.41748 4.578359
16.270 26 ATTITUDE 0.093096 -0.732636 0.289642
16.370 26 GPS 3 36024883 481367009 3177 205785 1541 541 0 100254480 31 0
16.371 26 DESIRED 0.017297 0.26335 5.554385 -114.5 162.300003 235. 0. 14.
16.371 26 ATTITUDE 0.088869 -0.728499 0.287769
16.469 26 NAVIGATION 3 2 -35.90625 74.5 121.720047 78.93235 5 6 5 0 0 0
16.470 26 ATTITUDE 0.078569 -0.722829 0.285029
16.503 26 NAVIGATION 3 2 -35.90625 74.5 117.838104 82.701324 5 6 5 0 0 0
16.570 26 DATALINK_REPORT 6 4 1117 805 0 0
16.570 26 AIRSPEED 15.415505 14. 0. 6.
16.570 26 DESIRED 0.002344 0.263015 5.553059 -114.5 162.300003 235. 0. 14.
16.571 26 ATTITUDE 0.06964 -0.719527 0.283257
16.620 26 GPS 3 36024638 481367285 3184 207049 1541 529 0 100254720 31 0
16.671 26 ALIVE 128,247,33,237,150,226,125,96,211,120,85,14,103,22,52,69
16.671 26 WP_MOVED 2 360333.5 4813695. 260. 31
16.672 26 ATTITUDE 0.053426 -0.715466 0.280695
16.754 26 NAVIGATION 3 2 -38.34375 77.5 113.977257 86.466721 6 7 6 0 0 0
16.770 26 FBW_STATUS 2 0 1 12.5 27.672886
16.770 26 ESTIMATOR 205.725082 5.012833
16.770 26 DESIRED -0.009423 0.262521 5.551438 -114.5 162.300003 235. 0. 14.
16.770 26 ATTITUDE 0.041329 -0.713431 0.279056
16.871 26 GPS_SOL 689 689 689 7
16.871 26 GPS 3 36024395 481367564 3189 208290 1542 516 0 100254960 31 0
16.871 26 ATTITUDE 0.022103 -0.711468 0.27671
16.972 26 DL_VALUE 20 1.
16.973 26 AIR_DATA 98853.476562 0. -1000. 1013.25 0. -1. -1.
16.973 26 ENERGY 88 12.5 27.672886 345.911072 0.262253 3.278171
16.973 26 DESIRED -0.009423 0.261956 5.551438 -114.5 162.300003 235. 0. 14.
16.973 26 ATTITUDE 0.008997 -0.710907 0.275225
17.003 26 NAVIGATION 3 2 -40.78125 80. 110.488663 89.794823 6 7 6 0 0 0
17.070 26 ATTITUDE -0.010066 -0.711168 0.273119
17.089 26 WIND_INFO 26 5 -2.7 6.3 0. 9.6
17.089 26 WIND_INFO_RET 5 -2.7 6.3 0. 15.46113
17.121 26 GPS 3 36024112 481367892 3192 209715 1544 498 0 100255240 31 0
17.169 26 WP_MOVED 3 360294.09375 4813785. 260. 31
17.170 26 DESIRED -0.015145 0.262182 5.552733 -114.5 162.300003 235. 0. 14.
17.170 26 ATTITUDE -0.021927 -0.712036 0.2718
17.254 26 NAVIGATION 3 2 -43.625 83.5 105.984459 94.20929 6 7 6 0 0 0
17.271 26 ESTIMATOR 208.895065 5.295577
17.272 26 ATTITUDE -0.037689 -0.714273 0.269954
17.370 26 GPS 3 36023870 481368173 3191 210919 1547 504 0 100255480 31 0
17.371 26 DESIRED -0.020992 0.26261 5.550686 -114.5 162.300003 235. 0. 14.
17.371 26 ATTITUDE -0.046462 -0.716296 0.268816
17.471 26 NAVIGATION 3 2 -46.03125 86. 105.984459 94.20929 6 7 6 0 0 0
17.471 26 ATTITUDE -0.056877 -0.719968 0.26725
17.504 26 NAVIGATION 4 0 -46.03125 86. 0. 97.544228 6 0 0 0 0 0
17.571 26 AIRSPEED 15.522068 14. 0. 6.
17.571 26 DESIRED -0.0171 0.262878 5.550686 -114.5 162.300003 235. 0. 14.
17.571 26 ATTITUDE -0.061781 -0.722732 0.266301
17.620 26 GPS 3 36023625 481368453 3188 212110 1550 516 0 100255720 31 0
17.670 26 WP_MOVED 4 360416.3125 4813734. 260. 31
17.671 26 ATTITUDE -0.065796 -0.727156 0.26502
17.752 26 NAVIGATION 4 0 -48.5 89. 0. 101.35704 7 1 1 0 0 0
17.771 26 CIRCLE 49.5 100.099998 70.
17.771 26 ESTIMATOR 211.908127 5.448728
17.771 26 DESIRED 0.872665 0.091745 0.275415 -27.933449 161.777069 260. 0.5 14.
17.771 26 ATTITUDE -0.066258 -0.73017 0.264259
17.871 26 GPS 3 36023377 481368732 3183 213292 1553 512 0 100255960 31 0
17.871 26 ATTITUDE -0.04727 -0.734044 0.262548
17.953 26 FBW_STATUS 2 0 1 12.5 20.058857
17.971 26 DESIRED 0.872665 0.091333 0.275415 -27.933449 161.777069 260. 0.5 14.
17.971 26 ATTITUDE -0.02727 -0.735512 0.260384
18.003 26 NAVIGATION 4 0 -51. 92. 0. 105.1903 7 1 1 0 0 0
18.070 26 ENERGY 55 12.5 16.415281 205.19101 0.310052 3.875665
18.071 26 ATTITUDE 0.00273 -0.73601 0.255901
18.120 26 GPS 3 36023087 481369054 3178 214659 1548 497 0 100256240 31 0
18.171 26 CALIBRATION 0. 0
18.171 26 WP_MOVED 5 360421. 4813583.5 260. 31
18.171 26 DESIRED 0.872665 0.163951 0.334393 -25.897308 164.250183 260. 1. 14.
18.172 26 ATTITUDE 0.02273 -0.73519 0.252559
18.253 26 NAVIGATION 4 0 -53.875 95. 0. 109.213165 7 1 1 0 0 0
18.270 26 AIR_DATA 98778.859375 0. -1000. 1013.25 0. -1. -1.
18.270 26 ESTIMATOR 214.747833 5.495664
18.270 26 ATTITUDE 0.05273 -0.732182 0.247213
18.370 26 GPS 3 36022844 481369323 3179 215794 1510 479 0 100256480 31 0
18.370 26 DESIRED 0.872665 0.2351 0.397072 -23.864204 166.565735 260. 1.5 14.
18.371 26 ATTITUDE 0.07273 -0.728947 0.24358
18.471 26 DL_VALUE 21 0.
18.471 26 NAVIGATION 4 0 -56.3125 97.5 0. 109.213165 7 1 1 0 0 0
18.472 26 ATTITUDE 0.10273 -0.72216 0.238613
18.503 26 NAVIGATION 4 0 -56.3125 97.5 0. 112.593727 7 1 1 0 0 0
18.570 26 AIRSPEED 14.099918 14. 14. 6.
18.570 26 DESIRED 0.872665 0.305875 0.448685 -22.198372 168.359375 260. 2. 14.
18.570 26 ATTITUDE 0.12273 -0.7163 0.235611
18.620 26 GPS 3 36022613 481369583 3184 216845 1446 444 0 100256720 31 0
18.679 26 WP_MOVED 6 360164.8125 4813664.5 260. 31
18.680 26 ATTITUDE 0.15273 -0.705455 0.232036
18.753 26 NAVIGATION 4 0 -58.625 100. 0. 115.917603 8 2 2 0 0 0
18.769 26 FBW_STATUS 2 0 1 12.5 11.053185
18.769 26 ESTIMATOR 217.411331 5.455187
18.770 26 DESIRED 0.872665 0.378405 0.497797 -20.564697 170.035248 260. 2.5 14.
18.770 26 ATTITUDE 0.17273 -0.696838 0.230296
18.820 26 CIRCLE 49.5 100.099998 70.
18.870 26 GPS_SOL 693 693 693 7
18.870 26 GPS 3 36022396 481369837 3194 217780 1392 401 0 100256960 31 0
18.870 26 ATTITUDE 0.20273 -0.681801 0.228784
18.970 26 DESIRED 0.872665 0.377347 0.497797 -20.564697 170.035248 260. 2.5 14.
18.970 26 ATTITUDE 0.22273 -0.670371 0.228673
19.003 26 NAVIGATION 4 0 -60.78125 102.5 0. 119.166313 8 2 2 0 0 0
19.070 26 AUTOPILOT_VERSION 51500 v5.15_devel-179-g9a29798-dirty
19.070 26 ATTITUDE 0.25273 -0.651115 0.229766
19.119 26 GPS 3 36022157 481370135 3214 218737 1360 353 0 100257240 31 0
19.177 26 ENERGY 55 12.5 14.653894 183.173676 0.330978 4.137243
19.177 26 WP_MOVED 7 360558.40625 4813804.5 260. 31
19.177 26 DESIRED 0.872665 0.441092 0.544209 -18.960403 171.606461 260. 3. 14.
19.177 26 ATTITUDE 0.27273 -0.636879 0.23149
19.253 26 NAVIGATION 4 0 -63.1875 106. 0. 123.404457 8 2 2 0 0 0
19.270 26 ESTIMATOR 219.766052 5.290762
19.271 26 ATTITUDE 0.30273 -0.613446 0.235468
19.371 26 GPS 3 36021965 481370397 3237 219475 1354 327 0 100257480 31 0
19.371 26 DESIRED 0.872665 0.441965 0.601525 -16.744255 173.664246 260. 3.5 14.
19.371 26 ATTITUDE 0.32273 -0.596429 0.238954
19.470 26 NAVIGATION 4 0 -65.125 108.5 0. 123.404457 8 2 2 0 0 0
19.471 26 ATTITUDE 0.35273 -0.56885 0.245287
19.503 26 NAVIGATION 4 0 -65.125 108.5 0. 126.544518 8 2 2 0 0 0
19.570 26 AIR_DATA 98722.46875 0. -1000. 1013.25 0. -1. -1.
19.570 26 AIRSPEED 13.674022 14. 14. 6.
19.570 26 DESIRED 0.872665 0.442838 0.643805 -15.196732 175.028854 260. 4. 14.
19.571 26 ATTITUDE 0.37273 -0.549092 0.250162
19.619 26 GPS 3 36021785 481370670 3266 220178 1360 302 0 100257720 31 0
19.675 26 WP_MOVED 8 360461.40625 4813640. 215. 31
19.677 26 ATTITUDE 0.40273 -0.517392 0.258326
19.753 26 NAVIGATION 4 0 -66.90625 111. 0. 129.604965 9 3 3 0 0 0
19.770 26 ESTIMATOR 221.745102 4.999571
19.771 26 DESIRED 0.872665 0.44371 0.683825 -13.669033 176.321213 260. 4.012939 14.
19.771 26 ATTITUDE 0.42273 -0.494897 0.264264
19.870 26 CIRCLE 49.5 100.099998 70.
19.871 26 GPS 3 36021621 481370955 3300 220879 1374 280 0 100257960 31 0
19.871 26 ATTITUDE 0.45273 -0.459068 0.273798
19.953 26 FBW_STATUS 2 0 1 12.5 17.162827
19.970 26 DL_VALUE 22 1.
19.970 26 DESIRED 0.872665 0.444583 0.683825 -13.669033 176.321213 260. 4.012939 14.
19.971 26 ATTITUDE 0.47273 -0.433762 0.280504
20.003 26 NAVIGATION 4 0 -68.5625 114. 0. 133.029388 9 3 3 0 0 0
20.070 26 ATTITUDE 0.50273 -0.393612 0.290983
20.120 26 GPS 3 36021453 481371306 3348 221729 1389 297 0 100258240 31 0
20.170 26 WP_MOVED 9 360312.8125 4813652. 185. 31
20.170 26 DESIRED 0.872665 0.445456 0.726749 -11.834965 177.804718 260. 3.906542 14.
20.171 26 ATTITUDE 0.52273 -0.365337 0.298185
20.254 26 NAVIGATION 4 0 -70.21875 117.5 0. 136.882874 9 3 3 0 0 0
20.270 26 CALIBRATION 0. 0
20.270 26 ENERGY 60 12.5 16.627684 207.846039 0.361441 4.518026
20.271 26 ESTIMATOR 223.406265 4.636069
20.271 26 ATTITUDE 0.55273 -0.320578 0.309214
20.371 26 GPS 3 36021336 481371620 3395 222499 1396 328 0 100258480 31 0
20.372 26 DESIRED 0.872665 0.446328 0.773757 -9.704113 179.440231 260. 3.838683 14.
20.372 26 ATTITUDE 0.57273 -0.289129 0.316659
20.470 26 NAVIGATION 4 0 -71.375 120.5 0. 136.882874 9 3 3 0 0 0
20.470 26 ATTITUDE 0.60273 -0.239445 0.32788
20.504 26 NAVIGATION 4 0 -71.375 120.5 0. 140.052277 9 3 3 0 0 0
20.570 26 AIRSPEED 13.988737 14. 14. 6.
20.571 26 DESIRED 0.872665 0.447201 0.811466 -7.874775 180.77301 260. 3.742817 14.
20.571 26 ATTITUDE 0.62273 -0.204593 0.335347
20.620 26 GPS 3 36021248 481371944 3448 223308 1398 365 0 100258720 31 0
20.684 26 PPRZ_MODE 2 3 3 2 0 6
20.685 26 WP_MOVED 10 360452.8125 4813581. 260. 31
20.685 26 ATTITUDE 0.65273 -0.149618 0.346454
20.753 26 NAVIGATION 4 0 -72.28125 124. 0. 143.529022 10 4 4 0 0 0
20.770 26 FBW_STATUS 2 0 1 12.5 16.120213
20.770 26 ESTIMATOR 224.908051 4.282595
20.770 26 DESIRED 0.872665 0.448074 0.851799 -5.709091 182.270294 260. 3.681146 14.
20.770 26 ATTITUDE 0.67273 -0.111101 0.353754
20.854 26 COMMANDS 5677,1438,687,0,0
20.871 26 GPS_SOL 697 697 697 7
20.872 26 AIR_DATA 98667.789062 0. -1000. 1013.25 0. -1. -1.
20.873 26 GPS 3 36021195 481372275 3509 224148 1396 380 0 100258960 31 0
20.874 26 ATTITUDE 0.70273 -0.05042 0.364491
20.920 26 CIRCLE 49.5 100.099998 70.
20.970 26 DESIRED 0.872665 0.448946 0.851799 -5.709091 182.270294 260. 3.681146 14.
20.970 26 ATTITUDE 0.72273 -0.007955 0.371473
21.003 26 NAVIGATION 4 0 -72.78125 127.5 0. 146.810623 10 4 4 0 0 0
21.070 26 ATTITUDE 0.75273 0.058877 0.381639
21.120 26 GPS 3 36021184 481372665 3589 225153 1391 380 0 100259240 31 0
21.172 26 COMMANDS 5640,850,503,0,0
21.172 26 WP_MOVED 11 360169.5 4813757.5 260. 31
21.173 26 DESIRED 0.872665 0.449819 0.889165 -3.500587 183.711823 260. 3.590488 14.
21.173 26 ATTITUDE 0.77273 0.105604 0.388186
21.253 26 NAVIGATION 4 0 -72.90625 131. 0. 149.921051 10 4 4 0 0 0
21.269 26 ESTIMATOR 226.372452 3.990595
21.269 26 ATTITUDE 0.80273 0.179092 0.397632
21.369 26 ENERGY 58 12.5 15.729591 196.619888 0.390865 4.885831
21.370 26 GPS 3 36021223 481372995 67 226020 1385 385 0 100259480 31 0
21.370 26 DESIRED 0.716845 0.450676 0.924154 -1.237671 185.10405 260. 3.52753 14.
21.370 26 ATTITUDE 0.821839 0.230387 0.40366
21.470 26 DL_VALUE 23 1.
21.471 26 NAVIGATION 4 0 -72.5 134.5 0. 149.921051 10 4 4 0 0 0
21.471 26 ATTITUDE 0.843493 0.310225 0.412283
21.504 26 NAVIGATION 4 0 -72.5 134.5 0. 152.795609 10 4 4 0 0 0
21.570 26 AIRSPEED 13.800018 14. 14. 6.
21.570 26 DESIRED 0.631949 0.451221 0.956133 1.124012 186.469925 260. 3.433444 14.
21.571 26 ATTITUDE 0.853058 0.364876 0.41774
21.620 26 GPS 3 36021312 481373314 154 226877 1380 380 0 100259720 31 0
21.675 26 DATALINK_REPORT 4 5 1300 828 0 0
21.675 26 WP_MOVED 0 360326. 4813637. 260. 31
21.676 26 ATTITUDE 0.856848 0.447789 0.425479
21.753 26 NAVIGATION 4 0 -71.625 137.5 0. 155.036743 11 5 5 0 0 0
21.770 26 ALIVE 128,247,33,237,150,226,125,96,211,120,85,14,103,22,52,69
21.770 26 ESTIMATOR 227.868332 3.774229
21.771 26 DESIRED 0.521852 0.451207 0.980877 3.267769 187.636169 260. 3.370612 14.
21.771 26 ATTITUDE 0.852284 0.502852 0.430332
21.870 26 NAVIGATION_REF 360284 4813595 31 185.
21.871 26 GPS 3 36021451 481373614 248 227722 1376 371 0 100259960 31 0
21.871 26 ATTITUDE 0.833971 0.583704 0.437151
21.953 26 FBW_STATUS 2 0 1 12.5 15.499601
21.970 26 CIRCLE 49.5 100.099998 70.
21.970 26 DESIRED 0.521852 0.450545 0.980877 3.267769 187.636169 260. 3.370612 14.
21.970 26 ATTITUDE 0.814325 0.635568 0.441387
22.004 26 NAVIGATION 4 0 -70.21875 140.5 0. 157.069794 11 5 5 0 0 0
22.071 26 ATTITUDE 0.784325 0.710013 0.447275
22.120 26 GPS 3 36021671 481373929 356 228716 1372 375 0 100260240 31 0
22.182 26 AIR_DATA 98614.375 0. -1000. 1013.25 0. -1. -1.
22.182 26 WP_MOVED 1 360284. 4813595. 260. 31
22.182 26 DESIRED 0.405233 0.449672 1.003254 5.556671 188.807281 260. 3.276574 14.
22.184 26 ATTITUDE 0.764325 0.757506 0.45089
22.252 26 NAVIGATION 4 0 -68.03125 143.5 0. 158.809631 11 5 5 0 0 0
22.270 26 ESTIMATOR 229.391785 3.617191
22.270 26 ATTITUDE 0.734325 0.825684 0.455855
22.370 26 CALIBRATION 0. 0
22.371 26 GPS 3 36021899 481374165 440 229612 1367 381 0 100260480 31 0
22.371 26 SVINFO 6 13 0 6 48 62 320
22.372 26 DESIRED 0.529787 0.4488 1.022243 8.082035 190.01413 260. 3.210802 14.
22.372 26 ATTITUDE 0.714325 0.869169 0.458858
22.470 26 ENERGY 57 12.5 15.324257 191.553207 0.419226 5.240346
22.471 26 NAVIGATION 4 0 -65.75 146.5 0. 158.809631 11 5 5 0 0 0
22.471 26 ATTITUDE 0.684325 0.931574 0.462925
22.504 26 NAVIGATION 4 0 -65.75 146.5 0. 160.578064 11 5 5 0 0 0
22.570 26 AIRSPEED 13.540947 14. 14. 6.
22.571 26 DESIRED 0.440717 0.447927 1.041967 10.708076 191.177917 260. 3.110909 14.
22.571 26 ATTITUDE 0.664325 0.971354 0.46535
22.620 26 GPS 3 36022154 481374368 515 230568 1359 410 0 100260720 31 0
22.689 26 WP_MOVED 2 360333.5 4813695. 260. 31
22.689 26 ATTITUDE 0.634325 1.028389 0.468574
22.753 26 NAVIGATION 4 0 -63.21875 148. 0. 160.936661 12 6 6 0 0 0
22.770 26 FBW_STATUS 2 0 1 12.5 15.36714
22.770 26 ESTIMATOR 230.999985 3.5301
22.770 26 DESIRED 0.336484 0.447054 1.045095 12.452923 191.901489 260. 3.042102 14.
22.770 26 ATTITUDE 0.614325 1.064711 0.470458
22.869 26 GPS_SOL 699 699 699 7
22.870 26 GPS 3 36022430 481374538 583 231587 1348 433 0 100260960 31 0
22.870 26 ATTITUDE 0.584325 1.11671 0.472903
22.971 26 DL_VALUE 24 0.
22.971 26 DESIRED 0.336484 0.446182 1.045095 12.452923 191.901489 260. 3.042102 14.
22.971 26 ATTITUDE 0.564325 1.149761 0.474291
23.003 26 NAVIGATION 4 0 -60.4375 150. 0. 161.717941 12 6 6 0 0 0
23.019 26 CIRCLE 49.5 100.099998 70.
23.070 26 ATTITUDE 0.534325 1.196962 0.476027
23.121 26 GPS 3 36022768 481374696 653 232848 1332 444 0 100261240 31 0
23.174 26 WP_MOVED 3 360294.09375 4813785. 260. 31
23.174 26 DESIRED 0.252344 0.440608 1.053229 14.69054 192.773087 260. 2.934543 14.
23.174 26 ATTITUDE 0.514325 1.22688 0.476952
23.253 26 NAVIGATION 4 0 -57.0625 151.5 0. 161.890015 12 6 6 0 0 0
23.270 26 ESTIMATOR 232.77919 3.536788
23.271 26 ATTITUDE 0.484325 1.269473 0.478008
23.370 26 GPS 3 36023067 481374801 706 233977 1318 451 0 100261480 31 0
23.371 26 DESIRED 0.148824 0.426003 1.053516 16.862541 193.56012 260. 2.855463 14.
23.371 26 ATTITUDE 0.454325 1.309358 0.478653
23.470 26 AIR_DATA 98552.875 0. -1000. 1013.25 0. -1. -1.
23.470 26 NAVIGATION 4 0 -54.0625 152.5 0. 161.890015 12 6 6 0 0 0
23.470 26 ATTITUDE 0.434325 1.334463 0.478831
23.503 26 NAVIGATION 4 0 -54.0625 152.5 0. 161.799271 12 6 6 0 0 0
23.571 26 ENERGY 57 12.5 15.370714 192.133926 0.447395 5.59245
23.571 26 AIRSPEED 12.9696 14. 14. 6.
23.571 26 DESIRED 0.080482 0.404723 1.050439 18.643223 194.163055 260. 2.731189 14.
23.572 26 ATTITUDE 0.414325 1.35839 0.478822
23.619 26 GPS 3 36023369 481374880 753 235138 1304 481 0 100261720 31 0
23.684 26 WP_MOVED 4 360416.3125 4813734. 260. 31
23.688 26 ATTITUDE 0.384325 1.392089 0.478378
23.753 26 NAVIGATION 4 0 -51.0625 153.5 0. 161.770294 13 7 7 0 0 0
23.769 26 ESTIMATOR 234.793304 3.641975
23.769 26 DESIRED 0.018012 0.38905 1.04789 20.505274 194.753601 260. 2.644182 14.
23.769 26 ATTITUDE 0.364325 1.413106 0.4778
23.870 26 GPS 3 36023674 481374937 794 236317 1291 499 0 100261960 31 0
23.871 26 ATTITUDE 0.334325 1.442466 0.476517
23.953 26 FBW_STATUS 2 0 1 12.5 15.689983
23.970 26 DESIRED 0.018012 0.386488 1.04789 20.505274 194.753601 260. 2.644182 14.
23.970 26 ATTITUDE 0.314325 1.460605 0.475373
24.003 26 NAVIGATION 4 0 -48.03125 154. 0. 161.316452 13 7 7 0 0 0
24.070 26 CIRCLE 49.5 100.099998 70.
24.070 26 ATTITUDE 0.284325 1.485663 0.473255
24.120 26 GPS 3 36024029 481374980 834 237703 1276 496 0 100262240 31 0
24.181 26 WP_MOVED 5 360421. 4813583.5 260. 31
24.181 26 DESIRED -0.042241 0.363596 1.039324 22.091982 195.225189 260. 2.50839 14.
24.182 26 ATTITUDE 0.264325 1.500944 0.471535
24.252 26 NAVIGATION 4 0 -44.46875 154.5 0. 160.772263 13 7 7 0 0 0
24.269 26 ESTIMATOR 237.01918 3.816401
24.269 26 ATTITUDE 0.234325 1.521734 0.468531
24.370 26 GPS 3 36024333 481375000 861 238888 1266 498 0 100262480 31 0
24.371 26 DESIRED -0.102937 0.346515 1.028486 23.990463 195.75177 260. 2.410688 14.
24.371 26 ATTITUDE 0.214325 1.534171 0.466265
24.470 26 CALIBRATION 0. 0
24.470 26 DL_VALUE 25 70.
24.470 26 NAVIGATION 4 0 -41.4375 154.5 0. 160.772263 13 7 7 0 0 0
24.471 26 ATTITUDE 0.184325 1.550701 0.46245
24.503 26 NAVIGATION 4 0 -41.4375 154.5 0. 159.960358 13 7 7 0 0 0
24.570 26 AIRSPEED 12.53805 14. 14. 6.
24.570 26 DESIRED -0.144494 0.321738 1.013742 25.363945 196.107544 260. 2.261028 14.
24.570 26 ATTITUDE 0.164325 1.560303 0.459663
24.621 26 GPS 3 36024634 481375009 883 240061 1257 481 0 100262720 31 0
24.685 26 ENERGY 57 12.5 15.356417 191.955215 0.475866 5.948336
24.687 26 WP_MOVED 6 360164.8125 4813664.5 260. 31
24.688 26 ATTITUDE 0.134325 1.57258 0.455053
24.753 26 NAVIGATION 4 0 -38.4375 154.5 0. 159.209579 14 8 8 0 0 0
24.770 26 FBW_STATUS 2 0 1 12.5 15.48885
24.770 26 AIR_DATA 98481.820312 0. -1000. 1013.25 0. -1. -1.
24.770 26 ESTIMATOR 239.413666 4.024079
24.770 26 DESIRED -0.180219 0.30419 0.99924 26.796553 196.45639 260. 2.159507 14.
24.770 26 ATTITUDE 0.114325 1.579351 0.451714
24.870 26 GPS_SOL 699 699 699 7
24.870 26 GPS 3 36024934 481375009 899 241215 1250 482 0 100262960 31 0
24.870 26 ATTITUDE 0.084325 1.587382 0.446328
24.970 26 DESIRED -0.180219 0.301988 0.99924 26.796553 196.45639 260. 2.159507 14.
24.970 26 ATTITUDE 0.064325 1.591319 0.442484
25.004 26 NAVIGATION 4 0 -35.375 154.5 0. 158.498077 14 8 8 0 0 0
25.071 26 ATTITUDE 0.034325 1.595097 0.436382
25.120 26 CIRCLE 49.5 100.099998 70.
25.121 26 GPS 3 36025283 481375002 911 242528 1244 465 0 100263240 31 0
25.183 26 WP_MOVED 7 360558.40625 4813804.5 260. 31
25.184 26 DESIRED -0.207619 0.276876 0.984636 28.339392 196.806915 260. 2.006262 14.
25.185 26 ATTITUDE 0.014325 1.596196 0.432056
25.253 26 NAVIGATION 4 0 -31.90625 154.5 0. 157.760132 14 8 8 0 0 0
25.270 26 ESTIMATOR 241.883057 4.21979
25.270 26 ATTITUDE -0.015675 1.595712 0.425227
25.370 26 GPS 3 36025581 481374995 914 243619 1240 453 0 100263480 31 0
25.371 26 DESIRED -0.231569 0.260255 0.968496 30.192066 197.193787 260. 1.900467 14.
25.371 26 ATTITUDE -0.035675 1.593964 0.420475
25.470 26 NAVIGATION 4 0 -28.9375 154.5 0. 157.760132 14 8 8 0 0 0
25.470 26 ATTITUDE -0.065675 1.589199 0.413036
25.503 26 NAVIGATION 4 0 -28.9375 154.5 0. 157.1866 14 8 8 0 0 0
25.570 26 PPRZ_MODE 2 3 3 2 0 6
25.570 26 AIRSPEED 12.390431 14. 14. 6.
25.570 26 DESIRED -0.239033 0.236646 0.955167 31.872725 197.512939 260. 1.743916 14.
25.571 26 ATTITUDE -0.085675 1.584591 0.407911
25.621 26 GPS 3 36025878 481374989 911 244671 1239 429 0 100263720 31 0
25.622 26 SVINFO 5 12 1 5 48 87 272
25.681 26 WP_MOVED 8 360461.40625 4813640. 215. 31
25.681 26 ATTITUDE -0.115675 1.575526 0.399923
25.754 26 NAVIGATION 4 0 -25.9375 154.5 0. 156.662064 15 9 9 0 0 0
25.771 26 ENERGY 54 12.5 14.632769 182.909607 0.503402 6.292542
25.771 26 ESTIMATOR 244.352676 4.371813
25.771 26 DESIRED -0.241637 0.22116 0.942305 33.666397 197.820496 260. 1.641404 14.
25.771 26 ATTITUDE -0.135675 1.56804 0.394421
25.853 26 COMMANDS 5234,-540,-1177,0,0
25.870 26 GPS 3 36026175 481374987 903 245681 1238 400 0 100263960 31 0
25.871 26 ATTITUDE -0.165675 1.55464 0.385932
25.953 26 FBW_STATUS 2 0 1 12.5 14.404486
25.970 26 DL_VALUE 26 0.
25.971 26 DESIRED -0.241637 0.221322 0.942305 33.666397 197.820496 260. 1.641404 14.
25.971 26 ATTITUDE -0.195474 1.53863 0.377177
26.004 26 NAVIGATION 4 0 -23. 154.5 0. 156.202591 15 9 9 0 0 0
26.070 26 AIR_DATA 98416.226562 0. -1000. 1013.25 0. -1. -1.
26.070 26 ATTITUDE -0.214474 1.526544 0.371223
26.120 26 GPS 3 36026522 481374995 886 246799 1239 402 0 100264240 31 0
26.189 26 COMMANDS 5135,57,-1173,0,0
26.191 26 CIRCLE 49.5 100.099998 70.
26.192 26 WP_MOVED 9 360312.8125 4813652. 185. 31
26.192 26 DESIRED -0.236493 0.198837 0.930454 35.521629 198.103088 260. 1.491944 14.
26.192 26 ATTITUDE -0.232344 1.513391 0.365141
26.252 26 NAVIGATION 4 0 -19.5625 154.5 0. 155.733566 15 9 9 0 0 0
26.271 26 ESTIMATOR 246.723801 4.449264
26.271 26 ATTITUDE -0.256427 1.491829 0.355841
26.370 26 GPS 3 36026820 481375013 864 247702 1242 384 0 100264480 31 0
26.370 26 DESIRED -0.22003 0.184001 0.917737 37.825348 198.404129 260. 1.392673 14.
26.370 26 ATTITUDE -0.270195 1.476383 0.349549
26.470 26 NAVIGATION 4 0 -16.5625 154.5 0. 155.733566 15 9 9 0 0 0
26.470 26 ATTITUDE -0.286521 1.451928 0.339961
26.504 26 NAVIGATION 4 0 -16.5625 154.5 0. 155.385223 15 9 9 0 0 0
26.571 26 CALIBRATION 0. 0
26.571 26 AIRSPEED 12.49948 14. 14. 6.
26.572 26 DESIRED -0.198627 0.162648 0.907861 39.960484 198.634247 260. 1.250664 14.
26.572 26 ATTITUDE -0.2944 1.434981 0.333507
26.620 26 GPS 3 36027118 481375045 838 248550 1246 346 0 100264720 31 0
26.692 26 WP_MOVED 10 360452.8125 4813581. 260. 31
26.693 26 ATTITUDE -0.30104 1.408995 0.32368
26.754 26 NAVIGATION 4 0 -13.5625 155. 0. 155.592224 16 10 10 0 0 0
26.771 26 DATALINK_REPORT 10 5 1482 812 0 0
26.771 26 FBW_STATUS 2 0 1 12.5 13.361519
26.771 26 ESTIMATOR 248.933319 4.439231
26.771 26 DESIRED -0.159733 0.148862 0.908367 42.666321 198.858795 260. 1.160895 14.
26.771 26 ATTITUDE -0.30204 1.39154 0.317052
26.870 26 ALIVE 128,247,33,237,150,226,125,96,211,120,85,14,103,22,52,69
26.871 26 GPS_SOL 699 699 699 7
26.871 26 ENERGY 50 12.5 13.095001 163.687515 0.528761 6.609527
26.871 26 GPS 3 36027414 481375092 809 249345 1251 314 0 100264960 31 0
26.871 26 ATTITUDE -0.298196 1.365585 0.307021
26.970 26 DESIRED -0.159733 0.148341 0.908367 42.666321 198.858795 260. 1.160895 14.
26.971 26 ATTITUDE -0.29181 1.348705 0.300276
27.003 26 NAVIGATION 4 0 -10.59375 155.5 0. 155.860443 16 10 10 0 0 0
27.071 26 ATTITUDE -0.277155 1.324438 0.29011
27.091 26 WIND_INFO 26 5 0.7 2.2 0. 11.9
27.092 26 WIND_INFO_RET 5 0.7 2.2 0. 12.628647
27.120 26 GPS 3 36027759 481375166 775 250210 1258 293 0 100265240 31 0
27.120 26 SVINFO 4 11 1 4 48 81 223
27.170 26 WP_MOVED 11 360169.5 4813757.5 260. 31
27.170 26 DESIRED -0.119016 0.128592 0.910862 45.480095 199.013306 260. 1.034458 14.
27.170 26 ATTITUDE -0.263772 1.3092 0.283274
27.220 26 CIRCLE 49.5 100.099998 70.
27.253 26 NAVIGATION 4 0 -7.15625 156. 0. 156.164047 16 10 10 0 0 0
27.269 26 ESTIMATOR 250.910522 4.332047
27.270 26 ATTITUDE -0.239296 1.288111 0.272974
27.371 26 AIR_DATA 98355.320312 0. -1000. 1013.25 0. -1. -1.
27.371 26 GPS 3 36028052 481375246 748 250902 1265 278 0 100265480 31 0
27.371 26 DESIRED -0.069708 0.115466 0.914847 48.834877 199.092712 260. 0.953486 14.
27.372 26 ATTITUDE -0.22056 1.275389 0.266099
27.470 26 DL_VALUE 27 2.
27.471 26 NAVIGATION 4 0 -4.21875 157. 0. 156.164047 16 10 10 0 0 0
27.471 26 ATTITUDE -0.19056 1.258495 0.255762
27.503 26 NAVIGATION 4 0 -4.21875 157. 0. 157.056671 16 10 10 0 0 0
27.570 26 AIRSPEED 12.764505 14. 14. 6.
27.570 26 DESIRED -0.022394 0.097575 0.931488 52.34581 199.054031 260. 0.841217 14.
27.571 26 ATTITUDE -0.17056 1.248684 0.248886
27.620 26 GPS 3 36028343 481375337 725 251553 1272 274 0 100265720 31 0
27.620 26 SVINFO 6 13 1 6 47 53 323
27.669 26 WP_MOVED 0 360326. 4813637. 260. 31
27.670 26 ATTITUDE -0.14056 1.236119 0.238554
27.754 26 NAVIGATION 4 0 -1.3125 158. 0. 158.005447 17 11 11 0 0 0
27.771 26 ESTIMATOR 252.638123 4.139924
27.771 26 DESIRED 0.018601 0.086152 0.950658 55.940308 198.885223 260. 0.772261 14.
27.772 26 ATTITUDE -0.12056 1.22916 0.231672
27.870 26 GPS 3 36028633 481375437 709 252166 1278 253 0 100265960 31 0
27.871 26 ATTITUDE -0.09056 1.220831 0.221377
27.954 26 FBW_STATUS 2 0 1 12.5 11.788525
27.969 26 ENERGY 46 12.5 11.788525 147.356552 0.551474 6.893439
27.970 26 DESIRED 0.018601 0.085135 0.950658 55.940308 198.885223 260. 0.772261 14.
27.970 26 ATTITUDE -0.07056 1.216673 0.214536
28.003 26 NAVIGATION 4 0 1.5625 158.5 0. 158.507706 17 11 11 0 0 0
28.069 26 ATTITUDE -0.04056 1.212512 0.204343
28.120 26 GPS 3 36028971 481375561 697 252831 1287 244 0 100266240 31 0
28.170 26 WP_MOVED 1 360284. 4813595. 260. 31
28.170 26 DESIRED 0.043635 0.069953 0.962664 59.193275 198.619232 260. 0.677523 14.
28.170 26 ATTITUDE -0.02056 1.211113 0.197573
28.253 26 NAVIGATION 4 0 4.96875 160. 0. 160.077133 17 11 11 0 0 0
28.270 26 CIRCLE 49.5 100.099998 70.
28.270 26 ESTIMATOR 254.107101 3.878694
28.270 26 ATTITUDE 0.009321 1.211063 0.187491
28.371 26 GPS 3 36029262 481375671 694 253355 1293 218 0 100266480 31 0
28.372 26 DESIRED 0.091921 0.061181 0.997696 63.913456 198.040039 260. 0.618165 14.
28.372 26 ATTITUDE 0.028989 1.212372 0.180838
28.470 26 NAVIGATION 4 0 7.875 161.5 0. 160.077133 17 11 11 0 0 0
28.471 26 ATTITUDE 0.058761 1.216357 0.17096
28.504 26 NAVIGATION 4 0 7.875 161.5 0. 161.691879 17 11 11 0 0 0
28.570 26 AIRSPEED 13.056756 14. 14. 6.
28.570 26 DESIRED 0.120655 0.050054 1.034672 68.160812 197.320221 260. 0.537787 14.
28.571 26 ATTITUDE 0.078052 1.220333 0.164472
28.620 26 GPS 3 36029555 481375780 695 253834 1300 190 0 100266720 31 0
28.669 26 CALIBRATION 0. 0
28.670 26 AIR_DATA 98321.140625 0. -1000. 1013.25 0. -1. -1.
28.670 26 WP_MOVED 2 360333.5 4813695. 260. 31
28.671 26 ATTITUDE 0.106192 1.22821 0.154857
28.753 26 NAVIGATION 4 0 10.8125 162.5 0. 162.859329 18 12 12 0 0 0
28.770 26 FBW_STATUS 2 0 1 12.5 10.89397
28.770 26 ESTIMATOR 255.331268 3.567994
28.770 26 DESIRED 0.137886 0.043767 1.064623 72.107971 196.478836 260. 0.48975 14.
28.770 26 ATTITUDE 0.123947 1.23468 0.148545
28.870 26 GPS_SOL 697 697 697 7
28.870 26 GPS 3 36029850 481375885 703 254267 1308 169 0 100266960 31 0
28.871 26 ATTITUDE 0.148533 1.246073 0.139243
28.970 26 DL_VALUE 28 0.
28.970 26 DESIRED 0.137886 0.044674 1.064623 72.107971 196.478836 260. 0.48975 14.
28.970 26 ATTITUDE 0.163373 1.254697 0.133158
29.004 26 NAVIGATION 4 0 13.71875 163. 0. 163.576294 18 12 12 0 0 0
29.070 26 ENERGY 42 12.5 10.461586 130.769821 0.57184 7.148017
29.071 26 ATTITUDE 0.182722 1.268976 0.124231
29.120 26 GPS 3 36030201 481376002 718 254710 1319 151 0 100267240 31 0
29.121 26 SVINFO 5 12 1 5 47 85 274
29.169 26 WP_MOVED 3 360294.09375 4813785. 260. 31
29.170 26 DESIRED 0.142297 0.035918 1.087364 75.732445 195.556061 260. 0.4259 14.
29.170 26 ATTITUDE 0.193453 1.279253 0.118402
29.252 26 NAVIGATION 4 0 17.25 164.5 0. 165.401978 18 12 12 0 0 0
29.270 26 ESTIMATOR 256.305389 3.217147
29.270 26 ATTITUDE 0.206017 1.295551 0.109868
29.320 26 CIRCLE 49.5 100.099998 70.
29.370 26 GPS 3 36030506 481376092 734 255038 1328 134 0 100267480 31 0
29.371 26 DESIRED 0.163708 0.03088 1.135431 80.746658 194.034271 260. 0.387565 14.
29.371 26 ATTITUDE 0.21205 1.306848 0.104332
29.470 26 NAVIGATION 4 0 20.28125 165.5 0. 165.401978 18 12 12 0 0 0
29.470 26 ATTITUDE 0.218367 1.324226 0.096254
29.503 26 NAVIGATION 4 0 20.28125 165.5 0. 166.738052 18 12 12 0 0 0
29.570 26 AIRSPEED 13.436048 14. 14. 6.
29.571 26 DESIRED 0.172816 0.024102 1.173917 84.857788 192.565277 260. 0.3383 14.
29.571 26 ATTITUDE 0.220743 1.33598 0.091036
29.620 26 GPS 3 36030817 481376173 753 255320 1337 128 0 100267720 31 0
29.669 26 WP_MOVED 4 360416.3125 4813734. 260. 31
29.670 26 ATTITUDE 0.222026 1.353684 0.083441
29.753 26 NAVIGATION 4 0 23.40625 166. 0. 167.642029 19 13 13 0 0 0
29.769 26 ESTIMATOR 257.037415 2.837506
29.769 26 DESIRED 0.170465 0.020472 1.20632 88.813141 190.954147 260. 0.310775 14.
29.769 26 ATTITUDE 0.221507 1.365447 0.07854
29.871 26 GPS 3 36031132 481376244 773 255561 1347 97 0 100267960 31 0
29.871 26 ATTITUDE 0.218849 1.382891 0.071442
29.954 26 FBW_STATUS 2 0 1 12.5 9.606899
29.970 26 AIR_DATA 98301.007812 0. -1000. 1013.25 0. -1. -1.
29.970 26 DESIRED 0.170465 0.020907 1.20632 88.813141 190.954147 260. 0.310775 14.
29.971 26 ATTITUDE 0.21595 1.394314 0.06688
30.003 26 NAVIGATION 4 0 26.5625 167. 0. 169.099274 19 13 13 0 0 0
30.070 26 ATTITUDE 0.210347 1.41104 0.060304
30.121 26 GPS 3 36031506 481376313 798 255793 1359 95 0 100268240 31 0
30.170 26 AUTOPILOT_VERSION 51500 v5.15_devel-179-g9a29798-dirty
30.170 26 ENERGY 38 12.5 9.393665 117.420815 0.590046 7.375594
30.170 26 WP_MOVED 5 360421. 4813583.5 260. 31
30.171 26 DESIRED 0.184298 0.016231 1.250822 93.013092 189.019135 260. 0.277034 14.
30.171 26 ATTITUDE 0.206323 1.421894 0.05609
30.253 26 NAVIGATION 4 0 30.28125 167.5 0. 170.215164 19 13 13 0 0 0
30.269 26 ESTIMATOR 257.533539 2.438573
30.269 26 ATTITUDE 0.200229 1.437722 0.050034
30.370 26 CIRCLE 49.5 100.099998 70.
30.370 26 GPS 3 36031831 481376361 816 255957 1368 89 0 100268480 31 0
30.371 26 SVINFO 3 10 1 3 48 48 175
30.371 26 DESIRED 0.184429 0.013884 1.294259 97.621765 186.611816 260. 0.258732 14.
30.372 26 ATTITUDE 0.196294 1.44798 0.046181
30.470 26 PPRZ_MODE 2 3 3 2 0 6
30.471 26 DL_VALUE 29 0.
30.471 26 NAVIGATION 4 0 33.5625 168. 0. 170.215164 19 13 13 0 0 0
30.471 26 ATTITUDE 0.190818 1.462955 0.040669
30.504 26 NAVIGATION 4 0 33.5625 168. 0. 171.319702 19 13 13 0 0 0
30.570 26 AIRSPEED 13.82149 14. 14. 6.
30.570 26 DESIRED 0.200782 0.011216 1.336612 101.652222 184.243591 260. 0.238067 14.
30.570 26 ATTITUDE 0.187573 1.472689 0.037182
30.621 26 GPS 3 36032160 481376399 833 256092 1377 62 0 100268720 31 0
30.671 26 WP_MOVED 6 360164.8125 4813664.5 260. 31
30.671 26 ATTITUDE 0.184114 1.486998 0.03222
30.753 26 NAVIGATION 4 0 36.84375 168.5 0. 172.481049 20 14 14 0 0 0
30.771 26 CALIBRATION 0. 0
30.771 26 FBW_STATUS 2 0 1 12.5 8.933525
30.771 26 ESTIMATOR 257.822754 2.03667
30.771 26 DESIRED 0.215057 0.010259 1.381562 105.595505 181.667725 260. 0.228393 14.
30.771 26 ATTITUDE 0.182875 1.49641 0.029093
30.853 26 COMMANDS 3559,304,-139,0,0
30.869 26 NAVIGATION_REF 360284 4813595 31 185.
30.870 26 GPS_SOL 694 694 694 7
30.870 26 GPS 3 36032491 481376427 850 256201 1385 45 0 100268960 31 0
30.870 26 ATTITUDE 0.182833 1.510458 0.024676
30.969 26 DESIRED 0.215057 0.010863 1.381562 105.595505 181.667725 260. 0.228393 14.
30.970 26 ATTITUDE 0.18421 1.519861 0.021913
31.003 26 NAVIGATION 4 0 40.15625 168.5 0. 173.218857 20 14 14 0 0 0
31.070 26 ATTITUDE 0.188157 1.53416 0.018043
31.120 26 GPS 3 36032881 481376449 870 256300 1395 33 0 100269240 31 0
31.120 26 SVINFO 6 13 1 6 46 46 325
31.171 26 COMMANDS 3494,299,-66,0,0
31.171 26 WP_MOVED 7 360558.40625 4813804.5 260. 31
31.171 26 DESIRED 0.225188 0.010228 1.421251 109.381546 178.930206 260. 0.219381 14.
31.172 26 ATTITUDE 0.192086 1.543898 0.015643
31.253 26 NAVIGATION 4 0 44.0625 169. 0. 174.649658 20 14 14 0 0 0
31.269 26 AIR_DATA 98292.398438 0. -1000. 1013.25 0. -1. -1.
31.269 26 ENERGY 36 12.5 8.619572 107.744644 0.606489 7.581124
31.269 26 ESTIMATOR 257.937164 1.646498
31.269 26 ATTITUDE 0.199549 1.558937 0.012311
31.370 26 GPS 3 36033217 481376457 886 256361 1401 1 0 100269480 31 0
31.371 26 DESIRED 0.250007 0.010593 1.479388 113.775848 175.390198 260. 0.216391 14.
31.371 26 ATTITUDE 0.205452 1.569303 0.01027
31.421 26 CIRCLE 49.5 100.099998 70.
31.471 26 NAVIGATION 4 0 47.40625 169. 0. 174.649658 20 14 14 0 0 0
31.471 26 ATTITUDE 0.216198 1.585492 0.007472
31.503 26 NAVIGATION 4 0 47.40625 169. 0. 175.523087 20 14 14 0 0 0
31.570 26 AIRSPEED 14.11952 14. 14. 6.
31.570 26 DESIRED 0.267156 0.011481 1.525159 117.341507 172.193893 260. 0.216289 14.
31.571 26 ATTITUDE 0.224213 1.596769 0.005781
31.621 26 GPS 3 36033555 481376455 903 256405 1408 -1 0 100269720 31 0
31.670 26 WP_MOVED 8 360461.40625 4813640. 215. 31
31.670 26 ATTITUDE 0.23758 1.614503 0.003503
31.752 26 NAVIGATION 4 0 50.8125 169. 0. 176.473541 21 15 15 0 0 0
31.770 26 ESTIMATOR 257.914948 1.281773
31.770 26 DESIRED 0.284017 0.012818 1.574309 120.820518 168.754089 260. 0.218722 14.
31.770 26 ATTITUDE 0.247048 1.626913 0.002154
31.870 26 DATALINK_REPORT 5 6 1670 837 0 0
31.871 26 GPS 3 36033894 481376441 923 256432 1414 -24 0 100269960 31 0
31.871 26 SVINFO 2 9 0 2 48 10 126
31.871 26 ATTITUDE 0.261736 1.646451 0.000378
31.954 26 FBW_STATUS 2 0 1 12.5 8.262655
31.974 26 ALIVE 128,247,33,237,150,226,125,96,211,120,85,14,103,22,52,69
31.974 26 DL_VALUE 30 0.
31.975 26 DESIRED 0.284017 0.013819 1.574309 120.820518 168.754089 260. 0.218722 14.
31.975 26 ATTITUDE 0.271755 1.660112 -0.000642
32.004 26 NAVIGATION 4 0 54.21875 169. 0. 177.484283 21 15 15 0 0 0
32.070 26 ATTITUDE 0.286541 1.681553 -0.001935
32.120 26 GPS 3 36034290 481376408 951 256445 1421 -31 0 100270240 31 0
32.171 26 WP_MOVED 9 360312.8125 4813652. 185. 31
32.171 26 DESIRED 0.300177 0.015835 1.625769 124.119293 165.153534 260. 0.225547 14.
32.171 26 ATTITUDE 0.296244 1.696472 -0.00264
32.253 26 NAVIGATION 4 0 58.125 168.5 0. 178.243561 21 15 15 0 0 0
32.270 26 ESTIMATOR 257.789429 0.951405
32.270 26 ATTITUDE 0.310049 1.719755 -0.003471
32.371 26 ENERGY 34 12.5 8.123272 101.540901 0.621777 7.77223
32.371 26 GPS 3 36034630 481376364 974 256442 1425 -39 0 100270480 31 0
32.372 26 SVINFO 4 11 1 4 47 86 226
32.372 26 DESIRED 0.305467 0.017729 1.681113 127.707443 160.792633 260. 0.231889 14.
32.373 26 ATTITUDE 0.318426 1.735835 -0.00388
32.470 26 CIRCLE 49.5 100.099998 70.
32.470 26 NAVIGATION 4 0 61.5625 168. 0. 178.243561 21 15 15 0 0 0
32.470 26 ATTITUDE 0.329543 1.7607 -0.004282
32.503 26 NAVIGATION 4 0 61.5625 168. 0. 178.924408 21 15 15 0 0 0
32.570 26 AIR_DATA 98290.742188 0. -1000. 1013.25 0. -1. -1.
32.570 26 AIRSPEED 14.331458 14. 14. 6.
32.571 26 DESIRED 0.316262 0.020331 1.731802 130.664749 156.777008 260. 0.243628 14.
32.571 26 ATTITUDE 0.33574 1.777701 -0.004417
32.620 26 GPS 3 36034968 481376303 1001 256431 1430 -57 0 100270720 31 0
32.620 26 SVINFO 5 12 0 5 46 82 276
32.670 26 WP_MOVED 10 360452.8125 4813581. 260. 31
32.670 26 ATTITUDE 0.343444 1.803722 -0.004421
32.754 26 NAVIGATION 4 0 64.9375 167.5 0. 179.647232 22 16 16 0 0 0
32.771 26 FBW_STATUS 2 0 1 12.5 7.993462
32.771 26 ESTIMATOR 257.591797 0.66137
32.771 26 DESIRED 0.319745 0.022408 1.783746 133.36142 152.704788 260. 0.252621 14.
32.771 26 ATTITUDE 0.347454 1.821347 -0.004298
32.870 26 CALIBRATION 0. 0
32.871 26 GPS_SOL 690 690 690 7
32.871 26 GPS 3 36035303 481376225 1031 256412 1434 -65 0 100270960 31 0
32.871 26 ATTITUDE 0.351755 1.848082 -0.00394
32.970 26 DESIRED 0.319745 0.023007 1.783746 133.36142 152.704788 260. 0.252621 14.
32.970 26 ATTITUDE 0.35352 1.866032 -0.003588
33.003 26 NAVIGATION 4 0 68.28125 166.5 0. 179.957153 22 16 16 0 0 0
33.070 26 ATTITUDE 0.354538 1.893035 -0.002908
33.120 26 GPS 3 36035689 481376112 1069 256388 1438 -48 0 100271240 31 0
33.171 26 WP_MOVED 11 360169.5 4813757.5 260. 31
33.171 26 DESIRED 0.316692 0.025688 1.832233 135.909454 148.40535 260. 0.267382 14.
33.171 26 ATTITUDE 0.354111 1.911018 -0.002354
33.253 26 NAVIGATION 4 0 72.125 166. 0. 180.99176 22 16 16 0 0 0
33.269 26 ESTIMATOR 257.35202 0.415833
33.269 26 ATTITUDE 0.351984 1.937857 -0.001386
33.371 26 GPS 3 36036015 481375995 1097 256369 1441 -57 0 100271480 31 0
33.372 26 DESIRED 0.317171 0.027577 1.896878 138.437057 143.576431 260. 0.277773 14.
33.372 26 ATTITUDE 0.349727 1.955605 -0.00066
33.470 26 DL_VALUE 31 0.
33.470 26 ENERGY 33 12.5 7.876135 98.451683 0.636404 7.955071
33.470 26 NAVIGATION 4 0 75.40625 164.5 0. 180.99176 22 16 16 0 0 0
33.470 26 ATTITUDE 0.345384 1.981937 0.000543
33.503 26 NAVIGATION 4 0 75.40625 164.5 0. 180.959534 22 16 16 0 0 0
33.520 26 CIRCLE 49.5 100.099998 70.
33.570 26 AIRSPEED 14.436817 14. 14. 6.
33.570 26 DESIRED 0.317918 0.030167 1.944907 140.566833 138.917938 260. 0.293581 14.
33.571 26 ATTITUDE 0.342035 1.999269 0.001409
33.620 26 GPS 3 36036334 481375861 1128 256357 1442 -44 0 100271720 31 0
33.670 26 WP_MOVED 0 360326. 4813637. 260. 31
33.671 26 ATTITUDE 0.336665 2.024904 0.002805
33.753 26 NAVIGATION 4 0 78.625 163. 0. 180.972076 23 17 17 0 0 0
33.770 26 ESTIMATOR 257.103058 0.219435
33.770 26 DESIRED 0.31453 0.031827 1.994664 142.433411 134.208405 260. 0.303889 14.
33.770 26 ATTITUDE 0.331252 2.050098 0.004297
33.871 26 AIR_DATA 98291.757812 0. -1000. 1013.25 0. -1. -1.
33.871 26 GPS 3 36036646 481375710 1157 256355 1443 -39 0 100271960 31 0
33.872 26 SVINFO 3 10 1 3 47 54 177
33.872 26 ATTITUDE 0.327747 2.066657 0.005336
33.953 26 FBW_STATUS 2 0 1 12.5 7.864126
33.970 26 DESIRED 0.31453 0.031954 1.994664 142.433411 134.208405 260. 0.303889 14.
33.970 26 ATTITUDE 0.324381 2.083035 0.006408
34.004 26 NAVIGATION 4 0 81.71875 161.5 0. 180.997803 23 17 17 0 0 0
34.070 26 ATTITUDE 0.319763 2.107289 0.008061
34.120 26 GPS 3 36037000 481375515 1193 256366 1443 -25 0 100272240 31 0
34.170 26 WP_MOVED 1 360284. 4813595. 260. 31
34.170 26 DESIRED 0.3135 0.034201 2.044605 144.010117 129.559082 260. 0.318439 14.
34.170 26 ATTITUDE 0.317055 2.123273 0.009193
34.253 26 NAVIGATION 4 0 85.25 159.5 0. 180.853012 23 17 17 0 0 0
34.271 26 ESTIMATOR 256.88092 0.077058
34.272 26 ATTITUDE 0.313667 2.14702 0.010923
34.370 26 GPS 3 36037294 481375332 1218 256391 1442 -14 0 100272480 31 0
34.370 26 DESIRED 0.309274 0.035566 2.102982 145.571793 123.979111 260. 0.327191 14.
34.371 26 ATTITUDE 0.311891 2.162729 0.012089
34.471 26 NAVIGATION 4 0 88.21875 158. 0. 180.853012 23 17 17 0 0 0
34.471 26 ATTITUDE 0.309814 2.186155 0.013851
34.503 26 NAVIGATION 4 0 88.21875 158. 0. 180.960068 23 17 17 0 0 0
34.570 26 ENERGY 33 12.5 7.939262 99.240784 0.650863 8.13581
34.571 26 CIRCLE 49.5 100.099998 70.
34.571 26 AIRSPEED 14.405574 14. 14. 6.
34.571 26 DESIRED 0.319622 0.037298 2.155262 146.599976 119.376785 260. 0.338434 14.
34.571 26 ATTITUDE 0.308849 2.201707 0.015025
34.621 26 GPS 3 36037579 481375135 1245 256427 1441 -18 0 100272720 31 0
34.621 26 SVINFO 6 13 1 6 45 40 327
34.671 26 WP_MOVED 2 360333.5 4813695. 260. 31
34.671 26 ATTITUDE 0.308484 2.225003 0.016786
34.753 26 NAVIGATION 4 0 91.0625 156. 0. 180.63327 24 18 18 0 0 0
34.770 26 FBW_STATUS 2 0 1 12.5 7.945282
34.771 26 ESTIMATOR 256.715912 -0.009966
34.771 26 DESIRED 0.320049 0.038281 2.20525 147.440857 114.507874 260. 0.344501 14.
34.771 26 ATTITUDE 0.308984 2.24056 0.017953
34.870 26 GPS_SOL 685 685 685 7
34.870 26 GPS 3 36037854 481374926 1272 256476 1439 -9 0 100272960 31 0
34.870 26 ATTITUDE 0.310713 2.264008 0.019685
34.970 26 CALIBRATION 0. 0
34.971 26 DL_VALUE 32 0.
34.972 26 DESIRED 0.320049 0.038381 2.20525 147.440857 114.507874 260. 0.344501 14.
34.972 26 ATTITUDE 0.312406 2.279752 0.020822
35.003 26 NAVIGATION 4 0 93.8125 153.5 0. 179.897293 24 18 18 0 0 0
35.071 26 ATTITUDE 0.315581 2.303584 0.022496
35.120 26 GPS 3 36038161 481374667 1306 256545 1436 28 0 100273240 31 0
35.120 26 SVINFO 1 8 1 1 48 0 78
35.171 26 AIR_DATA 98289.539062 0. -1000. 1013.25 0. -1. -1.
35.171 26 WP_MOVED 3 360294.09375 4813785. 260. 31
35.171 26 DESIRED 0.321239 0.039512 2.254764 148.06958 109.267212 260. 0.351246 14.
35.172 26 ATTITUDE 0.31802 2.319639 0.02359
35.254 26 NAVIGATION 4 0 96.84375 151. 0. 179.387039 24 18 18 0 0 0
35.271 26 ESTIMATOR 256.626343 -0.045739
35.272 26 ATTITUDE 0.321954 2.343998 0.025189
35.370 26 PPRZ_MODE 2 3 3 2 0 6
35.370 26 GPS 3 36038413 481374431 1331 256615 1434 23 0 100273480 31 0
35.371 26 DESIRED 0.318574 0.040031 2.313074 148.430145 103.681091 260. 0.353897 14.
35.371 26 ATTITUDE 0.324607 2.360426 0.026223
35.470 26 NAVIGATION 4 0 99.375 149. 0. 179.387039 24 18 18 0 0 0
35.470 26 ATTITUDE 0.328329 2.385342 0.027724
35.503 26 NAVIGATION 4 0 99.375 149. 0. 179.098831 24 18 18 0 0 0
35.571 26 AIRSPEED 14.310583 14. 14. 6.
35.571 26 DESIRED 0.325874 0.040356 2.363892 148.490128 99.122879 260. 0.355395 14.
35.571 26 ATTITUDE 0.330546 2.40212 0.028687
35.620 26 CIRCLE 49.5 100.099998 70.
35.620 26 GPS 3 36038652 481374184 1359 256691 1432 29 0 100273720 31 0
35.671 26 ENERGY 34 12.5 8.059818 100.747726 0.665527 8.319115
35.671 26 WP_MOVED 4 360416.3125 4813734. 260. 31
35.671 26 ATTITUDE 0.333674 2.427517 0.030072
35.753 26 NAVIGATION 4 0 101.78125 146.5 0. 178.386307 25 19 19 0 0 0
35.769 26 ESTIMATOR 256.618103 -0.038936
35.770 26 DESIRED 0.324194 0.04034 2.414322 148.319611 94.210503 260. 0.354761 14.
35.770 26 ATTITUDE 0.335597 2.444594 0.030953
35.853 26 COMMANDS 3301,-37,45,0,0
35.870 26 GPS 3 36038877 481373926 1388 256774 1429 42 0 100273959 31 0
35.870 26 SVINFO 4 11 0 4 46 88 228
35.870 26 ATTITUDE 0.338101 2.470405 0.032209
35.953 26 FBW_STATUS 2 0 1 12.5 8.090021
35.971 26 DESIRED 0.324194 0.040391 2.414322 148.319611 94.210503 260. 0.354761 14.
35.971 26 ATTITUDE 0.33943 2.487721 0.033001
36.003 26 NAVIGATION 4 0 104. 143.5 0. 177.223724 25 19 19 0 0 0
36.070 26 ATTITUDE 0.340858 2.51382 0.034117
36.121 26 GPS 3 36039123 481373611 1425 256876 1427 45 0 100274240 31 0
36.121 26 SVINFO 5 12 1 5 45 78 278
36.170 26 COMMANDS 3308,-78,20,0,0
36.170 26 WP_MOVED 5 360421. 4813583.5 260. 31
36.170 26 DESIRED 0.322443 0.039926 2.464369 147.864716 88.947304 260. 0.351569 14.
36.171 26 ATTITUDE 0.341379 2.531276 0.034811
36.253 26 NAVIGATION 4 0 106.5 140.5 0. 176.302292 25 19 19 0 0 0
36.269 26 ESTIMATOR 256.685181 -0.00124
36.269 26 ATTITUDE 0.341533 2.557498 0.035775
36.371 26 GPS 3 36039318 481373329 1452 256970 1425 42 0 100274480 31 0
36.371 26 SVINFO 6 13 1 6 44 37 328
36.371 26 DESIRED 0.31469 0.039322 2.523079 147.087799 83.467995 260. 0.347725 14.
36.372 26 ATTITUDE 0.341192 2.574977 0.036367
36.470 26 DL_VALUE 33 0.
36.470 26 AIR_DATA 98284.585938 0. -1000. 1013.25 0. -1. -1.
36.470 26 NAVIGATION 4 0 108.4375 138. 0. 176.302292 25 19 19 0 0 0
36.471 26 ATTITUDE 0.339776 2.601131 0.037175
36.503 26 NAVIGATION 4 0 108.4375 138. 0. 175.506958 25 19 19 0 0 0
36.571 26 AIRSPEED 14.220819 14. 14. 6.
36.571 26 DESIRED 0.316165 0.038089 2.57114 146.238449 79.084015 260. 0.340029 14.
36.572 26 ATTITUDE 0.338322 2.61849 0.037661
36.620 26 GPS 3 36039498 481373039 1482 257067 1423 31 0 100274720 31 0
36.621 26 SVINFO 0 7 0 0 48 25 29
36.670 26 CIRCLE 49.5 100.099998 70.
36.670 26 WP_MOVED 6 360164.8125 4813664.5 260. 31
36.671 26 ATTITUDE 0.335615 2.644366 0.038308
36.752 26 NAVIGATION 4 0 110.21875 134.5 0. 173.891983 26 20 20 0 0 0
36.769 26 FBW_STATUS 2 0 1 12.5 8.123272
36.769 26 ENERGY 34 12.5 8.123272 101.540901 0.680374 8.504698
36.769 26 ESTIMATOR 256.818329 0.056568
36.769 26 DESIRED 0.315244 0.037028 2.623082 144.910034 73.700653 260. 0.333757 14.
36.770 26 ATTITUDE 0.33358 2.661493 0.038684
36.870 26 GPS_SOL 678 678 678 7
36.870 26 GPS 3 36039662 481372740 1512 257168 1421 27 0 100274959 31 0
36.870 26 ATTITUDE 0.330337 2.68698 0.039167
36.970 26 DATALINK_REPORT 10 6 1861 835 0 0
36.971 26 DESIRED 0.315244 0.036889 2.623082 144.910034 73.700653 260. 0.333757 14.
36.971 26 ATTITUDE 0.328141 2.703832 0.039434
37.004 26 NAVIGATION 4 0 111.875 132. 0. 173.03183 26 20 20 0 0 0
37.071 26 ALIVE 128,247,33,237,150,226,125,96,211,120,85,14,103,22,52,69
37.071 26 CALIBRATION 0. 0
37.071 26 ATTITUDE 0.324897 2.728903 0.039754
37.093 26 WIND_INFO 26 5 0. -0.2 0. 14.
37.094 26 WIND_INFO_RET 5 0. -0.2 0. 14.178523
37.121 26 GPS 3 36039833 481372381 1549 257290 1418 31 0 100275240 31 0
37.122 26 SVINFO 2 9 1 2 47 17 129
37.170 26 WP_MOVED 7 360558.40625 4813804.5 260. 31
37.170 26 DESIRED 0.308372 0.035105 2.66969 143.69574 69.65062 260. 0.322825 14.
37.171 26 ATTITUDE 0.322673 2.745477 0.03991
37.254 26 NAVIGATION 4 0 113.5625 128.5 0. 171.489624 26 20 20 0 0 0
37.270 26 ESTIMATOR 257.003845 0.124478
37.270 26 ATTITUDE 0.319353 2.770126 0.040063
37.371 26 GPS 3 36039963 481372067 1575 257398 1416 24 0 100275480 31 0
37.371 26 DESIRED 0.299831 0.03368 2.725388 141.862991 64.475876 260. 0.314297 14.
37.372 26 ATTITUDE 0.317184 2.78642 0.040113
37.470 26 NAVIGATION 4 0 114.875 125. 0. 171.489624 26 20 20 0 0 0
37.471 26 ATTITUDE 0.313776 2.810644 0.040109
37.504 26 NAVIGATION 4 0 114.875 125. 0. 169.768265 26 20 20 0 0 0
37.571 26 AIRSPEED 14.14333 14. 14. 6.
37.571 26 DESIRED 0.308175 0.031448 2.777055 139.831238 59.599781 260. 0.30039 14.
37.572 26 ATTITUDE 0.311508 2.826648 0.040057
37.621 26 GPS 3 36040077 481371747 1603 257507 1415 17 0 100275720 31 0
37.670 26 WP_MOVED 8 360461.40625 4813640. 215. 31
37.670 26 ATTITUDE 0.308612 2.850458 0.039899
37.720 26 CIRCLE 49.5 100.099998 70.
37.757 26 NAVIGATION 4 0 116. 122. 0. 168.344879 27 21 21 0 0 0
37.771 26 AIR_DATA 98278.328125 0. -1000. 1013.25 0. -1. -1.
37.772 26 ESTIMATOR 257.230743 0.195347
37.773 26 DESIRED 0.302464 0.029836 2.823645 137.883224 55.508457 260. 0.290495 14.
37.773 26 ATTITUDE 0.307129 2.866228 0.039743
37.871 26 ENERGY 34 12.5 8.090021 101.125267 0.695247 8.690619
37.871 26 GPS 3 36040176 481371423 1630 257617 1413 26 0 100275959 31 0
37.872 26 ATTITUDE 0.305483 2.889774 0.039438
37.954 26 FBW_STATUS 2 0 1 12.5 8.102108
37.970 26 DL_VALUE 34 0.
37.970 26 DESIRED 0.302464 0.029749 2.823645 137.883224 55.508457 260. 0.290495 14.
37.970 26 ATTITUDE 0.304667 2.905417 0.039186
38.004 26 NAVIGATION 4 0 117. 118.5 0. 166.527023 27 21 21 0 0 0
38.070 26 ATTITUDE 0.3039 2.92883 0.038745
38.119 26 GPS 3 36040271 481371039 1664 257745 1411 28 0 100276240 31 0
38.171 26 WP_MOVED 9 360312.8125 4813652. 185. 31
38.172 26 DESIRED 0.306215 0.02737 2.874936 135.445526 50.973972 260. 0.274978 14.
38.172 26 ATTITUDE 0.303786 2.944427 0.038404
38.252 26 NAVIGATION 4 0 117.96875 115. 0. 164.747162 27 21 21 0 0 0
38.271 26 ESTIMATOR 257.483917 0.262271
38.271 26 ATTITUDE 0.304181 2.967848 0.037829
38.370 26 GPS 3 36040337 481370707 1689 257851 1410 23 0 100276480 31 0
38.370 26 DESIRED 0.298957 0.025711 2.928334 132.783997 46.58572 260. 0.263937 14.
38.371 26 ATTITUDE 0.304726 2.983498 0.037408
38.469 26 NAVIGATION 4 0 118.625 111.5 0. 164.747162 27 21 21 0 0 0
38.469 26 ATTITUDE 0.305585 3.007037 0.03672
38.503 26 NAVIGATION 4 0 118.625 111.5 0. 162.800919 27 21 21 0 0 0
38.571 26 AIRSPEED 14.093352 14. 14. 6.
38.572 26 DESIRED 0.308068 0.023223 2.978984 129.957489 42.423389 260. 0.247198 14.
38.572 26 ATTITUDE 0.306158 3.022772 0.03623
38.620 26 GPS 3 36040386 481370372 1716 257953 1409 17 0 100276720 31 0
38.670 26 WP_MOVED 10 360452.8125 4813581. 260. 31
38.670 26 ATTITUDE 0.307361 3.046452 0.035441
38.754 26 NAVIGATION 4 0 119.09375 108. 0. 160.771011 28 22 22 0 0 0
38.769 26 FBW_STATUS 2 0 1 12.5 8.026625
38.770 26 CIRCLE 49.5 100.099998 70.
38.770 26 ESTIMATOR 257.749725 0.32002
38.770 26 DESIRED 0.30929 0.021596 3.029142 126.948715 38.442097 260. 0.236054 14.
38.770 26 ATTITUDE 0.308402 3.062308 0.034883
38.870 26 GPS_SOL 670 670 670 7
38.870 26 GPS 3 36040419 481370036 1743 258051 1408 28 0 100276959 31 0
38.870 26 ATTITUDE 0.310239 3.086214 0.034004
38.971 26 ENERGY 34 12.5 7.999489 99.993607 0.710009 8.875131
38.971 26 DESIRED 0.30929 0.021679 3.029142 126.948715 38.442097 260. 0.236054 14.
38.971 26 ATTITUDE 0.311606 3.102242 0.033391
39.003 26 NAVIGATION 4 0 119.4375 105. 0. 159.029297 28 22 22 0 0 0
39.070 26 AIR_DATA 98272. 0. -1000. 1013.25 0. -1. -1.
39.070 26 ATTITUDE 0.313722 3.12643 0.032438
39.120 26 GPS 3 36040438 481369642 1777 258156 1408 23 0 100277240 31 0
39.120 26 SVINFO 3 10 1 3 46 63 180
39.171 26 CALIBRATION 0. 0
39.171 26 WP_MOVED 11 360169.5 4813757.5 260. 31
39.171 26 DESIRED 0.304702 0.019315 3.073201 124.221207 35.163559 260. 0.219606 14.
39.172 26 ATTITUDE 0.314994 3.142646 0.031778
39.253 26 NAVIGATION 4 0 119.65625 101. 0. 156.584213 28 22 22 0 0 0
39.271 26 ESTIMATOR 258.010681 0.363218
39.271 26 ATTITUDE 0.316598 3.167085 0.030758
39.369 26 GPS 3 36040436 481369304 1802 258240 1408 47 0 100277480 31 0
39.370 26 SVINFO 4 11 1 4 45 89 230
39.370 26 DESIRED 0.303221 0.017783 3.131079 120.392166 31.003677 260. 0.20868 14.
39.370 26 ATTITUDE 0.317431 3.183439 0.030063
39.470 26 DL_VALUE 35 140.
39.470 26 NAVIGATION 4 0 119.625 97.5 0. 156.584213 28 22 22 0 0 0
39.471 26 ATTITUDE 0.318241 3.208032 0.028996
39.504 26 NAVIGATION 4 0 119.625 97.5 0. 154.325592 28 22 22 0 0 0
39.571 26 AIRSPEED 14.089675 14. 14. 6.
39.571 26 DESIRED 0.310367 0.015542 3.181126 116.858353 27.554482 260. 0.193051 14.
39.571 26 ATTITUDE 0.318489 3.224449 0.028275
39.619 26 GPS 3 36040418 481368966 1831 258316 1408 39 0 100277720 31 0
39.620 26 SVINFO 5 12 1 5 44 74 280
39.670 26 WP_MOVED 0 360326. 4813637. 260. 31
39.671 26 ATTITUDE 0.318751 3.24909 0.027173
39.754 26 NAVIGATION 4 0 119.40625 94. 0. 151.966614 29 23 23 0 0 0
39.770 26 ESTIMATOR 258.253204 0.389044
39.770 26 DESIRED 0.309579 0.014168 3.231087 113.149948 24.27993 260. 0.183239 14.
39.770 26 ATTITUDE 0.318901 3.265526 0.026429
39.820 26 CIRCLE 49.5 100.099998 70.
39.871 26 NAVIGATION_REF 360284 4813595 31 185.
39.871 26 GPS 3 36040383 481368630 1859 258384 1408 39 0 100277959 31 0
39.872 26 SVINFO 6 13 0 6 43 31 330
39.872 26 ATTITUDE 0.319065 3.290188 0.025303
39.953 26 FBW_STATUS 2 0 1 12.5 7.825113
39.971 26 DESIRED 0.309579 0.014279 3.231087 113.149948 24.27993 260. 0.183239 14.
39.971 26 ATTITUDE 0.319117 3.306632 0.024546
40.004 26 NAVIGATION 4 0 119.09375 91. 0. 149.881027 29 23 23 0 0 0
40.071 26 ENERGY 33 12.5 7.783152 97.289398 0.724486 9.056092
40.071 26 ATTITUDE 0.319064 3.331292 0.023409
40.128 26 GPS 3 36040321 481368240 1894 258456 1409 52 0 100278240 31 0
40.169 26 WP_MOVED 1 360284. 4813595. 260. 31
40.169 26 DESIRED 0.302883 0.012342 3.274273 109.833282 21.614998 260. 0.169585 14.
40.169 26 ATTITUDE 0.318778 3.347715 0.022648
40.253 26 NAVIGATION 4 0 118.4375 87. 0. 146.957275 29 23 23 0 0 0
40.272 26 PPRZ_MODE 2 3 3 2 0 6
40.273 26 ESTIMATOR 258.46463 0.395942
40.274 26 ATTITUDE 0.317981 3.372298 0.021506
40.370 26 AIR_DATA 98266.65625 0. -1000. 1013.25 0. -1. -1.
40.370 26 GPS 3 36040251 481367909 1920 258509 1410 28 0 100278480 31 0
40.371 26 SVINFO 1 8 1 1 47 0 81
40.371 26 DESIRED 0.300443 0.011166 3.331826 105.201317 18.262573 260. 0.16106 14.
40.372 26 ATTITUDE 0.317232 3.388637 0.020749
40.470 26 NAVIGATION 4 0 117.78125 83.5 0. 146.957275 29 23 23 0 0 0
40.470 26 ATTITUDE 0.315762 3.413045 0.019619
40.503 26 NAVIGATION 4 0 117.78125 83.5 0. 144.376846 29 23 23 0 0 0
40.570 26 AIRSPEED 14.11771 14. 14. 6.
40.570 26 DESIRED 0.309438 0.009528 3.383937 100.98259 15.545029 260. 0.14958 14.
40.571 26 ATTITUDE 0.314062 3.43731 0.018503
40.620 26 GPS 3 36040164 481367582 1948 258556 1411 40 0 100278720 31 0
40.620 26 SVINFO 2 9 0 2 46 22 131
40.670 26 WP_MOVED 2 360333.5 4813695. 260. 31
40.671 26 ATTITUDE 0.313111 3.453414 0.017766
40.753 26 NAVIGATION 4 0 116.875 80.5 0. 141.915527 30 24 24 0 0 0
40.770 26 FBW_STATUS 2 0 1 12.5 7.67548
40.770 26 ESTIMATOR 258.638702 0.385239
40.770 26 DESIRED 0.301669 0.008621 3.427089 97.160599 13.33326 260. 0.1428 14.
40.770 26 ATTITUDE 0.312355 3.469471 0.017037
40.853 26 COMMANDS 3158,-14,-75,0,0
40.869 26 GPS_SOL 661 661 661 7
40.870 26 CIRCLE 49.5 100.099998 70.
40.870 26 GPS 3 36040061 481367259 1976 258597 1411 36 0 100278959 31 0
40.871 26 SVINFO 3 10 1 3 45 66 181
40.871 26 ATTITUDE 0.311434 3.493485 0.015959
40.971 26 DL_VALUE 36 0.
40.971 26 DESIRED 0.301669 0.008742 3.427089 97.160599 13.33326 260. 0.1428 14.
40.971 26 ATTITUDE 0.310812 3.509449 0.015252
41.004 26 NAVIGATION 4 0 115.84375 77. 0. 139.099869 30 24 24 0 0 0
41.070 26 ATTITUDE 0.309956 3.533329 0.014214
41.120 26 GPS 3 36039922 481366888 2010 258637 1413 59 0 100279240 31 0
41.170 26 COMMANDS 3140,49,-64,0,0
41.170 26 ENERGY 32 12.5 7.591963 94.899536 0.73859 9.232388
41.170 26 WP_MOVED 3 360294.09375 4813785. 260. 31
41.170 26 DESIRED 0.308313 0.007544 3.480227 92.589684 10.974922 260. 0.133936 14.
41.171 26 ATTITUDE 0.309626 3.549216 0.013534
41.254 26 NAVIGATION 4 0 114.4375 73.5 0. 136.008057 30 24 24 0 0 0
41.270 26 AUTOPILOT_VERSION 51500 v5.15_devel-179-g9a29798-dirty
41.270 26 CALIBRATION 0. 0
41.270 26 ESTIMATOR 258.77243 0.35955
41.270 26 ATTITUDE 0.309523 3.573026 0.012539
41.370 26 GPS 3 36039786 481366577 2035 258665 1413 60 0 100279480 31 0
41.371 26 DESIRED 0.299454 0.006929 3.532859 87.742249 8.789917 260. 0.128772 14.
41.372 26 ATTITUDE 0.30963 3.5889 0.011894
41.470 26 NAVIGATION 4 0 113.09375 70.5 0. 136.008057 30 24 24 0 0 0
41.471 26 ATTITUDE 0.309657 3.612709 0.010953
41.503 26 NAVIGATION 4 0 113.09375 70.5 0. 133.268326 30 24 24 0 0 0
41.571 26 AIRSPEED 14.153919 14. 14. 6.
41.571 26 DESIRED 0.304455 0.006128 3.579296 83.423462 7.09893 260. 0.122331 14.
41.571 26 ATTITUDE 0.309592 3.628575 0.010347
41.621 26 GPS 3 36039636 481366273 2063 258687 1414 56 0 100279720 31 0
41.670 26 AIR_DATA 98264.585938 0. -1000. 1013.25 0. -1. -1.
41.670 26 WP_MOVED 4 360416.3125 4813734. 260. 31
41.670 26 ATTITUDE 0.309591 3.652364 0.009467
41.753 26 NAVIGATION 4 0 111.625 67. 0. 130.188858 31 25 25 0 0 0
41.770 26 ESTIMATOR 258.866699 0.322399
41.770 26 DESIRED 0.315477 0.00578 3.636741 78.363098 5.406166 260. 0.118883 14.
41.770 26 ATTITUDE 0.309682 3.668224 0.008901
41.870 26 GPS 3 36039471 481365976 2090 258704 1415 51 0 100279959 31 0
41.870 26 SVINFO 0 7 0 0 47 17 32
41.871 26 ATTITUDE 0.310174 3.692031 0.008085
41.921 26 CIRCLE 49.5 100.099998 70.
41.977 26 FBW_STATUS 2 0 1 12.5 7.473003
41.977 26 DESIRED 0.315477 0.005975 3.636741 78.363098 5.406166 260. 0.118883 14.
41.977 26 ATTITUDE 0.310931 3.70794 0.007565
42.003 26 NAVIGATION 4 0 109.96875 64.5 0. 127.488731 31 25 25 0 0 0
42.069 26 DATALINK_REPORT 5 7 2052 844 0 0
42.070 26 ATTITUDE 0.312517 3.731899 0.00682
42.121 26 GPS 3 36039261 481365640 2124 258718 1416 20 0 100280240 31 0
42.170 26 ALIVE 128,247,33,237,150,226,125,96,211,120,85,14,103,22,52,69
42.171 26 WP_MOVED 5 360421. 4813583.5 260. 31
42.171 26 DESIRED 0.303977 0.005601 3.676116 74.308502 4.264 260. 0.114904 14.
42.172 26 ATTITUDE 0.313506 3.747936 0.006347
42.254 26 NAVIGATION 4 0 107.84375 61. 0. 123.900261 31 25 25 0 0 0
42.271 26 ENERGY 32 12.5 7.431467 92.893341 0.752356 9.404464
42.271 26 ESTIMATOR 258.922882 0.276914
42.271 26 ATTITUDE 0.314754 3.772075 0.005675
42.370 26 GPS 3 36039066 481365361 2149 258724 1417 0 0 100280480 31 0
42.370 26 DESIRED 0.305801 0.00553 3.735355 68.679665 2.980789 260. 0.11299 14.
42.371 26 ATTITUDE 0.315419 3.788213 0.005253
42.470 26 DL_VALUE 37 14.
42.471 26 NAVIGATION 4 0 105.875 58.5 0. 123.900261 31 25 25 0 0 0
42.471 26 ATTITUDE 0.316224 3.81247 0.004658
42.503 26 NAVIGATION 4 0 105.875 58.5 0. 120.961838 31 25 25 0 0 0
42.570 26 AIRSPEED 14.191183 14. 14. 6.
42.570 26 DESIRED 0.305406 0.005464 3.778202 64.261894 2.211861 260. 0.111175 14.
42.570 26 ATTITUDE 0.316619 3.828667 0.004288
42.620 26 GPS 3 36038857 481365092 2177 258725 1418 1 0 100280720 31 0
42.670 26 WP_MOVED 6 360164.8125 4813664.5 260. 31
42.670 26 ATTITUDE 0.316977 3.852985 0.003772
42.753 26 NAVIGATION 4 0 103.8125 55.5 0. 117.716972 32 26 26 0 0 0
42.773 26 FBW_STATUS 2 0 1 12.5 7.366293
42.773 26 ESTIMATOR 258.94516 0.226673
42.774 26 DESIRED 0.313188 0.00558 3.833084 59.174065 1.578873 260. 0.110653 14.
42.775 26 ATTITUDE 0.317059 3.869202 0.003455
42.870 26 GPS_SOL 651 651 651 7
42.870 26 GPS 3 36038636 481364833 2205 258723 1419 7 0 100280959 31 0
42.870 26 SVINFO 4 11 1 4 44 89 232
42.870 26 ATTITUDE 0.317131 3.893525 0.003018
42.970 26 AIR_DATA 98264.164062 0. -1000. 1013.25 0. -1. -1.
42.970 26 CIRCLE 49.5 100.099998 70.
42.970 26 DESIRED 0.313188 0.00577 3.833084 59.174065 1.578873 260. 0.110653 14.
42.971 26 ATTITUDE 0.317308 3.909746 0.002752
43.003 26 NAVIGATION 4 0 101.625 53. 0. 114.615189 32 26 26 0 0 0
43.071 26 ATTITUDE 0.317708 3.934097 0.002393
43.121 26 GPS 3 36038362 481364545 2240 258717 1420 16 0 100281240 31 0
43.121 26 SVINFO 5 12 1 5 43 69 282
43.170 26 WP_MOVED 7 360558.40625 4813804.5 260. 31
43.171 26 DESIRED 0.30963 0.00598 3.88 54.506927 1.23175 260. 0.110752 14.
43.171 26 ATTITUDE 0.317955 3.950345 0.002179
43.256 26 NAVIGATION 4 0 98.84375 50. 0. 110.770424 32 26 26 0 0 0
43.272 26 ESTIMATOR 258.93811 0.174703
43.272 26 ATTITUDE 0.318259 3.974734 0.001894
43.371 26 CALIBRATION 0. 0
43.371 26 ENERGY 31 12.5 7.304203 91.302536 0.76585 9.573144
43.371 26 GPS 3 36038114 481364310 2265 258708 1420 13 0 100281480 31 0
43.372 26 SVINFO 6 13 1 6 42 25 332
43.372 26 DESIRED 0.30912 0.006265 3.939158 48.747185 1.10791 260. 0.111392 14.
43.372 26 ATTITUDE 0.318408 3.991002 0.00173
43.470 26 NAVIGATION 4 0 96.375 47.5 0. 110.770424 32 26 26 0 0 0
43.470 26 ATTITUDE 0.318529 4.015409 0.001519
43.503 26 NAVIGATION 4 0 96.375 47.5 0. 107.444824 32 26 26 0 0 0
43.570 26 AIRSPEED 14.220598 14. 14. 6.
43.571 26 DESIRED 0.317397 0.006696 3.990991 43.812042 1.268593 260. 0.113076 14.
43.571 26 ATTITUDE 0.318543 4.031681 0.001403
43.619 26 GPS 3 36037855 481364088 2293 258698 1421 23 0 100281720 31 0
43.670 26 WP_MOVED 8 360461.40625 4813640. 215. 31
43.670 26 ATTITUDE 0.318819 4.056097 0.001264
43.755 26 NAVIGATION 4 0 93.8125 45.5 0. 104.264259 33 27 27 0 0 0
43.771 26 ESTIMATOR 258.907562 0.123835
43.772 26 DESIRED 0.310434 0.007109 4.035181 39.259155 1.636169 260. 0.114597 14.
43.773 26 ATTITUDE 0.319208 4.072393 0.001194
43.870 26 GPS 3 36037586 481363879 2321 258686 1422 29 0 100281959 31 0
43.870 26 SVINFO 1 8 1 1 46 0 83
43.871 26 ATTITUDE 0.319889 4.096882 0.001124
43.954 26 FBW_STATUS 2 0 1 12.5 7.256969
43.971 26 DL_VALUE 38 0.359208
43.971 26 DESIRED 0.310434 0.007294 4.035181 39.259155 1.636169 260. 0.114597 14.
43.971 26 ATTITUDE 0.320238 4.113232 0.001099
44.003 26 NAVIGATION 4 0 91.09375 43. 0. 100.732674 33 27 27 0 0 0
44.021 26 CIRCLE 49.5 100.099998 70.
44.070 26 ATTITUDE 0.320677 4.137784 0.001093
44.120 26 GPS 3 36037259 481363651 2356 258672 1422 14 0 100282240 31 0
44.120 26 SVINFO 2 9 1 2 45 28 133
44.171 26 WP_MOVED 9 360312.8125 4813652. 185. 31
44.171 26 DESIRED 0.321173 0.007893 4.092019 34.134918 2.304733 260. 0.117395 14.
44.171 26 ATTITUDE 0.321183 4.154178 0.00111
44.258 26 NAVIGATION 4 0 87.84375 41. 0. 96.940826 33 27 27 0 0 0
44.270 26 AIR_DATA 98264.757812 0. -1000. 1013.25 0. -1. -1.
44.270 26 ESTIMATOR 258.860596 0.076925
44.271 26 ATTITUDE 0.322266 4.178836 0.001166
44.370 26 GPS 3 36036968 481363472 2382 258659 1422 10 0 100282480 31 0
44.371 26 SVINFO 3 10 1 3 44 71 183
44.371 26 DESIRED 0.307167 0.008397 4.143275 28.876015 3.277214 260. 0.119524 14.
44.372 26 ATTITUDE 0.322847 4.195319 0.001223
44.470 26 ENERGY 31 12.5 7.230431 90.380386 0.779164 9.739576
44.471 26 NAVIGATION 4 0 84.9375 39. 0. 96.940826 33 27 27 0 0 0
44.471 26 ATTITUDE 0.323205 4.220075 0.001337
44.503 26 NAVIGATION 4 0 84.9375 39. 0. 93.463249 33 27 27 0 0 0
44.570 26 AIRSPEED 14.233109 14. 14. 6.
44.570 26 DESIRED 0.319207 0.009074 4.195855 24.067486 4.427704 260. 0.122997 14.
44.570 26 ATTITUDE 0.323122 4.23658 0.00143
44.620 26 GPS 3 36036669 481363306 2410 258646 1423 7 0 100282720 31 0
44.620 26 SVINFO 4 11 1 4 43 89 233
44.670 26 WP_MOVED 10 360452.8125 4813581. 260. 31
44.671 26 ATTITUDE 0.323076 4.26133 0.001595
44.760 26 NAVIGATION 4 0 81.9375 37.5 0. 90.111061 34 28 28 0 0 0
44.772 26 FBW_STATUS 2 0 1 12.5 7.215696
44.773 26 ESTIMATOR 258.804352 0.036169
44.774 26 DESIRED 0.313213 0.009584 4.241525 19.553522 5.743187 260. 0.125423 14.
44.774 26 ATTITUDE 0.323179 4.277834 0.001721
44.870 26 GPS_SOL 640 640 640 7
44.870 26 GPS 3 36036363 481363156 2439 258633 1423 6 0 100282959 31 0
44.871 26 SVINFO 5 12 1 5 42 66 283
44.871 26 ATTITUDE 0.323376 4.302604 0.001933
44.971 26 DESIRED 0.313213 0.009725 4.241525 19.553522 5.743187 260. 0.125423 14.
44.971 26 ATTITUDE 0.323404 4.319121 0.002089
45.003 26 NAVIGATION 4 0 78.875 36. 0. 86.702164 34 28 28 0 0 0
45.070 26 CIRCLE 49.5 100.099998 70.
45.070 26 ATTITUDE 0.323301 4.343894 0.002341
45.121 26 GPS 3 36035996 481363001 2474 258619 1423 3 0 100283240 31 0
45.122 26 SVINFO 6 13 1 6 41 22 333
45.171 26 PPRZ_MODE 2 3 3 2 0 6
45.171 26 WP_MOVED 11 360169.5 4813757.5 260. 31
45.171 26 DESIRED 0.31262 0.010405 4.28997 15.026299 7.301483 260. 0.129105 14.
45.171 26 ATTITUDE 0.32313 4.3604 0.002522
45.254 26 NAVIGATION 4 0 75.21875 34.5 0. 82.753311 34 28 28 0 0 0
45.271 26 ESTIMATOR 258.745575 0.003101
45.271 26 ATTITUDE 0.322744 4.385137 0.002811
45.371 26 GPS 3 36035675 481362884 2500 258609 1423 6 0 100283480 31 0
45.372 26 SVINFO 0 7 0 0 46 12 34
45.372 26 DESIRED 0.30603 0.010885 4.345343 9.879917 9.37928 260. 0.131589 14.
45.373 26 ATTITUDE 0.322371 4.401607 0.003013
45.470 26 CALIBRATION 0. 0
45.470 26 DL_VALUE 39 -0.016718
45.470 26 NAVIGATION 4 0 72. 33.5 0. 82.753311 34 28 28 0 0 0
45.471 26 ATTITUDE 0.321401 4.426255 0.003331
45.503 26 NAVIGATION 4 0 72. 33.5 0. 79.411903 34 28 28 0 0 0
45.570 26 AIR_DATA 98265.492188 0. -1000. 1013.25 0. -1. -1.
45.570 26 ENERGY 31 12.5 7.209805 90.122559 0.792392 9.904921
45.571 26 AIRSPEED 14.228369 14. 14. 6.
45.571 26 DESIRED 0.308169 0.011511 4.390847 5.586937 11.377724 260. 0.135216 14.
45.571 26 ATTITUDE 0.320532 4.442635 0.00355
45.619 26 GPS 3 36035348 481362784 2528 258600 1422 27 0 100283720 31 0
45.670 26 WP_MOVED 0 360326. 4813637. 260. 31
45.671 26 ATTITUDE 0.319077 4.46711 0.00389
45.754 26 NAVIGATION 4 0 68.71875 32.5 0. 76.016556 35 29 29 0 0 0
45.771 26 ESTIMATOR 258.689117 -0.021771
45.772 26 DESIRED 0.306724 0.011919 4.43938 1.31073 13.625755 260. 0.137512 14.
45.772 26 ATTITUDE 0.318079 4.483362 0.004122
45.853 26 COMMANDS 3009,-19,35,0,0
45.870 26 GPS 3 36035017 481362699 2557 258593 1422 12 0 100283959 31 0
45.870 26 ATTITUDE 0.316571 4.50764 0.004479
45.954 26 FBW_STATUS 2 0 1 12.5 7.203913
45.970 26 DESIRED 0.306724 0.011972 4.43938 1.31073 13.625755 260. 0.137512 14.
45.970 26 ATTITUDE 0.315571 4.523761 0.004721
46.003 26 NAVIGATION 4 0 65.40625 31.5 0. 72.596336 35 29 29 0 0 0
46.069 26 ATTITUDE 0.314158 4.547848 0.005088
46.121 26 CIRCLE 49.5 100.099998 70.
46.121 26 GPS 3 36034627 481362622 2591 258588 1422 7 0 100284240 31 0
46.170 26 COMMANDS 3010,21,32,0,0
46.170 26 WP_MOVED 1 360284. 4813595. 260. 31
46.170 26 DESIRED 0.308681 0.012497 4.490545 -2.879513 16.097694 260. 0.140687 14.
46.171 26 ATTITUDE 0.313357 4.563851 0.005336
46.253 26 NAVIGATION 4 0 61.53125 30.5 0. 68.675652 35 29 29 0 0 0
46.269 26 ESTIMATOR 258.640686 -0.037829
46.269 26 ATTITUDE 0.312415 4.587791 0.00571
46.371 26 GPS 3 36034289 481362572 2617 258586 1421 -5 0 100284480 31 0
46.372 26 DESIRED 0.307155 0.012837 4.550249 -7.553459 19.199425 260. 0.142592 14.
46.372 26 ATTITUDE 0.31194 4.603719 0.00596
46.470 26 NAVIGATION 4 0 58.125 30. 0. 68.675652 35 29 29 0 0 0
46.470 26 ATTITUDE 0.31143 4.627576 0.006335
46.503 26 NAVIGATION 4 0 58.125 30. 0. 65.410362 35 29 29 0 0 0
46.570 26 AIRSPEED 14.206666 14. 14. 6.
46.571 26 DESIRED 0.31222 0.013267 4.598946 -11.427868 22.075668 260. 0.145063 14.
46.571 26 ATTITUDE 0.311228 4.643468 0.006583
46.620 26 GPS 3 36033950 481362540 2644 258587 1420 10 0 100284720 31 0
46.670 26 ENERGY 31 12.5 7.212751 90.159393 0.805607 10.070106
46.670 26 WP_MOVED 2 360333.5 4813695. 260. 31
46.671 26 ATTITUDE 0.311338 4.66731 0.006954
46.753 26 NAVIGATION 4 0 54.78125 30. 0. 62.45787 36 30 30 0 0 0
46.770 26 FBW_STATUS 2 0 1 12.5 7.212751
46.770 26 ESTIMATOR 258.604248 -0.045246
46.771 26 DESIRED 0.304969 0.013544 4.641459 -15.043373 25.039001 260. 0.146414 14.
46.771 26 ATTITUDE 0.311697 4.683225 0.007198
46.871 26 GPS_SOL 629 629 629 7
46.871 26 AIR_DATA 98265.71875 0. -1000. 1013.25 0. -1. -1.
46.872 26 GPS 3 36033609 481362523 2671 258590 1420 5 0 100284959 31 0
46.872 26 ATTITUDE 0.312438 4.707152 0.007561
46.970 26 DL_VALUE 40 -0.
46.970 26 DESIRED 0.304969 0.013625 4.641459 -15.043373 25.039001 260. 0.146414 14.
46.970 26 ATTITUDE 0.312884 -1.560048 0.007798
47.003 26 NAVIGATION 4 0 51.34375 30. 0. 59.465794 36 30 30 0 0 0
47.070 26 ATTITUDE 0.313454 -1.536024 0.008148
47.094 26 WIND_INFO 26 5 -0.1 -0.3 0. 14.
47.094 26 WIND_INFO_RET 5 -0.1 -0.3 0. 14.191648
47.119 26 GPS 3 36033212 481362524 2706 258596 1419 -5 0 100285240 31 0
47.170 26 DATALINK_REPORT 0 8 2242 833 0 0
47.170 26 CIRCLE 49.5 100.099998 70.
47.170 26 WP_MOVED 3 360294.09375 4813785. 260. 31
47.171 26 DESIRED 0.304661 0.013934 4.687868 -18.635315 28.283714 260. 0.147986 14.
47.171 26 ATTITUDE 0.313749 -1.519983 0.008376
47.256 26 NAVIGATION 4 0 47.375 30. 0. 56.074867 36 30 30 0 0 0
47.270 26 ALIVE 128,247,33,237,150,226,125,96,211,120,85,14,103,22,52,69
47.270 26 ESTIMATOR 258.582611 -0.044683
47.270 26 ATTITUDE 0.314055 -1.495894 0.008711
47.370 26 GPS 3 36032872 481362543 2731 258603 1418 3 0 100285480 31 0
47.370 26 SVINFO 1 8 0 1 45 2 85
47.371 26 DESIRED 0.301757 0.014102 4.744582 -22.588844 32.253128 260. 0.148684 14.
47.371 26 ATTITUDE 0.314104 -1.479824 0.008928
47.470 26 NAVIGATION 4 0 43.96875 30. 0. 56.074867 36 30 30 0 0 0
47.470 26 ATTITUDE 0.313906 -1.455722 0.009245
47.504 26 NAVIGATION 4 0 43.96875 30. 0. 53.228291 36 30 30 0 0 0
47.570 26 CALIBRATION 0. 0
47.570 26 AIRSPEED 14.178215 14. 14. 6.
47.570 26 DESIRED 0.310222 0.014239 4.795672 -25.789345 35.823143 260. 0.149302 14.
47.571 26 ATTITUDE 0.313615 -1.439668 0.009449
47.620 26 GPS 3 36032533 481362578 2759 258611 1418 -21 0 100285720 31 0
47.620 26 SVINFO 2 9 0 2 44 34 135
47.670 26 WP_MOVED 4 360416.3125 4813734. 260. 31
47.670 26 ATTITUDE 0.313334 -1.415605 0.009745
47.753 26 NAVIGATION 4 0 40.5625 30.5 0. 50.750038 36 31 31 0 0 0
47.769 26 ENERGY 31 12.5 7.227482 90.343521 0.818845 10.235559
47.770 26 ESTIMATOR 258.575531 -0.038027
47.770 26 DESIRED 0.306798 0.014315 4.842552 -28.845558 39.585754 260. 0.149427 14.
47.770 26 ATTITUDE 0.313308 -1.399566 0.009935
47.870 26 GPS 3 36032197 481362629 2786 258621 1417 -27 0 100285959 31 0
47.870 26 SVINFO 3 10 0 3 43 76 185
47.870 26 ATTITUDE 0.313413 -1.375496 0.010206
47.954 26 FBW_STATUS 2 0 1 12.5 7.227482
47.970 26 DESIRED 0.306798 0.014356 4.842552 -28.845558 39.585754 260. 0.149427 14.
47.971 26 ATTITUDE 0.313496 -1.359441 0.010379
48.003 26 NAVIGATION 4 0 37.21875 30.5 0. 48.119492 37 31 31 0 0 0
48.070 26 ATTITUDE 0.313674 -1.335344 0.010626
48.120 26 GPS 3 36031809 481362709 2821 258634 1416 -11 0 100286240 31 0
48.120 26 SVINFO 4 11 1 4 42 89 235
48.170 26 AIR_DATA 98265.203125 0. -1000. 1013.25 0. -1. -1.
48.171 26 WP_MOVED 5 360421. 4813583.5 260. 31
48.171 26 DESIRED 0.312889 0.014373 4.896692 -31.598953 43.32888 260. 0.149171 14.
48.171 26 ATTITUDE 0.313978 -1.319261 0.010781
48.220 26 CIRCLE 49.5 100.099998 70.
48.255 26 NAVIGATION 4 0 33.34375 31.5 0. 45.869987 37 31 31 0 0 0
48.272 26 ESTIMATOR 258.582275 -0.026863
48.273 26 ATTITUDE 0.314706 -1.295087 0.011
48.370 26 GPS 3 36031480 481362795 2846 258646 1416 -12 0 100286480 31 0
48.371 26 SVINFO 5 12 1 5 41 60 285
48.371 26 DESIRED 0.303645 0.014374 4.9505 -34.682808 48.011082 260. 0.148719 14.
48.371 26 ATTITUDE 0.315268 -1.27893 0.011138
48.470 26 DL_VALUE 41 0.1
48.471 26 NAVIGATION 4 0 30.0625 32.5 0. 45.869987 37 31 31 0 0 0
48.471 26 ATTITUDE 0.315797 -1.25465 0.01133
48.504 26 NAVIGATION 4 0 30.0625 32.5 0. 44.271931 37 31 31 0 0 0
48.570 26 AIRSPEED 14.152369 14. 14. 6.
48.571 26 DESIRED 0.309257 0.014279 4.997216 -37.118011 52.169628 260. 0.147708 14.
48.571 26 ATTITUDE 0.315944 -1.238445 0.011449
48.619 26 GPS 3 36031156 481362897 2874 258659 1415 -17 0 100286720 31 0
48.619 26 SVINFO 6 13 1 6 40 17 335
48.669 26 WP_MOVED 6 360164.8125 4813664.5 260. 31
48.670 26 ATTITUDE 0.316108 -1.214124 0.011613
48.754 26 NAVIGATION 4 0 26.8125 33.5 0. 42.908741 38 32 32 0 0 0
