2.910 26 GPS_SOL 648 648 648 7
2.911 26 GPS 3 36028477 481359546 899 185000 0 21 0 100094960 31 0
2.912 26 SVINFO 0 7 0 0 47 75 12
2.912 26 ATTITUDE 0. 0. 0.
2.927 26 WIND_INFO 26 5 0. 0. 0. 0.
2.928 26 WIND_INFO_RET 5 0. 0. 0. 0.
3.011 26 DESIRED 0. 0. 0. 0. 0. 235. 0. 14.
3.011 26 ATTITUDE 0. 0. 0.
3.043 26 NAVIGATION 2 1 0. 0. 0. 0. 0 11 11 1 0 0
3.110 26 ENERGY 0 12.5 -4e-06 -4.8e-05 -0. -2e-06
3.110 26 ATTITUDE 0. 0. 0.
3.160 26 GPS 3 36028477 481359546 899 185000 0 17 0 100095240 31 0
3.160 26 SVINFO 1 8 0 1 48 32 62
3.210 26 WP_MOVED 7 360558.40625 4813804.5 260. 31
3.210 26 DESIRED 0. 0. 0. 0. 0. 235. 0. 14.
3.210 26 ATTITUDE 0. 0. 0.
3.293 26 NAVIGATION 2 1 0. 0. 0. 0. 0 11 11 1 0 0
3.310 26 ESTIMATOR 185. 0.
3.310 26 ATTITUDE 0. 0. 0.
3.411 26 GPS 3 36028477 481359546 899 185000 0 15 0 100095480 31 0
3.411 26 DESIRED 0. 0. 0. 0. 0. 235. 0. 14.
3.411 26 ATTITUDE 0. 0. 0.
3.510 26 NAVIGATION 2 1 0. 0. 0. 0. 0 11 11 1 0 0
3.511 26 ATTITUDE 0. 0. 0.
3.543 26 NAVIGATION 2 1 0. 0. 0. 0. 0 11 11 1 0 0
3.609 26 AIRSPEED 0. 14. 0. 6.
3.610 26 DESIRED 0. 0. 0. 0. 0. 235. 0. 14.
3.610 26 ATTITUDE 0. 0. 0.
3.661 26 GPS 3 36028477 481359546 899 185000 0 16 0 100095720 31 0
3.661 26 SVINFO 3 10 0 3 49 11 162
3.710 26 CALIBRATION 0. 0
3.710 26 WP_MOVED 8 360461.40625 4813640. 215. 31
3.711 26 ATTITUDE 0. 0. 0.
3.793 26 NAVIGATION 2 1 0. 0. 0. 0. 0 12 12 1 0 0
3.810 26 ESTIMATOR 185. 0.
3.810 26 DESIRED 0. 0. 0. 0. 0. 235. 0. 14.
3.810 26 ATTITUDE 0. 0. 0.
3.911 26 AIR_DATA 99126.804688 0. -1000. 1013.25 0. -1. -1.
3.911 26 GPS 3 36028477 481359546 899 185000 0 -2 0 100095960 31 0
3.912 26 ATTITUDE 0. 0. 0.
3.994 26 FBW_STATUS 2 0 1 12.5 -4e-06
4.010 26 AUTOPILOT_VERSION 51500 v5.15_devel-179-g9a29798-dirty
4.011 26 DL_VALUE 14 3.
4.011 26 DESIRED 0. 0. 0. 0. 0. 235. 0. 14.
4.011 26 ATTITUDE 0. 0. 0.
4.044 26 NAVIGATION 2 1 0. 0. 0. 0. 0 12 12 1 0 0
4.109 26 ATTITUDE 0. 0. 0.
4.161 26 GPS 3 36028477 481359546 899 185000 0 4 0 100096240 31 0
4.209 26 ENERGY 0 12.5 -4e-06 -4.8e-05 -0. -2e-06
4.209 26 WP_MOVED 9 360312.8125 4813652. 185. 31
4.209 26 DESIRED 0. 0. 0. 0. 0. 235. 0. 14.
4.209 26 ATTITUDE 0. 0. 0.
4.294 26 NAVIGATION 2 1 0. 0. 0. 0. 0 12 12 1 0 0
4.310 26 ESTIMATOR 185. 0.
4.311 26 ATTITUDE 0. 0. 0.
4.411 26 GPS 3 36028477 481359546 899 185000 0 0 0 100096480 31 0
4.412 26 DESIRED 0. 0. 0. 0. 0. 235. 0. 14.
4.412 26 ATTITUDE 0. 0. 0.
4.509 26 NAVIGATION 2 1 0. 0. 0. 0. 0 12 12 1 0 0
4.510 26 ATTITUDE 0. 0. 0.
4.543 26 NAVIGATION 2 1 0. 0. 0. 0. 0 12 12 1 0 0
4.610 26 AIRSPEED 0. 14. 0. 6.
4.610 26 DESIRED 0. 0. 0. 0. 0. 235. 0. 14.
4.610 26 ATTITUDE 0. 0. 0.
4.660 26 GPS 3 36028477 481359546 899 185000 0 9 0 100096720 31 0
4.710 26 WP_MOVED 10 360452.8125 4813581. 260. 31
4.710 26 ATTITUDE 0. 0. 0.
4.794 26 NAVIGATION 2 1 0. 0. 0. 0. 0 13 13 1 0 0
4.810 26 FBW_STATUS 2 0 1 12.5 -4e-06
4.810 26 ESTIMATOR 185. 0.
4.810 26 DESIRED 0. 0. 0. 0. 0. 235. 0. 14.
4.810 26 ATTITUDE 0. 0. 0.
4.910 26 GPS_SOL 659 659 659 7
4.912 26 GPS 3 36028477 481359546 899 185000 0 4 0 100096960 31 0
4.912 26 ATTITUDE 0. 0. 0.
5.010 26 DESIRED 0. 0. 0. 0. 0. 235. 0. 14.
5.010 26 ATTITUDE 0. 0. 0.
5.043 26 NAVIGATION 2 1 0. 0. 0. 0. 0 13 13 1 0 0
5.110 26 ATTITUDE 0. 0. 0.
5.159 26 GPS 3 36028477 481359546 899 185000 0 -2 0 100097240 31 0
5.160 26 SVINFO 2 9 0 2 49 1 113
5.211 26 AIR_DATA 99126.804688 0. -1000. 1013.25 0. -1. -1.
5.212 26 WP_MOVED 11 360169.5 4813757.5 260. 31
5.214 26 DESIRED 0. 0. 0. 0. 0. 235. 0. 14.
5.214 26 ATTITUDE 0. 0. 0.
5.293 26 NAVIGATION 2 1 0. 0. 0. 0. 0 13 13 1 0 0
5.310 26 ENERGY 0 12.5 -4e-06 -4.8e-05 -0. -2e-06
5.310 26 ESTIMATOR 185. 0.
5.310 26 ATTITUDE 0. 0. 0.
5.410 26 GPS 3 36028477 481359546 899 185000 0 -1 0 100097480 31 0
5.410 26 DESIRED 0. 0. 0. 0. 0. 235. 0. 14.
5.410 26 ATTITUDE 0. 0. 0.
5.510 26 DL_VALUE 15 50.
5.511 26 NAVIGATION 2 1 0. 0. 0. 0. 0 13 13 1 0 0
5.511 26 ATTITUDE 0. 0. 0.
5.544 26 NAVIGATION 2 1 0. 0. 0. 0. 0 13 13 1 0 0
5.610 26 AIRSPEED 0. 14. 0. 6.
5.610 26 DESIRED 0. 0. 0. 0. 0. 235. 0. 14.
5.610 26 ATTITUDE 0. 0. 0.
5.660 26 GPS 3 36028477 481359546 899 185000 0 21 0 100097720 31 0
5.710 26 WP_MOVED 0 360326. 4813637. 260. 31
5.710 26 ATTITUDE 0. 0. 0.
5.793 26 NAVIGATION 2 1 0. 0. 0. 0. 0 14 14 1 0 0
5.810 26 CALIBRATION 0. 0
5.811 26 ESTIMATOR 185. 0.
5.811 26 DESIRED 0. 0. 0. 0. 0. 235. 0. 14.
5.811 26 ATTITUDE 0. 0. 0.
5.910 26 GPS 3 36028477 481359546 899 185000 0 9 0 100097960 31 0
5.910 26 ATTITUDE 0. 0. 0.
5.993 26 FBW_STATUS 2 0 1 12.5 -4e-06
6.010 26 DESIRED 0. 0. 0. 0. 0. 235. 0. 14.
6.011 26 ATTITUDE 0. 0. 0.
6.044 26 NAVIGATION 2 1 0. 0. 0. 0. 0 14 14 1 0 0
6.111 26 ATTITUDE 0. 0. 0.
6.160 26 GPS 3 36028477 481359546 899 185000 0 24 0 100098240 31 0
6.210 26 WP_MOVED 1 360284. 4813595. 260. 31
6.211 26 DESIRED 0. 0. 0. 0. 0. 235. 0. 14.
6.211 26 ATTITUDE 0. 0. 0.
6.296 26 NAVIGATION 2 1 0. 0. 0. 0. 0 14 14 1 0 0
6.310 26 ESTIMATOR 185. 0.
6.311 26 ATTITUDE 0. 0. 0.
6.411 26 ENERGY 0 12.5 -4e-06 -4.8e-05 -0. -2e-06
6.412 26 GPS 3 36028477 481359546 899 185000 0 8 0 100098480 31 0
6.412 26 SVINFO 0 7 0 0 48 70 14
6.412 26 DESIRED 0. 0. 0. 0. 0. 235. 0. 14.
6.413 26 ATTITUDE 0. 0. 0.
6.510 26 AIR_DATA 99126.804688 0. -1000. 1013.25 0. -1. -1.
6.511 26 NAVIGATION 2 1 0. 0. 0. 0. 0 14 14 1 0 0
6.511 26 ATTITUDE 0. 0. 0.
6.544 26 NAVIGATION 2 1 0. 0. 0. 0. 0 14 14 1 0 0
6.611 26 AIRSPEED 0. 14. 0. 6.
6.611 26 DESIRED 0. 0. 0. 0. 0. 235. 0. 14.
6.612 26 ATTITUDE 0. 0. 0.
6.659 26 GPS 3 36028477 481359546 899 185000 0 23 0 100098720 31 0
6.710 26 WP_MOVED 2 360333.5 4813695. 260. 31
6.710 26 ATTITUDE 0. 0. 0.
6.794 26 NAVIGATION 2 1 0. 0. 0. 0. 0 15 15 1 0 0
6.813 26 FBW_STATUS 2 0 1 12.5 -4e-06
6.814 26 ESTIMATOR 185. 0.
6.814 26 DESIRED 0. 0. 0. 0. 0. 235. 0. 14.
6.814 26 ATTITUDE 0. 0. 0.
6.893 26 COMMANDS 0,0,0,0,0
6.910 26 PPRZ_MODE 2 1 2 0 0 6
6.910 26 GPS_SOL 668 668 668 7
6.910 26 GPS 3 36028477 481359546 899 185000 0 12 0 100098960 31 0
6.910 26 ATTITUDE 0. 0. 0.
7.010 26 DL_VALUE 16 50.
7.010 26 DESIRED 0. 0. 0. 0. 0. 235. 0. 14.
7.011 26 ATTITUDE 0. 0. 0.
7.044 26 NAVIGATION 2 1 0. 0. 0. 0. 0 15 15 1 0 0
7.111 26 ATTITUDE 0. 0. 0.
7.160 26 GPS 3 36028477 481359546 899 185000 0 -5 0 100099240 31 0
7.210 26 COMMANDS 0,0,0,0,0
7.211 26 WP_MOVED 3 360294.09375 4813785. 260. 31
7.211 26 DESIRED 0. 0. 0. 0. 0. 235. 0. 14.
7.211 26 ATTITUDE 0. 0. 0.
7.294 26 NAVIGATION 2 1 0. 0. 0. 0. 0 15 15 1 0 0
7.310 26 ESTIMATOR 185. 0.
7.310 26 ATTITUDE 0. 0. 0.
7.411 26 GPS 3 36028477 481359546 899 185000 0 1 0 100099480 31 0
7.412 26 DESIRED 0. 0. 0. 0. 0. 235. 0. 14.
7.413 26 ATTITUDE 0. 0. 0.
7.510 26 DATALINK_REPORT 4 2 936 818 0 0
7.510 26 ENERGY 0 12.5 -4e-06 -4.8e-05 -0. -2e-06
7.510 26 NAVIGATION 2 1 0. 0. 0. 0. 0 15 15 1 0 0
7.511 26 ATTITUDE 0. 0. 0.
7.543 26 NAVIGATION 2 1 0. 0. 0. 0. 0 15 15 1 0 0
7.610 26 ALIVE 128,247,33,237,150,226,125,96,211,120,85,14,103,22,52,69
7.610 26 AIRSPEED 0. 14. 0. 6.
7.611 26 DESIRED 0. 0. 0. 0. 0. 235. 0. 14.
7.611 26 ATTITUDE 0. 0. 0.
7.660 26 GPS 3 36028477 481359546 899 185000 0 -13 0 100099720 31 0
7.710 26 WP_MOVED 4 360416.3125 4813734. 260. 31
7.710 26 ATTITUDE 0. 0. 0.
7.793 26 NAVIGATION 2 1 0. 0. 0. 0. 0 16 16 1 0 0
7.810 26 AIR_DATA 99126.804688 0. -1000. 1013.25 0. -1. -1.
7.810 26 ESTIMATOR 185. 0.
7.811 26 DESIRED 0. 0. 0. 0. 0. 235. 0. 14.
7.811 26 ATTITUDE 0. 0. 0.
7.911 26 CALIBRATION 0. 0
7.912 26 GPS 3 36028477 481359546 899 185000 0 -1 0 100099960 31 0
7.912 26 ATTITUDE 0. 0. 0.
7.994 26 FBW_STATUS 2 0 1 12.5 -4e-06
8.010 26 DESIRED 0. 0. 0. 0. 0. 235. 0. 14.
8.010 26 ATTITUDE 0. 0. 0.
8.044 26 NAVIGATION 2 1 0. 0. 0. 0. 0 16 16 1 0 0
8.110 26 ATTITUDE 0. 0. 0.
8.160 26 GPS 3 36028477 481359546 899 185000 0 -8 0 100100240 31 0
8.211 26 WP_MOVED 5 360421. 4813583.5 260. 31
8.211 26 DESIRED 0. 0. 0. 0. 0. 235. 0. 14.
8.211 26 ATTITUDE 0. 0. 0.
8.294 26 NAVIGATION 2 1 0. 0. 0. 0. 0 16 16 1 0 0
8.310 26 ESTIMATOR 185. 0.
8.311 26 ATTITUDE 0. 0. 0.
8.411 26 GPS 3 36028477 481359546 899 185000 0 -16 0 100100480 31 0
8.411 26 SVINFO 1 8 0 1 49 23 65
8.411 26 DESIRED 0. 0. 0. 0. 0. 235. 0. 14.
8.411 26 ATTITUDE 0. 0. 0.
8.510 26 DL_VALUE 17 0.
8.510 26 NAVIGATION 2 1 0. 0. 0. 0. 0 16 16 1 0 0
8.510 26 ATTITUDE 0. 0. 0.
8.543 26 NAVIGATION 2 1 0. 0. 0. 0. 0 16 16 1 0 0
8.610 26 ENERGY 0 12.5 -4e-06 -4.8e-05 -0. -2e-06
8.611 26 AIRSPEED 0. 14. 0. 6.
8.611 26 DESIRED 0. 0. 0. 0. 0. 235. 0. 14.
8.611 26 ATTITUDE 0. 0. 0.
8.661 26 GPS 3 36028477 481359546 899 185000 0 -4 0 100100720 31 0
8.711 26 WP_MOVED 6 360164.8125 4813664.5 260. 31
8.711 26 ATTITUDE 0. 0. 0.
8.794 26 NAVIGATION 2 1 0. 0. 0. 0. 0 17 17 1 0 0
8.810 26 FBW_STATUS 2 0 1 12.5 -4e-06
8.811 26 ESTIMATOR 185. 0.
8.811 26 DESIRED 0. 0. 0. 0. 0. 235. 0. 14.
8.811 26 ATTITUDE 0. 0. 0.
8.910 26 NAVIGATION_REF 360284 4813595 31 185.
8.910 26 GPS_SOL 676 676 676 7
8.910 26 GPS 3 36028477 481359546 899 185000 0 3 0 100100960 31 0
8.910 26 ATTITUDE 0. 0. 0.
9.010 26 DESIRED 0. 0. 0. 0. 0. 235. 0. 14.
9.011 26 ATTITUDE 0. 0. 0.
9.043 26 NAVIGATION 2 1 0. 0. 0. 0. 0 17 17 1 0 0
9.110 26 AIR_DATA 99126.804688 0. -1000. 1013.25 0. -1. -1.
9.111 26 ATTITUDE 0. 0. 0.
9.161 26 GPS 3 36028477 481359546 899 185000 0 -21 0 100101240 31 0
9.210 26 WP_MOVED 7 360558.40625 4813804.5 260. 31
9.210 26 DESIRED 0. 0. 0. 0. 0. 235. 0. 14.
9.211 26 ATTITUDE 0. 0. 0.
9.294 26 NAVIGATION 2 1 0. 0. 0. 0. 0 17 17 1 0 0
9.311 26 ESTIMATOR 185. 0.
9.311 26 ATTITUDE 0. 0. 0.
9.410 26 GPS 3 36028477 481359546 899 185000 0 -21 0 100101480 31 0
9.410 26 DESIRED 0. 0. 0. 0. 0. 235. 0. 14.
9.410 26 ATTITUDE 0. 0. 0.
9.510 26 NAVIGATION 2 1 0. 0. 0. 0. 0 17 17 1 0 0
9.511 26 ATTITUDE 0. 0. 0.
9.543 26 NAVIGATION 2 1 0. 0. 0. 0. 0 17 17 1 0 0
9.610 26 AIRSPEED 0. 14. 0. 6.
9.610 26 DESIRED 0. 0. 0. 0. 0. 235. 0. 14.
9.611 26 ATTITUDE 0. 0. 0.
9.660 26 GPS 3 36028477 481359546 899 185000 0 -33 0 100101720 31 0
9.710 26 ENERGY 0 12.5 -4e-06 -4.8e-05 -0. -2e-06
9.711 26 WP_MOVED 8 360461.40625 4813640. 215. 31
9.711 26 ATTITUDE 0. 0. 0.
9.794 26 NAVIGATION 2 1 0. 0. 0. 0. 0 18 18 1 0 0
9.810 26 ESTIMATOR 185. 0.
9.811 26 DESIRED 0. 0. 0. 0. 0. 235. 0. 14.
9.811 26 ATTITUDE 0. 0. 0.
9.911 26 GPS 3 36028477 481359546 899 185000 0 -33 0 100101960 31 0
9.911 26 SVINFO 0 7 0 0 49 64 16
9.912 26 ATTITUDE 0. 0. 0.
9.994 26 FBW_STATUS 2 0 1 12.5 -4e-06
10.010 26 CALIBRATION 0. 0
10.011 26 DL_VALUE 18 1.
10.012 26 DESIRED 0. 0. 0. 0. 0. 235. 0. 14.
10.012 26 ATTITUDE 0. 0. 0.
10.044 26 NAVIGATION 2 1 0. 0. 0. 0. 0 18 18 1 0 0
10.111 26 ATTITUDE 0. 0. 0.
10.160 26 GPS 3 36028477 481359546 899 185000 0 2 0 100102240 31 0
10.210 26 WP_MOVED 9 360312.8125 4813652. 185. 31
10.210 26 DESIRED 0. 0. 0. 0. 0. 235. 0. 14.
10.210 26 ATTITUDE 0. 0. 0.
10.211 26 SETTING 10 26 1.
10.211 26 DL_VALUE 10 1.
10.294 26 NAVIGATION 2 1 0. 0. 0. 0. 0 18 18 1 0 0
10.311 26 ESTIMATOR 185. 0.
10.311 26 ATTITUDE 0. 0. 0.
10.410 26 AIR_DATA 99126.804688 0. -1000. 1013.25 0. -1. -1.
10.411 26 GPS 3 36028477 481359546 899 185000 0 1 0 100102480 31 0
10.412 26 DESIRED 0. 0. 0. 0. 0. 235. 0. 14.
10.413 26 ATTITUDE 0. 0. 0.
10.509 26 NAVIGATION 2 1 0. 0. 0. 0. 0 18 18 1 0 0
10.509 26 ATTITUDE 0. 0. 0.
10.544 26 NAVIGATION 2 1 0. 0. 0. 0. 0 18 18 1 0 0
10.613 26 AIRSPEED 0. 14. 0. 6.
10.613 26 DESIRED 0. 0. 0. 0. 0. 235. 0. 14.
10.613 26 ATTITUDE 0. 0. 0.
10.660 26 GPS 3 36028477 481359546 899 185000 0 0 0 100102720 31 0
10.710 26 WP_MOVED 10 360452.8125 4813581. 260. 31
10.711 26 ATTITUDE 0. 0. 0.
10.793 26 NAVIGATION 2 1 0. 0. 0. 0. 0 19 19 1 0 0
10.811 26 FBW_STATUS 2 0 1 12.5 -4e-06
10.812 26 ENERGY 0 12.5 -4e-06 -4.8e-05 -0. -2e-06
10.812 26 ESTIMATOR 185. 0.
10.814 26 DESIRED 0. 0. 0. 0. 0. 235. 0. 14.
10.814 26 ATTITUDE 0. 0. 0.
10.909 26 GPS_SOL 683 683 683 7
10.910 26 GPS 3 36028477 481359546 899 185000 0 10 0 100102960 31 0
10.910 26 ATTITUDE 0. 0. 0.
10.992 26 BLOCK 3 26
10.993 26 NAVIGATION 3 0 0. 0. 0. 0. 0 0 0 1 0 0
11.010 26 DESIRED 0. 0. 0. 0. 0. 235. 0. 14.
11.010 26 ATTITUDE 0. 0. 0.
11.042 26 NAVIGATION 3 2 0. 0. 198.624115 0. 0 0 0 0 0 0
11.110 26 ATTITUDE -0.003615 -9.1e-05 0.000296
11.160 26 GPS 3 36028477 481359546 899 185000 0 17 0 100103240 31 0
11.210 26 WP_MOVED 11 360169.5 4813757.5 260. 31
11.211 26 DESIRED -0.508721 0.26216 5.668788 -114.5 162.300003 235. 0. 14.
11.211 26 ATTITUDE -0.020661 -0.000889 0.001714
11.294 26 NAVIGATION 3 2 0. 0. 198.624115 0. 0 0 0 0 0 0
11.310 26 ESTIMATOR 185. 0.
11.310 26 ATTITUDE -0.050661 -0.004025 0.005706
11.410 26 GPS 3 36028476 481359877 3599 184997 1378 14 0 100103480 31 0
11.410 26 DESIRED -0.324402 0.263033 5.668788 -114.5 162.300003 235. 0. 14.
11.411 26 ATTITUDE -0.070661 -0.007415 0.009474
11.510 26 DL_VALUE 19 1013.25
11.510 26 NAVIGATION 3 2 0. 3. 198.624115 0. 0 0 0 0 0 0
11.510 26 ATTITUDE -0.100661 -0.014427 0.016588
11.545 26 NAVIGATION 3 2 0. 3. 196.180374 3. 0 0 0 0 0 0
11.611 26 AIRSPEED 13.916431 14. 0. 6.
11.611 26 DESIRED -0.491445 0.263905 5.659973 -114.5 162.300003 235. 0. 14.
11.611 26 ATTITUDE -0.120661 -0.020357 0.022205
11.660 26 GPS 3 36028473 481360207 3593 184992 1375 19 0 100103720 31 0
11.710 26 AIR_DATA 99126.898438 0. -1000. 1013.25 0. -1. -1.
11.710 26 WP_MOVED 0 360326. 4813637. 260. 31
11.710 26 ATTITUDE -0.150661 -0.031063 0.031806
11.793 26 TAKEOFF 29
11.794 26 NAVIGATION 3 2 -0.03125 6.5 193.330627 6.500075 1 1 1 0 0 0
11.810 26 PPRZ_MODE 2 1 3 0 0 6
11.811 26 ESTIMATOR 184.998001 -0.00089
11.811 26 DESIRED -0.489253 0.264778 5.649538 -114.5 162.300003 235. 0. 14.
11.811 26 ATTITUDE -0.170661 -0.039355 0.038917
11.894 26 COMMANDS 8160,-2190,1594,0,0
11.911 26 ENERGY 88 12.5 25.237541 315.469269 0.015583 0.194791
11.911 26 GPS 3 36028463 481360546 3583 185020 1412 42 0 100103960 31 0
11.912 26 ATTITUDE -0.200661 -0.053437 0.050548
11.993 26 FBW_STATUS 2 0 1 12.5 27.672886
12.010 26 DESIRED -0.489253 0.265651 5.649538 -114.5 162.300003 235. 0. 14.
12.011 26 ATTITUDE -0.220661 -0.063862 0.058887
12.044 26 NAVIGATION 3 2 -0.125 10. 190.465042 10.000781 1 1 1 0 0 0
12.109 26 CALIBRATION 0. 0
12.110 26 ATTITUDE -0.250661 -0.080993 0.072186
12.160 26 GPS 3 36028438 481360962 3564 185162 1492 71 0 100104240 31 0
12.210 26 COMMANDS 8524,-1640,1358,0,0
12.210 26 WP_MOVED 1 360284. 4813595. 260. 31
12.211 26 DESIRED -0.493846 0.266523 5.639054 -114.5 162.300003 235. 0. 14.
12.211 26 ATTITUDE -0.270661 -0.093408 0.081517
12.294 26 NAVIGATION 3 2 -0.34375 14. 187.148438 14.004219 1 1 1 0 0 0
12.310 26 ESTIMATOR 185.031662 0.014554
12.310 26 ATTITUDE -0.300661 -0.113533 0.096099
12.412 26 GPS 3 36028402 481361334 3544 185430 1560 114 0 100104480 31 0
12.414 26 DESIRED -0.501171 0.267396 5.627154 -114.5 162.300003 235. 0. 14.
12.416 26 ATTITUDE -0.320661 -0.127966 0.106133
12.510 26 NAVIGATION 3 2 -0.75 18. 187.148438 14.004219 1 1 1 0 0 0
12.511 26 ATTITUDE -0.350661 -0.151168 0.121526
12.544 26 NAVIGATION 3 2 -0.75 18. 183.743179 18.015617 1 1 1 0 0 0
12.610 26 DATALINK_REPORT 1 4 1117 813 0 0
12.611 26 AIRSPEED 16.300032 14. 0. 6.
12.611 26 DESIRED -0.501076 0.268269 5.615627 -114.5 162.300003 235. 0. 14.
12.611 26 ATTITUDE -0.370661 -0.167694 0.131932
12.659 26 GPS 3 36028348 481361717 3519 185854 1608 179 0 100104720 31 0
12.710 26 ALIVE 128,247,33,237,150,226,125,96,211,120,85,14,103,22,52,69
12.711 26 WP_MOVED 2 360333.5 4813695. 260. 31
12.711 26 ATTITUDE -0.400661 -0.19411 0.147626
12.794 26 NAVIGATION 3 2 -1.28125 22. 180.284714 22.037277 2 2 2 0 0 0
12.812 26 FBW_STATUS 2 0 1 12.5 27.672886
12.813 26 ESTIMATOR 185.274826 0.117971
12.814 26 DESIRED -0.48664 0.269141 5.604205 -114.5 162.300003 235. 0. 14.
12.814 26 ATTITUDE -0.420661 -0.212835 0.158061
12.910 26 GPS_SOL 689 689 689 7
12.911 26 GPS 3 36028274 481362104 3491 186435 1640 241 0 100104960 31 0
12.912 26 ATTITUDE -0.450661 -0.242648 0.173551
12.930 26 WIND_INFO 26 5 0. 0. 0. 0.
12.930 26 WIND_INFO_RET 5 0. 0. 0. 16.566061
13.010 26 DL_VALUE 20 1.
13.010 26 AIR_DATA 99109.9375 0. -1000. 1013.25 0. -1. -1.
13.010 26 ENERGY 88 12.5 27.672886 345.911072 0.066236 0.827955
13.010 26 DESIRED -0.48664 0.270013 5.604205 -114.5 162.300003 235. 0. 14.
13.011 26 ATTITUDE -0.470618 -0.263706 0.183692
13.044 26 NAVIGATION 3 2 -2.03125 25.5 177.097321 25.580774 2 2 2 0 0 0
13.109 26 ATTITUDE -0.49886 -0.297064 0.198518
13.160 26 GPS 3 36028157 481362554 3451 187295 1661 302 0 100105240 31 0
13.212 26 WP_MOVED 3 360294.09375 4813785. 260. 31
13.212 26 DESIRED -0.454568 0.270774 5.595089 -114.5 162.300003 235. 0. 14.
13.212 26 ATTITUDE -0.514199 -0.320344 0.208066
13.294 26 NAVIGATION 3 2 -3.1875 30. 172.898132 30.168861 2 2 2 0 0 0
13.312 26 ESTIMATOR 185.944839 0.384294
13.312 26 ATTITUDE -0.531022 -0.356457 0.221823
13.411 26 GPS 3 36028029 481362933 3412 188168 1669 366 0 100105480 31 0
13.412 26 DESIRED -0.401324 0.271176 5.583726 -114.5 162.300003 235. 0. 14.
13.415 26 ATTITUDE -0.537236 -0.381061 0.230565
13.509 26 NAVIGATION 3 2 -4.46875 34. 172.898132 30.168861 2 2 2 0 0 0
13.510 26 ATTITUDE -0.536152 -0.418087 0.242974
13.544 26 NAVIGATION 3 2 -4.46875 34. 169.02002 34.292416 2 2 2 0 0 0
13.611 26 AIRSPEED 16.673956 14. 0. 6.
13.611 26 DESIRED -0.346879 0.271034 5.57429 -114.5 162.300003 235. 0. 14.
13.611 26 ATTITUDE -0.529122 -0.442457 0.250739
13.661 26 GPS 3 36027873 481363302 3371 189153 1669 430 0 100105720 31 0
13.710 26 WP_MOVED 4 360416.3125 4813734. 260. 31
13.711 26 ATTITUDE -0.507577 -0.477823 0.261583
13.794 26 NAVIGATION 3 2 -6.03125 37.5 165.34967 37.981918 3 3 3 0 0 0
13.811 26 ESTIMATOR 187.170471 0.831632
13.812 26 DESIRED -0.281296 0.270313 5.567684 -114.5 162.300003 235. 0. 14.
13.812 26 ATTITUDE -0.487771 -0.500239 0.268252
13.910 26 GPS 3 36027691 481363658 3329 190242 1664 473 0 100105960 31 0
13.910 26 ATTITUDE -0.457771 -0.532006 0.277399
13.994 26 FBW_STATUS 2 0 1 12.5 27.672886
14.009 26 DESIRED -0.281296 0.26944 5.567684 -114.5 162.300003 235. 0. 14.
14.009 26 ATTITUDE -0.437771 -0.551972 0.282914
14.043 26 NAVIGATION 3 2 -7.84375 41. 161.521652 41.743557 3 3 3 0 0 0
14.110 26 ENERGY 88 12.5 27.672886 345.911072 0.11697 1.462124
14.111 26 ATTITUDE -0.407771 -0.580143 0.290315
14.160 26 GPS 3 36027453 481364055 3286 191638 1652 511 0 100106240 31 0
14.209 26 CALIBRATION 0. 0
14.209 26 WP_MOVED 5 360421. 4813583.5 260. 31
14.209 26 DESIRED -0.2173 0.268567 5.561938 -114.5 162.300003 235. 0. 14.
14.209 26 ATTITUDE -0.387771 -0.597757 0.294671
14.293 26 NAVIGATION 3 2 -10.21875 45. 156.951813 46.145668 3 3 3 0 0 0
14.309 26 AIR_DATA 99048.828125 0. -1000. 1013.25 0. -1. -1.
14.309 26 ESTIMATOR 188.982315 1.435673
14.310 26 ATTITUDE -0.357771 -0.622452 0.300357
14.410 26 GPS 3 36027230 481364379 3255 192927 1639 544 0 100106480 31 0
14.411 26 DESIRED -0.14946 0.267695 5.556474 -114.5 162.300003 235. 0. 14.
14.412 26 ATTITUDE -0.337771 -0.637779 0.303595
14.510 26 DL_VALUE 21 0.
14.510 26 NAVIGATION 3 2 -12.4375 48.5 156.951813 46.145668 3 3 3 0 0 0
14.510 26 ATTITUDE -0.307771 -0.659079 0.307658
14.543 26 NAVIGATION 3 2 -12.4375 48.5 152.863327 50.069366 3 3 3 0 0 0
14.610 26 AIRSPEED 16.145361 14. 0. 6.
14.611 26 DESIRED -0.106232 0.266822 5.552109 -114.5 162.300003 235. 0. 14.
14.611 26 ATTITUDE -0.287771 -0.67216 0.309858
14.660 26 GPS 3 36026995 481364689 3228 194278 1623 569 0 100106720 31 0
14.710 26 WP_MOVED 6 360164.8125 4813664.5 260. 31
14.711 26 ATTITUDE -0.257771 -0.690109 0.312438
14.794 26 NAVIGATION 3 2 -14.78125 51.5 149.065323 53.579243 4 4 4 0 0 0
14.810 26 FBW_STATUS 2 0 1 12.5 27.672886
14.811 26 ESTIMATOR 191.368439 2.154811
14.811 26 DESIRED -0.064477 0.265949 5.550376 -114.5 162.300003 235. 0. 14.
14.812 26 ATTITUDE -0.237771 -0.700965 0.313704
14.910 26 GPS_SOL 693 693 693 7
14.911 26 GPS 3 36026750 481364988 3206 195671 1607 592 0 100106960 31 0
14.911 26 ATTITUDE -0.207771 -0.715584 0.314971
15.010 26 DESIRED -0.064477 0.265077 5.550376 -114.5 162.300003 235. 0. 14.
15.010 26 ATTITUDE -0.187771 -0.724221 0.315423
15.043 26 NAVIGATION 3 2 -17.21875 54.5 145.204971 57.155361 4 4 4 0 0 0
15.111 26 AUTOPILOT_VERSION 51500 v5.15_devel-179-g9a29798-dirty
15.111 26 ATTITUDE -0.157771 -0.735512 0.315563
15.161 26 GPS 3 36026456 481365323 3186 197321 1590 605 0 100107240 31 0
15.211 26 ENERGY 88 12.5 27.672886 345.911072 0.167704 2.096295
15.211 26 WP_MOVED 7 360558.40625 4813804.5 260. 31
15.212 26 DESIRED -0.03205 0.264204 5.549033 -114.5 162.300003 235. 0. 14.
15.212 26 ATTITUDE -0.137771 -0.741927 0.315328
15.294 26 NAVIGATION 3 2 -20.1875 57.5 140.988968 60.940834 4 4 4 0 0 0
15.310 26 ESTIMATOR 194.222015 2.920489
15.310 26 ATTITUDE -0.107771 -0.749877 0.314532
15.412 26 GPS 3 36026200 481365602 3174 198739 1576 610 0 100107480 31 0
15.413 26 DESIRED 0.000775 0.263331 5.55041 -114.5 162.300003 235. 0. 14.
15.414 26 ATTITUDE -0.087771 -0.75406 0.313736
15.509 26 NAVIGATION 3 2 -22.75 60.5 140.988968 60.940834 4 4 4 0 0 0
15.510 26 ATTITUDE -0.057771 -0.758652 0.31219
15.543 26 NAVIGATION 3 2 -22.75 60.5 137.044891 64.636002 4 4 4 0 0 0
15.610 26 AIR_DATA 98965.46875 0. -1000. 1013.25 0. -1. -1.
15.610 26 AIRSPEED 15.588664 14. 0. 6.
15.611 26 DESIRED 0.014926 0.262459 5.549665 -114.5 162.300003 235. 0. 14.
15.611 26 ATTITUDE -0.037771 -0.760588 0.310954
15.660 26 GPS 3 36025943 481365875 3166 200144 1564 595 0 100107720 31 0
15.709 26 WP_MOVED 8 360461.40625 4813640. 215. 31
15.710 26 ATTITUDE -0.007983 -0.761802 0.308834
15.794 26 NAVIGATION 3 2 -25.3125 63.5 133.100906 68.359146 5 5 5 0 0 0
15.810 26 ESTIMATOR 197.405792 3.660744
15.810 26 DESIRED 0.023516 0.261991 5.548876 -114.5 162.300003 235. 0. 14.
15.811 26 ATTITUDE 0.010998 -0.761515 0.307269
15.912 26 GPS 3 36025642 481366190 3163 201758 1554 564 0 100108000 31 0
15.913 26 ATTITUDE 0.036987 -0.759561 0.304737
15.994 26 FBW_STATUS 2 0 1 12.5 27.672886
16.010 26 DL_VALUE 22 1.
16.010 26 DESIRED 0.023516 0.262709 5.548876 -114.5 162.300003 235. 0. 14.
16.011 26 ATTITUDE 0.052113 -0.757349 0.302954
16.047 26 NAVIGATION 3 2 -28.34375 66.5 128.843079 72.288437 5 5 5 0 0 0
16.110 26 ATTITUDE 0.070679 -0.752898 0.300176
16.160 26 GPS 3 36025387 481366460 3165 203110 1547 555 0 100108240 31 0
16.210 26 WP_MOVED 9 360312.8125 4813652. 185. 31
16.210 26 DESIRED 0.028125 0.263196 5.550738 -114.5 162.300003 235. 0. 14.
16.210 26 ATTITUDE 0.080043 -0.749332 0.298279
16.293 26 NAVIGATION 3 2 -30.875 69. 125.291786 75.592758 5 5 5 0 0 0
16.310 26 CALIBRATION 0. 0
16.310 26 ENERGY 88 12.5 27.672886 345.911072 0.218437 2.730472
16.310 26 ESTIMATOR 200.789001 4.326204
16.310 26 ATTITUDE 0.089334 -0.743369 0.2954
16.410 26 GPS 3 36025135 481366731 3171 204433 1543 558 0 100108480 31 0
16.410 26 DESIRED 0.023398 0.26341 5.552417 -114.5 162.300003 235. 0. 14.
16.410 26 ATTITUDE 0.092268 -0.739159 0.293477
16.510 26 NAVIGATION 3 2 -33.375 71.5 125.291786 75.592758 5 5 5 0 0 0
16.510 26 ATTITUDE 0.091821 -0.732795 0.290613
16.543 26 NAVIGATION 3 2 -33.375 71.5 121.761681 78.905899 5 5 5 0 0 0
16.610 26 AIRSPEED 15.410223 14. 0. 6.
16.610 26 DESIRED 0.014354 0.263345 5.554002 -114.5 162.300003 235. 0. 14.
16.610 26 ATTITUDE 0.088579 -0.728683 0.288731
16.660 26 GPS 3 36024887 481367005 3178 205724 1541 566 0 100108720 31 0
16.710 26 PPRZ_MODE 2 1 3 0 0 6
16.710 26 WP_MOVED 10 360452.8125 4813581. 260. 31
16.710 26 ATTITUDE 0.079559 -0.722972 0.285968
16.794 26 NAVIGATION 3 2 -35.875 74.5 117.85894 82.687759 6 6 6 0 0 0
16.811 26 FBW_STATUS 2 0 1 12.5 27.672886
16.811 26 ESTIMATOR 204.120285 4.825409
16.811 26 DESIRED 0.000753 0.263043 5.552861 -114.5 162.300003 235. 0. 14.
16.811 26 ATTITUDE 0.071243 -0.719602 0.284176
16.902 26 COMMANDS 8524,-441,-110,0,0
16.911 26 GPS_SOL 697 697 697 7
16.912 26 AIR_DATA 98868.71875 0. -1000. 1013.25 0. -1. -1.
16.912 26 GPS 3 36024642 481367282 3185 206989 1541 557 0 100108960 31 0
16.912 26 ATTITUDE 0.055981 -0.715385 0.281577
17.010 26 DESIRED 0.000753 0.262572 5.552861 -114.5 162.300003 235. 0. 14.
17.010 26 ATTITUDE 0.04429 -0.713218 0.279911
17.045 26 NAVIGATION 3 2 -38.34375 77.5 113.977257 86.466721 6 6 6 0 0 0
17.111 26 ATTITUDE 0.025529 -0.71103 0.27752
17.161 26 GPS 3 36024359 481367609 3190 208435 1542 537 0 100109240 31 0
17.210 26 COMMANDS 8524,-161,-70,0,0
17.211 26 WP_MOVED 11 360169.5 4813757.5 260. 31
17.211 26 DESIRED -0.010978 0.262019 5.551438 -114.5 162.300003 235. 0. 14.
17.211 26 ATTITUDE 0.012559 -0.710307 0.276003
17.293 26 NAVIGATION 3 2 -41.15625 80.5 109.866043 90.41066 6 6 6 0 0 0
17.310 26 ESTIMATOR 207.348312 5.173563
17.310 26 ATTITUDE -0.006589 -0.710326 0.273847
17.420 26 ENERGY 88 12.5 27.672886 345.911072 0.269171 3.36465
17.421 26 GPS 3 36024117 481367890 3192 209655 1544 532 0 100109480 31 0
17.429 26 DESIRED -0.017914 0.262123 5.552239 -114.5 162.300003 235. 0. 14.
17.429 26 ATTITUDE -0.018563 -0.71104 0.272492
17.509 26 DL_VALUE 23 1.
17.510 26 NAVIGATION 3 2 -43.59375 83.5 109.866043 90.41066 6 6 6 0 0 0
17.510 26 ATTITUDE -0.034858 -0.713068 0.270589
17.543 26 NAVIGATION 3 2 -43.59375 83.5 106.005363 94.194824 6 6 6 0 0 0
17.610 26 AIRSPEED 15.490336 14. 0. 6.
17.611 26 DESIRED -0.021489 0.26257 5.550467 -114.5 162.300003 235. 0. 14.
17.611 26 ATTITUDE -0.044139 -0.714981 0.269412
17.660 26 GPS 3 36023874 481368171 3191 210859 1547 525 0 100109720 31 0
17.710 26 DATALINK_REPORT 4 5 1296 816 0 0
17.710 26 WP_MOVED 0 360326. 4813637. 260. 31
17.711 26 ATTITUDE -0.055369 -0.718531 0.267788
17.794 26 NAVIGATION 4 0 -46.03125 86. 0. 97.544228 7 0 0 0 0 0
17.810 26 ALIVE 128,247,33,237,150,226,125,96,211,120,85,14,103,22,52,69
17.811 26 ESTIMATOR 210.433701 5.384095
17.811 26 DESIRED -0.018101 0.262861 5.550467 -114.5 162.300003 235. 0. 14.
17.811 26 ATTITUDE -0.060851 -0.721247 0.2668
17.910 26 NAVIGATION_REF 360284 4813595 31 185.
17.911 26 GPS 3 36023630 481368451 3188 212051 1550 516 0 100109960 31 0
17.911 26 ATTITUDE -0.065845 -0.725654 0.26546
17.993 26 FBW_STATUS 2 0 1 12.5 27.672886
18.010 26 DESIRED -0.018101 0.262968 5.550467 -114.5 162.300003 235. 0. 14.
18.010 26 ATTITUDE -0.066939 -0.728693 0.26466
18.044 26 NAVIGATION 4 0 -48.4375 89. 0. 101.327148 7 0 0 0 0 0
18.110 26 ATTITUDE -0.057666 -0.733034 0.26336
18.161 26 GPS 3 36023340 481368776 3182 213429 1554 511 0 100110240 31 0
18.210 26 AIR_DATA 98793.257812 0. -1000. 1013.25 0. -1. -1.
18.210 26 WP_MOVED 1 360284. 4813595. 260. 31
18.211 26 DESIRED 0.872665 0.091715 0.274583 -27.937851 161.77153 260. 0.5 14.
18.211 26 ATTITUDE -0.037666 -0.734973 0.261587
18.293 26 NAVIGATION 4 0 -51.34375 92. 0. 105.357391 7 0 0 0 0 0
18.310 26 ESTIMATOR 213.346588 5.476368
18.311 26 ATTITUDE -0.007666 -0.736181 0.257514
18.415 26 CALIBRATION 0. 0
18.416 26 GPS 3 36023091 481369052 3178 214601 1549 495 0 100110480 31 0
18.416 26 SVINFO 6 13 0 6 48 62 320
18.417 26 DESIRED 0.872665 0.164597 0.338759 -25.879784 164.270767 260. 1. 14.
18.418 26 ATTITUDE 0.012334 -0.735843 0.254073
18.510 26 ENERGY 40 12.5 11.425879 142.823486 0.313452 3.918164
18.510 26 NAVIGATION 4 0 -53.84375 95. 0. 105.357391 7 0 0 0 0 0
18.510 26 ATTITUDE 0.042334 -0.733584 0.248572
18.546 26 NAVIGATION 4 0 -53.84375 95. 0. 109.197754 7 0 0 0 0 0
18.610 26 AIRSPEED 14.788712 14. 14. 6.
18.610 26 DESIRED 0.872665 0.236344 0.396694 -23.865204 166.564636 260. 1.5 14.
18.610 26 ATTITUDE 0.062334 -0.730872 0.244739
18.660 26 GPS 3 36022848 481369321 3179 215736 1513 485 0 100110720 31 0
18.709 26 WP_MOVED 2 360333.5 4813695. 260. 31
18.710 26 ATTITUDE 0.092334 -0.724911 0.239363
18.793 26 NAVIGATION 4 0 -56.28125 97.5 0. 112.578102 8 1 1 0 0 0
18.810 26 FBW_STATUS 2 0 1 12.5 8.687065
18.810 26 ESTIMATOR 216.102737 5.480219
18.810 26 DESIRED 0.872665 0.306923 0.448324 -22.198868 168.358856 260. 2. 14.
18.810 26 ATTITUDE 0.112334 -0.719622 0.236118
18.910 26 GPS_SOL 699 699 699 7
18.910 26 GPS 3 36022617 481369582 3184 216789 1449 446 0 100110960 31 0
18.910 26 ATTITUDE 0.142334 -0.70965 0.231968
19.010 26 DL_VALUE 24 0.
19.010 26 DESIRED 0.872665 0.303995 0.448324 -22.198868 168.358856 260. 2. 14.
19.010 26 ATTITUDE 0.162334 -0.701622 0.229892
19.044 26 NAVIGATION 4 0 -58.59375 100. 0. 115.901802 8 1 1 0 0 0
19.062 26 CIRCLE 49.5 100.099998 70.
19.110 26 ATTITUDE 0.192334 -0.687478 0.227779
19.160 26 GPS 3 36022364 481369878 3196 217872 1387 374 0 100111240 31 0
19.210 26 WP_MOVED 3 360294.09375 4813785. 260. 31
19.210 26 DESIRED 0.872665 0.377628 0.497452 -20.564728 170.035217 260. 2.5 14.
19.210 26 ATTITUDE 0.212334 -0.676643 0.227267
19.294 26 NAVIGATION 4 0 -61.125 103.5 0. 120.201981 8 1 1 0 0 0
19.310 26 ESTIMATOR 218.618866 5.3802
19.310 26 ATTITUDE 0.242334 -0.658285 0.227769
19.416 26 GPS 3 36022160 481370134 3214 218683 1362 319 0 100111480 31 0
19.420 26 DESIRED 0.872665 0.440911 0.557134 -18.316551 172.217377 260. 3. 14.
19.421 26 ATTITUDE 0.262334 -0.644634 0.228933
19.510 26 AIR_DATA 98731.742188 0. -1000. 1013.25 0. -1. -1.
19.510 26 NAVIGATION 4 0 -63.15625 106. 0. 120.201981 8 1 1 0 0 0
19.510 26 ATTITUDE 0.292334 -0.62207 0.23217
19.542 26 NAVIGATION 4 0 -63.15625 106. 0. 123.388458 8 1 1 0 0 0
19.610 26 ENERGY 59 12.5 15.790867 197.385834 0.33466 4.183262
19.611 26 AIRSPEED 13.565178 14. 14. 6.
19.611 26 DESIRED 0.872665 0.441784 0.601215 -16.743187 173.665207 260. 3.5 14.
19.612 26 ATTITUDE 0.312334 -0.605638 0.235224
19.660 26 GPS 3 36021968 481370396 3237 219420 1355 305 0 100111720 31 0
19.710 26 WP_MOVED 4 360416.3125 4813734. 260. 31
19.711 26 ATTITUDE 0.342334 -0.578911 0.240993
19.794 26 NAVIGATION 4 0 -65.0625 108.5 0. 126.512367 9 2 2 0 0 0
19.812 26 ESTIMATOR 220.78244 5.148868
19.813 26 DESIRED 0.872665 0.442656 0.643214 -15.193741 175.031433 260. 4. 14.
19.813 26 ATTITUDE 0.362334 -0.559727 0.245546
19.913 26 GPS 3 36021788 481370669 3265 220120 1360 299 0 100111960 31 0
19.913 26 ATTITUDE 0.392334 -0.528885 0.253302
19.993 26 FBW_STATUS 2 0 1 12.5 17.415863
20.010 26 DESIRED 0.872665 0.443529 0.643214 -15.193741 175.031433 260. 4. 14.
20.010 26 ATTITUDE 0.412334 -0.506965 0.259014
20.044 26 NAVIGATION 4 0 -66.875 111. 0. 129.588837 9 2 2 0 0 0
20.111 26 CIRCLE 49.5 100.099998 70.
20.111 26 ATTITUDE 0.442334 -0.47202 0.268278
20.160 26 GPS 3 36021597 481371003 3306 220934 1376 292 0 100112240 31 0
20.211 26 WP_MOVED 5 360421. 4813583.5 260. 31
20.212 26 DESIRED 0.872665 0.444402 0.683543 -13.66713 176.322784 260. 3.998138 14.
20.212 26 ATTITUDE 0.462334 -0.447318 0.274847
20.294 26 NAVIGATION 4 0 -68.78125 114.5 0. 133.570618 9 2 2 0 0 0
20.312 26 ESTIMATOR 222.576233 4.809687
20.312 26 ATTITUDE 0.492334 -0.408098 0.285181
20.422 26 GPS 3 36021455 481371305 3347 221660 1390 307 0 100112480 31 0
20.423 26 DESIRED 0.872665 0.445274 0.733354 -11.527336 178.046539 260. 3.925753 14.
20.424 26 ATTITUDE 0.512334 -0.380469 0.292323
20.509 26 CALIBRATION 0. 0
20.509 26 DL_VALUE 25 70.
20.509 26 NAVIGATION 4 0 -70.1875 117.5 0. 133.570618 9 2 2 0 0 0
20.509 26 ATTITUDE 0.542334 -0.336721 0.303318
20.543 26 NAVIGATION 4 0 -70.1875 117.5 0. 136.866852 9 2 2 0 0 0
20.612 26 AIRSPEED 14.003373 14. 14. 6.
20.612 26 DESIRED 0.872665 0.446147 0.773505 -9.70116 179.442444 260. 3.825646 14.
20.612 26 ATTITUDE 0.562334 -0.305971 0.310774
20.659 26 GPS 3 36021337 481371619 3394 222424 1397 310 0 100112720 31 0
20.710 26 ENERGY 60 12.5 16.298494 203.731186 0.365468 4.568367
20.710 26 WP_MOVED 6 360164.8125 4813664.5 260. 31
20.711 26 ATTITUDE 0.592334 -0.257378 0.322059
20.798 26 NAVIGATION 4 0 -71.375 120.5 0. 140.052277 10 3 3 0 0 0
20.812 26 FBW_STATUS 2 0 1 12.5 16.298494
20.814 26 AIR_DATA 98687.960938 0. -1000. 1013.25 0. -1. -1.
20.816 26 ESTIMATOR 224.130829 4.441071
20.817 26 DESIRED 0.872665 0.44702 0.811466 -7.874775 180.77301 260. 3.762676 14.
20.817 26 ATTITUDE 0.612334 -0.223277 0.329595
20.909 26 GPS_SOL 699 699 699 7
20.909 26 GPS 3 36021249 481371944 3448 223227 1399 336 0 100112960 31 0
20.910 26 ATTITUDE 0.642334 -0.169472 0.340844
21.010 26 DESIRED 0.872665 0.447892 0.811466 -7.874775 180.77301 260. 3.762676 14.
21.010 26 ATTITUDE 0.662334 -0.131768 0.34826
21.043 26 NAVIGATION 4 0 -72.28125 124. 0. 143.529022 10 3 3 0 0 0
21.110 26 ATTITUDE 0.692334 -0.072357 0.3592
21.160 26 CIRCLE 49.5 100.099998 70.
21.160 26 GPS 3 36021191 481372330 3519 224205 1397 348 0 100113240 31 0
21.210 26 WP_MOVED 7 360558.40625 4813804.5 260. 31
21.210 26 DESIRED 0.872665 0.448765 0.851799 -5.709091 182.270294 260. 3.67179 14.
21.210 26 ATTITUDE 0.712334 -0.030772 0.366334
21.293 26 NAVIGATION 4 0 -72.84375 127.5 0. 146.841614 10 3 3 0 0 0
21.309 26 ESTIMATOR 225.590912 4.112854
21.309 26 ATTITUDE 0.742334 0.034696 0.376747
21.410 26 GPS 3 36021184 481372664 3588 225064 1392 357 0 100113480 31 0
21.410 26 DESIRED 0.872665 0.449638 0.889592 -3.509701 183.706055 260. 3.609514 14.
21.410 26 ATTITUDE 0.762334 0.080471 0.38347
21.510 26 NAVIGATION 4 0 -72.90625 131. 0. 146.841614 10 3 3 0 0 0
21.510 26 ATTITUDE 0.792334 0.152471 0.393193
21.542 26 NAVIGATION 4 0 -72.90625 131. 0. 149.921051 10 3 3 0 0 0
21.610 26 PPRZ_MODE 2 3 3 2 0 6
21.610 26 AIRSPEED 13.855734 14. 14. 6.
21.610 26 DESIRED 0.724094 0.45051 0.924154 -1.237671 185.10405 260. 3.516964 14.
21.611 26 ATTITUDE 0.812334 0.202775 0.399413
21.660 26 GPS 3 36021223 481372995 66 225929 1387 351 0 100113720 31 0
21.661 26 SVINFO 5 12 1 5 48 87 272
21.710 26 WP_MOVED 8 360461.40625 4813640. 215. 31
21.710 26 ATTITUDE 0.837116 0.28143 0.40833
21.794 26 NAVIGATION 4 0 -72.5 134.5 0. 152.795609 11 4 4 0 0 0
21.811 26 ENERGY 58 12.5 15.740398 196.754974 0.394699 4.933754
21.811 26 ESTIMATOR 227.062469 3.859737
21.812 26 DESIRED 0.634111 0.451151 0.956133 1.124012 186.469925 260. 3.455147 14.
21.812 26 ATTITUDE 0.849033 0.335561 0.413986
21.893 26 COMMANDS 5575,-1504,291,0,0
21.913 26 GPS 3 36021311 481373315 153 226784 1382 336 0 100113960 31 0
21.914 26 ATTITUDE 0.858127 0.41831 0.422025
21.992 26 FBW_STATUS 2 0 1 12.5 15.636024
22.010 26 DL_VALUE 26 0.
22.010 26 DESIRED 0.634111 0.451286 0.956133 1.124012 186.469925 260. 3.455147 14.
22.010 26 ATTITUDE 0.856797 0.473678 0.427079
22.044 26 NAVIGATION 4 0 -71.625 137.5 0. 155.036743 11 4 4 0 0 0
22.110 26 AIR_DATA 98636.960938 0. -1000. 1013.25 0. -1. -1.
22.110 26 ATTITUDE 0.844199 0.555626 0.434197
22.160 26 GPS 3 36021477 481373663 263 227767 1377 355 0 100114240 31 0
22.210 26 COMMANDS 5532,-2042,150,0,0
22.210 26 CIRCLE 49.5 100.099998 70.
22.210 26 WP_MOVED 9 360312.8125 4813652. 185. 31
22.210 26 DESIRED 0.524482 0.450766 0.980877 3.267769 187.636169 260. 3.362447 14.
22.210 26 ATTITUDE 0.826997 0.608601 0.43863
22.293 26 NAVIGATION 4 0 -70. 141. 0. 157.419815 11 4 4 0 0 0
22.311 26 ESTIMATOR 228.561935 3.673908
22.311 26 ATTITUDE 0.796997 0.684692 0.444811
22.411 26 GPS 3 36021669 481373931 355 228619 1373 362 0 100114480 31 0
22.411 26 DESIRED 0.381701 0.449893 1.007158 5.938931 188.995636 260. 3.297853 14.
22.411 26 ATTITUDE 0.776997 0.733229 0.448617
22.510 26 NAVIGATION 4 0 -68.0625 143.5 0. 157.419815 11 4 4 0 0 0
22.511 26 ATTITUDE 0.746997 0.802907 0.453861
22.544 26 NAVIGATION 4 0 -68.0625 143.5 0. 158.823029 11 4 4 0 0 0
22.610 26 CALIBRATION 0. 0
22.610 26 AIRSPEED 13.652283 14. 14. 6.
22.610 26 DESIRED 0.538602 0.449021 1.022414 8.074253 190.010559 260. 3.200879 14.
22.610 26 ATTITUDE 0.726997 0.847351 0.457049
22.660 26 GPS 3 36021897 481374167 439 229512 1368 365 0 100114720 31 0
22.710 26 WP_MOVED 10 360452.8125 4813581. 260. 31
22.710 26 ATTITUDE 0.696997 0.911135 0.461382
22.794 26 NAVIGATION 4 0 -65.78125 146.5 0. 160.590851 12 5 5 0 0 0
22.810 26 DATALINK_REPORT 10 5 1477 809 0 0
22.811 26 FBW_STATUS 2 0 1 12.5 15.331402
22.811 26 ESTIMATOR 230.113663 3.550022
22.811 26 DESIRED 0.442268 0.448148 1.042132 10.69952 191.174271 260. 3.135077 14.
22.811 26 ATTITUDE 0.676997 0.951811 0.463977
22.911 26 ALIVE 128,247,33,237,150,226,125,96,211,120,85,14,103,22,52,69
22.911 26 GPS_SOL 699 699 699 7
22.911 26 ENERGY 57 12.5 15.21722 190.215256 0.422927 5.286603
22.911 26 GPS 3 36022153 481374370 515 230466 1360 380 0 100114960 31 0
22.912 26 ATTITUDE 0.646997 1.01015 0.467444
22.932 26 WIND_INFO 26 5 0.3 6.5 0. 8.5
22.933 26 WIND_INFO_RET 5 0.3 6.5 0. 13.509872
23.010 26 DESIRED 0.442268 0.447275 1.042132 10.69952 191.174271 260. 3.135077 14.
23.010 26 ATTITUDE 0.626997 1.047316 0.469482
23.043 26 NAVIGATION 4 0 -63.21875 148. 0. 160.936661 12 5 5 0 0 0
23.110 26 ATTITUDE 0.596997 1.100546 0.472145
23.161 26 GPS 3 36022476 481374565 594 231660 1347 414 0 100115240 31 0
23.162 26 SVINFO 4 11 1 4 48 81 223
23.211 26 WP_MOVED 11 360169.5 4813757.5 260. 31
23.212 26 DESIRED 0.336892 0.446403 1.045095 12.452923 191.901489 260. 3.033351 14.
23.212 26 ATTITUDE 0.576997 1.134401 0.473669
23.260 26 CIRCLE 49.5 100.099998 70.
23.294 26 NAVIGATION 4 0 -60. 150. 0. 161.554947 12 5 5 0 0 0
23.311 26 ESTIMATOR 231.79277 3.509179
23.311 26 ATTITUDE 0.546997 1.182793 0.4756
23.411 26 AIR_DATA 98567.289062 0. -1000. 1013.25 0. -1. -1.
23.411 26 GPS 3 36022767 481374698 654 232744 1333 441 0 100115480 31 0
23.411 26 DESIRED 0.228659 0.444812 1.050992 14.829819 192.825287 260. 2.958938 14.
23.411 26 ATTITUDE 0.526997 1.213487 0.476661
23.510 26 DL_VALUE 27 2.
23.511 26 NAVIGATION 4 0 -57.0625 151.5 0. 161.554947 12 5 5 0 0 0
23.511 26 ATTITUDE 0.496997 1.257223 0.477935
23.544 26 NAVIGATION 4 0 -57.0625 151.5 0. 161.890015 12 5 5 0 0 0
23.610 26 AIRSPEED 13.118763 14. 14. 6.
23.610 26 DESIRED 0.155284 0.424748 1.053516 16.862541 193.56012 260. 2.84207 14.
23.610 26 ATTITUDE 0.476997 1.284864 0.478582
23.660 26 GPS 3 36023066 481374802 707 233873 1319 473 0 100115720 31 0
23.660 26 SVINFO 6 13 1 6 47 53 323
23.710 26 WP_MOVED 0 360326. 4813637. 260. 31
23.710 26 ATTITUDE 0.446997 1.32408 0.479161
23.793 26 NAVIGATION 4 0 -54.125 152.5 0. 161.82016 13 6 6 0 0 0
23.809 26 ESTIMATOR 233.689926 3.570075
23.810 26 DESIRED 0.080116 0.409795 1.050751 18.620369 194.155563 260. 2.759927 14.
23.810 26 ATTITUDE 0.426997 1.348748 0.479288
23.915 26 GPS 3 36023370 481374881 754 235035 1305 482 0 100115960 31 0
23.916 26 ATTITUDE 0.396997 1.38355 0.479083
23.992 26 FBW_STATUS 2 0 1 12.5 15.664795
24.010 26 ENERGY 58 12.5 15.664795 195.809937 0.451189 5.639877
24.010 26 DESIRED 0.080116 0.407188 1.050751 18.620369 194.155563 260. 2.759927 14.
24.010 26 ATTITUDE 0.376997 1.405298 0.47867
24.043 26 NAVIGATION 4 0 -51.0625 153.5 0. 161.770294 13 6 6 0 0 0
24.110 26 ATTITUDE 0.346997 1.435747 0.477656
24.159 26 GPS 3 36023725 481374945 804 236414 1288 503 0 100116240 31 0
24.210 26 WP_MOVED 1 360284. 4813595. 260. 31
24.210 26 DESIRED 0.016622 0.385227 1.04789 20.505274 194.753601 260. 2.630816 14.
24.210 26 ATTITUDE 0.326997 1.45461 0.476674
24.293 26 NAVIGATION 4 0 -47.5 154. 0. 161.159088 13 6 6 0 0 0
24.310 26 CIRCLE 49.5 100.099998 70.
24.311 26 ESTIMATOR 235.815048 3.71686
24.311 26 ATTITUDE 0.296997 1.480758 0.474777
24.413 26 GPS 3 36024030 481374979 835 237604 1277 495 0 100116480 31 0
24.414 26 DESIRED -0.064015 0.368639 1.03671 22.31234 195.288391 260. 2.537002 14.
24.414 26 ATTITUDE 0.276997 1.49676 0.473243
24.511 26 NAVIGATION 4 0 -44.4375 154.5 0. 161.159088 13 6 6 0 0 0
24.512 26 ATTITUDE 0.246997 1.518628 0.470515
24.542 26 NAVIGATION 4 0 -44.4375 154.5 0. 160.763626 13 6 6 0 0 0
24.609 26 AIRSPEED 12.620152 14. 14. 6.
24.609 26 DESIRED -0.100008 0.344475 1.028334 24.004236 195.755463 260. 2.392084 14.
24.610 26 ATTITUDE 0.226997 1.531783 0.468441
24.660 26 GPS 3 36024333 481374998 863 238791 1267 485 0 100116720 31 0
24.710 26 CALIBRATION 0. 0
24.711 26 AIR_DATA 98496.648438 0. -1000. 1013.25 0. -1. -1.
24.711 26 WP_MOVED 2 360333.5 4813695. 260. 31
24.712 26 ATTITUDE 0.196997 1.549387 0.464885
24.793 26 NAVIGATION 4 0 -41.4375 154.5 0. 159.960358 14 7 7 0 0 0
24.809 26 FBW_STATUS 2 0 1 12.5 15.610865
24.810 26 ESTIMATOR 238.142273 3.917325
24.810 26 DESIRED -0.146715 0.327166 1.013742 25.363945 196.107544 260. 2.292876 14.
24.810 26 ATTITUDE 0.176997 1.559708 0.462234
24.926 26 GPS_SOL 697 697 697 7
24.927 26 GPS 3 36024635 481375005 885 239967 1258 479 0 100116960 31 0
24.928 26 ATTITUDE 0.146997 1.573065 0.457856
25.010 26 DL_VALUE 28 0.
25.010 26 DESIRED -0.146715 0.32485 1.013742 25.363945 196.107544 260. 2.292876 14.
25.011 26 ATTITUDE 0.126997 1.580554 0.454668
25.043 26 NAVIGATION 4 0 -38.375 154.5 0. 159.194504 14 7 7 0 0 0
25.110 26 ENERGY 57 12.5 15.145998 189.324982 0.47966 5.995766
25.110 26 ATTITUDE 0.096997 1.589662 0.449522
25.160 26 GPS 3 36024985 481375003 905 241314 1249 476 0 100117240 31 0
25.161 26 SVINFO 5 12 1 5 47 85 274
25.210 26 WP_MOVED 3 360294.09375 4813785. 260. 31
25.211 26 DESIRED -0.183603 0.299939 0.998939 26.8272 196.463593 260. 2.141762 14.
25.211 26 ATTITUDE 0.076997 1.594318 0.445814
25.292 26 NAVIGATION 4 0 -34.90625 154.5 0. 158.394119 14 7 7 0 0 0
25.309 26 ESTIMATOR 240.587387 4.125895
25.309 26 ATTITUDE 0.046997 1.599176 0.439882
25.361 26 CIRCLE 49.5 100.099998 70.
25.413 26 GPS 3 36025284 481374996 913 242441 1244 467 0 100117480 31 0
25.413 26 DESIRED -0.21751 0.281983 0.982426 28.583055 196.859924 260. 2.036383 14.
25.413 26 ATTITUDE 0.026997 1.600996 0.435679
25.510 26 NAVIGATION 4 0 -31.90625 154.5 0. 158.394119 14 7 7 0 0 0
25.510 26 ATTITUDE -0.003003 1.601593 0.429028
25.543 26 NAVIGATION 4 0 -31.90625 154.5 0. 157.760132 14 7 7 0 0 0
25.611 26 AIRSPEED 12.397146 14. 14. 6.
25.611 26 DESIRED -0.231513 0.257195 0.968496 30.192066 197.193787 260. 1.879072 14.
25.611 26 ATTITUDE -0.023003 1.600567 0.424403
25.660 26 GPS 3 36025582 481374987 917 243535 1240 466 0 100117720 31 0
25.710 26 WP_MOVED 4 360416.3125 4813734. 260. 31
25.710 26 ATTITUDE -0.053003 1.596889 0.417121
25.793 26 NAVIGATION 4 0 -28.90625 154.5 0. 157.180847 15 8 8 0 0 0
25.812 26 ESTIMATOR 243.077545 4.307241
25.813 26 DESIRED -0.24309 0.241375 0.95503 31.890911 197.51622 260. 1.775166 14.
25.813 26 ATTITUDE -0.073003 1.593006 0.412062
25.914 26 GPS 3 36025879 481374979 915 244591 1238 437 0 100117960 31 0
25.915 26 ATTITUDE -0.103003 1.585029 0.404198
25.994 26 FBW_STATUS 2 0 1 12.5 14.703228
26.012 26 AIR_DATA 98428.945312 0. -1000. 1013.25 0. -1. -1.
26.013 26 DESIRED -0.24309 0.241275 0.95503 31.890911 197.51622 260. 1.775166 14.
26.013 26 ATTITUDE -0.123003 1.578272 0.398774
26.044 26 NAVIGATION 4 0 -25.9375 154.5 0. 156.662064 15 8 8 0 0 0
26.110 26 ATTITUDE -0.153003 1.565971 0.390417
26.160 26 GPS 3 36026226 481374976 904 245768 1238 432 0 100118240 31 0
26.210 26 AUTOPILOT_VERSION 51500 v5.15_devel-179-g9a29798-dirty
26.210 26 ENERGY 54 12.5 14.327467 179.093338 0.506959 6.336996
26.210 26 WP_MOVED 5 360421. 4813583.5 260. 31
26.210 26 DESIRED -0.245834 0.218347 0.942305 33.666397 197.820496 260. 1.622377 14.
26.210 26 ATTITUDE -0.173003 1.556319 0.384666
26.294 26 NAVIGATION 4 0 -22.5 154.5 0. 156.129761 15 8 8 0 0 0
26.310 26 ESTIMATOR 245.51059 4.425474
26.310 26 ATTITUDE -0.202671 1.539665 0.375824
26.410 26 CIRCLE 49.5 100.099998 70.
26.411 26 GPS 3 36026523 481374981 889 246726 1239 420 0 100118480 31 0
26.415 26 SVINFO 3 10 1 3 48 48 175
26.415 26 DESIRED -0.237551 0.203086 0.928521 35.84761 198.149033 260. 1.519939 14.
26.416 26 ATTITUDE -0.221588 1.527156 0.369815
26.510 26 PPRZ_MODE 2 3 3 2 0 6
26.510 26 DL_VALUE 29 0.
26.511 26 NAVIGATION 4 0 -19.5 154.5 0. 156.129761 15 8 8 0 0 0
26.511 26 ATTITUDE -0.247571 1.506429 0.360611
26.544 26 NAVIGATION 4 0 -19.5 154.5 0. 155.725723 15 8 8 0 0 0
26.611 26 AIRSPEED 12.446935 14. 14. 6.
26.611 26 DESIRED -0.226746 0.181028 0.917519 37.868614 198.409271 260. 1.372132 14.
26.611 26 ATTITUDE -0.262861 1.491436 0.354392
26.661 26 GPS 3 36026821 481374997 869 247633 1242 383 0 100118720 31 0
26.711 26 WP_MOVED 6 360164.8125 4813664.5 260. 31
26.711 26 ATTITUDE -0.281914 1.467463 0.34488
26.794 26 NAVIGATION 4 0 -16.5625 154.5 0. 155.385223 16 9 9 0 0 0
26.810 26 CALIBRATION 0. 0
26.811 26 FBW_STATUS 2 0 1 12.5 13.715811
26.811 26 ESTIMATOR 247.818375 4.462963
26.812 26 DESIRED -0.202922 0.166812 0.907861 39.960484 198.634247 260. 1.277853 14.
26.812 26 ATTITUDE -0.291765 1.450686 0.338441
26.894 26 COMMANDS 4968,773,-1172,0,0
26.911 26 NAVIGATION_REF 360284 4813595 31 185.
26.911 26 GPS_SOL 694 694 694 7
26.912 26 GPS 3 36027118 481375027 843 248485 1246 354 0 100118960 31 0
26.919 26 ATTITUDE -0.301785 1.4247 0.328661
27.010 26 DESIRED -0.202922 0.166597 0.907861 39.960484 198.634247 260. 1.277853 14.
27.010 26 ATTITUDE -0.304945 1.407078 0.322061
27.043 26 NAVIGATION 4 0 -13.5625 155. 0. 155.592224 16 9 9 0 0 0
27.110 26 ATTITUDE -0.304546 1.380622 0.312084
27.160 26 GPS 3 36027465 481375081 806 249412 1252 327 0 100119240 31 0
27.161 26 SVINFO 6 13 1 6 46 46 325
27.210 26 COMMANDS 4848,1036,-1135,0,0
27.211 26 WP_MOVED 7 360558.40625 4813804.5 260. 31
27.211 26 DESIRED -0.165143 0.146054 0.908367 42.666321 198.858795 260. 1.143907 14.
27.211 26 ATTITUDE -0.300374 1.363236 0.305352
27.293 26 NAVIGATION 4 0 -10.125 155. 0. 155.330338 16 9 9 0 0 0
27.310 26 AIR_DATA 98372.695312 0. -1000. 1013.25 0. -1. -1.
27.310 26 ENERGY 49 12.5 13.030313 162.878922 0.531998 6.649986
27.310 26 ESTIMATOR 249.919693 4.40413
27.310 26 ATTITUDE -0.288849 1.337976 0.295178
27.410 26 GPS 3 36027760 481375144 778 250152 1258 283 0 100119480 31 0
27.411 26 DESIRED -0.120633 0.132412 0.900734 45.419205 199.010803 260. 1.057424 14.
27.411 26 ATTITUDE -0.27795 1.321908 0.288369
27.459 26 CIRCLE 49.5 100.099998 70.
27.510 26 NAVIGATION 4 0 -7.15625 156. 0. 155.330338 16 9 9 0 0 0
27.510 26 ATTITUDE -0.256337 1.299365 0.278101
27.543 26 NAVIGATION 4 0 -7.15625 156. 0. 156.164047 16 9 9 0 0 0
27.609 26 AIRSPEED 12.69299 14. 14. 6.
27.609 26 DESIRED -0.074325 0.113427 0.914847 48.834877 199.092712 260. 0.936772 14.
27.610 26 ATTITUDE -0.239205 1.285567 0.271253
27.660 26 GPS 3 36028053 481375222 750 250846 1264 269 0 100119720 31 0
27.710 26 WP_MOVED 8 360461.40625 4813640. 215. 31
27.711 26 ATTITUDE -0.209733 1.266996 0.260931
27.794 26 NAVIGATION 4 0 -4.21875 157. 0. 157.056671 17 10 10 0 0 0
27.810 26 ESTIMATOR 251.780258 4.253608
27.811 26 DESIRED -0.025687 0.101139 0.931488 52.34581 199.054031 260. 0.862251 14.
27.811 26 ATTITUDE -0.189733 1.256078 0.254035
27.910 26 DATALINK_REPORT 5 6 1665 837 0 0
27.910 26 GPS 3 36028345 481375313 727 251500 1271 236 0 100119960 31 0
27.910 26 SVINFO 2 9 0 2 48 10 126
27.910 26 ATTITUDE -0.159733 1.24187 0.24369
27.994 26 FBW_STATUS 2 0 1 12.5 12.090786
28.011 26 ALIVE 128,247,33,237,150,226,125,96,211,120,85,14,103,22,52,69
28.011 26 DL_VALUE 30 0.
28.011 26 DESIRED -0.025687 0.100077 0.931488 52.34581 199.054031 260. 0.862251 14.
28.011 26 ATTITUDE -0.139733 1.233828 0.236794
28.043 26 NAVIGATION 4 0 -1.3125 158. 0. 158.005447 17 10 10 0 0 0
28.110 26 ATTITUDE -0.109733 1.223888 0.226489
28.160 26 GPS 3 36028683 481375430 707 252214 1280 216 0 100120240 31 0
28.210 26 WP_MOVED 9 360312.8125 4813652. 185. 31
28.211 26 DESIRED 0.016675 0.083604 0.950658 55.940308 198.885223 260. 0.759353 14.
28.211 26 ATTITUDE -0.089733 1.218664 0.219623
28.294 26 NAVIGATION 4 0 2.09375 158.5 0. 158.513824 17 10 10 0 0 0
28.310 26 ESTIMATOR 253.378815 4.023559
28.310 26 ATTITUDE -0.059733 1.212913 0.209367
28.411 26 ENERGY 45 12.5 11.531067 144.138336 0.554367 6.929604
28.412 26 GPS 3 36028973 481375536 697 252783 1286 198 0 100120480 31 0
28.412 26 SVINFO 4 11 1 4 47 86 226
28.412 26 DESIRED 0.050271 0.072915 0.963352 59.730953 198.56485 260. 0.694562 14.
28.413 26 ATTITUDE -0.039733 1.210461 0.202579
28.510 26 CIRCLE 49.5 100.099998 70.
28.510 26 NAVIGATION 4 0 4.96875 160. 0. 158.513824 17 10 10 0 0 0
28.510 26 ATTITUDE -0.009733 1.208843 0.192461
28.543 26 NAVIGATION 4 0 4.96875 160. 0. 160.077133 17 10 10 0 0 0
28.611 26 AIR_DATA 98333.390625 0. -1000. 1013.25 0. -1. -1.
28.611 26 AIRSPEED 12.971921 14. 14. 6.
28.611 26 DESIRED 0.089614 0.059101 0.997696 63.913456 198.040039 260. 0.606208 14.
28.612 26 ATTITUDE 0.010267 1.20913 0.185779
28.660 26 GPS 3 36029263 481375646 693 253311 1293 167 0 100120720 31 0
28.660 26 SVINFO 5 12 0 5 46 82 276
28.710 26 WP_MOVED 10 360452.8125 4813581. 260. 31
28.711 26 ATTITUDE 0.040244 1.2116 0.175818
28.793 26 NAVIGATION 4 0 7.875 161. 0. 161.192474 18 11 11 0 0 0
28.810 26 FBW_STATUS 2 0 1 12.5 11.180326
28.810 26 ESTIMATOR 254.729507 3.736025
28.810 26 DESIRED 0.112461 0.05198 1.024983 67.790901 197.390503 260. 0.552875 14.
28.810 26 ATTITUDE 0.060071 1.214594 0.169249
28.910 26 CALIBRATION 0. 0
28.910 26 GPS_SOL 690 690 690 7
28.911 26 GPS 3 36029604 481375774 694 253869 1300 142 0 100121000 31 0
28.911 26 ATTITUDE 0.089006 1.221056 0.159528
29.010 26 DESIRED 0.112461 0.052917 1.024983 67.790901 197.390503 260. 0.552875 14.
29.010 26 ATTITUDE 0.107505 1.22663 0.15314
29.044 26 NAVIGATION 4 0 11.28125 162.5 0. 162.891113 18 11 11 0 0 0
29.110 26 ATTITUDE 0.133342 1.236763 0.14373
29.160 26 GPS 3 36029900 481375880 702 254297 1310 136 0 100121240 31 0
29.210 26 WP_MOVED 11 360169.5 4813757.5 260. 31
29.210 26 DESIRED 0.144864 0.042774 1.066563 72.63237 196.354309 260. 0.479118 14.
29.210 26 ATTITUDE 0.149486 1.244623 0.137558
29.294 26 NAVIGATION 4 0 14.25 163. 0. 163.621704 18 11 11 0 0 0
29.314 26 ESTIMATOR 255.847244 3.410273
29.314 26 ATTITUDE 0.171513 1.257929 0.128481
29.411 26 GPS 3 36030200 481375981 714 254677 1317 107 0 100121480 31 0
29.412 26 DESIRED 0.144626 0.037143 1.09004 76.343216 195.386108 260. 0.435624 14.
29.412 26 ATTITUDE 0.184307 1.267694 0.122568
29.511 26 DL_VALUE 31 0.
29.511 26 ENERGY 41 12.5 10.41346 130.168243 0.574442 7.180546
29.511 26 NAVIGATION 4 0 17.25 164. 0. 163.621704 18 11 11 0 0 0
29.511 26 ATTITUDE 0.200191 1.283449 0.113901
29.543 26 NAVIGATION 4 0 17.25 164. 0. 164.904709 18 11 11 0 0 0
29.561 26 CIRCLE 49.5 100.099998 70.
29.610 26 AIRSPEED 13.329067 14. 14. 6.
29.611 26 DESIRED 0.160361 0.029406 1.125925 80.452667 194.131546 260. 0.378742 14.
29.611 26 ATTITUDE 0.208356 1.294537 0.10828
29.661 26 GPS 3 36030505 481376073 730 255008 1327 98 0 100121720 31 0
29.710 26 WP_MOVED 0 360326. 4813637. 260. 31
29.711 26 ATTITUDE 0.217431 1.311797 0.10006
29.793 26 NAVIGATION 4 0 20.28125 165. 0. 166.241776 19 12 12 0 0 0
29.811 26 ESTIMATOR 256.699585 3.040733
29.812 26 DESIRED 0.170005 0.025172 1.164537 84.592682 192.666214 260. 0.346214 14.
29.812 26 ATTITUDE 0.221403 1.323589 0.094734
29.910 26 AIR_DATA 98304.117188 0. -1000. 1013.25 0. -1. -1.
29.910 26 GPS 3 36030814 481376157 749 255294 1336 80 0 100121960 31 0
29.911 26 SVINFO 3 10 1 3 47 54 177
29.911 26 ATTITUDE 0.224497 1.341483 0.086984
29.993 26 FBW_STATUS 2 0 1 12.5 9.865551
30.011 26 DESIRED 0.170005 0.025719 1.164537 84.592682 192.666214 260. 0.346214 14.
30.011 26 ATTITUDE 0.224906 1.353442 0.08198
30.045 26 NAVIGATION 4 0 23.40625 166. 0. 167.642029 19 12 12 0 0 0
30.110 26 ATTITUDE 0.223306 1.371254 0.074733
30.160 26 GPS 3 36031182 481376240 775 255573 1349 66 0 100122240 31 0
30.210 26 WP_MOVED 1 360284. 4813595. 260. 31
30.211 26 DESIRED 0.177793 0.020034 1.20632 88.813141 190.954147 260. 0.305259 14.
30.211 26 ATTITUDE 0.22111 1.382968 0.070065
30.294 26 NAVIGATION 4 0 27.09375 167. 0. 169.183533 19 12 12 0 0 0
30.310 26 ESTIMATOR 257.308868 2.646637
30.311 26 ATTITUDE 0.216466 1.400197 0.063321
30.411 26 GPS 3 36031503 481376300 794 255771 1357 58 0 100122480 31 0
30.414 26 DESIRED 0.184427 0.017002 1.255509 93.64534 188.70694 260. 0.2823 14.
30.415 26 ATTITUDE 0.212711 1.411409 0.059007
30.510 26 NAVIGATION 4 0 30.28125 167.5 0. 169.183533 19 12 12 0 0 0
30.510 26 ATTITUDE 0.206672 1.427781 0.052799
30.543 26 NAVIGATION 4 0 30.28125 167.5 0. 170.215164 19 12 12 0 0 0
30.611 26 ENERGY 38 12.5 9.243835 115.547943 0.592389 7.404878
30.612 26 CIRCLE 49.5 100.099998 70.
30.612 26 AIRSPEED 13.729193 14. 14. 6.
30.612 26 DESIRED 0.192566 0.013335 1.294259 97.621765 186.611816 260. 0.255169 14.
30.612 26 ATTITUDE 0.202557 1.438391 0.048847
30.661 26 GPS 3 36031827 481376349 813 255937 1367 34 0 100122720 31 0
30.661 26 SVINFO 6 13 1 6 45 40 327
30.710 26 WP_MOVED 2 360333.5 4813695. 260. 31
30.711 26 ATTITUDE 0.196844 1.453873 0.043185
30.794 26 NAVIGATION 4 0 33.53125 168. 0. 171.313583 20 13 13 0 0 0
30.812 26 FBW_STATUS 2 0 1 12.5 9.125626
30.813 26 ESTIMATOR 257.697052 2.242326
30.813 26 DESIRED 0.202446 0.011713 1.336278 101.615524 184.266327 260. 0.241579 14.
30.813 26 ATTITUDE 0.19352 1.463937 0.039591
30.910 26 GPS_SOL 685 685 685 7
30.910 26 GPS 3 36032155 481376389 831 256073 1376 26 0 100122960 31 0
30.911 26 ATTITUDE 0.189599 1.478713 0.034475
31.011 26 CALIBRATION 0. 0
31.011 26 DL_VALUE 32 0.
31.011 26 DESIRED 0.202446 0.012197 1.336278 101.615524 184.266327 260. 0.241579 14.
31.011 26 ATTITUDE 0.187943 1.48841 0.031247
31.044 26 NAVIGATION 4 0 36.8125 168.5 0. 172.47438 20 13 13 0 0 0
31.110 26 ATTITUDE 0.186971 1.502828 0.026683
31.161 26 GPS 3 36032542 481376423 852 256199 1386 45 0 100123240 31 0
31.162 26 SVINFO 1 8 1 1 48 0 78
31.210 26 AIR_DATA 98293.578125 0. -1000. 1013.25 0. -1. -1.
31.211 26 WP_MOVED 3 360294.09375 4813785. 260. 31
31.211 26 DESIRED 0.218099 0.01063 1.381202 105.559479 181.692505 260. 0.227276 14.
31.211 26 ATTITUDE 0.187668 1.512432 0.023822
31.295 26 NAVIGATION 4 0 40.6875 168.5 0. 173.342789 20 13 13 0 0 0
31.311 26 ESTIMATOR 257.892181 1.842443
31.313 26 ATTITUDE 0.190589 1.526966 0.019802
31.410 26 PPRZ_MODE 2 3 3 2 0 6
31.411 26 GPS 3 36032876 481376441 867 256282 1393 29 0 100123480 31 0
31.411 26 DESIRED 0.227686 0.010394 1.427885 109.981461 178.470856 260. 0.22111 14.
31.411 26 ATTITUDE 0.193671 1.53681 0.017307
31.511 26 NAVIGATION 4 0 44. 169. 0. 173.342789 20 13 13 0 0 0
31.511 26 ATTITUDE 0.200024 1.551929 0.013834
31.544 26 NAVIGATION 4 0 44. 169. 0. 174.633896 20 13 13 0 0 0
31.610 26 AIRSPEED 14.052492 14. 14. 6.
31.611 26 DESIRED 0.252916 0.010536 1.478557 113.707954 175.44812 260. 0.216836 14.
31.611 26 ATTITUDE 0.205138 1.562303 0.011701
31.660 26 CIRCLE 49.5 100.099998 70.
31.660 26 GPS 3 36033212 481376450 884 256344 1401 24 0 100123720 31 0
31.710 26 ENERGY 35 12.5 8.533844 106.67305 0.608638 7.607991
31.710 26 WP_MOVED 4 360416.3125 4813734. 260. 31
31.710 26 ATTITUDE 0.214712 1.57842 0.008767
31.794 26 NAVIGATION 4 0 47.375 169. 0. 175.514648 21 14 14 0 0 0
31.810 26 ESTIMATOR 257.93222 1.462175
31.810 26 DESIRED 0.266972 0.011423 1.524719 117.308838 172.224625 260. 0.21691 14.
31.810 26 ATTITUDE 0.22216 1.589608 0.006988
31.894 26 COMMANDS 3418,316,19,0,0
31.910 26 GPS 3 36033550 481376449 902 256388 1407 26 0 100123959 31 0
31.911 26 SVINFO 4 11 0 4 46 88 228
31.911 26 ATTITUDE 0.234583 1.607147 0.00458
31.994 26 FBW_STATUS 2 0 1 12.5 8.375153
32.011 26 DESIRED 0.266972 0.012372 1.524719 117.308838 172.224625 260. 0.21691 14.
32.012 26 ATTITUDE 0.243568 1.619392 0.003146
32.044 26 NAVIGATION 4 0 50.78125 169. 0. 176.464539 21 14 14 0 0 0
32.111 26 ATTITUDE 0.257529 1.638636 0.001246
32.160 26 GPS 3 36033945 481376432 927 256418 1415 18 0 100124240 31 0
32.161 26 SVINFO 5 12 1 5 45 78 278
32.210 26 COMMANDS 3371,169,72,0,0
32.210 26 WP_MOVED 5 360421. 4813583.5 260. 31
32.211 26 DESIRED 0.284394 0.013926 1.573847 120.789383 168.786423 260. 0.220704 14.
32.211 26 ATTITUDE 0.267183 1.65207 0.000147
32.294 26 NAVIGATION 4 0 54.6875 169. 0. 177.628052 21 14 14 0 0 0
32.311 26 ESTIMATOR 257.851837 1.112265
32.311 26 ATTITUDE 0.281606 1.673147 -0.00126
32.410 26 GPS 3 36034285 481376403 948 256429 1420 7 0 100124480 31 0
32.411 26 SVINFO 6 13 1 6 44 37 328
32.411 26 DESIRED 0.299921 0.015601 1.633017 124.557884 164.646973 260. 0.225342 14.
32.412 26 ATTITUDE 0.290882 1.687797 -0.002042
32.510 26 DL_VALUE 33 0.
32.510 26 AIR_DATA 98290.890625 0. -1000. 1013.25 0. -1. -1.
32.510 26 NAVIGATION 4 0 58.09375 168.5 0. 177.628052 21 14 14 0 0 0
32.510 26 ATTITUDE 0.30437 1.710649 -0.002983
32.544 26 NAVIGATION 4 0 58.09375 168.5 0. 178.233368 21 14 14 0 0 0
32.609 26 AIRSPEED 14.286044 14. 14. 6.
32.610 26 DESIRED 0.309066 0.017977 1.680607 127.680138 160.827805 260. 0.23494 14.
32.610 26 ATTITUDE 0.312705 1.726434 -0.003464
32.661 26 GPS 3 36034625 481376359 973 256427 1425 -9 0 100124720 31 0
32.662 26 SVINFO 0 7 0 0 48 25 29
32.710 26 CIRCLE 49.5 100.099998 70.
32.711 26 WP_MOVED 6 360164.8125 4813664.5 260. 31
32.711 26 ATTITUDE 0.324152 1.750868 -0.003967
32.794 26 NAVIGATION 4 0 61.5 168. 0. 178.902908 22 15 15 0 0 0
32.810 26 FBW_STATUS 2 0 1 12.5 8.065857
32.810 26 ENERGY 34 12.5 8.065857 100.823212 0.623811 7.797662
32.810 26 ESTIMATOR 257.685059 0.800723
32.811 26 DESIRED 0.31545 0.020024 1.730754 130.614136 156.849426 260. 0.242837 14.
32.811 26 ATTITUDE 0.330869 1.767609 -0.004162
32.910 26 GPS_SOL 678 678 678 7
32.910 26 GPS 3 36034963 481376299 1000 256416 1430 -18 0 100124959 31 0
32.914 26 ATTITUDE 0.3394 1.793294 -0.004257
32.935 26 WIND_INFO 26 5 0.3 0.7 0. 13.2
32.936 26 WIND_INFO_RET 5 0.3 0.7 0. 14.342566
33.010 26 DATALINK_REPORT 0 7 1857 839 0 0
33.010 26 DESIRED 0.31545 0.020779 1.730754 130.614136 156.849426 260. 0.242837 14.
33.011 26 ATTITUDE 0.344026 1.810736 -0.004192
33.044 26 NAVIGATION 4 0 64.875 167.5 0. 179.624649 22 15 15 0 0 0
33.110 26 ALIVE 128,247,33,237,150,226,125,96,211,120,85,14,103,22,52,69
33.110 26 CALIBRATION 0. 0
33.111 26 ATTITUDE 0.349248 1.837256 -0.003916
33.159 26 GPS 3 36035353 481376207 1037 256395 1435 -20 0 100125240 31 0
33.160 26 SVINFO 2 9 1 2 47 17 129
33.210 26 WP_MOVED 7 360558.40625 4813804.5 260. 31
33.211 26 DESIRED 0.319833 0.023445 1.782667 133.315033 152.778656 260. 0.256392 14.
33.211 26 ATTITUDE 0.351643 1.855105 -0.003614
33.294 26 NAVIGATION 4 0 68.78125 166.5 0. 180.147461 22 15 15 0 0 0
33.310 26 ESTIMATOR 257.461334 0.531972
33.310 26 ATTITUDE 0.353635 1.882019 -0.002999
33.410 26 GPS 3 36035684 481376108 1065 256375 1438 -28 0 100125480 31 0
33.411 26 DESIRED 0.31422 0.025433 1.841159 136.243484 147.802902 260. 0.266306 14.
33.411 26 ATTITUDE 0.353886 1.89999 -0.002491
33.510 26 NAVIGATION 4 0 72.09375 165.5 0. 180.147461 22 15 15 0 0 0
33.510 26 ATTITUDE 0.352549 1.926866 -0.001587
33.544 26 NAVIGATION 4 0 72.09375 165.5 0. 180.520798 22 15 15 0 0 0
33.610 26 AIRSPEED 14.422471 14. 14. 6.
33.610 26 DESIRED 0.319825 0.02813 1.891899 138.52034 143.40564 260. 0.281893 14.
33.610 26 ATTITUDE 0.35065 1.944666 -0.000902
33.660 26 GPS 3 36036010 481375992 1096 256357 1440 -36 0 100125720 31 0
33.710 26 WP_MOVED 8 360461.40625 4813640. 215. 31
33.711 26 ATTITUDE 0.34682 1.971108 0.000249
33.760 26 CIRCLE 49.5 100.099998 70.
33.793 26 NAVIGATION 4 0 75.34375 164.5 0. 180.933502 23 16 16 0 0 0
33.812 26 AIR_DATA 98291.734375 0. -1000. 1013.25 0. -1. -1.
33.813 26 ESTIMATOR 257.212433 0.31048
33.814 26 DESIRED 0.317918 0.02996 1.943739 140.534363 138.994034 260. 0.292416 14.
33.814 26 ATTITUDE 0.343823 1.988536 0.001089
33.914 26 ENERGY 33 12.5 7.882143 98.526787 0.638391 7.979914
33.914 26 GPS 3 36036330 481375859 1126 256346 1442 -24 0 100125959 31 0
33.915 26 ATTITUDE 0.338891 2.014345 0.002446
33.995 26 FBW_STATUS 2 0 1 12.5 7.867126
34.010 26 DL_VALUE 34 0.
34.011 26 DESIRED 0.317918 0.030122 1.943739 140.534363 138.994034 260. 0.292416 14.
34.011 26 ATTITUDE 0.335445 2.031319 0.003408
34.044 26 NAVIGATION 4 0 78.53125 163. 0. 180.931351 23 16 16 0 0 0
34.109 26 ATTITUDE 0.33027 2.056431 0.004924
34.160 26 GPS 3 36036693 481375682 1163 256344 1443 -16 0 100126240 31 0
34.211 26 WP_MOVED 9 360312.8125 4813652. 185. 31
34.212 26 DESIRED 0.31408 0.032538 1.992874 142.391449 134.322495 260. 0.307763 14.
34.212 26 ATTITUDE 0.326869 2.072943 0.005981
34.294 26 NAVIGATION 4 0 82.15625 161.5 0. 181.19574 23 16 16 0 0 0
34.310 26 ESTIMATOR 256.973907 0.141455
34.311 26 ATTITUDE 0.322042 2.097386 0.007623
34.411 26 GPS 3 36036996 481375514 1190 256356 1443 -15 0 100126480 31 0
34.411 26 DESIRED 0.310864 0.034056 2.053095 144.17276 129.03215 260. 0.317437 14.
34.411 26 ATTITUDE 0.31911 2.113483 0.008745
34.509 26 NAVIGATION 4 0 85.21875 159.5 0. 181.19574 23 16 16 0 0 0
34.509 26 ATTITUDE 0.315162 2.137363 0.010463
34.544 26 NAVIGATION 4 0 85.21875 159.5 0. 180.838287 23 16 16 0 0 0
34.610 26 AIRSPEED 14.421947 14. 14. 6.
34.611 26 DESIRED 0.31682 0.036054 2.102365 145.562561 124.01622 260. 0.330473 14.
34.611 26 ATTITUDE 0.31292 2.153132 0.011623
34.659 26 GPS 3 36037291 481375332 1217 256380 1442 -14 0 100126720 31 0
34.710 26 WP_MOVED 10 360452.8125 4813581. 260. 31
34.711 26 ATTITUDE 0.310497 2.176615 0.01338
34.793 26 NAVIGATION 4 0 88.15625 158. 0. 180.929611 24 17 17 0 0 0
34.827 26 FBW_STATUS 2 0 1 12.5 7.915201
34.828 26 CIRCLE 49.5 100.099998 70.
34.829 26 ESTIMATOR 256.778442 0.027393
34.829 26 DESIRED 0.318106 0.037229 2.154019 146.585571 119.449242 260. 0.337941 14.
34.829 26 ATTITUDE 0.309571 2.192202 0.014558
34.910 26 GPS_SOL 670 670 670 7
34.910 26 GPS 3 36037576 481375136 1244 256416 1441 3 0 100126959 31 0
34.910 26 ATTITUDE 0.309197 2.215552 0.016324
35.010 26 ENERGY 33 12.5 7.942272 99.278404 0.652871 8.160915
35.011 26 DESIRED 0.318106 0.037346 2.154019 146.585571 119.449242 260. 0.337941 14.
35.011 26 ATTITUDE 0.309992 2.238951 0.01808
35.043 26 NAVIGATION 4 0 91. 156. 0. 180.601776 24 17 17 0 0 0
35.111 26 AIR_DATA 98291.046875 0. -1000. 1013.25 0. -1. -1.
35.111 26 ATTITUDE 0.311087 2.25462 0.019238
35.161 26 GPS 3 36037896 481374891 1278 256474 1439 7 0 100127240 31 0
35.162 26 SVINFO 3 10 1 3 46 63 180
35.210 26 CALIBRATION 0. 0
35.211 26 WP_MOVED 11 360169.5 4813757.5 260. 31
35.211 26 DESIRED 0.320153 0.03877 2.203997 147.43045 114.578423 260. 0.347055 14.
35.211 26 ATTITUDE 0.312611 2.270374 0.020386
35.293 26 NAVIGATION 4 0 94.21875 153.5 0. 180.109467 24 17 17 0 0 0
35.310 26 ESTIMATOR 256.650574 -0.032895
35.311 26 ATTITUDE 0.315534 2.294203 0.02208
35.410 26 GPS 3 36038159 481374668 1303 256535 1436 37 0 100127480 31 0
35.411 26 SVINFO 4 11 1 4 45 89 230
35.411 26 DESIRED 0.319103 0.03953 2.262968 148.109741 108.824692 260. 0.351355 14.
35.412 26 ATTITUDE 0.317775 2.310244 0.023186
35.510 26 DL_VALUE 35 140.
35.510 26 NAVIGATION 4 0 96.84375 151. 0. 180.109467 24 17 17 0 0 0
35.510 26 ATTITUDE 0.32133 2.334558 0.024807
35.543 26 NAVIGATION 4 0 96.84375 151. 0. 179.387039 24 17 17 0 0 0
35.609 26 AIRSPEED 14.333519 14. 14. 6.
35.609 26 DESIRED 0.325617 0.040238 2.313074 148.430145 103.681091 260. 0.355334 14.
35.610 26 ATTITUDE 0.323712 2.350938 0.025857
35.660 26 GPS 3 36038411 481374433 1330 256604 1434 36 0 100127720 31 0
35.661 26 SVINFO 5 12 1 5 44 74 280
35.709 26 WP_MOVED 0 360326. 4813637. 260. 31
35.710 26 ATTITUDE 0.327418 2.375772 0.027384
35.794 26 NAVIGATION 4 0 99.375 149. 0. 179.098831 25 18 18 0 0 0
35.811 26 ESTIMATOR 256.60321 -0.045663
35.813 26 DESIRED 0.325387 0.040495 2.363892 148.490128 99.122879 260. 0.356323 14.
35.814 26 ATTITUDE 0.329905 2.392507 0.028365
35.861 26 CIRCLE 49.5 100.099998 70.
35.911 26 NAVIGATION_REF 360284 4813595 31 185.
35.911 26 GPS 3 36038650 481374186 1358 256681 1432 43 0 100127959 31 0
35.912 26 SVINFO 6 13 0 6 43 31 330
35.912 26 ATTITUDE 0.333485 2.417871 0.02978
35.995 26 FBW_STATUS 2 0 1 12.5 8.068876
36.011 26 DESIRED 0.325387 0.040587 2.363892 148.490128 99.122879 260. 0.356323 14.
36.011 26 ATTITUDE 0.335668 2.434945 0.030682
36.043 26 NAVIGATION 4 0 101.71875 146.5 0. 178.350647 25 18 18 0 0 0
36.110 26 ENERGY 34 12.5 8.071896 100.898697 0.667571 8.344667
36.111 26 ATTITUDE 0.338513 2.460774 0.03197
36.159 26 GPS 3 36038912 481373884 1395 256778 1429 62 0 100128240 31 0
36.210 26 WP_MOVED 1 360284. 4813595. 260. 31
36.210 26 DESIRED 0.323583 0.040511 2.413061 148.32309 94.269196 260. 0.355411 14.
36.211 26 ATTITUDE 0.340012 2.478116 0.032783
36.294 26 NAVIGATION 4 0 104.375 143.5 0. 177.444046 25 18 18 0 0 0
36.310 26 PPRZ_MODE 2 3 3 2 0 6
36.310 26 ESTIMATOR 256.635071 -0.021601
36.311 26 ATTITUDE 0.341616 2.504267 0.033933
36.411 26 AIR_DATA 98285.789062 0. -1000. 1013.25 0. -1. -1.
36.411 26 GPS 3 36039122 481373613 1422 256867 1427 42 0 100128480 31 0
36.412 26 SVINFO 1 8 1 1 47 0 81
36.412 26 DESIRED 0.317555 0.040166 2.471904 147.826935 88.618935 260. 0.352981 14.
36.413 26 ATTITUDE 0.342199 2.521763 0.034651
36.510 26 NAVIGATION 4 0 106.4375 140.5 0. 177.444046 25 18 18 0 0 0
36.510 26 ATTITUDE 0.342122 2.548036 0.035652
36.544 26 NAVIGATION 4 0 106.4375 140.5 0. 176.264557 25 18 18 0 0 0
36.611 26 AIRSPEED 14.240602 14. 14. 6.
36.611 26 DESIRED 0.32044 0.039274 2.521833 147.09639 83.518509 260. 0.347267 14.
36.611 26 ATTITUDE 0.341496 2.565532 0.036269
36.661 26 GPS 3 36039317 481373332 1452 256960 1425 60 0 100128720 31 0
36.662 26 SVINFO 2 9 0 2 46 22 131
36.710 26 WP_MOVED 2 360333.5 4813695. 260. 31
36.710 26 ATTITUDE 0.339947 2.591696 0.037113
36.794 26 NAVIGATION 4 0 108.40625 138. 0. 175.48764 26 19 19 0 0 0
36.810 26 FBW_STATUS 2 0 1 12.5 8.117224
36.810 26 ESTIMATOR 256.738159 0.027751
36.810 26 DESIRED 0.315325 0.038427 2.570523 146.24353 79.107361 260. 0.342167 14.
36.811 26 ATTITUDE 0.338607 2.609064 0.037621
36.894 26 COMMANDS 3314,-95,-13,0,0
36.910 26 GPS_SOL 661 661 661 7
36.910 26 CIRCLE 49.5 100.099998 70.
36.911 26 GPS 3 36039497 481373042 1482 257058 1423 60 0 100128959 31 0
36.911 26 SVINFO 3 10 1 3 45 66 181
36.911 26 ATTITUDE 0.336165 2.634974 0.038304
37.010 26 DL_VALUE 36 0.
37.010 26 DESIRED 0.315325 0.038314 2.570523 146.24353 79.107361 260. 0.342167 14.
37.010 26 ATTITUDE 0.334238 2.652132 0.038705
37.043 26 NAVIGATION 4 0 110.21875 135. 0. 174.279007 26 19 19 0 0 0
37.110 26 ATTITUDE 0.331049 2.677672 0.039226
37.161 26 GPS 3 36039687 481372692 1519 257177 1420 88 0 100129240 31 0
37.210 26 COMMANDS 3315,-56,-35,0,0
37.211 26 ENERGY 34 12.5 8.120247 101.503082 0.682435 8.530457
37.211 26 WP_MOVED 3 360294.09375 4813785. 260. 31
37.212 26 DESIRED 0.312234 0.036766 2.62041 145.072174 74.293823 260. 0.332781 14.
37.212 26 ATTITUDE 0.328753 2.694557 0.039516
37.294 26 NAVIGATION 4 0 112.125 131.5 0. 172.812805 26 19 19 0 0 0
37.310 26 AUTOPILOT_VERSION 51500 v5.15_devel-179-g9a29798-dirty
37.310 26 CALIBRATION 0. 0
37.311 26 ESTIMATOR 256.90036 0.091883
37.311 26 ATTITUDE 0.325213 2.719658 0.039868
37.410 26 GPS 3 36039833 481372385 1546 257283 1418 92 0 100129480 31 0
37.411 26 DESIRED 0.303664 0.03547 2.677629 143.449768 68.899979 260. 0.325152 14.
37.411 26 ATTITUDE 0.322835 2.73624 0.040049
37.510 26 NAVIGATION 4 0 113.5625 128.5 0. 172.812805 26 19 19 0 0 0
37.510 26 ATTITUDE 0.319046 2.760875 0.040238
37.543 26 NAVIGATION 4 0 113.5625 128.5 0. 171.489624 26 19 19 0 0 0
37.610 26 AIRSPEED 14.159348 14. 14. 6.
37.611 26 DESIRED 0.306416 0.033396 2.725388 141.862991 64.475876 260. 0.312392 14.
37.611 26 ATTITUDE 0.316493 2.777133 0.040313
37.660 26 GPS 3 36039963 481372071 1574 257391 1416 92 0 100129720 31 0
37.710 26 AIR_DATA 98279.6875 0. -1000. 1013.25 0. -1. -1.
37.711 26 WP_MOVED 4 360416.3125 4813734. 260. 31
37.711 26 ATTITUDE 0.312915 2.801286 0.040341
37.794 26 NAVIGATION 4 0 114.875 125. 0. 169.768265 27 20 20 0 0 0
37.811 26 ESTIMATOR 257.110199 0.162475
37.811 26 DESIRED 0.307632 0.031852 2.777055 139.831238 59.599781 260. 0.30314 14.
37.811 26 ATTITUDE 0.310801 2.817247 0.040306
37.910 26 GPS 3 36040078 481371751 1602 257502 1415 89 0 100129959 31 0
37.911 26 SVINFO 0 7 0 0 47 17 32
37.911 26 ATTITUDE 0.308164 2.841012 0.040177
37.960 26 CIRCLE 49.5 100.099998 70.
37.995 26 FBW_STATUS 2 0 1 12.5 8.117224
38.011 26 DESIRED 0.307632 0.03173 2.777055 139.831238 59.599781 260. 0.30314 14.
38.011 26 ATTITUDE 0.306831 2.856763 0.040039
38.044 26 NAVIGATION 4 0 116.0625 122. 0. 168.387955 27 20 20 0 0 0
38.110 26 DATALINK_REPORT 5 7 2047 840 0 0
38.111 26 ATTITUDE 0.305471 2.880297 0.039762
38.160 26 GPS 3 36040192 481371372 1636 257631 1413 62 0 100130240 31 0
38.210 26 ALIVE 128,247,33,237,150,226,125,96,211,120,85,14,103,22,52,69
38.211 26 WP_MOVED 5 360421. 4813583.5 260. 31
38.211 26 DESIRED 0.305151 0.029425 2.824772 137.870789 55.483803 260. 0.288315 14.
38.211 26 ATTITUDE 0.30493 2.89595 0.039526
38.294 26 NAVIGATION 4 0 117.15625 118. 0. 166.281647 27 20 20 0 0 0
38.310 26 ENERGY 34 12.5 8.102108 101.276352 0.697309 8.716387
38.310 26 ESTIMATOR 257.353729 0.232362
38.311 26 ATTITUDE 0.304629 2.919408 0.039102
38.410 26 GPS 3 36040273 481371043 1661 257740 1411 43 0 100130480 31 0
38.411 26 DESIRED 0.303563 0.027778 2.88272 135.075653 50.332462 260. 0.277594 14.
38.411 26 ATTITUDE 0.304735 2.935054 0.038778
38.509 26 DL_VALUE 37 14.
38.510 26 NAVIGATION 4 0 117.96875 115. 0. 166.281647 27 20 20 0 0 0
38.510 26 ATTITUDE 0.305234 2.958558 0.038227
38.543 26 NAVIGATION 4 0 117.96875 115. 0. 164.747162 27 20 20 0 0 0
38.610 26 AIRSPEED 14.099811 14. 14. 6.
38.611 26 DESIRED 0.305163 0.025302 2.928334 132.783997 46.58572 260. 0.261098 14.
38.611 26 ATTITUDE 0.305757 2.974264 0.037824
38.661 26 GPS 3 36040338 481370711 1688 257847 1410 45 0 100130720 31 0
38.710 26 WP_MOVED 6 360164.8125 4813664.5 260. 31
38.711 26 ATTITUDE 0.306835 2.997896 0.037157
38.794 26 NAVIGATION 4 0 118.625 111.5 0. 162.800919 28 21 21 0 0 0
38.810 26 FBW_STATUS 2 0 1 12.5 8.059818
38.811 26 ESTIMATOR 257.617279 0.295616
38.811 26 DESIRED 0.308212 0.023651 2.978984 129.957489 42.423389 260. 0.249947 14.
38.812 26 ATTITUDE 0.307711 3.013711 0.036676
38.912 26 GPS_SOL 651 651 651 7
38.912 26 GPS 3 36040388 481370376 1715 257950 1409 51 0 100130959 31 0
38.912 26 SVINFO 4 11 1 4 44 89 232
38.912 26 ATTITUDE 0.30924 3.037537 0.035902
39.010 26 AIR_DATA 98273.171875 0. -1000. 1013.25 0. -1. -1.
39.010 26 CIRCLE 49.5 100.099998 70.
39.010 26 DESIRED 0.308212 0.023706 2.978984 129.957489 42.423389 260. 0.249947 14.
39.010 26 ATTITUDE 0.310412 3.0535 0.035354
39.043 26 NAVIGATION 4 0 119.125 108. 0. 160.794174 28 21 21 0 0 0
39.111 26 ATTITUDE 0.312316 3.077574 0.034491
39.160 26 GPS 3 36040426 481369984 1749 258063 1408 58 0 100131240 31 0
39.161 26 SVINFO 5 12 1 5 43 69 282
39.210 26 WP_MOVED 7 360558.40625 4813804.5 260. 31
39.210 26 DESIRED 0.311086 0.021287 3.029636 126.94561 38.438202 260. 0.233278 14.
39.210 26 ATTITUDE 0.313696 3.093717 0.033885
39.293 26 NAVIGATION 4 0 119.5 104.5 0. 158.746658 28 21 21 0 0 0
39.311 26 ESTIMATOR 257.883484 0.346394
39.311 26 ATTITUDE 0.315838 3.118078 0.032937
39.411 26 CALIBRATION 0. 0
39.411 26 ENERGY 34 12.5 7.963341 99.541763 0.712044 8.900564
39.412 26 GPS 3 36040441 481369646 1774 258153 1408 54 0 100131480 31 0
39.412 26 SVINFO 6 13 1 6 42 25 332
39.412 26 DESIRED 0.29975 0.019705 3.080792 123.753456 34.629211 260. 0.222023 14.
39.413 26 ATTITUDE 0.317167 3.134413 0.032284
39.510 26 NAVIGATION 4 0 119.65625 101. 0. 158.746658 28 21 21 0 0 0
39.510 26 ATTITUDE 0.318476 3.159016 0.031274
39.543 26 NAVIGATION 4 0 119.65625 101. 0. 156.584213 28 21 21 0 0 0
39.610 26 AIRSPEED 14.086262 14. 14. 6.
39.611 26 DESIRED 0.30916 0.017357 3.131079 120.392166 31.003677 260. 0.205731 14.
39.611 26 ATTITUDE 0.318888 3.175457 0.030586
39.660 26 GPS 3 36040439 481369308 1802 258236 1408 62 0 100131720 31 0
39.710 26 WP_MOVED 8 360461.40625 4813640. 215. 31
39.711 26 ATTITUDE 0.319261 3.200143 0.029527
39.794 26 NAVIGATION 4 0 119.65625 97.5 0. 154.349823 29 22 22 0 0 0
39.810 26 ESTIMATOR 258.137512 0.380808
39.810 26 DESIRED 0.309563 0.015888 3.181556 116.85955 27.555588 260. 0.195375 14.
39.811 26 ATTITUDE 0.319414 3.216612 0.028806
39.911 26 GPS 3 36040421 481368970 1831 258312 1408 65 0 100131959 31 0
39.912 26 SVINFO 1 8 1 1 46 0 83
39.912 26 ATTITUDE 0.319512 3.241322 0.027707
39.994 26 FBW_STATUS 2 0 1 12.5 7.873133
40.012 26 DL_VALUE 38 0.36608
40.014 26 DESIRED 0.309563 0.015981 3.181556 116.85955 27.555588 260. 0.195375 14.
40.014 26 ATTITUDE 0.319504 3.257794 0.026963
40.043 26 NAVIGATION 4 0 119.4375 94. 0. 151.991165 29 22 22 0 0 0
40.060 26 CIRCLE 49.5 100.099998 70.
40.111 26 ATTITUDE 0.319393 3.282493 0.025839
40.161 26 GPS 3 36040378 481368578 1866 258392 1409 47 0 100132240 31 0
40.162 26 SVINFO 2 9 1 2 45 28 133
40.209 26 WP_MOVED 9 360312.8125 4813652. 185. 31
40.210 26 DESIRED 0.309898 0.01389 3.231493 113.152885 24.282394 260. 0.180777 14.
40.210 26 ATTITUDE 0.319272 3.298948 0.02508
40.294 26 NAVIGATION 4 0 119. 90.5 0. 149.503342 29 22 22 0 0 0
40.311 26 AIR_DATA 98268.023438 0. -1000. 1013.25 0. -1. -1.
40.311 26 ESTIMATOR 258.364807 0.396328
40.311 26 ATTITUDE 0.319034 3.323612 0.023936
40.410 26 GPS 3 36040324 481368244 1892 258453 1409 41 0 100132480 31 0
40.411 26 SVINFO 3 10 1 3 44 71 183
40.411 26 DESIRED 0.296605 0.01261 3.281138 109.263489 21.18026 260. 0.171532 14.
40.411 26 ATTITUDE 0.318753 3.340037 0.023173
40.510 26 ENERGY 33 12.5 7.777161 97.214508 0.72647 9.080908
40.510 26 NAVIGATION 4 0 118.5 87. 0. 149.503342 29 22 22 0 0 0
40.511 26 ATTITUDE 0.317631 3.364605 0.022028
40.544 26 NAVIGATION 4 0 118.5 87. 0. 147.00766 29 22 22 0 0 0
40.611 26 AIRSPEED 14.109058 14. 14. 6.
40.611 26 DESIRED 0.307071 0.010796 3.332536 105.21492 18.271835 260. 0.158851 14.
40.611 26 ATTITUDE 0.316488 3.38091 0.021269
40.660 26 GPS 3 36040253 481367913 1920 258506 1410 35 0 100132720 31 0
40.661 26 SVINFO 4 11 1 4 43 89 233
40.710 26 WP_MOVED 10 360452.8125 4813581. 260. 31
40.710 26 ATTITUDE 0.314756 3.405243 0.020132
40.794 26 NAVIGATION 4 0 117.78125 83.5 0. 144.376846 30 23 23 0 0 0
40.810 26 FBW_STATUS 2 0 1 12.5 7.717312
40.810 26 ESTIMATOR 258.558075 0.393788
40.811 26 DESIRED 0.308139 0.009739 3.383937 100.98259 15.545029 260. 0.151258 14.
40.811 26 ATTITUDE 0.313712 3.421388 0.019379
40.910 26 GPS_SOL 640 640 640 7
40.911 26 GPS 3 36040166 481367586 1948 258554 1411 31 0 100132959 31 0
40.911 26 SVINFO 5 12 1 5 42 66 283
40.911 26 ATTITUDE 0.312379 3.445504 0.01826
41.010 26 DESIRED 0.308139 0.009842 3.383937 100.98259 15.545029 260. 0.151258 14.
41.011 26 ATTITUDE 0.311695 3.461527 0.017521
41.044 26 NAVIGATION 4 0 116.9375 80.5 0. 141.966995 30 23 23 0 0 0
41.110 26 CIRCLE 49.5 100.099998 70.
41.110 26 ATTITUDE 0.310942 3.4855 0.016429
41.161 26 GPS 3 36040045 481367210 1983 258601 1412 24 0 100133240 31 0
41.161 26 SVINFO 6 13 1 6 41 22 333
41.210 26 PPRZ_MODE 2 3 3 2 0 6
41.211 26 WP_MOVED 11 360169.5 4813757.5 260. 31
41.211 26 DESIRED 0.301685 0.008448 3.427697 97.182159 13.345108 260. 0.141148 14.
41.211 26 ATTITUDE 0.310464 3.501446 0.01571
41.294 26 NAVIGATION 4 0 115.6875 76.5 0. 138.693359 30 23 23 0 0 0
41.310 26 ESTIMATOR 258.711517 0.374707
41.310 26 ATTITUDE 0.309768 3.525312 0.014651
41.410 26 GPS 3 36039924 481366893 2008 258636 1412 25 0 100133480 31 0
41.411 26 SVINFO 0 7 0 0 46 12 34
41.411 26 DESIRED 0.3038 0.007682 3.487946 91.924423 10.656334 260. 0.135162 14.
41.411 26 ATTITUDE 0.309349 3.541188 0.01396
41.511 26 CALIBRATION 0. 0
41.511 26 DL_VALUE 39 -0.019313
41.511 26 NAVIGATION 4 0 114.5 73.5 0. 138.693359 30 23 23 0 0 0
41.511 26 ATTITUDE 0.308895 3.564963 0.012948
41.543 26 NAVIGATION 4 0 114.5 73.5 0. 136.060654 30 23 23 0 0 0
41.611 26 AIR_DATA 98265.179688 0. -1000. 1013.25 0. -1. -1.
41.611 26 ENERGY 32 12.5 7.565163 94.564529 0.740525 9.256586
41.611 26 AIRSPEED 14.143881 14. 14. 6.
41.611 26 DESIRED 0.305576 0.006679 3.533348 87.773048 8.802826 260. 0.127492 14.
41.611 26 ATTITUDE 0.308711 3.580794 0.012291
41.661 26 GPS 3 36039788 481366582 2035 258664 1413 43 0 100133720 31 0
41.712 26 WP_MOVED 0 360326. 4813637. 260. 31
41.712 26 ATTITUDE 0.30868 3.604527 0.011333
41.794 26 NAVIGATION 4 0 113.125 70.5 0. 133.294846 31 24 24 0 0 0
41.810 26 ESTIMATOR 258.825317 0.342699
41.811 26 DESIRED 0.303956 0.006202 3.579513 83.440933 7.105301 260. 0.123224 14.
41.811 26 ATTITUDE 0.308822 3.62035 0.010712
41.893 26 COMMANDS 3117,18,-48,0,0
41.911 26 GPS 3 36039638 481366278 2062 258687 1414 24 0 100133959 31 0
41.911 26 ATTITUDE 0.30921 3.644104 0.009811
41.993 26 FBW_STATUS 2 0 1 12.5 7.51162
42.010 26 DESIRED 0.303956 0.006382 3.579513 83.440933 7.105301 260. 0.123224 14.
42.010 26 ATTITUDE 0.30953 3.659955 0.009232
42.044 26 NAVIGATION 4 0 111.65625 67. 0. 130.215652 31 24 24 0 0 0
42.109 26 ATTITUDE 0.310154 3.683764 0.008397
42.159 26 CIRCLE 49.5 100.099998 70.
42.160 26 GPS 3 36039444 481365932 2097 258707 1415 15 0 100134240 31 0
42.210 26 COMMANDS 3101,88,-35,0,0
42.211 26 WP_MOVED 1 360284. 4813595. 260. 31
42.211 26 DESIRED 0.315532 0.005805 3.636927 78.382858 5.412193 260. 0.118057 14.
42.211 26 ATTITUDE 0.310941 3.699676 0.007862
42.294 26 NAVIGATION 4 0 109.6875 63.5 0. 126.742249 31 24 24 0 0 0
42.310 26 ESTIMATOR 258.900299 0.300915
42.311 26 ATTITUDE 0.312647 3.723644 0.007096
42.411 26 GPS 3 36039263 481365644 2122 258718 1416 0 0 100134480 31 0
42.412 26 DESIRED 0.310871 0.005633 3.694263 72.939445 3.919998 260. 0.115359 14.
42.412 26 ATTITUDE 0.314022 3.739706 0.00661
42.510 26 NAVIGATION 4 0 107.875 61. 0. 126.742249 31 24 24 0 0 0
42.511 26 ATTITUDE 0.316117 3.763935 0.005917
42.544 26 NAVIGATION 4 0 107.875 61. 0. 123.92746 31 24 24 0 0 0
42.609 26 AIRSPEED 14.181783 14. 14. 6.
42.609 26 DESIRED 0.309365 0.005448 3.735479 68.703697 2.985542 260. 0.1125 14.
42.609 26 ATTITUDE 0.31747 3.780176 0.005482
42.660 26 GPS 3 36039068 481365365 2149 258724 1417 12 0 100134720 31 0
42.709 26 ENERGY 32 12.5 7.407753 92.596909 0.754249 9.428136
42.709 26 WP_MOVED 2 360333.5 4813695. 260. 31
42.709 26 ATTITUDE 0.319295 3.804658 0.004868
42.794 26 NAVIGATION 4 0 105.9375 58.5 0. 121.016541 32 25 25 0 0 0
42.810 26 FBW_STATUS 2 0 1 12.5 7.395905
42.810 26 ESTIMATOR 258.938934 0.252541
42.810 26 DESIRED 0.30423 0.005505 3.778392 64.313705 2.219696 260. 0.111306 14.
42.810 26 ATTITUDE 0.320322 3.82105 0.004484
42.910 26 GPS_SOL 629 629 629 7
42.910 26 AIR_DATA 98264.140625 0. -1000. 1013.25 0. -1. -1.
42.910 26 GPS 3 36038860 481365096 2177 258725 1418 4 0 100134959 31 0
42.911 26 ATTITUDE 0.321429 3.845714 0.00395
42.930 26 WIND_INFO 26 5 -0. -0.3 0. 14.
42.930 26 WIND_INFO_RET 5 -0. -0.3 0. 14.193941
43.009 26 DL_VALUE 40 -0.
43.010 26 DESIRED 0.30423 0.005721 3.778392 64.313705 2.219696 260. 0.111306 14.
43.010 26 ATTITUDE 0.321761 3.862185 0.00362
43.043 26 NAVIGATION 4 0 103.84375 55.5 0. 117.74453 32 25 25 0 0 0
43.110 26 ATTITUDE 0.321753 3.88689 0.003166
43.160 26 GPS 3 36038600 481364795 2212 258721 1419 -9 0 100135240 31 0
43.210 26 DATALINK_REPORT 0 8 2237 833 0 0
43.211 26 CIRCLE 49.5 100.099998 70.
43.211 26 WP_MOVED 3 360294.09375 4813785. 260. 31
43.211 26 DESIRED 0.313201 0.005795 3.833147 59.201862 1.581604 260. 0.110531 14.
43.212 26 ATTITUDE 0.321674 3.903352 0.00289
43.294 26 NAVIGATION 4 0 101.25 52.5 0. 114.051796 32 25 25 0 0 0
43.310 26 ALIVE 128,247,33,237,150,226,125,96,211,120,85,14,103,22,52,69
43.310 26 ESTIMATOR 258.945068 0.200633
43.310 26 ATTITUDE 0.321525 3.928029 0.002516
43.410 26 GPS 3 36038364 481364550 2238 258715 1420 -2 0 100135480 31 0
43.411 26 SVINFO 1 8 0 1 45 2 85
43.411 26 DESIRED 0.305994 0.005998 3.889705 53.631557 1.191307 260. 0.110662 14.
43.412 26 ATTITUDE 0.321358 3.944468 0.002292
43.511 26 NAVIGATION 4 0 98.875 50. 0. 114.051796 32 25 25 0 0 0
43.513 26 ATTITUDE 0.320722 3.969084 0.001994
43.544 26 NAVIGATION 4 0 98.875 50. 0. 110.798309 32 25 25 0 0 0
43.610 26 CALIBRATION 0. 0
43.610 26 AIRSPEED 14.216346 14. 14. 6.
43.610 26 DESIRED 0.312338 0.006313 3.939155 48.778519 1.107681 260. 0.111674 14.
43.610 26 ATTITUDE 0.320079 3.985453 0.001821
43.660 26 GPS 3 36038115 481364316 2267 258705 1421 -28 0 100135720 31 0
43.661 26 SVINFO 2 9 0 2 44 34 135
43.711 26 WP_MOVED 4 360416.3125 4813734. 260. 31
43.711 26 ATTITUDE 0.319133 4.009936 0.001597
43.793 26 NAVIGATION 4 0 96.40625 47.5 0. 107.472855 33 26 26 0 0 0
43.811 26 ENERGY 31 12.5 7.283527 91.04409 0.76771 9.59639
43.812 26 ESTIMATOR 258.924194 0.14834
43.812 26 DESIRED 0.314337 0.006643 3.990957 43.844757 1.266716 260. 0.112852 14.
43.815 26 ATTITUDE 0.318583 4.026216 0.001473
43.911 26 GPS 3 36037856 481364094 2295 258694 1421 -36 0 100135959 31 0
43.911 26 SVINFO 3 10 0 3 43 76 185
43.911 26 ATTITUDE 0.317945 4.050585 0.001322
43.995 26 FBW_STATUS 2 0 1 12.5 7.26877
44.010 26 DESIRED 0.314337 0.0068 3.990957 43.844757 1.266716 260. 0.112852 14.
44.011 26 ATTITUDE 0.317696 4.066808 0.001245
44.043 26 NAVIGATION 4 0 93.8125 45.5 0. 104.264259 33 26 26 0 0 0
44.111 26 ATTITUDE 0.317531 4.091126 0.001162
44.161 26 GPS 3 36037540 481363852 2330 258681 1422 -21 0 100136240 31 0
44.161 26 SVINFO 4 11 1 4 42 89 235
44.209 26 AIR_DATA 98264.65625 0. -1000. 1013.25 0. -1. -1.
44.210 26 WP_MOVED 5 360421. 4813583.5 260. 31
44.210 26 DESIRED 0.308214 0.007315 4.035181 39.259155 1.636169 260. 0.115218 14.
44.210 26 ATTITUDE 0.317396 4.107328 0.00113
44.260 26 CIRCLE 49.5 100.099998 70.
44.292 26 NAVIGATION 4 0 90.65625 43. 0. 100.337212 33 26 26 0 0 0
44.309 26 ESTIMATOR 258.883118 0.09865
44.310 26 ATTITUDE 0.317127 4.131612 0.001113
44.411 26 GPS 3 36037258 481363659 2355 258668 1422 -22 0 100136480 31 0
44.413 26 SVINFO 5 12 1 5 41 60 285
44.413 26 DESIRED 0.30685 0.007757 4.093376 33.643772 2.383163 260. 0.117161 14.
44.413 26 ATTITUDE 0.316903 4.147787 0.001123
44.511 26 DL_VALUE 41 0.1
44.512 26 NAVIGATION 4 0 87.8125 41. 0. 100.337212 33 26 26 0 0 0
44.512 26 ATTITUDE 0.316465 4.172019 0.001167
44.544 26 NAVIGATION 4 0 87.8125 41. 0. 96.912514 33 26 26 0 0 0
44.611 26 AIRSPEED 14.231501 14. 14. 6.
44.612 26 DESIRED 0.314131 0.008381 4.143404 28.839981 3.284897 260. 0.120407 14.
44.612 26 ATTITUDE 0.316125 4.188151 0.001215
44.661 26 GPS 3 36036967 481363480 2383 258656 1422 -28 0 100136720 31 0
44.662 26 SVINFO 6 13 1 6 40 17 335
44.710 26 WP_MOVED 6 360164.8125 4813664.5 260. 31
44.711 26 ATTITUDE 0.315873 4.212325 0.001316
44.794 26 NAVIGATION 4 0 84.9375 39.5 0. 93.672989 34 27 27 0 0 0
44.811 26 FBW_STATUS 2 0 1 12.5 7.227482
44.812 26 ESTIMATOR 258.830048 0.054567
44.813 26 DESIRED 0.305744 0.008872 4.186109 24.409523 4.33744 260. 0.122728 14.
44.815 26 ATTITUDE 0.315923 4.228439 0.001401
44.910 26 NAVIGATION_REF 360284 4813595 31 185.
44.911 26 GPS_SOL 616 616 616 7
44.911 26 ENERGY 31 12.5 7.227482 90.343521 0.781005 9.762583
44.911 26 GPS 3 36036668 481363315 2411 258645 1423 -42 0 100136959 31 0
44.912 26 SVINFO 0 7 0 0 45 8 36
44.912 26 ATTITUDE 0.316107 4.252624 0.001554
45.012 26 DESIRED 0.305744 0.009014 4.186109 24.409523 4.33744 260. 0.122728 14.
45.013 26 ATTITUDE 0.316116 4.26875 0.001671
45.044 26 NAVIGATION 4 0 81.9375 38. 0. 90.320282 34 27 27 0 0 0
45.110 26 ATTITUDE 0.315966 4.292932 0.00187
45.160 26 GPS 3 36036310 481363141 2445 258632 1423 -29 0 100137240 31 0
45.161 26 SVINFO 1 8 1 1 44 3 86
45.209 26 WP_MOVED 7 360558.40625 4813804.5 260. 31
45.209 26 DESIRED 0.305025 0.00968 4.231905 19.863504 5.645363 260. 0.126333 14.
45.209 26 ATTITUDE 0.315753 4.309042 0.002018
45.293 26 NAVIGATION 4 0 78.375 36. 0. 86.247551 34 27 27 0 0 0
45.310 26 CIRCLE 49.5 100.099998 70.
45.310 26 ESTIMATOR 258.772278 0.017982
45.310 26 ATTITUDE 0.315288 4.333179 0.00226
45.411 26 GPS 3 36035995 481363008 2471 258622 1422 -25 0 100137480 31 0
45.413 26 SVINFO 2 9 1 2 43 37 136
45.413 26 DESIRED 0.306567 0.010157 4.293481 14.42704 7.526306 260. 0.128788 14.
45.414 26 ATTITUDE 0.314913 4.349247 0.002432
45.509 26 AIR_DATA 98265.34375 0. -1000. 1013.25 0. -1. -1.
45.509 26 NAVIGATION 4 0 75.21875 34.5 0. 86.247551 34 27 27 0 0 0
45.509 26 ATTITUDE 0.314358 4.373313 0.002709
45.543 26 NAVIGATION 4 0 75.21875 34.5 0. 82.753311 34 27 27 0 0 0
45.610 26 AIRSPEED 14.2278 14. 14. 6.
45.611 26 DESIRED 0.314334 0.0108 4.345343 9.879917 9.37928 260. 0.132399 14.
45.611 26 ATTITUDE 0.314009 4.389334 0.002903
45.660 26 GPS 3 36035675 481362891 2498 258613 1422 -18 0 100137720 31 0
45.661 26 SVINFO 3 10 1 3 42 78 186
45.711 26 CALIBRATION 0. 0
45.712 26 WP_MOVED 8 360461.40625 4813640. 215. 31
45.712 26 ATTITUDE 0.31386 4.41335 0.003208
45.794 26 NAVIGATION 4 0 72. 33.5 0. 79.411903 35 28 28 0 0 0
45.809 26 ESTIMATOR 258.715973 -0.010046
45.810 26 DESIRED 0.309754 0.011255 4.390847 5.586937 11.377724 260. 0.134694 14.
45.810 26 ATTITUDE 0.314046 4.429368 0.003421
45.910 26 GPS 3 36035349 481362789 2526 258606 1422 -14 0 100137959 31 0
45.910 26 SVINFO 4 11 0 4 41 88 236
45.911 26 ATTITUDE 0.314596 4.453431 0.00375
45.996 26 FBW_STATUS 2 0 1 12.5 7.209805
46.010 26 DL_VALUE 42 0.15
46.011 26 ENERGY 31 12.5 7.209805 90.122559 0.794234 9.92795
46.011 26 DESIRED 0.309754 0.011376 4.390847 5.586937 11.377724 260. 0.134694 14.
46.012 26 ATTITUDE 0.315014 4.469501 0.003977
46.043 26 NAVIGATION 4 0 68.71875 32.5 0. 76.016556 35 28 28 0 0 0
46.110 26 PPRZ_MODE 2 3 3 2 0 6
46.110 26 ATTITUDE 0.315692 4.493656 0.004324
46.160 26 GPS 3 36034963 481362690 2560 258600 1422 -17 0 100138240 31 0
46.161 26 SVINFO 5 12 1 5 40 57 286
46.210 26 WP_MOVED 9 360312.8125 4813652. 185. 31
46.211 26 DESIRED 0.310681 0.01198 4.43938 1.31073 13.625755 260. 0.137941 14.
46.211 26 ATTITUDE 0.316177 4.509792 0.004561
46.293 26 NAVIGATION 4 0 64.875 31.5 0. 72.118065 35 28 28 0 0 0
46.313 26 ESTIMATOR 258.666046 -0.02928
46.314 26 ATTITUDE 0.316925 4.53405 0.004923
46.361 26 CIRCLE 49.5 100.099998 70.
46.411 26 GPS 3 36034629 481362623 2586 258597 1421 -16 0 100138480 31 0
46.411 26 SVINFO 6 13 1 6 39 15 336
46.411 26 DESIRED 0.30635 0.012392 4.496219 -3.496464 16.485558 260. 0.139932 14.
46.411 26 ATTITUDE 0.317383 4.550257 0.005167
46.511 26 NAVIGATION 4 0 61.53125 30.5 0. 72.118065 35 28 28 0 0 0
46.512 26 ATTITUDE 0.317807 4.574604 0.005536
46.544 26 NAVIGATION 4 0 61.53125 30.5 0. 68.675652 35 28 28 0 0 0
46.611 26 AIRSPEED 14.210751 14. 14. 6.
46.612 26 DESIRED 0.318499 0.012884 4.550249 -7.553459 19.199425 260. 0.14257 14.
46.612 26 ATTITUDE 0.317915 4.590849 0.005783
46.660 26 GPS 3 36034291 481362572 2614 258595 1421 -35 0 100138720 31 0
46.710 26 WP_MOVED 10 360452.8125 4813581. 260. 31
46.711 26 ATTITUDE 0.318345 4.615242 0.006155
46.794 26 NAVIGATION 4 0 58.15625 30. 0. 65.438133 36 29 29 0 0 0
46.810 26 FBW_STATUS 2 0 1 12.5 7.212751
46.810 26 AIR_DATA 98265.65625 0. -1000. 1013.25 0. -1. -1.
46.810 26 ESTIMATOR 258.626404 -0.039939
46.810 26 DESIRED 0.315151 0.013212 4.598561 -11.393589 22.04892 260. 0.14409 14.
46.811 26 ATTITUDE 0.318868 4.631536 0.006403
46.894 26 COMMANDS 3012,19,29,0,0
46.910 26 GPS_SOL 603 603 603 7
46.910 26 GPS 3 36033952 481362537 2642 258594 1420 -45 0 100138959 31 0
46.910 26 ATTITUDE 0.31986 4.656046 0.006774
47.010 26 DESIRED 0.315151 0.013319 4.598561 -11.393589 22.04892 260. 0.14409 14.
47.010 26 ATTITUDE 0.320549 4.672435 0.00702
47.042 26 NAVIGATION 4 0 54.78125 30. 0. 62.45787 36 29 29 0 0 0
47.110 26 ENERGY 31 12.5 7.215696 90.196205 0.807457 10.093241
47.110 26 ATTITUDE 0.321521 4.69709 0.007385
47.161 26 GPS 3 36033555 481362518 2677 258596 1420 -61 0 100139240 31 0
47.210 26 COMMANDS 3012,-50,25,0,0
47.211 26 WP_MOVED 11 360169.5 4813757.5 260. 31
47.211 26 DESIRED 0.307973 0.013702 4.641459 -15.043373 25.039001 260. 0.145989 14.
47.211 26 ATTITUDE 0.321917 -1.569622 0.007626
47.293 26 NAVIGATION 4 0 50.8125 30. 0. 59.007713 36 29 29 0 0 0
47.311 26 ESTIMATOR 258.598846 -0.043084
47.311 26 ATTITUDE 0.322098 -1.544889 0.007982
47.411 26 CIRCLE 49.5 100.099998 70.
47.411 26 GPS 3 36033214 481362520 2703 258599 1419 -53 0 100139480 31 0
47.411 26 DESIRED 0.301212 0.013921 4.695272 -19.177338 28.801865 260. 0.146981 14.
47.411 26 ATTITUDE 0.321914 -1.528403 0.008215
47.510 26 DL_VALUE 43 0.069
47.510 26 NAVIGATION 4 0 47.40625 30. 0. 59.007713 36 29 29 0 0 0
47.510 26 ATTITUDE 0.320952 -1.503722 0.008558
47.544 26 NAVIGATION 4 0 47.40625 30. 0. 56.101269 36 29 29 0 0 0
47.610 26 AIRSPEED 14.187768 14. 14. 6.
47.611 26 DESIRED 0.30801 0.01412 4.744123 -22.558624 32.221024 260. 0.148105 14.
47.611 26 ATTITUDE 0.319922 -1.487327 0.00878
47.660 26 GPS 3 36032874 481362539 2731 258603 1418 -38 0 100139720 31 0
47.710 26 WP_MOVED 0 360326. 4813637. 260. 31
47.710 26 ATTITUDE 0.318209 -1.462844 0.009106
47.794 26 NAVIGATION 4 0 43.96875 30. 0. 53.228291 37 30 30 0 0 0
47.811 26 CALIBRATION 0. 0
47.811 26 ESTIMATOR 258.583374 -0.040377
47.812 26 DESIRED 0.308667 0.014206 4.795672 -25.789345 35.823143 260. 0.148604 14.
47.812 26 ATTITUDE 0.317062 -1.446597 0.009316
47.910 26 GPS 3 36032536 481362574 2759 258610 1418 -39 0 100139959 31 0
47.911 26 ATTITUDE 0.315427 -1.422335 0.009621
47.993 26 FBW_STATUS 2 0 1 12.5 7.218643
48.010 26 DESIRED 0.308667 0.014214 4.795672 -25.789345 35.823143 260. 0.148604 14.
48.010 26 ATTITUDE 0.314447 -1.406226 0.009817
48.044 26 NAVIGATION 4 0 40.625 30. 0. 50.501392 37 30 30 0 0 0
48.111 26 AIR_DATA 98265.476562 0. -1000. 1013.25 0. -1. -1.
48.111 26 ATTITUDE 0.313202 -1.382146 0.010099
48.159 26 GPS 3 36032144 481362636 2794 258620 1417 -34 0 100140240 31 0
48.160 26 SVINFO 6 13 1 6 38 12 337
48.210 26 ENERGY 31 12.5 7.221588 90.269852 0.820689 10.258618
48.211 26 WP_MOVED 1 360284. 4813595. 260. 31
48.212 26 DESIRED 0.311087 0.014277 4.847746 -28.737801 39.44651 260. 0.148915 14.
48.212 26 ATTITUDE 0.312609 -1.366136 0.010278
48.294 26 NAVIGATION 4 0 36.6875 30.5 0. 47.709774 37 30 30 0 0 0
48.310 26 DATALINK_REPORT 5 8 2433 852 0 0
48.311 26 ESTIMATOR 258.581024 -0.032618
48.311 26 ATTITUDE 0.312096 -1.342157 0.010533
48.410 26 AUTOPILOT_VERSION 51500 v5.15_devel-179-g9a29798-dirty
48.410 26 ALIVE 128,247,33,237,150,226,125,96,211,120,85,14,103,22,52,69
48.410 26 GPS 3 36031811 481362706 2819 258630 1416 -22 0 100140480 31 0
48.410 26 SVINFO 0 7 0 0 44 5 38
48.410 26 DESIRED 0.306388 0.014299 4.905431 -32.016418 43.929958 260. 0.148851 14.
48.411 26 ATTITUDE 0.311963 -1.32618 0.010694
48.461 26 CIRCLE 49.5 100.099998 70.
48.510 26 NAVIGATION 4 0 33.375 31.5 0. 47.709774 37 30 30 0 0 0
48.511 26 ATTITUDE 0.311857 -1.302219 0.010922
48.543 26 NAVIGATION 4 0 33.375 31.5 0. 45.892708 37 30 30 0 0 0
48.610 26 AIRSPEED 14.159971 14. 14. 6.
48.610 26 DESIRED 0.307791 0.014269 4.949966 -34.660309 47.974739 260. 0.14839 14.
48.611 26 ATTITUDE 0.311845 -1.286244 0.011065
48.661 26 GPS 3 36031482 481362792 2847 258643 1416 -7 0 100140720 31 0
48.662 26 SVINFO 1 8 0 1 43 6 88
48.710 26 WP_MOVED 2 360333.5 4813695. 260. 31
48.710 26 ATTITUDE 0.311969 -1.262271 0.011264
48.793 26 NAVIGATION 4 0 30.0625 32.5 0. 44.271931 38 31 31 0 0 0
48.811 26 FBW_STATUS 2 0 1 12.5 7.224535
48.812 26 ESTIMATOR 258.590912 -0.02124
48.812 26 DESIRED 0.306647 0.014226 4.997216 -37.118011 52.169628 260. 0.147813 14.
48.813 26 ATTITUDE 0.312142 -1.246276 0.011387
48.910 26 GPS_SOL 589 589 589 7
48.911 26 GPS 3 36031158 481362894 2874 258656 1415 -1 0 100140960 31 0
48.911 26 SVINFO 2 9 1 2 42 43 138
48.911 26 ATTITUDE 0.312489 -1.222257 0.011558
49.011 26 DL_VALUE 44 0.01
49.012 26 DESIRED 0.306647 0.014274 4.997216 -37.118011 52.169628 260. 0.147813 14.
49.012 26 ATTITUDE 0.312736 -1.206224 0.011662
49.051 26 NAVIGATION 4 0 26.84375 33.5 0. 42.928276 38 31 31 0 0 0
