125.100 14 CALIBRATION -43.135269 0
125.201 14 IR_SENSORS 0 0 9 -16 265
125.203 14 WP_MOVED 8 360783.15625 4813614.5 215. 31
125.233 14 NAVIGATION 16 4 36.15625 56.5 0. 67.078491 114 92 39 0 0 0
125.249 14 GPS 3 36031795 481365197 2746 187510 1242 -134 0 11295720 31 0
125.298 14 SEGMENT 499.146088 19.33432 28.799999 57.
125.298 14 NAVIGATION 16 4 33.21875 56.5 0. 67.078491 114 92 39 0 0 0
125.298 14 ESTIMATOR 187.412964 -1.34
125.399 14 AIRSPEED 13.2 0. 0. 0.
125.400 14 ATTITUDE 0.002528 4.705149 -0.053317
125.483 14 NAVIGATION 16 4 33.21875 56.5 0. 65.541862 115 93 40 0 0 0
125.500 14 GPS 3 36031498 481365221 2746 187266 1242 -132 0 11295960 31 0
125.501 14 SVINFO 0 7 0 0 34 82 81
125.684 14 FBW_STATUS 2 0 1 12.5 0.211663
125.699 14 DL_VALUE 31 0.1
125.699 14 WP_MOVED 9 360312.8125 4813652. 185. 31
125.733 14 NAVIGATION 16 4 30.21875 56.5 0. 64.07357 115 93 40 0 0 0
125.750 14 DESIRED 0.00211 -0.055992 0. -34.543121 62.072563 185.907425 -1.122402 13.
125.751 14 GPS 3 36031151 481365249 2746 186983 1243 -130 0 11296240 31 0
125.751 14 SVINFO 1 8 0 1 35 86 131
125.799 14 ENERGY 18 12.5 0.214531 2.681643 0.087809 1.097582
125.799 14 ESTIMATOR 186.844284 -1.3
125.906 14 ATTITUDE 0.002528 4.705087 -0.057087
125.983 14 NAVIGATION 16 4 26.78125 57. 0. 62.978054 115 93 40 0 0 0
125.999 14 GPS 3 36030853 481365274 2746 186740 1244 -138 0 11296480 31 0
126.000 14 SVINFO 2 9 0 2 36 51 181
126.199 14 WP_MOVED 10 360789.53125 4813694. 215. 31
126.233 14 NAVIGATION 16 4 23.78125 57.5 0. 62.223774 115 93 40 0 0 0
126.249 14 GPS 3 36030555 481365298 2746 186499 1245 -136 0 11296720 31 0
126.249 14 SVINFO 3 10 1 3 37 11 231
126.300 14 NAVIGATION 16 4 20.8125 57.5 0. 62.223774 115 93 40 0 0 0
126.301 14 ESTIMATOR 186.299896 -1.36
126.406 14 IR_SENSORS 0 0 8 -17 265
126.407 14 AIRSPEED 13.2 0. 0. 0.
126.407 14 ATTITUDE -0.001231 4.704881 -0.057087
126.483 14 NAVIGATION 16 4 20.8125 57.5 0. 61.150715 116 94 41 0 0 0
126.500 14 DATALINK_REPORT 2 17 3582 561 0 0
126.500 14 FBW_STATUS 2 0 1 12.5 0.223332
126.501 14 SEGMENT 499.146088 19.33432 28.799999 57.
126.501 14 GPS 3 36030257 481365322 2746 186259 1247 -139 0 11296960 31 0
126.501 14 SVINFO 4 11 1 4 38 1 281
126.599 14 GPS_SOL 393 393 393 7
126.700 14 WP_MOVED 11 360169.5 4813757.5 260. 31
126.733 14 NAVIGATION 16 4 17.8125 57.5 0. 60.195808 116 94 41 0 0 0
126.749 14 GPS 3 36029908 481365350 2745 185982 1249 -138 0 11297240 31 0
126.750 14 SVINFO 5 12 1 5 39 33 331
126.801 14 DESIRED 0.002627 -0.056197 0. -46.94986 63.066105 184.823944 -1.126511 13.
126.801 14 ESTIMATOR 185.764496 -1.38
126.915 14 ENERGY 19 12.5 0.234041 2.925515 0.088216 1.102669
126.917 14 ATTITUDE -0.001231 4.704354 -0.057087
126.983 14 NAVIGATION 16 4 14.34375 58. 0. 59.747326 116 94 41 0 0 0
126.999 14 GPS 3 36029609 481365374 2745 185746 1251 -119 0 11297480 31 0
127.000 14 SVINFO 6 13 1 6 40 75 22
127.199 14 CALIBRATION -66.254707 0
127.199 14 DL_VALUE 32 0.
127.199 14 WP_MOVED 12 360287.59375 4813581. 260. 31
127.233 14 NAVIGATION 16 4 11.34375 58.5 0. 59.589687 116 94 41 0 0 0
127.250 14 GPS 3 36029309 481365398 2745 185512 1252 -105 0 11297720 31 0
127.300 14 NAVIGATION 16 4 8.34375 58.5 0. 59.589687 116 94 41 0 0 0
127.300 14 ESTIMATOR 185.284576 -1.05
127.407 14 AIRSPEED 13.2 0. 0. 0.
127.408 14 ATTITUDE -0.001231 4.704204 -0.057087
127.482 14 NAVIGATION 16 4 8.34375 58.5 0. 59.09203 117 95 42 0 0 0
127.500 14 GPS 3 36029009 481365422 2745 185281 1253 -125 0 11297960 31 0
127.599 14 NAVIGATION_REF 360284 4813595 31 185.
127.600 14 IR_SENSORS 0 0 8 -17 265
127.684 14 FBW_STATUS 2 0 1 12.5 0.232045
127.700 14 SEGMENT 499.146088 19.33432 28.799999 57.
127.700 14 WP_MOVED 13 360311.5 4813547. 260. 31
127.734 14 NAVIGATION 16 4 5.34375 58.5 0. 58.743557 117 95 42 0 0 0
127.751 14 GPS 3 36028659 481365450 2745 185014 1254 -129 0 11298240 31 0
127.799 14 AUTOPILOT_VERSION 51500 v5.15_devel-179-g9a29798-dirty
127.800 14 ESTIMATOR 184.83725 -1.29
127.849 14 DESIRED 0.003257 -0.056714 0. -59.418732 64.064621 183.7323 -1.13685 13.
127.912 14 ATTITUDE -0.001231 4.703568 -0.057087
127.982 14 NAVIGATION 16 4 1.84375 59. 0. 59.028801 117 95 42 0 0 0
128.000 14 ENERGY 19 12.5 0.236964 2.962056 0.08864 1.107972
128.000 14 GPS 3 36028359 481365473 2745 184785 1255 -133 0 11298480 31 0
128.200 14 WP_MOVED 14 360300.6875 4813575.5 260. 31
128.233 14 NAVIGATION 16 4 -1.15625 59. 0. 59.01133 117 95 42 0 0 0
128.249 14 GPS 3 36028058 481365497 2744 184558 1256 -136 0 11298720 31 0
128.250 14 SVINFO 4 11 1 4 39 2 282
128.300 14 NAVIGATION 16 4 -4.1875 59.5 0. 59.01133 117 95 42 0 0 0
128.300 14 ESTIMATOR 184.330414 -1.36
128.416 14 AIRSPEED 13.2 0. 0. 0.
128.416 14 ATTITUDE -0.001231 4.703258 -0.057087
128.482 14 NAVIGATION 16 4 -4.1875 59.5 0. 59.647171 118 96 43 0 0 0
128.499 14 FBW_STATUS 2 0 1 12.5 0.24113
128.499 14 GPS 3 36027757 481365520 2744 184333 1257 -153 0 11298960 31 0
128.499 14 SVINFO 5 12 1 5 40 36 332
128.582 14 COMMANDS 1939,23,-3,0
128.599 14 GPS_SOL 407 407 407 7
128.699 14 DL_VALUE 33 0.15
128.699 14 WP_MOVED 15 360297.6875 4813554.5 260. 31
128.733 14 NAVIGATION 16 4 -7.1875 59.5 0. 59.932549 118 96 43 0 0 0
128.748 14 GPS 3 36027406 481365548 2744 184071 1259 -145 0 11299240 31 0
128.749 14 SVINFO 6 13 1 6 41 77 23
128.799 14 COMMANDS 1982,9,2,0
128.799 14 IR_SENSORS 0 0 8 -16 265
128.799 14 ESTIMATOR 183.792343 -1.45
128.916 14 STATE_FILTER_STATUS 2 3 289
128.916 14 SEGMENT 499.146088 19.33432 28.799999 57.
128.917 14 DESIRED 0.003822 -0.056881 0. -71.949738 65.068115 182.635193 -1.142879 13.
128.917 14 ATTITUDE 0.002528 4.702616 -0.057087
128.982 14 NAVIGATION 16 4 -10.65625 60. 0. 60.93895 118 96 43 0 0 0
128.999 14 GPS 3 36027104 481365571 2744 183848 1261 -117 0 11299480 31 0
129.000 14 SVINFO 0 7 0 0 35 85 83
129.100 14 PPRZ_MODE 2 3 2 1 0 6
129.100 14 ENERGY 20 12.5 0.249971 3.124633 0.089089 1.113581
129.199 14 ALIVE 164,197,173,81,157,99,46,203,224,90,49,46,127,45,218,39
129.199 14 WP_MOVED 16 360683.46875 4813622.5 215. 31
129.233 14 NAVIGATION 16 4 -13.71875 60. 0. 61.548389 118 96 43 0 0 0
129.250 14 GPS 3 36026802 481365595 2744 183627 1263 -95 0 11299720 31 0
129.250 14 SVINFO 1 8 0 1 36 83 133
129.300 14 CALIBRATION -83.573395 0
129.301 14 NAVIGATION 16 4 -16.75 60.5 0. 61.548389 118 96 43 0 0 0
129.301 14 ESTIMATOR 183.343018 -0.95
129.419 14 AIRSPEED 13.2 0. 0. 0.
129.420 14 ATTITUDE -0.001231 4.702589 -0.057087
129.482 14 NAVIGATION 16 4 -16.75 60.5 0. 62.77589 119 97 44 0 0 0
129.499 14 GPS 3 36026499 481365618 2744 183408 1263 -111 0 11299960 31 0
129.499 14 SVINFO 2 9 1 2 37 45 183
129.683 14 FBW_STATUS 2 0 1 12.5 0.246396
129.700 14 WP_MOVED 17 360654.59375 4813624.5 215. 31
129.733 14 NAVIGATION 16 4 -19.75 61. 0. 64.117569 119 97 44 0 0 0
129.750 14 GPS 3 36026146 481365645 2743 183155 1264 -102 0 11300240 31 0
129.751 14 SVINFO 3 10 1 3 38 7 233
129.799 14 ESTIMATOR 182.969803 -1.02
129.918 14 ATTITUDE -0.001231 4.702117 -0.057087
129.949 14 DESIRED 0.000649 -0.057577 0. -84.551544 66.077278 181.538086 -1.154102 13.
129.983 14 NAVIGATION 16 4 -23.3125 61. 0. 65.302933 119 97 44 0 0 0
130.000 14 IR_SENSORS 0 0 8 -17 265
130.000 14 GPS 3 36025844 481365668 2743 182938 1264 -129 0 11300480 31 0
130.100 14 SEGMENT 499.146088 19.33432 28.799999 57.
130.199 14 DL_VALUE 34 0.05
130.200 14 ENERGY 19 12.5 0.242368 3.029594 0.089539 1.119214
130.200 14 WP_MOVED 18 360289. 4813605. 220. 31
130.233 14 NAVIGATION 16 4 -26.3125 61. 0. 66.433029 119 97 44 0 0 0
130.251 14 GPS 3 36025541 481365692 2743 182721 1264 -137 0 11300720 31 0
130.300 14 NAVIGATION 16 4 -29.34375 61.5 0. 66.433029 119 97 44 0 0 0
130.300 14 ESTIMATOR 182.519394 -1.37
130.424 14 AIRSPEED 13.2 0. 0. 0.
130.427 14 ATTITUDE 0.002528 4.70166 -0.057087
130.482 14 NAVIGATION 16 4 -29.34375 61.5 0. 68.141808 120 98 45 0 0 0
130.499 14 FBW_STATUS 2 0 1 12.5 0.249037
130.499 14 GPS 3 36025239 481365715 2743 182504 1264 -136 0 11300960 31 0
130.615 14 GPS_SOL 421 421 421 7
130.699 14 WP_MOVED 19 360289. 4813610. 500. 31
130.733 14 NAVIGATION 16 4 -32.34375 62. 0. 69.929382 120 98 45 0 0 0
130.749 14 GPS 3 36024885 481365742 2743 182250 1265 -143 0 11301240 31 0
130.750 14 SVINFO 0 7 0 0 36 86 84
130.799 14 ESTIMATOR 182.005524 -1.43
130.924 14 ATTITUDE 0.002528 4.701432 -0.057087
130.982 14 NAVIGATION 16 4 -35.90625 62. 0. 71.646767 120 98 45 0 0 0
130.999 14 DESIRED 0.003368 -0.059083 0. -100.684418 67.369209 179.322083 -1.186928 13.
130.999 14 GPS 3 36024582 481365765 2743 182033 1266 -143 0 11301480 31 0
130.999 14 SVINFO 1 8 1 1 37 81 134
