125.024 14 NAVIGATION 16 4 25.5 57. 0. 62.443974 115 94 41 0 0 0
125.041 14 GPS 3 36030680 481365268 2745 186116 1240 -114 0 11610240 31 0
125.041 14 SVINFO 6 13 1 6 38 67 19
125.090 14 ESTIMATOR 186.064667 -1.14
125.191 14 ATTITUDE -0.001231 4.719893 -0.057087
125.274 14 NAVIGATION 16 4 22.0625 57.5 0. 61.587368 115 94 41 0 0 0
125.290 14 GPS 3 36030383 481365292 2745 185869 1239 -107 0 11610480 31 0
125.291 14 SVINFO 0 7 0 0 33 78 79
125.491 14 WP_MOVED 2 360333.5 4813695. 260. 31
125.524 14 NAVIGATION 16 4 19.09375 57.5 0. 60.587303 115 94 41 0 0 0
125.541 14 GPS 3 36030087 481365315 2745 185623 1239 -102 0 11610720 31 0
125.541 14 SVINFO 1 8 1 1 34 88 129
125.590 14 NAVIGATION 16 4 16.125 57.5 0. 60.587303 115 94 41 0 0 0
125.590 14 ESTIMATOR 185.557724 -1.02
125.690 14 AIRSPEED 13.2 0. 0. 0.
125.690 14 ATTITUDE 0.002528 4.719449 -0.057087
125.774 14 NAVIGATION 16 4 16.125 57.5 0. 59.71822 116 95 42 0 0 0
125.790 14 FBW_STATUS 2 0 1 12.5 0.196242
125.790 14 ENERGY 16 12.5 0.196242 2.453031 0.087153 1.089373
125.790 14 GPS 3 36029790 481365339 2745 185376 1239 -115 0 11610960 31 0
125.791 14 SVINFO 2 9 1 2 35 58 179
125.891 14 GPS_SOL 367 367 367 7
125.892 14 DESIRED 0.004151 -0.056431 0. -48.626617 63.200382 183.891129 -1.133879 13.
125.992 14 DL_VALUE 29 0.
125.992 14 WP_MOVED 3 360294.09375 4813785. 260. 31
126.024 14 NAVIGATION 16 4 13.15625 58. 0. 59.473415 116 95 42 0 0 0
126.040 14 GPS 3 36029444 481365367 2745 185088 1239 -127 0 11611240 31 0
126.092 14 IR_SENSORS 0 0 8 -16 265
126.092 14 ESTIMATOR 185.047928 -1.27
126.190 14 SEGMENT 499.146088 19.33432 28.799999 57.
126.190 14 ATTITUDE 0.002528 4.719074 -0.057087
126.273 14 NAVIGATION 16 4 9.6875 58.5 0. 59.296692 116 95 42 0 0 0
126.290 14 CALIBRATION -37.58239 0
126.291 14 GPS 3 36029148 481365390 2745 184841 1239 -120 0 11611480 31 0
126.291 14 SVINFO 4 11 0 4 37 0 279
126.491 14 WP_MOVED 4 360416.3125 4813734. 260. 31
126.524 14 NAVIGATION 16 4 6.71875 58.5 0. 58.884563 116 95 42 0 0 0
126.540 14 GPS 3 36028851 481365414 2745 184593 1239 -112 0 11611720 31 0
126.541 14 SVINFO 5 12 1 5 38 27 329
126.590 14 NAVIGATION 16 4 3.78125 58.5 0. 58.884563 116 95 42 0 0 0
126.590 14 ESTIMATOR 184.493332 -1.12
126.691 14 AIRSPEED 13.2 0. 0. 0.
126.692 14 ATTITUDE 0.002528 4.719035 -0.057087
126.774 14 NAVIGATION 16 4 3.78125 58.5 0. 58.622078 117 96 43 0 0 0
126.790 14 GPS 3 36028555 481365437 2745 184346 1239 -108 0 11611960 31 0
126.790 14 SVINFO 6 13 0 6 39 70 20
126.874 14 COMMANDS 1600,11,-37,0
126.891 14 ENERGY 16 12.5 0.196242 2.453031 0.087516 1.093908
126.941 14 DESIRED 0.004066 -0.056459 0. -60.971283 64.18895 182.807648 -1.134452 13.
126.974 14 FBW_STATUS 2 0 1 12.5 0.195797
126.992 14 WP_MOVED 5 360421. 4813583.5 260. 31
127.024 14 NAVIGATION 16 4 0.8125 59. 0. 59.005596 117 96 43 0 0 0
127.040 14 GPS 3 36028208 481365465 2745 184058 1240 -128 0 11612240 31 0
127.097 14 COMMANDS 1626,-2,11,0
127.098 14 ESTIMATOR 183.998154 -1.28
127.190 14 STATE_FILTER_STATUS 2 3 289
127.191 14 ATTITUDE 0.002528 4.719048 -0.057087
127.274 14 NAVIGATION 16 4 -2.65625 59. 0. 59.059765 117 96 43 0 0 0
127.291 14 IR_SENSORS 0 0 8 -16 265
127.291 14 GPS 3 36027912 481365489 2745 183812 1240 -130 0 11612480 31 0
127.390 14 PPRZ_MODE 2 3 2 1 0 6
127.390 14 SEGMENT 499.146088 19.33432 28.799999 57.
127.492 14 ALIVE 164,197,173,81,157,99,46,203,224,90,49,46,127,45,218,39
127.492 14 DL_VALUE 30 0.01
127.492 14 WP_MOVED 6 360164.8125 4813664.5 260. 31
127.524 14 NAVIGATION 16 4 -5.625 59.5 0. 59.765297 117 96 43 0 0 0
127.540 14 GPS 3 36027615 481365512 2745 183565 1240 -129 0 11612720 31 0
127.590 14 NAVIGATION 16 4 -8.59375 59.5 0. 59.765297 117 96 43 0 0 0
127.591 14 ESTIMATOR 183.433167 -1.29
127.690 14 AIRSPEED 13.2 0. 0. 0.
127.690 14 ATTITUDE 0.002528 4.719045 -0.057087
127.775 14 NAVIGATION 16 4 -8.59375 59.5 0. 60.117405 118 97 44 0 0 0
127.791 14 FBW_STATUS 2 0 1 12.5 0.212266
127.792 14 GPS 3 36027318 481365536 2745 183319 1241 -102 0 11612960 31 0
127.792 14 SVINFO 3 10 0 3 36 13 230
127.890 14 GPS_SOL 380 380 380 7
127.992 14 ENERGY 17 12.5 0.202504 2.531299 0.087889 1.098577
127.993 14 DESIRED 0.004036 -0.056542 0. -73.347015 65.180008 181.721451 -1.136105 13.
127.993 14 WP_MOVED 7 360558.40625 4813804.5 260. 31
128.024 14 NAVIGATION 16 4 -11.5625 60. 0. 61.103939 118 97 44 0 0 0
128.040 14 GPS 3 36026971 481365564 2745 183034 1242 -113 0 11613240 31 0
128.090 14 ESTIMATOR 182.941269 -1.13
128.191 14 ATTITUDE 0.002528 4.719411 -0.057087
128.274 14 NAVIGATION 16 4 -15.03125 60. 0. 61.854172 118 97 44 0 0 0
128.292 14 GPS 3 36026673 481365587 2745 182791 1242 -109 0 11613480 31 0
128.392 14 CALIBRATION -43.643681 0
128.395 14 WIND_INFO 14 5 0.2 0.9 0. 13.2
128.491 14 IR_SENSORS 0 0 8 -16 265
128.491 14 WP_MOVED 8 360783.15625 4813614.5 215. 31
128.524 14 NAVIGATION 16 4 -18.03125 60.5 0. 63.129833 118 97 44 0 0 0
128.540 14 GPS 3 36026376 481365611 2745 182548 1243 -133 0 11613720 31 0
128.592 14 SEGMENT 499.146088 19.33432 28.799999 57.
128.592 14 NAVIGATION 16 4 -21. 60.5 0. 63.129833 118 97 44 0 0 0
128.593 14 ESTIMATOR 182.453094 -1.33
128.691 14 AIRSPEED 13.2 0. 0. 0.
128.691 14 ATTITUDE 0.002528 4.71991 -0.053317
128.775 14 NAVIGATION 16 4 -21. 60.5 0. 64.041 119 98 45 0 0 0
128.792 14 GPS 3 36026079 481365635 2746 182305 1243 -132 0 11613960 31 0
128.793 14 SVINFO 0 7 0 0 34 82 81
128.974 14 FBW_STATUS 2 0 1 12.5 0.210307
128.990 14 DL_VALUE 31 0.1
128.990 14 WP_MOVED 9 360312.8125 4813652. 185. 31
129.024 14 NAVIGATION 16 4 -23.9375 61. 0. 65.528648 119 98 45 0 0 0
129.042 14 DESIRED 0.001711 -0.056368 0. -88.712372 66.410477 180.632523 -1.132631 13.
129.042 14 GPS 3 36025731 481365663 2746 182023 1244 -129 0 11614240 31 0
129.042 14 SVINFO 1 8 0 1 35 86 131
129.093 14 ENERGY 17 12.5 0.213021 2.66276 0.08827 1.103332
129.093 14 ESTIMATOR 181.885529 -1.29
129.191 14 ATTITUDE 0.002528 4.720625 -0.057087
129.274 14 NAVIGATION 16 4 -27.4375 61. 0. 66.886597 119 98 45 0 0 0
129.291 14 GPS 3 36025433 481365687 2746 181782 1245 -137 0 11614480 31 0
129.292 14 SVINFO 2 9 0 2 36 51 181
129.491 14 WP_MOVED 10 360789.53125 4813694. 215. 31
129.523 14 NAVIGATION 16 4 -30.4375 61.5 0. 68.619904 119 98 45 0 0 0
129.542 14 GPS 3 36025433 481365687 899 181782 0 -35 0 11614720 31 0
129.543 14 SVINFO 3 10 1 3 37 11 231
129.591 14 NAVIGATION 16 4 -30.4375 61.5 0. 68.619904 119 98 45 0 0 0
129.591 14 ESTIMATOR 181.406631 -0.35
129.690 14 IR_SENSORS 0 0 8 -16 265
129.691 14 AIRSPEED 13.2 0. 0. 0.
129.691 14 ATTITUDE 0.002528 3.360262 -0.057087
129.774 14 NAVIGATION 16 4 -30.4375 61.5 0. 68.619904 120 99 46 0 0 0
129.790 14 DATALINK_REPORT 2 17 3586 561 0 0
129.790 14 FBW_STATUS 2 0 1 12.5 0.197879
129.791 14 SEGMENT 499.146088 19.33432 28.799999 57.
129.792 14 GPS 3 36025433 481365687 899 181782 0 -39 0 11614960 31 0
129.793 14 SVINFO 4 11 1 4 38 1 281
129.891 14 GPS_SOL 393 393 393 7
129.990 14 WP_MOVED 11 360169.5 4813757.5 260. 31
130.024 14 NAVIGATION 16 4 -30.4375 61.5 0. 68.619904 120 99 46 0 0 0
130.041 14 GPS 3 36025433 481365687 899 181782 0 -39 0 11615240 31 0
130.043 14 SVINFO 5 12 1 5 39 33 331
130.096 14 DESIRED -0. -0.000945 0. -95.210785 66.930878 180.632523 -0.024167 13.
130.097 14 ESTIMATOR 181.45401 -0.39
130.192 14 ENERGY 33 12.5 0.45185 5.648127 0.088746 1.109285
130.193 14 ATTITUDE 0.002528 3.360262 -0.057087
130.274 14 NAVIGATION 16 4 -30.4375 61.5 0. 68.619904 120 99 46 0 0 0
130.290 14 GPS 3 36025433 481365687 899 181782 0 -21 0 11615480 31 0
130.291 14 SVINFO 6 13 1 6 40 75 22
130.490 14 CALIBRATION -57.393948 0
130.490 14 DL_VALUE 32 0.
130.491 14 WP_MOVED 12 360287.59375 4813581. 260. 31
130.524 14 NAVIGATION 16 4 -30.4375 61.5 0. 68.619904 120 99 46 0 0 0
130.541 14 GPS 3 36025433 481365687 899 181782 0 -8 0 11615720 31 0
130.599 14 NAVIGATION 16 4 -30.4375 61.5 0. 68.619904 120 99 46 0 0 0
130.599 14 ESTIMATOR 181.508072 -0.08
130.690 14 AIRSPEED 13.2 0. 0. 0.
130.691 14 ATTITUDE 0.002528 3.360262 -0.057087
130.774 14 NAVIGATION 16 4 -30.4375 61.5 0. 68.619904 121 100 47 0 0 0
130.791 14 GPS 3 36025433 481365687 899 181782 0 -28 0 11616000 31 0
130.892 14 NAVIGATION_REF 360284 4813595 31 185.
130.893 14 IR_SENSORS 0 0 8 -16 265
130.974 14 FBW_STATUS 2 0 1 12.5 0.462949
130.990 14 SEGMENT 499.146088 19.33432 28.799999 57.
130.991 14 WP_MOVED 13 360311.5 4813547. 260. 31
