125.004 14 NAVIGATION 16 4 22.125 57.5 0. 61.609787 115 94 41 0 0 0
125.021 14 GPS 3 36030689 481365278 2744 186114 1239 -111 0 11759960 31 0
125.021 14 SVINFO 5 12 1 5 37 24 328
125.069 14 DESIRED 0.001378 -0.055172 0. -42.664825 62.722958 184.941895 -1.116539 13.
125.120 14 IR_SENSORS 0 0 9 -15 265
125.204 14 FBW_STATUS 2 0 1 12.5 0.197581
125.221 14 SEGMENT 499.146088 19.33432 28.799999 57.
125.221 14 WP_MOVED 1 360284. 4813595. 260. 31
125.275 14 NAVIGATION 16 4 18.6875 57.5 0. 60.460506 115 94 41 0 0 0
125.276 14 GPS 3 36030343 481365305 2745 185826 1239 -115 0 11760240 31 0
125.277 14 SVINFO 6 13 1 6 38 67 19
125.320 14 ESTIMATOR 185.775146 -1.15
125.420 14 ATTITUDE 0.006288 4.718675 -0.057087
125.506 14 NAVIGATION 16 4 15.71875 58. 0. 60.092255 115 94 41 0 0 0
125.520 14 GPS 3 36030047 481365329 2745 185579 1239 -107 0 11760480 31 0
125.521 14 SVINFO 0 7 0 0 33 78 79
125.720 14 WP_MOVED 2 360333.5 4813695. 260. 31
125.763 14 NAVIGATION 16 4 12.78125 58. 0. 59.391586 115 94 41 0 0 0
125.771 14 GPS 3 36029750 481365353 2745 185332 1239 -102 0 11760720 31 0
125.773 14 SVINFO 1 8 1 1 34 88 129
125.821 14 NAVIGATION 16 4 12.78125 58. 0. 59.391586 115 94 41 0 0 0
125.821 14 ESTIMATOR 185.266342 -1.02
125.919 14 AIRSPEED 13.2 0. 0. 0.
125.919 14 ATTITUDE 0.006288 4.719583 -0.057087
126.004 14 NAVIGATION 16 4 9.8125 58.5 0. 59.317242 116 95 42 0 0 0
126.020 14 FBW_STATUS 2 0 1 12.5 0.192089
126.021 14 ENERGY 16 12.5 0.192237 2.40296 0.087271 1.090846
126.021 14 GPS 3 36029454 481365377 2746 185085 1239 -115 0 11760960 31 0
126.021 14 SVINFO 2 9 1 2 35 58 179
126.120 14 GPS_SOL 367 367 367 7
126.120 14 DESIRED 8.2e-05 -0.055266 0. -54.978485 63.709042 183.852203 -1.118421 13.
126.220 14 DL_VALUE 29 0.
126.220 14 WP_MOVED 3 360294.09375 4813785. 260. 31
126.261 14 NAVIGATION 16 4 6.34375 58.5 0. 58.842953 116 95 42 0 0 0
126.270 14 GPS 3 36029108 481365405 2746 184797 1238 -127 0 11761240 31 0
126.319 14 IR_SENSORS 0 0 9 -15 265
126.319 14 ESTIMATOR 184.756714 -1.27
126.420 14 SEGMENT 499.146088 19.33432 28.799999 57.
126.420 14 ATTITUDE 0.002528 4.720878 -0.057087
126.503 14 NAVIGATION 16 4 3.375 59. 0. 59.096451 116 95 42 0 0 0
126.520 14 CALIBRATION -37.586849 0
126.520 14 GPS 3 36028811 481365429 2746 184549 1239 -120 0 11761480 31 0
126.521 14 SVINFO 4 11 0 4 37 0 279
126.719 14 WP_MOVED 4 360416.3125 4813734. 260. 31
126.758 14 NAVIGATION 16 4 0.40625 59. 0. 59.0014 116 95 42 0 0 0
126.770 14 GPS 3 36028515 481365453 2747 184302 1239 -112 0 11761720 31 0
126.770 14 SVINFO 5 12 1 5 38 27 329
126.820 14 NAVIGATION 16 4 0.40625 59. 0. 59.0014 116 95 42 0 0 0
126.820 14 ESTIMATOR 184.202026 -1.12
126.920 14 AIRSPEED 13.2 0. 0. 0.
126.920 14 ATTITUDE 0.002528 4.721687 -0.057087
127.004 14 NAVIGATION 16 4 -2.59375 59. 0. 59.056984 117 96 43 0 0 0
127.019 14 GPS 3 36028218 481365478 2747 184054 1239 -108 0 11761960 31 0
127.020 14 SVINFO 6 13 0 6 39 70 20
127.103 14 COMMANDS 1618,3,16,0
127.120 14 ENERGY 16 12.5 0.198772 2.484655 0.087634 1.095378
127.169 14 DESIRED 0.002946 -0.055814 0. -67.345428 64.699402 182.768738 -1.118836 13.
127.203 14 FBW_STATUS 2 0 1 12.5 0.198624
127.222 14 WP_MOVED 5 360421. 4813583.5 260. 31
127.253 14 NAVIGATION 16 4 -6.03125 59.5 0. 59.804901 117 96 43 0 0 0
127.270 14 GPS 3 36027872 481365506 2747 183766 1239 -128 0 11762240 31 0
127.320 14 COMMANDS 1647,18,-25,0
127.320 14 ESTIMATOR 183.706528 -1.28
127.420 14 STATE_FILTER_STATUS 2 3 289
127.420 14 ATTITUDE 0.002528 4.721647 -0.057087
127.509 14 NAVIGATION 16 4 -9. 60. 0. 60.671246 117 96 43 0 0 0
127.521 14 IR_SENSORS 0 0 9 -16 265
127.522 14 GPS 3 36027576 481365531 2746 183519 1240 -131 0 11762480 31 0
127.621 14 PPRZ_MODE 2 3 2 1 0 6
127.621 14 SEGMENT 499.146088 19.33432 28.799999 57.
127.720 14 ALIVE 164,197,173,81,157,99,46,203,224,90,49,46,127,45,218,39
127.721 14 DL_VALUE 30 0.01
127.721 14 WP_MOVED 6 360164.8125 4813664.5 260. 31
127.767 14 NAVIGATION 16 4 -11.9375 60. 0. 61.176006 117 96 43 0 0 0
127.770 14 GPS 3 36027279 481365555 2746 183273 1241 -128 0 11762720 31 0
127.821 14 NAVIGATION 16 4 -11.9375 60. 0. 61.176006 117 96 43 0 0 0
127.822 14 ESTIMATOR 183.139328 -1.28
127.920 14 AIRSPEED 13.2 0. 0. 0.
127.920 14 ATTITUDE 0.002528 4.721619 -0.057087
128.004 14 NAVIGATION 16 4 -14.90625 60. 0. 61.823914 118 97 44 0 0 0
128.021 14 FBW_STATUS 2 0 1 12.5 0.20805
128.021 14 GPS 3 36026982 481365579 2746 183027 1241 -102 0 11762960 31 0
128.022 14 SVINFO 3 10 0 3 36 13 230
128.120 14 GPS_SOL 380 380 380 7
128.221 14 ENERGY 17 12.5 0.205349 2.566859 0.088007 1.100048
128.221 14 DESIRED 0.002915 -0.05577 0. -79.659149 65.685486 181.682526 -1.120669 13.
128.222 14 WP_MOVED 7 360558.40625 4813804.5 260. 31
128.268 14 NAVIGATION 16 4 -18.375 60.5 0. 63.228874 118 97 44 0 0 0
128.271 14 GPS 3 36026635 481365608 2747 182742 1242 -113 0 11763240 31 0
128.319 14 ESTIMATOR 182.649643 -1.13
128.400 14 WIND_INFO 14 5 0.1 0.9 0. 13.2
128.420 14 ATTITUDE 0.002528 4.721881 -0.057087
128.503 14 NAVIGATION 16 4 -21.375 61. 0. 64.636604 118 97 44 0 0 0
128.520 14 GPS 3 36026338 481365633 2747 182498 1243 -109 0 11763480 31 0
128.620 14 CALIBRATION -43.482792 0
128.720 14 IR_SENSORS 0 0 8 -16 265
128.720 14 WP_MOVED 8 360783.15625 4813614.5 215. 31
128.757 14 NAVIGATION 16 4 -21.375 61. 0. 64.636604 118 97 44 0 0 0
128.770 14 GPS 3 36026040 481365657 2747 182255 1243 -133 0 11763720 31 0
128.819 14 SEGMENT 499.146088 19.33432 28.799999 57.
128.820 14 NAVIGATION 16 4 -24.34375 61. 0. 64.636604 118 97 44 0 0 0
128.820 14 ESTIMATOR 182.160858 -1.33
128.921 14 AIRSPEED 13.2 0. 0. 0.
128.921 14 ATTITUDE 0.002528 4.722295 -0.057087
129.004 14 NAVIGATION 16 4 -24.34375 61. 0. 65.678139 119 98 45 0 0 0
129.020 14 GPS 3 36025743 481365682 2747 182012 1243 -132 0 11763960 31 0
129.020 14 SVINFO 0 7 0 0 34 82 81
129.204 14 FBW_STATUS 2 0 1 12.5 0.210909
129.221 14 DL_VALUE 31 0.1
129.221 14 WP_MOVED 9 360312.8125 4813652. 185. 31
129.266 14 NAVIGATION 16 4 -27.3125 61.5 0. 67.292068 119 98 45 0 0 0
129.270 14 DESIRED -0.001159 -0.05613 0. -92.105621 66.68222 180.596329 -1.125156 13.
129.270 14 GPS 3 36025396 481365710 2747 181729 1243 -130 0 11764240 31 0
129.271 14 SVINFO 1 8 0 1 35 86 131
129.319 14 ENERGY 17 12.5 0.213927 2.674085 0.088385 1.104772
129.319 14 ESTIMATOR 181.592697 -1.3
129.421 14 ATTITUDE -0.001231 4.722065 -0.057087
129.503 14 NAVIGATION 16 4 -30.78125 61.5 0. 68.773071 119 98 45 0 0 0
129.520 14 GPS 3 36025396 481365710 899 181729 0 -37 0 11764480 31 0
129.521 14 SVINFO 2 9 0 2 36 51 181
129.720 14 WP_MOVED 10 360789.53125 4813694. 215. 31
129.767 14 NAVIGATION 16 4 -30.78125 61.5 0. 68.773071 119 98 45 0 0 0
129.769 14 GPS 3 36025396 481365710 899 181729 0 -35 0 11764720 31 0
129.769 14 SVINFO 3 10 1 3 37 11 231
129.820 14 NAVIGATION 16 4 -30.78125 61.5 0. 68.773071 119 98 45 0 0 0
129.820 14 ESTIMATOR 181.405594 -0.35
129.920 14 IR_SENSORS 0 0 8 -17 265
129.921 14 AIRSPEED 13.2 0. 0. 0.
129.921 14 ATTITUDE -0.001231 3.25225 -0.057087
130.003 14 NAVIGATION 16 4 -30.78125 61.5 0. 68.773071 120 99 46 0 0 0
130.020 14 DATALINK_REPORT 2 17 3585 561 0 0
130.020 14 FBW_STATUS 2 0 1 12.5 0.38483
130.021 14 SEGMENT 499.146088 19.33432 28.799999 57.
130.021 14 GPS 3 36025396 481365710 899 181729 0 -39 0 11764960 31 0
130.022 14 SVINFO 4 11 1 4 38 1 281
130.120 14 GPS_SOL 393 393 393 7
130.221 14 WP_MOVED 11 360169.5 4813757.5 260. 31
130.271 14 NAVIGATION 16 4 -30.78125 61.5 0. 68.773071 120 99 46 0 0 0
130.271 14 GPS 3 36025396 481365710 899 181729 0 -39 0 11765240 31 0
130.272 14 SVINFO 5 12 1 5 39 33 331
130.320 14 DESIRED -0. -0.001113 0. -95.552277 66.958221 180.596329 -0.024821 13.
130.320 14 ESTIMATOR 181.429703 -0.39
130.419 14 ENERGY 33 12.5 0.45308 5.663505 0.088952 1.111854
130.419 14 ATTITUDE -0.001231 3.25225 -0.057087
130.504 14 NAVIGATION 16 4 -30.78125 61.5 0. 68.773071 120 99 46 0 0 0
130.521 14 GPS 3 36025396 481365710 899 181729 0 -21 0 11765480 31 0
130.521 14 SVINFO 6 13 1 6 40 75 22
130.720 14 CALIBRATION -58.387577 0
130.721 14 DL_VALUE 32 0.
130.721 14 WP_MOVED 12 360287.59375 4813581. 260. 31
130.767 14 NAVIGATION 16 4 -30.78125 61.5 0. 68.773071 120 99 46 0 0 0
130.770 14 GPS 3 36025396 481365710 899 181729 0 -8 0 11765720 31 0
130.820 14 NAVIGATION 16 4 -30.78125 61.5 0. 68.773071 120 99 46 0 0 0
130.820 14 ESTIMATOR 181.470917 -0.08
130.921 14 AIRSPEED 13.2 0. 0. 0.
130.921 14 ATTITUDE -0.001231 3.25225 -0.057087
