124.973 14 GPS 3 36044118 481364203 2745 198459 1209 -110 0 165640960 31 0
125.074 14 IR_SENSORS 0 0 8 -16 265
125.158 14 FBW_STATUS 2 0 1 12.5 0.131623
125.174 14 SEGMENT 499.146088 19.33432 28.799999 57.
125.175 14 WP_MOVED 13 360311.5 4813547. 260. 31
125.207 14 NAVIGATION 16 4 156.4375 46.5 0. 163.202148 104 83 30 0 0 0
125.224 14 GPS 3 36043781 481364230 2745 198125 1207 -124 0 165641240 31 0
125.274 14 ESTIMATOR 198.266617 -1.24
125.374 14 ENERGY 12 12.5 0.136197 1.702465 0.084384 1.054766
125.375 14 ATTITUDE 0.002528 4.700819 -0.057087
125.457 14 NAVIGATION 16 4 153.0625 46.5 0. 159.969925 104 83 30 0 0 0
125.475 14 GPS 3 36043492 481364253 2745 197836 1206 -137 0 165641480 31 0
125.475 14 SVINFO 4 11 1 4 34 0 275
125.674 14 WP_MOVED 14 360300.6875 4813575.5 260. 31
125.707 14 NAVIGATION 16 4 150.15625 47. 0. 157.340073 104 83 30 0 0 0
125.723 14 GPS 3 36043203 481364276 2745 197546 1207 -139 0 165641720 31 0
125.724 14 SVINFO 5 12 1 5 35 16 325
125.779 14 DATALINK_REPORT 1 16 3315 547 0 0
125.780 14 DESIRED 0.002444 -0.05589 0. 85.386078 52.468544 195.653259 -1.123064 13.
125.781 14 NAVIGATION 16 4 147.28125 47.5 0. 157.340073 104 83 30 0 0 0
125.782 14 ESTIMATOR 197.573608 -1.39
125.874 14 AIRSPEED 13.2 0. 0. 0.
125.874 14 ATTITUDE 0.002528 4.700683 -0.053317
125.957 14 NAVIGATION 16 4 147.28125 47.5 0. 154.751465 105 84 31 0 0 0
125.973 14 FBW_STATUS 2 0 1 12.5 0.146695
125.974 14 GPS 3 36042914 481364299 2745 197255 1208 -143 0 165641960 31 0
125.974 14 SVINFO 6 13 1 6 36 59 16
126.075 14 GPS_SOL 335 335 335 7
126.173 14 AUTOPILOT_VERSION 51500 v5.15_devel-179-g9a29798-dirty
126.174 14 CALIBRATION 1.742761 0
126.174 14 DL_VALUE 25 0.
126.174 14 WP_MOVED 15 360297.6875 4813554.5 260. 31
126.207 14 NAVIGATION 16 4 144.375 47.5 0. 151.988129 105 84 31 0 0 0
126.223 14 GPS 3 36042576 481364326 2745 196917 1210 -130 0 165642240 31 0
126.277 14 IR_SENSORS 0 0 8 -16 265
126.277 14 ESTIMATOR 196.886581 -1.3
126.374 14 SEGMENT 499.146088 19.33432 28.799999 57.
126.375 14 ATTITUDE 0.002528 4.701161 -0.057087
126.457 14 NAVIGATION 16 4 141. 47.5 0. 148.785919 105 84 31 0 0 0
126.474 14 ENERGY 14 12.5 0.158331 1.979133 0.084655 1.058152
126.474 14 GPS 3 36042287 481364349 2745 196628 1211 -135 0 165642480 31 0
126.674 14 WP_MOVED 16 360683.46875 4813622.5 215. 31
126.706 14 NAVIGATION 16 4 138.125 48. 0. 146.227615 105 84 31 0 0 0
126.723 14 GPS 3 36041996 481364372 2745 196342 1213 -135 0 165642720 31 0
126.724 14 SVINFO 2 9 1 2 33 66 176
126.798 14 NAVIGATION 16 4 135.21875 48.5 0. 146.227615 105 84 31 0 0 0
126.799 14 ESTIMATOR 196.267075 -1.35
126.824 14 DESIRED 0.001978 -0.055675 0. 73.351929 53.432247 194.597031 -1.118772 13.
126.874 14 AIRSPEED 13.2 0. 0. 0.
126.874 14 ATTITUDE 0.002528 4.701426 -0.053317
126.957 14 NAVIGATION 16 4 135.21875 48.5 0. 143.65361 106 85 32 0 0 0
126.974 14 GPS 3 36041705 481364396 2745 196058 1216 -150 0 165642960 31 0
126.975 14 SVINFO 3 10 1 3 34 23 226
127.157 14 FBW_STATUS 2 0 1 12.5 0.173751
127.174 14 WP_MOVED 17 360654.59375 4813624.5 215. 31
127.207 14 NAVIGATION 16 4 132.28125 48.5 0. 140.892075 106 85 32 0 0 0
127.224 14 GPS 3 36041365 481364423 2745 195731 1219 -149 0 165643240 31 0
127.225 14 SVINFO 4 11 1 4 35 0 276
127.279 14 ESTIMATOR 195.624451 -1.49
127.373 14 ATTITUDE 0.002528 4.701752 -0.057087
127.457 14 NAVIGATION 16 4 128.875 48.5 0. 137.699005 106 85 32 0 0 0
127.473 14 IR_SENSORS 0 0 8 -17 265
127.473 14 GPS 3 36041073 481364446 2745 195453 1221 -144 0 165643480 31 0
127.474 14 SVINFO 5 12 1 5 36 19 326
127.574 14 SEGMENT 499.146088 19.33432 28.799999 57.
127.574 14 ENERGY 16 12.5 0.187067 2.338339 0.084968 1.062069
127.673 14 DL_VALUE 26 160.
127.674 14 WP_MOVED 0 360326. 4813637. 260. 31
127.708 14 NAVIGATION 16 4 125.96875 49. 0. 135.16333 106 85 32 0 0 0
127.724 14 GPS 3 36040780 481364469 2745 195179 1224 -137 0 165643720 31 0
127.724 14 SVINFO 6 13 1 6 37 62 17
127.784 14 NAVIGATION 16 4 123.0625 49.5 0. 135.16333 106 85 32 0 0 0
127.788 14 ESTIMATOR 195.00412 -1.37
127.874 14 DESIRED 0.002124 -0.0558 0. 61.193604 54.405895 193.529907 -1.121256 13.
127.874 14 AIRSPEED 13.2 0. 0. 0.
127.875 14 ATTITUDE 0.002528 4.701769 -0.053317
127.957 14 NAVIGATION 16 4 123.0625 49.5 0. 132.644745 107 86 33 0 0 0
127.974 14 FBW_STATUS 2 0 1 12.5 0.190461
127.975 14 GPS 3 36040486 481364493 2745 194909 1227 -136 0 165643960 31 0
127.975 14 SVINFO 0 7 0 0 32 73 77
128.057 14 COMMANDS 1583,-16,19,0
128.074 14 NAVIGATION_REF 360284 4813595 31 185.
128.075 14 GPS_SOL 345 345 345 7
128.174 14 WP_MOVED 1 360284. 4813595. 260. 31
128.207 14 NAVIGATION 16 4 120.125 49.5 0. 129.924072 107 86 33 0 0 0
128.224 14 GPS 3 36040143 481364520 2745 194599 1231 -124 0 165644240 31 0
128.225 14 SVINFO 1 8 0 1 33 89 127
128.279 14 COMMANDS 1604,24,21,0
128.279 14 CALIBRATION -33.617859 0
128.280 14 ESTIMATOR 194.440155 -1.24
128.373 14 STATE_FILTER_STATUS 2 3 291
128.373 14 ATTITUDE -0.001231 4.701727 -0.053317
128.457 14 NAVIGATION 16 4 116.6875 49.5 0. 126.752602 107 86 33 0 0 0
128.474 14 GPS 3 36039848 481364543 2744 194337 1232 -107 0 165644480 31 0
128.573 14 PPRZ_MODE 2 3 2 1 0 6
128.673 14 ALIVE 145,133,207,161,253,67,128,64,232,179,236,5,224,170,115,203
128.673 14 IR_SENSORS 0 0 9 -17 265
128.674 14 ENERGY 16 12.5 0.197135 2.464184 0.085323 1.0665
128.674 14 WP_MOVED 2 360333.5 4813695. 260. 31
128.707 14 NAVIGATION 16 4 113.71875 50. 0. 124.225418 107 86 33 0 0 0
128.725 14 GPS 3 36039552 481364566 2744 194078 1234 -107 0 165644720 31 0
128.793 14 SEGMENT 499.146088 19.33432 28.799999 57.
128.794 14 NAVIGATION 16 4 110.78125 50.5 0. 124.225418 107 86 33 0 0 0
128.795 14 ESTIMATOR 193.957504 -1.07
128.874 14 AIRSPEED 13.2 0. 0. 0.
128.874 14 ATTITUDE 0.002528 4.701376 -0.057087
128.924 14 DESIRED 0.002358 -0.056212 0. 48.942047 55.387009 192.454605 -1.1295 13.
128.957 14 NAVIGATION 16 4 110.78125 50.5 0. 121.748657 108 87 34 0 0 0
128.973 14 GPS 3 36039257 481364589 2744 193822 1236 -111 0 165644960 31 0
129.158 14 FBW_STATUS 2 0 1 12.5 0.191941
129.174 14 DL_VALUE 27 0.
129.174 14 WP_MOVED 3 360294.09375 4813785. 260. 31
129.207 14 NAVIGATION 16 4 107.8125 50.5 0. 119.053703 108 87 34 0 0 0
129.223 14 GPS 3 36038911 481364616 2744 193526 1236 -114 0 165645240 31 0
129.291 14 ESTIMATOR 193.466888 -1.14
129.372 14 ATTITUDE 0.002528 4.701014 -0.053317
129.457 14 NAVIGATION 16 4 104.375 50.5 0. 115.949951 108 87 34 0 0 0
129.475 14 GPS 3 36038615 481364639 2744 193274 1236 -125 0 165645480 31 0
129.673 14 WP_MOVED 4 360416.3125 4813734. 260. 31
129.707 14 NAVIGATION 16 4 101.40625 51. 0. 113.508713 108 87 34 0 0 0
129.723 14 GPS 3 36038319 481364662 2744 193022 1237 -112 0 165645720 31 0
129.791 14 ENERGY 16 12.5 0.192681 2.408512 0.085678 1.070942
129.792 14 NAVIGATION 16 4 98.4375 51. 0. 113.508713 108 87 34 0 0 0
129.792 14 ESTIMATOR 192.926208 -1.12
129.873 14 IR_SENSORS 0 0 8 -15 265
129.873 14 AIRSPEED 13.2 0. 0. 0.
129.874 14 ATTITUDE 0.006288 4.700873 -0.057087
129.957 14 NAVIGATION 16 4 98.4375 51. 0. 110.864517 109 88 35 0 0 0
129.974 14 FBW_STATUS 2 0 1 12.5 0.192533
129.974 14 SEGMENT 499.146088 19.33432 28.799999 57.
129.975 14 DESIRED 0.00456 -0.05577 0. 33.678619 56.609314 191.373856 -1.128503 13.
129.975 14 GPS 3 36038023 481364685 2744 192772 1237 -123 0 165645960 31 0
130.074 14 GPS_SOL 356 356 356 7
130.174 14 WP_MOVED 5 360421. 4813583.5 260. 31
130.207 14 NAVIGATION 16 4 95.5 51. 0. 108.264725 109 88 35 0 0 0
130.224 14 GPS 3 36037678 481364712 2745 192480 1238 -110 0 165646240 31 0
130.224 14 SVINFO 2 9 0 2 34 61 178
130.290 14 ESTIMATOR 192.399048 -1.1
130.373 14 CALIBRATION -36.746094 0
130.373 14 ATTITUDE 0.006288 4.702113 -0.057087
130.458 14 NAVIGATION 16 4 92.0625 51.5 0. 105.488167 109 88 35 0 0 0
130.474 14 GPS 3 36037381 481364736 2745 192231 1238 -110 0 165646480 31 0
130.474 14 SVINFO 3 10 1 3 35 17 228
130.674 14 DL_VALUE 28 0.32
130.675 14 WP_MOVED 6 360164.8125 4813664.5 260. 31
130.707 14 NAVIGATION 16 4 89.0625 52. 0. 103.131607 109 88 35 0 0 0
130.723 14 GPS 3 36037085 481364759 2745 191982 1238 -110 0 165646720 31 0
130.724 14 SVINFO 4 11 0 4 36 0 278
130.788 14 NAVIGATION 16 4 86.09375 52. 0. 103.131607 109 88 35 0 0 0
130.789 14 ESTIMATOR 191.903641 -1.1
130.874 14 DATALINK_REPORT 6 16 3448 561 0 0
130.874 14 ENERGY 16 12.5 0.192533 2.406661 0.086037 1.075426
130.874 14 AIRSPEED 13.2 0. 0. 0.
130.874 14 ATTITUDE 0.006288 4.703084 -0.057087
130.957 14 NAVIGATION 16 4 86.09375 52. 0. 100.578995 110 89 36 0 0 0
130.973 14 GPS 3 36036789 481364783 2746 191733 1238 -112 0 165646960 31 0
130.974 14 SVINFO 5 12 1 5 37 24 328
