2.433 14 NAVIGATION 2 2 0. 0. 0. 0. 0 6 6 1 0 0
2.450 14 GPS 3 36028477 481359546 899 185000 0 20 0 17776960 31 0
2.633 14 FBW_STATUS 2 0 1 12.5 0.
2.649 14 DL_VALUE 10 1.
2.649 14 WP_MOVED 10 360452.8125 4813581. 260. 31
2.685 14 NAVIGATION 2 2 0. 0. 0. 0. 0 6 6 1 0 0
2.699 14 DESIRED 0. 0.00024 0. 0. 0. 235. 0. 13.
2.699 14 GPS 3 36028477 481359546 899 185000 0 32 0 17777240 31 0
2.750 14 ESTIMATOR 185.067093 0.32
2.851 14 ATTITUDE 0.0023 0. -0.000365
2.937 14 NAVIGATION 2 2 0. 0. 0. 0. 0 6 6 1 0 0
2.950 14 GPS 3 36028477 481359546 899 185000 0 33 0 17777480 31 0
3.150 14 WP_MOVED 11 360169.5 4813757.5 260. 31
3.184 14 NAVIGATION 2 2 0. 0. 0. 0. 0 6 6 1 0 0
3.199 14 GPS 3 36028477 481359546 899 185000 0 34 0 17777720 31 0
3.200 14 SVINFO 3 10 1 3 48 6 159
3.250 14 NAVIGATION 2 2 0. 0. 0. 0. 0 6 6 1 0 0
3.250 14 ESTIMATOR 185.142502 0.34
3.351 14 IR_SENSORS 0 0 23 -16 264
3.351 14 ENERGY 0 12.5 0. 0. 0. 0.
3.351 14 AIRSPEED 0. 0. 0. 0.
3.352 14 ATTITUDE 0.0023 0. -0.000365
3.435 14 NAVIGATION 2 2 0. 0. 0. 0. 0 7 7 1 0 0
3.451 14 FBW_STATUS 2 0 1 12.5 0.
3.452 14 GPS 3 36028477 481359546 899 185000 0 21 0 17777960 31 0
3.550 14 GPS_SOL 625 625 625 7
3.649 14 WP_MOVED 12 360287.59375 4813581. 260. 31
3.684 14 NAVIGATION 2 2 0. 0. 0. 0. 0 7 7 1 0 0
3.700 14 GPS 3 36028477 481359546 899 185000 0 26 0 17778240 31 0
3.750 14 DESIRED 0. 0.00024 0. 0. 0. 235. 0. 13.
3.750 14 ESTIMATOR 185.164581 0.26
3.850 14 ATTITUDE 0.0023 0. -0.000365
3.947 14 NAVIGATION 2 2 0. 0. 0. 0. 0 7 7 1 0 0
3.954 14 GPS 3 36028477 481359546 899 185000 0 18 0 17778480 31 0
4.151 14 CALIBRATION 0. 0
4.151 14 DL_VALUE 11 5.
4.151 14 WP_MOVED 13 360311.5 4813547. 260. 31
4.184 14 NAVIGATION 2 2 0. 0. 0. 0. 0 7 7 1 0 0
4.199 14 GPS 3 36028477 481359546 899 185000 0 6 0 17778720 31 0
4.200 14 SVINFO 0 7 0 0 46 79 10
4.250 14 NAVIGATION 2 2 0. 0. 0. 0. 0 7 7 1 0 0
4.251 14 ESTIMATOR 185.160172 0.06
4.350 14 AIRSPEED 0. 0. 0. 0.
4.351 14 ATTITUDE 0.0023 0. -0.000365
4.436 14 NAVIGATION 2 2 0. 0. 0. 0. 0 8 8 1 0 0
4.449 14 ENERGY 0 12.5 0. 0. 0. 0.
4.450 14 GPS 3 36028477 481359546 899 185000 0 0 0 17778960 31 0
4.451 14 SVINFO 1 8 1 1 47 38 60
4.550 14 NAVIGATION_REF 360284 4813595 31 185.
4.550 14 IR_SENSORS 0 0 23 -16 264
4.634 14 FBW_STATUS 2 0 1 12.5 0.
4.651 14 WP_MOVED 14 360300.6875 4813575.5 260. 31
4.683 14 NAVIGATION 2 2 0. 0. 0. 0. 0 8 8 1 0 0
4.700 14 GPS 3 36028477 481359546 899 185000 0 13 0 17779240 31 0
4.701 14 SVINFO 2 9 1 2 48 3 110
4.750 14 ESTIMATOR 185.09671 0.13
4.800 14 DESIRED 0. 0.00024 0. 0. 0. 235. 0. 13.
4.851 14 ATTITUDE 0.0023 0. -0.000365
4.933 14 NAVIGATION 2 2 0. 0. 0. 0. 0 8 8 1 0 0
4.951 14 GPS 3 36028477 481359546 899 185000 0 -2 0 17779480 31 0
5.151 14 WP_MOVED 15 360297.6875 4813554.5 260. 31
5.183 14 NAVIGATION 2 2 0. 0. 0. 0. 0 8 8 1 0 0
5.200 14 GPS 3 36028477 481359546 899 185000 0 -16 0 17779720 31 0
5.201 14 SVINFO 4 11 1 4 49 46 210
5.250 14 NAVIGATION 2 2 0. 0. 0. 0. 0 8 8 1 0 0
5.250 14 ESTIMATOR 185.067612 -0.16
5.350 14 AIRSPEED 0. 0. 0. 0.
5.350 14 ATTITUDE 0.0023 0. -0.000365
5.434 14 NAVIGATION 2 2 0. 0. 0. 0. 0 9 9 1 0 0
5.454 14 FBW_STATUS 2 0 1 12.5 0.
5.455 14 GPS 3 36028477 481359546 899 185000 0 -3 0 17779960 31 0
5.550 14 GPS_SOL 637 637 637 7
5.550 14 ENERGY 0 12.5 0. 0. 0. 0.
5.651 14 DL_VALUE 12 100.
5.651 14 WP_MOVED 16 361184. 4813643. 260. 31
5.683 14 NAVIGATION 2 2 0. 0. 0. 0. 0 9 9 1 0 0
5.700 14 GPS 3 36028477 481359546 899 185000 0 2 0 17780239 31 0
5.750 14 IR_SENSORS 0 0 23 -16 264
5.750 14 ESTIMATOR 185.009674 0.02
5.851 14 DESIRED 0. 0.00024 0. 0. 0. 235. 0. 13.
5.851 14 ATTITUDE 0.0023 0. -0.000365
5.933 14 NAVIGATION 2 2 0. 0. 0. 0. 0 9 9 1 0 0
5.952 14 GPS 3 36028477 481359546 899 185000 0 -9 0 17780480 31 0
5.952 14 SVINFO 0 7 0 0 47 76 11
6.151 14 WP_MOVED 17 361184. 4813643. 260. 31
6.183 14 NAVIGATION 2 2 0. 0. 0. 0. 0 9 9 1 0 0
6.200 14 GPS 3 36028477 481359546 899 185000 0 13 0 17780720 31 0
6.250 14 CALIBRATION 0. 0
6.250 14 NAVIGATION 2 2 0. 0. 0. 0. 0 9 9 1 0 0
6.250 14 ESTIMATOR 184.991379 0.13
6.350 14 AIRSPEED 0. 0. 0. 0.
6.351 14 ATTITUDE 0.0023 0. -0.000365
6.434 14 NAVIGATION 2 2 0. 0. 0. 0. 0 10 10 1 0 0
6.454 14 GPS 3 36028477 481359546 899 185000 0 10 0 17780960 31 0
6.533 14 COMMANDS 0,-17,7,0
6.634 14 FBW_STATUS 2 0 1 12.5 0.
6.650 14 ENERGY 0 12.5 0. 0. 0. 0.
6.651 14 WP_MOVED 18 360289. 4813605. 220. 31
6.684 14 NAVIGATION 2 2 0. 0. 0. 0. 0 10 10 1 0 0
6.700 14 GPS 3 36028477 481359546 899 185000 0 24 0 17781239 31 0
6.751 14 COMMANDS 0,-17,7,0
6.751 14 ESTIMATOR 185.031754 0.24
6.851 14 STATE_FILTER_STATUS 2 3 303
6.851 14 ATTITUDE 0.0023 0. -0.000365
6.901 14 DESIRED 0. 0.00024 0. 0. 0. 235. 0. 13.
6.933 14 NAVIGATION 2 2 0. 0. 0. 0. 0 10 10 1 0 0
6.955 14 IR_SENSORS 0 0 23 -16 264
6.955 14 GPS 3 36028477 481359546 899 185000 0 34 0 17781480 31 0
7.050 14 DATALINK_REPORT 9 1 514 529 0 0
7.050 14 PPRZ_MODE 2 1 2 0 0 6
7.151 14 ALIVE 179,209,69,119,115,11,176,21,181,244,80,210,55,176,198,136
7.151 14 DL_VALUE 13 1.
7.151 14 WP_MOVED 19 360289. 4813610. 500. 31
7.184 14 NAVIGATION 2 2 0. 0. 0. 0. 0 10 10 1 0 0
7.200 14 GPS 3 36028477 481359546 899 185000 0 18 0 17781720 31 0
7.250 14 NAVIGATION 2 2 0. 0. 0. 0. 0 10 10 1 0 0
7.251 14 ESTIMATOR 185.113815 0.18
7.350 14 AIRSPEED 0. 0. 0. 0.
7.350 14 ATTITUDE 0.0023 0. -0.000365
7.434 14 NAVIGATION 2 2 0. 0. 0. 0. 0 11 11 1 0 0
7.457 14 FBW_STATUS 2 0 1 12.5 0.
7.458 14 GPS 3 36028477 481359546 899 185000 0 21 0 17781960 31 0
7.550 14 GPS_SOL 648 648 648 7
7.651 14 WP_MOVED 20 360289. 4813620. 300. 31
7.684 14 NAVIGATION 2 2 0. 0. 0. 0. 0 11 11 1 0 0
7.700 14 GPS 3 36028477 481359546 899 185000 0 17 0 17782239 31 0
7.751 14 ENERGY 0 12.5 0. 0. 0. 0.
7.751 14 ESTIMATOR 185.126694 0.17
7.850 14 ATTITUDE 0.0023 0. -0.000365
7.934 14 NAVIGATION 2 2 0. 0. 0. 0. 0 11 11 1 0 0
7.961 14 DESIRED 0. 0.00024 0. 0. 0. 235. 0. 13.
7.962 14 GPS 3 36028477 481359546 899 185000 0 15 0 17782480 31 0
7.963 14 SVINFO 1 8 0 1 48 32 62
8.150 14 IR_SENSORS 0 0 23 -16 264
8.151 14 WP_MOVED 21 360289. 4813625. 400. 31
8.183 14 NAVIGATION 2 2 0. 0. 0. 0. 0 11 11 1 0 0
8.199 14 GPS 3 36028477 481359546 899 185000 0 16 0 17782720 31 0
8.250 14 NAVIGATION 2 2 0. 0. 0. 0. 0 11 11 1 0 0
8.251 14 ESTIMATOR 185.121277 0.16
8.350 14 CALIBRATION 0. 0
8.350 14 AIRSPEED 0. 0. 0. 0.
8.350 14 ATTITUDE 0.0023 0. -0.000365
8.385 14 WIND_INFO 14 5 0. 0. 0. 0.
8.433 14 NAVIGATION 2 2 0. 0. 0. 0. 0 12 12 1 0 0
8.457 14 GPS 3 36028477 481359546 899 185000 0 -2 0 17782960 31 0
8.458 14 SVINFO 3 10 0 3 49 11 162
8.509 14 SETTING 9 14 1.
8.509 14 DL_VALUE 9 1.
8.633 14 FBW_STATUS 2 0 1 12.5 0.
8.649 14 AUTOPILOT_VERSION 51500 v5.15_devel-179-g9a29798-dirty
8.649 14 DL_VALUE 14 0.
8.650 14 WP_MOVED 22 360289. 4813645. 250. 31
8.684 14 NAVIGATION 2 2 0. 0. 0. 0. 0 12 12 1 0 0
8.701 14 GPS 3 36028477 481359546 899 185000 0 4 0 17783239 31 0
8.750 14 ESTIMATOR 185.085312 0.04
8.849 14 ENERGY 0 12.5 0. 0. 0. 0.
8.850 14 ATTITUDE 0.0023 0. -0.000365
8.933 14 NAVIGATION 2 2 0. 0. 0. 0. 0 12 12 1 0 0
8.956 14 GPS 3 36028477 481359546 899 185000 0 0 0 17783480 31 0
9.000 14 DESIRED 0. 0.00024 0. 0. 0. 235. 0. 13.
9.150 14 WP_MOVED 0 360326. 4813637. 260. 31
9.183 14 NAVIGATION 2 2 0. 0. 0. 0. 0 12 12 1 0 0
9.200 14 GPS 3 36028477 481359546 899 185000 0 9 0 17783720 31 0
9.249 14 BLOCK 3 14
9.249 14 NAVIGATION 3 0 0. 0. 0. 0. 0 0 0 1 0 0
9.250 14 NAVIGATION 3 0 0. 0. 0. 0. 0 0 0 1 0 0
9.250 14 ESTIMATOR 185.052612 0.09
9.350 14 IR_SENSORS 0 0 23 -16 264
9.350 14 AIRSPEED 0. 0. 0. 0.
9.350 14 ATTITUDE 0.0023 0. -0.000365
9.434 14 NAVIGATION 3 2 0. 0. 198.624115 0. 0 1 0 0 0 0
9.466 14 FBW_STATUS 2 0 1 12.5 0.
9.466 14 GPS 3 36028477 481359546 899 185000 0 4 0 17783960 31 0
9.549 14 GPS_SOL 659 659 659 7
9.650 14 WP_MOVED 1 360284. 4813595. 260. 31
9.683 14 NAVIGATION 3 2 0. 0. 198.624115 0. 0 1 0 0 0 0
9.701 14 GPS 3 36028477 481359852 3599 184996 1272 -4 0 17784239 31 0
9.751 14 ESTIMATOR 185.047989 -0.04
9.851 14 ATTITUDE 0.0023 6.283175 0.014652
9.934 14 NAVIGATION 3 2 0. 3. 196.180374 3. 0 1 0 0 0 0
9.950 14 ENERGY 26 12.5 0.308143 3.851789 0.000116 0.001456
9.950 14 GPS 3 36028477 481360151 3599 184983 1245 -7 0 17784480 31 0
9.951 14 SVINFO 2 9 0 2 49 0 113
10.050 14 DESIRED -0.287531 0.261978 0. -114.5 162.300003 235. 0. 13.
10.150 14 DL_VALUE 15 0.
10.150 14 WP_MOVED 2 360333.5 4813695. 260. 31
10.183 14 NAVIGATION 3 2 0. 6. 193.752274 6. 0 1 0 0 0 0
10.201 14 GPS 3 36028477 481360449 3599 184982 1242 21 0 17784720 31 0
10.250 14 NAVIGATION 3 2 0. 9. 193.752274 6. 0 1 0 0 0 0
10.251 14 ESTIMATOR 185.00032 0.21
10.351 14 AIRSPEED 0. 0. 0. 0.
10.351 14 ATTITUDE -0.0672 6.28224 0.072889
10.433 14 TAKEOFF 23
10.434 14 NAVIGATION 3 2 0. 9. 191.340378 9. 1 2 1 0 0 0
10.450 14 CALIBRATION 0. 0
10.451 14 GPS 3 36028474 481360751 3595 185031 1259 30 0 17784960 31 0
10.549 14 IR_SENSORS 0 0 49 -46 257
10.633 14 FBW_STATUS 2 0 1 12.5 0.939077
10.651 14 WP_MOVED 3 360294.09375 4813785. 260. 31
10.683 14 NAVIGATION 3 2 -0.03125 12. 188.926407 12.000041 1 2 1 0 0 0
10.700 14 GPS 3 36028464 481361113 3583 185200 1295 88 0 17785239 31 0
10.750 14 ESTIMATOR 185.142197 0.88
10.849 14 ATTITUDE -0.183084 6.253621 0.143602
10.933 14 NAVIGATION 3 2 -0.125 15.5 186.096436 15.500504 1 2 1 0 0 0
10.950 14 GPS 3 36028445 481361433 3566 185477 1334 123 0 17785480 31 0
11.049 14 ENERGY 81 12.5 1.38167 17.270874 0.001612 0.020152
11.100 14 DESIRED -0.301289 0.287361 0. -114.5 162.300003 235. 0. 13.
11.150 14 WP_MOVED 4 360416.3125 4813734. 260. 31
11.184 14 NAVIGATION 3 2 -0.3125 19. 183.231201 19.002569 1 2 1 0 0 0
11.200 14 GPS 3 36028414 481361762 3544 185900 1378 199 0 17785720 31 0
11.201 14 SVINFO 0 7 0 0 48 69 14
11.250 14 NAVIGATION 3 2 -0.59375 22. 183.231201 19.002569 1 2 1 0 0 0
11.251 14 ESTIMATOR 185.750763 1.99
11.351 14 AIRSPEED 0. 0. 0. 0.
11.351 14 ATTITUDE -0.281247 6.186954 0.226965
11.434 14 NAVIGATION 3 2 -0.59375 22. 180.717255 22.008011 2 3 2 0 0 0
11.450 14 FBW_STATUS 2 0 1 12.5 1.627817
11.450 14 GPS 3 36028366 481362100 3520 186487 1420 256 0 17785960 31 0
11.532 14 COMMANDS 8524,-161,516,0
11.549 14 GPS_SOL 668 668 668 7
11.650 14 DL_VALUE 16 80.
11.650 14 WP_MOVED 5 360421. 4813583.5 260. 31
11.683 14 NAVIGATION 3 2 -1.0625 25.5 177.714111 25.522125 2 3 2 0 0 0
11.699 14 GPS 3 36028289 481362499 3488 187379 1453 318 0 17786239 31 0
11.750 14 COMMANDS 8524,-38,221,0
11.750 14 IR_SENSORS 0 0 90 -93 234
11.750 14 ESTIMATOR 187.076508 3.18
11.850 14 STATE_FILTER_STATUS 2 3 418
11.850 14 ATTITUDE -0.320631 6.088836 0.285074
11.933 14 NAVIGATION 3 2 -1.875 29.5 174.12706 29.559526 2 3 2 0 0 0
11.950 14 GPS 3 36028204 481362840 3460 188302 1466 386 0 17786480 31 0
12.050 14 PPRZ_MODE 2 1 2 0 0 6
12.149 14 DATALINK_REPORT 3 4 635 520 0 0
12.150 14 ALIVE 179,209,69,119,115,11,176,21,181,244,80,210,55,176,198,136
12.150 14 ENERGY 88 12.5 1.627817 20.347708 0.00456 0.056995
12.150 14 DESIRED -0.312022 0.296443 0. -114.5 162.300003 235. 0. 13.
12.150 14 WP_MOVED 6 360164.8125 4813664.5 260. 31
12.184 14 NAVIGATION 3 2 -2.71875 33. 170.919693 33.111805 2 3 2 0 0 0
12.200 14 GPS 3 36028102 481363178 3431 189344 1470 420 0 17786720 31 0
12.250 14 NAVIGATION 3 2 -3.71875 36. 170.919693 33.111805 2 3 2 0 0 0
12.250 14 ESTIMATOR 189.034103 4.2
12.350 14 AIRSPEED 0. 0. 0. 0.
12.351 14 ATTITUDE -0.330408 5.989105 0.328118
12.433 14 NAVIGATION 3 2 -3.71875 36. 168.000519 36.191563 3 4 3 0 0 0
12.450 14 GPS 3 36027962 481363564 3400 190673 1467 472 0 17787000 31 0
12.550 14 CALIBRATION 0. 0
12.634 14 FBW_STATUS 2 0 1 12.5 1.627817
12.651 14 WP_MOVED 7 360558.40625 4813804.5 260. 31
12.683 14 NAVIGATION 3 2 -5.15625 40. 164.052887 40.330967 3 4 3 0 0 0
12.700 14 GPS 3 36027825 481363887 3369 191878 1459 493 0 17787239 31 0
12.750 14 ESTIMATOR 191.534012 4.93
12.850 14 ATTITUDE -0.298795 5.881443 0.337394
12.933 14 NAVIGATION 3 2 -6.5 43. 160.923874 43.488503 3 4 3 0 0 0
12.950 14 IR_SENSORS 0 0 104 -85 231
12.951 14 GPS 3 36027674 481364201 3343 193118 1451 500 0 17787480 31 0
13.150 14 DL_VALUE 17 0.
13.150 14 WP_MOVED 8 360461.40625 4813640. 215. 31
13.184 14 NAVIGATION 3 2 -8.03125 46.5 157.306183 47.188461 3 4 3 0 0 0
13.201 14 DESIRED -0.18976 0.289706 0. -114.5 162.300003 235. 0. 13.
13.202 14 GPS 3 36027510 481364506 3318 194374 1442 518 0 17787720 31 0
13.202 14 SVINFO 1 8 0 1 49 23 65
13.251 14 ENERGY 88 12.5 1.627817 20.347708 0.007544 0.094299
13.251 14 NAVIGATION 3 2 -9.625 49.5 157.306183 47.188461 3 4 3 0 0 0
13.251 14 ESTIMATOR 194.175354 5.18
13.350 14 AIRSPEED 0. 0. 0. 0.
13.350 14 ATTITUDE -0.251207 5.791672 0.327384
13.433 14 NAVIGATION 3 2 -9.625 49.5 154.021439 50.427082 4 5 4 0 0 0
13.450 14 FBW_STATUS 2 0 1 12.5 1.627817
13.451 14 GPS 3 36027336 481364802 3295 195629 1434 526 0 17787960 31 0
13.550 14 NAVIGATION_REF 360284 4813595 31 185.
13.550 14 GPS_SOL 676 676 676 7
13.650 14 WP_MOVED 9 360312.8125 4813652. 185. 31
13.683 14 NAVIGATION 3 2 -11.375 52.5 150.634674 53.718159 4 5 4 0 0 0
13.701 14 GPS 3 36027120 481365139 3271 197079 1426 495 0 17788239 31 0
13.750 14 ESTIMATOR 196.891006 4.95
13.851 14 ATTITUDE -0.195939 5.710239 0.31407
13.934 14 NAVIGATION 3 2 -13.5625 56. 146.588104 57.618931 4 5 4 0 0 0
13.953 14 GPS 3 36026926 481365420 3253 198301 1422 487 0 17788480 31 0
14.150 14 IR_SENSORS 0 0 99 -55 241
14.151 14 WP_MOVED 10 360452.8125 4813581. 260. 31
14.184 14 NAVIGATION 3 2 -15.46875 58.5 143.462982 60.510597 4 5 4 0 0 0
14.200 14 GPS 3 36026725 481365695 3238 199499 1419 466 0 17788720 31 0
14.250 14 DESIRED -0.099419 0.277803 0. -114.5 162.300003 235. 0. 13.
14.250 14 NAVIGATION 3 2 -17.5 61.5 143.462982 60.510597 4 5 4 0 0 0
14.253 14 ESTIMATOR 199.418182 4.66
14.350 14 ENERGY 88 12.5 1.627817 20.347708 0.010528 0.131603
14.350 14 AIRSPEED 0. 0. 0. 0.
14.350 14 ATTITUDE -0.140913 5.651647 0.293952
14.433 14 NAVIGATION 3 2 -17.5 61.5 139.891525 63.94138 5 6 5 0 0 0
14.451 14 GPS 3 36026483 481366009 3223 200868 1418 455 0 17789000 31 0
14.636 14 FBW_STATUS 2 0 1 12.5 1.627817
14.651 14 CALIBRATION 0. 0
14.651 14 DL_VALUE 18 1.
14.652 14 WP_MOVED 11 360169.5 4813757.5 260. 31
14.683 14 NAVIGATION 3 2 -19.90625 64.5 136.061813 67.501915 5 6 5 0 0 0
14.700 14 GPS 3 36026269 481366274 3211 202018 1418 481 0 17789239 31 0
14.701 14 SVINFO 0 7 0 0 49 64 16
14.749 14 ESTIMATOR 201.844894 4.81
14.851 14 ATTITUDE -0.095027 5.605387 0.279087
14.934 14 NAVIGATION 3 2 -22.0625 67. 132.765884 70.539024 5 6 5 0 0 0
14.951 14 GPS 3 36026051 481366537 3202 203147 1420 471 0 17789480 31 0
15.150 14 WP_MOVED 12 360287.59375 4813581. 260. 31
15.183 14 NAVIGATION 3 2 -24.21875 70. 129.112335 74.071236 5 6 5 0 0 0
15.201 14 GPS 3 36025830 481366796 3195 204261 1422 463 0 17789720 31 0
15.250 14 NAVIGATION 3 2 -26.4375 72.5 129.112335 74.071236 5 6 5 0 0 0
15.251 14 ESTIMATOR 204.253113 4.63
15.300 14 DESIRED -0.051238 0.268675 0. -114.5 162.300003 235. 0. 13.
15.350 14 IR_SENSORS 0 0 92 -32 247
15.350 14 AIRSPEED 0. 0. 0. 0.
15.351 14 ATTITUDE -0.066005 5.576973 0.269284
15.433 14 NAVIGATION 3 2 -26.4375 72.5 125.773788 77.169884 6 7 6 0 0 0
15.450 14 FBW_STATUS 2 0 1 12.5 1.627817
15.450 14 ENERGY 88 12.5 1.627817 20.347708 0.013513 0.168907
15.450 14 GPS 3 36025605 481367054 3189 205362 1425 469 0 17789960 31 0
15.549 14 GPS_SOL 683 683 683 7
15.650 14 WP_MOVED 13 360311.5 4813547. 260. 31
15.683 14 NAVIGATION 3 2 -28.71875 75. 122.39164 80.31044 6 7 6 0 0 0
15.700 14 GPS 3 36025339 481367353 3183 206635 1429 472 0 17790239 31 0
15.751 14 ESTIMATOR 206.587112 4.72
15.850 14 ATTITUDE -0.049595 5.556077 0.264415
15.933 14 NAVIGATION 3 2 -31.34375 78. 118.412216 84.062065 6 7 6 0 0 0
15.950 14 GPS 3 36025109 481367608 3179 207719 1432 468 0 17790480 31 0
16.150 14 DL_VALUE 19 0.
16.151 14 WP_MOVED 14 360300.6875 4813575.5 260. 31
16.184 14 NAVIGATION 3 2 -33.65625 80.5 115.008492 87.252464 6 7 6 0 0 0
16.200 14 GPS 3 36024876 481367862 3175 208802 1435 472 0 17790720 31 0
16.250 14 NAVIGATION 3 2 -36. 83. 115.008492 87.252464 6 7 6 0 0 0
16.251 14 ESTIMATOR 208.893158 4.72
16.350 14 DESIRED -0.028908 0.265678 0. -114.5 162.300003 235. 0. 13.
16.350 14 AIRSPEED 0. 0. 0. 0.
16.350 14 ATTITUDE -0.037234 5.541844 0.259568
16.434 14 NAVIGATION 3 2 -36. 83. 111.582886 90.470993 7 8 7 0 0 0
16.450 14 GPS 3 36024642 481368116 3171 209883 1437 481 0 17790960 31 0
16.532 14 COMMANDS 8524,61,68,0
16.550 14 IR_SENSORS 0 0 90 -24 249
16.550 14 ENERGY 88 12.5 1.627817 20.347708 0.016497 0.206212
16.633 14 FBW_STATUS 2 0 1 12.5 1.627817
16.650 14 WP_MOVED 15 360297.6875 4813554.5 260. 31
16.683 14 NAVIGATION 4 0 -38.34375 86. 0. 94.160728 7 0 0 0 0 0
16.700 14 GPS 3 36024366 481368410 3168 211148 1439 469 0 17791239 31 0
16.750 14 COMMANDS 8524,61,68,0
16.750 14 CALIBRATION 0. 0
16.750 14 ESTIMATOR 211.206482 4.69
16.850 14 STATE_FILTER_STATUS 2 3 362
16.850 14 ATTITUDE -0.029276 5.530178 0.259568
16.932 14 NAVIGATION 4 0 -41.0625 88.5 0. 97.56218 7 0 0 0 0 0
16.951 14 GPS 3 36024129 481368661 3166 212234 1441 455 0 17791480 31 0
17.050 14 PPRZ_MODE 2 3 2 2 0 6
17.150 14 ALIVE 179,209,69,119,115,11,176,21,181,244,80,210,55,176,198,136
17.150 14 WP_MOVED 16 361184. 4813643. 260. 31
17.184 14 NAVIGATION 4 0 -43.46875 91. 0. 100.84906 7 0 0 0 0 0
17.201 14 GPS 3 36023890 481368913 3165 213325 1442 457 0 17791720 31 0
17.250 14 DATALINK_REPORT 8 4 755 528 0 0
17.250 14 NAVIGATION 4 0 -45.875 94. 0. 100.84906 7 0 0 0 0 0
17.251 14 ESTIMATOR 213.439529 4.57
17.351 14 AIRSPEED 0. 0. 0. 0.
17.351 14 ATTITUDE 0.062832 5.524375 0.263116
17.400 14 DESIRED 0.551613 0.309055 0. -12.310207 150.888763 260. 1.429749 13.
17.433 14 NAVIGATION 4 0 -45.875 94. 0. 104.596916 8 1 1 0 0 0
17.449 14 FBW_STATUS 2 0 1 12.5 1.627817
17.449 14 GPS 3 36023654 481369166 3169 214424 1443 457 0 17791960 31 0
17.500 14 CIRCLE 49.5 100.099998 80.
17.550 14 GPS_SOL 689 689 689 7
17.650 14 DL_VALUE 20 0.
17.650 14 ENERGY 88 12.5 1.627817 20.347708 0.019481 0.243516
17.650 14 WP_MOVED 17 361184. 4813643. 260. 31
17.684 14 NAVIGATION 4 0 -48.1875 96. 0. 107.415245 8 1 1 0 0 0
17.699 14 GPS 3 36023384 481369466 3181 215721 1443 453 0 17792239 31 0
17.749 14 IR_SENSORS 0 0 94 30 246
17.750 14 ESTIMATOR 215.69339 4.53
17.849 14 ATTITUDE 0.20416 5.553252 0.281269
17.934 14 NAVIGATION 4 0 -50.90625 99. 0. 111.321365 8 1 1 0 0 0
17.949 14 GPS 3 36023161 481369731 3198 216847 1442 471 0 17792480 31 0
18.149 14 WP_MOVED 18 360289. 4813605. 220. 31
18.183 14 NAVIGATION 4 0 -53.15625 102. 0. 115.019943 8 1 1 0 0 0
18.200 14 GPS 3 36022948 481370004 3220 217987 1441 495 0 17792720 31 0
18.250 14 NAVIGATION 4 0 -55.28125 104.5 0. 115.019943 8 1 1 0 0 0
18.250 14 ESTIMATOR 218.003159 4.95
18.350 14 AIRSPEED 0. 0. 0. 0.
18.350 14 ATTITUDE 0.34614 5.621698 0.31201
18.386 14 WIND_INFO 14 5 -1.2 2.5 0. 11.7
18.433 14 NAVIGATION 4 0 -55.28125 104.5 0. 118.22126 9 2 2 0 0 0
18.449 14 DESIRED 0.571265 0.338196 0. -4.645386 158.992081 260. 1.259905 13.
18.449 14 GPS 3 36022750 481370287 3249 219139 1439 499 0 17792960 31 0
18.549 14 CIRCLE 49.5 100.099998 80.
18.633 14 FBW_STATUS 2 0 1 12.5 1.627817
18.650 14 WP_MOVED 19 360289. 4813610. 500. 31
18.684 14 NAVIGATION 4 0 -57.21875 107. 0. 121.33831 9 2 2 0 0 0
18.699 14 GPS 3 36022541 481370631 3290 220496 1436 493 0 17793239 31 0
18.749 14 ENERGY 88 12.5 1.627817 20.347708 0.022466 0.280819
18.749 14 ESTIMATOR 220.470703 4.93
18.849 14 CALIBRATION 0. 1
18.850 14 ATTITUDE 0.470379 5.721864 0.342344
18.934 14 NAVIGATION 4 0 -59.34375 110.5 0. 125.426994 9 2 2 0 0 0
18.950 14 IR_SENSORS 0 0 104 104 224
18.950 14 GPS 3 36022387 481370938 3333 221663 1434 493 0 17793480 31 0
19.150 14 DL_VALUE 21 0.
19.151 14 WP_MOVED 20 360289. 4813620. 300. 31
19.183 14 NAVIGATION 4 0 -60.875 114. 0. 129.235306 9 2 2 0 0 0
19.200 14 GPS 3 36022259 481371257 3381 222829 1431 492 0 17793720 31 0
19.249 14 NAVIGATION 4 0 -62.15625 117. 0. 129.235306 9 2 2 0 0 0
19.250 14 ESTIMATOR 222.930817 4.92
19.350 14 AIRSPEED 11.7 0. 0. 0.
19.350 14 ATTITUDE 0.558959 5.9177 0.369015
19.434 14 NAVIGATION 4 0 -62.15625 117. 0. 132.485458 10 3 3 0 0 0
19.450 14 FBW_STATUS 2 0 1 12.5 1.627817
19.451 14 GPS 3 36022161 481371586 3434 223993 1430 496 0 17793960 31 0
19.510 14 DESIRED 0.555718 0.359368 0. 2.034149 164.497147 260. 1.112075 13.
19.549 14 GPS_SOL 693 693 693 7
19.600 14 CIRCLE 49.5 100.099998 80.
19.649 14 WP_MOVED 21 360289. 4813625. 400. 31
19.684 14 NAVIGATION 4 0 -63.15625 120.5 0. 136.047638 10 3 3 0 0 0
19.700 14 GPS 3 36022088 481371979 3498 225347 1428 499 0 17794239 31 0
19.750 14 AUTOPILOT_VERSION 51500 v5.15_devel-179-g9a29798-dirty
19.750 14 ESTIMATOR 225.332275 4.99
19.850 14 ENERGY 88 12.5 1.627817 20.347708 0.02545 0.318123
19.850 14 ATTITUDE 0.575442 6.1705 0.37824
19.933 14 NAVIGATION 4 0 -63.875 124. 0. 139.484818 10 3 3 0 0 0
19.951 14 GPS 3 36022061 481372321 3555 226506 1427 502 0 17794480 31 0
20.150 14 IR_SENSORS 0 0 108 120 216
20.150 14 WP_MOVED 22 360289. 4813645. 250. 31
20.183 14 NAVIGATION 4 0 -64.15625 127.5 0. 142.731476 10 3 3 0 0 0
20.200 14 GPS 3 36022068 481372663 11 227665 1426 492 0 17794720 31 0
20.250 14 NAVIGATION 4 0 -64.0625 131. 0. 142.731476 10 3 3 0 0 0
20.251 14 ESTIMATOR 227.777039 4.92
20.349 14 AIRSPEED 11.7 0. 0. 0.
20.349 14 ATTITUDE 0.560886 0.125541 0.374536
20.434 14 NAVIGATION 4 0 -64.0625 131. 0. 145.825256 11 4 4 0 0 0
20.450 14 GPS 3 36022107 481373003 66 228825 1426 471 0 17794960 31 0
20.549 14 DESIRED 0.509682 0.35654 0. 9.768135 169.536148 260. 0.966689 13.
20.634 14 FBW_STATUS 2 0 1 12.5 1.627817
20.650 14 DL_VALUE 22 0.
20.651 14 CIRCLE 49.5 100.099998 80.
20.651 14 WP_MOVED 0 360326. 4813637. 260. 31
20.683 14 NAVIGATION 4 0 -63.65625 134.5 0. 148.803116 11 4 4 0 0 0
20.700 14 GPS 3 36022193 481373393 128 230179 1425 476 0 17795239 31 0
20.751 14 ESTIMATOR 230.148315 4.76
20.849 14 ATTITUDE 0.528288 0.366387 0.363631
20.934 14 NAVIGATION 4 0 -62.84375 138.5 0. 152.090714 11 4 4 0 0 0
20.950 14 CALIBRATION 0. 1
20.950 14 ENERGY 88 12.5 1.627817 20.347708 0.028434 0.355426
20.950 14 GPS 3 36022299 481373718 180 231341 1425 491 0 17795480 31 0
21.150 14 WP_MOVED 1 360284. 4813595. 260. 31
21.183 14 NAVIGATION 4 0 -61.75 142. 0. 154.845291 11 4 4 0 0 0
21.199 14 GPS 3 36022432 481374033 229 232504 1424 512 0 17795720 31 0
21.250 14 NAVIGATION 4 0 -60.4375 145. 0. 154.845291 11 4 4 0 0 0
21.250 14 ESTIMATOR 232.550385 5.12
21.351 14 IR_SENSORS 0 0 106 103 224
21.352 14 AIRSPEED 11.7 0. 0. 0.
21.352 14 ATTITUDE 0.497502 0.567535 0.354724
21.434 14 NAVIGATION 4 0 -60.4375 145. 0. 157.091354 12 5 5 0 0 0
21.452 14 FBW_STATUS 2 0 1 12.5 1.627817
21.452 14 GPS 3 36022592 481374335 278 233666 1424 514 0 17795960 31 0
21.533 14 COMMANDS 8524,-377,13,0
21.550 14 GPS_SOL 697 697 697 7
21.601 14 DESIRED 0.434441 0.349553 0. 18.519079 173.85759 260. 0.823488 13.
21.650 14 WP_MOVED 2 360333.5 4813695. 260. 31
21.684 14 NAVIGATION 4 0 -58.84375 148. 0. 159.268906 12 5 5 0 0 0
21.700 14 CIRCLE 49.5 100.099998 80.
21.700 14 GPS 3 36022808 481374670 331 235024 1423 506 0 17796239 31 0
21.751 14 COMMANDS 8524,-401,31,0
21.751 14 ESTIMATOR 235.060455 5.06
21.850 14 STATE_FILTER_STATUS 2 3 427
21.850 14 ATTITUDE 0.459186 0.76274 0.345979
21.933 14 NAVIGATION 4 0 -56.65625 151. 0. 161.279037 12 5 5 0 0 0
21.951 14 GPS 3 36023016 481374941 376 236190 1423 510 0 17796480 31 0
22.050 14 PPRZ_MODE 2 3 2 2 0 6
22.050 14 ENERGY 88 12.5 1.627817 20.347708 0.031419 0.392729
22.150 14 ALIVE 179,209,69,119,115,11,176,21,181,244,80,210,55,176,198,136
22.150 14 DL_VALUE 23 0.
22.151 14 WP_MOVED 3 360294.09375 4813785. 260. 31
22.183 14 NAVIGATION 4 0 -54.59375 154. 0. 163.390564 12 5 5 0 0 0
22.200 14 GPS 3 36023244 481375195 418 237360 1422 510 0 17796720 31 0
22.251 14 NAVIGATION 4 0 -52.3125 156.5 0. 163.390564 12 5 5 0 0 0
22.251 14 ESTIMATOR 237.504288 5.1
22.350 14 DATALINK_REPORT 4 5 877 535 0 0
22.350 14 AIRSPEED 11.7 0. 0. 0.
22.350 14 ATTITUDE 0.415421 0.922262 0.339361
22.433 14 NAVIGATION 4 0 -52.3125 156.5 0. 165.011658 13 6 6 0 0 0
22.453 14 GPS 3 36023489 481375433 458 238534 1422 509 0 17796960 31 0
22.550 14 NAVIGATION_REF 360284 4813595 31 185.
22.550 14 IR_SENSORS 0 0 105 80 232
22.633 14 FBW_STATUS 2 0 1 12.5 1.627817
22.651 14 DESIRED 0.338492 0.340195 0. 27.428457 176.995041 260. 0.674871 13.
22.651 14 WP_MOVED 4 360416.3125 4813734. 260. 31
22.683 14 NAVIGATION 4 0 -49.875 158.5 0. 166.161865 13 6 6 0 0 0
22.701 14 GPS 3 36023793 481375689 501 239911 1421 511 0 17797239 31 0
22.750 14 CIRCLE 49.5 100.099998 80.
22.750 14 ESTIMATOR 239.968796 5.11
22.850 14 ATTITUDE 0.36912 1.072248 0.334521
22.933 14 NAVIGATION 4 0 -46.84375 161.5 0. 168.156433 13 6 6 0 0 0
22.951 14 GPS 3 36024068 481375891 536 241098 1419 502 0 17797480 31 0
23.050 14 CALIBRATION 0. 1
23.151 14 ENERGY 88 12.5 1.627817 20.347708 0.034403 0.430032
23.152 14 WP_MOVED 5 360421. 4813583.5 260. 31
23.183 14 NAVIGATION 4 0 -44.0625 163.5 0. 169.333267 13 6 6 0 0 0
23.200 14 GPS 3 36024353 481376077 569 242292 1418 510 0 17797720 31 0
23.200 14 SVINFO 6 13 0 6 48 61 321
23.251 14 NAVIGATION 4 0 -41.21875 165. 0. 169.333267 13 6 6 0 0 0
23.251 14 ESTIMATOR 242.419174 5.1
23.351 14 AIRSPEED 11.7 0. 0. 0.
23.351 14 ATTITUDE 0.30187 1.190099 0.328226
23.434 14 NAVIGATION 4 0 -41.21875 165. 0. 170.070526 14 7 7 0 0 0
23.451 14 FBW_STATUS 2 0 1 12.5 1.446963
23.451 14 GPS 3 36024647 481376247 598 243492 1414 508 0 17797960 31 0
23.550 14 GPS_SOL 699 699 699 7
23.651 14 DL_VALUE 24 0.
23.651 14 WP_MOVED 6 360164.8125 4813664.5 260. 31
23.683 14 NAVIGATION 4 0 -38.28125 167. 0. 171.331406 14 7 7 0 0 0
23.700 14 DESIRED 0.220731 0.226777 0. 38.797462 179.380859 260. 0.490734 13.
23.700 14 GPS 3 36024995 481376427 629 244886 1396 489 0 17798239 31 0
23.750 14 IR_SENSORS 0 0 103 47 240
23.750 14 ESTIMATOR 244.905441 4.89
23.801 14 CIRCLE 49.5 100.099998 80.
23.850 14 ATTITUDE 0.251435 1.295689 0.316623
23.936 14 NAVIGATION 4 0 -34.78125 168.5 0. 172.052277 14 7 7 0 0 0
23.950 14 GPS 3 36025294 481376564 653 246051 1373 467 0 17798480 31 0
24.150 14 WP_MOVED 7 360558.40625 4813804.5 260. 31
24.183 14 NAVIGATION 4 0 -31.78125 170.5 0. 173.436722 14 7 7 0 0 0
24.200 14 GPS 3 36025592 481376686 676 247163 1342 461 0 17798720 31 0
24.250 14 ENERGY 52 12.5 0.859716 10.746449 0.036677 0.458457
24.250 14 NAVIGATION 4 0 -28.84375 171. 0. 173.436722 14 7 7 0 0 0
24.250 14 ESTIMATOR 247.246658 4.61
24.358 14 AIRSPEED 11.7 0. 0. 0.
24.370 14 ATTITUDE 0.216708 1.38194 0.286183
24.433 14 NAVIGATION 4 0 -28.84375 171. 0. 173.415573 15 8 8 0 0 0
24.450 14 GPS 3 36025886 481376794 698 248194 1304 437 0 17798960 31 0
24.635 14 FBW_STATUS 2 0 1 12.5 0.530233
24.651 14 WP_MOVED 8 360461.40625 4813640. 215. 31
24.684 14 NAVIGATION 4 0 -25.875 172.5 0. 174.429825 15 8 8 0 0 0
24.700 14 GPS 3 36026221 481376902 723 249263 1252 379 0 17799239 31 0
24.700 14 SVINFO 5 12 1 5 48 88 271
24.750 14 DESIRED 0.130272 0.083233 0. 47.889778 180.083801 260. 0.349608 13.
24.751 14 ESTIMATOR 249.393677 3.79
24.849 14 CIRCLE 49.5 100.099998 80.
24.850 14 ATTITUDE 0.174367 1.472112 0.244053
24.934 14 NAVIGATION 4 0 -22.5625 173.5 0. 174.960907 15 8 8 0 0 0
24.951 14 IR_SENSORS 0 0 83 26 251
24.952 14 GPS 3 36026499 481376980 743 250037 1203 327 0 17799480 31 0
25.150 14 CALIBRATION 150. 2
25.151 14 DL_VALUE 25 0.
25.151 14 WP_MOVED 9 360312.8125 4813652. 185. 31
25.183 14 NAVIGATION 4 0 -19.75 174.5 0. 175.614105 15 8 8 0 0 0
25.201 14 GPS 3 36026768 481377046 761 250666 1154 254 0 17799720 31 0
25.250 14 NAVIGATION 4 0 -17.0625 175. 0. 175.614105 15 8 8 0 0 0
25.251 14 ESTIMATOR 250.973969 2.54
25.349 14 ENERGY 16 12.5 0.200562 2.507024 0.037534 0.469168
25.350 14 AIRSPEED 11.7 0. 0. 0.
25.350 14 ATTITUDE 0.133303 1.549497 0.187923
25.433 14 NAVIGATION 4 0 -17.0625 175. 0. 175.829834 16 9 9 0 0 0
25.450 14 FBW_STATUS 2 0 1 12.5 0.200562
25.450 14 GPS 3 36027028 481377103 778 251142 1108 200 0 17799960 31 0
25.550 14 GPS_SOL 699 699 699 7
25.650 14 WP_MOVED 10 360452.8125 4813581. 260. 31
25.683 14 NAVIGATION 4 0 -14.46875 175.5 0. 176.095413 16 9 9 0 0 0
25.700 14 GPS 3 36027323 481377158 795 251509 1070 124 0 17800239 31 0
25.750 14 ESTIMATOR 251.865631 1.24
25.800 14 DESIRED 0.057664 0.02293 0. 56.039768 179.832245 260. 0.255331 13.
25.850 14 ATTITUDE 0.09371 1.618871 0.133037
25.899 14 CIRCLE 49.5 100.099998 80.
25.933 14 NAVIGATION 4 0 -11.5 176. 0. 176.375305 16 9 9 0 0 0
25.950 14 GPS 3 36027573 481377198 808 251679 1055 70 0 17800480 31 0
26.150 14 IR_SENSORS 0 0 50 3 261
26.150 14 WP_MOVED 11 360169.5 4813757.5 260. 31
26.183 14 NAVIGATION 4 0 -9.03125 176.5 0. 176.730911 16 9 9 0 0 0
26.200 14 GPS 3 36027824 481377233 819 251740 1053 16 0 17800719 31 0
26.250 14 NAVIGATION 4 0 -6.5 177. 0. 176.730911 16 9 9 0 0 0
26.250 14 ESTIMATOR 252.098877 0.16
26.351 14 AIRSPEED 11.7 0. 0. 0.
26.351 14 ATTITUDE 0.062832 1.659287 0.08283
26.433 14 NAVIGATION 4 0 -6.5 177. 0. 177.119308 17 10 10 0 0 0
26.450 14 ENERGY 18 12.5 0.221354 2.766919 0.03792 0.473995
26.450 14 GPS 3 36028119 481377269 829 251707 1062 -32 0 17801000 31 0
26.534 14 COMMANDS 1829,-161,-644,0
26.633 14 FBW_STATUS 2 0 1 12.5 0.234195
26.652 14 DL_VALUE 26 160.
26.652 14 WP_MOVED 12 360287.59375 4813581. 260. 31
26.690 14 NAVIGATION 4 0 -3.5625 177.5 0. 177.535751 17 10 10 0 0 0
26.707 14 GPS 3 36028377 481377297 838 251616 1080 -34 0 17801239 31 0
26.800 14 COMMANDS 1895,-83,-359,0
26.981 14 ESTIMATOR 251.864883 -0.34
27.008 14 NAVIGATION 4 0 -1. 177.5 0. 177.502823 17 10 10 0 0 0
27.008 14 STATE_FILTER_STATUS 2 3 303
27.008 14 DESIRED 0.034097 0.015976 0. 65.965424 178.387222 260. 0.244053 13.
27.009 14 ATTITUDE 0.036222 1.686114 0.037556
27.009 14 CIRCLE 49.5 100.099998 80.
27.009 14 GPS 3 36028464 481377306 841 251575 1090 -42 0 17801320 31 0
27.082 14 PPRZ_MODE 2 3 2 2 0 6
27.151 14 ALIVE 179,209,69,119,115,11,176,21,181,244,80,210,55,176,198,136
27.151 14 WP_MOVED 13 360311.5 4813547. 260. 31
27.183 14 NAVIGATION 4 0 -0.125 177.5 0. 177.500046 17 10 10 0 0 0
27.200 14 GPS 3 36028906 481377348 846 251329 1110 -68 0 17801719 31 0
27.251 14 CALIBRATION 117.244507 0
27.251 14 NAVIGATION 4 0 4.28125 178. 0. 177.500046 17 10 10 0 0 0
27.253 14 ESTIMATOR 251.529678 -0.68
27.350 14 IR_SENSORS 0 0 29 -10 264
27.350 14 AIRSPEED 11.7 0. 0. 0.
27.351 14 ATTITUDE 0.024971 1.689917 0.022143
27.433 14 NAVIGATION 4 0 4.28125 178. 0. 178.051483 18 11 11 0 0 0
27.449 14 DATALINK_REPORT 10 5 1001 535 0 0
27.449 14 FBW_STATUS 2 0 1 12.5 0.287848
27.449 14 GPS 3 36029178 481377371 851 251159 1137 -88 0 17801960 31 0
27.550 14 GPS_SOL 699 699 699 7
27.550 14 ENERGY 23 12.5 0.299573 3.744662 0.03839 0.479873
27.650 14 WP_MOVED 14 360300.6875 4813575.5 260. 31
27.683 14 NAVIGATION 4 0 7. 178.5 0. 178.637207 18 11 11 0 0 0
27.700 14 GPS 3 36029502 481377397 854 250955 1162 -86 0 17802239 31 0
27.750 14 ESTIMATOR 251.054977 -0.86
27.850 14 ATTITUDE 0.024971 1.693633 0.003393
27.900 14 DESIRED 0.044727 0.015635 0. 72.272415 176.790405 260. 0.260675 13.
27.934 14 NAVIGATION 4 0 10.28125 178.5 0. 178.795837 18 11 11 0 0 0
27.950 14 GPS 3 36029785 481377418 856 250783 1182 -81 0 17802480 31 0
27.951 14 SVINFO 4 11 1 4 48 81 223
27.999 14 CIRCLE 49.5 100.099998 80.
28.150 14 DL_VALUE 27 0.
28.150 14 WP_MOVED 15 360297.6875 4813554.5 260. 31
28.184 14 NAVIGATION 4 0 13.09375 178.5 0. 178.979599 18 11 11 0 0 0
28.200 14 GPS 3 36030073 481377438 859 250620 1202 -64 0 17802719 31 0
28.250 14 NAVIGATION 4 0 15.96875 179. 0. 178.979599 18 11 11 0 0 0
28.251 14 ESTIMATOR 250.621811 -0.64
28.350 14 AIRSPEED 11.7 0. 0. 0.
28.351 14 ATTITUDE 0.032538 1.695566 -0.004125
28.388 14 WIND_INFO 14 5 0.1 3.2 0. 11.6
28.435 14 NAVIGATION 4 0 15.96875 179. 0. 179.710876 19 12 12 0 0 0
28.450 14 GPS 3 36030365 481377457 862 250470 1220 -64 0 17802960 31 0
28.451 14 SVINFO 6 13 1 6 47 52 324
28.551 14 IR_SENSORS 0 0 22 -6 265
28.633 14 FBW_STATUS 2 0 1 12.5 0.399314
28.650 14 ENERGY 30 12.5 0.399314 4.991421 0.039036 0.487943
28.650 14 WP_MOVED 16 361184. 4813643. 260. 31
28.683 14 NAVIGATION 4 0 18.875 179. 0. 179.992401 19 12 12 0 0 0
28.701 14 GPS 3 36030711 481377477 867 250316 1241 -43 0 17803239 31 0
28.750 14 ESTIMATOR 250.307129 -0.43
28.849 14 ATTITUDE 0.047739 1.771895 -0.004438
28.936 14 NAVIGATION 4 0 22.375 179. 0. 180.393021 19 12 12 0 0 0
28.955 14 DESIRED 0.08052 0.020298 0. 84.604279 171.986633 260. 0.290786 13.
28.956 14 GPS 3 36031012 481377492 872 250205 1254 -46 0 17803480 31 0
29.051 14 CIRCLE 49.5 100.099998 80.
29.150 14 WP_MOVED 17 361184. 4813643. 260. 31
29.183 14 NAVIGATION 4 0 25.375 179.5 0. 181.284698 19 12 12 0 0 0
29.199 14 GPS 3 36031316 481377503 878 250115 1267 -47 0 17803719 31 0
29.250 14 NAVIGATION 4 0 28.40625 179.5 0. 181.284698 19 12 12 0 0 0
29.251 14 ESTIMATOR 250.093582 -0.47
29.349 14 CALIBRATION 0.023113 0
29.349 14 AIRSPEED 11.6 0. 0. 0.
29.350 14 ATTITUDE 0.06662 1.783704 -0.000365
29.433 14 NAVIGATION 4 0 28.40625 179.5 0. 181.73378 20 13 13 0 0 0
29.450 14 FBW_STATUS 2 0 1 12.5 0.454839
29.450 14 GPS 3 36031622 481377511 884 250046 1277 -39 0 17803960 31 0
29.551 14 GPS_SOL 697 697 697 7
29.650 14 DL_VALUE 28 0.32
29.650 14 WP_MOVED 18 360289. 4813605. 220. 31
29.683 14 NAVIGATION 4 0 31.5 179.5 0. 182.242966 20 13 13 0 0 0
29.701 14 GPS 3 36031983 481377515 894 249993 1289 -20 0 17804239 31 0
29.750 14 IR_SENSORS 0 0 24 6 264
29.750 14 ENERGY 34 12.5 0.470204 5.877547 0.039836 0.497944
29.750 14 ESTIMATOR 249.921646 -0.2
29.850 14 ATTITUDE 0.089341 1.80761 0.003393
29.934 14 NAVIGATION 4 0 35.09375 179.5 0. 182.898392 20 13 13 0 0 0
29.950 14 GPS 3 36032294 481377513 903 249972 1296 -11 0 17804480 31 0
29.951 14 SVINFO 5 12 1 5 47 85 274
30.000 14 DESIRED 0.119186 0.027444 0. 95.060944 165.858643 260. 0.302351 13.
30.100 14 CIRCLE 49.5 100.099998 80.
30.151 14 WP_MOVED 19 360289. 4813610. 500. 31
30.183 14 NAVIGATION 4 0 38.21875 179.5 0. 183.523621 20 13 13 0 0 0
30.200 14 GPS 3 36032607 481377506 913 249972 1302 10 0 17804719 31 0
30.250 14 NAVIGATION 4 0 41.34375 179.5 0. 183.523621 20 13 13 0 0 0
30.250 14 ESTIMATOR 249.896362 0.1
30.350 14 AIRSPEED 11.6 0. 0. 0.
30.350 14 ATTITUDE 0.108255 1.836024 0.014652
30.433 14 NAVIGATION 4 0 41.34375 179.5 0. 184.199768 21 14 14 0 0 0
30.451 14 GPS 3 36032920 481377493 924 249993 1307 6 0 17804960 31 0
30.587 14 BLOCK 15 14
30.587 14 NAVIGATION 15 0 44.4375 179.5 0. 184.199768 21 0 0 0 0 0
30.633 14 FBW_STATUS 2 0 1 12.5 0.504151
30.650 14 WP_MOVED 20 360289. 4813620. 300. 31
30.683 14 NAVIGATION 15 1 44.4375 179.5 358732.375 184.918747 21 0 0 0 0 0
30.700 14 GPS 3 36033286 481377469 939 250041 1311 33 0 17805239 31 0
30.751 14 ESTIMATOR 249.97699 0.33
30.850 14 AUTOPILOT_VERSION 51500 v5.15_devel-179-g9a29798-dirty
30.851 14 ENERGY 27 12.5 0.393336 4.916704 0.040728 0.509088
30.851 14 ATTITUDE 0.142511 1.876759 0.018798
30.934 14 NAVIGATION 15 1 48.125 179. 358736.0625 185.356461 21 0 0 0 0 0
30.952 14 IR_SENSORS 0 0 27 29 262
30.952 14 GPS 3 36033599 481377440 952 250096 1308 44 0 17805480 31 0
31.050 14 DESIRED 0.4938 -0.230012 0. -358684. -1500. 200. -1.49931 13.
31.151 14 DL_VALUE 29 0.
31.151 14 WP_MOVED 21 360289. 4813625. 400. 31
31.183 14 NAVIGATION 15 1 51.25 179. 358739.1875 186.192276 21 0 0 0 0 0
31.201 14 GPS 3 36033906 481377402 971 250136 1288 22 0 17805719 31 0
31.204 14 SVINFO 3 10 1 3 48 48 175
31.250 14 NAVIGATION 15 1 54.28125 178.5 358739.1875 186.192276 21 0 0 0 0 0
31.251 14 ESTIMATOR 250.167862 0.22
31.350 14 AIRSPEED 11.6 0. 0. 0.
31.351 14 ATTITUDE 0.272079 1.932609 -0.01788
31.434 14 NAVIGATION 15 1 54.28125 178.5 358742.21875 186.570908 22 1 1 0 0 0
31.452 14 CALIBRATION -33.599449 1
31.452 14 FBW_STATUS 2 0 1 12.5 0.091552
31.453 14 GPS 3 36034203 481377351 997 250118 1254 -7 0 17805960 31 0
31.555 14 COMMANDS 852,1268,-2217,0
31.556 14 NAVIGATION_REF 360284 4813595 31 185.
31.556 14 GPS_SOL 694 694 694 7
31.650 14 WP_MOVED 22 360289. 4813645. 250. 31
31.683 14 NAVIGATION 15 1 57.28125 178. 358745.21875 186.989685 22 1 1 0 0 0
31.700 14 GPS 3 36034536 481377271 1041 249978 1218 -57 0 17806239 31 0
31.750 14 COMMANDS 852,726,-1832,0
31.750 14 ESTIMATOR 250.126892 -0.57
31.851 14 STATE_FILTER_STATUS 2 3 339
31.852 14 ATTITUDE 0.384582 2.055826 -0.075362
31.933 14 NAVIGATION 15 1 60.625 177.5 358748.5625 187.567703 22 1 1 0 0 0
31.950 14 ENERGY 8 12.5 0.091552 1.144399 0.04099 0.512374
31.950 14 GPS 3 36034810 481377181 1081 249736 1203 -125 0 17806480 31 0
31.950 14 SVINFO 6 13 1 6 46 46 326
32.065 14 PPRZ_MODE 2 3 2 0 0 6
32.101 14 DESIRED 0.43537 -0.204841 0. -358684. -1500. 200. -1.503807 13.
32.150 14 ALIVE 179,209,69,119,115,11,176,21,181,244,80,210,55,176,198,136
32.150 14 IR_SENSORS 0 0 -6 97 247
32.150 14 WP_MOVED 0 360326. 4813637. 260. 31
32.183 14 NAVIGATION 15 1 63.34375 176.5 358751.25 187.522476 22 1 1 0 0 0
32.201 14 GPS 3 36035074 481377068 1130 249379 1197 -168 0 17806719 31 0
32.250 14 NAVIGATION 15 1 65.96875 175. 358751.25 187.522476 22 1 1 0 0 0
32.251 14 ESTIMATOR 249.541046 -1.68
32.350 14 AIRSPEED 11.6 0. 0. 0.
32.351 14 ATTITUDE 0.453849 2.197052 -0.136207
32.433 14 NAVIGATION 15 1 65.96875 175. 358753.875 187.021057 23 2 2 0 0 0
32.455 14 GPS 3 36035328 481376931 1184 248915 1200 -229 0 17806960 31 0
32.557 14 DATALINK_REPORT 2 7 1126 546 0 0
32.633 14 FBW_STATUS 2 0 1 12.5 0.091552
32.650 14 DL_VALUE 30 0.01
32.650 14 WP_MOVED 1 360284. 4813595. 260. 31
32.683 14 NAVIGATION 15 1 68.53125 174. 358756.4375 187.009445 23 2 2 0 0 0
32.700 14 GPS 3 36035608 481376739 1253 248254 1214 -277 0 17807239 31 0
32.701 14 SVINFO 2 9 0 2 48 10 126
32.750 14 ESTIMATOR 248.441437 -2.77
32.851 14 ATTITUDE 0.455293 2.377838 -0.185312
32.933 14 NAVIGATION 15 1 71.34375 172. 358759.25 186.209366 23 2 2 0 0 0
32.950 14 GPS 3 36035832 481376548 1303 247604 1229 -309 0 17807480 31 0
33.050 14 ENERGY 8 12.5 0.091552 1.144399 0.041158 0.51447
33.150 14 DESIRED 0.432622 -0.203819 0. -358684. -1500. 200. -1.453243 13.
33.150 14 WP_MOVED 2 360333.5 4813695. 260. 31
33.183 14 NAVIGATION 15 1 73.5625 170. 358761.4375 185.233475 23 2 2 0 0 0
33.200 14 GPS 3 36036042 481376334 1356 246895 1247 -348 0 17807719 31 0
33.200 14 SVINFO 4 11 1 4 47 86 226
33.251 14 NAVIGATION 15 1 75.65625 167.5 358761.4375 185.233475 23 2 2 0 0 0
33.252 14 ESTIMATOR 246.927902 -3.48
33.351 14 IR_SENSORS 0 0 -32 97 245
33.351 14 AIRSPEED 11.6 0. 0. 0.
33.351 14 ATTITUDE 0.439815 2.52346 -0.217143
33.433 14 NAVIGATION 15 1 75.65625 167.5 358763.53125 183.793686 24 3 3 0 0 0
33.451 14 FBW_STATUS 2 0 1 12.5 0.091552
33.451 14 GPS 3 36036234 481376098 1407 246141 1266 -371 0 17807960 31 0
33.451 14 SVINFO 5 12 0 5 46 82 276
33.550 14 CALIBRATION -33.599449 1
33.550 14 GPS_SOL 690 690 690 7
33.651 14 WP_MOVED 3 360294.09375 4813785. 260. 31
33.684 14 NAVIGATION 15 1 77.5625 165.5 358765.4375 182.773605 24 3 3 0 0 0
33.700 14 GPS 3 36036435 481375800 1468 245220 1290 -370 0 17808239 31 0
33.750 14 ESTIMATOR 245.169327 -3.7
33.849 14 ATTITUDE 0.436281 2.680696 -0.233161
33.933 14 NAVIGATION 15 1 79.625 162.5 358767.46875 180.959641 24 3 3 0 0 0
33.951 14 GPS 3 36036586 481375525 1512 244408 1305 -388 0 17808480 31 0
34.150 14 DL_VALUE 31 0.1
34.151 14 ENERGY 8 12.5 0.091552 1.144399 0.041326 0.516567
34.151 14 WP_MOVED 4 360416.3125 4813734. 260. 31
34.184 14 NAVIGATION 15 1 81.09375 159.5 358768.9375 178.931396 24 3 3 0 0 0
34.203 14 DESIRED 0.490009 -0.202422 0. -358684. -1500. 200. -1.328592 13.
34.204 14 GPS 3 36036714 481375234 1561 243584 1321 -382 0 17808719 31 0
34.250 14 NAVIGATION 15 1 82.375 157. 358768.9375 178.931396 24 3 3 0 0 0
34.250 14 ESTIMATOR 243.385193 -3.82
34.349 14 AIRSPEED 11.6 0. 0. 0.
34.349 14 ATTITUDE 0.465227 2.811164 -0.238984
34.434 14 NAVIGATION 15 1 82.375 157. 358770.1875 177.298172 25 4 4 0 0 0
34.458 14 GPS 3 36036818 481374931 1611 242755 1335 -384 0 17808960 31 0
34.563 14 IR_SENSORS 0 0 -37 105 241
34.633 14 FBW_STATUS 2 0 1 12.5 0.091552
34.651 14 WP_MOVED 5 360421. 4813583.5 260. 31
34.683 14 NAVIGATION 15 1 83.40625 154. 358771.21875 175.135956 25 4 4 0 0 0
34.700 14 GPS 3 36036905 481374564 1674 241789 1351 -375 0 17809239 31 0
34.701 14 SVINFO 3 10 1 3 47 54 177
34.750 14 ESTIMATOR 241.614182 -3.75
34.850 14 ATTITUDE 0.489145 2.970818 -0.236156
34.933 14 NAVIGATION 15 1 84.28125 150. 358772.0625 172.056183 25 4 4 0 0 0
34.950 14 GPS 3 36036949 481374240 1722 240970 1359 -365 0 17809480 31 0
35.149 14 WP_MOVED 6 360164.8125 4813664.5 260. 31
35.183 14 NAVIGATION 15 1 84.71875 147. 358772.5 169.665161 25 4 4 0 0 0
35.200 14 GPS 3 36036963 481373912 1775 240165 1367 -369 0 17809719 31 0
35.249 14 ENERGY 8 12.5 0.091552 1.144399 0.041494 0.518664
35.250 14 DESIRED 0.524563 -0.19728 0. -358684. -1500. 200. -1.222562 13.
35.250 14 NAVIGATION 15 1 84.875 143.5 358772.5 169.665161 25 4 4 0 0 0
35.250 14 ESTIMATOR 239.923218 -3.69
35.350 14 AIRSPEED 11.6 0. 0. 0.
35.351 14 ATTITUDE 0.509532 3.113164 -0.225043
35.433 14 NAVIGATION 15 1 84.875 143.5 358772.625 166.721375 25 5 5 0 0 0
35.451 14 FBW_STATUS 2 0 1 12.5 0.091552
35.451 14 GPS 3 36036940 481373528 1834 239246 1373 -358 0 17810000 31 0
35.452 14 SVINFO 6 13 1 6 45 40 328
35.549 14 GPS_SOL 685 685 685 7
35.651 14 CALIBRATION -33.599449 1
35.651 14 DL_VALUE 32 0.
35.651 14 WP_MOVED 7 360558.40625 4813804.5 260. 31
35.683 14 NAVIGATION 15 1 84.65625 140. 358772.40625 163.605255 26 5 5 0 0 0
35.700 14 GPS 3 36036886 481373202 1898 238479 1377 -316 0 17810239 31 0
35.751 14 IR_SENSORS 0 0 -30 117 236
35.751 14 ESTIMATOR 238.24852 -3.16
35.850 14 ATTITUDE 0.526479 3.287406 -0.209535
35.936 14 NAVIGATION 15 1 84.125 136.5 358771.84375 160.341095 26 5 5 0 0 0
35.951 14 GPS 3 36036800 481372883 1950 237731 1379 -316 0 17810480 31 0
35.953 14 SVINFO 1 8 1 1 48 0 78
36.150 14 WP_MOVED 8 1600. 4812095. 200. 31
36.183 14 NAVIGATION 15 1 83.25 133.5 358770.96875 157.330261 26 5 5 0 0 0
36.200 14 GPS 3 36036683 481372573 2007 237002 1379 -305 0 17810719 31 0
36.250 14 NAVIGATION 15 1 82.09375 130.5 358770.96875 157.330261 26 5 5 0 0 0
36.251 14 ESTIMATOR 236.80629 -3.05
36.300 14 DESIRED 0.521522 -0.194276 0. -358684. -1500. 200. -1.125857 13.
36.351 14 ENERGY 8 12.5 0.091552 1.144399 0.041662 0.520761
36.351 14 AIRSPEED 11.6 0. 0. 0.
36.351 14 ATTITUDE 0.534954 3.4418 -0.197457
36.434 14 NAVIGATION 15 1 82.09375 130.5 358769.8125 154.174042 27 6 6 0 0 0
36.450 14 GPS 3 36036535 481372277 2064 236291 1378 -287 0 17810960 31 0
36.533 14 COMMANDS 852,-191,30,0
36.634 14 FBW_STATUS 2 0 1 12.5 0.091552
36.650 14 WP_MOVED 9 360312.8125 4813652. 185. 31
36.684 14 NAVIGATION 15 1 80.625 127.5 358768.3125 150.853043 27 6 6 0 0 0
36.700 14 GPS 3 36036327 481371952 2136 235482 1376 -279 0 17811239 31 0
36.701 14 SVINFO 4 11 0 4 46 88 228
36.750 14 COMMANDS 852,-310,-24,0
36.750 14 ESTIMATOR 235.413544 -2.79
36.850 14 STATE_FILTER_STATUS 2 3 379
36.850 14 ATTITUDE 0.52479 3.627296 -0.188188
36.934 14 NAVIGATION 15 1 78.53125 124. 358766.21875 146.775864 27 6 6 0 0 0
36.950 14 IR_SENSORS 0 0 -24 117 237
36.951 14 GPS 3 36036120 481371696 2189 234805 1374 -278 0 17811480 31 0
36.952 14 SVINFO 5 12 1 5 45 78 278
37.071 14 PPRZ_MODE 2 3 2 0 0 6
37.150 14 ALIVE 179,209,69,119,115,11,176,21,181,244,80,210,55,176,198,136
37.150 14 DL_VALUE 33 0.15
37.150 14 WP_MOVED 10 360452.8125 4813581. 260. 31
37.183 14 NAVIGATION 15 1 76.4375 121.5 358764.09375 143.54422 27 6 6 0 0 0
37.200 14 GPS 3 36035889 481371461 2244 234142 1370 -285 0 17811719 31 0
37.200 14 SVINFO 6 13 1 6 44 37 329
37.250 14 NAVIGATION 15 1 74.125 119. 358764.09375 143.54422 27 6 6 0 0 0
37.250 14 ESTIMATOR 234.069138 -2.85
37.350 14 DESIRED 0.430285 -0.19921 0. -358684. -1500. 200. -1.042168 13.
37.350 14 AIRSPEED 11.6 0. 0. 0.
37.350 14 ATTITUDE 0.487582 3.783559 -0.186524
37.432 14 NAVIGATION 15 1 74.125 119. 358761.78125 140.198135 27 7 7 0 0 0
37.451 14 FBW_STATUS 2 0 1 12.5 0.091552
37.451 14 ENERGY 8 12.5 0.091552 1.144399 0.04183 0.522857
37.452 14 GPS 3 36035595 481371216 2302 233385 1366 -284 0 17812000 31 0
37.453 14 SVINFO 0 7 0 0 48 24 29
37.550 14 GPS_SOL 678 678 678 7
37.651 14 DATALINK_REPORT 7 7 1251 530 0 0
37.651 14 WP_MOVED 11 360169.5 4813757.5 260. 31
37.684 14 NAVIGATION 15 1 71.21875 116.5 358758.875 136.544342 28 7 7 0 0 0
37.701 14 GPS 3 36035324 481371032 2361 232749 1362 -277 0 17812239 31 0
37.750 14 CALIBRATION -33.599449 1
37.750 14 ESTIMATOR 232.678375 -2.77
37.851 14 ATTITUDE 0.4349 3.955509 -0.18452
37.933 14 NAVIGATION 15 1 68.5 115. 358756.125 133.855331 28 7 7 0 0 0
37.950 14 GPS 3 36035040 481370872 2404 232122 1358 -281 0 17812480 31 0
37.951 14 SVINFO 2 9 1 2 47 17 129
38.150 14 IR_SENSORS 0 0 -25 85 250
38.150 14 WP_MOVED 12 360287.59375 4813581. 260. 31
38.184 14 NAVIGATION 15 1 65.65625 113.5 358753.28125 131.122055 28 7 7 0 0 0
38.201 14 GPS 3 36034746 481370734 2448 231503 1354 -286 0 17812719 31 0
38.201 14 SVINFO 3 10 0 3 46 60 179
38.250 14 NAVIGATION 15 1 62.6875 111.5 358753.28125 131.122055 28 7 7 0 0 0
38.251 14 ESTIMATOR 231.365845 -2.86
38.350 14 AIRSPEED 11.6 0. 0. 0.
38.351 14 ATTITUDE 0.363003 4.085203 -0.186149
38.388 14 WIND_INFO 14 5 -0.6 0.5 0. 13.6
38.401 14 DESIRED 0.27488 -0.213435 0. -358684. -1500. 200. -0.960626 13.
38.433 14 NAVIGATION 15 1 62.6875 111.5 358750.3125 127.913925 29 8 8 0 0 0
38.449 14 GPS 3 36034393 481370599 2490 230787 1350 -274 0 17813000 31 0
38.565 14 ENERGY 8 12.5 0.091552 1.144399 0.041998 0.524954
38.633 14 FBW_STATUS 2 0 1 12.5 0.091552
38.650 14 DL_VALUE 34 0.05
38.650 14 WP_MOVED 13 360311.5 4813547. 260. 31
38.683 14 NAVIGATION 15 1 59.15625 110.5 358746.78125 125.338387 29 8 8 0 0 0
38.700 14 GPS 3 36034084 481370503 2531 230174 1346 -271 0 17813239 31 0
38.750 14 ESTIMATOR 230.049316 -2.71
38.851 14 ATTITUDE 0.288494 4.368516 -0.191941
38.934 14 NAVIGATION 15 1 56.09375 109.5 358743.6875 123.031532 29 8 8 0 0 0
38.950 14 GPS 3 36033771 481370425 2559 229558 1343 -277 0 17813480 31 0
39.150 14 WP_MOVED 14 360300.6875 4813575.5 260. 31
39.183 14 NAVIGATION 15 1 52.96875 109. 358740.59375 121.188652 29 8 8 0 0 0
39.201 14 GPS 3 36033455 481370362 2587 228935 1341 -284 0 17813719 31 0
39.250 14 NAVIGATION 15 1 49.8125 108. 358740.59375 121.188652 29 8 8 0 0 0
39.250 14 ESTIMATOR 228.780502 -2.84
39.351 14 IR_SENSORS 0 0 -30 38 261
39.351 14 AIRSPEED 13.6 0. 0. 0.
39.351 14 ATTITUDE 0.20741 4.46818 -0.201707
39.434 14 NAVIGATION 15 1 49.8125 108. 358737.40625 118.933952 30 9 9 0 0 0
39.450 14 FBW_STATUS 2 0 1 12.5 0.091552
39.451 14 DESIRED 0.107293 -0.229569 0. -358684. -1500. 200. -0.863415 13.
39.451 14 GPS 3 36033138 481370312 2610 228304 1340 -274 0 17813960 31 0
39.452 14 SVINFO 1 8 1 1 47 0 80
39.569 14 GPS_SOL 670 670 670 7
39.649 14 ENERGY 8 12.5 0.091552 1.144399 0.042166 0.527051
39.650 14 WP_MOVED 15 360297.6875 4813554.5 260. 31
39.683 14 NAVIGATION 15 1 46.625 107.5 358734.21875 117.175682 30 9 9 0 0 0
39.700 14 GPS 3 36032765 481370267 2633 227553 1339 -282 0 17814239 31 0
39.750 14 ESTIMATOR 227.473114 -2.82
39.850 14 CALIBRATION -33.599449 1
39.850 14 ATTITUDE 0.142814 4.553199 -0.212561
39.933 14 NAVIGATION 15 1 42.875 107. 358730.46875 115.270401 30 9 9 0 0 0
39.950 14 GPS 3 36032445 481370238 2648 226895 1339 -261 0 17814480 31 0
40.151 14 DL_VALUE 35 0.
40.151 14 WP_MOVED 16 361184. 4813643. 260. 31
40.183 14 NAVIGATION 15 1 39.6875 107. 358727.28125 114.123169 30 9 9 0 0 0
40.200 14 GPS 3 36032124 481370216 2660 226223 1341 -272 0 17814719 31 0
40.200 14 SVINFO 4 11 1 4 45 89 230
40.251 14 NAVIGATION 15 1 36.5 106.5 358727.28125 114.123169 30 9 9 0 0 0
40.251 14 ESTIMATOR 226.151489 -2.72
40.350 14 AIRSPEED 13.6 0. 0. 0.
40.350 14 ATTITUDE 0.089442 4.601957 -0.223303
40.433 14 NAVIGATION 15 1 36.5 106.5 358724.09375 112.581085 31 10 10 0 0 0
40.451 14 GPS 3 36031748 481370197 2671 225419 1343 -275 0 17815000 31 0
40.451 14 SVINFO 5 12 1 5 44 73 280
40.500 14 DESIRED 0.035717 -0.241871 0. -358684. -1500. 200. -0.784545 13.
40.558 14 NAVIGATION_REF 360284 4813595 31 185.
40.558 14 IR_SENSORS 0 0 -38 2 263
40.633 14 FBW_STATUS 2 0 1 12.5 0.091552
40.649 14 WP_MOVED 17 361184. 4813643. 260. 31
40.683 14 NAVIGATION 15 1 32.71875 106.5 358720.3125 111.412598 31 10 10 0 0 0
40.700 14 GPS 3 36031425 481370186 2680 224714 1346 -267 0 17815239 31 0
40.700 14 SVINFO 6 13 0 6 43 31 331
40.749 14 ENERGY 8 12.5 0.091552 1.144399 0.042334 0.529148
40.749 14 ESTIMATOR 224.773071 -2.67
40.850 14 ATTITUDE 0.051382 4.637855 -0.235036
40.933 14 NAVIGATION 15 1 29.5 106.5 358717.09375 110.510178 31 10 10 0 0 0
40.950 14 GPS 3 36031101 481370178 2685 223994 1349 -293 0 17815480 31 0
41.149 14 WP_MOVED 18 360289. 4813605. 220. 31
41.184 14 NAVIGATION 15 1 26.25 106.5 358713.84375 109.68734 31 10 10 0 0 0
41.201 14 GPS 3 36030777 481370172 2689 223261 1353 -284 0 17815719 31 0
41.251 14 NAVIGATION 15 1 23. 106.5 358713.84375 109.68734 31 10 10 0 0 0
41.251 14 ESTIMATOR 223.323105 -2.84
41.350 14 AIRSPEED 13.6 0. 0. 0.
41.350 14 ATTITUDE 0.024682 4.654109 -0.242496
41.434 14 NAVIGATION 15 1 23. 106.5 358710.59375 108.955269 32 11 11 0 0 0
41.451 14 FBW_STATUS 2 0 1 12.5 0.091552
41.451 14 GPS 3 36030451 481370167 2691 222516 1357 -290 0 17815960 31 0
41.452 14 SVINFO 2 9 1 2 46 22 131
41.534 14 COMMANDS 852,-96,-19,0
41.579 14 GPS_SOL 661 661 661 7
41.580 14 DESIRED 0.008035 -0.248223 0. -358684. -1500. 200. -0.699693 13.
41.650 14 DL_VALUE 36 0.
41.650 14 WP_MOVED 19 360289. 4813610. 500. 31
41.683 14 NAVIGATION 15 1 19.78125 106.5 358707.375 108.321503 32 11 11 0 0 0
41.699 14 GPS 3 36030070 481370163 2694 221635 1362 -269 0 17816239 31 0
41.700 14 SVINFO 3 10 1 3 45 66 181
41.750 14 COMMANDS 852,-58,-28,0
41.751 14 IR_SENSORS 0 0 -43 -13 262
41.751 14 ESTIMATOR 221.804642 -2.69
41.849 14 STATE_FILTER_STATUS 2 3 318
41.850 14 ENERGY 8 12.5 0.091552 1.144399 0.042502 0.531245
41.850 14 ATTITUDE 0.013254 4.663674 -0.249938
41.934 14 NAVIGATION 15 1 15.96875 106.5 358703.5625 107.690536 32 11 11 0 0 0
41.950 14 AUTOPILOT_VERSION 51500 v5.15_devel-179-g9a29798-dirty
41.950 14 CALIBRATION -33.599449 1
41.951 14 GPS 3 36029742 481370161 2695 220871 1366 -269 0 17816480 31 0
41.951 14 SVINFO 4 11 1 4 44 89 231
42.074 14 PPRZ_MODE 2 3 2 0 0 6
42.150 14 ALIVE 179,209,69,119,115,11,176,21,181,244,80,210,55,176,198,136
42.151 14 WP_MOVED 20 360289. 4813620. 300. 31
42.184 14 NAVIGATION 15 1 12.6875 106.5 358700.28125 107.253075 32 11 11 0 0 0
42.200 14 GPS 3 36029413 481370158 2696 220101 1370 -273 0 17816719 31 0
42.250 14 NAVIGATION 15 1 9.375 106. 358700.28125 107.253075 32 11 11 0 0 0
42.250 14 ESTIMATOR 220.317734 -2.73
42.351 14 AIRSPEED 13.6 0. 0. 0.
42.351 14 ATTITUDE 0.005424 4.667284 -0.254278
42.434 14 NAVIGATION 15 1 9.375 106. 358696.96875 106.413773 33 12 12 0 0 0
42.451 14 GPS 3 36029083 481370156 2696 219326 1374 -278 0 17816960 31 0
42.451 14 SVINFO 6 13 1 6 42 28 332
42.599 14 DESIRED 0.001233 -0.249833 0. -358684. -1500. 200. -0.609532 13.
42.633 14 FBW_STATUS 2 0 1 12.5 0.091552
42.650 14 WP_MOVED 21 360289. 4813625. 400. 31
42.683 14 NAVIGATION 15 1 6.09375 106. 358693.6875 106.175018 33 12 12 0 0 0
42.701 14 GPS 3 36028697 481370154 2697 218420 1378 -307 0 17817239 31 0
42.701 14 SVINFO 0 7 0 0 47 16 32
42.750 14 DATALINK_REPORT 5 8 1379 548 0 0
42.751 14 ESTIMATOR 218.747589 -3.07
42.851 14 ATTITUDE 0.001606 4.669065 -0.254278
42.934 14 NAVIGATION 15 1 2.21875 106. 358689.8125 106.023216 33 12 12 0 0 0
42.951 14 IR_SENSORS 0 0 -44 -16 261
42.953 14 ENERGY 11 12.5 0.100962 1.262022 0.042673 0.533387
42.953 14 GPS 3 36028365 481370153 2697 217642 1381 -326 0 17817480 31 0
43.150 14 DL_VALUE 37 0.
43.150 14 WP_MOVED 22 360289. 4813645. 250. 31
43.184 14 NAVIGATION 15 1 -1.125 106. 358686.46875 106.005966 33 12 12 0 0 0
43.200 14 GPS 3 36028033 481370151 2697 216866 1386 -322 0 17817719 31 0
43.251 14 NAVIGATION 15 1 -4.4375 106. 358686.46875 106.005966 33 12 12 0 0 0
43.251 14 ESTIMATOR 217.023743 -3.22
43.350 14 AIRSPEED 13.6 0. 0. 0.
43.350 14 ATTITUDE 0.001606 4.670045 -0.250551
43.433 14 NAVIGATION 15 1 -4.4375 106. 358683.15625 106.092842 34 13 13 0 0 0
43.450 14 FBW_STATUS 2 0 1 12.5 0.143461
43.450 14 GPS 3 36027698 481370150 2697 216097 1392 -311 0 17817960 31 0
43.575 14 GPS_SOL 651 651 651 7
43.650 14 DESIRED -8.7e-05 -0.183002 0. -358684. -1500. 200. -0.510712 13.
43.651 14 WP_MOVED 0 360326. 4813637. 260. 31
43.684 14 NAVIGATION 15 1 -7.78125 106. 358679.8125 106.285217 34 13 13 0 0 0
43.700 14 GPS 3 36027306 481370148 2697 215217 1402 -294 0 17818239 31 0
43.750 14 ESTIMATOR 215.360428 -2.94
43.851 14 ATTITUDE -0.001963 4.670855 -0.235036
43.933 14 NAVIGATION 15 1 -11.71875 106. 358675.875 106.645813 34 13 13 0 0 0
43.950 14 GPS 3 36026968 481370147 2697 214488 1410 -287 0 17818480 31 0
43.951 14 SVINFO 5 12 1 5 43 68 282
44.051 14 CALIBRATION -83.402954 2
44.051 14 ENERGY 19 12.5 0.234656 2.933201 0.04297 0.537095
44.150 14 IR_SENSORS 0 0 -36 -17 263
44.150 14 WP_MOVED 1 360284. 4813595. 260. 31
44.183 14 NAVIGATION 15 1 -15.0625 106. 358672.53125 107.064835 34 13 13 0 0 0
44.201 14 GPS 3 36026627 481370145 2697 213793 1419 -261 0 17818719 31 0
44.251 14 NAVIGATION 15 1 -18.46875 106. 358672.53125 107.064835 34 13 13 0 0 0
44.251 14 ESTIMATOR 213.856323 -2.61
44.351 14 AIRSPEED 13.6 0. 0. 0.
44.351 14 ATTITUDE -0.001717 4.670964 -0.212089
44.433 14 NAVIGATION 15 1 -18.46875 106. 358669.125 107.596909 35 14 14 0 0 0
44.450 14 GPS 3 36026284 481370144 2697 213142 1428 -237 0 17818960 31 0
44.632 14 FBW_STATUS 2 0 1 12.5 0.323297
44.650 14 DL_VALUE 38 0.
44.650 14 WP_MOVED 2 360333.5 4813695. 260. 31
44.684 14 NAVIGATION 15 1 -21.90625 106. 358665.6875 108.239937 35 14 14 0 0 0
44.701 14 DESIRED -0.000174 -0.093021 0. -358684. -1500. 200. -0.395639 13.
44.701 14 GPS 3 36025881 481370142 2696 212453 1439 -222 0 17819239 31 0
44.702 14 SVINFO 1 8 1 1 46 0 83
44.750 14 ESTIMATOR 212.558914 -2.22
44.849 14 ATTITUDE -0.001473 4.670527 -0.174168
44.934 14 NAVIGATION 15 1 -25.9375 106. 358661.65625 109.127235 35 14 14 0 0 0
44.951 14 GPS 3 36025534 481370139 2696 211932 1447 -201 0 17819480 31 0
44.953 14 SVINFO 2 9 1 2 45 28 133
45.150 14 ENERGY 30 12.5 0.412531 5.156636 0.043561 0.544487
45.150 14 WP_MOVED 3 360294.09375 4813785. 260. 31
45.183 14 NAVIGATION 15 1 -29.375 106. 358658.21875 109.994957 35 14 14 0 0 0
45.200 14 GPS 3 36025185 481370137 2696 211483 1454 -173 0 17819719 31 0
45.201 14 SVINFO 3 10 1 3 44 71 183
45.250 14 NAVIGATION 15 1 -32.90625 106. 358658.21875 109.994957 35 14 14 0 0 0
45.251 14 ESTIMATOR 211.482986 -1.73
45.350 14 IR_SENSORS 0 0 -12 -17 265
45.350 14 AIRSPEED 13.6 0. 0. 0.
45.351 14 ATTITUDE -0.001231 4.669776 -0.132519
45.434 14 NAVIGATION 15 1 -32.90625 106. 358654.6875 110.990189 36 15 15 0 0 0
45.451 14 FBW_STATUS 2 0 1 12.5 0.440462
45.451 14 GPS 3 36024835 481370135 2695 211110 1458 -143 0 17819960 31 0
45.452 14 SVINFO 4 11 1 4 43 89 233
45.549 14 GPS_SOL 640 640 640 7
45.650 14 WP_MOVED 4 360416.3125 4813734. 260. 31
45.683 14 NAVIGATION 15 1 -36.375 106. 358651.21875 112.067574 36 15 15 0 0 0
45.700 14 GPS 3 36024426 481370132 2695 210772 1460 -106 0 17820239 31 0
45.701 14 SVINFO 5 12 1 5 42 65 283
45.750 14 DESIRED 0.001588 -0.041211 0. -358684. -1500. 200. -0.331974 13.
45.750 14 ESTIMATOR 210.72467 -1.06
45.851 14 ATTITUDE -0.001231 4.668977 -0.09104
45.934 14 NAVIGATION 15 1 -40.5 106. 358647.09375 113.473564 36 15 15 0 0 0
45.949 14 GPS 3 36024076 481370129 2695 210564 1458 -75 0 17820480 31 0
45.950 14 SVINFO 6 13 1 6 41 22 334
46.151 14 CALIBRATION -150. 2
46.151 14 DL_VALUE 39 0.
46.151 14 WP_MOVED 5 360421. 4813583.5 260. 31
46.184 14 NAVIGATION 15 1 -44. 106. 358643.59375 114.769333 36 15 15 0 0 0
46.200 14 GPS 3 36023727 481370126 2695 210425 1453 -26 0 17820719 31 0
46.200 14 SVINFO 0 7 0 0 46 12 34
46.250 14 ENERGY 36 12.5 0.504151 6.301883 0.04442 0.555221
46.250 14 NAVIGATION 15 1 -47.46875 105.5 358643.59375 114.769333 36 15 15 0 0 0
46.251 14 ESTIMATOR 210.33136 -0.26
46.351 14 AIRSPEED 13.6 0. 0. 0.
46.351 14 ATTITUDE -0.001231 4.668382 -0.057087
46.434 14 NAVIGATION 15 1 -47.46875 105.5 358640.125 115.687218 37 16 16 0 0 0
46.454 14 GPS 3 36023380 481370124 2695 210350 1445 -15 0 17820960 31 0
46.454 14 SVINFO 1 8 0 1 45 1 84
46.534 14 COMMANDS 3492,-3,273,0
46.550 14 IR_SENSORS 0 0 12 -17 265
46.634 14 FBW_STATUS 2 0 1 12.5 0.508116
46.650 14 WP_MOVED 6 360164.8125 4813664.5 260. 31
46.684 14 NAVIGATION 15 1 -50.9375 105.5 358636.65625 117.153229 37 16 16 0 0 0
46.703 14 GPS 3 36022979 481370120 2695 210331 1432 5 0 17821239 31 0
46.750 14 COMMANDS 3468,24,149,0
46.751 14 ESTIMATOR 210.271072 0.05
46.801 14 DESIRED 0.002054 -0.022031 0. -358684. -1500. 200. -0.308636 13.
46.851 14 STATE_FILTER_STATUS 2 3 298
46.851 14 ATTITUDE -0.001473 4.667234 -0.030509
46.934 14 NAVIGATION 15 1 -54.9375 105.5 358632.65625 118.94696 37 16 16 0 0 0
46.951 14 GPS 3 36022637 481370117 2695 210362 1421 7 0 17821480 31 0
47.051 14 PPRZ_MODE 2 3 2 0 0 6
47.150 14 ALIVE 179,209,69,119,115,11,176,21,181,244,80,210,55,176,198,136
47.150 14 WP_MOVED 7 360558.40625 4813804.5 260. 31
47.183 14 NAVIGATION 15 1 -58.375 105.5 358629.21875 120.573174 37 16 16 0 0 0
47.200 14 GPS 3 36022300 481370114 2694 210426 1407 36 0 17821719 31 0
47.251 14 NAVIGATION 15 1 -61.75 105.5 358629.21875 120.573174 37 16 16 0 0 0
47.252 14 ESTIMATOR 210.348145 0.36
47.350 14 ENERGY 34 12.5 0.478373 5.979666 0.045337 0.566681
47.351 14 AIRSPEED 13.6 0. 0. 0.
47.351 14 ATTITUDE -0.001473 4.665931 -0.007888
47.434 14 NAVIGATION 15 1 -61.75 105.5 358625.84375 122.242844 38 17 17 0 0 0
47.452 14 FBW_STATUS 2 0 1 12.5 0.471622
47.452 14 GPS 3 36021965 481370111 2694 210512 1393 40 0 17821960 31 0
47.550 14 GPS_SOL 629 629 629 7
47.650 14 DL_VALUE 40 0.
47.650 14 WP_MOVED 8 1600. 4812095. 200. 31
47.684 14 NAVIGATION 15 1 -65.125 105.5 358622.46875 123.981918 38 17 17 0 0 0
47.700 14 GPS 3 36021580 481370108 2694 210626 1373 32 0 17822239 31 0
47.701 14 SVINFO 6 13 1 6 40 19 335
47.750 14 IR_SENSORS 0 0 23 -16 264
47.750 14 ESTIMATOR 210.574814 0.32
47.851 14 DATALINK_REPORT 10 8 1504 525 0 0
47.851 14 DESIRED 0.002518 -0.026157 0. -358684. -1500. 200. -0.313714 13.
47.851 14 ATTITUDE 0.0023 4.664443 -0.000365
47.934 14 NAVIGATION 15 1 -68.9375 105.5 358618.65625 126.026306 38 17 17 0 0 0
47.957 14 GPS 3 36021253 481370104 2694 210723 1359 41 0 17822480 31 0
48.149 14 WP_MOVED 9 360312.8125 4813652. 185. 31
48.184 14 NAVIGATION 15 1 -72.21875 105.5 358615.375 127.850685 38 17 17 0 0 0
48.200 14 GPS 3 36020931 481370101 2694 210813 1344 12 0 17822719 31 0
48.250 14 CALIBRATION -94.735069 2
48.250 14 NAVIGATION 15 1 -75.4375 105.5 358615.375 127.850685 38 17 17 0 0 0
48.251 14 ESTIMATOR 210.784637 0.12
48.350 14 AIRSPEED 13.6 0. 0. 0.
48.350 14 ATTITUDE 0.0023 4.663396 -0.000365
48.389 14 WIND_INFO 14 5 -0.7 0.6 0. 13.6
48.434 14 NAVIGATION 15 1 -75.4375 105.5 358612.15625 129.69606 39 18 18 0 0 0
48.450 14 ENERGY 30 12.5 0.406855 5.085689 0.046141 0.576734
48.451 14 GPS 3 36020611 481370098 2694 210887 1330 -1 0 17822960 31 0
48.451 14 SVINFO 2 9 0 2 44 34 135
48.633 14 FBW_STATUS 2 0 1 12.5 0.39863
48.650 14 WP_MOVED 10 360452.8125 4813581. 260. 31
48.683 14 NAVIGATION 15 1 -78.625 105.5 358608.96875 131.575607 39 18 18 0 0 0
48.699 14 GPS 3 36020242 481370095 2694 210948 1316 4 0 17823239 31 0
48.700 14 SVINFO 3 10 0 3 43 76 185
48.749 14 ESTIMATOR 210.86087 0.04
48.849 14 ATTITUDE 0.0023 4.654593 -0.007888
48.900 14 DESIRED 0.002522 -0.035487 0. -358684. -1500. 200. -0.324997 13.
48.933 14 NAVIGATION 15 1 -82.34375 105.5 358605.25 133.831024 39 18 18 0 0 0
48.951 14 IR_SENSORS 0 0 21 -16 264
48.952 14 GPS 3 36019928 481370092 2694 210976 1307 -5 0 17823480 31 0
48.952 14 SVINFO 4 11 0 4 42 88 235
49.151 14 DL_VALUE 41 0.
49.151 14 WP_MOVED 11 360169.5 4813757.5 260. 31
49.183 14 NAVIGATION 15 1 -85.46875 105.5 358602.125 135.776123 39 18 18 0 0 0
49.200 14 GPS 3 36019616 481370089 2695 210980 1300 -21 0 17823719 31 0
49.200 14 SVINFO 5 12 1 5 41 60 285
49.250 14 NAVIGATION 15 1 -88.59375 105.5 358602.125 135.776123 39 18 18 0 0 0
49.251 14 ESTIMATOR 210.909698 -0.21
49.350 14 AIRSPEED 13.6 0. 0. 0.
49.350 14 ATTITUDE 0.0023 4.654825 -0.01919
49.433 14 NAVIGATION 15 1 -88.59375 105.5 358599. 137.764664 40 19 19 0 0 0
49.450 14 FBW_STATUS 2 0 1 12.5 0.380931
49.450 14 GPS 3 36019305 481370087 2695 210960 1295 -46 0 17823960 31 0
49.550 14 NAVIGATION_REF 360284 4813595 31 185.
49.550 14 GPS_SOL 616 616 616 7
49.551 14 ENERGY 28 12.5 0.383812 4.797655 0.046855 0.585652
49.650 14 WP_MOVED 12 360287.59375 4813581. 260. 31
49.683 14 NAVIGATION 15 1 -91.71875 105.5 358595.875 139.794769 40 19 19 0 0 0
49.700 14 GPS 3 36018943 481370084 2695 210909 1292 -44 0 17824239 31 0
49.701 14 SVINFO 0 7 0 0 45 8 36
49.750 14 ESTIMATOR 210.806656 -0.44
49.851 14 ATTITUDE 0.002528 4.655613 -0.026962
49.933 14 NAVIGATION 15 1 -95.3125 105.5 358592.28125 142.178482 40 19 19 0 0 0
49.950 14 DESIRED 0.001304 -0.034805 0. -358684. -1500. 200. -0.3242 13.
49.951 14 GPS 3 36018633 481370082 2696 210844 1292 -48 0 17824480 31 0
49.951 14 SVINFO 1 8 1 1 44 3 86
50.151 14 IR_SENSORS 0 0 14 -16 265
50.151 14 WP_MOVED 13 360311.5 4813547. 260. 31
50.182 14 NAVIGATION 15 1 -98.4375 105.5 358589.15625 144.292038 40 19 19 0 0 0
50.201 14 GPS 3 36018322 481370080 2696 210763 1294 -48 0 17824719 31 0
50.201 14 SVINFO 2 9 1 2 43 37 136
50.250 14 NAVIGATION 15 1 -101.5625 105.5 358589.15625 144.292038 40 19 19 0 0 0
50.251 14 ESTIMATOR 210.652603 -0.48
50.350 14 CALIBRATION -82.791992 2
50.350 14 AIRSPEED 13.6 0. 0. 0.
50.351 14 ATTITUDE 0.002528 4.656614 -0.034485
50.433 14 NAVIGATION 15 1 -101.5625 105.5 358586.03125 146.441772 41 20 20 0 0 0
50.450 14 GPS 3 36018011 481370078 2696 210670 1297 -50 0 17824960 31 0
50.450 14 SVINFO 3 10 1 3 42 78 186
50.634 14 FBW_STATUS 2 0 1 12.5 0.407542
50.650 14 DL_VALUE 42 0.6
50.651 14 ENERGY 30 12.5 0.407542 5.094278 0.047578 0.59469
50.651 14 WP_MOVED 14 360300.6875 4813575.5 260. 31
50.683 14 NAVIGATION 15 1 -104.625 105.5 358582.96875 148.582108 41 20 20 0 0 0
50.699 14 GPS 3 36017646 481370076 2696 210550 1302 -58 0 17825239 31 0
50.700 14 SVINFO 4 11 0 4 41 88 236
50.749 14 ESTIMATOR 210.470398 -0.58
50.850 14 ATTITUDE 0.002528 4.657548 -0.038249
50.934 14 NAVIGATION 15 1 -108.28125 105.5 358579.3125 151.178955 41 20 20 0 0 0
50.951 14 GPS 3 36017333 481370074 2696 210443 1306 -60 0 17825480 31 0
50.951 14 SVINFO 5 12 1 5 40 57 286
51.000 14 DESIRED 0.000479 -0.026598 0. -358684. -1500. 200. -0.314112 13.
51.149 14 WP_MOVED 15 360297.6875 4813554.5 260. 31
51.183 14 NAVIGATION 15 1 -111.4375 105.5 358576.15625 153.455429 41 20 20 0 0 0
51.200 14 GPS 3 36017018 481370072 2696 210336 1312 -78 0 17825719 31 0
51.200 14 SVINFO 6 13 1 6 39 14 337
51.251 14 NAVIGATION 15 1 -114.59375 105.5 358576.15625 153.455429 41 20 20 0 0 0
51.251 14 ESTIMATOR 210.239105 -0.78
51.350 14 IR_SENSORS 0 0 13 -17 265
51.351 14 AIRSPEED 13.6 0. 0. 0.
51.351 14 ATTITUDE -0.001231 4.657653 -0.038249
51.434 14 NAVIGATION 15 1 -114.59375 105.5 358573. 155.762558 42 21 21 0 0 0
51.452 14 FBW_STATUS 2 0 1 12.5 0.446061
51.452 14 GPS 3 36016702 481370070 2696 210232 1317 -89 0 17825960 31 0
51.534 14 COMMANDS 3206,15,208,0
51.551 14 GPS_SOL 603 603 603 7
51.650 14 WP_MOVED 16 361184. 4813643. 260. 31
51.683 14 NAVIGATION 15 1 -117.71875 105.5 358569.875 158.07579 42 21 21 0 0 0
51.700 14 GPS 3 36016331 481370068 2695 210119 1325 -102 0 17826239 31 0
51.749 14 COMMANDS 3324,15,252,0
51.749 14 ENERGY 34 12.5 0.47695 5.961879 0.048376 0.604667
51.749 14 ESTIMATOR 209.933899 -1.02
51.850 14 STATE_FILTER_STATUS 2 3 295
51.851 14 ATTITUDE -0.001231 4.657091 -0.038249
51.933 14 NAVIGATION 15 1 -121.4375 105.5 358566.15625 160.864273 42 21 21 0 0 0
51.951 14 GPS 3 36016011 481370065 2695 210032 1331 -91 0 17826480 31 0
52.050 14 PPRZ_MODE 2 3 2 0 0 6
52.051 14 DESIRED 0.001276 -0.014773 0. -358684. -1500. 200. -0.298017 13.
52.150 14 ALIVE 179,209,69,119,115,11,176,21,181,244,80,210,55,176,198,136
52.151 14 DL_VALUE 43 12000.
52.151 14 WP_MOVED 17 361184. 4813643. 260. 31
52.183 14 NAVIGATION 15 1 -124.625 105.5 358562.96875 163.28392 42 21 21 0 0 0
52.199 14 GPS 3 36015690 481370063 2695 209958 1338 -71 0 17826719 31 0
52.249 14 NAVIGATION 15 1 -127.875 105. 358562.96875 163.28392 42 21 21 0 0 0
52.250 14 ESTIMATOR 209.644165 -0.71
52.350 14 AIRSPEED 13.6 0. 0. 0.
52.350 14 ATTITUDE 0.002528 4.656833 -0.030723
52.434 14 NAVIGATION 15 1 -127.875 105. 358559.71875 165.460007 43 22 22 0 0 0
52.452 14 CALIBRATION -135.897552 0
52.452 14 GPS 3 36015367 481370060 2695 209899 1344 -66 0 17826960 31 0
52.550 14 IR_SENSORS 0 0 16 -16 264
52.634 14 FBW_STATUS 2 0 1 12.5 0.523866
52.659 14 WP_MOVED 18 360289. 4813605. 220. 31
52.683 14 NAVIGATION 15 1 -131.0625 105. 358556.53125 167.935638 43 22 22 0 0 0
52.700 14 GPS 3 36014989 481370057 2695 209853 1351 -53 0 17827239 31 0
52.700 14 SVINFO 5 12 1 5 39 54 287
52.750 14 ESTIMATOR 209.528854 -0.53
52.850 14 ENERGY 37 12.5 0.527684 6.596053 0.049308 0.616323
52.851 14 ATTITUDE 0.0023 4.656912 -0.022961
52.933 14 NAVIGATION 15 1 -134.875 105. 358552.71875 170.927658 43 22 22 0 0 0
52.951 14 DATALINK_REPORT 5 9 1632 541 0 0
52.951 14 GPS 3 36014664 481370054 2695 209831 1354 -36 0 17827480 31 0
52.952 14 SVINFO 6 13 1 6 38 12 338
53.050 14 AUTOPILOT_VERSION 51500 v5.15_devel-179-g9a29798-dirty
53.106 14 DESIRED 0.002099 -0.014054 0. -358684. -1500. 200. -0.285866 13.
53.149 14 WP_MOVED 19 360289. 4813610. 500. 31
53.183 14 NAVIGATION 15 1 -138.125 105. 358549.46875 173.503647 43 22 22 0 0 0
53.200 14 GPS 3 36014339 481370052 2695 209825 1356 -15 0 17827719 31 0
53.201 14 SVINFO 0 7 0 0 44 4 38
53.250 14 NAVIGATION 15 1 -141.34375 105. 358549.46875 173.503647 43 22 22 0 0 0
53.251 14 ESTIMATOR 209.522675 -0.15
53.350 14 AIRSPEED 13.6 0. 0. 0.
53.350 14 ATTITUDE -0.001473 4.656766 -0.01919
53.433 14 NAVIGATION 15 1 -141.34375 105. 358546.25 176.076843 44 23 23 0 0 0
53.451 14 FBW_STATUS 2 0 1 12.5 0.524411
53.451 14 GPS 3 36014013 481370049 2694 209832 1357 -4 0 17827960 31 0
53.451 14 SVINFO 1 8 0 1 43 6 88
53.549 14 GPS_SOL 589 589 589 7
53.650 14 DL_VALUE 44 1.5
53.650 14 WP_MOVED 20 360289. 4813620. 300. 31
53.684 14 NAVIGATION 15 1 -144.625 105. 358542.96875 178.721542 44 23 23 0 0 0
53.700 14 GPS 3 36013633 481370045 2694 209855 1357 -12 0 17828239 31 0
53.700 14 SVINFO 2 9 1 2 42 43 138
53.750 14 IR_SENSORS 0 0 19 -17 264
53.750 14 ESTIMATOR 209.638763 -0.12
53.852 14 ATTITUDE -0.001473 4.656314 -0.011653
53.933 14 NAVIGATION 15 1 -148.4375 105. 358539.15625 181.820496 44 23 23 0 0 0
53.950 14 ENERGY 36 12.5 0.514258 6.428222 0.050268 0.628322
53.950 14 GPS 3 36013307 481370042 2694 209883 1355 -6 0 17828480 31 0
53.951 14 SVINFO 3 10 1 3 41 82 188
54.150 14 DESIRED 0.002522 -0.014305 0. -358684. -1500. 200. -0.289163 13.
54.151 14 WP_MOVED 21 360289. 4813625. 400. 31
54.183 14 NAVIGATION 15 1 -151.65625 105. 358535.9375 184.457626 44 23 23 0 0 0
54.200 14 GPS 3 36012983 481370039 2694 209917 1353 -21 0 17828720 31 0
54.200 14 SVINFO 4 11 1 4 40 85 238
54.251 14 NAVIGATION 15 1 -154.90625 105. 358535.9375 184.457626 44 23 23 0 0 0
54.252 14 ESTIMATOR 209.729095 -0.21
54.350 14 AIRSPEED 13.6 0. 0. 0.
54.351 14 ATTITUDE -0.001473 4.655687 -0.011653
54.434 14 NAVIGATION 15 1 -154.90625 105. 358532.6875 187.13884 45 24 24 0 0 0
54.451 14 GPS 3 36012659 481370036 2694 209953 1350 0 0 17828960 31 0
54.558 14 CALIBRATION -130.497604 0
54.633 14 FBW_STATUS 2 0 1 12.5 0.499114
54.649 14 WP_MOVED 22 360289. 4813645. 250. 31
54.684 14 NAVIGATION 15 1 -158.15625 105. 358529.4375 189.837814 45 24 24 0 0 0
54.701 14 GPS 3 36012281 481370032 2694 209997 1346 6 0 17829239 31 0
54.749 14 ESTIMATOR 209.811661 0.06
54.850 14 ATTITUDE 0.0023 4.654891 -0.011653
54.934 14 NAVIGATION 15 1 -161.9375 105. 358525.65625 192.999359 45 24 24 0 0 0
54.951 14 IR_SENSORS 0 0 20 -16 264
54.953 14 GPS 3 36011959 481370029 2694 210033 1343 8 0 17829480 31 0
54.954 14 SVINFO 0 7 0 0 43 3 39
55.050 14 ENERGY 34 12.5 0.484789 6.059861 0.051188 0.639817
55.150 14 DL_VALUE 45 1250.
55.151 14 WP_MOVED 0 360326. 4813637. 260. 31
55.183 14 NAVIGATION 15 1 -165.15625 104.5 358522.4375 195.440109 45 24 24 0 0 0
55.200 14 DESIRED 0.002944 -0.01458 0. -358684. -1500. 200. -0.29639 13.
55.200 14 GPS 3 36011637 481370026 2694 210066 1340 -1 0 17829720 31 0
55.201 14 SVINFO 1 8 1 1 42 8 89
55.250 14 NAVIGATION 15 1 -168.375 104.5 358522.4375 195.440109 45 24 24 0 0 0
55.251 14 ESTIMATOR 209.942398 -0.01
55.350 14 AIRSPEED 13.6 0. 0. 0.
55.350 14 ATTITUDE 0.0023 4.654353 -0.011653
55.433 14 NAVIGATION 15 1 -168.375 104.5 358519.21875 198.167587 46 25 25 0 0 0
55.451 14 FBW_STATUS 2 0 1 12.5 0.473219
55.451 14 GPS 3 36011316 481370022 2694 210096 1337 -13 0 17829960 31 0
55.452 14 SVINFO 2 9 0 2 41 47 139
55.550 14 GPS_SOL 574 574 574 7
55.650 14 WP_MOVED 1 360284. 4813595. 260. 31
55.683 14 NAVIGATION 15 1 -171.59375 104.5 358516. 200.909592 46 25 25 0 0 0
55.700 14 GPS 3 36010943 481370019 2694 210125 1333 -15 0 17830239 31 0
55.701 14 SVINFO 3 10 1 3 40 84 189
55.750 14 ESTIMATOR 209.993103 -0.15
55.849 14 ATTITUDE 0.0023 4.654698 -0.011653
55.934 14 NAVIGATION 15 1 -175.3125 104.5 358512.28125 204.094879 46 25 25 0 0 0
55.951 14 GPS 3 36010624 481370016 2694 210145 1330 -19 0 17830480 31 0
55.953 14 SVINFO 4 11 1 4 39 84 239
56.151 14 IR_SENSORS 0 0 20 -16 264
56.151 14 ENERGY 33 12.5 0.465954 5.824426 0.052055 0.650656
56.151 14 WP_MOVED 2 360333.5 4813695. 260. 31
56.182 14 NAVIGATION 15 1 -178.5 104.5 358509.09375 206.83931 46 25 25 0 0 0
56.200 14 GPS 3 36010305 481370013 2694 210160 1328 -26 0 17830720 31 0
56.200 14 SVINFO 5 12 1 5 38 47 289
56.251 14 DESIRED 0.002523 -0.014867 0. -358684. -1500. 200. -0.300128 13.
56.251 14 NAVIGATION 15 1 -181.71875 104.5 358509.09375 206.83931 46 25 25 0 0 0
56.252 14 ESTIMATOR 210.008987 -0.26
56.349 14 AIRSPEED 13.6 0. 0. 0.
56.350 14 ATTITUDE 0.0023 4.65516 -0.011653
56.433 14 NAVIGATION 15 1 -181.71875 104.5 358505.875 209.623367 47 26 26 0 0 0
56.450 14 GPS 3 36009986 481370010 2694 210170 1326 -22 0 17830960 31 0
56.450 14 SVINFO 6 13 0 6 37 8 340
56.534 14 COMMANDS 3235,1,-39,0
56.633 14 FBW_STATUS 2 0 1 12.5 0.462949
56.649 14 CALIBRATION -105.050575 2
56.650 14 DL_VALUE 46 0.
56.650 14 WP_MOVED 3 360294.09375 4813785. 260. 31
56.683 14 NAVIGATION 15 1 -184.90625 104.5 358502.6875 212.392487 47 26 26 0 0 0
56.701 14 GPS 3 36009615 481370007 2694 210177 1324 -10 0 17831239 31 0
56.750 14 COMMANDS 3216,-1,-37,0
56.751 14 ESTIMATOR 210.006149 -0.1
56.849 14 STATE_FILTER_STATUS 2 3 300
56.850 14 ATTITUDE 0.0023 4.655056 -0.011653
56.934 14 NAVIGATION 15 1 -188.59375 104.5 358499. 215.610413 47 26 26 0 0 0
56.951 14 GPS 3 36009298 481370004 2694 210179 1323 -15 0 17831480 31 0
57.050 14 PPRZ_MODE 2 3 2 0 0 6
57.150 14 ALIVE 179,209,69,119,115,11,176,21,181,244,80,210,55,176,198,136
57.151 14 WP_MOVED 4 360416.3125 4813734. 260. 31
57.183 14 NAVIGATION 15 1 -191.78125 104.5 358495.8125 218.403976 47 26 26 0 0 0
57.200 14 GPS 3 36008980 481370001 2694 210177 1322 -13 0 17831720 31 0
57.249 14 ENERGY 32 12.5 0.451675 5.645932 0.052899 0.661212
57.250 14 NAVIGATION 15 1 -194.9375 104.5 358495.8125 218.403976 47 26 26 0 0 0
57.250 14 ESTIMATOR 210.041397 -0.13
57.300 14 DESIRED 0.002522 -0.015646 0. -358684. -1500. 200. -0.30096 13.
57.349 14 IR_SENSORS 0 0 19 -16 264
57.349 14 AIRSPEED 13.6 0. 0. 0.
57.349 14 ATTITUDE 0.0023 4.654674 -0.015421
57.434 14 NAVIGATION 15 1 -194.9375 104.5 358492.65625 221.180649 48 27 27 0 0 0
57.451 14 FBW_STATUS 2 0 1 12.5 0.448339
57.451 14 GPS 3 36008663 481369998 2694 210171 1321 1 0 17831960 31 0
57.550 14 GPS_SOL 559 559 559 7
57.649 14 WP_MOVED 5 360421. 4813583.5 260. 31
57.683 14 NAVIGATION 15 1 -198.125 104.5 358489.46875 223.99501 48 27 27 0 0 0
57.700 14 GPS 3 36008294 481369994 2694 210160 1319 1 0 17832240 31 0
57.700 14 SVINFO 4 11 1 4 38 82 240
57.750 14 ESTIMATOR 210.080536 0.01
57.850 14 ATTITUDE 0.0023 4.654178 -0.015421
57.933 14 NAVIGATION 15 1 -201.78125 104.5 358485.8125 227.235382 48 27 27 0 0 0
57.950 14 GPS 3 36007977 481369991 2694 210147 1318 -1 0 17832480 31 0
57.950 14 SVINFO 5 12 1 5 37 44 290
58.050 14 DATALINK_REPORT 10 9 1761 546 0 0
58.151 14 DL_VALUE 47 7500.
58.152 14 WP_MOVED 6 360164.8125 4813664.5 260. 31
58.184 14 NAVIGATION 15 1 -205. 104.5 358482.59375 230.098343 48 27 27 0 0 0
58.200 14 GPS 3 36007661 481369988 2694 210131 1316 12 0 17832720 31 0
58.201 14 SVINFO 6 13 0 6 36 6 341
58.250 14 NAVIGATION 15 1 -208.15625 104.5 358482.59375 230.098343 48 27 27 0 0 0
58.250 14 ESTIMATOR 210.105713 0.12
58.350 14 ENERGY 30 12.5 0.416842 5.210525 0.053698 0.671201
58.350 14 DESIRED 0.002522 -0.017246 0. -358684. -1500. 200. -0.302984 13.
58.350 14 AIRSPEED 13.6 0. 0. 0.
58.350 14 ATTITUDE 0.0023 4.654117 -0.015421
58.390 14 WIND_INFO 14 5 -0.7 0.6 0. 13.6
58.433 14 NAVIGATION 15 1 -208.15625 104.5 358479.4375 232.914734 49 28 28 0 0 0
58.450 14 GPS 3 36007346 481369985 2694 210112 1314 4 0 17832960 31 0
58.451 14 SVINFO 0 7 0 0 42 1 41
58.551 14 NAVIGATION_REF 360284 4813595 31 185.
58.551 14 IR_SENSORS 0 0 19 -16 264
58.632 14 FBW_STATUS 2 0 1 12.5 0.407886
58.649 14 WP_MOVED 7 360558.40625 4813804.5 260. 31
58.683 14 NAVIGATION 15 1 -211.3125 104.5 358476.28125 235.739731 49 28 28 0 0 0
58.700 14 GPS 3 36006979 481369982 2694 210084 1310 -12 0 17833240 31 0
58.700 14 SVINFO 1 8 0 1 41 12 91
58.750 14 CALIBRATION -70.993706 2
58.750 14 ESTIMATOR 210.125473 -0.12
58.853 14 ATTITUDE 0.0023 4.654292 -0.015421
58.933 14 NAVIGATION 15 1 -214.9375 104.5 358472.65625 238.994522 49 28 28 0 0 0
58.949 14 GPS 3 36006665 481369979 2694 210055 1308 -16 0 17833480 31 0
58.950 14 SVINFO 2 9 1 2 40 53 141
59.151 14 WP_MOVED 8 1600. 4812095. 200. 31
59.183 14 NAVIGATION 15 1 -218.125 104.5 358469.46875 241.865173 49 28 28 0 0 0
59.200 14 GPS 3 36006352 481369976 2695 210023 1306 -22 0 17833720 31 0
59.201 14 SVINFO 3 10 1 3 39 86 191
59.250 14 NAVIGATION 15 1 -221.21875 104.5 358469.46875 241.865173 49 28 28 0 0 0
59.250 14 ESTIMATOR 210.039993 -0.22
59.350 14 AIRSPEED 13.6 0. 0. 0.
59.350 14 ATTITUDE 0.0023 4.654709 -0.01919
59.400 14 DESIRED 0.002111 -0.016905 0. -358684. -1500. 200. -0.302575 13.
59.434 14 NAVIGATION 15 1 -221.21875 104.5 358466.375 244.65892 50 29 29 0 0 0
59.470 14 FBW_STATUS 2 0 1 12.5 0.401196
59.471 14 ENERGY 30 12.5 0.401196 5.014953 0.054442 0.680492
59.471 14 GPS 3 36006039 481369974 2695 209985 1304 -16 0 17833960 31 0
59.551 14 GPS_SOL 543 543 543 7
59.650 14 DL_VALUE 48 1500.
59.650 14 WP_MOVED 9 360312.8125 4813652. 185. 31
59.683 14 NAVIGATION 15 1 -224.34375 104.5 358463.25 247.488113 50 29 29 0 0 0
59.699 14 GPS 3 36005674 481369971 2695 209937 1302 -18 0 17834240 31 0
59.750 14 IR_SENSORS 0 0 18 -16 264
59.750 14 ESTIMATOR 209.942947 -0.18
59.851 14 ATTITUDE 0.0023 4.655459 -0.01919
59.934 14 NAVIGATION 15 1 -228.03125 104.5 358459.5625 250.835602 50 29 29 0 0 0
59.950 14 GPS 3 36005361 481369968 2695 209893 1302 -24 0 17834480 31 0
60.149 14 WP_MOVED 10 360452.8125 4813581. 260. 31
60.183 14 NAVIGATION 15 1 -231.15625 104.5 358456.4375 253.67984 50 29 29 0 0 0
60.201 14 GPS 3 36005049 481369966 2695 209847 1301 -21 0 17834720 31 0
60.202 14 SVINFO 0 7 0 0 41 0 42
60.251 14 NAVIGATION 15 1 -234.28125 104. 358456.4375 253.67984 50 29 29 0 0 0
60.252 14 ESTIMATOR 209.83934 -0.21
60.350 14 AIRSPEED 13.6 0. 0. 0.
60.350 14 ATTITUDE 0.0023 4.656191 -0.015421
60.434 14 NAVIGATION 15 1 -234.28125 104. 358453.3125 256.327332 51 30 30 0 0 0
60.449 14 DESIRED 0.001298 -0.014519 0. -358684. -1500. 200. -0.29518 13.
60.449 14 GPS 3 36004737 481369964 2696 209800 1300 -17 0 17834960 31 0
60.449 14 SVINFO 1 8 1 1 40 14 92
60.550 14 ENERGY 29 12.5 0.395384 4.942295 0.055173 0.689634
60.635 14 FBW_STATUS 2 0 1 12.5 0.39436
60.650 14 WP_MOVED 11 360169.5 4813757.5 260. 31
60.683 14 NAVIGATION 15 1 -237.375 104. 358450.21875 259.158051 51 30 30 0 0 0
60.700 14 GPS 3 36004373 481369962 2696 209745 1299 -33 0 17835240 31 0
60.700 14 SVINFO 2 9 1 2 39 56 142
60.749 14 ESTIMATOR 209.745972 -0.33
60.850 14 CALIBRATION -58.10231 0
60.850 14 ATTITUDE 0.0023 4.656932 -0.015421
60.932 14 NAVIGATION 15 1 -241.03125 104. 358446.5625 262.511078 51 30 30 0 0 0
60.949 14 IR_SENSORS 0 0 19 -16 264
60.949 14 GPS 3 36004061 481369960 2696 209697 1299 -39 0 17835480 31 0
60.950 14 SVINFO 3 10 1 3 38 87 192
61.150 14 DL_VALUE 49 1.
61.150 14 WP_MOVED 12 360287.59375 4813581. 260. 31
61.183 14 NAVIGATION 15 1 -244.15625 104. 358443.4375 265.38327 51 30 30 0 0 0
61.200 14 GPS 3 36003749 481369958 2696 209650 1298 -42 0 17835720 31 0
61.200 14 SVINFO 4 11 1 4 37 79 242
61.251 14 NAVIGATION 15 1 -247.28125 104. 358443.4375 265.38327 51 30 30 0 0 0
61.251 14 ESTIMATOR 209.595444 -0.42
61.350 14 AIRSPEED 13.6 0. 0. 0.
61.351 14 ATTITUDE 0.0023 4.65718 -0.015421
61.433 14 NAVIGATION 15 1 -247.28125 104. 358440.3125 268.261108 52 31 31 0 0 0
61.449 14 FBW_STATUS 2 0 1 12.5 0.403424
61.449 14 GPS 3 36003438 481369956 2696 209603 1298 -42 0 17835960 31 0
61.449 14 SVINFO 5 12 0 5 36 38 292
61.499 14 DESIRED 0.000487 -0.01424 0. -358684. -1500. 200. -0.287863 13.
61.533 14 COMMANDS 2901,14,14,0
61.550 14 GPS_SOL 528 528 528 7
61.650 14 ENERGY 30 12.5 0.406168 5.077104 0.055905 0.698783
61.650 14 WP_MOVED 13 360311.5 4813547. 260. 31
61.683 14 NAVIGATION 15 1 -250.34375 104. 358437.25 271.0867 52 31 31 0 0 0
61.700 14 GPS 3 36003074 481369954 2696 209549 1299 -53 0 17836240 31 0
61.700 14 SVINFO 6 13 1 6 35 3 343
61.750 14 COMMANDS 2931,14,15,0
61.750 14 ESTIMATOR 209.448914 -0.53
61.850 14 STATE_FILTER_STATUS 2 3 299
61.850 14 ATTITUDE 0.0023 4.656853 -0.015421
61.934 14 NAVIGATION 15 1 -254.03125 104. 358433.5625 274.495667 52 31 31 0 0 0
61.952 14 GPS 3 36002762 481369952 2696 209504 1299 -36 0 17836480 31 0
62.050 14 PPRZ_MODE 2 3 2 0 0 6
62.150 14 ALIVE 179,209,69,119,115,11,176,21,181,244,80,210,55,176,198,136
62.150 14 IR_SENSORS 0 0 19 -16 264
62.150 14 WP_MOVED 14 360300.6875 4813575.5 260. 31
62.183 14 NAVIGATION 15 1 -257.15625 104. 358430.4375 277.390228 52 31 31 0 0 0
62.200 14 GPS 3 36002450 481369950 2696 209461 1300 -39 0 17836720 31 0
62.250 14 NAVIGATION 15 1 -260.28125 104. 358430.4375 277.390228 52 31 31 0 0 0
62.250 14 ESTIMATOR 209.322479 -0.39
62.350 14 AIRSPEED 13.6 0. 0. 0.
62.351 14 ATTITUDE 0.0023 4.656661 -0.015421
62.434 14 NAVIGATION 15 1 -260.28125 104. 358427.3125 280.289734 53 32 32 0 0 0
62.453 14 GPS 3 36002137 481369947 2696 209419 1301 -55 0 17836960 31 0
62.549 14 DESIRED 0.000891 -0.013744 0. -358684. -1500. 200. -0.279674 13.
62.634 14 FBW_STATUS 2 0 1 12.5 0.424279
62.650 14 DL_VALUE 50 0.3
62.650 14 WP_MOVED 15 360297.6875 4813554.5 260. 31
62.683 14 NAVIGATION 15 1 -263.375 104. 358424.21875 283.164948 53 32 32 0 0 0
62.700 14 GPS 3 36001772 481369945 2696 209374 1303 -42 0 17837240 31 0
62.700 14 SVINFO 3 10 1 3 37 88 193
62.750 14 ENERGY 31 12.5 0.424973 5.31216 0.056668 0.708312
62.750 14 ESTIMATOR 209.198135 -0.42
62.849 14 ATTITUDE 0.0023 4.656726 -0.015421
62.934 14 NAVIGATION 15 1 -267.03125 104. 358420.5625 286.568817 53 32 32 0 0 0
62.950 14 CALIBRATION -76.32003 0
62.950 14 GPS 3 36001459 481369943 2696 209337 1304 -33 0 17837480 31 0
62.951 14 SVINFO 4 11 0 4 36 77 243
63.150 14 DATALINK_REPORT 5 10 1890 539 0 0
63.150 14 WP_MOVED 16 361184. 4813643. 260. 31
63.184 14 NAVIGATION 15 1 -270.15625 104. 358417.4375 289.482971 53 32 32 0 0 0
63.199 14 GPS 3 36001146 481369941 2696 209303 1305 -28 0 17837720 31 0
63.200 14 SVINFO 5 12 0 5 35 35 293
63.250 14 NAVIGATION 15 1 -273.3125 104. 358417.4375 289.482971 53 32 32 0 0 0
63.250 14 ESTIMATOR 209.132309 -0.28
63.349 14 IR_SENSORS 0 0 20 -17 264
63.349 14 AIRSPEED 13.6 0. 0. 0.
63.349 14 ATTITUDE 0.0023 4.656515 -0.011653
63.433 14 NAVIGATION 15 1 -273.3125 104. 358414.28125 292.430695 54 33 33 0 0 0
63.450 14 FBW_STATUS 2 0 1 12.5 0.428096
63.451 14 GPS 3 36000833 481369938 2695 209272 1306 -14 0 17837960 31 0
63.451 14 SVINFO 6 13 1 6 34 2 344
63.549 14 GPS_SOL 512 512 512 7
63.599 14 DESIRED 0.001294 -0.013545 0. -358684. -1500. 200. -0.273969 13.
63.651 14 WP_MOVED 17 361184. 4813643. 260. 31
63.683 14 NAVIGATION 15 1 -276.4375 104. 358411.15625 295.353485 54 33 33 0 0 0
63.700 14 GPS 3 36000467 481369936 2695 209237 1306 -13 0 17838240 31 0
63.700 14 SVINFO 0 7 0 0 40 0 44
63.750 14 ESTIMATOR 209.121231 -0.13
63.850 14 ENERGY 31 12.5 0.421682 5.271022 0.057449 0.71808
63.851 14 ATTITUDE -0.001473 4.656083 -0.011653
63.934 14 NAVIGATION 15 1 -280.0625 103.5 358407.53125 298.575378 54 33 33 0 0 0
63.950 14 GPS 3 36000153 481369933 2695 209209 1306 -9 0 17838480 31 0
63.951 14 SVINFO 1 8 1 1 39 19 94
64.150 14 AUTOPILOT_VERSION 51500 v5.15_devel-179-g9a29798-dirty
64.151 14 DL_VALUE 51 1.
64.151 14 WP_MOVED 18 360289. 4813605. 220. 31
64.183 14 NAVIGATION 15 1 -283.21875 103.5 358404.375 301.537903 54 33 33 0 0 0
64.200 14 GPS 3 35999840 481369931 2695 209181 1306 -3 0 17838720 31 0
64.200 14 SVINFO 2 9 1 2 38 62 144
64.250 14 NAVIGATION 15 1 -286.34375 103.5 358404.375 301.537903 54 33 33 0 0 0
64.251 14 ESTIMATOR 209.118683 -0.03
64.351 14 AIRSPEED 13.6 0. 0. 0.
64.351 14 ATTITUDE -0.001473 4.655604 -0.011653
64.434 14 NAVIGATION 15 1 -286.34375 103.5 358401.25 304.474945 55 34 34 0 0 0
64.452 14 GPS 3 35999526 481369928 2695 209152 1305 -4 0 17838960 31 0
64.550 14 IR_SENSORS 0 0 19 -17 264
64.639 14 FBW_STATUS 2 0 1 12.5 0.405653
64.651 14 DESIRED 0.001703 -0.013525 0. -358684. -1500. 200. -0.27356 13.
64.651 14 WP_MOVED 19 360289. 4813610. 500. 31
64.683 14 NAVIGATION 15 1 -289.46875 103.5 358398.125 307.41568 55 34 34 0 0 0
64.701 14 GPS 3 35999161 481369925 2695 209117 1303 -9 0 17839240 31 0
64.749 14 ESTIMATOR 209.113037 -0.09
64.850 14 ATTITUDE -0.001473 4.654665 -0.015421
64.934 14 NAVIGATION 15 1 -293.15625 103.5 358394.4375 310.890381 55 34 34 0 0 0
64.952 14 ENERGY 29 12.5 0.401196 5.014953 0.058203 0.727499
64.953 14 GPS 3 35998849 481369922 2694 209085 1302 -9 0 17839480 31 0
65.049 14 CALIBRATION -58.807003 0
65.150 14 WP_MOVED 20 360289. 4813620. 300. 31
65.183 14 NAVIGATION 15 1 -296.28125 103.5 358391.3125 313.838867 55 34 34 0 0 0
65.200 14 GPS 3 35998536 481369920 2694 209052 1300 -12 0 17839720 31 0
65.250 14 NAVIGATION 15 1 -299.375 103.5 358391.3125 313.838867 55 34 34 0 0 0
65.251 14 ESTIMATOR 209.062851 -0.12
65.349 14 AIRSPEED 13.6 0. 0. 0.
65.349 14 ATTITUDE 0.0023 4.654123 -0.011653
65.434 14 NAVIGATION 15 1 -299.375 103.5 358388.21875 316.761169 56 35 35 0 0 0
65.451 14 FBW_STATUS 2 0 1 12.5 0.39436
65.452 14 GPS 3 35998225 481369917 2694 209017 1299 -10 0 17839960 31 0
65.453 14 SVINFO 0 7 0 0 39 0 45
65.550 14 GPS_SOL 496 496 496 7
65.648 14 DL_VALUE 52 0.1
65.649 14 WP_MOVED 21 360289. 4813625. 400. 31
65.683 14 NAVIGATION 15 1 -302.5 103.5 358385.09375 319.716278 56 35 35 0 0 0
65.701 14 DESIRED 0.002114 -0.013304 0. -358684. -1500. 200. -0.270863 13.
65.701 14 GPS 3 35997861 481369914 2695 208973 1297 -16 0 17840240 31 0
65.701 14 SVINFO 1 8 1 1 38 21 95
65.750 14 IR_SENSORS 0 0 20 -16 264
65.750 14 ESTIMATOR 208.99588 -0.16
65.850 14 ATTITUDE 0.0023 4.654329 -0.011653
65.934 14 NAVIGATION 15 1 -306.15625 103.5 358381.4375 323.177826 56 35 35 0 0 0
65.952 14 GPS 3 35997550 481369911 2695 208934 1296 -29 0 17840480 31 0
65.953 14 SVINFO 2 9 1 2 37 65 145
66.051 14 ENERGY 29 12.5 0.391121 4.889014 0.058925 0.73653
66.152 14 WP_MOVED 22 360289. 4813645. 250. 31
66.186 14 NAVIGATION 15 1 -309.21875 103.5 358378.375 326.080475 56 35 35 0 0 0
66.199 14 GPS 3 35997239 481369909 2695 208892 1295 -40 0 17840720 31 0
66.200 14 SVINFO 3 10 1 3 36 89 195
66.251 14 NAVIGATION 15 1 -312.34375 103.5 358378.375 326.080475 56 35 35 0 0 0
66.252 14 ESTIMATOR 208.881424 -0.4
66.351 14 AIRSPEED 13.6 0. 0. 0.
66.351 14 ATTITUDE 0.0023 4.654931 -0.015421
66.433 14 NAVIGATION 15 1 -312.34375 103.5 358375.25 329.04538 57 36 36 0 0 0
66.451 14 GPS 3 35996877 481369906 2695 208842 1294 -39 0 17841000 31 0
66.451 14 SVINFO 4 11 1 4 35 72 245
66.534 14 COMMANDS 2856,-4,28,0
66.636 14 FBW_STATUS 2 0 1 12.5 0.398458
66.651 14 WP_MOVED 0 360326. 4813637. 260. 31
66.683 14 NAVIGATION 15 1 -316. 103.5 358371.59375 332.518036 57 36 36 0 0 0
66.700 14 GPS 3 35996566 481369904 2695 208798 1294 -44 0 17841240 31 0
66.700 14 SVINFO 5 12 1 5 34 29 295
66.751 14 COMMANDS 2879,-7,-15,0
66.751 14 DESIRED 0.001304 -0.012956 0. -358684. -1500. 200. -0.26391 13.
66.751 14 ESTIMATOR 208.724808 -0.44
66.850 14 STATE_FILTER_STATUS 2 3 300
66.850 14 ATTITUDE 0.0023 4.655995 -0.011653
66.933 14 NAVIGATION 15 1 -319.0625 103.5 358368.53125 335.429749 57 36 36 0 0 0
66.952 14 IR_SENSORS 0 0 20 -16 264
66.953 14 GPS 3 35996255 481369901 2696 208753 1294 -50 0 17841480 31 0
66.953 14 SVINFO 6 13 1 6 33 0 346
67.049 14 PPRZ_MODE 2 3 2 0 0 6
67.150 14 ALIVE 179,209,69,119,115,11,176,21,181,244,80,210,55,176,198,136
67.150 14 CALIBRATION -61.046463 0
67.150 14 DL_VALUE 53 -0.062832
67.150 14 ENERGY 30 12.5 0.409261 5.115762 0.059656 0.745668
67.150 14 WP_MOVED 1 360284. 4813595. 260. 31
67.183 14 NAVIGATION 15 1 -322.1875 103.5 358365.40625 338.403656 57 36 36 0 0 0
67.200 14 GPS 3 35995944 481369900 2696 208709 1295 -55 0 17841720 31 0
67.250 14 NAVIGATION 15 1 -325.3125 103.5 358365.40625 338.403656 57 36 36 0 0 0
67.250 14 ESTIMATOR 208.57251 -0.55
67.351 14 AIRSPEED 13.6 0. 0. 0.
67.351 14 ATTITUDE 0.0023 4.656866 -0.011653
67.433 14 NAVIGATION 15 1 -325.3125 103.5 358362.28125 341.380249 58 37 37 0 0 0
67.449 14 FBW_STATUS 2 0 1 12.5 0.418224
67.449 14 GPS 3 35995633 481369898 2696 208666 1297 -51 0 17841960 31 0
67.549 14 NAVIGATION_REF 360284 4813595 31 185.
67.550 14 GPS_SOL 480 480 480 7
67.651 14 WP_MOVED 2 360333.5 4813695. 260. 31
67.683 14 NAVIGATION 15 1 -328.4375 103.5 358359.15625 344.359467 58 37 37 0 0 0
67.701 14 GPS 3 35995269 481369896 2696 208617 1299 -54 0 17842240 31 0
67.701 14 SVINFO 2 9 1 2 36 68 146
67.751 14 ESTIMATOR 208.431137 -0.54
67.800 14 DESIRED 0.000488 -0.012502 0. -358684. -1500. 200. -0.254831 13.
67.849 14 ATTITUDE 0.0023 4.657684 -0.015421
67.933 14 NAVIGATION 15 1 -332.0625 103.5 358355.53125 347.818573 58 37 37 0 0 0
67.950 14 GPS 3 35994957 481369894 2696 208578 1301 -55 0 17842480 31 0
67.950 14 SVINFO 3 10 0 3 35 89 196
68.151 14 IR_SENSORS 0 0 20 -16 264
68.151 14 WP_MOVED 3 360294.09375 4813785. 260. 31
68.185 14 NAVIGATION 15 1 -335.1875 103.5 358352.40625 350.803223 58 37 37 0 0 0
68.200 14 GPS 3 35994644 481369892 2696 208541 1303 -30 0 17842720 31 0
68.200 14 SVINFO 4 11 1 4 34 69 246
68.250 14 DATALINK_REPORT 10 10 2023 561 0 0
68.250 14 ENERGY 32 12.5 0.435576 5.444699 0.060434 0.755393
68.250 14 NAVIGATION 15 1 -338.3125 103.5 358352.40625 350.803223 58 37 37 0 0 0
68.250 14 ESTIMATOR 208.310715 -0.3
68.350 14 AIRSPEED 13.6 0. 0. 0.
68.350 14 ATTITUDE 0.0023 4.657773 -0.011653
68.391 14 WIND_INFO 14 5 -0.7 0.6 0. 13.6
68.433 14 NAVIGATION 15 1 -338.3125 103.5 358349.28125 353.790314 59 38 38 0 0 0
68.450 14 GPS 3 35994331 481369890 2696 208506 1305 -31 0 17842960 31 0
68.639 14 FBW_STATUS 2 0 1 12.5 0.438192
68.651 14 DL_VALUE 54 0.087266
68.651 14 WP_MOVED 4 360416.3125 4813734. 260. 31
68.683 14 NAVIGATION 15 1 -341.4375 103.5 358346.15625 356.779785 59 38 38 0 0 0
68.700 14 GPS 3 35993965 481369888 2696 208470 1307 -18 0 17843240 31 0
68.750 14 ESTIMATOR 208.289948 -0.18
68.850 14 DESIRED 0.000476 -0.012218 0. -358684. -1500. 200. -0.249155 13.
68.851 14 ATTITUDE 0.0023 4.657719 -0.011653
68.933 14 NAVIGATION 15 1 -345.125 103.5 358342.46875 360.310303 59 38 38 0 0 0
68.951 14 GPS 3 35993651 481369886 2696 208441 1308 -24 0 17843480 31 0
68.951 14 SVINFO 0 7 0 0 38 0 47
69.150 14 WP_MOVED 5 360421. 4813583.5 260. 31
69.183 14 NAVIGATION 15 1 -348.21875 103.5 358339.375 363.27475 59 38 38 0 0 0
69.200 14 GPS 3 35993336 481369884 2696 208414 1309 -36 0 17843720 31 0
69.200 14 SVINFO 1 8 1 1 37 27 97
69.249 14 CALIBRATION -79.20018 0
69.249 14 NAVIGATION 15 1 -351.375 103.5 358339.375 363.27475 59 38 38 0 0 0
69.250 14 ESTIMATOR 208.28125 -0.36
69.350 14 IR_SENSORS 0 0 19 -16 264
69.350 14 ENERGY 32 12.5 0.438716 5.483945 0.061235 0.765399
69.350 14 AIRSPEED 13.6 0. 0. 0.
69.350 14 ATTITUDE 0.0023 4.657583 -0.015421
69.434 14 NAVIGATION 15 1 -351.375 103.5 358336.21875 366.3013 60 39 39 0 0 0
69.450 14 FBW_STATUS 2 0 1 12.5 0.439938
69.451 14 GPS 3 35993022 481369882 2696 208389 1310 -31 0 17843960 31 0
69.549 14 GPS_SOL 464 464 464 7
69.659 14 WP_MOVED 6 360164.8125 4813664.5 260. 31
69.683 14 NAVIGATION 15 1 -354.5 103.5 358333.09375 369.300018 60 39 39 0 0 0
69.700 14 GPS 3 35992655 481369880 2696 208361 1311 -43 0 17844240 31 0
69.750 14 ESTIMATOR 208.215042 -0.43
69.851 14 ATTITUDE 0.0023 4.657626 -0.011653
69.900 14 DESIRED 0.00088 -0.012124 0. -358684. -1500. 200. -0.247262 13.
69.933 14 NAVIGATION 15 1 -358.1875 103.5 358329.40625 372.841156 60 39 39 0 0 0
69.950 14 GPS 3 35992340 481369878 2696 208338 1312 -23 0 17844480 31 0
70.150 14 DL_VALUE 55 1.
70.151 14 WP_MOVED 7 360558.40625 4813804.5 260. 31
70.184 14 NAVIGATION 15 1 -361.34375 103.5 358326.25 375.87439 60 39 39 0 0 0
70.200 14 GPS 3 35992025 481369876 2696 208316 1313 -33 0 17844720 31 0
70.200 14 SVINFO 5 12 1 5 33 23 297
