2.544 14 FBW_STATUS 2 0 1 12.5 0.
2.595 14 NAVIGATION 2 2 0. 0. 0. 0. 0 6 6 1 0 0
2.595 14 DL_VALUE 10 1.
2.595 14 WP_MOVED 10 360452.8125 4813581. 260. 31
2.613 14 DESIRED 0. 0.00024 0. 0. 0. 235. 0. 13.
2.613 14 GPS 3 36028477 481359546 899 185000 0 32 0 17977200 31 0
2.661 14 ESTIMATOR 185.061508 0.32
2.760 14 ATTITUDE 0.0023 0. -0.000365
2.844 14 NAVIGATION 2 2 0. 0. 0. 0. 0 6 6 1 0 0
2.860 14 GPS 3 36028477 481359546 899 185000 0 33 0 17977480 31 0
3.060 14 WP_MOVED 11 360169.5 4813757.5 260. 31
3.094 14 NAVIGATION 2 2 0. 0. 0. 0. 0 6 6 1 0 0
3.110 14 GPS 3 36028477 481359546 899 185000 0 34 0 17977720 31 0
3.110 14 SVINFO 3 10 1 3 48 6 159
3.161 14 NAVIGATION 2 2 0. 0. 0. 0. 0 6 6 1 0 0
3.161 14 ESTIMATOR 185.146118 0.34
3.264 14 IR_SENSORS 0 0 23 -16 264
3.264 14 ENERGY 0 12.5 0. 0. 0. 0.
3.264 14 AIRSPEED 0. 0. 0. 0.
3.265 14 ATTITUDE 0.0023 0. -0.000365
3.344 14 NAVIGATION 2 2 0. 0. 0. 0. 0 7 7 1 0 0
3.360 14 FBW_STATUS 2 0 1 12.5 0.
3.360 14 GPS 3 36028477 481359546 899 185000 0 21 0 17977960 31 0
3.463 14 GPS_SOL 625 625 625 7
3.561 14 WP_MOVED 12 360287.59375 4813581. 260. 31
3.594 14 NAVIGATION 2 2 0. 0. 0. 0. 0 7 7 1 0 0
3.611 14 GPS 3 36028477 481359546 899 185000 0 26 0 17978240 31 0
3.661 14 DESIRED 0. 0.00024 0. 0. 0. 235. 0. 13.
3.661 14 ESTIMATOR 185.166016 0.26
3.761 14 ATTITUDE 0.0023 0. -0.000365
3.845 14 NAVIGATION 2 2 0. 0. 0. 0. 0 7 7 1 0 0
3.861 14 GPS 3 36028477 481359546 899 185000 0 18 0 17978480 31 0
4.061 14 CALIBRATION 0. 0
4.061 14 DL_VALUE 11 5.
4.061 14 WP_MOVED 13 360311.5 4813547. 260. 31
4.094 14 NAVIGATION 2 2 0. 0. 0. 0. 0 7 7 1 0 0
4.111 14 GPS 3 36028477 481359546 899 185000 0 6 0 17978720 31 0
4.111 14 SVINFO 0 7 0 0 46 79 10
4.161 14 NAVIGATION 2 2 0. 0. 0. 0. 0 7 7 1 0 0
4.161 14 ESTIMATOR 185.160583 0.06
4.263 14 AIRSPEED 0. 0. 0. 0.
4.263 14 ATTITUDE 0.0023 0. -0.000365
4.345 14 NAVIGATION 2 2 0. 0. 0. 0. 0 8 8 1 0 0
4.360 14 ENERGY 0 12.5 0. 0. 0. 0.
4.360 14 GPS 3 36028477 481359546 899 185000 0 0 0 17978960 31 0
4.360 14 SVINFO 1 8 1 1 47 38 60
4.461 14 NAVIGATION_REF 360284 4813595 31 185.
4.462 14 IR_SENSORS 0 0 23 -16 264
4.545 14 FBW_STATUS 2 0 1 12.5 0.
4.561 14 WP_MOVED 14 360300.6875 4813575.5 260. 31
4.594 14 NAVIGATION 2 2 0. 0. 0. 0. 0 8 8 1 0 0
4.611 14 GPS 3 36028477 481359546 899 185000 0 13 0 17979240 31 0
4.611 14 SVINFO 2 9 1 2 48 3 110
4.661 14 ESTIMATOR 185.096756 0.13
4.710 14 DESIRED 0. 0.00024 0. 0. 0. 235. 0. 13.
4.760 14 ATTITUDE 0.0023 0. -0.000365
4.843 14 NAVIGATION 2 2 0. 0. 0. 0. 0 8 8 1 0 0
4.860 14 GPS 3 36028477 481359546 899 185000 0 -2 0 17979480 31 0
5.060 14 WP_MOVED 15 360297.6875 4813554.5 260. 31
5.093 14 NAVIGATION 2 2 0. 0. 0. 0. 0 8 8 1 0 0
5.110 14 GPS 3 36028477 481359546 899 185000 0 -16 0 17979720 31 0
5.110 14 SVINFO 4 11 1 4 49 46 210
5.162 14 NAVIGATION 2 2 0. 0. 0. 0. 0 8 8 1 0 0
5.164 14 ESTIMATOR 185.067566 -0.16
5.264 14 AIRSPEED 0. 0. 0. 0.
5.265 14 ATTITUDE 0.0023 0. -0.000365
5.343 14 NAVIGATION 2 2 0. 0. 0. 0. 0 9 9 1 0 0
5.360 14 FBW_STATUS 2 0 1 12.5 0.
5.360 14 GPS 3 36028477 481359546 899 185000 0 -3 0 17980000 31 0
5.461 14 GPS_SOL 637 637 637 7
5.462 14 ENERGY 0 12.5 0. 0. 0. 0.
5.561 14 DL_VALUE 12 100.
5.561 14 WP_MOVED 16 361184. 4813643. 260. 31
5.595 14 NAVIGATION 2 2 0. 0. 0. 0. 0 9 9 1 0 0
5.610 14 GPS 3 36028477 481359546 899 185000 0 2 0 17980239 31 0
5.661 14 IR_SENSORS 0 0 23 -16 264
5.662 14 ESTIMATOR 185.00943 0.02
5.761 14 DESIRED 0. 0.00024 0. 0. 0. 235. 0. 13.
5.761 14 ATTITUDE 0.0023 0. -0.000365
5.845 14 NAVIGATION 2 2 0. 0. 0. 0. 0 9 9 1 0 0
5.862 14 GPS 3 36028477 481359546 899 185000 0 -9 0 17980480 31 0
5.863 14 SVINFO 0 7 0 0 47 76 11
6.061 14 WP_MOVED 17 361184. 4813643. 260. 31
6.094 14 NAVIGATION 2 2 0. 0. 0. 0. 0 9 9 1 0 0
6.111 14 GPS 3 36028477 481359546 899 185000 0 13 0 17980720 31 0
6.162 14 CALIBRATION 0. 0
6.162 14 NAVIGATION 2 2 0. 0. 0. 0. 0 9 9 1 0 0
6.162 14 ESTIMATOR 184.99115 0.13
6.261 14 AIRSPEED 0. 0. 0. 0.
6.261 14 ATTITUDE 0.0023 0. -0.000365
6.344 14 NAVIGATION 2 2 0. 0. 0. 0. 0 10 10 1 0 0
6.361 14 GPS 3 36028477 481359546 899 185000 0 10 0 17980960 31 0
6.444 14 COMMANDS 0,-17,7,0
6.544 14 FBW_STATUS 2 0 1 12.5 0.
6.560 14 ENERGY 0 12.5 0. 0. 0. 0.
6.561 14 WP_MOVED 18 360289. 4813605. 220. 31
6.594 14 NAVIGATION 2 2 0. 0. 0. 0. 0 10 10 1 0 0
6.610 14 GPS 3 36028477 481359546 899 185000 0 24 0 17981239 31 0
6.660 14 COMMANDS 0,-17,7,0
6.661 14 ESTIMATOR 185.031631 0.24
6.760 14 STATE_FILTER_STATUS 2 3 303
6.760 14 ATTITUDE 0.0023 0. -0.000365
6.810 14 DESIRED 0. 0.00024 0. 0. 0. 235. 0. 13.
6.845 14 NAVIGATION 2 2 0. 0. 0. 0. 0 10 10 1 0 0
6.861 14 IR_SENSORS 0 0 23 -16 264
6.862 14 GPS 3 36028477 481359546 899 185000 0 34 0 17981480 31 0
6.960 14 DATALINK_REPORT 9 1 514 529 0 0
6.960 14 PPRZ_MODE 2 1 2 0 0 6
7.062 14 ALIVE 179,209,69,119,115,11,176,21,181,244,80,210,55,176,198,136
7.062 14 DL_VALUE 13 1.
7.062 14 WP_MOVED 19 360289. 4813610. 500. 31
7.095 14 NAVIGATION 2 2 0. 0. 0. 0. 0 10 10 1 0 0
7.113 14 GPS 3 36028477 481359546 899 185000 0 18 0 17981720 31 0
7.160 14 NAVIGATION 2 2 0. 0. 0. 0. 0 10 10 1 0 0
7.160 14 ESTIMATOR 185.11377 0.18
7.261 14 AIRSPEED 0. 0. 0. 0.
7.261 14 ATTITUDE 0.0023 0. -0.000365
7.344 14 NAVIGATION 2 2 0. 0. 0. 0. 0 11 11 1 0 0
7.360 14 FBW_STATUS 2 0 1 12.5 0.
7.360 14 GPS 3 36028477 481359546 899 185000 0 21 0 17981960 31 0
7.461 14 GPS_SOL 648 648 648 7
7.561 14 WP_MOVED 20 360289. 4813620. 300. 31
7.594 14 NAVIGATION 2 2 0. 0. 0. 0. 0 11 11 1 0 0
7.611 14 GPS 3 36028477 481359546 899 185000 0 17 0 17982239 31 0
7.663 14 ENERGY 0 12.5 0. 0. 0. 0.
7.663 14 ESTIMATOR 185.126678 0.17
7.761 14 ATTITUDE 0.0023 0. -0.000365
7.844 14 NAVIGATION 2 2 0. 0. 0. 0. 0 11 11 1 0 0
7.859 14 WIND_INFO 14 5 0. 0. 0. 0.
7.859 14 DESIRED 0. 0.00024 0. 0. 0. 235. 0. 13.
7.859 14 GPS 3 36028477 481359546 899 185000 0 15 0 17982480 31 0
7.860 14 SVINFO 1 8 0 1 48 32 62
8.061 14 IR_SENSORS 0 0 23 -16 264
8.061 14 WP_MOVED 21 360289. 4813625. 400. 31
8.094 14 NAVIGATION 2 2 0. 0. 0. 0. 0 11 11 1 0 0
8.110 14 GPS 3 36028477 481359546 899 185000 0 16 0 17982720 31 0
8.161 14 NAVIGATION 2 2 0. 0. 0. 0. 0 11 11 1 0 0
8.161 14 ESTIMATOR 185.121277 0.16
8.260 14 CALIBRATION 0. 0
8.260 14 AIRSPEED 0. 0. 0. 0.
8.260 14 ATTITUDE 0.0023 0. -0.000365
8.344 14 NAVIGATION 2 2 0. 0. 0. 0. 0 12 12 1 0 0
8.360 14 GPS 3 36028477 481359546 899 185000 0 -2 0 17982960 31 0
8.360 14 SVINFO 3 10 0 3 49 11 162
8.544 14 FBW_STATUS 2 0 1 12.5 0.
8.561 14 AUTOPILOT_VERSION 51500 v5.15_devel-179-g9a29798-dirty
8.561 14 DL_VALUE 14 0.
8.561 14 WP_MOVED 22 360289. 4813645. 250. 31
8.594 14 NAVIGATION 2 2 0. 0. 0. 0. 0 12 12 1 0 0
8.611 14 GPS 3 36028477 481359546 899 185000 0 4 0 17983239 31 0
8.661 14 ESTIMATOR 185.085312 0.04
8.761 14 ENERGY 0 12.5 0. 0. 0. 0.
8.761 14 ATTITUDE 0.0023 0. -0.000365
8.844 14 NAVIGATION 2 2 0. 0. 0. 0. 0 12 12 1 0 0
8.861 14 GPS 3 36028477 481359546 899 185000 0 0 0 17983480 31 0
8.911 14 DESIRED 0. 0.00024 0. 0. 0. 235. 0. 13.
9.061 14 WP_MOVED 0 360326. 4813637. 260. 31
9.094 14 NAVIGATION 2 2 0. 0. 0. 0. 0 12 12 1 0 0
9.110 14 GPS 3 36028477 481359546 899 185000 0 9 0 17983720 31 0
9.161 14 NAVIGATION 2 2 0. 0. 0. 0. 0 12 12 1 0 0
9.161 14 ESTIMATOR 185.052612 0.09
9.262 14 IR_SENSORS 0 0 23 -16 264
9.263 14 AIRSPEED 0. 0. 0. 0.
9.264 14 ATTITUDE 0.0023 0. -0.000365
9.343 14 NAVIGATION 2 2 0. 0. 0. 0. 0 13 13 1 0 0
9.360 14 FBW_STATUS 2 0 1 12.5 0.
9.360 14 GPS 3 36028477 481359546 899 185000 0 4 0 17983960 31 0
9.461 14 GPS_SOL 659 659 659 7
9.561 14 WP_MOVED 1 360284. 4813595. 260. 31
9.594 14 NAVIGATION 2 2 0. 0. 0. 0. 0 13 13 1 0 0
9.610 14 GPS 3 36028477 481359546 899 185000 0 -2 0 17984239 31 0
9.661 14 ESTIMATOR 185.048904 -0.02
9.760 14 ATTITUDE 0.0023 0. -0.000365
9.843 14 NAVIGATION 2 2 0. 0. 0. 0. 0 13 13 1 0 0
9.860 14 ENERGY 0 12.5 0. 0. 0. 0.
9.860 14 GPS 3 36028477 481359546 899 185000 0 -1 0 17984480 31 0
9.861 14 SVINFO 2 9 0 2 49 0 113
9.960 14 DESIRED 0. 0.00024 0. 0. 0. 235. 0. 13.
10.061 14 DL_VALUE 15 0.
10.061 14 WP_MOVED 2 360333.5 4813695. 260. 31
10.094 14 NAVIGATION 2 2 0. 0. 0. 0. 0 13 13 1 0 0
10.111 14 GPS 3 36028477 481359546 899 185000 0 21 0 17984720 31 0
10.161 14 NAVIGATION 2 2 0. 0. 0. 0. 0 13 13 1 0 0
10.161 14 ESTIMATOR 185.022385 0.21
10.261 14 AIRSPEED 0. 0. 0. 0.
10.261 14 ATTITUDE 0.0023 0. -0.000365
10.345 14 NAVIGATION 2 2 0. 0. 0. 0. 0 14 14 1 0 0
10.361 14 CALIBRATION 0. 0
10.361 14 GPS 3 36028477 481359546 899 185000 0 9 0 17984960 31 0
10.461 14 IR_SENSORS 0 0 23 -16 264
10.543 14 FBW_STATUS 2 0 1 12.5 0.
10.560 14 WP_MOVED 3 360294.09375 4813785. 260. 31
10.593 14 NAVIGATION 2 2 0. 0. 0. 0. 0 14 14 1 0 0
10.610 14 GPS 3 36028477 481359546 899 185000 0 24 0 17985239 31 0
10.661 14 ESTIMATOR 185.058075 0.24
10.760 14 ATTITUDE 0.0023 0. -0.000365
10.844 14 NAVIGATION 2 2 0. 0. 0. 0. 0 14 14 1 0 0
10.861 14 GPS 3 36028477 481359546 899 185000 0 8 0 17985480 31 0
10.961 14 ENERGY 0 12.5 0. 0. 0. 0.
11.010 14 DESIRED 0. 0.00024 0. 0. 0. 235. 0. 13.
11.061 14 WP_MOVED 4 360416.3125 4813734. 260. 31
11.094 14 NAVIGATION 2 2 0. 0. 0. 0. 0 14 14 1 0 0
11.110 14 GPS 3 36028477 481359546 899 185000 0 23 0 17985720 31 0
11.110 14 SVINFO 0 7 0 0 48 69 14
11.161 14 NAVIGATION 2 2 0. 0. 0. 0. 0 14 14 1 0 0
11.161 14 ESTIMATOR 185.080536 0.23
11.261 14 AIRSPEED 0. 0. 0. 0.
11.261 14 ATTITUDE 0.0023 0. -0.000365
11.344 14 NAVIGATION 2 2 0. 0. 0. 0. 0 15 15 1 0 0
11.360 14 FBW_STATUS 2 0 1 12.5 0.
11.360 14 GPS 3 36028477 481359546 899 185000 0 12 0 17985960 31 0
11.444 14 COMMANDS 0,-17,7,0
11.461 14 GPS_SOL 668 668 668 7
11.560 14 DL_VALUE 16 80.
11.561 14 WP_MOVED 5 360421. 4813583.5 260. 31
11.594 14 NAVIGATION 2 2 0. 0. 0. 0. 0 15 15 1 0 0
11.610 14 GPS 3 36028477 481359546 899 185000 0 -5 0 17986239 31 0
11.660 14 COMMANDS 0,-17,7,0
11.661 14 IR_SENSORS 0 0 23 -16 264
11.661 14 ESTIMATOR 185.098572 -0.05
11.760 14 STATE_FILTER_STATUS 2 3 303
11.760 14 ATTITUDE 0.0023 0. -0.000365
11.843 14 NAVIGATION 2 2 0. 0. 0. 0. 0 15 15 1 0 0
11.860 14 GPS 3 36028477 481359546 899 185000 0 1 0 17986480 31 0
11.961 14 PPRZ_MODE 2 1 2 0 0 6
12.061 14 DATALINK_REPORT 4 2 632 510 0 0
12.061 14 ALIVE 179,209,69,119,115,11,176,21,181,244,80,210,55,176,198,136
12.061 14 ENERGY 0 12.5 0. 0. 0. 0.
12.062 14 DESIRED 0. 0.00024 0. 0. 0. 235. 0. 13.
12.062 14 WP_MOVED 6 360164.8125 4813664.5 260. 31
12.094 14 NAVIGATION 2 2 0. 0. 0. 0. 0 15 15 1 0 0
12.110 14 GPS 3 36028477 481359546 899 185000 0 -13 0 17986720 31 0
12.161 14 NAVIGATION 2 2 0. 0. 0. 0. 0 15 15 1 0 0
12.161 14 ESTIMATOR 185.049393 -0.13
12.261 14 AIRSPEED 0. 0. 0. 0.
12.261 14 ATTITUDE 0.0023 0. -0.000365
12.344 14 NAVIGATION 2 2 0. 0. 0. 0. 0 16 16 1 0 0
12.361 14 GPS 3 36028477 481359546 899 185000 0 -1 0 17986960 31 0
12.461 14 CALIBRATION 0. 0
12.544 14 FBW_STATUS 2 0 1 12.5 0.
12.560 14 WP_MOVED 7 360558.40625 4813804.5 260. 31
12.594 14 NAVIGATION 2 2 0. 0. 0. 0. 0 16 16 1 0 0
12.610 14 GPS 3 36028477 481359546 899 185000 0 -8 0 17987239 31 0
12.661 14 ESTIMATOR 185.007477 -0.08
12.761 14 ATTITUDE 0.0023 0. -0.000365
12.844 14 NAVIGATION 2 2 0. 0. 0. 0. 0 16 16 1 0 0
12.860 14 IR_SENSORS 0 0 23 -16 264
12.860 14 GPS 3 36028477 481359546 899 185000 0 -16 0 17987480 31 0
13.061 14 DL_VALUE 17 0.
13.061 14 WP_MOVED 8 360461.40625 4813640. 215. 31
13.094 14 NAVIGATION 2 2 0. 0. 0. 0. 0 16 16 1 0 0
13.110 14 DESIRED 0. 0.00024 0. 0. 0. 235. 0. 13.
13.110 14 GPS 3 36028477 481359546 899 185000 0 -4 0 17987720 31 0
13.110 14 SVINFO 1 8 0 1 49 23 65
13.161 14 ENERGY 0 12.5 0. 0. 0. 0.
13.161 14 NAVIGATION 2 2 0. 0. 0. 0. 0 16 16 1 0 0
13.161 14 ESTIMATOR 184.963364 -0.04
13.260 14 AIRSPEED 0. 0. 0. 0.
13.261 14 ATTITUDE 0.0023 0. -0.000365
13.343 14 NAVIGATION 2 2 0. 0. 0. 0. 0 17 17 1 0 0
13.361 14 FBW_STATUS 2 0 1 12.5 0.
13.361 14 GPS 3 36028477 481359546 899 185000 0 3 0 17987960 31 0
13.460 14 NAVIGATION_REF 360284 4813595 31 185.
13.461 14 GPS_SOL 676 676 676 7
13.560 14 WP_MOVED 9 360312.8125 4813652. 185. 31
13.593 14 NAVIGATION 2 2 0. 0. 0. 0. 0 17 17 1 0 0
13.610 14 GPS 3 36028477 481359546 899 185000 0 -21 0 17988239 31 0
13.661 14 ESTIMATOR 184.979828 -0.21
13.761 14 ATTITUDE 0.0023 0. -0.000365
13.845 14 NAVIGATION 2 2 0. 0. 0. 0. 0 17 17 1 0 0
13.861 14 GPS 3 36028477 481359546 899 185000 0 -21 0 17988480 31 0
14.061 14 IR_SENSORS 0 0 23 -16 264
14.061 14 WP_MOVED 10 360452.8125 4813581. 260. 31
14.094 14 NAVIGATION 2 2 0. 0. 0. 0. 0 17 17 1 0 0
14.110 14 GPS 3 36028477 481359546 899 185000 0 -33 0 17988720 31 0
14.161 14 DESIRED 0. 0.00024 0. 0. 0. 235. 0. 13.
14.161 14 NAVIGATION 2 2 0. 0. 0. 0. 0 17 17 1 0 0
14.161 14 ESTIMATOR 184.920868 -0.33
14.260 14 ENERGY 0 12.5 0. 0. 0. 0.
14.260 14 AIRSPEED 0. 0. 0. 0.
14.260 14 ATTITUDE 0.0023 0. -0.000365
14.344 14 NAVIGATION 2 2 0. 0. 0. 0. 0 18 18 1 0 0
14.361 14 GPS 3 36028477 481359546 899 185000 0 -33 0 17988960 31 0
14.544 14 FBW_STATUS 2 0 1 12.5 0.
14.560 14 CALIBRATION 0. 0
14.560 14 DL_VALUE 18 1.
14.560 14 WP_MOVED 11 360169.5 4813757.5 260. 31
14.594 14 NAVIGATION 2 2 0. 0. 0. 0. 0 18 18 1 0 0
14.611 14 GPS 3 36028477 481359546 899 185000 0 2 0 17989239 31 0
14.611 14 SVINFO 0 7 0 0 49 64 16
14.661 14 ESTIMATOR 184.849457 0.02
14.760 14 ATTITUDE 0.0023 0. -0.000365
14.844 14 NAVIGATION 2 2 0. 0. 0. 0. 0 18 18 1 0 0
14.861 14 GPS 3 36028477 481359546 899 185000 0 1 0 17989480 31 0
15.060 14 WP_MOVED 12 360287.59375 4813581. 260. 31
15.095 14 NAVIGATION 2 2 0. 0. 0. 0. 0 18 18 1 0 0
15.111 14 GPS 3 36028477 481359546 899 185000 0 0 0 17989720 31 0
15.161 14 NAVIGATION 2 2 0. 0. 0. 0. 0 18 18 1 0 0
15.162 14 ESTIMATOR 184.921509 0.
15.211 14 DESIRED 0. 0.00024 0. 0. 0. 235. 0. 13.
15.261 14 IR_SENSORS 0 0 23 -16 264
15.262 14 AIRSPEED 0. 0. 0. 0.
15.263 14 ATTITUDE 0.0023 0. -0.000365
15.344 14 NAVIGATION 2 2 0. 0. 0. 0. 0 19 19 1 0 0
15.362 14 FBW_STATUS 2 0 1 12.5 0.
15.363 14 ENERGY 0 12.5 0. 0. 0. 0.
15.363 14 GPS 3 36028477 481359546 899 185000 0 10 0 17989960 31 0
15.461 14 GPS_SOL 683 683 683 7
15.560 14 WP_MOVED 13 360311.5 4813547. 260. 31
15.594 14 NAVIGATION 2 2 0. 0. 0. 0. 0 19 19 1 0 0
15.610 14 GPS 3 36028477 481359546 899 185000 0 17 0 17990239 31 0
15.660 14 ESTIMATOR 184.975235 0.17
15.762 14 ATTITUDE 0.0023 0. -0.000365
15.844 14 NAVIGATION 2 2 0. 0. 0. 0. 0 19 19 1 0 0
15.860 14 GPS 3 36028477 481359546 899 185000 0 16 0 17990480 31 0
16.061 14 DL_VALUE 19 0.
16.061 14 WP_MOVED 14 360300.6875 4813575.5 260. 31
16.094 14 NAVIGATION 2 2 0. 0. 0. 0. 0 19 19 1 0 0
16.111 14 GPS 3 36028477 481359546 899 185000 0 21 0 17990720 31 0
16.161 14 NAVIGATION 2 2 0. 0. 0. 0. 0 19 19 1 0 0
16.162 14 ESTIMATOR 185.039505 0.21
16.261 14 DESIRED 0. 0.00024 0. 0. 0. 235. 0. 13.
16.261 14 AIRSPEED 0. 0. 0. 0.
16.261 14 ATTITUDE 0.0023 0. -0.000365
16.345 14 NAVIGATION 2 2 0. 0. 0. 0. 0 20 20 1 0 0
16.360 14 GPS 3 36028477 481359546 899 185000 0 30 0 17990960 31 0
16.444 14 COMMANDS 0,-17,7,0
16.461 14 IR_SENSORS 0 0 23 -16 264
16.461 14 ENERGY 0 12.5 0. 0. 0. 0.
16.545 14 FBW_STATUS 2 0 1 12.5 0.
16.560 14 WP_MOVED 15 360297.6875 4813554.5 260. 31
16.594 14 NAVIGATION 2 2 0. 0. 0. 0. 0 20 20 1 0 0
16.611 14 GPS 3 36028477 481359546 899 185000 0 17 0 17991239 31 0
16.661 14 COMMANDS 0,-17,7,0
16.661 14 CALIBRATION 0. 0
16.661 14 ESTIMATOR 185.106522 0.17
16.761 14 STATE_FILTER_STATUS 2 3 303
16.761 14 ATTITUDE 0.0023 0. -0.000365
16.844 14 NAVIGATION 2 2 0. 0. 0. 0. 0 20 20 1 0 0
16.861 14 GPS 3 36028477 481359546 899 185000 0 3 0 17991480 31 0
16.961 14 PPRZ_MODE 2 1 2 0 0 6
17.061 14 ALIVE 179,209,69,119,115,11,176,21,181,244,80,210,55,176,198,136
17.061 14 WP_MOVED 16 361184. 4813643. 260. 31
17.094 14 NAVIGATION 2 2 0. 0. 0. 0. 0 20 20 1 0 0
17.110 14 GPS 3 36028477 481359546 899 185000 0 3 0 17991720 31 0
17.161 14 DATALINK_REPORT 9 2 752 528 0 0
17.161 14 NAVIGATION 2 2 0. 0. 0. 0. 0 20 20 1 0 0
17.161 14 ESTIMATOR 185.087845 0.03
17.261 14 AIRSPEED 0. 0. 0. 0.
17.261 14 ATTITUDE 0.0023 0. -0.000365
17.311 14 DESIRED 0. 0.00024 0. 0. 0. 235. 0. 13.
17.344 14 NAVIGATION 2 2 0. 0. 0. 0. 0 21 21 1 0 0
17.346 14 SETTING 9 14 1.
17.346 14 DL_VALUE 9 1.
17.361 14 FBW_STATUS 2 0 1 12.5 0.
17.361 14 GPS 3 36028477 481359546 899 185000 0 0 0 17991960 31 0
17.461 14 GPS_SOL 689 689 689 7
17.560 14 DL_VALUE 20 0.
17.561 14 ENERGY 0 12.5 0. 0. 0. 0.
17.561 14 WP_MOVED 17 361184. 4813643. 260. 31
17.593 14 NAVIGATION 2 2 0. 0. 0. 0. 0 21 21 1 0 0
17.613 14 GPS 3 36028477 481359546 899 185000 0 -9 0 17992239 31 0
17.660 14 IR_SENSORS 0 0 23 -16 264
17.661 14 ESTIMATOR 185.052643 -0.09
17.761 14 ATTITUDE 0.0023 0. -0.000365
17.844 14 NAVIGATION 2 2 0. 0. 0. 0. 0 21 21 1 0 0
17.861 14 WIND_INFO 14 5 0. 0. 0. 0.
17.861 14 GPS 3 36028477 481359546 899 185000 0 2 0 17992480 31 0
18.061 14 WP_MOVED 18 360289. 4813605. 220. 31
18.094 14 NAVIGATION 2 2 0. 0. 0. 0. 0 21 21 1 0 0
18.111 14 GPS 3 36028477 481359546 899 185000 0 20 0 17992720 31 0
18.161 14 NAVIGATION 2 2 0. 0. 0. 0. 0 21 21 1 0 0
18.161 14 ESTIMATOR 185.020355 0.2
18.215 14 BLOCK 3 14
18.216 14 NAVIGATION 3 0 0. 0. 0. 0. 0 0 0 1 0 0
18.261 14 AIRSPEED 0. 0. 0. 0.
18.261 14 ATTITUDE 0.0023 0. -0.000365
18.344 14 NAVIGATION 3 2 0. 0. 198.624115 0. 0 1 0 0 0 0
18.361 14 DESIRED -0. 0.262039 0. -114.5 162.300003 235. 0. 13.
18.361 14 GPS 3 36028477 481359546 899 185000 0 19 0 17992960 31 0
18.545 14 FBW_STATUS 2 0 1 12.5 0.095192
18.560 14 WP_MOVED 19 360289. 4813610. 500. 31
18.594 14 NAVIGATION 3 2 0. 0. 198.624115 0. 0 1 0 0 0 0
18.610 14 GPS 3 36028477 481359852 3599 184996 1272 7 0 17993239 31 0
18.661 14 ENERGY 16 12.5 0.16105 2.01312 3.7e-05 0.000459
18.661 14 ESTIMATOR 185.073105 0.07
18.761 14 CALIBRATION 0. 0
18.761 14 ATTITUDE 0.0023 6.283175 0.014652
18.844 14 NAVIGATION 3 2 0. 3. 196.180374 3. 0 1 0 0 0 0
18.860 14 IR_SENSORS 0 0 30 -16 263
18.860 14 GPS 3 36028477 481360151 3599 184983 1245 1 0 17993480 31 0
19.062 14 DL_VALUE 21 0.
19.063 14 WP_MOVED 20 360289. 4813620. 300. 31
19.094 14 NAVIGATION 3 2 0. 6. 193.752274 6. 0 1 0 0 0 0
19.111 14 GPS 3 36028477 481360449 3599 184982 1242 6 0 17993720 31 0
19.161 14 NAVIGATION 3 2 0. 9. 193.752274 6. 0 1 0 0 0 0
19.161 14 ESTIMATOR 185.044006 0.06
19.260 14 AIRSPEED 0. 0. 0. 0.
19.261 14 ATTITUDE -0.055839 6.28224 0.069138
19.343 14 TAKEOFF 32
19.344 14 NAVIGATION 3 2 0. 9. 191.340378 9. 1 2 1 0 0 0
19.360 14 FBW_STATUS 2 0 1 12.5 0.757697
19.360 14 GPS 3 36028474 481360751 3595 185031 1259 32 0 17993960 31 0
19.412 14 DESIRED -0.281104 0.272917 0. -114.5 162.300003 235. 0. 13.
19.461 14 GPS_SOL 693 693 693 7
19.561 14 WP_MOVED 21 360289. 4813625. 400. 31
19.594 14 NAVIGATION 3 2 -0.03125 12. 188.926407 12.000041 1 2 1 0 0 0
19.610 14 GPS 3 36028464 481361113 3583 185200 1296 79 0 17994239 31 0
19.661 14 AUTOPILOT_VERSION 51500 v5.15_devel-179-g9a29798-dirty
19.661 14 ESTIMATOR 185.149323 0.79
19.762 14 ENERGY 71 12.5 1.151297 14.391218 0.001187 0.014843
19.762 14 ATTITUDE -0.186828 6.253633 0.143602
19.845 14 NAVIGATION 3 2 -0.125 15.5 186.096436 15.500504 1 2 1 0 0 0
19.862 14 GPS 3 36028445 481361433 3566 185477 1335 135 0 17994480 31 0
20.060 14 IR_SENSORS 0 0 71 -80 244
20.060 14 WP_MOVED 22 360289. 4813645. 250. 31
20.094 14 NAVIGATION 3 2 -0.3125 19. 183.231201 19.002569 1 2 1 0 0 0
20.111 14 GPS 3 36028413 481361763 3544 185902 1378 186 0 17994720 31 0
20.161 14 NAVIGATION 3 2 -0.625 22. 183.231201 19.002569 1 2 1 0 0 0
20.161 14 ESTIMATOR 185.765106 1.86
20.261 14 AIRSPEED 0. 0. 0. 0.
20.262 14 ATTITUDE -0.284935 6.186167 0.226965
20.343 14 NAVIGATION 3 2 -0.625 22. 180.697556 22.008877 2 3 2 0 0 0
20.362 14 GPS 3 36028356 481362157 3516 186603 1423 239 0 17995000 31 0
20.461 14 DESIRED -0.317542 0.29359 0. -114.5 162.300003 235. 0. 13.
20.544 14 FBW_STATUS 2 0 1 12.5 1.627817
20.562 14 DL_VALUE 22 0.
20.563 14 WP_MOVED 0 360326. 4813637. 260. 31
20.594 14 NAVIGATION 3 2 -1.1875 26. 177.249588 26.027103 2 3 2 0 0 0
20.610 14 GPS 3 36028287 481362499 3487 187382 1453 316 0 17995239 31 0
20.661 14 ESTIMATOR 187.041229 3.16
20.762 14 ATTITUDE -0.320631 6.086474 0.288792
20.844 14 NAVIGATION 3 2 -1.875 29.5 174.12706 29.559526 2 3 2 0 0 0
20.861 14 CALIBRATION 0. 0
20.862 14 ENERGY 88 12.5 1.627817 20.347708 0.004017 0.050212
20.863 14 GPS 3 36028202 481362841 3459 188306 1466 392 0 17995480 31 0
21.061 14 WP_MOVED 1 360284. 4813595. 260. 31
21.095 14 NAVIGATION 3 2 -2.75 33. 170.899246 33.114384 2 3 2 0 0 0
21.111 14 GPS 3 36028099 481363178 3430 189350 1470 463 0 17995720 31 0
21.161 14 NAVIGATION 3 2 -3.75 36. 170.899246 33.114384 2 3 2 0 0 0
21.161 14 ESTIMATOR 189.040283 4.63
21.261 14 IR_SENSORS 0 0 101 -93 230
21.262 14 AIRSPEED 0. 0. 0. 0.
21.262 14 ATTITUDE -0.321417 5.987484 0.326512
21.345 14 NAVIGATION 3 2 -3.75 36. 167.979919 36.194786 3 4 3 0 0 0
21.360 14 FBW_STATUS 2 0 1 12.5 1.627817
21.361 14 GPS 3 36027980 481363510 3402 190484 1467 503 0 17995960 31 0
21.445 14 COMMANDS 8524,313,-427,0
21.461 14 GPS_SOL 697 697 697 7
21.520 14 DESIRED -0.272055 0.294107 0. -114.5 162.300003 235. 0. 13.
21.561 14 WP_MOVED 2 360333.5 4813695. 260. 31
21.594 14 NAVIGATION 3 2 -4.9375 39.5 164.571503 39.807396 3 4 3 0 0 0
21.610 14 GPS 3 36027822 481363887 3368 191886 1459 525 0 17996239 31 0
21.661 14 COMMANDS 8524,415,-485,0
21.661 14 ESTIMATOR 191.620544 5.25
21.761 14 STATE_FILTER_STATUS 2 3 421
21.762 14 ATTITUDE -0.293565 5.878585 0.335767
21.844 14 NAVIGATION 3 2 -6.5 43. 160.923874 43.488503 3 4 3 0 0 0
21.861 14 GPS 3 36027671 481364201 3344 193128 1450 541 0 17996480 31 0
21.962 14 PPRZ_MODE 2 1 2 0 0 6
21.962 14 ENERGY 88 12.5 1.627817 20.347708 0.007001 0.087516
22.062 14 ALIVE 179,209,69,119,115,11,176,21,181,244,80,210,55,176,198,136
22.062 14 DL_VALUE 23 0.
22.062 14 WP_MOVED 3 360294.09375 4813785. 260. 31
22.093 14 NAVIGATION 3 2 -8.03125 46.5 157.306183 47.188461 3 4 3 0 0 0
22.111 14 GPS 3 36027509 481364507 3319 194384 1442 546 0 17996720 31 0
22.161 14 NAVIGATION 3 2 -9.65625 49.5 157.306183 47.188461 3 4 3 0 0 0
22.161 14 ESTIMATOR 194.348007 5.46
22.261 14 DATALINK_REPORT 4 5 872 529 0 0
22.261 14 AIRSPEED 0. 0. 0. 0.
22.262 14 ATTITUDE -0.247336 5.793866 0.327384
22.345 14 NAVIGATION 3 2 -9.65625 49.5 154.000168 50.433056 4 5 4 0 0 0
22.363 14 GPS 3 36027335 481364804 3296 195639 1434 543 0 17996960 31 0
22.461 14 NAVIGATION_REF 360284 4813595 31 185.
22.463 14 IR_SENSORS 0 0 102 -70 236
22.544 14 FBW_STATUS 2 0 1 12.5 1.627817
22.560 14 DESIRED -0.165734 0.284884 0. -114.5 162.300003 235. 0. 13.
22.560 14 WP_MOVED 4 360416.3125 4813734. 260. 31
22.594 14 NAVIGATION 3 2 -11.375 52.5 150.634674 53.718159 4 5 4 0 0 0
22.611 14 GPS 3 36027120 481365141 3271 197089 1426 536 0 17997239 31 0
22.661 14 ESTIMATOR 197.061066 5.36
22.761 14 ATTITUDE -0.190987 5.710081 0.312565
22.844 14 NAVIGATION 3 2 -13.5625 56. 146.588104 57.618931 4 5 4 0 0 0
22.861 14 GPS 3 36026927 481365422 3255 198312 1421 517 0 17997480 31 0
22.961 14 CALIBRATION 0. 0
23.060 14 ENERGY 88 12.5 1.627817 20.347708 0.009986 0.124821
23.060 14 WP_MOVED 5 360421. 4813583.5 260. 31
23.094 14 NAVIGATION 3 2 -15.46875 58.5 143.462982 60.510597 4 5 4 0 0 0
23.111 14 GPS 3 36026727 481365698 3240 199511 1419 512 0 17997720 31 0
23.111 14 SVINFO 6 13 0 6 48 61 321
23.161 14 NAVIGATION 3 2 -17.46875 61.5 143.462982 60.510597 4 5 4 0 0 0
23.162 14 ESTIMATOR 199.629578 5.12
23.261 14 AIRSPEED 0. 0. 0. 0.
23.261 14 ATTITUDE -0.132188 5.655869 0.29253
23.346 14 NAVIGATION 3 2 -17.46875 61.5 139.913193 63.932835 5 6 5 0 0 0
23.364 14 FBW_STATUS 2 0 1 12.5 1.627817
23.365 14 GPS 3 36026522 481365969 3227 200687 1418 498 0 17997960 31 0
23.461 14 GPS_SOL 699 699 699 7
23.562 14 DL_VALUE 24 0.
23.562 14 WP_MOVED 6 360164.8125 4813664.5 260. 31
23.593 14 NAVIGATION 3 2 -19.5625 64.5 136.301025 67.401344 5 6 5 0 0 0
23.611 14 DESIRED -0.076079 0.272526 0. -114.5 162.300003 235. 0. 13.
23.611 14 GPS 3 36026275 481366280 3214 202031 1418 470 0 17998239 31 0
23.661 14 IR_SENSORS 0 0 95 -41 245
23.661 14 ESTIMATOR 202.080261 4.7
23.762 14 ATTITUDE -0.099006 5.61069 0.279087
23.844 14 NAVIGATION 3 2 -22. 67. 132.809418 70.519501 5 6 5 0 0 0
23.861 14 GPS 3 36026059 481366544 3206 203161 1420 452 0 17998480 31 0
24.060 14 WP_MOVED 7 360558.40625 4813804.5 260. 31
24.094 14 NAVIGATION 3 2 -24.15625 70. 129.156052 74.050819 5 6 5 0 0 0
24.111 14 GPS 3 36025839 481366805 3199 204276 1422 462 0 17998720 31 0
24.161 14 ENERGY 88 12.5 1.627817 20.347708 0.01297 0.162125
24.161 14 NAVIGATION 3 2 -26.34375 72.5 129.156052 74.050819 5 6 5 0 0 0
24.161 14 ESTIMATOR 204.339127 4.62
24.261 14 AIRSPEED 0. 0. 0. 0.
24.261 14 ATTITUDE -0.066005 5.583465 0.269284
24.345 14 NAVIGATION 3 2 -26.34375 72.5 125.839439 77.137817 6 7 6 0 0 0
24.362 14 GPS 3 36025616 481367064 3192 205377 1425 466 0 17998960 31 0
24.545 14 FBW_STATUS 2 0 1 12.5 1.627817
24.561 14 WP_MOVED 8 360461.40625 4813640. 215. 31
24.594 14 NAVIGATION 3 2 -28.59375 75. 122.479279 80.265823 6 7 6 0 0 0
24.611 14 GPS 3 36025352 481367365 3186 206650 1429 456 0 17999239 31 0
24.611 14 SVINFO 5 12 1 5 48 88 271
24.662 14 DESIRED -0.042574 0.26738 0. -114.5 162.300003 235. 0. 13.
24.662 14 ESTIMATOR 206.634354 4.56
24.761 14 ATTITUDE -0.049595 5.561232 0.264415
24.844 14 NAVIGATION 3 2 -31.21875 78. 118.500031 84.015533 6 7 6 0 0 0
24.861 14 IR_SENSORS 0 0 90 -27 248
24.861 14 GPS 3 36025123 481367621 3182 207736 1432 456 0 17999480 31 0
25.062 14 CALIBRATION 0. 0
25.062 14 DL_VALUE 25 0.
25.062 14 WP_MOVED 9 360312.8125 4813652. 185. 31
25.094 14 NAVIGATION 3 2 -33.5 80.5 115.118378 87.192314 6 7 6 0 0 0
25.111 14 GPS 3 36024892 481367877 3178 208818 1434 443 0 17999720 31 0
25.161 14 NAVIGATION 3 2 -35.84375 83. 115.118378 87.192314 6 7 6 0 0 0
25.163 14 ESTIMATOR 208.882217 4.43
25.262 14 ENERGY 88 12.5 1.627817 20.347708 0.015954 0.199429
25.262 14 AIRSPEED 0. 0. 0. 0.
25.262 14 ATTITUDE -0.041625 5.547378 0.260857
25.345 14 NAVIGATION 3 2 -35.84375 83. 111.692871 90.408928 7 8 7 0 0 0
25.361 14 FBW_STATUS 2 0 1 12.5 1.627817
25.361 14 GPS 3 36024659 481368131 3174 209900 1437 452 0 17999960 31 0
25.461 14 GPS_SOL 699 699 699 7
25.561 14 WP_MOVED 10 360452.8125 4813581. 260. 31
25.594 14 NAVIGATION 3 2 -38.15625 86. 107.93544 94.084534 7 8 7 0 0 0
25.610 14 GPS 3 36024385 481368426 3170 211165 1439 450 0 18000239 31 0
25.661 14 ESTIMATOR 211.114166 4.5
25.711 14 DESIRED -0.02822 0.265264 0. -114.5 162.300003 235. 0. 13.
25.761 14 ATTITUDE -0.033257 5.534048 0.259568
25.844 14 NAVIGATION 4 0 -40.90625 88.5 0. 97.496521 7 0 0 0 0 0
25.862 14 GPS 3 36024148 481368679 3168 212252 1441 452 0 18000480 31 0
26.060 14 IR_SENSORS 0 0 90 -23 249
26.061 14 WP_MOVED 11 360169.5 4813757.5 260. 31
26.095 14 NAVIGATION 4 0 -43.28125 91. 0. 100.768379 7 0 0 0 0 0
26.111 14 GPS 3 36023910 481368930 3165 213343 1442 445 0 18000719 31 0
26.160 14 NAVIGATION 4 0 -45.625 94. 0. 100.768379 7 0 0 0 0 0
26.160 14 ESTIMATOR 213.364838 4.45
26.262 14 AIRSPEED 0. 0. 0. 0.
26.262 14 ATTITUDE -0.001337 5.524954 0.259568
26.345 14 NAVIGATION 4 0 -45.625 94. 0. 104.487511 8 1 1 0 0 0
26.362 14 ENERGY 88 12.5 1.627817 20.347708 0.018939 0.236733
26.362 14 GPS 3 36023671 481369181 3163 214438 1443 435 0 18000960 31 0
26.445 14 COMMANDS 8524,3877,496,0
26.546 14 FBW_STATUS 2 0 1 12.5 1.627817
26.565 14 DL_VALUE 26 160.
26.566 14 WP_MOVED 12 360287.59375 4813581. 260. 31
26.594 14 NAVIGATION 4 0 -48.03125 96.5 0. 107.792633 8 1 1 0 0 0
26.610 14 GPS 3 36023394 481369475 3168 215724 1443 465 0 18001239 31 0
26.661 14 COMMANDS 8524,3570,513,0
26.662 14 ESTIMATOR 215.598175 4.65
26.761 14 STATE_FILTER_STATUS 2 3 356
26.762 14 DESIRED 0.567059 0.312838 0. -9.116634 154.543457 260. 1.365984 13.
26.762 14 ATTITUDE 0.123242 5.529723 0.271504
26.844 14 NAVIGATION 4 0 -50.84375 99. 0. 111.292801 8 1 1 0 0 0
26.861 14 CIRCLE 49.5 100.099998 80.
26.861 14 GPS 3 36023161 481369731 3177 216837 1443 471 0 18001480 31 0
26.962 14 PPRZ_MODE 2 3 2 2 0 6
27.060 14 ALIVE 179,209,69,119,115,11,176,21,181,244,80,210,55,176,198,136
27.060 14 WP_MOVED 13 360311.5 4813547. 260. 31
27.094 14 NAVIGATION 4 0 -53.15625 102. 0. 115.019943 8 1 1 0 0 0
27.111 14 GPS 3 36022935 481369994 3192 217962 1442 461 0 18001719 31 0
27.162 14 CALIBRATION 0. 1
27.162 14 NAVIGATION 4 0 -55.375 104.5 0. 115.019943 8 1 1 0 0 0
27.163 14 ESTIMATOR 217.958817 4.61
27.261 14 IR_SENSORS 0 0 97 49 243
27.262 14 AIRSPEED 0. 0. 0. 0.
27.262 14 ATTITUDE 0.249919 5.571708 0.288976
27.344 14 NAVIGATION 4 0 -55.375 104.5 0. 118.265129 9 2 2 0 0 0
27.361 14 DATALINK_REPORT 10 5 992 523 0 0
27.361 14 FBW_STATUS 2 0 1 12.5 1.627817
27.361 14 GPS 3 36022718 481370264 3213 219101 1441 457 0 18001960 31 0
27.460 14 GPS_SOL 699 699 699 7
27.461 14 ENERGY 88 12.5 1.627817 20.347708 0.021923 0.274037
27.561 14 WP_MOVED 14 360300.6875 4813575.5 260. 31
27.594 14 NAVIGATION 4 0 -57.5625 107. 0. 121.500786 9 2 2 0 0 0
27.611 14 GPS 3 36022483 481370591 3247 220444 1438 466 0 18002239 31 0
27.661 14 ESTIMATOR 220.300659 4.66
27.762 14 ATTITUDE 0.392255 5.668667 0.320201
27.811 14 DESIRED 0.57477 0.343127 0. -3.313221 160.189636 260. 1.226741 13.
27.844 14 NAVIGATION 4 0 -59.90625 110.5 0. 125.694107 9 2 2 0 0 0
27.863 14 WIND_INFO 14 5 -2. 4.2 0. 9.9
27.863 14 GPS 3 36022300 481370883 3279 221606 1436 473 0 18002480 31 0
27.864 14 SVINFO 4 11 1 4 48 81 223
27.911 14 CIRCLE 49.5 100.099998 80.
28.061 14 DL_VALUE 27 0.
28.061 14 WP_MOVED 15 360297.6875 4813554.5 260. 31
28.094 14 NAVIGATION 4 0 -61.75 113.5 0. 129.210342 9 2 2 0 0 0
28.110 14 GPS 3 36022139 481371187 3320 222772 1434 488 0 18002719 31 0
28.161 14 NAVIGATION 4 0 -63.34375 116.5 0. 129.210342 9 2 2 0 0 0
28.161 14 ESTIMATOR 222.706711 4.88
28.261 14 AIRSPEED 9.9 0. 0. 0.
28.262 14 ATTITUDE 0.513845 5.773518 0.352792
28.344 14 NAVIGATION 4 0 -63.34375 116.5 0. 132.607239 10 3 3 0 0 0
28.361 14 GPS 3 36022003 481371503 3366 223939 1432 484 0 18002960 31 0
28.362 14 SVINFO 6 13 1 6 47 52 324
28.461 14 IR_SENSORS 0 0 106 114 219
28.546 14 FBW_STATUS 2 0 1 12.5 1.627817
28.561 14 ENERGY 88 12.5 1.627817 20.347708 0.024907 0.31134
28.561 14 WP_MOVED 16 361184. 4813643. 260. 31
28.594 14 NAVIGATION 4 0 -64.71875 119.5 0. 135.899841 10 3 3 0 0 0
28.610 14 GPS 3 36021881 481371884 3431 225296 1430 494 0 18003239 31 0
28.660 14 ESTIMATOR 225.179932 4.94
28.760 14 ATTITUDE 0.564436 6.060708 0.370836
28.845 14 NAVIGATION 4 0 -65.9375 123. 0. 139.559143 10 3 3 0 0 0
28.861 14 DESIRED 0.554766 0.359368 0. 5.020058 166.59462 260. 1.044602 13.
28.861 14 GPS 3 36021810 481372220 3481 226458 1428 483 0 18003480 31 0
28.963 14 CIRCLE 49.5 100.099998 80.
29.060 14 WP_MOVED 17 361184. 4813643. 260. 31
29.094 14 NAVIGATION 4 0 -66.65625 126.5 0. 142.987076 10 3 3 0 0 0
29.110 14 GPS 3 36021773 481372561 3537 227618 1427 473 0 18003719 31 0
29.161 14 NAVIGATION 4 0 -67.03125 130.5 0. 142.987076 10 3 3 0 0 0
29.162 14 ESTIMATOR 227.629456 4.73
29.261 14 CALIBRATION 0. 1
29.262 14 AIRSPEED 9.9 0. 0. 0.
29.262 14 ATTITUDE 0.56993 0.044412 0.376381
29.344 14 NAVIGATION 4 0 -67.03125 130.5 0. 146.708679 11 4 4 0 0 0
29.361 14 FBW_STATUS 2 0 1 12.5 1.627817
29.362 14 GPS 3 36021769 481372903 3593 228777 1426 472 0 18003960 31 0
29.461 14 GPS_SOL 697 697 697 7
29.560 14 DL_VALUE 28 0.32
29.561 14 WP_MOVED 18 360289. 4813605. 220. 31
29.594 14 NAVIGATION 4 0 -67.0625 133.5 0. 149.397552 11 4 4 0 0 0
29.610 14 GPS 3 36021806 481373301 62 230130 1426 480 0 18004239 31 0
29.661 14 IR_SENSORS 0 0 107 117 218
29.662 14 ENERGY 88 12.5 1.627817 20.347708 0.027892 0.348644
29.662 14 ESTIMATOR 230.020691 4.8
29.761 14 ATTITUDE 0.551836 0.34113 0.369015
29.844 14 NAVIGATION 4 0 -66.65625 137.5 0. 152.804794 11 4 4 0 0 0
29.862 14 GPS 3 36021872 481373636 111 231290 1425 480 0 18004480 31 0
29.863 14 SVINFO 5 12 1 5 47 85 274
29.913 14 DESIRED 0.507673 0.35654 0. 12.991203 171.283615 260. 0.899379 13.
30.011 14 CIRCLE 49.5 100.099998 80.
30.061 14 WP_MOVED 19 360289. 4813610. 500. 31
30.094 14 NAVIGATION 4 0 -66.03125 141. 0. 155.695618 11 4 4 0 0 0
30.110 14 GPS 3 36021969 481373964 164 232449 1425 493 0 18004719 31 0
30.161 14 NAVIGATION 4 0 -65.0625 144. 0. 155.695618 11 4 4 0 0 0
30.161 14 ESTIMATOR 232.441132 4.93
30.260 14 AIRSPEED 9.9 0. 0. 0.
30.260 14 ATTITUDE 0.528288 0.567157 0.359959
30.345 14 NAVIGATION 4 0 -65.0625 144. 0. 158.016235 12 5 5 0 0 0
30.362 14 GPS 3 36022094 481374282 215 233606 1424 480 0 18004960 31 0
30.545 14 FBW_STATUS 2 0 1 12.5 1.627817
30.561 14 WP_MOVED 20 360289. 4813620. 300. 31
30.593 14 NAVIGATION 4 0 -63.78125 147. 0. 160.240585 12 5 5 0 0 0
30.611 14 GPS 3 36022276 481374637 278 234956 1424 497 0 18005239 31 0
30.661 14 ESTIMATOR 234.881821 4.97
30.761 14 AUTOPILOT_VERSION 51500 v5.15_devel-179-g9a29798-dirty
30.762 14 ENERGY 88 12.5 1.627817 20.347708 0.030876 0.385947
30.762 14 ATTITUDE 0.497502 0.800925 0.35107
30.845 14 NAVIGATION 4 0 -62. 150.5 0. 162.770538 12 5 5 0 0 0
30.860 14 IR_SENSORS 0 0 105 102 225
30.861 14 GPS 3 36022458 481374927 322 236113 1424 503 0 18005480 31 0
30.962 14 DESIRED 0.427078 0.350496 0. 21.253143 174.947266 260. 0.753545 13.
31.062 14 DL_VALUE 29 0.
31.063 14 CIRCLE 49.5 100.099998 80.
31.063 14 WP_MOVED 21 360289. 4813625. 400. 31
31.094 14 NAVIGATION 4 0 -60.1875 153.5 0. 164.878098 12 5 5 0 0 0
31.110 14 GPS 3 36022663 481375200 369 237271 1424 488 0 18005719 31 0
31.110 14 SVINFO 3 10 1 3 48 48 175
31.160 14 NAVIGATION 4 0 -58.125 156.5 0. 164.878098 12 5 5 0 0 0
31.160 14 ESTIMATOR 237.351105 4.88
31.261 14 AIRSPEED 9.9 0. 0. 0.
31.261 14 ATTITUDE 0.45388 0.972813 0.344307
31.344 14 NAVIGATION 4 0 -58.125 156.5 0. 166.945404 13 6 6 0 0 0
31.361 14 CALIBRATION 0. 1
31.361 14 FBW_STATUS 2 0 1 12.5 1.627817
31.361 14 GPS 3 36022889 481375457 413 238433 1424 483 0 18005960 31 0
31.445 14 COMMANDS 8524,-417,39,0
31.461 14 NAVIGATION_REF 360284 4813595 31 185.
31.461 14 GPS_SOL 694 694 694 7
31.563 14 WP_MOVED 22 360289. 4813645. 250. 31
31.594 14 NAVIGATION 4 0 -55.875 159. 0. 168.531937 13 6 6 0 0 0
31.611 14 GPS 3 36023175 481375734 465 239795 1423 486 0 18006239 31 0
31.662 14 COMMANDS 8524,-445,77,0
31.662 14 ESTIMATOR 239.756393 4.86
31.761 14 STATE_FILTER_STATUS 2 3 419
31.761 14 ATTITUDE 0.411603 1.145308 0.335767
31.845 14 NAVIGATION 4 0 -53. 162. 0. 170.449402 13 6 6 0 0 0
31.861 14 ENERGY 88 12.5 1.627817 20.347708 0.033861 0.42325
31.861 14 GPS 3 36023437 481375953 501 240968 1422 464 0 18006480 31 0
31.861 14 SVINFO 6 13 1 6 46 46 326
31.961 14 PPRZ_MODE 2 3 2 2 0 6
32.011 14 DESIRED 0.330393 0.340195 0. 30.319561 177.766663 260. 0.607308 13.
32.061 14 ALIVE 179,209,69,119,115,11,176,21,181,244,80,210,55,176,198,136
32.061 14 IR_SENSORS 0 0 105 77 233
32.064 14 WP_MOVED 0 360326. 4813637. 260. 31
32.097 14 NAVIGATION 4 0 -50.375 164. 0. 171.562347 13 6 6 0 0 0
32.110 14 CIRCLE 49.5 100.099998 80.
32.111 14 GPS 3 36023713 481376154 538 242148 1421 471 0 18006719 31 0
32.160 14 NAVIGATION 4 0 -47.625 166. 0. 171.562347 13 6 6 0 0 0
32.160 14 ESTIMATOR 242.134964 4.71
32.261 14 AIRSPEED 9.9 0. 0. 0.
32.261 14 ATTITUDE 0.360134 1.269524 0.33293
32.344 14 NAVIGATION 4 0 -47.625 166. 0. 172.696671 14 7 7 0 0 0
32.361 14 GPS 3 36023999 481376338 572 243335 1418 458 0 18006960 31 0
32.461 14 DATALINK_REPORT 5 6 1118 546 0 0
32.545 14 FBW_STATUS 2 0 1 12.5 1.315464
32.561 14 DL_VALUE 30 0.01
32.561 14 WP_MOVED 1 360284. 4813595. 260. 31
32.595 14 NAVIGATION 4 0 -44.75 168. 0. 173.85788 14 7 7 0 0 0
32.611 14 GPS 3 36024342 481376530 613 244717 1401 457 0 18007239 31 0
32.612 14 SVINFO 2 9 0 2 48 10 126
32.661 14 ESTIMATOR 244.528397 4.57
32.761 14 ATTITUDE 0.313733 1.39589 0.32117
32.845 14 NAVIGATION 4 0 -41.3125 170. 0. 174.947769 14 7 7 0 0 0
32.860 14 GPS 3 36024641 481376675 640 245879 1382 445 0 18007480 31 0
32.961 14 ENERGY 61 12.5 1.049815 13.12269 0.036424 0.455288
33.064 14 DESIRED 0.226441 0.204163 0. 39.177135 179.431183 260. 0.464148 13.
33.065 14 WP_MOVED 2 360333.5 4813695. 260. 31
33.095 14 NAVIGATION 4 0 -38.34375 171. 0. 175.246231 14 7 7 0 0 0
33.112 14 GPS 3 36024940 481376803 669 246998 1353 413 0 18007719 31 0
33.113 14 SVINFO 4 11 1 4 47 86 226
33.162 14 CIRCLE 49.5 100.099998 80.
33.162 14 NAVIGATION 4 0 -35.34375 172.5 0. 175.246231 14 7 7 0 0 0
33.163 14 ESTIMATOR 246.87822 4.13
33.260 14 IR_SENSORS 0 0 97 49 243
33.261 14 AIRSPEED 9.9 0. 0. 0.
33.261 14 ATTITUDE 0.26181 1.494266 0.29253
33.345 14 NAVIGATION 4 0 -35.34375 172.5 0. 176.083588 15 8 8 0 0 0
33.361 14 FBW_STATUS 2 0 1 12.5 0.771698
33.362 14 GPS 3 36025236 481376913 695 248047 1318 379 0 18007960 31 0
33.362 14 SVINFO 5 12 0 5 46 82 276
33.461 14 CALIBRATION 116.779648 2
33.462 14 GPS_SOL 690 690 690 7
33.567 14 WP_MOVED 3 360294.09375 4813785. 260. 31
33.594 14 NAVIGATION 4 0 -32.375 174. 0. 176.986267 15 8 8 0 0 0
33.612 14 GPS 3 36025576 481377022 726 249152 1267 347 0 18008239 31 0
33.661 14 ESTIMATOR 248.959686 3.47
33.761 14 ATTITUDE 0.203035 1.601249 0.253713
33.844 14 NAVIGATION 4 0 -29. 174.5 0. 176.893326 15 8 8 0 0 0
33.860 14 GPS 3 36025860 481377099 747 249971 1224 291 0 18008480 31 0
34.062 14 DL_VALUE 31 0.1
34.062 14 ENERGY 24 12.5 0.315783 3.947291 0.037626 0.470315
34.062 14 WP_MOVED 4 360416.3125 4813734. 260. 31
34.095 14 NAVIGATION 4 0 -26.15625 175.5 0. 177.438431 15 8 8 0 0 0
34.111 14 DESIRED 0.09549 0.036329 0. 49.3643 180.099884 260. 0.304077 13.
34.111 14 GPS 3 36026135 481377164 768 250653 1176 244 0 18008719 31 0
34.161 14 NAVIGATION 4 0 -23.375 176. 0. 177.438431 15 8 8 0 0 0
34.161 14 ESTIMATOR 250.607361 2.44
34.211 14 CIRCLE 49.5 100.099998 80.
34.261 14 AIRSPEED 9.9 0. 0. 0.
34.262 14 ATTITUDE 0.14923 1.683101 0.196225
34.345 14 NAVIGATION 4 0 -23.375 176. 0. 177.545456 16 9 9 0 0 0
34.362 14 GPS 3 36026401 481377217 786 251188 1130 184 0 18008960 31 0
34.460 14 IR_SENSORS 0 0 69 18 256
34.549 14 FBW_STATUS 2 0 1 12.5 0.207449
34.561 14 WP_MOVED 5 360421. 4813583.5 260. 31
34.594 14 NAVIGATION 4 0 -20.75 176.5 0. 177.715546 16 9 9 0 0 0
34.612 14 GPS 3 36026701 481377267 807 251625 1082 115 0 18009239 31 0
34.612 14 SVINFO 3 10 1 3 47 54 177
34.661 14 ESTIMATOR 251.658264 1.15
34.761 14 ATTITUDE 0.105442 1.762746 0.144904
34.845 14 NAVIGATION 4 0 -17.75 177.5 0. 178.3853 16 9 9 0 0 0
34.861 14 GPS 3 36026954 481377302 820 251850 1064 69 0 18009480 31 0
35.065 14 WP_MOVED 6 360164.8125 4813664.5 260. 31
35.098 14 NAVIGATION 4 0 -15.21875 177.5 0. 178.15123 16 9 9 0 0 0
35.111 14 GPS 3 36027206 481377332 832 251959 1057 11 0 18009719 31 0
35.161 14 ENERGY 18 12.5 0.221658 2.770719 0.038038 0.475469
35.161 14 DESIRED 0.037483 0.02026 0. 56.610153 179.783417 260. 0.242365 13.
35.161 14 NAVIGATION 4 0 -12.65625 178. 0. 178.15123 16 9 9 0 0 0
35.161 14 ESTIMATOR 252.059052 0.11
35.261 14 CIRCLE 49.5 100.099998 80.
35.262 14 AIRSPEED 9.9 0. 0. 0.
35.262 14 ATTITUDE 0.070495 1.803412 0.094609
35.345 14 NAVIGATION 4 0 -12.65625 178. 0. 178.449371 17 10 10 0 0 0
35.364 14 FBW_STATUS 2 0 1 12.5 0.223941
35.364 14 GPS 3 36027460 481377357 842 251974 1061 -23 0 18009960 31 0
35.365 14 SVINFO 6 13 1 6 45 40 328
35.462 14 GPS_SOL 685 685 685 7
35.566 14 CALIBRATION 141.459213 0
35.566 14 DL_VALUE 32 0.
35.566 14 WP_MOVED 7 360558.40625 4813804.5 260. 31
35.593 14 NAVIGATION 4 0 -10.15625 178. 0. 178.289505 17 10 10 0 0 0
35.611 14 GPS 3 36027759 481377383 852 251905 1076 -26 0 18010239 31 0
35.660 14 IR_SENSORS 0 0 39 -3 262
35.660 14 ESTIMATOR 251.975693 -0.26
35.761 14 ATTITUDE 0.047624 1.825437 0.056227
35.845 14 NAVIGATION 4 0 -7.15625 178.5 0. 178.643387 17 10 10 0 0 0
35.861 14 GPS 3 36028021 481377402 858 251795 1091 -51 0 18010480 31 0
35.862 14 SVINFO 1 8 1 1 48 0 78
36.061 14 WP_MOVED 8 360461.40625 4813640. 215. 31
36.094 14 NAVIGATION 4 0 -4.5625 178.5 0. 178.558304 17 10 10 0 0 0
36.111 14 GPS 3 36028287 481377419 863 251654 1111 -60 0 18010719 31 0
36.161 14 NAVIGATION 4 0 -1.875 178.5 0. 178.558304 17 10 10 0 0 0
36.161 14 ESTIMATOR 251.727905 -0.6
36.211 14 DESIRED 0.025487 0.015568 0. 63.956528 178.782959 260. 0.243571 13.
36.261 14 ENERGY 22 12.5 0.275741 3.446767 0.038484 0.481042
36.262 14 AIRSPEED 9.9 0. 0. 0.
36.263 14 ATTITUDE 0.032538 1.831303 0.025885
36.311 14 CIRCLE 49.5 100.099998 80.
36.344 14 NAVIGATION 4 0 -1.875 178.5 0. 178.509842 18 11 11 0 0 0
36.363 14 GPS 3 36028558 481377435 867 251495 1131 -57 0 18010960 31 0
36.443 14 COMMANDS 2214,-26,-35,0
36.563 14 FBW_STATUS 2 0 1 12.5 0.296834
36.564 14 WP_MOVED 9 360312.8125 4813652. 185. 31
36.594 14 NAVIGATION 4 0 0.84375 179. 0. 179.001984 18 11 11 0 0 0
36.611 14 GPS 3 36028880 481377451 871 251300 1156 -61 0 18011239 31 0
36.612 14 SVINFO 4 11 0 4 46 88 228
36.661 14 COMMANDS 2317,30,52,0
36.661 14 ESTIMATOR 251.384781 -0.61
36.761 14 STATE_FILTER_STATUS 2 3 299
36.762 14 ATTITUDE 0.024971 1.831788 0.007149
36.845 14 NAVIGATION 4 0 4.0625 179. 0. 179.046097 18 11 11 0 0 0
36.861 14 IR_SENSORS 0 0 24 -10 264
36.861 14 GPS 3 36029162 481377464 873 251132 1174 -66 0 18011480 31 0
36.861 14 SVINFO 5 12 1 5 45 78 278
36.961 14 PPRZ_MODE 2 3 2 2 0 6
37.075 14 ALIVE 179,209,69,119,115,11,176,21,181,244,80,210,55,176,198,136
37.076 14 DL_VALUE 33 0.15
37.076 14 WP_MOVED 10 360452.8125 4813581. 260. 31
37.095 14 NAVIGATION 4 0 6.84375 179. 0. 179.130783 18 11 11 0 0 0
37.110 14 GPS 3 36029448 481377476 876 250971 1193 -76 0 18011719 31 0
37.110 14 SVINFO 6 13 1 6 44 37 329
37.160 14 NAVIGATION 4 0 9.71875 179. 0. 179.130783 18 11 11 0 0 0
37.160 14 ESTIMATOR 251.023392 -0.76
37.261 14 DESIRED 0.034552 0.015791 0. 72.358704 176.764709 260. 0.263805 13.
37.262 14 AIRSPEED 9.9 0. 0. 0.
37.262 14 ATTITUDE 0.024971 1.830922 -0.000365
37.344 14 NAVIGATION 4 0 9.71875 179. 0. 179.263641 19 12 12 0 0 0
37.361 14 FBW_STATUS 2 0 1 12.5 0.366089
37.362 14 ENERGY 28 12.5 0.364914 4.561423 0.039068 0.48834
37.363 14 CIRCLE 49.5 100.099998 80.
37.363 14 GPS 3 36029739 481377487 878 250819 1210 -77 0 18011960 31 0
37.364 14 SVINFO 0 7 0 0 48 24 29
37.462 14 GPS_SOL 678 678 678 7
37.569 14 DATALINK_REPORT 10 6 1248 546 0 0
37.569 14 WP_MOVED 11 360169.5 4813757.5 260. 31
37.595 14 NAVIGATION 4 0 12.65625 179. 0. 179.446869 19 12 12 0 0 0
37.611 14 GPS 3 36030083 481377498 882 250659 1231 -68 0 18012239 31 0
37.660 14 CALIBRATION 34.881325 0
37.660 14 ESTIMATOR 250.642807 -0.68
37.761 14 ATTITUDE 0.028754 1.831669 -0.004125
37.844 14 NAVIGATION 4 0 16.09375 179.5 0. 180.220032 19 12 12 0 0 0
37.861 14 GPS 3 36030381 481377505 885 250541 1245 -69 0 18012480 31 0
37.861 14 SVINFO 2 9 1 2 47 17 129
37.863 14 WIND_INFO 14 5 -0. 2.4 0. 12.3
38.070 14 IR_SENSORS 0 0 22 -7 264
38.071 14 WP_MOVED 12 360287.59375 4813581. 260. 31
38.094 14 NAVIGATION 4 0 19.0625 179.5 0. 180.509354 19 12 12 0 0 0
38.110 14 GPS 3 36030683 481377512 888 250442 1258 -69 0 18012719 31 0
38.111 14 SVINFO 3 10 0 3 46 60 179
38.160 14 NAVIGATION 4 0 22.09375 179.5 0. 180.509354 19 12 12 0 0 0
38.161 14 ESTIMATOR 250.349731 -0.69
38.261 14 AIRSPEED 12.3 0. 0. 0.
38.261 14 ATTITUDE 0.040108 1.739789 -0.004125
38.312 14 DESIRED 0.060895 0.018837 0. 82.072075 173.168869 260. 0.28529 13.
38.344 14 NAVIGATION 4 0 22.09375 179.5 0. 180.854584 20 13 13 0 0 0
38.361 14 GPS 3 36030988 481377516 892 250363 1271 -51 0 18012960 31 0
38.412 14 CIRCLE 49.5 100.099998 80.
38.460 14 ENERGY 33 12.5 0.461713 5.771409 0.03983 0.497868
38.570 14 FBW_STATUS 2 0 1 12.5 0.468786
38.571 14 DL_VALUE 34 0.05
38.571 14 WP_MOVED 13 360311.5 4813547. 260. 31
38.596 14 NAVIGATION 4 0 25.125 179.5 0. 181.249878 20 13 13 0 0 0
38.612 14 GPS 3 36031348 481377517 898 250300 1285 -37 0 18013239 31 0
38.661 14 ESTIMATOR 250.149521 -0.37
38.762 14 ATTITUDE 0.055256 1.752133 0.003393
38.844 14 NAVIGATION 4 0 28.71875 179.5 0. 181.782883 20 13 13 0 0 0
38.861 14 GPS 3 36031658 481377516 903 250270 1293 -33 0 18013480 31 0
39.067 14 WP_MOVED 14 360300.6875 4813575.5 260. 31
39.093 14 NAVIGATION 4 0 31.8125 179.5 0. 182.297241 20 13 13 0 0 0
39.111 14 GPS 3 36031970 481377511 909 250262 1301 -28 0 18013719 31 0
39.161 14 NAVIGATION 4 0 34.9375 179.5 0. 182.297241 20 13 13 0 0 0
39.162 14 ESTIMATOR 250.089066 -0.28
39.260 14 IR_SENSORS 0 0 26 3 264
39.260 14 AIRSPEED 12.3 0. 0. 0.
39.260 14 ATTITUDE 0.074195 1.76915 0.010902
39.344 14 NAVIGATION 4 0 34.9375 179.5 0. 182.868469 21 14 14 0 0 0
39.362 14 FBW_STATUS 2 0 1 12.5 0.514981
39.362 14 DESIRED 0.108049 0.02299 0. 94.935631 165.945297 260. 0.297328 13.
39.363 14 GPS 3 36032337 481377499 917 250278 1308 -5 0 18014000 31 0
39.363 14 SVINFO 1 8 1 1 47 0 80
39.462 14 GPS_SOL 670 670 670 7
39.463 14 CIRCLE 49.5 100.099998 80.
39.574 14 ENERGY 36 12.5 0.518241 6.478012 0.040736 0.509199
39.574 14 WP_MOVED 15 360297.6875 4813554.5 260. 31
39.595 14 NAVIGATION 4 0 38.625 179.5 0. 183.608658 21 14 14 0 0 0
39.610 14 GPS 3 36032651 481377485 927 250313 1313 1 0 18014239 31 0
39.661 14 ESTIMATOR 250.13475 0.01
39.761 14 CALIBRATION -52.435375 0
39.761 14 ATTITUDE 0.09691 1.798084 0.014652
39.844 14 NAVIGATION 4 0 41.78125 179. 0. 183.811508 21 14 14 0 0 0
39.861 14 GPS 3 36032967 481377464 936 250365 1317 34 0 18014480 31 0
40.063 14 DL_VALUE 35 0.
40.063 14 WP_MOVED 16 361184. 4813643. 260. 31
40.093 14 NAVIGATION 4 0 44.9375 179. 0. 184.554535 21 14 14 0 0 0
40.112 14 GPS 3 36033282 481377438 947 250432 1319 35 0 18014719 31 0
40.112 14 SVINFO 4 11 1 4 45 89 230
40.154 14 BLOCK 15 14
40.154 14 NAVIGATION 15 0 48.0625 179. 0. 184.554535 21 0 0 0 0 0
40.161 14 NAVIGATION 15 0 48.0625 179. 0. 184.554535 21 0 0 0 0 0
40.162 14 ESTIMATOR 250.319641 0.35
40.261 14 AIRSPEED 12.3 0. 0. 0.
40.262 14 ATTITUDE 0.116014 1.830388 0.022556
40.345 14 NAVIGATION 15 1 48.0625 179. 358736. 185.34024 22 1 0 0 0 0
40.362 14 GPS 3 36033598 481377406 959 250511 1319 44 0 18014960 31 0
40.362 14 SVINFO 5 12 1 5 44 73 280
40.412 14 DESIRED 0.499209 -0.237126 0. -358684. -1500. 200. -1.509589 13.
40.461 14 NAVIGATION_REF 360284 4813595 31 185.
40.462 14 IR_SENSORS 0 0 29 18 263
40.545 14 FBW_STATUS 2 0 1 12.5 0.364746
40.568 14 WP_MOVED 17 361184. 4813643. 260. 31
40.594 14 NAVIGATION 15 1 51.25 178.5 358739.1875 185.711639 22 1 0 0 0 0
40.611 14 GPS 3 36033963 481377358 975 250611 1313 63 0 18015239 31 0
40.611 14 SVINFO 6 13 0 6 43 31 331
40.661 14 ENERGY 20 12.5 0.28609 3.576121 0.041631 0.520381
40.661 14 ESTIMATOR 250.561081 0.63
40.762 14 ATTITUDE 0.199381 1.878371 0.007865
40.845 14 NAVIGATION 15 1 54.875 178. 358742.8125 186.266647 22 1 0 0 0 0
40.861 14 GPS 3 36034269 481377308 993 250674 1291 31 0 18015480 31 0
41.075 14 WP_MOVED 18 360289. 4813605. 220. 31
41.093 14 NAVIGATION 15 1 57.9375 177.5 358745.875 186.71637 22 1 0 0 0 0
41.111 14 GPS 3 36034564 481377246 1019 250670 1256 19 0 18015719 31 0
41.160 14 NAVIGATION 15 1 60.875 177. 358745.875 186.71637 22 1 0 0 0 0
41.160 14 ESTIMATOR 250.755173 0.19
41.261 14 AIRSPEED 12.3 0. 0. 0.
41.261 14 ATTITUDE 0.326107 1.957154 -0.044324
41.343 14 NAVIGATION 15 1 60.875 177. 358748.78125 187.175766 22 2 1 0 0 0
41.360 14 FBW_STATUS 2 0 1 12.5 0.091552
41.360 14 GPS 3 36034893 481377153 1056 250539 1223 -27 0 18016000 31 0
41.361 14 SVINFO 2 9 1 2 46 22 131
41.444 14 COMMANDS 852,673,-1728,0
41.461 14 GPS_SOL 661 661 661 7
41.461 14 DESIRED 0.458854 -0.210685 0. -358684. -1500. 200. -1.522655 13.
41.579 14 DL_VALUE 36 0.
41.579 14 WP_MOVED 19 360289. 4813610. 500. 31
41.595 14 NAVIGATION 15 1 64.15625 176. 358752.0625 187.328644 23 2 1 0 0 0
41.612 14 GPS 3 36035164 481377054 1106 250299 1202 -58 0 18016239 31 0
41.613 14 SVINFO 3 10 1 3 45 66 181
41.661 14 COMMANDS 852,213,-1440,0
41.661 14 IR_SENSORS 0 0 -2 92 249
41.662 14 ESTIMATOR 250.575104 -0.58
41.761 14 STATE_FILTER_STATUS 2 3 347
41.761 14 ENERGY 8 12.5 0.091552 1.144399 0.04184 0.522987
41.761 14 ATTITUDE 0.428654 2.103465 -0.103394
41.844 14 NAVIGATION 15 1 66.875 175. 358754.78125 187.342636 23 2 1 0 0 0
41.861 14 AUTOPILOT_VERSION 51500 v5.15_devel-179-g9a29798-dirty
41.861 14 CALIBRATION -52.086391 1
41.861 14 GPS 3 36035424 481376931 1152 249940 1197 -100 0 18016480 31 0
41.862 14 SVINFO 4 11 1 4 44 89 231
41.961 14 PPRZ_MODE 2 3 2 0 0 6
42.091 14 ALIVE 179,209,69,119,115,11,176,21,181,244,80,210,55,176,198,136
42.097 14 WP_MOVED 20 360289. 4813620. 300. 31
42.098 14 NAVIGATION 15 1 69.5 174. 358757.40625 187.366623 23 2 1 0 0 0
42.111 14 GPS 3 36035673 481376784 1206 249470 1201 -148 0 18016719 31 0
42.162 14 NAVIGATION 15 1 71.96875 172. 358757.40625 187.366623 23 2 1 0 0 0
42.163 14 ESTIMATOR 249.904358 -1.48
42.261 14 AIRSPEED 12.3 0. 0. 0.
42.261 14 ATTITUDE 0.458786 2.259951 -0.164978
42.344 14 NAVIGATION 15 1 71.96875 172. 358759.875 186.449722 24 3 2 0 0 0
42.361 14 GPS 3 36035908 481376613 1261 248905 1211 -191 0 18016960 31 0
42.363 14 SVINFO 6 13 1 6 42 28 332
42.511 14 DESIRED 0.424339 -0.202574 0. -358684. -1500. 200. -1.497131 13.
42.543 14 FBW_STATUS 2 0 1 12.5 0.091552
42.560 14 WP_MOVED 21 360289. 4813625. 400. 31
42.595 14 NAVIGATION 15 1 74.34375 170.5 358762.25 186.003342 24 3 2 0 0 0
42.610 14 GPS 3 36036163 481376383 1328 248146 1232 -259 0 18017239 31 0
42.611 14 SVINFO 0 7 0 0 47 16 32
42.660 14 DATALINK_REPORT 3 8 1379 560 0 0
42.660 14 ESTIMATOR 248.70285 -2.59
42.762 14 ATTITUDE 0.446852 2.44419 -0.205086
42.844 14 NAVIGATION 15 1 76.875 168.5 358764.75 185.208038 24 3 2 0 0 0
42.862 14 IR_SENSORS 0 0 -31 98 245
42.862 14 ENERGY 8 12.5 0.091552 1.144399 0.042008 0.525084
42.862 14 GPS 3 36036365 481376161 1376 247430 1248 -301 0 18017480 31 0
43.087 14 DL_VALUE 37 0.
43.088 14 WP_MOVED 22 360289. 4813645. 250. 31
43.093 14 NAVIGATION 15 1 78.875 166. 358766.75 183.785919 24 3 2 0 0 0
43.111 14 GPS 3 36036550 481375919 1426 246668 1268 -316 0 18017719 31 0
43.161 14 NAVIGATION 15 1 80.78125 163.5 358766.75 183.785919 24 3 2 0 0 0
43.161 14 ESTIMATOR 247.020416 -3.16
43.261 14 AIRSPEED 12.3 0. 0. 0.
43.261 14 ATTITUDE 0.436281 2.589923 -0.229164
43.344 14 NAVIGATION 15 1 80.78125 163.5 358768.65625 182.367371 25 4 3 0 0 0
43.361 14 FBW_STATUS 2 0 1 12.5 0.091552
43.361 14 GPS 3 36036715 481375658 1476 245875 1287 -321 0 18017960 31 0
43.460 14 GPS_SOL 651 651 651 7
43.579 14 DESIRED 0.466595 -0.204186 0. -358684. -1500. 200. -1.410612 13.
43.581 14 WP_MOVED 0 360326. 4813637. 260. 31
43.594 14 NAVIGATION 15 1 82.40625 161. 358770.25 180.864014 25 4 3 0 0 0
43.611 14 GPS 3 36036882 481375333 1537 244922 1309 -322 0 18018239 31 0
43.660 14 ESTIMATOR 245.230118 -3.22
43.762 14 ATTITUDE 0.444751 2.752241 -0.237759
43.845 14 NAVIGATION 15 1 84.0625 158. 358771.90625 178.970673 25 4 3 0 0 0
43.860 14 GPS 3 36037000 481375038 1581 244094 1323 -328 0 18018480 31 0
43.861 14 SVINFO 5 12 1 5 43 68 282
43.961 14 CALIBRATION -52.086391 1
43.961 14 ENERGY 8 12.5 0.091552 1.144399 0.042176 0.527181
44.079 14 IR_SENSORS 0 0 -37 102 242
44.080 14 WP_MOVED 1 360284. 4813595. 260. 31
44.094 14 NAVIGATION 15 1 85.25 155. 358773.0625 176.897034 25 4 3 0 0 0
44.112 14 GPS 3 36037094 481374730 1630 243263 1337 -318 0 18018719 31 0
44.161 14 NAVIGATION 15 1 86.21875 151.5 358773.0625 176.897034 25 4 3 0 0 0
44.161 14 ESTIMATOR 243.454041 -3.18
44.261 14 AIRSPEED 12.3 0. 0. 0.
44.261 14 ATTITUDE 0.473718 2.89063 -0.239604
44.345 14 NAVIGATION 15 1 86.21875 151.5 358774.03125 174.315582 26 5 4 0 0 0
44.362 14 GPS 3 36037160 481374413 1680 242434 1349 -311 0 18018960 31 0
44.545 14 FBW_STATUS 2 0 1 12.5 0.091552
44.581 14 DL_VALUE 38 0.
44.583 14 WP_MOVED 2 360333.5 4813695. 260. 31
44.594 14 NAVIGATION 15 1 86.84375 148.5 358774.625 172.029312 26 5 4 0 0 0
44.610 14 DESIRED 0.518007 -0.199047 0. -358684. -1500. 200. -1.278037 13.
44.610 14 GPS 3 36037202 481374035 1745 241479 1362 -320 0 18019239 31 0
44.611 14 SVINFO 1 8 1 1 46 0 83
44.660 14 ESTIMATOR 241.735184 -3.2
44.762 14 ATTITUDE 0.497625 3.060524 -0.228578
44.845 14 NAVIGATION 15 1 87.25 145. 358775. 169.226364 26 5 4 0 0 0
44.861 14 GPS 3 36037206 481373706 1793 240674 1368 -319 0 18019480 31 0
44.863 14 SVINFO 2 9 1 2 45 28 133
45.070 14 ENERGY 8 12.5 0.091552 1.144399 0.042343 0.529278
45.072 14 WP_MOVED 3 360294.09375 4813785. 260. 31
45.095 14 NAVIGATION 15 1 87.34375 141.5 358775.09375 166.286438 26 5 4 0 0 0
45.112 14 GPS 3 36037178 481373378 1847 239886 1374 -314 0 18019719 31 0
45.113 14 SVINFO 3 10 1 3 44 71 183
45.161 14 NAVIGATION 15 1 87. 138.5 358775.09375 166.286438 26 5 4 0 0 0
45.161 14 ESTIMATOR 240.023178 -3.14
45.261 14 IR_SENSORS 0 0 -31 116 237
45.261 14 AIRSPEED 12.3 0. 0. 0.
45.261 14 ATTITUDE 0.518005 3.212693 -0.21733
45.345 14 NAVIGATION 15 1 87. 138.5 358774.75 163.55809 27 6 5 0 0 0
45.362 14 FBW_STATUS 2 0 1 12.5 0.091552
45.363 14 GPS 3 36037119 481373052 1902 239116 1377 -308 0 18019960 31 0
45.363 14 SVINFO 4 11 1 4 43 89 233
45.460 14 GPS_SOL 640 640 640 7
45.575 14 WP_MOVED 4 360416.3125 4813734. 260. 31
45.596 14 NAVIGATION 15 1 86.4375 135. 358774.15625 160.301102 27 6 5 0 0 0
45.611 14 GPS 3 36037011 481372682 1972 238243 1380 -302 0 18020239 31 0
45.611 14 SVINFO 5 12 1 5 42 65 283
45.660 14 DESIRED 0.528532 -0.195158 0. -358684. -1500. 200. -1.176204 13.
45.660 14 ESTIMATOR 238.387024 -3.02
45.761 14 ATTITUDE 0.529864 3.399014 -0.205358
45.844 14 NAVIGATION 15 1 85.375 131. 358773.09375 156.364609 27 6 5 0 0 0
45.861 14 GPS 3 36036884 481372376 2024 237516 1380 -292 0 18020480 31 0
45.861 14 SVINFO 6 13 1 6 41 22 334
46.087 14 CALIBRATION -52.086391 1
46.087 14 DL_VALUE 39 0.
46.087 14 WP_MOVED 5 360421. 4813583.5 260. 31
46.099 14 NAVIGATION 15 1 84.09375 128.5 358771.78125 153.570862 27 6 5 0 0 0
46.110 14 GPS 3 36036727 481372084 2082 236806 1379 -264 0 18020719 31 0
46.110 14 SVINFO 0 7 0 0 46 12 34
46.160 14 ENERGY 8 12.5 0.091552 1.144399 0.042511 0.531374
46.160 14 NAVIGATION 15 1 82.53125 125.5 358771.78125 153.570862 27 6 5 0 0 0
46.160 14 ESTIMATOR 236.85524 -2.64
46.260 14 AIRSPEED 12.3 0. 0. 0.
46.261 14 ATTITUDE 0.529864 3.563042 -0.192805
46.343 14 NAVIGATION 15 1 82.53125 125.5 358770.21875 150.205383 28 7 6 0 0 0
46.360 14 GPS 3 36036543 481371810 2139 236113 1377 -273 0 18020960 31 0
46.360 14 SVINFO 1 8 0 1 45 1 84
46.444 14 COMMANDS 852,-293,-39,0
46.461 14 IR_SENSORS 0 0 -25 117 237
46.545 14 FBW_STATUS 2 0 1 12.5 0.091552
46.571 14 WP_MOVED 6 360164.8125 4813664.5 260. 31
46.595 14 NAVIGATION 15 1 80.6875 122.5 358768.34375 146.685791 28 7 6 0 0 0
46.612 14 GPS 3 36036295 481371515 2210 235324 1374 -271 0 18021239 31 0
46.662 14 COMMANDS 852,-420,-105,0
46.662 14 ESTIMATOR 235.448578 -2.71
46.713 14 DESIRED 0.456939 -0.197094 0. -358684. -1500. 200. -1.085224 13.
46.761 14 STATE_FILTER_STATUS 2 3 376
46.761 14 ATTITUDE 0.504486 3.756305 -0.187349
46.844 14 NAVIGATION 15 1 78.21875 119.5 358765.875 142.823044 28 7 6 0 0 0
46.860 14 GPS 3 36036058 481371287 2260 234664 1370 -280 0 18021480 31 0
46.960 14 PPRZ_MODE 2 3 2 0 0 6
47.061 14 ALIVE 179,209,69,119,115,11,176,21,181,244,80,210,55,176,198,136
47.061 14 WP_MOVED 7 360558.40625 4813804.5 260. 31
47.094 14 NAVIGATION 15 1 75.8125 117.5 358763.4375 139.834854 28 7 6 0 0 0
47.111 14 GPS 3 36035802 481371082 2313 234015 1367 -260 0 18021719 31 0
47.161 14 NAVIGATION 15 1 73.25 115. 358763.4375 139.834854 28 7 6 0 0 0
47.161 14 ESTIMATOR 234.036255 -2.6
47.261 14 ENERGY 8 12.5 0.091552 1.144399 0.042679 0.533471
47.262 14 AIRSPEED 12.3 0. 0. 0.
47.262 14 ATTITUDE 0.46227 3.914816 -0.185312
47.344 14 NAVIGATION 15 1 73.25 115. 358760.875 136.347214 29 8 7 0 0 0
47.362 14 FBW_STATUS 2 0 1 12.5 0.091552
47.363 14 GPS 3 36035529 481370901 2364 233377 1363 -261 0 18021960 31 0
47.461 14 GPS_SOL 629 629 629 7
47.562 14 DL_VALUE 40 0.
47.562 14 WP_MOVED 8 1600. 4812095. 200. 31
47.595 14 NAVIGATION 15 1 70.53125 113.5 358758.15625 133.62973 29 8 7 0 0 0
47.611 14 GPS 3 36035195 481370720 2423 232643 1358 -269 0 18022239 31 0
47.612 14 SVINFO 6 13 1 6 40 19 335
47.661 14 IR_SENSORS 0 0 -24 90 249
47.662 14 ESTIMATOR 232.708694 -2.69
47.762 14 DATALINK_REPORT 8 8 1504 525 0 0
47.763 14 DESIRED 0.309258 -0.20857 0. -358684. -1500. 200. -1.001517 13.
47.763 14 ATTITUDE 0.397724 4.085453 -0.186935
47.846 14 NAVIGATION 15 1 67.21875 111.5 358754.84375 130.194504 29 8 7 0 0 0
47.862 14 GPS 3 36034897 481370589 2462 232023 1354 -258 0 18022480 31 0
47.866 14 WIND_INFO 14 5 -0.8 0.6 0. 13.7
48.061 14 WP_MOVED 9 360312.8125 4813652. 185. 31
48.095 14 NAVIGATION 15 1 64.21875 110.5 358751.84375 127.805702 29 8 7 0 0 0
48.112 14 GPS 3 36034592 481370479 2501 231406 1350 -281 0 18022719 31 0
48.161 14 CALIBRATION -52.086391 1
48.161 14 NAVIGATION 15 1 61.15625 109. 358751.84375 127.805702 29 8 7 0 0 0
48.161 14 ESTIMATOR 231.392517 -2.81
48.261 14 AIRSPEED 13.7 0. 0. 0.
48.262 14 ATTITUDE 0.318809 4.301544 -0.192347
48.344 14 NAVIGATION 15 1 61.15625 109. 358748.78125 124.984344 30 9 8 0 0 0
48.361 14 ENERGY 8 12.5 0.091552 1.144399 0.042847 0.535568
48.362 14 GPS 3 36034282 481370388 2536 230791 1347 -288 0 18022960 31 0
48.362 14 SVINFO 2 9 0 2 44 34 135
48.545 14 FBW_STATUS 2 0 1 12.5 0.091552
48.562 14 WP_MOVED 10 360452.8125 4813581. 260. 31
48.596 14 NAVIGATION 15 1 58.0625 108.5 358745.6875 123.058945 30 9 8 0 0 0
48.610 14 GPS 3 36033915 481370303 2574 230070 1344 -273 0 18023239 31 0
48.613 14 SVINFO 3 10 0 3 43 76 185
48.660 14 ESTIMATOR 230.01503 -2.73
48.762 14 ATTITUDE 0.24167 4.434377 -0.198346
48.811 14 DESIRED 0.155879 -0.226382 0. -358684. -1500. 200. -0.92148 13.
48.844 14 NAVIGATION 15 1 54.40625 107.5 358742. 120.483566 30 9 8 0 0 0
48.862 14 IR_SENSORS 0 0 -30 42 260
48.862 14 GPS 3 36033598 481370246 2598 229446 1342 -277 0 18023480 31 0
48.863 14 SVINFO 4 11 0 4 42 88 235
49.061 14 DL_VALUE 41 0.
49.061 14 WP_MOVED 11 360169.5 4813757.5 260. 31
49.094 14 NAVIGATION 15 1 48.0625 106.5 358735.65625 116.842857 30 9 8 0 0 0
49.112 14 GPS 3 36033280 481370201 2620 228814 1340 -286 0 18023719 31 0
49.112 14 SVINFO 5 12 1 5 41 60 285
49.161 14 NAVIGATION 15 1 48.0625 106.5 358735.65625 116.842857 30 9 8 0 0 0
49.161 14 ESTIMATOR 228.706436 -2.86
49.261 14 AIRSPEED 13.7 0. 0. 0.
49.262 14 ATTITUDE 0.131166 4.51732 -0.208344
49.345 14 NAVIGATION 15 1 44.84375 106.5 358732.4375 115.556099 31 10 9 0 0 0
49.362 14 FBW_STATUS 2 0 1 12.5 0.091552
49.362 14 GPS 3 36032960 481370166 2636 228172 1339 -305 0 18023960 31 0
49.462 14 NAVIGATION_REF 360284 4813595 31 185.
49.462 14 GPS_SOL 616 616 616 7
49.463 14 ENERGY 8 12.5 0.091552 1.144399 0.043015 0.537665
49.561 14 WP_MOVED 12 360287.59375 4813581. 260. 31
49.595 14 NAVIGATION 15 1 41.09375 106. 358728.6875 113.686836 31 10 9 0 0 0
49.611 14 GPS 3 36032586 481370132 2649 227407 1340 -299 0 18024239 31 0
49.614 14 SVINFO 0 7 0 0 45 8 36
49.660 14 ESTIMATOR 227.309204 -2.99
49.761 14 ATTITUDE 0.062832 4.571736 -0.219569
49.845 14 NAVIGATION 15 1 37.875 105.5 358725.46875 112.092667 31 10 9 0 0 0
49.861 14 DESIRED 0.040359 -0.244247 0. -358684. -1500. 200. -0.798188 13.
49.862 14 GPS 3 36032265 481370107 2656 226735 1341 -301 0 18024480 31 0
49.862 14 SVINFO 1 8 1 1 44 3 86
50.061 14 IR_SENSORS 0 0 -38 -5 263
50.062 14 WP_MOVED 13 360311.5 4813547. 260. 31
50.099 14 NAVIGATION 15 1 34.6875 105.5 358722.28125 111.056168 31 10 9 0 0 0
50.111 14 GPS 3 36031944 481370085 2661 226045 1343 -301 0 18024719 31 0
50.111 14 SVINFO 2 9 1 2 43 37 136
50.159 14 NAVIGATION 15 1 34.6875 105.5 358722.28125 111.056168 31 10 9 0 0 0
50.160 14 ESTIMATOR 225.902924 -3.01
50.260 14 CALIBRATION -52.086391 1
50.260 14 AIRSPEED 13.7 0. 0. 0.
50.260 14 ATTITUDE 0.036121 4.593297 -0.235036
50.344 14 NAVIGATION 15 1 31.4375 105.5 358719.03125 110.084358 32 11 10 0 0 0
50.361 14 GPS 3 36031621 481370066 2665 225338 1346 -306 0 18024960 31 0
50.361 14 SVINFO 3 10 1 3 42 78 186
50.545 14 FBW_STATUS 2 0 1 12.5 0.091552
50.561 14 DL_VALUE 42 0.6
50.562 14 ENERGY 8 12.5 0.091552 1.144399 0.043183 0.539761
50.562 14 WP_MOVED 14 360300.6875 4813575.5 260. 31
50.595 14 NAVIGATION 15 1 27.6875 105. 358715.28125 108.589127 32 11 10 0 0 0
50.612 14 GPS 3 36031244 481370045 2669 224491 1351 -319 0 18025239 31 0
50.612 14 SVINFO 4 11 0 4 41 88 236
50.660 14 ESTIMATOR 224.448395 -3.19
50.761 14 ATTITUDE 0.028494 4.608664 -0.242496
50.845 14 NAVIGATION 15 1 24.4375 104.5 358712.03125 107.319344 32 11 10 0 0 0
50.861 14 GPS 3 36030919 481370029 2671 223749 1354 -324 0 18025480 31 0
50.862 14 SVINFO 5 12 1 5 40 57 286
50.910 14 DESIRED 0.025448 -0.247032 0. -358684. -1500. 200. -0.710284 13.
51.060 14 WP_MOVED 15 360297.6875 4813554.5 260. 31
51.096 14 NAVIGATION 15 1 21.15625 104.5 358708.75 106.620056 32 11 10 0 0 0
51.111 14 GPS 3 36030593 481370015 2674 222994 1359 -348 0 18025719 31 0
51.114 14 SVINFO 6 13 1 6 39 14 337
51.161 14 NAVIGATION 15 1 21.15625 104.5 358708.75 106.620056 32 11 10 0 0 0
51.161 14 ESTIMATOR 222.899017 -3.48
51.262 14 IR_SENSORS 0 0 -43 -9 262
51.262 14 AIRSPEED 13.7 0. 0. 0.
51.262 14 ATTITUDE 0.028494 4.618627 -0.249938
51.345 14 NAVIGATION 15 1 17.875 104.5 358705.46875 106.017761 33 12 11 0 0 0
51.360 14 FBW_STATUS 2 0 1 12.5 0.091552
51.360 14 GPS 3 36030266 481370002 2677 222229 1363 -364 0 18025960 31 0
51.443 14 COMMANDS 852,-63,34,0
51.461 14 GPS_SOL 603 603 603 7
51.561 14 WP_MOVED 16 361184. 4813643. 260. 31
51.595 14 NAVIGATION 15 1 14.09375 104.5 358701.6875 105.446121 33 12 11 0 0 0
51.611 14 GPS 3 36029883 481369988 2680 221326 1369 -385 0 18026239 31 0
51.660 14 COMMANDS 852,-56,74,0
51.661 14 ENERGY 8 12.5 0.091552 1.144399 0.043351 0.541858
51.661 14 ESTIMATOR 221.210434 -3.85
51.761 14 STATE_FILTER_STATUS 2 3 317
51.761 14 ATTITUDE 0.020872 4.630144 -0.253653
51.845 14 NAVIGATION 15 1 10.78125 104.5 358698.375 105.05468 33 12 11 0 0 0
51.861 14 GPS 3 36029554 481369978 2682 220548 1373 -379 0 18026480 31 0
51.961 14 PPRZ_MODE 2 3 2 0 0 6
51.962 14 DESIRED 0.015439 -0.247826 0. -358684. -1500. 200. -0.609752 13.
52.063 14 ALIVE 179,209,69,119,115,11,176,21,181,244,80,210,55,176,198,136
52.064 14 DL_VALUE 43 12000.
52.064 14 WP_MOVED 17 361184. 4813643. 260. 31
52.095 14 NAVIGATION 15 1 7.5 104.5 358695.09375 104.768791 33 12 11 0 0 0
52.111 14 GPS 3 36029223 481369969 2684 219767 1376 -365 0 18026719 31 0
52.160 14 NAVIGATION 15 1 7.5 104.5 358695.09375 104.768791 33 12 11 0 0 0
52.161 14 ESTIMATOR 219.477676 -3.65
52.261 14 AIRSPEED 13.7 0. 0. 0.
52.262 14 ATTITUDE 0.016887 4.637138 -0.254278
52.345 14 NAVIGATION 15 1 4.15625 104. 358691.75 104.083015 34 13 12 0 0 0
52.360 14 CALIBRATION -55.313404 2
52.361 14 GPS 3 36028892 481369961 2685 218986 1380 -367 0 18026960 31 0
52.461 14 IR_SENSORS 0 0 -44 -13 261
52.546 14 FBW_STATUS 2 0 1 12.5 0.125569
52.561 14 WP_MOVED 18 360289. 4813605. 220. 31
52.603 14 NAVIGATION 15 1 0.28125 104. 358687.875 104.000381 34 13 12 0 0 0
52.612 14 GPS 3 36028504 481369952 2687 218080 1388 -361 0 18027239 31 0
52.613 14 SVINFO 5 12 1 5 39 54 287
52.661 14 ESTIMATOR 217.839172 -3.61
52.760 14 ENERGY 13 12.5 0.150509 1.881358 0.04355 0.54435
52.760 14 ATTITUDE 0.013254 4.643771 -0.249938
52.847 14 NAVIGATION 15 1 -3.0625 104. 358684.53125 104.045082 34 13 12 0 0 0
52.862 14 DATALINK_REPORT 5 9 1632 541 0 0
52.863 14 GPS 3 36028169 481369946 2688 217311 1394 -347 0 18027480 31 0
52.864 14 SVINFO 6 13 1 6 38 12 338
52.963 14 AUTOPILOT_VERSION 51500 v5.15_devel-179-g9a29798-dirty
53.011 14 DESIRED 0.009076 -0.182419 0. -358684. -1500. 200. -0.510986 13.
53.061 14 WP_MOVED 19 360289. 4813610. 500. 31
53.098 14 NAVIGATION 15 1 -6.4375 104. 358681.15625 104.199043 34 13 12 0 0 0
53.113 14 GPS 3 36027832 481369940 2689 216560 1402 -326 0 18027719 31 0
53.114 14 SVINFO 0 7 0 0 44 4 38
53.161 14 NAVIGATION 15 1 -6.4375 104. 358681.15625 104.199043 34 13 12 0 0 0
53.161 14 ESTIMATOR 216.266815 -3.26
53.261 14 AIRSPEED 13.7 0. 0. 0.
53.261 14 ATTITUDE 0.009448 4.647949 -0.235036
53.344 14 NAVIGATION 15 1 -9.78125 103.5 358677.8125 103.961159 35 14 13 0 0 0
53.362 14 FBW_STATUS 2 0 1 12.5 0.214078
53.362 14 GPS 3 36027494 481369934 2690 215832 1412 -310 0 18027960 31 0
53.363 14 SVINFO 1 8 0 1 43 6 88
53.461 14 GPS_SOL 589 589 589 7
53.561 14 DL_VALUE 44 1.5
53.561 14 WP_MOVED 20 360289. 4813620. 300. 31
53.594 14 NAVIGATION 15 1 -13.78125 103.5 358673.8125 104.413467 35 14 13 0 0 0
53.611 14 GPS 3 36027095 481369928 2691 215028 1424 -304 0 18028239 31 0
53.611 14 SVINFO 2 9 1 2 42 43 138
53.661 14 IR_SENSORS 0 0 -34 -14 263
53.661 14 ESTIMATOR 214.839691 -3.04
53.760 14 ATTITUDE 0.00965 4.652563 -0.208344
53.845 14 NAVIGATION 15 1 -17.21875 103.5 358670.375 104.922523 35 14 13 0 0 0
53.862 14 ENERGY 24 12.5 0.293619 3.670233 0.043953 0.549388
53.862 14 GPS 3 36026752 481369924 2692 214388 1432 -284 0 18028480 31 0
53.863 14 SVINFO 3 10 1 3 41 82 188
54.060 14 DESIRED 0.005657 -0.115746 0. -358684. -1500. 200. -0.424769 13.
54.060 14 WP_MOVED 21 360289. 4813625. 400. 31
54.102 14 NAVIGATION 15 1 -20.65625 103.5 358666.9375 105.54113 35 14 13 0 0 0
54.111 14 GPS 3 36026406 481369919 2692 213803 1441 -278 0 18028720 31 0
54.112 14 SVINFO 4 11 1 4 40 85 238
54.161 14 NAVIGATION 15 1 -20.65625 103.5 358666.9375 105.54113 35 14 13 0 0 0
54.161 14 ESTIMATOR 213.539948 -2.78
54.261 14 AIRSPEED 13.7 0. 0. 0.
54.261 14 ATTITUDE 0.006075 4.65541 -0.174168
54.349 14 NAVIGATION 15 1 -24.1875 103.5 358663.40625 106.288689 36 15 14 0 0 0
54.365 14 GPS 3 36026058 481369916 2693 213282 1449 -231 0 18028960 31 0
54.461 14 CALIBRATION -150. 2
54.545 14 FBW_STATUS 2 0 1 12.5 0.39436
54.564 14 WP_MOVED 22 360289. 4813645. 250. 31
54.610 14 NAVIGATION 15 1 -28.28125 103.5 358659.3125 107.294357 36 15 14 0 0 0
54.611 14 GPS 3 36025650 481369911 2694 212761 1457 -187 0 18029239 31 0
54.660 14 ESTIMATOR 212.477753 -1.87
54.761 14 ATTITUDE 0.006288 4.658142 -0.136284
54.847 14 NAVIGATION 15 1 -31.75 103.5 358655.84375 108.260391 36 15 14 0 0 0
54.867 14 IR_SENSORS 0 0 -11 -15 265
54.868 14 GPS 3 36025300 481369908 2694 212391 1458 -161 0 18029480 31 0
54.869 14 SVINFO 0 7 0 0 43 3 39
54.962 14 ENERGY 31 12.5 0.432267 5.403341 0.044649 0.558087
55.061 14 DL_VALUE 45 1250.
55.061 14 WP_MOVED 0 360326. 4813637. 260. 31
55.110 14 NAVIGATION 15 1 -35.21875 103.5 358652.375 109.327995 36 15 14 0 0 0
55.116 14 DESIRED 0.002964 -0.059371 0. -358684. -1500. 200. -0.354147 13.
55.117 14 GPS 3 36024950 481369905 2694 212092 1457 -140 0 18029720 31 0
55.117 14 SVINFO 1 8 1 1 42 8 89
55.160 14 NAVIGATION 15 1 -35.21875 103.5 358652.375 109.327995 36 15 14 0 0 0
55.160 14 ESTIMATOR 211.804916 -1.4
55.262 14 AIRSPEED 13.7 0. 0. 0.
55.262 14 ATTITUDE 0.002528 4.659354 -0.098587
55.345 14 NAVIGATION 15 1 -38.75 103.5 358648.84375 110.516121 37 16 15 0 0 0
55.362 14 FBW_STATUS 2 0 1 12.5 0.446411
55.363 14 GPS 3 36024601 481369902 2695 211859 1453 -122 0 18029960 31 0
55.367 14 SVINFO 2 9 0 2 41 47 139
55.461 14 GPS_SOL 574 574 574 7
55.560 14 WP_MOVED 1 360284. 4813595. 260. 31
55.600 14 NAVIGATION 15 1 -42.78125 103.5 358644.8125 111.99324 37 16 15 0 0 0
55.611 14 GPS 3 36024196 481369899 2695 211665 1445 -88 0 18030239 31 0
55.613 14 SVINFO 3 10 1 3 40 84 189
55.661 14 ESTIMATOR 211.359436 -0.88
55.761 14 ATTITUDE 0.002528 4.659999 -0.068401
55.844 14 NAVIGATION 15 1 -46.21875 103.5 358641.375 113.350883 37 16 15 0 0 0
55.860 14 GPS 3 36023851 481369896 2695 211555 1438 -72 0 18030480 31 0
55.860 14 SVINFO 4 11 1 4 39 84 239
56.060 14 IR_SENSORS 0 0 9 -17 265
56.061 14 ENERGY 34 12.5 0.468432 5.855399 0.045483 0.568503
56.061 14 WP_MOVED 2 360333.5 4813695. 260. 31
56.096 14 NAVIGATION 15 1 -49.65625 103.5 358637.9375 114.795441 37 16 15 0 0 0
56.112 14 GPS 3 36023508 481369893 2695 211489 1428 -60 0 18030720 31 0
56.113 14 SVINFO 5 12 1 5 38 47 289
56.162 14 DESIRED 0.002068 -0.044037 0. -358684. -1500. 200. -0.335246 13.
56.162 14 NAVIGATION 15 1 -49.65625 103.5 358637.9375 114.795441 37 16 15 0 0 0
56.162 14 ESTIMATOR 211.174881 -0.6
56.262 14 AIRSPEED 13.7 0. 0. 0.
56.262 14 ATTITUDE -0.001231 4.659723 -0.045781
56.345 14 NAVIGATION 15 1 -53.0625 103.5 358634.53125 116.30941 38 17 16 0 0 0
56.362 14 GPS 3 36023168 481369891 2695 211458 1417 -40 0 18030960 31 0
56.363 14 SVINFO 6 13 0 6 37 8 340
56.444 14 COMMANDS 3274,24,-58,0
56.546 14 FBW_STATUS 2 0 1 12.5 0.470204
56.561 14 CALIBRATION -150. 2
56.562 14 DL_VALUE 46 0.
56.562 14 WP_MOVED 3 360294.09375 4813785. 260. 31
56.614 14 NAVIGATION 15 1 -57. 103.5 358630.59375 118.15773 38 17 16 0 0 0
56.615 14 GPS 3 36022775 481369887 2695 211453 1401 -12 0 18031239 31 0
56.661 14 COMMANDS 3245,28,-105,0
56.661 14 ESTIMATOR 211.144989 -0.12
56.762 14 STATE_FILTER_STATUS 2 3 296
56.763 14 ATTITUDE -0.001473 4.657881 -0.030509
56.844 14 NAVIGATION 15 1 -60.34375 103.5 358627.25 119.806587 38 17 16 0 0 0
56.860 14 GPS 3 36022440 481369884 2694 211467 1392 -10 0 18031480 31 0
56.962 14 PPRZ_MODE 2 3 2 0 0 6
57.061 14 ALIVE 179,209,69,119,115,11,176,21,181,244,80,210,55,176,198,136
57.061 14 WP_MOVED 4 360416.3125 4813734. 260. 31
57.124 14 NAVIGATION 15 1 -60.34375 103.5 358627.25 119.806587 38 17 16 0 0 0
57.124 14 GPS 3 36022109 481369881 2694 211488 1380 -3 0 18031720 31 0
57.164 14 ENERGY 33 12.5 0.453432 5.667901 0.046336 0.579166
57.165 14 NAVIGATION 15 1 -63.65625 103.5 358627.25 119.806587 38 17 16 0 0 0
57.165 14 ESTIMATOR 211.259171 -0.03
57.211 14 DESIRED 0.002522 -0.044664 0. -358684. -1500. 200. -0.336146 13.
57.261 14 IR_SENSORS 0 0 16 -17 264
57.261 14 AIRSPEED 13.7 0. 0. 0.
57.261 14 ATTITUDE 0.0023 4.656606 -0.026734
57.344 14 NAVIGATION 15 1 -63.65625 103.5 358623.9375 121.508713 39 18 17 0 0 0
57.360 14 FBW_STATUS 2 0 1 12.5 0.44869
57.361 14 GPS 3 36021780 481369878 2694 211510 1370 12 0 18031960 31 0
57.462 14 GPS_SOL 559 559 559 7
57.560 14 WP_MOVED 5 360421. 4813583.5 260. 31
57.620 14 NAVIGATION 15 1 -66.9375 103.5 358620.65625 123.259399 39 18 17 0 0 0
57.621 14 GPS 3 36021400 481369875 2694 211529 1357 11 0 18032240 31 0
57.622 14 SVINFO 4 11 1 4 38 82 240
57.660 14 ESTIMATOR 211.394638 0.11
57.761 14 ATTITUDE 0.0023 4.655433 -0.026734
57.844 14 NAVIGATION 15 1 -70.75 103.5 358616.84375 125.370697 39 18 17 0 0 0
57.862 14 GPS 3 36021076 481369871 2694 211534 1349 6 0 18032480 31 0
57.862 14 SVINFO 5 12 1 5 37 44 290
57.865 14 WIND_INFO 14 5 -0.7 0.6 0. 13.6
57.962 14 DATALINK_REPORT 0 10 1761 546 0 0
58.062 14 DL_VALUE 47 7500.
58.062 14 WP_MOVED 6 360164.8125 4813664.5 260. 31
58.113 14 NAVIGATION 15 1 -74. 103. 358613.59375 126.826653 39 18 17 0 0 0
58.114 14 GPS 3 36020754 481369868 2694 211527 1341 15 0 18032720 31 0
58.114 14 SVINFO 6 13 0 6 36 6 341
58.162 14 NAVIGATION 15 1 -77.21875 103. 358613.59375 126.826653 39 18 17 0 0 0
58.163 14 ESTIMATOR 211.481598 0.15
58.262 14 ENERGY 30 12.5 0.408058 5.100721 0.047127 0.589051
58.262 14 DESIRED 0.002526 -0.050693 0. -358684. -1500. 200. -0.343527 13.
58.263 14 AIRSPEED 13.6 0. 0. 0.
58.263 14 ATTITUDE 0.002528 4.65514 -0.030723
58.347 14 NAVIGATION 15 1 -77.21875 103. 358610.375 128.731247 40 19 18 0 0 0
58.361 14 GPS 3 36020433 481369865 2694 211504 1334 3 0 18032960 31 0
58.363 14 SVINFO 0 7 0 0 42 1 41
58.462 14 NAVIGATION_REF 360284 4813595 31 185.
58.463 14 IR_SENSORS 0 0 14 -16 265
58.545 14 FBW_STATUS 2 0 1 12.5 0.399827
58.563 14 WP_MOVED 7 360558.40625 4813804.5 260. 31
58.625 14 NAVIGATION 15 1 -80.4375 103. 358607.15625 130.687378 40 19 18 0 0 0
58.625 14 GPS 3 36020061 481369862 2694 211456 1327 -21 0 18033240 31 0
58.626 14 SVINFO 1 8 0 1 41 12 91
58.661 14 CALIBRATION -111.226166 2
58.662 14 ESTIMATOR 211.505585 -0.21
58.762 14 ATTITUDE 0.002528 4.654452 -0.038249
58.845 14 NAVIGATION 15 1 -84.15625 103. 358603.4375 133.008545 40 19 18 0 0 0
58.862 14 GPS 3 36019744 481369859 2694 211396 1324 -29 0 18033480 31 0
58.862 14 SVINFO 2 9 1 2 40 53 141
59.062 14 WP_MOVED 8 1600. 4812095. 200. 31
59.128 14 NAVIGATION 15 1 -87.3125 103. 358600.28125 135.027679 40 19 18 0 0 0
59.129 14 GPS 3 36019426 481369855 2694 211321 1321 -40 0 18033720 31 0
59.131 14 SVINFO 3 10 1 3 39 86 191
59.161 14 NAVIGATION 15 1 -90.5 103. 358600.28125 135.027679 40 19 18 0 0 0
59.161 14 ESTIMATOR 211.35437 -0.4
59.262 14 AIRSPEED 13.6 0. 0. 0.
59.262 14 ATTITUDE 0.002528 4.654076 -0.045781
59.311 14 DESIRED 0.002525 -0.050386 0. -358684. -1500. 200. -0.343152 13.
59.345 14 NAVIGATION 15 1 -90.5 103. 358597.09375 137.110352 41 20 19 0 0 0
59.361 14 FBW_STATUS 2 0 1 12.5 0.403081
59.361 14 ENERGY 30 12.5 0.402909 5.036366 0.047861 0.598231
59.361 14 GPS 3 36019109 481369852 2694 211230 1320 -38 0 18033960 31 0
59.461 14 GPS_SOL 543 543 543 7
59.562 14 DL_VALUE 48 1500.
59.563 14 WP_MOVED 9 360312.8125 4813652. 185. 31
59.617 14 NAVIGATION 15 1 -93.65625 103. 358593.9375 139.213837 41 20 19 0 0 0
59.617 14 GPS 3 36018739 481369849 2694 211109 1322 -45 0 18034240 31 0
59.661 14 IR_SENSORS 0 0 10 -16 265
59.662 14 ESTIMATOR 211.141769 -0.45
59.761 14 ATTITUDE 0.002528 4.653914 -0.049549
59.844 14 NAVIGATION 15 1 -97.34375 103. 358590.25 141.720871 41 20 19 0 0 0
59.861 14 GPS 3 36018422 481369845 2694 210996 1324 -53 0 18034480 31 0
60.061 14 WP_MOVED 10 360452.8125 4813581. 260. 31
60.123 14 NAVIGATION 15 1 -100.5 103. 358587.09375 143.907089 41 20 19 0 0 0
60.125 14 GPS 3 36018103 481369842 2694 210877 1327 -52 0 18034720 31 0
60.125 14 SVINFO 0 7 0 0 41 0 42
60.161 14 NAVIGATION 15 1 -103.71875 103. 358587.09375 143.907089 41 20 19 0 0 0
60.161 14 ESTIMATOR 210.885345 -0.52
60.260 14 AIRSPEED 13.6 0. 0. 0.
60.261 14 ATTITUDE 0.002528 4.653996 -0.053317
60.344 14 NAVIGATION 15 1 -103.71875 103. 358583.875 146.173111 42 21 20 0 0 0
60.361 14 DESIRED 0.002941 -0.036753 0. -358684. -1500. 200. -0.32656 13.
60.361 14 GPS 3 36017730 481369838 2694 210736 1331 -48 0 18035000 31 0
60.362 14 SVINFO 1 8 1 1 40 14 92
60.461 14 ENERGY 32 12.5 0.440986 5.512327 0.048632 0.607868
60.550 14 FBW_STATUS 2 0 1 12.5 0.44221
60.561 14 WP_MOVED 11 360169.5 4813757.5 260. 31
60.633 14 NAVIGATION 15 1 -107.46875 102.5 358580.09375 148.511887 42 21 20 0 0 0
60.634 14 GPS 3 36017410 481369835 2694 210617 1336 -63 0 18035240 31 0
60.634 14 SVINFO 2 9 1 2 39 56 142
60.661 14 ESTIMATOR 210.626953 -0.63
60.762 14 CALIBRATION -122.506821 2
60.762 14 ATTITUDE 0.002528 4.654395 -0.049549
60.843 14 NAVIGATION 15 1 -110.65625 102.5 358576.90625 150.834534 42 21 20 0 0 0
60.862 14 IR_SENSORS 0 0 10 -16 265
60.862 14 GPS 3 36017088 481369832 2694 210504 1340 -67 0 18035480 31 0
60.863 14 SVINFO 3 10 1 3 38 87 192
61.060 14 DL_VALUE 49 1.
61.060 14 WP_MOVED 12 360287.59375 4813581. 260. 31
61.094 14 NAVIGATION 15 1 -113.875 102.5 358573.6875 153.211502 42 21 20 0 0 0
61.114 14 GPS 3 36016765 481369829 2694 210399 1344 -66 0 18035720 31 0
61.114 14 SVINFO 4 11 1 4 37 79 242
61.161 14 NAVIGATION 15 1 -117.125 102.5 358573.6875 153.211502 42 21 20 0 0 0
61.161 14 ESTIMATOR 210.333496 -0.66
61.260 14 AIRSPEED 13.6 0. 0. 0.
61.260 14 ATTITUDE 0.002528 4.654958 -0.045781
61.347 14 NAVIGATION 15 1 -117.125 102.5 358570.4375 155.642273 43 22 21 0 0 0
61.364 14 FBW_STATUS 2 0 1 12.5 0.486038
61.365 14 GPS 3 36016442 481369826 2694 210305 1349 -61 0 18035960 31 0
61.366 14 SVINFO 5 12 0 5 36 38 292
61.411 14 DESIRED 0.002948 -0.023057 0. -358684. -1500. 200. -0.310005 13.
61.445 14 COMMANDS 3418,3,227,0
61.462 14 GPS_SOL 528 528 528 7
61.563 14 ENERGY 35 12.5 0.498037 6.225458 0.049492 0.618616
61.564 14 WP_MOVED 13 360311.5 4813547. 260. 31
61.595 14 NAVIGATION 15 1 -120.34375 102.5 358567.21875 158.078674 43 22 21 0 0 0
61.626 14 GPS 3 36016062 481369822 2694 210212 1355 -65 0 18036240 31 0
61.627 14 SVINFO 6 13 1 6 35 3 343
61.663 14 COMMANDS 3494,0,266,0
61.663 14 ESTIMATOR 210.092438 -0.65
61.761 14 STATE_FILTER_STATUS 2 3 294
61.761 14 ATTITUDE 0.002528 4.656024 -0.038249
61.844 14 NAVIGATION 15 1 -124.125 102.5 358563.4375 160.975983 43 22 21 0 0 0
61.862 14 GPS 3 36015736 481369819 2694 210149 1358 -44 0 18036480 31 0
61.962 14 PPRZ_MODE 2 3 2 0 0 6
62.062 14 ALIVE 179,209,69,119,115,11,176,21,181,244,80,210,55,176,198,136
62.062 14 IR_SENSORS 0 0 14 -15 265
62.063 14 WP_MOVED 14 360300.6875 4813575.5 260. 31
62.094 14 NAVIGATION 15 1 -127.375 102.5 358560.21875 163.495071 43 22 21 0 0 0
62.129 14 GPS 3 36015410 481369816 2695 210102 1361 -41 0 18036720 31 0
62.162 14 NAVIGATION 15 1 -130.65625 102.5 358560.21875 163.495071 43 22 21 0 0 0
62.163 14 ESTIMATOR 209.93425 -0.41
62.260 14 AIRSPEED 13.6 0. 0. 0.
62.260 14 ATTITUDE 0.002528 4.657027 -0.030723
62.344 14 NAVIGATION 15 1 -130.65625 102.5 358556.90625 166.064163 43 23 22 0 0 0
62.360 14 GPS 3 36015082 481369814 2695 210072 1364 -50 0 18036960 31 0
62.460 14 DESIRED 0.002099 -0.014662 0. -358684. -1500. 200. -0.298027 13.
62.545 14 FBW_STATUS 2 0 1 12.5 0.534427
62.563 14 DL_VALUE 50 0.3
62.563 14 WP_MOVED 15 360297.6875 4813554.5 260. 31
62.595 14 NAVIGATION 15 1 -133.9375 102.5 358553.625 168.657944 44 23 22 0 0 0
62.628 14 GPS 3 36014700 481369811 2695 210057 1366 -30 0 18037240 31 0
62.628 14 SVINFO 3 10 1 3 37 88 193
62.662 14 ENERGY 37 12.5 0.533333 6.666657 0.05045 0.630586
62.663 14 ESTIMATOR 209.842636 -0.3
62.760 14 ATTITUDE 0.0023 4.658225 -0.022961
62.845 14 NAVIGATION 15 1 -137.75 102.5 358549.8125 171.701233 44 23 22 0 0 0
62.860 14 CALIBRATION -149.595032 0
62.861 14 GPS 3 36014371 481369808 2695 210061 1366 -16 0 18037480 31 0
62.861 14 SVINFO 4 11 0 4 36 77 243
63.062 14 DATALINK_REPORT 5 10 1890 539 0 0
63.062 14 WP_MOVED 16 361184. 4813643. 260. 31
63.094 14 NAVIGATION 15 1 -141.03125 102.5 358546.53125 174.344666 44 23 22 0 0 0
63.133 14 GPS 3 36014044 481369806 2695 210079 1366 -7 0 18037720 31 0
63.134 14 SVINFO 5 12 0 5 35 35 293
63.162 14 NAVIGATION 15 1 -144.3125 102.5 358546.53125 174.344666 44 23 22 0 0 0
63.163 14 ESTIMATOR 209.873947 -0.07
63.262 14 IR_SENSORS 0 0 19 -16 264
63.262 14 AIRSPEED 13.6 0. 0. 0.
63.263 14 ATTITUDE 0.0023 4.658672 -0.015421
63.344 14 NAVIGATION 15 1 -144.3125 102.5 358543.25 177.00946 45 24 23 0 0 0
63.363 14 FBW_STATUS 2 0 1 12.5 0.522231
63.364 14 GPS 3 36013716 481369804 2695 210107 1364 10 0 18037960 31 0
63.364 14 SVINFO 6 13 1 6 34 2 344
63.462 14 GPS_SOL 512 512 512 7
63.512 14 DESIRED 0.001241 -0.014571 0. -358684. -1500. 200. -0.296218 13.
63.562 14 WP_MOVED 17 361184. 4813643. 260. 31
63.595 14 NAVIGATION 15 1 -147.59375 102.5 358539.96875 179.694641 45 24 23 0 0 0
63.618 14 GPS 3 36013335 481369801 2695 210150 1360 14 0 18038240 31 0
63.618 14 SVINFO 0 7 0 0 40 0 44
63.661 14 ESTIMATOR 209.998276 0.14
63.761 14 ENERGY 35 12.5 0.504151 6.301883 0.051409 0.642577
63.762 14 ATTITUDE 0.0023 4.658434 -0.011653
63.844 14 NAVIGATION 15 1 -151.375 102.5 358536.1875 182.813126 45 24 23 0 0 0
63.862 14 GPS 3 36013010 481369799 2695 210192 1356 19 0 18038480 31 0
63.863 14 SVINFO 1 8 1 1 39 19 94
64.060 14 AUTOPILOT_VERSION 51500 v5.15_devel-179-g9a29798-dirty
64.061 14 DL_VALUE 51 1.
64.061 14 WP_MOVED 18 360289. 4813605. 220. 31
64.094 14 NAVIGATION 15 1 -154.65625 102.5 358532.9375 185.53923 45 24 23 0 0 0
64.110 14 GPS 3 36012685 481369796 2695 210235 1351 25 0 18038720 31 0
64.110 14 SVINFO 2 9 1 2 38 62 144
64.161 14 NAVIGATION 15 1 -157.90625 102.5 358532.9375 185.53923 45 24 23 0 0 0
64.161 14 ESTIMATOR 210.150711 0.25
64.260 14 AIRSPEED 13.6 0. 0. 0.
64.261 14 ATTITUDE 0.0023 4.65801 -0.007888
64.344 14 NAVIGATION 15 1 -157.90625 102.5 358529.65625 188.256821 46 25 24 0 0 0
64.360 14 GPS 3 36012362 481369794 2695 210277 1346 24 0 18038960 31 0
64.461 14 IR_SENSORS 0 0 21 -16 264
64.544 14 FBW_STATUS 2 0 1 12.5 0.457656
64.561 14 DESIRED 0.001256 -0.018525 0. -358684. -1500. 200. -0.304521 13.
64.564 14 WP_MOVED 19 360289. 4813610. 500. 31
64.594 14 NAVIGATION 15 1 -161.15625 102.5 358526.4375 190.991058 46 25 24 0 0 0
64.636 14 GPS 3 36011987 481369792 2696 210321 1338 18 0 18039240 31 0
64.661 14 ESTIMATOR 210.297668 0.18
64.761 14 ATTITUDE 0.0023 4.657968 -0.011653
64.844 14 NAVIGATION 15 1 -164.875 102.5 358522.6875 194.13916 46 25 24 0 0 0
64.861 14 ENERGY 32 12.5 0.441685 5.521067 0.052275 0.653402
64.861 14 GPS 3 36011667 481369789 2696 210351 1333 16 0 18039480 31 0
64.960 14 CALIBRATION -97.647896 2
65.061 14 WP_MOVED 20 360289. 4813620. 300. 31
65.095 14 NAVIGATION 15 1 -168.0625 102.5 358519.5 196.853378 46 25 24 0 0 0
65.130 14 GPS 3 36011348 481369787 2696 210373 1327 10 0 18039720 31 0
65.161 14 NAVIGATION 15 1 -171.28125 102.5 358519.5 196.853378 46 25 24 0 0 0
65.161 14 ESTIMATOR 210.38176 0.1
65.262 14 AIRSPEED 13.6 0. 0. 0.
65.263 14 ATTITUDE 0.0023 4.657892 -0.011653
65.344 14 NAVIGATION 15 1 -171.28125 102.5 358516.28125 199.608398 47 26 25 0 0 0
65.361 14 FBW_STATUS 2 0 1 12.5 0.418224
65.361 14 GPS 3 36011031 481369785 2696 210384 1321 8 0 18039960 31 0
65.361 14 SVINFO 0 7 0 0 39 0 45
65.463 14 GPS_SOL 496 496 496 7
65.561 14 DL_VALUE 52 0.1
65.562 14 WP_MOVED 21 360289. 4813625. 400. 31
65.595 14 NAVIGATION 15 1 -174.4375 102.5 358513.125 202.323242 47 26 25 0 0 0
65.639 14 DESIRED 0.000869 -0.024759 0. -358684. -1500. 200. -0.312027 13.
65.639 14 GPS 3 36010663 481369783 2696 210383 1314 -2 0 18040240 31 0
65.642 14 SVINFO 1 8 1 1 38 21 95
65.660 14 IR_SENSORS 0 0 19 -16 264
65.660 14 ESTIMATOR 210.411163 -0.02
65.760 14 ATTITUDE -0.001473 4.657407 -0.015421
65.845 14 NAVIGATION 15 1 -178.125 102.5 358509.4375 205.510986 47 26 25 0 0 0
65.860 14 GPS 3 36010348 481369781 2696 210369 1311 -18 0 18040480 31 0
65.860 14 SVINFO 2 9 1 2 37 65 145
65.962 14 ENERGY 30 12.5 0.404109 5.051365 0.053041 0.662974
66.061 14 WP_MOVED 22 360289. 4813645. 250. 31
66.094 14 NAVIGATION 15 1 -181.28125 102.5 358506.28125 208.252594 47 26 25 0 0 0
66.139 14 GPS 3 36010034 481369779 2696 210345 1307 -33 0 18040720 31 0
66.140 14 SVINFO 3 10 1 3 36 89 195
66.162 14 NAVIGATION 15 1 -184.4375 102.5 358506.28125 208.252594 47 26 25 0 0 0
66.162 14 ESTIMATOR 210.349915 -0.33
66.263 14 AIRSPEED 13.6 0. 0. 0.
66.264 14 ATTITUDE -0.001473 4.656607 -0.01919
66.345 14 NAVIGATION 15 1 -184.4375 102.5 358503.125 211.005783 48 27 26 0 0 0
66.361 14 GPS 3 36009721 481369776 2695 210309 1305 -36 0 18040960 31 0
66.363 14 SVINFO 4 11 1 4 35 72 245
66.445 14 COMMANDS 2917,20,-7,0
66.548 14 FBW_STATUS 2 0 1 12.5 0.408401
66.561 14 WP_MOVED 0 360326. 4813637. 260. 31
66.595 14 NAVIGATION 15 1 -187.5625 102.5 358500. 213.742706 48 27 26 0 0 0
66.632 14 GPS 3 36009355 481369774 2695 210257 1304 -45 0 18041240 31 0
66.633 14 SVINFO 5 12 1 5 34 29 295
66.661 14 COMMANDS 2951,-7,15,0
66.662 14 DESIRED 0.001297 -0.021701 0. -358684. -1500. 200. -0.308343 13.
66.662 14 ESTIMATOR 210.205795 -0.45
66.762 14 STATE_FILTER_STATUS 2 3 297
66.762 14 ATTITUDE 0.0023 4.655831 -0.022961
66.844 14 NAVIGATION 15 1 -191.1875 102. 358496.375 216.694855 48 27 26 0 0 0
66.862 14 IR_SENSORS 0 0 17 -16 264
66.862 14 GPS 3 36009042 481369771 2695 210204 1305 -54 0 18041480 31 0
66.863 14 SVINFO 6 13 1 6 33 0 346
66.960 14 PPRZ_MODE 2 3 2 0 0 6
67.061 14 ALIVE 179,209,69,119,115,11,176,21,181,244,80,210,55,176,198,136
67.061 14 CALIBRATION -82.925468 2
67.061 14 DL_VALUE 53 -0.062832
67.061 14 ENERGY 31 12.5 0.42376 5.296996 0.053793 0.67238
67.061 14 WP_MOVED 1 360284. 4813595. 260. 31
67.094 14 NAVIGATION 15 1 -194.34375 102. 358493.21875 219.484604 48 27 26 0 0 0
67.119 14 GPS 3 36008728 481369769 2695 210147 1306 -60 0 18041720 31 0
67.161 14 NAVIGATION 15 1 -197.46875 102. 358493.21875 219.484604 48 27 26 0 0 0
67.161 14 ESTIMATOR 210.027924 -0.6
67.260 14 AIRSPEED 13.6 0. 0. 0.
67.260 14 ATTITUDE 0.0023 4.655845 -0.022961
67.344 14 NAVIGATION 15 1 -197.46875 102. 358490.09375 222.256393 49 28 27 0 0 0
67.363 14 FBW_STATUS 2 0 1 12.5 0.436099
67.363 14 GPS 3 36008414 481369767 2695 210088 1309 -58 0 18041960 31 0
67.461 14 NAVIGATION_REF 360284 4813595 31 185.
67.461 14 GPS_SOL 480 480 480 7
67.561 14 WP_MOVED 2 360333.5 4813695. 260. 31
67.594 14 NAVIGATION 15 1 -200.59375 102. 358486.96875 225.037445 49 28 27 0 0 0
67.616 14 GPS 3 36008047 481369764 2695 210020 1313 -61 0 18042240 31 0
67.616 14 SVINFO 2 9 1 2 36 68 146
67.661 14 ESTIMATOR 209.846817 -0.61
67.711 14 DESIRED 0.001294 -0.014658 0. -358684. -1500. 200. -0.297957 13.
67.763 14 ATTITUDE 0.0023 4.656123 -0.022961
67.844 14 NAVIGATION 15 1 -204.28125 102. 358483.28125 228.330521 49 28 27 0 0 0
67.861 14 GPS 3 36007731 481369761 2695 209964 1316 -62 0 18042480 31 0
67.862 14 SVINFO 3 10 0 3 35 89 196
67.867 14 WIND_INFO 14 5 -0.6 0.6 0. 13.6
68.061 14 IR_SENSORS 0 0 17 -16 264
68.062 14 WP_MOVED 3 360294.09375 4813785. 260. 31
68.094 14 NAVIGATION 15 1 -207.4375 102. 358480.125 231.158646 49 28 27 0 0 0
68.142 14 GPS 3 36007414 481369759 2695 209913 1320 -36 0 18042720 31 0
68.143 14 SVINFO 4 11 1 4 34 69 246
68.161 14 DATALINK_REPORT 0 11 2023 561 0 0
68.161 14 ENERGY 33 12.5 0.461007 5.762585 0.054611 0.682609
68.162 14 NAVIGATION 15 1 -210.59375 102. 358480.125 231.158646 49 28 27 0 0 0
68.162 14 ESTIMATOR 209.686844 -0.36
68.261 14 AIRSPEED 13.6 0. 0. 0.
68.262 14 ATTITUDE 0.0023 4.656607 -0.022961
68.344 14 NAVIGATION 15 1 -210.59375 102. 358477. 233.995148 50 29 28 0 0 0
68.362 14 GPS 3 36007096 481369756 2695 209868 1323 -36 0 18042960 31 0
68.544 14 FBW_STATUS 2 0 1 12.5 0.464009
68.561 14 DL_VALUE 54 0.087266
68.562 14 WP_MOVED 4 360416.3125 4813734. 260. 31
68.595 14 NAVIGATION 15 1 -213.78125 102. 358473.8125 236.867935 50 29 28 0 0 0
68.612 14 GPS 3 36006725 481369753 2695 209825 1326 -20 0 18043240 31 0
68.663 14 ESTIMATOR 209.640366 -0.2
68.761 14 DESIRED 0.001697 -0.01426 0. -358684. -1500. 200. -0.289996 13.
68.761 14 ATTITUDE 0.0023 4.657035 -0.01919
68.844 14 NAVIGATION 15 1 -217.5 102. 358470.0625 240.229584 50 29 28 0 0 0
68.861 14 GPS 3 36006407 481369751 2695 209795 1327 -25 0 18043480 31 0
68.862 14 SVINFO 0 7 0 0 38 0 47
69.062 14 WP_MOVED 5 360421. 4813583.5 260. 31
69.095 14 NAVIGATION 15 1 -220.65625 102. 358466.90625 243.090881 50 29 28 0 0 0
69.111 14 GPS 3 36006088 481369749 2696 209771 1328 -35 0 18043720 31 0
69.111 14 SVINFO 1 8 1 1 37 27 97
69.160 14 CALIBRATION -101.683685 0
69.160 14 NAVIGATION 15 1 -223.875 102. 358466.90625 243.090881 50 29 28 0 0 0
69.161 14 ESTIMATOR 209.62941 -0.35
69.263 14 IR_SENSORS 0 0 19 -16 264
69.264 14 ENERGY 33 12.5 0.462419 5.780238 0.055458 0.693196
69.264 14 AIRSPEED 13.6 0. 0. 0.
69.264 14 ATTITUDE 0.0023 4.657876 -0.015421
69.348 14 NAVIGATION 15 1 -223.875 102. 358463.6875 246.016296 51 30 29 0 0 0
69.364 14 FBW_STATUS 2 0 1 12.5 0.463125
69.365 14 GPS 3 36005769 481369747 2696 209753 1328 -28 0 18043960 31 0
69.461 14 GPS_SOL 464 464 464 7
69.562 14 WP_MOVED 6 360164.8125 4813664.5 260. 31
69.597 14 NAVIGATION 15 1 -227.0625 102. 358460.5 248.920425 51 30 29 0 0 0
69.612 14 GPS 3 36005397 481369744 2696 209738 1327 -38 0 18044240 31 0
69.660 14 ESTIMATOR 209.580597 -0.38
69.764 14 ATTITUDE -0.001473 4.65803 -0.015421
69.812 14 DESIRED 0.000861 -0.014155 0. -358684. -1500. 200. -0.287885 13.
69.845 14 NAVIGATION 15 1 -230.78125 102. 358456.78125 252.31723 51 30 29 0 0 0
69.861 14 GPS 3 36005079 481369742 2696 209729 1327 -18 0 18044480 31 0
70.061 14 DL_VALUE 55 1.
70.061 14 WP_MOVED 7 360558.40625 4813804.5 260. 31
70.093 14 NAVIGATION 15 1 -233.9375 102. 358453.65625 255.207275 51 30 29 0 0 0
70.111 14 GPS 3 36004760 481369740 2695 209723 1327 -26 0 18044720 31 0
70.112 14 SVINFO 5 12 1 5 33 23 297
70.160 14 NAVIGATION 15 1 -237.15625 102. 358453.65625 255.207275 51 30 29 0 0 0
70.160 14 ESTIMATOR 209.559647 -0.26
70.261 14 AIRSPEED 13.6 0. 0. 0.
70.262 14 ATTITUDE -0.001473 4.657525 -0.011653
70.345 14 NAVIGATION 15 1 -237.15625 102. 358450.40625 258.16098 52 31 30 0 0 0
70.361 14 ENERGY 33 12.5 0.46136 5.766997 0.056306 0.703797
70.363 14 GPS 3 36004442 481369737 2695 209719 1326 -23 0 18044960 31 0
70.365 14 SVINFO 6 13 1 6 32 0 348
70.461 14 IR_SENSORS 0 0 20 -17 264
70.544 14 FBW_STATUS 2 0 1 12.5 0.459948
70.563 14 WP_MOVED 8 1600. 4812095. 200. 31
70.594 14 NAVIGATION 15 1 -240.34375 102. 358447.21875 261.092163 52 31 30 0 0 0
70.611 14 GPS 3 36004071 481369734 2695 209717 1325 0 0 18045240 31 0
70.611 14 SVINFO 0 7 0 0 37 1 48
70.660 14 ESTIMATOR 209.551895 0.
70.761 14 ATTITUDE -0.001473 4.656441 -0.011653
70.845 14 NAVIGATION 15 1 -244.03125 102. 358443.53125 264.49054 52 31 30 0 0 0
70.865 14 DESIRED 0.001695 -0.014088 0. -358684. -1500. 200. -0.286557 13.
70.869 14 GPS 3 36003753 481369732 2695 209715 1324 -7 0 18045480 31 0
70.869 14 SVINFO 1 8 1 1 36 30 98
71.062 14 WP_MOVED 9 360312.8125 4813652. 185. 31
71.095 14 NAVIGATION 15 1 -247.21875 102. 358440.375 267.434296 52 31 30 0 0 0
71.111 14 GPS 3 36003435 481369729 2695 209712 1322 -2 0 18045720 31 0
71.111 14 SVINFO 2 9 0 2 35 73 148
71.160 14 NAVIGATION 15 1 -250.375 102. 358440.375 267.434296 52 31 30 0 0 0
71.161 14 ESTIMATOR 209.611176 -0.02
71.260 14 CALIBRATION -90.10685 0
71.260 14 AIRSPEED 13.6 0. 0. 0.
71.260 14 ATTITUDE 0.0023 4.655881 -0.011653
71.344 14 NAVIGATION 15 1 -250.375 102. 358437.1875 270.354645 53 32 31 0 0 0
71.361 14 FBW_STATUS 2 0 1 12.5 0.439239
71.361 14 GPS 3 36003119 481369726 2694 209707 1320 0 0 18045960 31 0
71.361 14 SVINFO 3 10 1 3 34 89 198
71.444 14 COMMANDS 3081,-1,-30,0
71.460 14 GPS_SOL 448 448 448 7
71.460 14 ENERGY 32 12.5 0.436622 5.457774 0.057131 0.714109
71.561 14 DL_VALUE 56 1.
71.561 14 WP_MOVED 10 360452.8125 4813581. 260. 31
71.595 14 NAVIGATION 15 1 -253.5625 102. 358434. 273.309235 53 32 31 0 0 0
71.611 14 GPS 3 36002749 481369723 2694 209699 1317 -10 0 18046240 31 0
71.612 14 SVINFO 4 11 1 4 33 64 248
71.661 14 COMMANDS 3059,-1,-30,0
71.661 14 IR_SENSORS 0 0 20 -16 264
71.661 14 ESTIMATOR 209.649277 -0.1
71.760 14 STATE_FILTER_STATUS 2 3 299
71.761 14 ATTITUDE 0.0023 4.655223 -0.015421
71.844 14 NAVIGATION 15 1 -257.28125 102. 358430.28125 276.762787 53 32 31 0 0 0
71.860 14 GPS 3 36002434 481369720 2694 209688 1316 -16 0 18046480 31 0
71.861 14 SVINFO 5 12 1 5 32 20 298
71.911 14 DESIRED 0.002113 -0.014234 0. -358684. -1500. 200. -0.289478 13.
71.961 14 PPRZ_MODE 2 3 2 0 0 6
72.065 14 ALIVE 179,209,69,119,115,11,176,21,181,244,80,210,55,176,198,136
72.066 14 WP_MOVED 11 360169.5 4813757.5 260. 31
72.095 14 NAVIGATION 15 1 -260.4375 102. 358427.15625 279.69928 53 32 31 0 0 0
72.113 14 GPS 3 36002118 481369717 2694 209674 1314 -47 0 18046720 31 0
72.160 14 NAVIGATION 15 1 -263.5625 102. 358427.15625 279.69928 53 32 31 0 0 0
72.160 14 ESTIMATOR 209.619507 -0.47
72.261 14 AIRSPEED 13.6 0. 0. 0.
72.261 14 ATTITUDE 0.0023 4.654758 -0.015421
72.344 14 NAVIGATION 15 1 -263.5625 102. 358424. 282.611359 54 33 32 0 0 0
72.361 14 GPS 3 36001803 481369714 2694 209657 1312 -66 0 18046960 31 0
72.544 14 FBW_STATUS 2 0 1 12.5 0.444134
72.562 14 ENERGY 32 12.5 0.444134 5.551678 0.057926 0.724038
72.562 14 WP_MOVED 12 360287.59375 4813581. 260. 31
72.594 14 NAVIGATION 15 1 -266.71875 102. 358420.84375 285.557159 54 33 32 0 0 0
72.611 14 GPS 3 36001436 481369710 2694 209634 1312 -62 0 18047240 31 0
72.660 14 ESTIMATOR 209.442932 -0.62
72.761 14 ATTITUDE 0.0023 4.654254 -0.015421
72.850 14 NAVIGATION 15 1 -270.375 101.5 358417.1875 288.799042 54 33 32 0 0 0
72.863 14 IR_SENSORS 0 0 19 -16 264
72.869 14 GPS 3 36001120 481369707 2694 209613 1313 -32 0 18047480 31 0
72.962 14 DESIRED 0.002526 -0.013925 0. -358684. -1500. 200. -0.283288 13.
73.061 14 DL_VALUE 57 1.5
73.061 14 WP_MOVED 13 360311.5 4813547. 260. 31
73.094 14 NAVIGATION 15 1 -273.5625 101.5 358414. 291.785339 54 33 32 0 0 0
73.111 14 GPS 3 36000805 481369704 2694 209593 1314 -23 0 18047720 31 0
73.161 14 NAVIGATION 15 1 -276.71875 101.5 358414. 291.785339 54 33 32 0 0 0
73.162 14 ESTIMATOR 209.368942 -0.23
73.261 14 DATALINK_REPORT 5 11 2148 533 0 0
73.261 14 AIRSPEED 13.6 0. 0. 0.
73.261 14 ATTITUDE 0.0023 4.653978 -0.015421
73.344 14 NAVIGATION 15 1 -276.71875 101.5 358410.84375 294.746521 55 34 33 0 0 0
73.361 14 CALIBRATION -92.944328 0
73.361 14 FBW_STATUS 2 0 1 12.5 0.449392
73.361 14 GPS 3 36000489 481369701 2694 209574 1315 -25 0 18047960 31 0
73.461 14 GPS_SOL 433 433 433 7
73.561 14 WP_MOVED 14 360300.6875 4813575.5 260. 31
73.594 14 NAVIGATION 15 1 -279.875 101.5 358407.6875 297.7117 55 34 33 0 0 0
73.612 14 GPS 3 36000121 481369697 2693 209554 1316 -24 0 18048240 31 0
73.661 14 ENERGY 32 12.5 0.44869 5.608627 0.05875 0.734346
73.661 14 ESTIMATOR 209.377472 -0.24
73.761 14 ATTITUDE 0.0023 4.653666 -0.011653
73.844 14 NAVIGATION 15 1 -283.5625 101.5 358404. 301.180908 55 34 33 0 0 0
73.861 14 GPS 3 35999805 481369694 2693 209538 1316 -1 0 18048480 31 0
73.862 14 SVINFO 6 13 0 6 31 0 350
74.011 14 DESIRED 0.002938 -0.013827 0. -358684. -1500. 200. -0.281324 13.
74.061 14 IR_SENSORS 0 0 20 -16 264
74.061 14 WP_MOVED 15 360297.6875 4813554.5 260. 31
74.094 14 NAVIGATION 15 1 -286.71875 101.5 358400.84375 304.154388 55 34 33 0 0 0
74.111 14 GPS 3 35999489 481369690 2693 209522 1316 0 0 18048720 31 0
74.112 14 SVINFO 0 7 0 0 36 3 50
74.162 14 NAVIGATION 15 1 -289.875 101.5 358400.84375 304.154388 55 34 33 0 0 0
74.162 14 ESTIMATOR 209.410278 0.
74.261 14 AIRSPEED 13.6 0. 0. 0.
74.261 14 ATTITUDE 0.0023 4.653528 -0.011653
74.345 14 NAVIGATION 15 1 -293.03125 101.5 358394.5625 310.112183 56 35 34 0 0 0
74.361 14 GPS 3 35999173 481369687 2693 209507 1315 1 0 18048960 31 0
74.362 14 SVINFO 1 8 1 1 35 36 100
74.546 14 FBW_STATUS 2 0 1 12.5 0.427054
74.562 14 DL_VALUE 58 1.
74.562 14 WP_MOVED 16 361184. 4813643. 260. 31
74.597 14 NAVIGATION 15 1 -296.71875 101.5 358390.84375 313.598907 56 35 34 0 0 0
74.613 14 GPS 3 35998805 481369683 2693 209488 1313 -13 0 18049240 31 0
74.614 14 SVINFO 2 9 1 2 34 77 150
74.665 14 ESTIMATOR 209.450577 -0.13
74.761 14 ENERGY 31 12.5 0.425319 5.316493 0.059551 0.744352
74.763 14 ATTITUDE 0.0023 4.653578 -0.015421
74.844 14 NAVIGATION 15 1 -299.875 101. 358387.6875 316.426941 56 35 34 0 0 0
74.861 14 GPS 3 35998490 481369680 2694 209469 1312 -8 0 18049480 31 0
74.862 14 SVINFO 3 10 1 3 33 88 200
75.062 14 DESIRED 0.002937 -0.013907 0. -358684. -1500. 200. -0.282935 13.
75.062 14 WP_MOVED 17 361184. 4813643. 260. 31
75.094 14 NAVIGATION 15 1 -303. 101. 358384.59375 319.390045 56 35 34 0 0 0
75.110 14 GPS 3 35998176 481369677 2694 209449 1310 -3 0 18049720 31 0
75.110 14 SVINFO 4 11 0 4 32 58 250
75.162 14 AUTOPILOT_VERSION 51500 v5.15_devel-179-g9a29798-dirty
75.162 14 NAVIGATION 15 1 -303. 101. 358384.59375 319.390045 56 35 34 0 0 0
75.162 14 ESTIMATOR 209.420883 -0.03
75.261 14 IR_SENSORS 0 0 20 -16 264
75.262 14 AIRSPEED 13.6 0. 0. 0.
75.262 14 ATTITUDE 0.0023 4.653925 -0.011653
75.344 14 NAVIGATION 15 1 -306.125 101. 358381.4375 322.356201 57 36 35 0 0 0
75.361 14 FBW_STATUS 2 0 1 12.5 0.412531
75.361 14 GPS 3 35997862 481369674 2694 209427 1309 -2 0 18049960 31 0
75.460 14 CALIBRATION -68.011536 0
75.460 14 GPS_SOL 418 418 418 7
75.563 14 WP_MOVED 18 360289. 4813605. 220. 31
75.595 14 NAVIGATION 15 1 -309.78125 101. 358377.78125 325.830353 57 36 35 0 0 0
75.612 14 GPS 3 35997496 481369670 2694 209399 1306 -10 0 18050240 31 0
75.661 14 ESTIMATOR 209.408554 -0.1
75.761 14 ATTITUDE 0.0023 4.654727 -0.011653
75.843 14 NAVIGATION 15 1 -309.78125 101. 358377.78125 325.830353 57 36 35 0 0 0
75.860 14 ENERGY 29 12.5 0.403938 5.049223 0.06031 0.753841
75.861 14 GPS 3 35997182 481369667 2694 209372 1304 2 0 18050480 31 0
75.861 14 SVINFO 0 7 0 0 35 4 51
76.060 14 DL_VALUE 59 1.
76.061 14 WP_MOVED 19 360289. 4813610. 500. 31
76.094 14 NAVIGATION 15 1 -312.90625 101. 358374.6875 328.802856 57 36 35 0 0 0
76.111 14 DESIRED 0.002117 -0.013831 0. -358684. -1500. 200. -0.281418 13.
76.111 14 GPS 3 35996870 481369665 2694 209343 1302 -6 0 18050720 31 0
76.112 14 SVINFO 1 8 1 1 34 39 101
76.161 14 NAVIGATION 15 1 -316.03125 101. 358374.6875 328.802856 57 36 35 0 0 0
76.162 14 ESTIMATOR 209.374649 -0.06
76.260 14 AIRSPEED 13.6 0. 0. 0.
76.260 14 ATTITUDE 0.0023 4.654683 -0.015421
76.343 14 NAVIGATION 15 1 -316.03125 101. 358371.53125 331.778168 57 37 36 0 0 0
76.363 14 GPS 3 35996558 481369662 2694 209311 1300 7 0 18050960 31 0
76.365 14 SVINFO 2 9 0 2 33 79 151
76.444 14 COMMANDS 2797,-1,19,0
76.464 14 NAVIGATION_REF 360284 4813595 31 185.
76.466 14 IR_SENSORS 0 0 19 -16 264
76.545 14 FBW_STATUS 2 0 1 12.5 0.38483
76.561 14 WP_MOVED 20 360289. 4813620. 300. 31
76.595 14 NAVIGATION 15 1 -319.15625 101. 358368.40625 334.756195 58 37 36 0 0 0
76.611 14 GPS 3 35996194 481369658 2694 209269 1297 22 0 18051240 31 0
76.661 14 COMMANDS 2743,-1,-25,0
76.662 14 ESTIMATOR 209.340073 0.22
76.761 14 STATE_FILTER_STATUS 2 3 300
76.761 14 ATTITUDE 0.0023 4.654263 -0.011653
76.844 14 NAVIGATION 15 1 -322.84375 101. 358364.71875 338.273682 58 37 36 0 0 0
76.861 14 GPS 3 35995883 481369655 2694 209231 1295 32 0 18051480 31 0
76.962 14 PPRZ_MODE 2 3 2 0 0 6
76.963 14 ENERGY 27 12.5 0.364746 4.559325 0.06102 0.762715
77.062 14 ALIVE 179,209,69,119,115,11,176,21,181,244,80,210,55,176,198,136
77.062 14 WP_MOVED 21 360289. 4813625. 400. 31
77.094 14 NAVIGATION 15 1 -325.90625 101. 358361.65625 341.197723 58 37 36 0 0 0
77.112 14 GPS 3 35995573 481369653 2694 209189 1292 38 0 18051720 31 0
77.112 14 SVINFO 5 12 0 5 31 13 301
77.164 14 DESIRED 0.002118 -0.01379 0. -358684. -1500. 200. -0.280587 13.
77.165 14 NAVIGATION 15 1 -329.03125 101. 358361.65625 341.197723 58 37 36 0 0 0
77.165 14 ESTIMATOR 209.370224 0.38
77.260 14 AIRSPEED 13.6 0. 0. 0.
77.261 14 ATTITUDE 0.0023 4.654576 -0.015421
77.344 14 NAVIGATION 15 1 -329.03125 101. 358358.53125 344.183899 59 38 37 0 0 0
77.362 14 FBW_STATUS 2 0 1 12.5 0.341077
77.362 14 GPS 3 35995264 481369650 2695 209143 1288 39 0 18051960 31 0
77.464 14 GPS_SOL 404 404 404 7
77.561 14 CALIBRATION -14.542912 0
77.561 14 DL_VALUE 60 1.
77.561 14 WP_MOVED 22 360289. 4813645. 250. 31
77.595 14 NAVIGATION 15 1 -332.125 101. 358355.4375 347.142639 59 38 37 0 0 0
77.611 14 GPS 3 35994905 481369647 2695 209082 1281 23 0 18052240 31 0
77.665 14 IR_SENSORS 0 0 20 -16 264
77.665 14 ESTIMATOR 209.377686 0.23
77.760 14 ATTITUDE 0.0023 4.655208 -0.011653
77.844 14 NAVIGATION 15 1 -335.71875 101. 358351.875 350.582489 59 38 37 0 0 0
77.863 14 GPS 3 35994598 481369645 2695 209024 1277 18 0 18052480 31 0
77.867 14 WIND_INFO 14 5 -0.6 0.6 0. 13.6
78.061 14 ENERGY 24 12.5 0.311552 3.894402 0.061634 0.770397
78.062 14 WP_MOVED 0 360326. 4813637. 260. 31
78.094 14 NAVIGATION 15 1 -338.75 101. 358348.84375 353.486298 59 38 37 0 0 0
78.111 14 GPS 3 35994293 481369643 2696 208959 1272 2 0 18052720 31 0
78.162 14 NAVIGATION 15 1 -341.84375 101. 358348.84375 353.486298 59 38 37 0 0 0
78.162 14 ESTIMATOR 209.267731 0.02
78.211 14 DESIRED 0.00132 -0.013755 0. -358684. -1500. 200. -0.279885 13.
78.261 14 AIRSPEED 13.6 0. 0. 0.
78.262 14 ATTITUDE 0.0023 4.655671 -0.015421
78.345 14 NAVIGATION 15 1 -341.84375 101. 358345.71875 356.452179 60 39 38 0 0 0
78.361 14 DATALINK_REPORT 1 12 2277 551 0 0
78.361 14 GPS 3 35993988 481369641 2696 208888 1268 28 0 18052960 31 0
78.362 14 SVINFO 3 10 0 3 32 86 202
78.545 14 FBW_STATUS 2 0 1 12.5 0.29394
78.562 14 WP_MOVED 1 360284. 4813595. 260. 31
78.595 14 NAVIGATION 15 1 -344.875 101. 358342.71875 359.360229 60 39 38 0 0 0
78.612 14 GPS 3 35993634 481369639 2696 208798 1262 2 0 18053240 31 0
78.614 14 SVINFO 4 11 1 4 31 52 252
78.662 14 ESTIMATOR 209.129288 0.02
78.762 14 ATTITUDE 0.0023 4.656146 -0.015421
78.845 14 NAVIGATION 15 1 -348.4375 101. 358339.125 362.780487 60 39 38 0 0 0
78.860 14 IR_SENSORS 0 0 20 -16 264
78.861 14 GPS 3 35993332 481369637 2696 208714 1259 -1 0 18053480 31 0
79.062 14 DL_VALUE 61 1.
79.062 14 WP_MOVED 2 360333.5 4813695. 260. 31
79.095 14 NAVIGATION 15 1 -351.4375 101. 358336.15625 365.662842 60 39 38 0 0 0
79.111 14 GPS 3 35993031 481369635 2696 208624 1255 -10 0 18053720 31 0
79.112 14 SVINFO 6 13 1 6 30 1 353
79.162 14 ENERGY 22 12.5 0.285291 3.566137 0.062177 0.777182
79.162 14 NAVIGATION 15 1 -354.4375 101. 358336.15625 365.662842 60 39 38 0 0 0
79.163 14 ESTIMATOR 208.921051 -0.1
79.261 14 DESIRED 0.000544 -0.0133 0. -358684. -1500. 200. -0.270789 13.
79.261 14 AIRSPEED 13.6 0. 0. 0.
79.261 14 ATTITUDE 0.0023 4.656139 -0.011653
79.345 14 NAVIGATION 15 1 -354.4375 101. 358333.125 368.547058 61 40 39 0 0 0
79.361 14 FBW_STATUS 2 0 1 12.5 0.282101
79.361 14 GPS 3 35992730 481369634 2696 208528 1252 -2 0 18053960 31 0
79.362 14 SVINFO 0 7 0 0 34 7 53
79.461 14 GPS_SOL 390 390 390 7
