2.433 14 NAVIGATION 2 2 0. 0. 0. 0. 0 6 6 1 0 0
2.449 14 GPS 3 36028477 481359546 899 185000 0 20 0 17887960 31 0
2.633 14 FBW_STATUS 2 0 1 12.5 0.
2.650 14 DL_VALUE 10 1.
2.650 14 WP_MOVED 10 360452.8125 4813581. 260. 31
2.683 14 NAVIGATION 2 2 0. 0. 0. 0. 0 6 6 1 0 0
2.700 14 DESIRED 0. 0.00024 0. 0. 0. 235. 0. 13.
2.700 14 GPS 3 36028477 481359546 899 185000 0 32 0 17888240 31 0
2.750 14 ESTIMATOR 185.06694 0.32
2.850 14 ATTITUDE 0.0023 0. -0.000365
2.933 14 NAVIGATION 2 2 0. 0. 0. 0. 0 6 6 1 0 0
2.952 14 GPS 3 36028477 481359546 899 185000 0 33 0 17888480 31 0
3.151 14 WP_MOVED 11 360169.5 4813757.5 260. 31
3.183 14 NAVIGATION 2 2 0. 0. 0. 0. 0 6 6 1 0 0
3.199 14 GPS 3 36028477 481359546 899 185000 0 34 0 17888720 31 0
3.200 14 SVINFO 3 10 1 3 48 6 159
3.249 14 NAVIGATION 2 2 0. 0. 0. 0. 0 6 6 1 0 0
3.250 14 ESTIMATOR 185.14241 0.34
3.350 14 IR_SENSORS 0 0 23 -16 264
3.350 14 ENERGY 0 12.5 0. 0. 0. 0.
3.350 14 AIRSPEED 0. 0. 0. 0.
3.351 14 ATTITUDE 0.0023 0. -0.000365
3.433 14 NAVIGATION 2 2 0. 0. 0. 0. 0 7 7 1 0 0
3.450 14 FBW_STATUS 2 0 1 12.5 0.
3.450 14 GPS 3 36028477 481359546 899 185000 0 21 0 17888960 31 0
3.550 14 GPS_SOL 625 625 625 7
3.651 14 WP_MOVED 12 360287.59375 4813581. 260. 31
3.684 14 NAVIGATION 2 2 0. 0. 0. 0. 0 7 7 1 0 0
3.700 14 GPS 3 36028477 481359546 899 185000 0 26 0 17889240 31 0
3.750 14 DESIRED 0. 0.00024 0. 0. 0. 235. 0. 13.
3.750 14 ESTIMATOR 185.164536 0.26
3.849 14 ATTITUDE 0.0023 0. -0.000365
3.934 14 NAVIGATION 2 2 0. 0. 0. 0. 0 7 7 1 0 0
3.949 14 GPS 3 36028477 481359546 899 185000 0 18 0 17889480 31 0
4.149 14 CALIBRATION 0. 0
4.149 14 DL_VALUE 11 5.
4.149 14 WP_MOVED 13 360311.5 4813547. 260. 31
4.183 14 NAVIGATION 2 2 0. 0. 0. 0. 0 7 7 1 0 0
4.200 14 GPS 3 36028477 481359546 899 185000 0 6 0 17889720 31 0
4.201 14 SVINFO 0 7 0 0 46 79 10
4.250 14 NAVIGATION 2 2 0. 0. 0. 0. 0 7 7 1 0 0
4.250 14 ESTIMATOR 185.160141 0.06
4.350 14 AIRSPEED 0. 0. 0. 0.
4.350 14 ATTITUDE 0.0023 0. -0.000365
4.433 14 NAVIGATION 2 2 0. 0. 0. 0. 0 8 8 1 0 0
4.450 14 ENERGY 0 12.5 0. 0. 0. 0.
4.450 14 GPS 3 36028477 481359546 899 185000 0 0 0 17889960 31 0
4.453 14 SVINFO 1 8 1 1 47 38 60
4.551 14 NAVIGATION_REF 360284 4813595 31 185.
4.553 14 IR_SENSORS 0 0 23 -16 264
4.634 14 FBW_STATUS 2 0 1 12.5 0.
4.650 14 WP_MOVED 14 360300.6875 4813575.5 260. 31
4.683 14 NAVIGATION 2 2 0. 0. 0. 0. 0 8 8 1 0 0
4.700 14 GPS 3 36028477 481359546 899 185000 0 13 0 17890240 31 0
4.700 14 SVINFO 2 9 1 2 48 3 110
4.750 14 ESTIMATOR 185.09668 0.13
4.801 14 DESIRED 0. 0.00024 0. 0. 0. 235. 0. 13.
4.851 14 ATTITUDE 0.0023 0. -0.000365
4.935 14 NAVIGATION 2 2 0. 0. 0. 0. 0 8 8 1 0 0
4.950 14 GPS 3 36028477 481359546 899 185000 0 -2 0 17890480 31 0
5.151 14 WP_MOVED 15 360297.6875 4813554.5 260. 31
5.183 14 NAVIGATION 2 2 0. 0. 0. 0. 0 8 8 1 0 0
5.200 14 GPS 3 36028477 481359546 899 185000 0 -16 0 17890720 31 0
5.201 14 SVINFO 4 11 1 4 49 46 210
5.250 14 NAVIGATION 2 2 0. 0. 0. 0. 0 8 8 1 0 0
5.250 14 ESTIMATOR 185.067596 -0.16
5.350 14 AIRSPEED 0. 0. 0. 0.
5.350 14 ATTITUDE 0.0023 0. -0.000365
5.433 14 NAVIGATION 2 2 0. 0. 0. 0. 0 9 9 1 0 0
5.449 14 FBW_STATUS 2 0 1 12.5 0.
5.450 14 GPS 3 36028477 481359546 899 185000 0 -3 0 17890960 31 0
5.549 14 GPS_SOL 637 637 637 7
5.549 14 ENERGY 0 12.5 0. 0. 0. 0.
5.650 14 DL_VALUE 12 100.
5.650 14 WP_MOVED 16 361184. 4813643. 260. 31
5.683 14 NAVIGATION 2 2 0. 0. 0. 0. 0 9 9 1 0 0
5.699 14 GPS 3 36028477 481359546 899 185000 0 2 0 17891239 31 0
5.750 14 IR_SENSORS 0 0 23 -16 264
5.751 14 ESTIMATOR 185.009659 0.02
5.850 14 DESIRED 0. 0.00024 0. 0. 0. 235. 0. 13.
5.850 14 ATTITUDE 0.0023 0. -0.000365
5.933 14 NAVIGATION 2 2 0. 0. 0. 0. 0 9 9 1 0 0
5.949 14 GPS 3 36028477 481359546 899 185000 0 -9 0 17891480 31 0
5.950 14 SVINFO 0 7 0 0 47 76 11
6.150 14 WP_MOVED 17 361184. 4813643. 260. 31
6.183 14 NAVIGATION 2 2 0. 0. 0. 0. 0 9 9 1 0 0
6.200 14 GPS 3 36028477 481359546 899 185000 0 13 0 17891720 31 0
6.250 14 CALIBRATION 0. 0
6.251 14 NAVIGATION 2 2 0. 0. 0. 0. 0 9 9 1 0 0
6.252 14 ESTIMATOR 184.991379 0.13
6.350 14 AIRSPEED 0. 0. 0. 0.
6.350 14 ATTITUDE 0.0023 0. -0.000365
6.434 14 NAVIGATION 2 2 0. 0. 0. 0. 0 10 10 1 0 0
6.450 14 GPS 3 36028477 481359546 899 185000 0 10 0 17891960 31 0
6.534 14 COMMANDS 0,-17,7,0
6.633 14 FBW_STATUS 2 0 1 12.5 0.
6.650 14 ENERGY 0 12.5 0. 0. 0. 0.
6.651 14 WP_MOVED 18 360289. 4813605. 220. 31
6.683 14 NAVIGATION 2 2 0. 0. 0. 0. 0 10 10 1 0 0
6.699 14 GPS 3 36028477 481359546 899 185000 0 24 0 17892239 31 0
6.749 14 COMMANDS 0,-17,7,0
6.750 14 ESTIMATOR 185.031754 0.24
6.850 14 STATE_FILTER_STATUS 2 3 303
6.851 14 ATTITUDE 0.0023 0. -0.000365
6.905 14 DESIRED 0. 0.00024 0. 0. 0. 235. 0. 13.
6.936 14 NAVIGATION 2 2 0. 0. 0. 0. 0 10 10 1 0 0
6.950 14 IR_SENSORS 0 0 23 -16 264
6.951 14 GPS 3 36028477 481359546 899 185000 0 34 0 17892480 31 0
7.049 14 DATALINK_REPORT 8 1 514 529 0 0
7.050 14 PPRZ_MODE 2 1 2 0 0 6
7.151 14 ALIVE 179,209,69,119,115,11,176,21,181,244,80,210,55,176,198,136
7.151 14 DL_VALUE 13 1.
7.152 14 WP_MOVED 19 360289. 4813610. 500. 31
7.184 14 NAVIGATION 2 2 0. 0. 0. 0. 0 10 10 1 0 0
7.200 14 GPS 3 36028477 481359546 899 185000 0 18 0 17892720 31 0
7.251 14 NAVIGATION 2 2 0. 0. 0. 0. 0 10 10 1 0 0
7.251 14 ESTIMATOR 185.113815 0.18
7.350 14 AIRSPEED 0. 0. 0. 0.
7.351 14 ATTITUDE 0.0023 0. -0.000365
7.434 14 NAVIGATION 2 2 0. 0. 0. 0. 0 11 11 1 0 0
7.452 14 FBW_STATUS 2 0 1 12.5 0.
7.452 14 GPS 3 36028477 481359546 899 185000 0 21 0 17892960 31 0
7.550 14 GPS_SOL 648 648 648 7
7.650 14 WP_MOVED 20 360289. 4813620. 300. 31
7.683 14 NAVIGATION 2 2 0. 0. 0. 0. 0 11 11 1 0 0
7.701 14 GPS 3 36028477 481359546 899 185000 0 17 0 17893239 31 0
7.750 14 ENERGY 0 12.5 0. 0. 0. 0.
7.750 14 ESTIMATOR 185.126694 0.17
7.851 14 ATTITUDE 0.0023 0. -0.000365
7.938 14 NAVIGATION 2 2 0. 0. 0. 0. 0 11 11 1 0 0
7.950 14 DESIRED 0. 0.00024 0. 0. 0. 235. 0. 13.
7.951 14 GPS 3 36028477 481359546 899 185000 0 15 0 17893480 31 0
7.952 14 SVINFO 1 8 0 1 48 32 62
8.023 14 SETTING 9 14 1.
8.023 14 DL_VALUE 9 1.
8.149 14 IR_SENSORS 0 0 23 -16 264
8.149 14 WP_MOVED 21 360289. 4813625. 400. 31
8.183 14 NAVIGATION 2 2 0. 0. 0. 0. 0 11 11 1 0 0
8.200 14 GPS 3 36028477 481359546 899 185000 0 16 0 17893720 31 0
8.250 14 NAVIGATION 2 2 0. 0. 0. 0. 0 11 11 1 0 0
8.251 14 ESTIMATOR 185.121277 0.16
8.350 14 CALIBRATION 0. 0
8.351 14 AIRSPEED 0. 0. 0. 0.
8.351 14 ATTITUDE 0.0023 0. -0.000365
8.437 14 NAVIGATION 2 2 0. 0. 0. 0. 0 12 12 1 0 0
8.453 14 GPS 3 36028477 481359546 899 185000 0 -2 0 17893960 31 0
8.454 14 SVINFO 3 10 0 3 49 11 162
8.633 14 FBW_STATUS 2 0 1 12.5 0.
8.650 14 AUTOPILOT_VERSION 51500 v5.15_devel-179-g9a29798-dirty
8.651 14 DL_VALUE 14 0.
8.652 14 WP_MOVED 22 360289. 4813645. 250. 31
8.683 14 NAVIGATION 2 2 0. 0. 0. 0. 0 12 12 1 0 0
8.700 14 WIND_INFO 14 5 0. 0. 0. 0.
8.701 14 GPS 3 36028477 481359546 899 185000 0 4 0 17894239 31 0
8.750 14 ESTIMATOR 185.085312 0.04
8.850 14 ENERGY 0 12.5 0. 0. 0. 0.
8.851 14 ATTITUDE 0.0023 0. -0.000365
8.910 14 BLOCK 3 14
8.910 14 NAVIGATION 3 0 0. 0. 0. 0. 0 0 0 1 0 0
8.933 14 NAVIGATION 3 2 0. 0. 198.624115 0. 0 0 0 0 0 0
8.950 14 GPS 3 36028477 481359546 899 185000 0 0 0 17894480 31 0
9.000 14 DESIRED -0. 0.262039 0. -114.5 162.300003 235. 0. 13.
9.149 14 WP_MOVED 0 360326. 4813637. 260. 31
9.184 14 NAVIGATION 3 2 0. 0. 198.624115 0. 0 0 0 0 0 0
9.202 14 GPS 3 36028477 481359802 3599 184997 1063 8 0 17894720 31 0
9.252 14 NAVIGATION 3 2 0. 2.5 198.624115 0. 0 0 0 0 0 0
9.253 14 ESTIMATOR 185.051849 0.08
9.352 14 IR_SENSORS 0 0 27 -16 264
9.353 14 AIRSPEED 0. 0. 0. 0.
9.354 14 ATTITUDE 0.0023 6.283179 0.014652
9.433 14 TAKEOFF 22
9.433 14 NAVIGATION 3 2 0. 2.5 196.586594 2.5 1 1 1 0 0 0
9.450 14 FBW_STATUS 2 0 1 12.5 0.32117
9.450 14 GPS 3 36028477 481360102 3599 184986 1250 0 0 17894960 31 0
9.550 14 GPS_SOL 659 659 659 7
9.650 14 WP_MOVED 1 360284. 4813595. 260. 31
9.684 14 NAVIGATION 3 2 0. 5.5 194.155838 5.5 1 1 1 0 0 0
9.701 14 GPS 3 36028477 481360451 3599 184987 1246 -1 0 17895239 31 0
9.750 14 ESTIMATOR 185.033661 -0.01
9.851 14 ATTITUDE -0.051608 6.28208 0.068548
9.937 14 NAVIGATION 3 2 0. 9. 191.340378 9. 1 1 1 0 0 0
9.950 14 ENERGY 51 12.5 0.741786 9.272321 0.000554 0.006925
9.950 14 GPS 3 36028474 481360754 3595 185042 1264 20 0 17895480 31 0
9.950 14 SVINFO 2 9 0 2 49 0 113
10.050 14 DESIRED -0.282825 0.272457 0. -114.5 162.300003 235. 0. 13.
10.150 14 DL_VALUE 15 0.
10.151 14 WP_MOVED 2 360333.5 4813695. 260. 31
10.183 14 NAVIGATION 3 2 -0.03125 12. 188.926407 12.000041 1 1 1 0 0 0
10.200 14 GPS 3 36028467 481361065 3585 185185 1294 80 0 17895720 31 0
10.250 14 NAVIGATION 3 2 -0.0625 15. 188.926407 12.000041 1 1 1 0 0 0
10.251 14 ESTIMATOR 185.109924 0.8
10.350 14 AIRSPEED 0. 0. 0. 0.
10.350 14 ATTITUDE -0.183084 6.258657 0.147374
10.441 14 NAVIGATION 3 2 -0.0625 15. 186.529449 15.000131 2 2 2 0 0 0
10.450 14 CALIBRATION 0. 0
10.455 14 GPS 3 36028450 481361384 3570 185448 1333 119 0 17895960 31 0
10.549 14 IR_SENSORS 0 0 67 -73 247
10.634 14 FBW_STATUS 2 0 1 12.5 1.505746
10.650 14 WP_MOVED 3 360294.09375 4813785. 260. 31
10.683 14 NAVIGATION 3 2 -0.28125 18.5 183.641937 18.502138 2 2 2 0 0 0
10.700 14 GPS 3 36028415 481361769 3546 185941 1383 205 0 17896239 31 0
10.750 14 ESTIMATOR 185.719482 2.05
10.851 14 ATTITUDE -0.276244 6.189421 0.221985
10.933 14 NAVIGATION 3 2 -0.59375 22. 180.717255 22.008011 2 2 2 0 0 0
10.951 14 GPS 3 36028369 481362108 3521 186540 1424 257 0 17896480 31 0
11.050 14 ENERGY 88 12.5 1.627817 20.347708 0.002932 0.036647
11.100 14 DESIRED -0.321036 0.293974 0. -114.5 162.300003 235. 0. 13.
11.151 14 WP_MOVED 4 360416.3125 4813734. 260. 31
11.184 14 NAVIGATION 3 2 -1.0625 25.5 177.714111 25.522125 2 2 2 0 0 0
11.199 14 GPS 3 36028305 481362450 3494 187303 1452 340 0 17896720 31 0
11.200 14 SVINFO 0 7 0 0 48 69 14
11.251 14 NAVIGATION 3 2 -1.71875 29. 177.714111 25.522125 2 2 2 0 0 0
11.252 14 ESTIMATOR 187.043365 3.4
11.350 14 AIRSPEED 0. 0. 0. 0.
11.350 14 ATTITUDE -0.325823 6.09929 0.290264
11.433 14 NAVIGATION 3 2 -1.71875 29. 174.609558 29.050888 3 3 3 0 0 0
11.449 14 FBW_STATUS 2 0 1 12.5 1.627817
11.449 14 GPS 3 36028223 481362793 3466 188213 1467 391 0 17896960 31 0
11.533 14 COMMANDS 8524,109,-79,0
11.550 14 GPS_SOL 668 668 668 7
11.651 14 DL_VALUE 16 80.
11.651 14 WP_MOVED 5 360421. 4813583.5 260. 31
11.684 14 NAVIGATION 3 2 -2.5 32.5 171.441071 32.596012 3 3 3 0 0 0
11.700 14 GPS 3 36028106 481363188 3432 189427 1471 431 0 17897239 31 0
11.750 14 COMMANDS 8524,206,-277,0
11.750 14 IR_SENSORS 0 0 99 -95 230
11.751 14 ESTIMATOR 189.074753 4.31
11.850 14 STATE_FILTER_STATUS 2 3 424
11.851 14 ATTITUDE -0.330408 5.990915 0.324457
11.934 14 NAVIGATION 3 2 -3.71875 36.5 167.624954 36.68895 3 3 3 0 0 0
11.951 14 GPS 3 36027988 481363520 3403 190565 1468 475 0 17897480 31 0
12.050 14 PPRZ_MODE 2 1 2 0 0 6
12.151 14 DATALINK_REPORT 3 4 635 520 0 0
12.152 14 ALIVE 179,209,69,119,115,11,176,21,181,244,80,210,55,176,198,136
12.152 14 ENERGY 88 12.5 1.627817 20.347708 0.005916 0.073951
12.153 14 DESIRED -0.275512 0.295047 0. -114.5 162.300003 235. 0. 13.
12.153 14 WP_MOVED 6 360164.8125 4813664.5 260. 31
12.183 14 NAVIGATION 3 2 -4.875 39.5 164.613129 39.799694 3 3 3 0 0 0
12.201 14 GPS 3 36027854 481363844 3375 191765 1461 485 0 17897720 31 0
12.250 14 NAVIGATION 3 2 -6.1875 43. 164.613129 39.799694 3 3 3 0 0 0
12.250 14 ESTIMATOR 191.527786 4.85
12.351 14 AIRSPEED 0. 0. 0. 0.
12.352 14 ATTITUDE -0.302593 5.891037 0.337394
12.432 14 NAVIGATION 3 2 -6.1875 43. 161.133759 43.442894 4 4 4 0 0 0
12.449 14 GPS 3 36027706 481364159 3348 193001 1452 513 0 17897960 31 0
12.550 14 CALIBRATION 0. 0
12.633 14 FBW_STATUS 2 0 1 12.5 1.627817
12.650 14 WP_MOVED 7 360558.40625 4813804.5 260. 31
12.682 14 NAVIGATION 3 2 -7.71875 46. 157.885803 46.643105 4 4 4 0 0 0
12.700 14 GPS 3 36027516 481364516 3318 194463 1442 514 0 17898239 31 0
12.750 14 ESTIMATOR 194.185623 5.14
12.850 14 ATTITUDE -0.255068 5.792051 0.327384
12.933 14 NAVIGATION 3 2 -9.59375 49.5 154.042725 50.421127 4 4 4 0 0 0
12.950 14 IR_SENSORS 0 0 103 -74 235
12.950 14 GPS 3 36027342 481364813 3295 195716 1434 505 0 17898480 31 0
13.149 14 DL_VALUE 17 0.
13.149 14 WP_MOVED 8 360461.40625 4813640. 215. 31
13.183 14 NAVIGATION 3 2 -11.3125 52.5 150.677475 53.70496 4 4 4 0 0 0
13.200 14 DESIRED -0.141747 0.283953 0. -114.5 162.300003 235. 0. 13.
13.200 14 GPS 3 36027158 481365102 3274 196957 1427 512 0 17898720 31 0
13.200 14 SVINFO 1 8 0 1 49 23 65
13.249 14 ENERGY 88 12.5 1.627817 20.347708 0.0089 0.111255
13.249 14 NAVIGATION 3 2 -13.15625 55.5 150.677475 53.70496 4 4 4 0 0 0
13.249 14 ESTIMATOR 196.837433 5.12
13.351 14 AIRSPEED 0. 0. 0. 0.
13.351 14 ATTITUDE -0.190987 5.715726 0.309009
13.436 14 NAVIGATION 3 2 -13.15625 55.5 147.230423 57.038029 5 5 5 0 0 0
13.450 14 FBW_STATUS 2 0 1 12.5 1.627817
13.450 14 GPS 3 36026965 481365384 3256 198180 1423 512 0 17898960 31 0
13.550 14 NAVIGATION_REF 360284 4813595 31 185.
13.551 14 GPS_SOL 676 676 676 7
13.650 14 WP_MOVED 9 360312.8125 4813652. 185. 31
13.683 14 NAVIGATION 3 2 -15.125 58.5 143.7005 60.423634 5 5 5 0 0 0
13.699 14 GPS 3 36026731 481365706 3238 199577 1419 476 0 17899239 31 0
13.750 14 ESTIMATOR 199.45546 4.76
13.850 14 ATTITUDE -0.140913 5.652916 0.293952
13.933 14 NAVIGATION 3 2 -17.4375 61.5 139.934875 63.924301 5 5 5 0 0 0
13.950 14 GPS 3 36026525 481365976 3225 200749 1418 466 0 17899480 31 0
14.152 14 IR_SENSORS 0 0 95 -45 244
14.153 14 WP_MOVED 10 360452.8125 4813581. 260. 31
14.184 14 NAVIGATION 3 2 -19.5 64.5 136.344559 67.383232 5 5 5 0 0 0
14.200 14 GPS 3 36026312 481366243 3214 201899 1419 445 0 17899720 31 0
14.250 14 DESIRED -0.074093 0.273352 0. -114.5 162.300003 235. 0. 13.
14.251 14 NAVIGATION 3 2 -21.625 67. 136.344559 67.383232 5 5 5 0 0 0
14.251 14 ESTIMATOR 201.852921 4.45
14.351 14 ENERGY 88 12.5 1.627817 20.347708 0.011885 0.14856
14.351 14 AIRSPEED 0. 0. 0. 0.
14.351 14 ATTITUDE -0.106946 5.610621 0.279087
14.434 14 NAVIGATION 3 2 -21.625 67. 133.070862 70.403412 6 6 6 0 0 0
14.449 14 GPS 3 36026095 481366506 3204 203029 1420 437 0 17899960 31 0
14.634 14 FBW_STATUS 2 0 1 12.5 1.627817
14.652 14 CALIBRATION 0. 0
14.652 14 DL_VALUE 18 1.
14.653 14 WP_MOVED 11 360169.5 4813757.5 260. 31
14.685 14 NAVIGATION 3 2 -23.78125 69.5 129.775696 73.456093 6 6 6 0 0 0
14.700 14 GPS 3 36025837 481366809 3195 204327 1423 465 0 17900239 31 0
14.700 14 SVINFO 0 7 0 0 49 64 16
14.749 14 ESTIMATOR 204.139145 4.65
14.850 14 ATTITUDE -0.077931 5.57636 0.269284
14.952 14 NAVIGATION 3 2 -26.375 72.5 125.817551 77.148499 6 6 6 0 0 0
14.952 14 GPS 3 36025611 481367067 3187 205426 1426 459 0 17900480 31 0
15.150 14 WP_MOVED 12 360287.59375 4813581. 260. 31
15.184 14 NAVIGATION 3 2 -28.625 75. 122.457367 80.276962 6 6 6 0 0 0
15.202 14 GPS 3 36025383 481367322 3181 206517 1429 454 0 17900720 31 0
15.250 14 NAVIGATION 3 2 -30.90625 78. 122.457367 80.276962 6 6 6 0 0 0
15.250 14 ESTIMATOR 206.49028 4.54
15.301 14 DESIRED -0.036789 0.26738 0. -114.5 162.300003 235. 0. 13.
15.349 14 IR_SENSORS 0 0 91 -29 248
15.350 14 AIRSPEED 0. 0. 0. 0.
15.350 14 ATTITUDE -0.053575 5.553099 0.264415
15.435 14 NAVIGATION 3 2 -30.90625 78. 118.719864 83.899918 7 7 7 0 0 0
15.449 14 FBW_STATUS 2 0 1 12.5 1.627817
15.450 14 ENERGY 88 12.5 1.627817 20.347708 0.014869 0.185864
15.450 14 GPS 3 36025151 481367576 3176 207603 1432 463 0 17900960 31 0
15.551 14 GPS_SOL 683 683 683 7
15.650 14 WP_MOVED 13 360311.5 4813547. 260. 31
15.683 14 NAVIGATION 3 2 -33.21875 80.5 115.316444 87.084648 7 7 7 0 0 0
15.700 14 GPS 3 36024878 481367871 3171 208867 1435 469 0 17901239 31 0
15.750 14 ESTIMATOR 208.80011 4.69
15.850 14 ATTITUDE -0.037635 5.535749 0.260857
15.947 14 NAVIGATION 3 2 -35.9375 83. 111.626862 90.446136 7 7 7 0 0 0
15.949 14 GPS 3 36024642 481368123 3168 209951 1437 467 0 17901480 31 0
16.149 14 DL_VALUE 19 0.
16.150 14 WP_MOVED 14 360300.6875 4813575.5 260. 31
16.183 14 NAVIGATION 3 2 -38.34375 86. 107.802895 94.160728 7 7 7 0 0 0
16.200 14 GPS 3 36024404 481368374 3165 211037 1439 473 0 17901720 31 0
16.250 14 NAVIGATION 3 2 -40.71875 88.5 107.802895 94.160728 7 7 7 0 0 0
16.251 14 ESTIMATOR 211.116699 4.73
16.350 14 DESIRED -0.02041 0.264019 0. -114.5 162.300003 235. 0. 13.
16.350 14 AIRSPEED 0. 0. 0. 0.
16.350 14 ATTITUDE -0.021306 5.525527 0.259568
16.444 14 NAVIGATION 4 0 -40.71875 88.5 0. 97.417999 8 0 0 0 0 0
16.452 14 GPS 3 36024166 481368625 3163 212125 1441 484 0 17901960 31 0
16.533 14 COMMANDS 8524,-23,48,0
16.551 14 IR_SENSORS 0 0 90 -20 249
16.552 14 ENERGY 88 12.5 1.627817 20.347708 0.017854 0.223168
16.633 14 FBW_STATUS 2 0 1 12.5 1.627817
16.651 14 WP_MOVED 15 360297.6875 4813554.5 260. 31
16.683 14 NAVIGATION 4 0 -43.0625 91. 0. 100.674622 8 0 0 0 0 0
16.700 14 GPS 3 36023886 481368916 3162 213400 1442 472 0 17902239 31 0
16.751 14 COMMANDS 8524,4260,506,0
16.751 14 CALIBRATION 0. 1
16.751 14 ESTIMATOR 213.447739 4.72
16.850 14 STATE_FILTER_STATUS 2 3 354
16.850 14 ATTITUDE -0.001337 5.518979 0.259568
16.964 14 NAVIGATION 4 0 -45.875 94. 0. 104.596916 8 0 0 0 0 0
16.964 14 GPS 3 36023647 481369166 3161 214497 1443 460 0 17902480 31 0
17.050 14 PPRZ_MODE 2 3 2 2 0 6
17.150 14 ALIVE 179,209,69,119,115,11,176,21,181,244,80,210,55,176,198,136
17.151 14 WP_MOVED 16 361184. 4813643. 260. 31
17.183 14 NAVIGATION 4 0 -48.28125 96. 0. 107.457336 8 0 0 0 0 0
17.199 14 GPS 3 36023409 481369418 3166 215601 1443 463 0 17902720 31 0
17.251 14 DATALINK_REPORT 8 4 755 528 0 0
17.252 14 NAVIGATION 4 0 -50.65625 98.5 0. 107.457336 8 0 0 0 0 0
17.252 14 ESTIMATOR 215.707245 4.63
17.351 14 AIRSPEED 0. 0. 0. 0.
17.352 14 ATTITUDE 0.143303 5.526442 0.271504
17.400 14 DESIRED 0.567589 0.315799 0. -9.388733 154.249023 260. 1.362178 13.
17.438 14 NAVIGATION 4 0 -50.65625 98.5 0. 110.762383 9 1 1 0 0 0
17.457 14 FBW_STATUS 2 0 1 12.5 1.627817
17.457 14 GPS 3 36023175 481369674 3176 216714 1443 463 0 17902960 31 0
17.500 14 CIRCLE 49.5 100.099998 80.
17.551 14 GPS_SOL 689 689 689 7
17.650 14 DL_VALUE 20 0.
17.651 14 ENERGY 88 12.5 1.627817 20.347708 0.020838 0.260472
17.651 14 WP_MOVED 17 361184. 4813643. 260. 31
17.683 14 NAVIGATION 4 0 -53. 101. 0. 114.061386 9 1 1 0 0 0
17.700 14 GPS 3 36022913 481369981 3195 218028 1442 459 0 17903239 31 0
17.750 14 IR_SENSORS 0 0 96 46 243
17.750 14 ESTIMATOR 217.994873 4.59
17.851 14 ATTITUDE 0.270536 5.577766 0.293952
17.953 14 NAVIGATION 4 0 -55.625 104.5 0. 118.382393 9 1 1 0 0 0
17.953 14 GPS 3 36022699 481370253 3218 219167 1440 477 0 17903480 31 0
18.149 14 WP_MOVED 18 360289. 4813605. 220. 31
18.183 14 NAVIGATION 4 0 -57.75 107. 0. 121.589729 9 1 1 0 0 0
18.201 14 GPS 3 36022500 481370535 3247 220318 1439 499 0 17903720 31 0
18.250 14 NAVIGATION 4 0 -59.75 110. 0. 121.589729 9 1 1 0 0 0
18.250 14 ESTIMATOR 220.33519 4.99
18.350 14 AIRSPEED 0. 0. 0. 0.
18.350 14 ATTITUDE 0.410218 5.667893 0.323334
18.456 14 NAVIGATION 4 0 -59.75 110. 0. 125.180122 10 2 2 0 0 0
18.458 14 DESIRED 0.572915 0.344853 0. -1.732494 161.542908 260. 1.189944 13.
18.459 14 GPS 3 36022318 481370828 3282 221477 1436 502 0 17903960 31 0
18.550 14 CIRCLE 49.5 100.099998 80.
18.633 14 FBW_STATUS 2 0 1 12.5 1.627817
18.651 14 WP_MOVED 19 360289. 4813610. 500. 31
18.683 14 NAVIGATION 4 0 -61.5625 112.5 0. 128.242706 10 2 2 0 0 0
18.699 14 GPS 3 36022135 481371185 3331 222835 1434 494 0 17904239 31 0
18.700 14 WIND_INFO 14 5 -1.6 3.5 0. 10.7
18.750 14 ENERGY 88 12.5 1.627817 20.347708 0.023822 0.297775
18.750 14 ESTIMATOR 222.816757 4.94
18.850 14 CALIBRATION 0. 1
18.850 14 ATTITUDE 0.513845 5.814575 0.352792
18.946 14 NAVIGATION 4 0 -63.375 116.5 0. 132.622177 10 2 2 0 0 0
18.949 14 IR_SENSORS 0 0 106 114 220
18.949 14 GPS 3 36022006 481371504 3379 223998 1432 491 0 17904480 31 0
19.149 14 DL_VALUE 21 0.
19.150 14 WP_MOVED 20 360289. 4813620. 300. 31
19.183 14 NAVIGATION 4 0 -64.65625 119.5 0. 135.870087 10 2 2 0 0 0
19.201 14 GPS 3 36021907 481371833 3432 225158 1430 490 0 17904720 31 0
19.346 14 NAVIGATION 4 0 -65.65625 123. 0. 135.870087 10 2 2 0 0 0
19.346 14 ESTIMATOR 225.237762 4.9
19.349 14 AIRSPEED 10.7 0. 0. 0.
19.349 14 ATTITUDE 0.573461 6.041698 0.372671
19.443 14 NAVIGATION 4 0 -65.65625 123. 0. 139.426483 11 3 3 0 0 0
19.456 14 FBW_STATUS 2 0 1 12.5 1.627817
19.456 14 GPS 3 36021841 481372170 3488 226315 1429 493 0 17904960 31 0
19.500 14 DESIRED 0.554348 0.360675 0. 5.051056 166.615341 260. 1.042867 13.
19.550 14 GPS_SOL 693 693 693 7
19.600 14 CIRCLE 49.5 100.099998 80.
19.650 14 WP_MOVED 21 360289. 4813625. 400. 31
19.683 14 NAVIGATION 4 0 -66.34375 126. 0. 142.399063 11 3 3 0 0 0
19.699 14 GPS 3 36021806 481372568 3555 227663 1428 497 0 17905239 31 0
19.749 14 AUTOPILOT_VERSION 51500 v5.15_devel-179-g9a29798-dirty
19.749 14 ESTIMATOR 227.658691 4.97
19.850 14 ENERGY 88 12.5 1.627817 20.347708 0.026807 0.335079
19.850 14 ATTITUDE 0.573461 0.044693 0.376381
19.933 14 NAVIGATION 4 0 -66.65625 130.5 0. 146.53772 11 3 3 0 0 0
19.950 14 GPS 3 36021813 481372910 11 228820 1427 501 0 17905480 31 0
20.150 14 IR_SENSORS 0 0 107 117 218
20.150 14 WP_MOVED 22 360289. 4813645. 250. 31
20.183 14 NAVIGATION 4 0 -66.625 133.5 0. 149.201675 11 3 3 0 0 0
20.200 14 GPS 3 36021853 481373251 66 229978 1427 492 0 17905720 31 0
20.250 14 NAVIGATION 4 0 -66.21875 137. 0. 149.201675 11 3 3 0 0 0
20.250 14 ESTIMATOR 230.092987 4.92
20.350 14 AIRSPEED 10.7 0. 0. 0.
20.350 14 ATTITUDE 0.542782 0.295855 0.367207
20.434 14 NAVIGATION 4 0 -66.21875 137. 0. 152.164124 12 4 4 0 0 0
20.449 14 GPS 3 36021924 481373586 120 231139 1426 472 0 17905960 31 0
20.550 14 DESIRED 0.504837 0.355596 0. 12.791 171.180573 260. 0.89721 13.
20.633 14 FBW_STATUS 2 0 1 12.5 1.627817
20.650 14 DL_VALUE 22 0.
20.650 14 CIRCLE 49.5 100.099998 80.
20.651 14 WP_MOVED 0 360326. 4813637. 260. 31
20.683 14 NAVIGATION 4 0 -65.5 140.5 0. 155.017746 12 4 4 0 0 0
20.699 14 GPS 3 36022045 481373966 180 232494 1425 476 0 17906239 31 0
20.750 14 ESTIMATOR 232.465485 4.76
20.851 14 ATTITUDE 0.519246 0.53988 0.358201
20.932 14 NAVIGATION 4 0 -64.3125 144. 0. 157.708908 12 4 4 0 0 0
20.949 14 CALIBRATION 0. 1
20.949 14 ENERGY 88 12.5 1.627817 20.347708 0.029791 0.372382
20.950 14 GPS 3 36022179 481374280 231 233656 1425 491 0 17906480 31 0
21.149 14 WP_MOVED 1 360284. 4813595. 260. 31
21.183 14 NAVIGATION 4 0 -62.9375 147. 0. 159.906631 12 4 4 0 0 0
21.199 14 GPS 3 36022340 481374582 279 234818 1424 512 0 17906720 31 0
21.250 14 NAVIGATION 4 0 -61.34375 150.5 0. 159.906631 12 4 4 0 0 0
21.250 14 ESTIMATOR 234.866333 5.12
21.350 14 IR_SENSORS 0 0 105 98 226
21.350 14 AIRSPEED 10.7 0. 0. 0.
21.350 14 ATTITUDE 0.471988 0.73969 0.347664
21.433 14 NAVIGATION 4 0 -61.34375 150.5 0. 162.521698 13 5 5 0 0 0
21.449 14 FBW_STATUS 2 0 1 12.5 1.627817
21.449 14 GPS 3 36022524 481374870 325 235983 1424 515 0 17906960 31 0
21.533 14 COMMANDS 8524,-251,22,0
21.550 14 GPS_SOL 697 697 697 7
21.599 14 DESIRED 0.425702 0.347279 0. 21.419367 175.009796 260. 0.75401 13.
21.649 14 WP_MOVED 2 360333.5 4813695. 260. 31
21.683 14 NAVIGATION 4 0 -59.5 153.5 0. 164.628372 13 5 5 0 0 0
21.699 14 CIRCLE 49.5 100.099998 80.
21.699 14 GPS 3 36022765 481375187 376 237345 1423 507 0 17907239 31 0
21.750 14 COMMANDS 8524,-313,26,0
21.750 14 ESTIMATOR 237.379745 5.07
21.850 14 STATE_FILTER_STATUS 2 3 424
21.850 14 ATTITUDE 0.437301 0.925023 0.342646
21.933 14 NAVIGATION 4 0 -57.125 156.5 0. 166.599869 13 5 5 0 0 0
21.950 14 GPS 3 36022993 481375441 418 238516 1422 512 0 17907480 31 0
22.050 14 PPRZ_MODE 2 3 2 2 0 6
22.050 14 ENERGY 88 12.5 1.627817 20.347708 0.032775 0.409685
22.150 14 ALIVE 179,209,69,119,115,11,176,21,181,244,80,210,55,176,198,136
22.150 14 DL_VALUE 23 0.
22.150 14 WP_MOVED 3 360294.09375 4813785. 260. 31
22.183 14 NAVIGATION 4 0 -54.84375 159. 0. 168.192856 13 5 5 0 0 0
22.199 14 GPS 3 36023239 481375679 459 239690 1422 512 0 17907720 31 0
22.250 14 NAVIGATION 4 0 -52.34375 161.5 0. 168.192856 13 5 5 0 0 0
22.250 14 ESTIMATOR 239.841171 5.12
22.350 14 DATALINK_REPORT 3 5 877 535 0 0
22.350 14 AIRSPEED 10.7 0. 0. 0.
22.350 14 ATTITUDE 0.402575 1.074808 0.337736
22.433 14 NAVIGATION 4 0 -52.34375 161.5 0. 169.770782 14 6 6 0 0 0
22.449 14 GPS 3 36023499 481375899 497 240868 1421 510 0 17907960 31 0
22.550 14 NAVIGATION_REF 360284 4813595 31 185.
22.550 14 IR_SENSORS 0 0 105 78 233
22.633 14 FBW_STATUS 2 0 1 12.5 1.627817
22.650 14 DESIRED 0.332008 0.339389 0. 30.261589 177.752319 260. 0.604765 13.
22.650 14 WP_MOVED 4 360416.3125 4813734. 260. 31
22.683 14 NAVIGATION 4 0 -49.75 163.5 0. 170.901474 14 6 6 0 0 0
22.700 14 GPS 3 36023820 481376134 540 242248 1420 512 0 17908239 31 0
22.750 14 CIRCLE 49.5 100.099998 80.
22.750 14 ESTIMATOR 242.309692 5.12
22.850 14 ATTITUDE 0.360134 1.217042 0.33293
22.933 14 NAVIGATION 4 0 -46.5625 166. 0. 172.406693 14 6 6 0 0 0
22.950 14 GPS 3 36024106 481376317 574 243435 1415 502 0 17908480 31 0
23.050 14 CALIBRATION 15.50549 2
23.150 14 ENERGY 75 12.5 1.287732 16.096651 0.035623 0.445286
23.151 14 WP_MOVED 5 360421. 4813583.5 260. 31
23.183 14 NAVIGATION 4 0 -43.71875 167.5 0. 173.111465 14 6 6 0 0 0
23.200 14 GPS 3 36024400 481376482 606 244619 1402 505 0 17908720 31 0
23.200 14 SVINFO 6 13 0 6 48 61 321
23.250 14 NAVIGATION 4 0 -40.75 169.5 0. 173.111465 14 6 6 0 0 0
23.250 14 ESTIMATOR 244.757095 5.05
23.350 14 AIRSPEED 10.7 0. 0. 0.
23.350 14 ATTITUDE 0.309787 1.331902 0.32117
23.433 14 NAVIGATION 4 0 -40.75 169.5 0. 174.329605 15 7 7 0 0 0
23.450 14 FBW_STATUS 2 0 1 12.5 1.099867
23.450 14 GPS 3 36024697 481376629 637 245780 1380 492 0 17908960 31 0
23.550 14 GPS_SOL 699 699 699 7
23.650 14 DL_VALUE 24 0.
23.650 14 WP_MOVED 6 360164.8125 4813664.5 260. 31
23.683 14 NAVIGATION 4 0 -37.78125 171. 0. 175.124023 15 7 7 0 0 0
23.700 14 DESIRED 0.201649 0.162491 0. 41.259281 179.674438 260. 0.42126 13.
23.700 14 GPS 3 36025044 481376778 670 247076 1345 452 0 17909239 31 0
23.750 14 IR_SENSORS 0 0 98 51 242
23.750 14 ESTIMATOR 247.15918 4.52
23.800 14 CIRCLE 49.5 100.099998 80.
23.850 14 ATTITUDE 0.257852 1.446028 0.29253
23.932 14 NAVIGATION 4 0 -34.3125 172. 0. 175.38913 15 7 7 0 0 0
23.951 14 GPS 3 36025338 481376887 696 248105 1307 410 0 17909480 31 0
24.149 14 WP_MOVED 7 360558.40625 4813804.5 260. 31
24.183 14 NAVIGATION 4 0 -31.375 173.5 0. 176.314041 15 7 7 0 0 0
24.199 14 GPS 3 36025626 481376980 720 249032 1263 384 0 17909720 31 0
24.250 14 ENERGY 33 12.5 0.496959 6.211993 0.037261 0.465756
24.250 14 NAVIGATION 4 0 -28.5 174.5 0. 176.314041 15 7 7 0 0 0
24.250 14 ESTIMATOR 249.206451 3.84
24.350 14 AIRSPEED 10.7 0. 0. 0.
24.350 14 ATTITUDE 0.182736 1.542507 0.245288
24.433 14 NAVIGATION 4 0 -28.5 174.5 0. 176.812042 16 8 8 0 0 0
24.451 14 GPS 3 36025907 481377059 742 249835 1214 342 0 17909960 31 0
24.634 14 FBW_STATUS 2 0 1 12.5 0.280508
24.651 14 WP_MOVED 8 360461.40625 4813640. 215. 31
24.683 14 NAVIGATION 4 0 -25.65625 175. 0. 176.870697 16 8 8 0 0 0
24.699 14 GPS 3 36026223 481377136 764 250592 1156 266 0 17910239 31 0
24.700 14 SVINFO 5 12 1 5 48 88 271
24.750 14 DESIRED 0.094894 0.029608 0. 49.363384 180.099884 260. 0.297562 13.
24.750 14 ESTIMATOR 250.847763 2.66
24.850 14 CIRCLE 49.5 100.099998 80.
24.850 14 ATTITUDE 0.13358 1.631843 0.192592
24.932 14 NAVIGATION 4 0 -22.5 176. 0. 177.432388 16 8 8 0 0 0
24.949 14 IR_SENSORS 0 0 70 16 256
24.949 14 GPS 3 36026483 481377191 780 251075 1110 206 0 17910480 31 0
25.149 14 CALIBRATION 150. 0
25.149 14 DL_VALUE 25 0.
25.149 14 WP_MOVED 9 360312.8125 4813652. 185. 31
25.183 14 NAVIGATION 4 0 -19.90625 176.5 0. 177.619003 16 8 8 0 0 0
25.199 14 GPS 3 36026737 481377238 795 251408 1075 131 0 17910720 31 0
25.250 14 NAVIGATION 4 0 -17.375 177. 0. 177.619003 16 8 8 0 0 0
25.250 14 ESTIMATOR 251.784897 1.31
25.350 14 ENERGY 17 12.5 0.209253 2.615666 0.037761 0.472001
25.350 14 AIRSPEED 10.7 0. 0. 0.
25.350 14 ATTITUDE 0.085994 1.697837 0.133037
25.433 14 NAVIGATION 4 0 -17.375 177. 0. 177.850754 17 9 9 0 0 0
25.452 14 FBW_STATUS 2 0 1 12.5 0.209253
25.452 14 GPS 3 36026988 481377279 808 251605 1057 83 0 17910960 31 0
25.550 14 GPS_SOL 699 699 699 7
25.650 14 WP_MOVED 10 360452.8125 4813581. 260. 31
25.684 14 NAVIGATION 4 0 -14.875 177.5 0. 178.122192 17 9 9 0 0 0
25.700 14 GPS 3 36027280 481377320 820 251692 1053 25 0 17911239 31 0
25.750 14 ESTIMATOR 252.061646 0.25
25.800 14 DESIRED 0.044699 0.018572 0. 56.818859 179.764511 260. 0.24054 13.
25.850 14 ATTITUDE 0.062832 1.738521 0.087187
25.900 14 CIRCLE 49.5 100.099998 80.
25.933 14 NAVIGATION 4 0 -11.9375 177.5 0. 177.90097 17 9 9 0 0 0
25.952 14 GPS 3 36027533 481377352 828 251673 1061 -8 0 17911480 31 0
26.150 14 IR_SENSORS 0 0 40 -3 262
26.150 14 WP_MOVED 11 360169.5 4813757.5 260. 31
26.183 14 NAVIGATION 4 0 -9.4375 178. 0. 178.250015 17 9 9 0 0 0
26.200 14 GPS 3 36027789 481377381 835 251591 1074 -42 0 17911719 31 0
26.250 14 NAVIGATION 4 0 -6.875 178.5 0. 178.250015 17 9 9 0 0 0
26.250 14 ESTIMATOR 251.886139 -0.42
26.350 14 AIRSPEED 10.7 0. 0. 0.
26.350 14 ATTITUDE 0.043823 1.755348 0.04877
26.433 14 NAVIGATION 4 0 -6.875 178.5 0. 178.632355 18 10 10 0 0 0
26.456 14 ENERGY 20 12.5 0.245465 3.068317 0.038169 0.477105
26.457 14 GPS 3 36028050 481377408 841 251466 1092 -72 0 17911960 31 0
26.533 14 COMMANDS 2008,-18,-254,0
26.634 14 FBW_STATUS 2 0 1 12.5 0.264839
26.651 14 DL_VALUE 26 160.
26.651 14 WP_MOVED 12 360287.59375 4813581. 260. 31
26.682 14 NAVIGATION 4 0 -4.28125 178.5 0. 178.551331 18 10 10 0 0 0
26.699 14 GPS 3 36028361 481377437 846 251286 1115 -60 0 17912239 31 0
26.750 14 COMMANDS 2109,2,-160,0
26.751 14 ESTIMATOR 251.459991 -0.6
26.850 14 STATE_FILTER_STATUS 2 3 301
26.851 14 DESIRED 0.036645 0.016233 0. 64.148094 178.747528 260. 0.248995 13.
26.851 14 ATTITUDE 0.036323 1.762543 0.025885
26.933 14 NAVIGATION 4 0 -1.15625 179. 0. 179.003738 18 10 10 0 0 0
26.955 14 CIRCLE 49.5 100.099998 80.
26.955 14 GPS 3 36028633 481377460 850 251116 1137 -62 0 17912480 31 0
27.050 14 PPRZ_MODE 2 3 2 2 0 6
27.150 14 ALIVE 179,209,69,119,115,11,176,21,181,244,80,210,55,176,198,136
27.150 14 WP_MOVED 13 360311.5 4813547. 260. 31
27.183 14 NAVIGATION 4 0 1.5625 179. 0. 179.006821 18 10 10 0 0 0
27.199 14 GPS 3 36028910 481377482 854 250941 1158 -79 0 17912719 31 0
27.250 14 CALIBRATION 89.741417 0
27.250 14 NAVIGATION 4 0 4.375 179. 0. 179.006821 18 10 10 0 0 0
27.251 14 ESTIMATOR 251.062973 -0.79
27.350 14 IR_SENSORS 0 0 24 -8 264
27.350 14 AIRSPEED 10.7 0. 0. 0.
27.350 14 ATTITUDE 0.032538 1.764886 0.003393
27.434 14 NAVIGATION 4 0 4.375 179. 0. 179.053452 19 11 11 0 0 0
27.457 14 DATALINK_REPORT 9 5 1001 535 0 0
27.457 14 FBW_STATUS 2 0 1 12.5 0.332163
27.457 14 GPS 3 36029192 481377503 858 250769 1178 -89 0 17912960 31 0
27.550 14 GPS_SOL 699 699 699 7
27.550 14 ENERGY 26 12.5 0.343065 4.28831 0.038706 0.483823
27.650 14 WP_MOVED 14 360300.6875 4813575.5 260. 31
27.683 14 NAVIGATION 4 0 7.15625 179.5 0. 179.642593 19 11 11 0 0 0
27.699 14 GPS 3 36029527 481377525 862 250578 1201 -81 0 17913239 31 0
27.750 14 ESTIMATOR 250.607864 -0.81
27.850 14 ATTITUDE 0.036323 1.767343 -0.004125
27.900 14 DESIRED 0.050592 0.017523 0. 72.795135 176.63324 260. 0.274779 13.
27.933 14 NAVIGATION 4 0 10.53125 180. 0. 180.307816 19 11 11 0 0 0
27.957 14 GPS 3 36029819 481377543 865 250429 1219 -72 0 17913480 31 0
27.958 14 SVINFO 4 11 1 4 48 81 223
27.999 14 CIRCLE 49.5 100.099998 80.
28.150 14 DL_VALUE 27 0.
28.150 14 WP_MOVED 15 360297.6875 4813554.5 260. 31
28.183 14 NAVIGATION 4 0 13.4375 180. 0. 180.50087 19 11 11 0 0 0
28.199 14 GPS 3 36030115 481377558 869 250296 1236 -52 0 17913719 31 0
28.250 14 NAVIGATION 4 0 16.40625 180. 0. 180.50087 19 11 11 0 0 0
28.250 14 ESTIMATOR 250.248032 -0.52
28.350 14 AIRSPEED 10.7 0. 0. 0.
28.350 14 ATTITUDE 0.047739 1.772484 -0.004438
28.433 14 NAVIGATION 4 0 16.40625 180. 0. 180.746124 20 12 12 0 0 0
28.449 14 GPS 3 36030415 481377572 874 250182 1251 -48 0 17913960 31 0
28.449 14 SVINFO 6 13 1 6 47 52 324
28.550 14 IR_SENSORS 0 0 22 -2 265
28.633 14 FBW_STATUS 2 0 1 12.5 0.435402
28.650 14 ENERGY 32 12.5 0.435402 5.44252 0.039428 0.492841
28.650 14 WP_MOVED 16 361184. 4813643. 260. 31
28.683 14 NAVIGATION 4 0 19.40625 180. 0. 181.043091 20 12 12 0 0 0
28.700 14 GPS 3 36030770 481377584 881 250077 1267 -26 0 17914239 31 0
28.701 14 WIND_INFO 14 5 0.1 2.9 0. 11.8
28.750 14 ESTIMATOR 250.030548 -0.26
28.851 14 ATTITUDE 0.059044 1.784317 -0.000365
28.933 14 NAVIGATION 4 0 22.9375 180.5 0. 181.951584 20 12 12 0 0 0
28.950 14 DESIRED 0.086708 0.021499 0. 85.467377 171.558716 260. 0.299084 13.
28.950 14 GPS 3 36031076 481377590 887 250011 1277 -27 0 17914480 31 0
29.051 14 CIRCLE 49.5 100.099998 80.
29.149 14 WP_MOVED 17 361184. 4813643. 260. 31
29.183 14 NAVIGATION 4 0 26. 180.5 0. 182.362961 20 12 12 0 0 0
29.199 14 GPS 3 36031385 481377594 893 249967 1286 -27 0 17914719 31 0
29.250 14 NAVIGATION 4 0 29.09375 180.5 0. 182.362961 20 12 12 0 0 0
29.251 14 ESTIMATOR 249.924438 -0.27
29.350 14 CALIBRATION -16.292494 2
29.351 14 AIRSPEED 11.8 0. 0. 0.
29.351 14 ATTITUDE 0.077982 1.784018 0.007149
29.434 14 NAVIGATION 4 0 29.09375 180.5 0. 182.829697 21 13 13 0 0 0
29.450 14 FBW_STATUS 2 0 1 12.5 0.479263
29.450 14 GPS 3 36031696 481377593 901 249945 1294 -20 0 17914960 31 0
29.550 14 GPS_SOL 697 697 697 7
29.651 14 DL_VALUE 28 0.32
29.651 14 WP_MOVED 18 360289. 4813605. 220. 31
29.684 14 NAVIGATION 4 0 32.21875 180.5 0. 183.352936 21 13 13 0 0 0
29.700 14 GPS 3 36032060 481377586 912 249945 1302 -1 0 17915239 31 0
29.751 14 IR_SENSORS 0 0 26 7 264
29.751 14 ENERGY 35 12.5 0.497857 6.223214 0.040281 0.503511
29.751 14 ESTIMATOR 249.859222 -0.01
29.849 14 ATTITUDE 0.093126 1.812723 0.010902
29.932 14 NAVIGATION 4 0 35.84375 180.5 0. 184.024521 21 13 13 0 0 0
29.950 14 GPS 3 36032373 481377574 921 249967 1306 7 0 17915480 31 0
29.951 14 SVINFO 5 12 1 5 47 85 274
30.000 14 DESIRED 0.118518 0.029709 0. 95.797066 165.342484 260. 0.304223 13.
30.099 14 CIRCLE 49.5 100.099998 80.
30.150 14 WP_MOVED 19 360289. 4813610. 500. 31
30.183 14 NAVIGATION 4 0 38.96875 180. 0. 184.169922 21 13 13 0 0 0
30.199 14 GPS 3 36032687 481377556 932 250008 1310 27 0 17915719 31 0
30.250 14 NAVIGATION 4 0 42.125 180. 0. 184.169922 21 13 13 0 0 0
30.251 14 ESTIMATOR 249.929657 0.27
30.351 14 AIRSPEED 11.8 0. 0. 0.
30.351 14 ATTITUDE 0.112035 1.843751 0.022143
30.433 14 NAVIGATION 4 0 42.125 180. 0. 184.86351 22 14 14 0 0 0
30.450 14 GPS 3 36033001 481377532 943 250067 1312 21 0 17915960 31 0
30.548 14 BLOCK 15 14
30.548 14 NAVIGATION 15 0 45.25 180. 0. 184.86351 22 0 0 0 0 0
30.633 14 FBW_STATUS 2 0 1 12.5 0.50343
30.650 14 WP_MOVED 20 360289. 4813620. 300. 31
30.683 14 NAVIGATION 15 1 45.25 180. 358733.1875 185.60054 22 0 0 0 0 0
30.700 14 GPS 3 36033367 481377496 958 250153 1313 46 0 17916239 31 0
30.750 14 ESTIMATOR 250.089554 0.46
30.850 14 AUTOPILOT_VERSION 51500 v5.15_devel-179-g9a29798-dirty
30.850 14 ENERGY 26 12.5 0.391973 4.89966 0.041192 0.514892
30.851 14 ATTITUDE 0.138731 1.887356 0.026311
30.933 14 NAVIGATION 15 1 48.9375 179.5 358736.875 186.051422 22 0 0 0 0 0
30.950 14 IR_SENSORS 0 0 28 28 262
30.950 14 GPS 3 36033679 481377457 971 250235 1308 55 0 17916480 31 0
31.050 14 DESIRED 0.495604 -0.230404 0. -358684. -1500. 200. -1.502687 13.
31.151 14 DL_VALUE 29 0.
31.151 14 WP_MOVED 21 360289. 4813625. 400. 31
31.183 14 NAVIGATION 15 1 52.0625 179. 358740. 186.417557 22 0 0 0 0 0
31.200 14 GPS 3 36033984 481377409 990 250297 1286 31 0 17916719 31 0
31.200 14 SVINFO 3 10 1 3 48 48 175
31.250 14 NAVIGATION 15 1 55.09375 178.5 358740. 186.417557 22 0 0 0 0 0
31.250 14 ESTIMATOR 250.336288 0.31
31.351 14 AIRSPEED 11.8 0. 0. 0.
31.351 14 ATTITUDE 0.268381 1.94318 -0.014039
31.432 14 NAVIGATION 15 1 55.09375 178.5 358743.03125 186.808914 23 1 1 0 0 0
31.449 14 CALIBRATION -36.026386 1
31.450 14 FBW_STATUS 2 0 1 12.5 0.091552
31.450 14 GPS 3 36034278 481377348 1016 250295 1250 -1 0 17916960 31 0
31.533 14 COMMANDS 852,1259,-2217,0
31.550 14 NAVIGATION_REF 360284 4813595 31 185.
31.551 14 GPS_SOL 694 694 694 7
31.650 14 WP_MOVED 22 360289. 4813645. 250. 31
31.682 14 NAVIGATION 15 1 58.0625 178. 358746. 187.230484 23 1 1 0 0 0
31.699 14 GPS 3 36034606 481377258 1059 250167 1214 -53 0 17917239 31 0
31.750 14 COMMANDS 852,737,-1884,0
31.750 14 ESTIMATOR 250.325836 -0.53
31.850 14 STATE_FILTER_STATUS 2 3 341
31.851 14 ATTITUDE 0.38815 2.065629 -0.071395
31.934 14 NAVIGATION 15 1 61.34375 177. 358749.25 187.328735 23 1 1 0 0 0
31.950 14 ENERGY 8 12.5 0.091552 1.144399 0.041454 0.518167
31.950 14 GPS 3 36034877 481377159 1099 249932 1199 -122 0 17917480 31 0
31.950 14 SVINFO 6 13 1 6 46 46 326
32.052 14 PPRZ_MODE 2 3 2 0 0 6
32.100 14 DESIRED 0.432911 -0.20411 0. -358684. -1500. 200. -1.509775 13.
32.149 14 ALIVE 179,209,69,119,115,11,176,21,181,244,80,210,55,176,198,136
32.150 14 IR_SENSORS 0 0 -6 99 246
32.150 14 WP_MOVED 0 360326. 4813637. 260. 31
32.183 14 NAVIGATION 15 1 64. 176. 358751.90625 187.275192 23 1 1 0 0 0
32.200 14 GPS 3 36035136 481377038 1150 249578 1193 -167 0 17917719 31 0
32.250 14 NAVIGATION 15 1 66.625 174.5 358751.90625 187.275192 23 1 1 0 0 0
32.250 14 ESTIMATOR 249.758698 -1.67
32.350 14 AIRSPEED 11.8 0. 0. 0.
32.350 14 ATTITUDE 0.465743 2.209099 -0.136407
32.434 14 NAVIGATION 15 1 66.625 174.5 358754.53125 186.786346 24 2 2 0 0 0
32.451 14 GPS 3 36035384 481376892 1205 249112 1197 -230 0 17917960 31 0
32.549 14 DATALINK_REPORT 2 7 1126 546 0 0
32.633 14 FBW_STATUS 2 0 1 12.5 0.091552
32.649 14 DL_VALUE 30 0.01
32.649 14 WP_MOVED 1 360284. 4813595. 260. 31
32.683 14 NAVIGATION 15 1 69.09375 173.5 358757. 186.751694 24 2 2 0 0 0
32.700 14 GPS 3 36035655 481376690 1276 248447 1212 -279 0 17918239 31 0
32.700 14 SVINFO 2 9 0 2 48 10 126
32.750 14 ESTIMATOR 248.640442 -2.79
32.850 14 ATTITUDE 0.467227 2.39747 -0.185713
32.933 14 NAVIGATION 15 1 71.8125 171.5 358759.71875 185.928177 24 2 2 0 0 0
32.950 14 GPS 3 36035871 481376489 1328 247791 1227 -312 0 17918480 31 0
33.051 14 ENERGY 8 12.5 0.091552 1.144399 0.041622 0.520264
33.151 14 DESIRED 0.431316 -0.202939 0. -358684. -1500. 200. -1.459213 13.
33.151 14 WP_MOVED 2 360333.5 4813695. 260. 31
33.183 14 NAVIGATION 15 1 73.96875 169.5 358761.84375 184.936813 24 2 2 0 0 0
33.200 14 GPS 3 36036071 481376266 1382 247074 1246 -350 0 17918719 31 0
33.200 14 SVINFO 4 11 1 4 47 86 226
33.251 14 NAVIGATION 15 1 75.96875 167. 358761.84375 184.936813 24 2 2 0 0 0
33.251 14 ESTIMATOR 247.111115 -3.5
33.350 14 IR_SENSORS 0 0 -32 99 244
33.350 14 AIRSPEED 11.8 0. 0. 0.
33.350 14 ATTITUDE 0.448275 2.549126 -0.21767
33.434 14 NAVIGATION 15 1 75.96875 167. 358763.84375 183.4673 25 3 3 0 0 0
33.450 14 FBW_STATUS 2 0 1 12.5 0.091552
33.450 14 GPS 3 36036252 481376023 1433 246313 1265 -374 0 17918960 31 0
33.450 14 SVINFO 5 12 0 5 46 82 276
33.550 14 CALIBRATION -36.026386 1
33.550 14 GPS_SOL 690 690 690 7
33.650 14 WP_MOVED 3 360294.09375 4813785. 260. 31
33.683 14 NAVIGATION 15 1 77.78125 165. 358765.65625 182.414154 25 3 3 0 0 0
33.699 14 GPS 3 36036439 481375714 1496 245386 1290 -373 0 17919239 31 0
33.750 14 ESTIMATOR 245.337646 -3.73
33.849 14 ATTITUDE 0.444751 2.712066 -0.233751
33.933 14 NAVIGATION 15 1 79.65625 161.5 358767.5 180.076004 25 3 3 0 0 0
33.949 14 GPS 3 36036575 481375432 1541 244569 1306 -390 0 17919480 31 0
34.150 14 DL_VALUE 31 0.1
34.150 14 ENERGY 8 12.5 0.091552 1.144399 0.04179 0.522361
34.150 14 WP_MOVED 4 360416.3125 4813734. 260. 31
34.183 14 NAVIGATION 15 1 81. 158.5 358768.84375 177.997894 25 3 3 0 0 0
34.199 14 DESIRED 0.490635 -0.202788 0. -358684. -1500. 200. -1.333418 13.
34.199 14 GPS 3 36036689 481375136 1590 243741 1322 -384 0 17919719 31 0
34.250 14 NAVIGATION 15 1 82.125 156. 358768.84375 177.997894 25 3 3 0 0 0
34.250 14 ESTIMATOR 243.541367 -3.84
34.350 14 AIRSPEED 11.8 0. 0. 0.
34.350 14 ATTITUDE 0.46025 2.84633 -0.238369
34.433 14 NAVIGATION 15 1 82.125 156. 358769.9375 176.296677 26 4 4 0 0 0
34.449 14 GPS 3 36036778 481374828 1639 242911 1336 -384 0 17919960 31 0
34.550 14 IR_SENSORS 0 0 -37 105 241
34.633 14 FBW_STATUS 2 0 1 12.5 0.091552
34.650 14 WP_MOVED 5 360421. 4813583.5 260. 31
34.683 14 NAVIGATION 15 1 83. 152.5 358770.8125 173.623871 26 4 4 0 0 0
34.700 14 GPS 3 36036847 481374456 1702 241946 1351 -374 0 17920239 31 0
34.700 14 SVINFO 3 10 1 3 47 54 177
34.749 14 ESTIMATOR 241.767776 -3.74
34.850 14 ATTITUDE 0.485686 3.007603 -0.236156
34.933 14 NAVIGATION 15 1 83.71875 149. 358771.5 170.908829 26 4 4 0 0 0
34.950 14 GPS 3 36036876 481374131 1750 241128 1360 -365 0 17920480 31 0
35.150 14 WP_MOVED 6 360164.8125 4813664.5 260. 31
35.183 14 NAVIGATION 15 1 84. 146. 358771.78125 168.439896 26 4 4 0 0 0
35.200 14 GPS 3 36036874 481373803 1803 240323 1367 -369 0 17920719 31 0
35.250 14 ENERGY 8 12.5 0.091552 1.144399 0.041958 0.524457
35.250 14 DESIRED 0.525127 -0.19728 0. -358684. -1500. 200. -1.22726 13.
35.250 14 NAVIGATION 15 1 83.96875 142.5 358771.78125 168.439896 26 4 4 0 0 0
35.250 14 ESTIMATOR 240.08017 -3.69
35.351 14 AIRSPEED 11.8 0. 0. 0.
35.351 14 ATTITUDE 0.509532 3.152509 -0.220919
35.433 14 NAVIGATION 15 1 83.96875 142.5 358771.71875 165.399521 27 5 5 0 0 0
35.450 14 FBW_STATUS 2 0 1 12.5 0.091552
35.450 14 GPS 3 36036841 481373475 1857 239535 1373 -358 0 17920960 31 0
35.450 14 SVINFO 6 13 1 6 45 40 328
35.550 14 GPS_SOL 685 685 685 7
35.650 14 CALIBRATION -36.026386 1
35.650 14 DL_VALUE 32 0.
35.650 14 WP_MOVED 7 360558.40625 4813804.5 260. 31
35.706 14 NAVIGATION 15 1 83.65625 139. 358771.40625 162.232452 27 5 5 0 0 0
35.715 14 GPS 3 36036762 481373097 1926 238638 1378 -316 0 17921239 31 0
35.751 14 IR_SENSORS 0 0 -30 117 236
35.751 14 ESTIMATOR 238.431213 -3.16
35.850 14 ATTITUDE 0.526479 3.33039 -0.209535
35.933 14 NAVIGATION 15 1 82.84375 135.5 358770.5625 158.818558 27 5 5 0 0 0
35.950 14 GPS 3 36036661 481372782 1978 237891 1379 -316 0 17921480 31 0
35.951 14 SVINFO 1 8 1 1 48 0 78
36.150 14 WP_MOVED 8 1600. 4812095. 200. 31
36.183 14 NAVIGATION 15 1 81.84375 132. 358769.5625 155.313873 27 5 5 0 0 0
36.200 14 GPS 3 36036529 481372478 2035 237163 1379 -305 0 17921719 31 0
36.250 14 NAVIGATION 15 1 80.53125 129.5 358769.5625 155.313873 27 5 5 0 0 0
36.250 14 ESTIMATOR 236.97908 -3.05
36.300 14 DESIRED 0.515277 -0.194806 0. -358684. -1500. 200. -1.131163 13.
36.350 14 ENERGY 8 12.5 0.091552 1.144399 0.042126 0.526554
36.350 14 AIRSPEED 11.8 0. 0. 0.
36.350 14 ATTITUDE 0.529864 3.487355 -0.196993
36.433 14 NAVIGATION 15 1 80.53125 129.5 358768.21875 152.49765 28 6 6 0 0 0
36.449 14 GPS 3 36036367 481372190 2092 236453 1378 -287 0 17921960 31 0
36.534 14 COMMANDS 852,-229,26,0
36.633 14 FBW_STATUS 2 0 1 12.5 0.091552
36.650 14 WP_MOVED 9 360312.8125 4813652. 185. 31
36.683 14 NAVIGATION 15 1 78.9375 126.5 358766.625 149.108612 28 6 6 0 0 0
36.700 14 GPS 3 36036144 481371875 2163 235647 1376 -278 0 17922239 31 0
36.700 14 SVINFO 4 11 0 4 46 88 228
36.750 14 COMMANDS 852,-326,-39,0
36.750 14 ESTIMATOR 235.582275 -2.78
36.850 14 STATE_FILTER_STATUS 2 3 378
36.850 14 ATTITUDE 0.516345 3.674646 -0.187767
36.933 14 NAVIGATION 15 1 76.6875 123. 358764.375 144.948166 28 6 6 0 0 0
36.949 14 IR_SENSORS 0 0 -24 114 238
36.950 14 GPS 3 36035926 481371628 2214 234974 1373 -277 0 17922480 31 0
36.950 14 SVINFO 5 12 1 5 45 78 278
37.051 14 PPRZ_MODE 2 3 2 0 0 6
37.149 14 ALIVE 179,209,69,119,115,11,176,21,181,244,80,210,55,176,198,136
37.150 14 DL_VALUE 33 0.15
37.150 14 WP_MOVED 10 360452.8125 4813581. 260. 31
37.183 14 NAVIGATION 15 1 74.53125 120.5 358762.1875 141.686829 28 6 6 0 0 0
37.201 14 GPS 3 36035685 481371404 2269 234315 1370 -283 0 17922719 31 0
37.201 14 SVINFO 6 13 1 6 44 37 329
37.249 14 NAVIGATION 15 1 72.09375 118.5 358762.1875 141.686829 28 6 6 0 0 0
37.250 14 ESTIMATOR 234.242264 -2.83
37.350 14 DESIRED 0.415468 -0.19957 0. -358684. -1500. 200. -1.047287 13.
37.351 14 AIRSPEED 11.8 0. 0. 0.
37.351 14 ATTITUDE 0.484132 3.831001 -0.186524
37.433 14 NAVIGATION 15 1 72.09375 118.5 358759.75 138.707458 29 7 7 0 0 0
37.450 14 FBW_STATUS 2 0 1 12.5 0.091552
37.450 14 ENERGY 8 12.5 0.091552 1.144399 0.042294 0.528651
37.451 14 GPS 3 36035426 481371202 2321 233668 1366 -283 0 17922960 31 0
37.451 14 SVINFO 0 7 0 0 48 24 29
37.549 14 GPS_SOL 678 678 678 7
37.650 14 DATALINK_REPORT 7 7 1251 530 0 0
37.650 14 WP_MOVED 11 360169.5 4813757.5 260. 31
37.683 14 NAVIGATION 15 1 69.5 116.5 358757.15625 135.655807 29 7 7 0 0 0
37.699 14 GPS 3 36035105 481370998 2383 232929 1361 -276 0 17923239 31 0
37.751 14 CALIBRATION -36.026386 1
37.751 14 ESTIMATOR 232.878876 -2.76
37.851 14 ATTITUDE 0.422933 4.002203 -0.184128
37.933 14 NAVIGATION 15 1 66.28125 114.5 358753.90625 132.300613 29 7 7 0 0 0
37.949 14 GPS 3 36034815 481370847 2425 232305 1357 -280 0 17923480 31 0
37.949 14 SVINFO 2 9 1 2 47 17 129
38.150 14 IR_SENSORS 0 0 -25 82 251
38.150 14 WP_MOVED 12 360287.59375 4813581. 260. 31
38.183 14 NAVIGATION 15 1 63.40625 113. 358751.03125 129.57373 29 7 7 0 0 0
38.199 14 GPS 3 36034517 481370719 2467 231688 1353 -285 0 17923719 31 0
38.199 14 SVINFO 3 10 0 3 46 60 179
38.251 14 NAVIGATION 15 1 60.40625 111.5 358751.03125 129.57373 29 7 7 0 0 0
38.251 14 ESTIMATOR 231.562256 -2.85
38.351 14 AIRSPEED 11.8 0. 0. 0.
38.351 14 ATTITUDE 0.346324 4.130177 -0.189273
38.400 14 DESIRED 0.25808 -0.214303 0. -358684. -1500. 200. -0.966562 13.
38.434 14 NAVIGATION 15 1 60.40625 111.5 358748.03125 126.811531 30 8 8 0 0 0
38.450 14 GPS 3 36034212 481370611 2505 231074 1350 -274 0 17923960 31 0
38.551 14 ENERGY 8 12.5 0.091552 1.144399 0.042462 0.530748
38.633 14 FBW_STATUS 2 0 1 12.5 0.091552
38.651 14 DL_VALUE 34 0.05
38.651 14 WP_MOVED 13 360311.5 4813547. 260. 31
38.683 14 NAVIGATION 15 1 57.375 110.5 358745. 124.507591 30 8 8 0 0 0
38.701 14 GPS 3 36033849 481370508 2547 230358 1345 -272 0 17924239 31 0
38.703 14 WIND_INFO 14 5 -0.6 0.5 0. 13.6
38.750 14 ESTIMATOR 230.257263 -2.72
38.851 14 ATTITUDE 0.264678 4.254755 -0.194956
38.933 14 NAVIGATION 15 1 53.71875 109.5 358741.3125 121.967018 30 8 8 0 0 0
38.950 14 GPS 3 36033534 481370438 2573 229740 1343 -277 0 17924480 31 0
39.150 14 WP_MOVED 14 360300.6875 4813575.5 260. 31
39.183 14 NAVIGATION 15 1 50.625 109. 358738.21875 120.182739 30 8 8 0 0 0
39.200 14 GPS 3 36033217 481370380 2597 229117 1341 -284 0 17924719 31 0
39.250 14 NAVIGATION 15 1 47.40625 108. 358738.21875 120.182739 30 8 8 0 0 0
39.250 14 ESTIMATOR 228.980362 -2.84
39.349 14 IR_SENSORS 0 0 -31 31 262
39.349 14 AIRSPEED 13.6 0. 0. 0.
39.349 14 ATTITUDE 0.180605 4.487384 -0.20504
39.433 14 NAVIGATION 15 1 47.40625 108. 358735. 117.946396 31 9 9 0 0 0
39.450 14 FBW_STATUS 2 0 1 12.5 0.091552
39.450 14 DESIRED 0.097258 -0.232365 0. -358684. -1500. 200. -0.869411 13.
39.450 14 GPS 3 36032899 481370334 2617 228484 1339 -275 0 17924960 31 0
39.451 14 SVINFO 1 8 1 1 47 0 80
39.549 14 GPS_SOL 670 670 670 7
39.650 14 ENERGY 8 12.5 0.091552 1.144399 0.042629 0.532845
39.650 14 WP_MOVED 15 360297.6875 4813554.5 260. 31
39.684 14 NAVIGATION 15 1 44.25 108. 358731.84375 116.713593 31 9 9 0 0 0
39.701 14 GPS 3 36032526 481370292 2638 227729 1339 -284 0 17925239 31 0
39.750 14 ESTIMATOR 227.661163 -2.84
39.850 14 CALIBRATION -36.026386 1
39.850 14 ATTITUDE 0.123593 4.560816 -0.215831
39.932 14 NAVIGATION 15 1 40.53125 107.5 358728.125 114.887039 31 9 9 0 0 0
39.950 14 GPS 3 36032206 481370265 2650 227066 1340 -264 0 17925480 31 0
40.150 14 DL_VALUE 35 0.
40.150 14 WP_MOVED 16 361184. 4813643. 260. 31
40.183 14 NAVIGATION 15 1 37.34375 107. 358724.9375 113.329414 31 9 9 0 0 0
40.200 14 GPS 3 36031885 481370243 2661 226386 1341 -275 0 17925719 31 0
40.200 14 SVINFO 4 11 1 4 45 89 230
40.250 14 NAVIGATION 15 1 34.09375 107. 358724.9375 113.329414 31 9 9 0 0 0
40.250 14 ESTIMATOR 226.337463 -2.75
40.349 14 AIRSPEED 13.6 0. 0. 0.
40.350 14 ATTITUDE 0.07804 4.603079 -0.227034
40.432 14 NAVIGATION 15 1 34.09375 107. 358721.6875 112.300415 32 10 10 0 0 0
40.451 14 GPS 3 36031563 481370226 2670 225691 1344 -278 0 17925960 31 0
40.451 14 SVINFO 5 12 1 5 44 73 280
40.501 14 DESIRED 0.035295 -0.243059 0. -358684. -1500. 200. -0.790124 13.
40.550 14 NAVIGATION_REF 360284 4813595 31 185.
40.551 14 IR_SENSORS 0 0 -39 0 263
40.640 14 FBW_STATUS 2 0 1 12.5 0.091552
40.649 14 WP_MOVED 17 361184. 4813643. 260. 31
40.683 14 NAVIGATION 15 1 30.875 107. 358718.46875 111.365463 32 10 10 0 0 0
40.701 14 GPS 3 36031186 481370212 2678 224859 1348 -270 0 17926239 31 0
40.701 14 SVINFO 6 13 0 6 43 31 331
40.750 14 ENERGY 8 12.5 0.091552 1.144399 0.042797 0.534941
40.750 14 ESTIMATOR 224.938171 -2.7
40.851 14 ATTITUDE 0.039935 4.634992 -0.238768
40.933 14 NAVIGATION 15 1 27.09375 106.5 358714.6875 109.892319 32 10 10 0 0 0
40.951 14 GPS 3 36030861 481370202 2682 224131 1351 -297 0 17926480 31 0
41.150 14 WP_MOVED 18 360289. 4813605. 220. 31
41.183 14 NAVIGATION 15 1 23.84375 106.5 358711.4375 109.136497 32 10 10 0 0 0
41.200 14 GPS 3 36030536 481370194 2686 223390 1355 -287 0 17926719 31 0
41.250 14 NAVIGATION 15 1 20.625 106.5 358711.4375 109.136497 32 10 10 0 0 0
41.250 14 ESTIMATOR 223.461899 -2.87
41.350 14 AIRSPEED 13.6 0. 0. 0.
41.350 14 ATTITUDE 0.020872 4.64858 -0.246219
41.433 14 NAVIGATION 15 1 20.625 106.5 358708.21875 108.47876 33 11 11 0 0 0
41.450 14 FBW_STATUS 2 0 1 12.5 0.091552
41.450 14 GPS 3 36030210 481370188 2688 222638 1359 -293 0 17926960 31 0
41.451 14 SVINFO 2 9 1 2 46 22 131
41.533 14 COMMANDS 852,-45,20,0
41.550 14 GPS_SOL 661 661 661 7
41.550 14 DESIRED 0.011017 -0.248223 0. -358684. -1500. 200. -0.703857 13.
41.650 14 DL_VALUE 36 0.
41.651 14 WP_MOVED 19 360289. 4813610. 500. 31
41.683 14 NAVIGATION 15 1 17.34375 106.5 358704.9375 107.902992 33 11 11 0 0 0
41.700 14 GPS 3 36029828 481370181 2690 221748 1365 -272 0 17927239 31 0
41.701 14 SVINFO 3 10 1 3 45 66 181
41.749 14 COMMANDS 852,-32,15,0
41.749 14 IR_SENSORS 0 0 -43 -13 262
41.749 14 ESTIMATOR 221.923813 -2.72
41.850 14 STATE_FILTER_STATUS 2 3 318
41.850 14 ENERGY 8 12.5 0.091552 1.144399 0.042965 0.537038
41.851 14 ATTITUDE 0.013254 4.656482 -0.249938
41.933 14 NAVIGATION 15 1 13.53125 106.5 358701.125 107.356155 33 11 11 0 0 0
41.950 14 AUTOPILOT_VERSION 51500 v5.15_devel-179-g9a29798-dirty
41.950 14 CALIBRATION -36.026386 1
41.950 14 GPS 3 36029499 481370176 2691 220978 1368 -271 0 17927480 31 0
41.950 14 SVINFO 4 11 1 4 44 89 231
42.051 14 PPRZ_MODE 2 3 2 0 0 6
42.150 14 ALIVE 179,209,69,119,115,11,176,21,181,244,80,210,55,176,198,136
42.150 14 WP_MOVED 20 360289. 4813620. 300. 31
42.183 14 NAVIGATION 15 1 10.25 106.5 358697.84375 106.992111 33 11 11 0 0 0
42.200 14 GPS 3 36029170 481370172 2692 220203 1372 -275 0 17927719 31 0
42.251 14 NAVIGATION 15 1 6.9375 106.5 358697.84375 106.992111 33 11 11 0 0 0
42.251 14 ESTIMATOR 220.422226 -2.75
42.350 14 AIRSPEED 13.6 0. 0. 0.
42.350 14 ATTITUDE 0.009243 4.660373 -0.254278
42.434 14 NAVIGATION 15 1 6.9375 106.5 358694.53125 106.725716 34 12 12 0 0 0
42.449 14 GPS 3 36028840 481370168 2693 219425 1376 -280 0 17927960 31 0
42.450 14 SVINFO 6 13 1 6 42 28 332
42.600 14 DESIRED 0.0051 -0.249037 0. -358684. -1500. 200. -0.612667 13.
42.633 14 FBW_STATUS 2 0 1 12.5 0.091552
42.651 14 WP_MOVED 21 360289. 4813625. 400. 31
42.684 14 NAVIGATION 15 1 3.65625 106.5 358691.25 106.562744 34 12 12 0 0 0
42.701 14 GPS 3 36028453 481370164 2694 218516 1380 -308 0 17928239 31 0
42.701 14 SVINFO 0 7 0 0 47 16 32
42.751 14 DATALINK_REPORT 4 8 1379 548 0 0
42.751 14 ESTIMATOR 218.842346 -3.08
42.850 14 ATTITUDE 0.005424 4.663967 -0.254278
42.933 14 NAVIGATION 15 1 -0.21875 106.5 358687.375 106.500221 34 12 12 0 0 0
42.950 14 IR_SENSORS 0 0 -44 -15 261
42.950 14 ENERGY 10 12.5 0.098988 1.237354 0.043136 0.539171
42.951 14 GPS 3 36028121 481370161 2694 217738 1383 -326 0 17928480 31 0
43.150 14 DL_VALUE 37 0.
43.150 14 WP_MOVED 22 360289. 4813645. 250. 31
43.183 14 NAVIGATION 15 1 -3.5625 106.5 358684.03125 106.55957 34 12 12 0 0 0
43.200 14 GPS 3 36027788 481370158 2695 216963 1387 -322 0 17928719 31 0
43.250 14 NAVIGATION 15 1 -6.875 106. 358684.03125 106.55957 34 12 12 0 0 0
43.251 14 ESTIMATOR 217.117905 -3.22
43.349 14 AIRSPEED 13.6 0. 0. 0.
43.349 14 ATTITUDE 0.005642 4.666212 -0.249938
43.433 14 NAVIGATION 15 1 -6.875 106. 358680.71875 106.222717 35 13 13 0 0 0
43.450 14 FBW_STATUS 2 0 1 12.5 0.141359
43.450 14 GPS 3 36027454 481370156 2695 216195 1393 -311 0 17928960 31 0
43.549 14 GPS_SOL 651 651 651 7
43.650 14 DESIRED 0.002084 -0.18476 0. -358684. -1500. 200. -0.513537 13.
43.650 14 WP_MOVED 0 360326. 4813637. 260. 31
43.683 14 NAVIGATION 15 1 -10.1875 106. 358677.40625 106.488426 35 13 13 0 0 0
43.700 14 GPS 3 36027061 481370153 2696 215316 1402 -293 0 17929239 31 0
43.750 14 ESTIMATOR 215.456558 -2.93
43.850 14 ATTITUDE 0.001839 4.668401 -0.238768
43.933 14 NAVIGATION 15 1 -14.15625 106. 358673.4375 106.941101 35 13 13 0 0 0
43.949 14 GPS 3 36026723 481370151 2696 214587 1410 -286 0 17929480 31 0
43.949 14 SVINFO 5 12 1 5 43 68 282
44.050 14 CALIBRATION -83.638481 2
44.050 14 ENERGY 19 12.5 0.231432 2.892895 0.043428 0.542825
44.150 14 IR_SENSORS 0 0 -36 -16 263
44.150 14 WP_MOVED 1 360284. 4813595. 260. 31
44.184 14 NAVIGATION 15 1 -17.5 106. 358670.09375 107.43486 35 13 13 0 0 0
44.201 14 GPS 3 36026382 481370149 2696 213891 1419 -261 0 17929719 31 0
44.251 14 NAVIGATION 15 1 -20.90625 106. 358670.09375 107.43486 35 13 13 0 0 0
44.251 14 ESTIMATOR 213.952591 -2.61
44.350 14 AIRSPEED 13.6 0. 0. 0.
44.350 14 ATTITUDE 0.00207 4.669696 -0.212089
44.433 14 NAVIGATION 15 1 -20.90625 106. 358666.6875 108.041992 36 14 14 0 0 0
44.449 14 GPS 3 36026039 481370147 2696 213239 1427 -238 0 17929960 31 0
44.633 14 FBW_STATUS 2 0 1 12.5 0.318556
44.650 14 DL_VALUE 38 0.
44.650 14 WP_MOVED 2 360333.5 4813695. 260. 31
44.683 14 NAVIGATION 15 1 -24.34375 106. 358663.25 108.759453 36 14 14 0 0 0
44.700 14 DESIRED 0.000275 -0.095253 0. -358684. -1500. 200. -0.398532 13.
44.700 14 GPS 3 36025637 481370145 2697 212546 1438 -223 0 17930239 31 0
44.701 14 SVINFO 1 8 1 1 46 0 83
44.750 14 ESTIMATOR 212.652588 -2.23
44.850 14 ATTITUDE 0.0023 4.671141 -0.177926
44.933 14 NAVIGATION 15 1 -28.375 106. 358659.21875 109.732132 36 14 14 0 0 0
44.950 14 GPS 3 36025290 481370144 2697 212019 1446 -203 0 17930480 31 0
44.951 14 SVINFO 2 9 1 2 45 28 133
45.149 14 ENERGY 30 12.5 0.407714 5.096425 0.044011 0.550107
45.149 14 WP_MOVED 3 360294.09375 4813785. 260. 31
45.183 14 NAVIGATION 15 1 -31.875 106. 358655.71875 110.68882 36 14 14 0 0 0
45.199 14 GPS 3 36024941 481370142 2697 211564 1453 -176 0 17930719 31 0
45.199 14 SVINFO 3 10 1 3 44 71 183
45.250 14 NAVIGATION 15 1 -35.34375 106. 358655.71875 110.68882 36 14 14 0 0 0
45.250 14 ESTIMATOR 211.567017 -1.76
45.350 14 IR_SENSORS 0 0 -13 -17 265
45.350 14 AIRSPEED 13.6 0. 0. 0.
45.350 14 ATTITUDE -0.001231 4.671869 -0.136284
45.433 14 NAVIGATION 15 1 -35.34375 106. 358652.25 111.737106 37 15 15 0 0 0
45.450 14 FBW_STATUS 2 0 1 12.5 0.43575
45.450 14 GPS 3 36024591 481370140 2697 211183 1458 -146 0 17930960 31 0
45.450 14 SVINFO 4 11 1 4 43 89 233
45.550 14 GPS_SOL 640 640 640 7
45.650 14 WP_MOVED 4 360416.3125 4813734. 260. 31
45.683 14 NAVIGATION 15 1 -38.84375 106. 358648.75 112.893036 37 15 15 0 0 0
45.699 14 GPS 3 36024182 481370138 2697 210834 1459 -110 0 17931239 31 0
45.699 14 SVINFO 5 12 1 5 42 65 283
45.750 14 DESIRED -0.00024 -0.043212 0. -358684. -1500. 200. -0.334243 13.
45.751 14 ESTIMATOR 210.791229 -1.1
45.850 14 ATTITUDE -0.001231 4.671567 -0.094813
45.934 14 NAVIGATION 15 1 -42.90625 106. 358644.6875 114.354477 37 15 15 0 0 0
45.950 14 GPS 3 36023832 481370137 2696 210616 1458 -79 0 17931480 31 0
45.950 14 SVINFO 6 13 1 6 41 22 334
46.150 14 CALIBRATION -150. 2
46.150 14 DL_VALUE 39 0.
46.151 14 WP_MOVED 5 360421. 4813583.5 260. 31
46.183 14 NAVIGATION 15 1 -46.4375 106. 358641.15625 115.725716 37 15 15 0 0 0
46.199 14 GPS 3 36023484 481370135 2696 210467 1453 -30 0 17931719 31 0
46.200 14 SVINFO 0 7 0 0 46 12 34
46.250 14 ENERGY 35 12.5 0.501811 6.272635 0.044862 0.560749
46.250 14 NAVIGATION 15 1 -49.90625 106. 358641.15625 115.725716 37 15 15 0 0 0
46.251 14 ESTIMATOR 210.375885 -0.3
46.350 14 AIRSPEED 13.6 0. 0. 0.
46.351 14 ATTITUDE -0.001231 4.67032 -0.057087
46.433 14 NAVIGATION 15 1 -49.90625 106. 358637.6875 117.160721 38 16 16 0 0 0
46.450 14 GPS 3 36023137 481370132 2696 210381 1446 -20 0 17931960 31 0
46.451 14 SVINFO 1 8 0 1 45 1 84
46.533 14 COMMANDS 3488,14,303,0
46.549 14 IR_SENSORS 0 0 11 -17 265
46.633 14 FBW_STATUS 2 0 1 12.5 0.507755
46.650 14 WP_MOVED 6 360164.8125 4813664.5 260. 31
46.683 14 NAVIGATION 15 1 -53.375 106. 358634.21875 118.679779 38 16 16 0 0 0
46.699 14 GPS 3 36022735 481370129 2695 210349 1434 0 0 17932239 31 0
46.749 14 COMMANDS 3473,17,184,0
46.749 14 ESTIMATOR 210.291397 0.
46.800 14 DESIRED 0.001146 -0.022868 0. -358684. -1500. 200. -0.309644 13.
46.850 14 STATE_FILTER_STATUS 2 3 296
46.850 14 ATTITUDE -0.001473 4.668123 -0.030509
46.933 14 NAVIGATION 15 1 -57.375 106. 358630.21875 120.5317 38 16 16 0 0 0
46.950 14 GPS 3 36022393 481370126 2695 210370 1423 3 0 17932480 31 0
47.051 14 PPRZ_MODE 2 3 2 0 0 6
47.151 14 ALIVE 179,209,69,119,115,11,176,21,181,244,80,210,55,176,198,136
47.151 14 WP_MOVED 7 360558.40625 4813804.5 260. 31
47.183 14 NAVIGATION 15 1 -60.84375 105.5 358626.75 121.787567 38 16 16 0 0 0
47.201 14 GPS 3 36022054 481370124 2695 210424 1410 32 0 17932719 31 0
47.251 14 NAVIGATION 15 1 -64.1875 105.5 358626.75 121.787567 38 16 16 0 0 0
47.251 14 ESTIMATOR 210.346054 0.32
47.349 14 ENERGY 34 12.5 0.482648 6.033102 0.045781 0.57223
47.350 14 AIRSPEED 13.6 0. 0. 0.
47.350 14 ATTITUDE 0.0023 4.666385 -0.011653
47.432 14 NAVIGATION 15 1 -64.1875 105.5 358623.40625 123.492043 39 17 17 0 0 0
47.450 14 FBW_STATUS 2 0 1 12.5 0.476417
47.451 14 GPS 3 36021719 481370121 2694 210502 1396 36 0 17932960 31 0
47.550 14 GPS_SOL 629 629 629 7
47.650 14 DL_VALUE 40 0.
47.651 14 WP_MOVED 8 1600. 4812095. 200. 31
47.683 14 NAVIGATION 15 1 -67.5625 105.5 358620.03125 125.279449 39 17 17 0 0 0
47.699 14 GPS 3 36021333 481370117 2694 210608 1377 30 0 17933239 31 0
47.699 14 SVINFO 6 13 1 6 40 19 335
47.750 14 IR_SENSORS 0 0 23 -16 264
47.750 14 ESTIMATOR 210.554184 0.3
47.850 14 DATALINK_REPORT 9 8 1504 525 0 0
47.850 14 DESIRED 0.002518 -0.02587 0. -358684. -1500. 200. -0.313367 13.
47.851 14 ATTITUDE 0.0023 4.665013 -0.000365
47.933 14 NAVIGATION 15 1 -71.4375 105.5 358616.15625 127.411011 39 17 17 0 0 0
47.950 14 GPS 3 36021006 481370114 2694 210701 1363 39 0 17933480 31 0
48.151 14 WP_MOVED 9 360312.8125 4813652. 185. 31
48.183 14 NAVIGATION 15 1 -74.65625 105.5 358612.9375 129.243195 39 17 17 0 0 0
48.200 14 GPS 3 36020682 481370111 2694 210788 1349 11 0 17933719 31 0
48.251 14 CALIBRATION -99.069901 2
48.251 14 NAVIGATION 15 1 -77.9375 105.5 358612.9375 129.243195 39 17 17 0 0 0
48.251 14 ESTIMATOR 210.756165 0.11
48.350 14 AIRSPEED 13.6 0. 0. 0.
48.351 14 ATTITUDE 0.0023 4.664023 -0.000365
48.432 14 NAVIGATION 15 1 -77.9375 105.5 358609.65625 131.165939 39 18 18 0 0 0
48.449 14 ENERGY 30 12.5 0.414254 5.178177 0.046597 0.582428
48.449 14 GPS 3 36020361 481370108 2694 210861 1335 -1 0 17933960 31 0
48.450 14 SVINFO 2 9 0 2 44 34 135
48.633 14 FBW_STATUS 2 0 1 12.5 0.405825
48.650 14 WP_MOVED 10 360452.8125 4813581. 260. 31
48.683 14 NAVIGATION 15 1 -81.15625 105.5 358606.4375 133.103668 40 18 18 0 0 0
48.700 14 GPS 3 36019991 481370105 2694 210924 1321 4 0 17934239 31 0
48.700 14 SVINFO 3 10 0 3 43 76 185
48.704 14 WIND_INFO 14 5 -0.7 0.6 0. 13.6
48.750 14 ESTIMATOR 210.832626 0.04
48.851 14 ATTITUDE 0.0023 4.663041 -0.007888
48.899 14 DESIRED 0.002522 -0.034752 0. -358684. -1500. 200. -0.324106 13.
48.933 14 NAVIGATION 15 1 -84.84375 105.5 358602.75 135.383575 40 18 18 0 0 0
48.950 14 IR_SENSORS 0 0 20 -16 264
48.950 14 GPS 3 36019676 481370102 2694 210954 1312 -4 0 17934480 31 0
48.950 14 SVINFO 4 11 0 4 42 88 235
49.150 14 DL_VALUE 41 0.
49.150 14 WP_MOVED 11 360169.5 4813757.5 260. 31
49.183 14 NAVIGATION 15 1 -88. 105.5 358599.59375 137.383591 40 18 18 0 0 0
49.200 14 GPS 3 36019363 481370099 2694 210961 1305 -20 0 17934719 31 0
49.200 14 SVINFO 5 12 1 5 41 60 285
49.251 14 NAVIGATION 15 1 -91.125 105.5 358599.59375 137.383591 40 18 18 0 0 0
49.251 14 ESTIMATOR 210.886887 -0.2
49.351 14 AIRSPEED 13.6 0. 0. 0.
49.351 14 ATTITUDE 0.0023 4.654024 -0.01919
49.434 14 NAVIGATION 15 1 -91.125 105.5 358596.46875 139.405945 41 19 19 0 0 0
49.451 14 FBW_STATUS 2 0 1 12.5 0.387378
49.451 14 GPS 3 36019051 481370096 2694 210946 1300 -44 0 17934960 31 0
49.551 14 NAVIGATION_REF 360284 4813595 31 185.
49.551 14 GPS_SOL 616 616 616 7
49.551 14 ENERGY 29 12.5 0.39027 4.87837 0.047323 0.591506
49.650 14 WP_MOVED 12 360287.59375 4813581. 260. 31
49.683 14 NAVIGATION 15 1 -94.21875 105.5 358593.375 141.447601 41 19 19 0 0 0
49.700 14 GPS 3 36018688 481370093 2694 210900 1296 -42 0 17935239 31 0
49.700 14 SVINFO 0 7 0 0 45 8 36
49.750 14 ESTIMATOR 210.792206 -0.42
49.850 14 ATTITUDE 0.0023 4.653738 -0.026734
49.933 14 NAVIGATION 15 1 -97.875 105.5 358589.71875 143.908875 41 19 19 0 0 0
49.949 14 DESIRED 0.002113 -0.034448 0. -358684. -1500. 200. -0.323766 13.
49.949 14 GPS 3 36018376 481370090 2694 210841 1296 -46 0 17935480 31 0
49.949 14 SVINFO 1 8 1 1 44 3 86
50.151 14 IR_SENSORS 0 0 15 -16 265
50.151 14 WP_MOVED 13 360311.5 4813547. 260. 31
50.183 14 NAVIGATION 15 1 -101. 105.5 358586.59375 146.052216 41 19 19 0 0 0
50.200 14 GPS 3 36018065 481370087 2694 210766 1297 -45 0 17935719 31 0
50.200 14 SVINFO 2 9 1 2 43 37 136
50.251 14 NAVIGATION 15 1 -104.125 105.5 358586.59375 146.052216 41 19 19 0 0 0
50.251 14 ESTIMATOR 210.651382 -0.45
50.350 14 CALIBRATION -86.077515 2
50.350 14 AIRSPEED 13.6 0. 0. 0.
50.350 14 ATTITUDE 0.002528 4.653937 -0.034485
50.433 14 NAVIGATION 15 1 -104.125 105.5 358583.46875 148.230453 42 20 20 0 0 0
50.450 14 GPS 3 36017753 481370084 2694 210678 1300 -48 0 17935960 31 0
50.450 14 SVINFO 3 10 1 3 42 78 186
50.632 14 FBW_STATUS 2 0 1 12.5 0.411325
50.649 14 DL_VALUE 42 0.6
50.650 14 ENERGY 30 12.5 0.411325 5.141568 0.048056 0.600662
50.650 14 WP_MOVED 14 360300.6875 4813575.5 260. 31
50.683 14 NAVIGATION 15 1 -107.21875 105.5 358580.375 150.419785 42 20 20 0 0 0
50.699 14 GPS 3 36017388 481370081 2694 210566 1305 -56 0 17936239 31 0
50.700 14 SVINFO 4 11 0 4 41 88 236
50.750 14 ESTIMATOR 210.483246 -0.56
50.851 14 ATTITUDE 0.002528 4.654476 -0.038249
50.933 14 NAVIGATION 15 1 -110.875 105.5 358576.71875 153.047424 42 20 20 0 0 0
50.950 14 GPS 3 36017073 481370078 2694 210464 1309 -57 0 17936480 31 0
50.950 14 SVINFO 5 12 1 5 40 57 286
50.999 14 DESIRED 0.002111 -0.026783 0. -358684. -1500. 200. -0.314497 13.
51.151 14 WP_MOVED 15 360297.6875 4813554.5 260. 31
51.182 14 NAVIGATION 15 1 -114.03125 105.5 358573.5625 155.349197 42 20 20 0 0 0
51.199 14 GPS 3 36016758 481370075 2694 210362 1313 -76 0 17936719 31 0
51.200 14 SVINFO 6 13 1 6 39 14 337
51.251 14 NAVIGATION 15 1 -117.15625 105.5 358573.5625 155.349197 42 20 20 0 0 0
51.251 14 ESTIMATOR 210.265244 -0.76
51.350 14 IR_SENSORS 0 0 13 -16 265
51.351 14 AIRSPEED 13.6 0. 0. 0.
51.351 14 ATTITUDE 0.002528 4.654874 -0.038249
51.433 14 NAVIGATION 15 1 -117.15625 105.5 358570.4375 157.657333 43 21 21 0 0 0
51.450 14 FBW_STATUS 2 0 1 12.5 0.447813
51.450 14 GPS 3 36016441 481370073 2694 210263 1319 -86 0 17936960 31 0
51.533 14 COMMANDS 3211,-3,202,0
51.550 14 GPS_SOL 603 603 603 7
51.665 14 WP_MOVED 16 361184. 4813643. 260. 31
51.683 14 NAVIGATION 15 1 -120.34375 105.5 358567.25 160.040207 43 21 21 0 0 0
51.699 14 GPS 3 36016070 481370069 2694 210155 1326 -100 0 17937239 31 0
51.750 14 COMMANDS 3326,-3,245,0
51.750 14 ENERGY 34 12.5 0.477306 5.966324 0.048858 0.610689
51.750 14 ESTIMATOR 209.971848 -1.
51.850 14 STATE_FILTER_STATUS 2 3 295
51.850 14 ATTITUDE 0.002528 4.655247 -0.034485
51.933 14 NAVIGATION 15 1 -124.03125 105.5 358563.5625 162.831207 43 21 21 0 0 0
51.949 14 GPS 3 36015751 481370066 2694 210073 1332 -89 0 17937480 31 0
52.051 14 PPRZ_MODE 2 3 2 0 0 6
52.051 14 DESIRED 0.002106 -0.01483 0. -358684. -1500. 200. -0.299155 13.
52.150 14 ALIVE 179,209,69,119,115,11,176,21,181,244,80,210,55,176,198,136
52.150 14 DL_VALUE 43 12000.
52.150 14 WP_MOVED 17 361184. 4813643. 260. 31
52.183 14 NAVIGATION 15 1 -127.21875 105.5 358560.375 165.272079 43 21 21 0 0 0
52.200 14 GPS 3 36015429 481370063 2694 210003 1338 -69 0 17937719 31 0
52.250 14 NAVIGATION 15 1 -130.46875 105. 358560.375 165.272079 43 21 21 0 0 0
52.250 14 ESTIMATOR 209.695831 -0.69
52.349 14 AIRSPEED 13.6 0. 0. 0.
52.350 14 ATTITUDE 0.002528 4.655375 -0.030723
52.433 14 NAVIGATION 15 1 -130.46875 105. 358557.125 167.472672 44 22 22 0 0 0
52.450 14 CALIBRATION -136.254211 0
52.450 14 GPS 3 36015107 481370060 2694 209948 1344 -65 0 17937960 31 0
52.549 14 IR_SENSORS 0 0 16 -16 264
52.633 14 FBW_STATUS 2 0 1 12.5 0.523684
52.650 14 WP_MOVED 18 360289. 4813605. 220. 31
52.683 14 NAVIGATION 15 1 -133.65625 105. 358553.9375 169.967621 44 22 22 0 0 0
52.699 14 GPS 3 36014729 481370057 2694 209904 1350 -52 0 17938239 31 0
52.699 14 SVINFO 5 12 1 5 39 54 287
52.750 14 ESTIMATOR 209.581497 -0.52
52.850 14 ENERGY 37 12.5 0.52732 6.591505 0.049791 0.62235
52.850 14 ATTITUDE 0.0023 4.655476 -0.022961
52.933 14 NAVIGATION 15 1 -137.46875 105. 358550.125 172.981659 44 22 22 0 0 0
52.950 14 DATALINK_REPORT 4 9 1632 541 0 0
52.950 14 GPS 3 36014404 481370054 2694 209884 1354 -35 0 17938480 31 0
52.950 14 SVINFO 6 13 1 6 38 12 338
53.050 14 AUTOPILOT_VERSION 51500 v5.15_devel-179-g9a29798-dirty
53.101 14 DESIRED 0.002522 -0.014133 0. -358684. -1500. 200. -0.287445 13.
53.151 14 WP_MOVED 19 360289. 4813610. 500. 31
53.183 14 NAVIGATION 15 1 -140.71875 105. 358546.875 175.575531 44 22 22 0 0 0
53.199 14 GPS 3 36014078 481370050 2694 209878 1356 -15 0 17938719 31 0
53.199 14 SVINFO 0 7 0 0 44 4 38
53.251 14 NAVIGATION 15 1 -143.9375 105. 358546.875 175.575531 44 22 22 0 0 0
53.251 14 ESTIMATOR 209.578674 -0.15
53.351 14 AIRSPEED 13.6 0. 0. 0.
53.351 14 ATTITUDE 0.0023 4.65537 -0.01919
53.434 14 NAVIGATION 15 1 -143.9375 105. 358543.65625 178.165665 45 23 23 0 0 0
53.449 14 FBW_STATUS 2 0 1 12.5 0.523502
53.449 14 GPS 3 36013752 481370047 2694 209886 1357 -4 0 17938960 31 0
53.449 14 SVINFO 1 8 0 1 43 6 88
53.550 14 GPS_SOL 589 589 589 7
53.651 14 DL_VALUE 44 1.5
53.651 14 WP_MOVED 20 360289. 4813620. 300. 31
53.683 14 NAVIGATION 15 1 -147.21875 105. 358540.375 180.826874 45 23 23 0 0 0
53.699 14 GPS 3 36013373 481370043 2694 209909 1356 -12 0 17939239 31 0
53.699 14 SVINFO 2 9 1 2 42 43 138
53.750 14 IR_SENSORS 0 0 19 -16 264
53.750 14 ESTIMATOR 209.694107 -0.12
53.851 14 ATTITUDE 0.0023 4.655048 -0.011653
53.933 14 NAVIGATION 15 1 -151.03125 105. 358536.5625 183.944122 45 23 23 0 0 0
53.949 14 ENERGY 36 12.5 0.513173 6.414658 0.050749 0.634328
53.949 14 GPS 3 36013047 481370040 2694 209937 1354 -6 0 17939480 31 0
53.949 14 SVINFO 3 10 1 3 41 82 188
54.150 14 DESIRED 0.002947 -0.014302 0. -358684. -1500. 200. -0.290823 13.
54.150 14 WP_MOVED 21 360289. 4813625. 400. 31
54.184 14 NAVIGATION 15 1 -154.28125 105. 358533.3125 186.621811 45 23 23 0 0 0
54.199 14 GPS 3 36012723 481370037 2694 209970 1352 -21 0 17939720 31 0
54.200 14 SVINFO 4 11 1 4 40 85 238
54.251 14 NAVIGATION 15 1 -157.5 105. 358533.3125 186.621811 45 23 23 0 0 0
54.251 14 ESTIMATOR 209.783676 -0.21
54.350 14 AIRSPEED 13.6 0. 0. 0.
54.350 14 ATTITUDE 0.0023 4.654807 -0.011653
54.433 14 NAVIGATION 15 1 -157.5 105. 358530.09375 189.291443 46 24 24 0 0 0
54.450 14 GPS 3 36012399 481370033 2694 210006 1349 0 0 17939960 31 0
54.549 14 CALIBRATION -129.988846 0
54.633 14 FBW_STATUS 2 0 1 12.5 0.498037
54.650 14 WP_MOVED 22 360289. 4813645. 250. 31
54.683 14 NAVIGATION 15 1 -160.75 105. 358526.84375 192.004074 46 24 24 0 0 0
54.699 14 GPS 3 36012022 481370029 2694 210048 1346 5 0 17940239 31 0
54.751 14 ESTIMATOR 209.865051 0.05
54.851 14 ATTITUDE 0.0023 4.654816 -0.011653
54.945 14 NAVIGATION 15 1 -164.5 104.5 358523.09375 194.885864 46 24 24 0 0 0
54.953 14 IR_SENSORS 0 0 20 -16 264
54.953 14 GPS 3 36011699 481370026 2694 210082 1343 7 0 17940480 31 0
54.955 14 SVINFO 0 7 0 0 43 3 39
55.052 14 ENERGY 34 12.5 0.484075 6.050939 0.051666 0.645799
55.151 14 DL_VALUE 45 1250.
55.151 14 WP_MOVED 0 360326. 4813637. 260. 31
55.183 14 NAVIGATION 15 1 -167.75 104.5 358519.84375 197.636826 46 24 24 0 0 0
55.200 14 DESIRED 0.002944 -0.014656 0. -358684. -1500. 200. -0.297903 13.
55.200 14 GPS 3 36011378 481370023 2694 210114 1340 -2 0 17940720 31 0
55.200 14 SVINFO 1 8 1 1 42 8 89
55.251 14 NAVIGATION 15 1 -171. 104.5 358519.84375 197.636826 46 24 24 0 0 0
55.251 14 ESTIMATOR 209.990341 -0.02
55.351 14 AIRSPEED 13.6 0. 0. 0.
55.351 14 ATTITUDE 0.0023 4.655149 -0.011653
55.432 14 NAVIGATION 15 1 -171. 104.5 358516.59375 200.402725 47 25 25 0 0 0
55.450 14 FBW_STATUS 2 0 1 12.5 0.472864
55.450 14 GPS 3 36011057 481370020 2694 210143 1336 -13 0 17940960 31 0
55.451 14 SVINFO 2 9 0 2 41 47 139
55.549 14 GPS_SOL 574 574 574 7
55.651 14 WP_MOVED 1 360284. 4813595. 260. 31
55.683 14 NAVIGATION 15 1 -174.1875 104.5 358513.40625 203.129349 47 25 25 0 0 0
55.699 14 GPS 3 36010684 481370017 2695 210170 1332 -15 0 17941239 31 0
55.700 14 SVINFO 3 10 1 3 40 84 189
55.749 14 ESTIMATOR 210.038742 -0.15
55.850 14 ATTITUDE 0.006075 4.655858 -0.011653
55.933 14 NAVIGATION 15 1 -177.90625 104.5 358509.6875 206.327133 47 25 25 0 0 0
55.950 14 GPS 3 36010364 481370014 2695 210189 1330 -19 0 17941480 31 0
55.950 14 SVINFO 4 11 1 4 39 84 239
56.150 14 IR_SENSORS 0 0 20 -16 264
56.150 14 ENERGY 33 12.5 0.463656 5.795695 0.052532 0.656612
56.150 14 WP_MOVED 2 360333.5 4813695. 260. 31
56.183 14 NAVIGATION 15 1 -181.125 104.5 358506.46875 209.108856 47 25 25 0 0 0
56.199 14 GPS 3 36010046 481370012 2695 210202 1328 -27 0 17941720 31 0
56.199 14 SVINFO 5 12 1 5 38 47 289
56.250 14 DESIRED 0.001689 -0.015997 0. -358684. -1500. 200. -0.301485 13.
56.250 14 NAVIGATION 15 1 -184.28125 104.5 358506.46875 209.108856 47 25 25 0 0 0
56.250 14 ESTIMATOR 210.053375 -0.27
56.350 14 AIRSPEED 13.6 0. 0. 0.
56.350 14 ATTITUDE 0.0023 4.656541 -0.011653
56.433 14 NAVIGATION 15 1 -184.28125 104.5 358503.3125 211.848602 48 26 26 0 0 0
56.450 14 GPS 3 36009727 481370010 2695 210211 1326 -23 0 17941960 31 0
56.450 14 SVINFO 6 13 0 6 37 8 340
56.534 14 COMMANDS 3225,-4,-53,0
56.633 14 FBW_STATUS 2 0 1 12.5 0.461007
56.651 14 CALIBRATION -105.186363 2
56.651 14 DL_VALUE 46 0.
56.651 14 WP_MOVED 3 360294.09375 4813785. 260. 31
56.682 14 NAVIGATION 15 1 -187.46875 104.5 358500.125 214.627075 48 26 26 0 0 0
56.701 14 GPS 3 36009356 481370007 2696 210216 1324 -11 0 17942239 31 0
56.750 14 COMMANDS 3206,-7,-50,0
56.750 14 ESTIMATOR 210.045273 -0.11
56.850 14 STATE_FILTER_STATUS 2 3 299
56.851 14 ATTITUDE 0.0023 4.657313 -0.015421
56.933 14 NAVIGATION 15 1 -191.1875 104.5 358496.40625 217.882797 48 26 26 0 0 0
56.950 14 GPS 3 36009039 481370005 2696 210215 1323 -16 0 17942480 31 0
57.049 14 PPRZ_MODE 2 3 2 0 0 6
57.150 14 ALIVE 179,209,69,119,115,11,176,21,181,244,80,210,55,176,198,136
57.150 14 WP_MOVED 4 360416.3125 4813734. 260. 31
57.183 14 NAVIGATION 15 1 -194.34375 104.5 358493.25 220.657516 48 26 26 0 0 0
57.200 14 GPS 3 36008721 481370003 2696 210210 1322 -14 0 17942720 31 0
57.250 14 ENERGY 32 12.5 0.450621 5.63276 0.053373 0.667128
57.250 14 NAVIGATION 15 1 -197.5625 104.5 358493.25 220.657516 48 26 26 0 0 0
57.250 14 ESTIMATOR 210.075104 -0.14
57.300 14 DESIRED 0.000864 -0.016471 0. -358684. -1500. 200. -0.302054 13.
57.350 14 IR_SENSORS 0 0 19 -16 264
57.350 14 AIRSPEED 13.6 0. 0. 0.
57.350 14 ATTITUDE 0.0023 4.657905 -0.015421
57.433 14 NAVIGATION 15 1 -197.5625 104.5 358490.03125 223.497635 49 27 27 0 0 0
57.450 14 FBW_STATUS 2 0 1 12.5 0.447638
57.451 14 GPS 3 36008404 481370001 2696 210201 1321 0 0 17942960 31 0
57.551 14 GPS_SOL 559 559 559 7
57.650 14 WP_MOVED 5 360421. 4813583.5 260. 31
57.684 14 NAVIGATION 15 1 -200.71875 104.5 358486.875 226.292435 49 27 27 0 0 0
57.700 14 GPS 3 36008035 481369999 2696 210186 1319 0 0 17943240 31 0
57.701 14 SVINFO 4 11 1 4 38 82 240
57.751 14 ESTIMATOR 210.108322 0.
57.851 14 ATTITUDE 0.0023 4.658133 -0.015421
57.933 14 NAVIGATION 15 1 -204.375 104.5 358483.21875 229.541702 49 27 27 0 0 0
57.951 14 GPS 3 36007718 481369997 2696 210170 1318 -2 0 17943480 31 0
57.951 14 SVINFO 5 12 1 5 37 44 290
58.053 14 DATALINK_REPORT 9 9 1761 546 0 0
58.150 14 DL_VALUE 47 7500.
58.151 14 WP_MOVED 6 360164.8125 4813664.5 260. 31
58.183 14 NAVIGATION 15 1 -207.5625 104.5 358480.03125 232.384247 49 27 27 0 0 0
58.199 14 GPS 3 36007402 481369995 2696 210151 1316 10 0 17943720 31 0
58.200 14 SVINFO 6 13 0 6 36 6 341
58.250 14 NAVIGATION 15 1 -210.75 104.5 358480.03125 232.384247 49 27 27 0 0 0
58.251 14 ESTIMATOR 210.12735 0.1
58.350 14 ENERGY 30 12.5 0.417705 5.221316 0.054172 0.677114
58.351 14 DESIRED 0.000457 -0.017949 0. -358684. -1500. 200. -0.303725 13.
58.351 14 AIRSPEED 13.6 0. 0. 0.
58.351 14 ATTITUDE -0.001473 4.657713 -0.015421
58.433 14 NAVIGATION 15 1 -210.75 104.5 358476.84375 235.235657 50 28 28 0 0 0
58.451 14 GPS 3 36007087 481369993 2696 210128 1314 2 0 17943960 31 0
58.451 14 SVINFO 0 7 0 0 42 1 41
58.551 14 NAVIGATION_REF 360284 4813595 31 185.
58.552 14 IR_SENSORS 0 0 18 -17 264
58.633 14 FBW_STATUS 2 0 1 12.5 0.409433
58.650 14 WP_MOVED 7 360558.40625 4813804.5 260. 31
58.684 14 NAVIGATION 15 1 -213.875 104.5 358473.71875 238.039413 50 28 28 0 0 0
58.700 14 GPS 3 36006719 481369990 2696 210096 1311 -14 0 17944240 31 0
58.700 14 SVINFO 1 8 0 1 41 12 91
58.706 14 WIND_INFO 14 5 -0.7 0.6 0. 13.6
58.751 14 CALIBRATION -72.945 2
58.751 14 ESTIMATOR 210.136932 -0.14
58.851 14 ATTITUDE -0.001473 4.656762 -0.01919
58.934 14 NAVIGATION 15 1 -217.5625 104.5 358470.03125 241.358017 50 28 28 0 0 0
58.949 14 GPS 3 36006405 481369988 2695 210064 1309 -18 0 17944480 31 0
58.949 14 SVINFO 2 9 1 2 40 53 141
59.150 14 WP_MOVED 8 1600. 4812095. 200. 31
59.182 14 NAVIGATION 15 1 -220.71875 104.5 358466.875 244.206909 50 28 28 0 0 0
59.200 14 GPS 3 36006091 481369986 2695 210028 1307 -24 0 17944720 31 0
59.201 14 SVINFO 3 10 1 3 39 86 191
59.251 14 NAVIGATION 15 1 -223.84375 104.5 358466.875 244.206909 50 28 28 0 0 0
59.251 14 ESTIMATOR 210.042252 -0.24
59.351 14 AIRSPEED 13.6 0. 0. 0.
59.351 14 ATTITUDE 0.0023 4.656033 -0.01919
59.400 14 DESIRED 0.00129 -0.017064 0. -358684. -1500. 200. -0.302765 13.
59.433 14 NAVIGATION 15 1 -223.84375 104.5 358463.75 247.034958 51 29 29 0 0 0
59.450 14 FBW_STATUS 2 0 1 12.5 0.405138
59.450 14 ENERGY 30 12.5 0.405138 5.064231 0.05492 0.686465
59.450 14 GPS 3 36005778 481369983 2695 209989 1306 -16 0 17944960 31 0
59.552 14 GPS_SOL 543 543 543 7
59.651 14 DL_VALUE 48 1500.
59.651 14 WP_MOVED 9 360312.8125 4813652. 185. 31
59.684 14 NAVIGATION 15 1 -227. 104.5 358460.59375 249.898483 51 29 29 0 0 0
59.700 14 GPS 3 36005412 481369981 2695 209941 1304 -18 0 17945240 31 0
59.749 14 IR_SENSORS 0 0 18 -16 264
59.750 14 ESTIMATOR 209.943222 -0.18
59.851 14 ATTITUDE 0.0023 4.65587 -0.01919
59.933 14 NAVIGATION 15 1 -230.625 104.5 358456.96875 253.195862 51 29 29 0 0 0
59.950 14 GPS 3 36005099 481369978 2695 209897 1304 -23 0 17945480 31 0
60.151 14 WP_MOVED 10 360452.8125 4813581. 260. 31
60.183 14 NAVIGATION 15 1 -233.75 104.5 358453.84375 256.045532 51 29 29 0 0 0
60.201 14 GPS 3 36004786 481369976 2695 209853 1303 -20 0 17945720 31 0
60.201 14 SVINFO 0 7 0 0 41 0 42
60.251 14 NAVIGATION 15 1 -236.90625 104.5 358453.84375 256.045532 51 29 29 0 0 0
60.251 14 ESTIMATOR 209.843643 -0.2
60.351 14 AIRSPEED 13.6 0. 0. 0.
60.351 14 ATTITUDE 0.0023 4.656065 -0.015421
60.432 14 NAVIGATION 15 1 -236.90625 104.5 358450.6875 258.930145 52 30 30 0 0 0
60.451 14 DESIRED 0.001295 -0.014526 0. -358684. -1500. 200. -0.295309 13.
60.451 14 GPS 3 36004474 481369974 2695 209809 1302 -16 0 17945960 31 0
60.451 14 SVINFO 1 8 1 1 40 14 92
60.552 14 ENERGY 29 12.5 0.39863 4.982871 0.055658 0.695692
60.633 14 FBW_STATUS 2 0 1 12.5 0.397433
60.651 14 WP_MOVED 11 360169.5 4813757.5 260. 31
60.683 14 NAVIGATION 15 1 -240.03125 104.5 358447.5625 261.792389 52 30 30 0 0 0
60.699 14 GPS 3 36004109 481369971 2695 209758 1301 -32 0 17946240 31 0
60.699 14 SVINFO 2 9 1 2 39 56 142
60.751 14 ESTIMATOR 209.757706 -0.32
60.851 14 CALIBRATION -60.432049 0
60.851 14 ATTITUDE 0.0023 4.656101 -0.015421
60.933 14 NAVIGATION 15 1 -243.65625 104.5 358443.9375 265.119995 52 30 30 0 0 0
60.949 14 IR_SENSORS 0 0 19 -16 264
60.950 14 GPS 3 36003797 481369969 2695 209714 1300 -38 0 17946480 31 0
60.950 14 SVINFO 3 10 1 3 38 87 192
61.149 14 DL_VALUE 49 1.
61.150 14 WP_MOVED 12 360287.59375 4813581. 260. 31
61.183 14 NAVIGATION 15 1 -246.78125 104.5 358440.8125 267.994843 52 30 30 0 0 0
61.201 14 GPS 3 36003485 481369967 2695 209670 1300 -40 0 17946720 31 0
61.201 14 SVINFO 4 11 1 4 37 79 242
61.250 14 NAVIGATION 15 1 -249.90625 104. 358440.8125 267.994843 52 30 30 0 0 0
61.250 14 ESTIMATOR 209.612061 -0.4
61.351 14 AIRSPEED 13.6 0. 0. 0.
61.351 14 ATTITUDE 0.0023 4.655793 -0.015421
61.433 14 NAVIGATION 15 1 -249.90625 104. 358437.6875 270.682709 53 31 31 0 0 0
61.450 14 FBW_STATUS 2 0 1 12.5 0.405825
61.450 14 GPS 3 36003173 481369964 2695 209626 1300 -40 0 17946960 31 0
61.450 14 SVINFO 5 12 0 5 36 38 292
61.501 14 DESIRED 0.001298 -0.014179 0. -358684. -1500. 200. -0.288362 13.
61.540 14 COMMANDS 2914,-7,14,0
61.550 14 GPS_SOL 528 528 528 7
61.651 14 ENERGY 30 12.5 0.408058 5.100721 0.056395 0.704909
61.651 14 WP_MOVED 13 360311.5 4813547. 260. 31
61.684 14 NAVIGATION 15 1 -253.03125 104. 358434.5625 273.570496 53 31 31 0 0 0
61.700 14 GPS 3 36002809 481369961 2695 209575 1300 -52 0 17947240 31 0
61.700 14 SVINFO 6 13 1 6 35 3 343
61.749 14 COMMANDS 2942,-7,16,0
61.750 14 ESTIMATOR 209.475708 -0.52
61.851 14 STATE_FILTER_STATUS 2 3 299
61.851 14 ATTITUDE 0.0023 4.655883 -0.015421
61.933 14 NAVIGATION 15 1 -256.65625 104. 358430.9375 276.926758 53 31 31 0 0 0
61.950 14 GPS 3 36002496 481369959 2695 209533 1301 -35 0 17947480 31 0
62.049 14 PPRZ_MODE 2 3 2 0 0 6
62.151 14 ALIVE 179,209,69,119,115,11,176,21,181,244,80,210,55,176,198,136
62.151 14 IR_SENSORS 0 0 19 -16 264
62.151 14 WP_MOVED 14 360300.6875 4813575.5 260. 31
62.183 14 NAVIGATION 15 1 -259.78125 104. 358427.8125 279.82547 53 31 31 0 0 0
62.199 14 GPS 3 36002184 481369957 2696 209492 1301 -38 0 17947720 31 0
62.250 14 NAVIGATION 15 1 -262.90625 104. 358427.8125 279.82547 53 31 31 0 0 0
62.250 14 ESTIMATOR 209.354065 -0.38
62.350 14 AIRSPEED 13.6 0. 0. 0.
62.351 14 ATTITUDE 0.0023 4.656369 -0.015421
62.433 14 NAVIGATION 15 1 -262.90625 104. 358424.6875 282.729004 54 32 32 0 0 0
62.450 14 GPS 3 36001871 481369955 2696 209453 1302 -54 0 17947960 31 0
62.549 14 DESIRED 0.001298 -0.013792 0. -358684. -1500. 200. -0.280622 13.
62.633 14 FBW_STATUS 2 0 1 12.5 0.425493
62.650 14 DL_VALUE 50 0.3
62.650 14 WP_MOVED 15 360297.6875 4813554.5 260. 31
62.683 14 NAVIGATION 15 1 -266.03125 104. 358421.5625 285.637238 54 32 32 0 0 0
62.700 14 GPS 3 36001506 481369953 2696 209410 1303 -42 0 17948240 31 0
62.700 14 SVINFO 3 10 1 3 37 88 193
62.751 14 ENERGY 31 12.5 0.426013 5.325165 0.057161 0.714474
62.751 14 ESTIMATOR 209.234573 -0.42
62.851 14 ATTITUDE 0.0023 4.656912 -0.015421
62.933 14 NAVIGATION 15 1 -269.71875 104. 358417.875 289.074738 54 32 32 0 0 0
62.950 14 CALIBRATION -77.213379 0
62.950 14 GPS 3 36001193 481369951 2696 209375 1304 -32 0 17948480 31 0
62.950 14 SVINFO 4 11 0 4 36 77 243
63.150 14 DATALINK_REPORT 4 10 1890 539 0 0
63.150 14 WP_MOVED 16 361184. 4813643. 260. 31
63.183 14 NAVIGATION 15 1 -272.84375 104. 358414.75 291.992645 54 32 32 0 0 0
63.200 14 GPS 3 36000880 481369949 2696 209343 1305 -28 0 17948720 31 0
63.200 14 SVINFO 5 12 0 5 35 35 293
63.251 14 NAVIGATION 15 1 -275.9375 104. 358414.75 291.992645 54 32 32 0 0 0
63.251 14 ESTIMATOR 209.171829 -0.28
63.351 14 IR_SENSORS 0 0 20 -17 264
63.351 14 AIRSPEED 13.6 0. 0. 0.
63.351 14 ATTITUDE -0.001473 4.656997 -0.011653
63.433 14 NAVIGATION 15 1 -275.9375 104. 358411.65625 294.885559 55 33 33 0 0 0
63.450 14 FBW_STATUS 2 0 1 12.5 0.42879
63.451 14 GPS 3 36000566 481369946 2696 209312 1306 -14 0 17948960 31 0
63.451 14 SVINFO 6 13 1 6 34 2 344
63.551 14 GPS_SOL 512 512 512 7
63.599 14 DESIRED 0.000885 -0.013518 0. -358684. -1500. 200. -0.275155 13.
63.650 14 WP_MOVED 17 361184. 4813643. 260. 31
63.683 14 NAVIGATION 15 1 -279.0625 104. 358408.53125 297.811798 55 33 33 0 0 0
63.699 14 GPS 3 36000200 481369944 2696 209279 1307 -13 0 17949240 31 0
63.699 14 SVINFO 0 7 0 0 40 0 44
63.749 14 ESTIMATOR 209.161484 -0.13
63.850 14 ENERGY 31 12.5 0.422374 5.279676 0.057944 0.724261
63.851 14 ATTITUDE 0.0023 4.656785 -0.011653
63.933 14 NAVIGATION 15 1 -282.75 104. 358404.84375 301.269928 55 33 33 0 0 0
63.949 14 GPS 3 35999887 481369942 2696 209250 1307 -9 0 17949480 31 0
63.949 14 SVINFO 1 8 1 1 39 19 94
64.151 14 AUTOPILOT_VERSION 51500 v5.15_devel-179-g9a29798-dirty
64.151 14 DL_VALUE 51 1.
64.151 14 WP_MOVED 18 360289. 4813605. 220. 31
64.183 14 NAVIGATION 15 1 -285.875 104. 358401.71875 304.204712 55 33 33 0 0 0
64.199 14 GPS 3 35999573 481369940 2696 209222 1306 -3 0 17949720 31 0
64.199 14 SVINFO 2 9 1 2 38 62 144
64.251 14 NAVIGATION 15 1 -289.03125 104. 358401.71875 304.204712 55 33 33 0 0 0
64.251 14 ESTIMATOR 209.159271 -0.03
64.351 14 AIRSPEED 13.6 0. 0. 0.
64.351 14 ATTITUDE 0.0023 4.656993 -0.015421
64.433 14 NAVIGATION 15 1 -289.03125 104. 358398.5625 307.172699 56 34 34 0 0 0
64.450 14 GPS 3 35999260 481369938 2696 209193 1305 -4 0 17949960 31 0
64.549 14 IR_SENSORS 0 0 19 -16 264
64.633 14 FBW_STATUS 2 0 1 12.5 0.406512
64.650 14 DESIRED 0.000884 -0.013499 0. -358684. -1500. 200. -0.274778 13.
64.651 14 WP_MOVED 19 360289. 4813610. 500. 31
64.683 14 NAVIGATION 15 1 -292.15625 104. 358395.4375 310.114929 56 34 34 0 0 0
64.699 14 GPS 3 35998894 481369935 2696 209158 1304 -8 0 17950240 31 0
64.750 14 ESTIMATOR 209.153809 -0.08
64.850 14 ATTITUDE 0.0023 4.657171 -0.011653
64.933 14 NAVIGATION 15 1 -295.78125 103.5 358391.8125 313.366882 56 34 34 0 0 0
64.950 14 ENERGY 29 12.5 0.401539 5.019234 0.058698 0.733695
64.950 14 GPS 3 35998582 481369933 2696 209127 1302 -8 0 17950480 31 0
65.050 14 CALIBRATION -59.191299 0
65.150 14 WP_MOVED 20 360289. 4813620. 300. 31
65.183 14 NAVIGATION 15 1 -298.90625 103.5 358388.6875 316.318176 56 34 34 0 0 0
65.199 14 GPS 3 35998269 481369931 2696 209094 1301 -11 0 17950720 31 0
65.250 14 NAVIGATION 15 1 -302.0625 103.5 358388.6875 316.318176 56 34 34 0 0 0
65.250 14 ESTIMATOR 209.107407 -0.11
65.350 14 AIRSPEED 13.6 0. 0. 0.
65.350 14 ATTITUDE -0.001473 4.656824 -0.011653
65.433 14 NAVIGATION 15 1 -302.0625 103.5 358385.53125 319.302368 57 35 35 0 0 0
65.450 14 FBW_STATUS 2 0 1 12.5 0.394018
65.450 14 GPS 3 35997957 481369929 2696 209059 1299 -10 0 17950960 31 0
65.450 14 SVINFO 0 7 0 0 39 0 45
65.551 14 GPS_SOL 496 496 496 7
65.650 14 DL_VALUE 52 0.1
65.650 14 WP_MOVED 21 360289. 4813625. 400. 31
65.683 14 NAVIGATION 15 1 -305.1875 103.5 358382.40625 322.260223 57 35 35 0 0 0
65.700 14 DESIRED 0.000893 -0.013458 0. -358684. -1500. 200. -0.272236 13.
65.700 14 GPS 3 35997594 481369927 2695 209016 1297 -16 0 17951240 31 0
65.700 14 SVINFO 1 8 1 1 38 21 95
65.750 14 IR_SENSORS 0 0 19 -17 264
65.750 14 ESTIMATOR 209.040924 -0.16
65.850 14 ATTITUDE -0.001473 4.655917 -0.015421
65.933 14 NAVIGATION 15 1 -308.84375 103.5 358378.75 325.724915 57 35 35 0 0 0
65.950 14 GPS 3 35997283 481369924 2695 208977 1296 -29 0 17951480 31 0
65.950 14 SVINFO 2 9 1 2 37 65 145
66.050 14 ENERGY 29 12.5 0.390951 4.886884 0.059421 0.742724
66.151 14 WP_MOVED 22 360289. 4813645. 250. 31
66.183 14 NAVIGATION 15 1 -311.90625 103.5 358375.6875 328.630127 57 35 35 0 0 0
66.199 14 GPS 3 35996972 481369922 2695 208935 1295 -40 0 17951720 31 0
66.199 14 SVINFO 3 10 1 3 36 89 195
66.251 14 NAVIGATION 15 1 -315.03125 103.5 358375.6875 328.630127 57 35 35 0 0 0
66.251 14 ESTIMATOR 208.925552 -0.4
66.351 14 AIRSPEED 13.6 0. 0. 0.
66.351 14 ATTITUDE -0.001473 4.655326 -0.015421
66.433 14 NAVIGATION 15 1 -315.03125 103.5 358372.5625 331.597565 58 36 36 0 0 0
66.450 14 GPS 3 35996661 481369920 2695 208893 1294 -39 0 17951960 31 0
66.450 14 SVINFO 4 11 1 4 35 72 245
66.533 14 COMMANDS 2854,20,-18,0
66.632 14 FBW_STATUS 2 0 1 12.5 0.398117
66.650 14 WP_MOVED 0 360326. 4813637. 260. 31
66.683 14 NAVIGATION 15 1 -318.15625 103.5 358369.4375 334.567841 58 36 36 0 0 0
66.699 14 GPS 3 35996299 481369916 2695 208841 1294 -44 0 17952240 31 0
66.699 14 SVINFO 5 12 1 5 34 29 295
66.751 14 COMMANDS 2878,23,27,0
66.751 14 DESIRED 0.001709 -0.013111 0. -358684. -1500. 200. -0.265287 13.
66.751 14 ESTIMATOR 208.769958 -0.44
66.850 14 STATE_FILTER_STATUS 2 3 300
66.850 14 ATTITUDE 0.0023 4.654412 -0.011653
66.933 14 NAVIGATION 15 1 -321.75 103.5 358365.84375 337.987152 58 36 36 0 0 0
66.950 14 IR_SENSORS 0 0 20 -17 264
66.950 14 GPS 3 35995988 481369914 2695 208797 1294 -50 0 17952480 31 0
66.950 14 SVINFO 6 13 1 6 33 0 346
67.050 14 PPRZ_MODE 2 3 2 0 0 6
67.151 14 ALIVE 179,209,69,119,115,11,176,21,181,244,80,210,55,176,198,136
67.151 14 CALIBRATION -61.092445 0
67.151 14 DL_VALUE 53 -0.062832
67.151 14 ENERGY 30 12.5 0.409089 5.113614 0.060151 0.751857
67.151 14 WP_MOVED 1 360284. 4813595. 260. 31
67.183 14 NAVIGATION 15 1 -324.875 103.5 358362.71875 340.963379 58 36 36 0 0 0
67.199 14 GPS 3 35995677 481369911 2694 208752 1295 -55 0 17952720 31 0
67.251 14 NAVIGATION 15 1 -328. 103.5 358362.71875 340.963379 58 36 36 0 0 0
67.251 14 ESTIMATOR 208.616898 -0.55
67.351 14 AIRSPEED 13.6 0. 0. 0.
67.351 14 ATTITUDE -0.001473 4.65403 -0.011653
67.433 14 NAVIGATION 15 1 -328. 103.5 358359.59375 343.94223 59 37 37 0 0 0
67.450 14 FBW_STATUS 2 0 1 12.5 0.417878
67.450 14 GPS 3 35995366 481369908 2694 208709 1297 -51 0 17952960 31 0
67.551 14 NAVIGATION_REF 360284 4813595 31 185.
67.551 14 GPS_SOL 480 480 480 7
67.649 14 WP_MOVED 2 360333.5 4813695. 260. 31
67.684 14 NAVIGATION 15 1 -331.0625 103.5 358356.53125 346.863983 59 37 37 0 0 0
67.701 14 GPS 3 35995002 481369905 2694 208660 1299 -54 0 17953240 31 0
67.701 14 SVINFO 2 9 1 2 36 68 146
67.749 14 ESTIMATOR 208.474915 -0.54
67.799 14 DESIRED 0.002114 -0.012654 0. -358684. -1500. 200. -0.256152 13.
67.851 14 ATTITUDE -0.001473 4.653595 -0.011653
67.933 14 NAVIGATION 15 1 -334.75 103.5 358352.84375 350.385223 59 37 37 0 0 0
67.949 14 GPS 3 35994690 481369902 2694 208620 1301 -55 0 17953480 31 0
67.950 14 SVINFO 3 10 0 3 35 89 196
68.149 14 IR_SENSORS 0 0 20 -17 264
68.149 14 WP_MOVED 3 360294.09375 4813785. 260. 31
68.183 14 NAVIGATION 15 1 -337.875 103.5 358349.71875 353.371979 59 37 37 0 0 0
68.199 14 GPS 3 35994377 481369899 2694 208583 1303 -30 0 17953720 31 0
68.199 14 SVINFO 4 11 1 4 34 69 246
68.250 14 DATALINK_REPORT 9 10 2023 561 0 0
68.251 14 ENERGY 32 12.5 0.435227 5.440342 0.060929 0.761575
68.251 14 NAVIGATION 15 1 -341. 103.5 358349.71875 353.371979 59 37 37 0 0 0
68.251 14 ESTIMATOR 208.353699 -0.3
68.350 14 AIRSPEED 13.6 0. 0. 0.
68.350 14 ATTITUDE 0.0023 4.653212 -0.015421
68.433 14 NAVIGATION 15 1 -341. 103.5 358346.59375 356.361115 60 38 38 0 0 0
68.450 14 GPS 3 35994064 481369895 2694 208549 1305 -32 0 17953960 31 0
68.633 14 FBW_STATUS 2 0 1 12.5 0.438017
68.650 14 DL_VALUE 54 0.087266
68.650 14 WP_MOVED 4 360416.3125 4813734. 260. 31
68.684 14 NAVIGATION 15 1 -344.125 103.5 358343.46875 359.35257 60 38 38 0 0 0
68.700 14 GPS 3 35993698 481369892 2694 208512 1307 -18 0 17954240 31 0
68.707 14 WIND_INFO 14 5 -0.6 0.6 0. 13.6
68.751 14 ESTIMATOR 208.330811 -0.18
68.851 14 DESIRED 0.002931 -0.012283 0. -358684. -1500. 200. -0.250445 13.
68.851 14 ATTITUDE 0.0023 4.652928 -0.011653
68.933 14 NAVIGATION 15 1 -347.78125 103.5 358339.8125 362.855408 60 38 38 0 0 0
68.951 14 GPS 3 35993384 481369888 2693 208483 1308 -24 0 17954480 31 0
68.951 14 SVINFO 0 7 0 0 38 0 47
69.150 14 WP_MOVED 5 360421. 4813583.5 260. 31
69.183 14 NAVIGATION 15 1 -350.90625 103.5 358336.6875 365.851654 60 38 38 0 0 0
69.200 14 GPS 3 35993070 481369885 2693 208456 1309 -36 0 17954720 31 0
69.200 14 SVINFO 1 8 1 1 37 27 97
69.251 14 CALIBRATION -79.232597 0
69.251 14 NAVIGATION 15 1 -354.03125 103.5 358336.6875 365.851654 60 38 38 0 0 0
69.251 14 ESTIMATOR 208.322617 -0.36
69.349 14 IR_SENSORS 0 0 20 -16 264
69.350 14 ENERGY 32 12.5 0.438541 5.481763 0.061729 0.771575
69.350 14 AIRSPEED 13.6 0. 0. 0.
69.350 14 ATTITUDE 0.0023 4.653287 -0.011653
69.433 14 NAVIGATION 15 1 -354.03125 103.5 358333.5625 368.850067 61 39 39 0 0 0
69.450 14 FBW_STATUS 2 0 1 12.5 0.439589
69.451 14 GPS 3 35992755 481369882 2693 208431 1310 -31 0 17954960 31 0
69.550 14 GPS_SOL 464 464 464 7
69.651 14 WP_MOVED 6 360164.8125 4813664.5 260. 31
69.683 14 NAVIGATION 15 1 -357.1875 103.5 358330.40625 371.880554 61 39 39 0 0 0
69.699 14 GPS 3 35992388 481369878 2693 208403 1311 -43 0 17955240 31 0
69.751 14 ESTIMATOR 208.256699 -0.43
69.851 14 ATTITUDE 0.0023 4.653288 -0.015421
69.901 14 DESIRED 0.002933 -0.012186 0. -358684. -1500. 200. -0.248508 13.
69.933 14 NAVIGATION 15 1 -360.875 103.5 358326.71875 375.423767 61 39 39 0 0 0
69.950 14 GPS 3 35992073 481369874 2693 208380 1312 -23 0 17955480 31 0
70.150 14 DL_VALUE 55 1.
70.150 14 WP_MOVED 7 360558.40625 4813804.5 260. 31
70.183 14 NAVIGATION 15 1 -364.03125 103.5 358323.5625 378.45871 61 39 39 0 0 0
70.199 14 GPS 3 35991758 481369871 2693 208358 1312 -33 0 17955720 31 0
70.199 14 SVINFO 5 12 1 5 33 23 297
70.249 14 NAVIGATION 15 1 -367.15625 103. 358323.5625 378.45871 61 39 39 0 0 0
70.249 14 ESTIMATOR 208.204208 -0.33
70.349 14 AIRSPEED 13.6 0. 0. 0.
70.349 14 ATTITUDE 0.0023 4.653521 -0.011653
70.435 14 NAVIGATION 15 1 -367.15625 103. 358320.4375 381.3302 62 40 40 0 0 0
70.451 14 ENERGY 32 12.5 0.446937 5.586709 0.062541 0.781728
70.451 14 GPS 3 35991443 481369868 2694 208337 1313 -30 0 17955960 31 0
70.452 14 SVINFO 6 13 1 6 32 0 348
70.550 14 IR_SENSORS 0 0 20 -16 264
70.633 14 FBW_STATUS 2 0 1 12.5 0.447638
70.651 14 WP_MOVED 8 1600. 4812095. 200. 31
70.684 14 NAVIGATION 15 1 -370.3125 103. 358317.28125 384.370056 62 40 40 0 0 0
70.699 14 GPS 3 35991075 481369864 2694 208315 1314 -6 0 17956240 31 0
70.699 14 SVINFO 0 7 0 0 37 1 48
70.750 14 ESTIMATOR 208.156769 -0.06
70.849 14 ATTITUDE 0.0023 4.654423 -0.011653
70.933 14 NAVIGATION 15 1 -374. 103. 358313.59375 387.92395 62 40 40 0 0 0
70.950 14 DESIRED 0.002523 -0.011996 0. -358684. -1500. 200. -0.244703 13.
70.951 14 GPS 3 35990759 481369861 2694 208296 1314 -14 0 17956480 31 0
70.951 14 SVINFO 1 8 1 1 36 30 98
71.149 14 WP_MOVED 9 360312.8125 4813652. 185. 31
71.187 14 NAVIGATION 15 1 -377.15625 103. 358310.4375 390.967834 62 40 40 0 0 0
71.201 14 GPS 3 35990444 481369858 2694 208279 1314 -8 0 17956720 31 0
71.202 14 SVINFO 2 9 0 2 35 73 148
71.251 14 NAVIGATION 15 1 -380.3125 103. 358310.4375 390.967834 62 40 40 0 0 0
71.251 14 ESTIMATOR 208.180466 -0.08
71.350 14 CALIBRATION -79.587555 0
71.350 14 AIRSPEED 13.6 0. 0. 0.
71.350 14 ATTITUDE 0.0023 4.655018 -0.011653
71.433 14 NAVIGATION 15 1 -380.3125 103. 358307.28125 394.013458 63 41 41 0 0 0
71.450 14 FBW_STATUS 2 0 1 12.5 0.434879
71.450 14 GPS 3 35990128 481369855 2694 208261 1314 -4 0 17956960 31 0
71.450 14 SVINFO 3 10 1 3 34 89 198
