3.207 14 NAVIGATION 2 2 0. 0. 0. 0. 0 6 6 1 0 0
3.222 14 GPS 3 36028477 481359546 899 185000 0 20 0 17689960 31 0
3.406 14 FBW_STATUS 2 0 1 12.5 0.
3.423 14 DL_VALUE 10 1.
3.423 14 WP_MOVED 10 360452.8125 4813581. 260. 31
3.456 14 NAVIGATION 2 2 0. 0. 0. 0. 0 6 6 1 0 0
3.474 14 DESIRED 0. 0.00024 0. 0. 0. 235. 0. 13.
3.474 14 GPS 3 36028477 481359546 899 185000 0 32 0 17690240 31 0
3.523 14 ESTIMATOR 185.067108 0.32
3.623 14 ATTITUDE 0.0023 0. -0.000365
3.707 14 NAVIGATION 2 2 0. 0. 0. 0. 0 6 6 1 0 0
3.724 14 GPS 3 36028477 481359546 899 185000 0 33 0 17690480 31 0
3.924 14 WP_MOVED 11 360169.5 4813757.5 260. 31
3.956 14 NAVIGATION 2 2 0. 0. 0. 0. 0 6 6 1 0 0
3.974 14 GPS 3 36028477 481359546 899 185000 0 34 0 17690720 31 0
3.975 14 SVINFO 3 10 1 3 48 6 159
4.023 14 NAVIGATION 2 2 0. 0. 0. 0. 0 6 6 1 0 0
4.023 14 ESTIMATOR 185.14418 0.34
4.128 14 IR_SENSORS 0 0 23 -16 264
4.129 14 ENERGY 0 12.5 0. 0. 0. 0.
4.129 14 AIRSPEED 0. 0. 0. 0.
4.129 14 ATTITUDE 0.0023 0. -0.000365
4.208 14 NAVIGATION 2 2 0. 0. 0. 0. 0 7 7 1 0 0
4.225 14 FBW_STATUS 2 0 1 12.5 0.
4.225 14 GPS 3 36028477 481359546 899 185000 0 21 0 17690960 31 0
4.324 14 GPS_SOL 625 625 625 7
4.424 14 WP_MOVED 12 360287.59375 4813581. 260. 31
4.456 14 NAVIGATION 2 2 0. 0. 0. 0. 0 7 7 1 0 0
4.473 14 GPS 3 36028477 481359546 899 185000 0 26 0 17691240 31 0
4.523 14 DESIRED 0. 0.00024 0. 0. 0. 235. 0. 13.
4.524 14 ESTIMATOR 185.164108 0.26
4.623 14 ATTITUDE 0.0023 0. -0.000365
4.708 14 NAVIGATION 2 2 0. 0. 0. 0. 0 7 7 1 0 0
4.725 14 GPS 3 36028477 481359546 899 185000 0 18 0 17691480 31 0
4.924 14 CALIBRATION 0. 0
4.924 14 DL_VALUE 11 5.
4.925 14 WP_MOVED 13 360311.5 4813547. 260. 31
4.956 14 NAVIGATION 2 2 0. 0. 0. 0. 0 7 7 1 0 0
4.977 14 GPS 3 36028477 481359546 899 185000 0 6 0 17691720 31 0
4.977 14 SVINFO 0 7 0 0 46 79 10
5.025 14 NAVIGATION 2 2 0. 0. 0. 0. 0 7 7 1 0 0
5.026 14 ESTIMATOR 185.16069 0.06
5.123 14 AIRSPEED 0. 0. 0. 0.
5.123 14 ATTITUDE 0.0023 0. -0.000365
5.206 14 NAVIGATION 2 2 0. 0. 0. 0. 0 8 8 1 0 0
5.224 14 ENERGY 0 12.5 0. 0. 0. 0.
5.224 14 GPS 3 36028477 481359546 899 185000 0 0 0 17691960 31 0
5.225 14 SVINFO 1 8 1 1 47 38 60
5.323 14 NAVIGATION_REF 360284 4813595 31 185.
5.323 14 IR_SENSORS 0 0 23 -16 264
5.407 14 FBW_STATUS 2 0 1 12.5 0.
5.424 14 WP_MOVED 14 360300.6875 4813575.5 260. 31
5.456 14 NAVIGATION 2 2 0. 0. 0. 0. 0 8 8 1 0 0
5.474 14 GPS 3 36028477 481359546 899 185000 0 13 0 17692240 31 0
5.474 14 SVINFO 2 9 1 2 48 3 110
5.523 14 ESTIMATOR 185.096848 0.13
5.574 14 DESIRED 0. 0.00024 0. 0. 0. 235. 0. 13.
5.628 14 ATTITUDE 0.0023 0. -0.000365
5.707 14 NAVIGATION 2 2 0. 0. 0. 0. 0 8 8 1 0 0
5.723 14 GPS 3 36028477 481359546 899 185000 0 -2 0 17692480 31 0
5.924 14 WP_MOVED 15 360297.6875 4813554.5 260. 31
5.956 14 NAVIGATION 2 2 0. 0. 0. 0. 0 8 8 1 0 0
5.973 14 GPS 3 36028477 481359546 899 185000 0 -16 0 17692720 31 0
5.974 14 SVINFO 4 11 1 4 49 46 210
6.024 14 NAVIGATION 2 2 0. 0. 0. 0. 0 8 8 1 0 0
6.024 14 ESTIMATOR 185.067444 -0.16
6.124 14 AIRSPEED 0. 0. 0. 0.
6.125 14 ATTITUDE 0.0023 0. -0.000365
6.207 14 NAVIGATION 2 2 0. 0. 0. 0. 0 9 9 1 0 0
6.223 14 FBW_STATUS 2 0 1 12.5 0.
6.224 14 GPS 3 36028477 481359546 899 185000 0 -3 0 17692960 31 0
6.323 14 GPS_SOL 637 637 637 7
6.323 14 ENERGY 0 12.5 0. 0. 0. 0.
6.423 14 DL_VALUE 12 100.
6.423 14 WP_MOVED 16 361184. 4813643. 260. 31
6.456 14 NAVIGATION 2 2 0. 0. 0. 0. 0 9 9 1 0 0
6.472 14 GPS 3 36028477 481359546 899 185000 0 2 0 17693239 31 0
6.523 14 IR_SENSORS 0 0 23 -16 264
6.523 14 ESTIMATOR 185.01033 0.02
6.624 14 DESIRED 0. 0.00024 0. 0. 0. 235. 0. 13.
6.624 14 ATTITUDE 0.0023 0. -0.000365
6.707 14 NAVIGATION 2 2 0. 0. 0. 0. 0 9 9 1 0 0
6.723 14 GPS 3 36028477 481359546 899 185000 0 -9 0 17693480 31 0
6.724 14 SVINFO 0 7 0 0 47 76 11
6.923 14 WP_MOVED 17 361184. 4813643. 260. 31
6.956 14 NAVIGATION 2 2 0. 0. 0. 0. 0 9 9 1 0 0
6.975 14 GPS 3 36028477 481359546 899 185000 0 13 0 17693720 31 0
7.024 14 CALIBRATION 0. 0
7.024 14 NAVIGATION 2 2 0. 0. 0. 0. 0 9 9 1 0 0
7.024 14 ESTIMATOR 184.991745 0.13
7.123 14 AIRSPEED 0. 0. 0. 0.
7.124 14 ATTITUDE 0.0023 0. -0.000365
7.209 14 NAVIGATION 2 2 0. 0. 0. 0. 0 10 10 1 0 0
7.225 14 GPS 3 36028477 481359546 899 185000 0 10 0 17693960 31 0
7.305 14 COMMANDS 0,-17,7,0
7.408 14 FBW_STATUS 2 0 1 12.5 0.
7.424 14 ENERGY 0 12.5 0. 0. 0. 0.
7.424 14 WP_MOVED 18 360289. 4813605. 220. 31
7.457 14 NAVIGATION 2 2 0. 0. 0. 0. 0 10 10 1 0 0
7.474 14 GPS 3 36028477 481359546 899 185000 0 24 0 17694239 31 0
7.523 14 COMMANDS 0,-17,7,0
7.523 14 ESTIMATOR 185.031967 0.24
7.625 14 STATE_FILTER_STATUS 2 3 303
7.625 14 ATTITUDE 0.0023 0. -0.000365
7.673 14 DESIRED 0. 0.00024 0. 0. 0. 235. 0. 13.
7.708 14 NAVIGATION 2 2 0. 0. 0. 0. 0 10 10 1 0 0
7.722 14 IR_SENSORS 0 0 23 -16 264
7.723 14 GPS 3 36028477 481359546 899 185000 0 34 0 17694480 31 0
7.823 14 DATALINK_REPORT 9 1 514 529 0 0
7.824 14 PPRZ_MODE 2 1 2 0 0 6
7.925 14 ALIVE 179,209,69,119,115,11,176,21,181,244,80,210,55,176,198,136
7.926 14 DL_VALUE 13 1.
7.926 14 WP_MOVED 19 360289. 4813610. 500. 31
7.957 14 NAVIGATION 2 2 0. 0. 0. 0. 0 10 10 1 0 0
7.977 14 GPS 3 36028477 481359546 899 185000 0 18 0 17694720 31 0
8.025 14 NAVIGATION 2 2 0. 0. 0. 0. 0 10 10 1 0 0
8.026 14 ESTIMATOR 185.113937 0.18
8.123 14 AIRSPEED 0. 0. 0. 0.
8.123 14 ATTITUDE 0.0023 0. -0.000365
8.206 14 NAVIGATION 2 2 0. 0. 0. 0. 0 11 11 1 0 0
8.223 14 FBW_STATUS 2 0 1 12.5 0.
8.223 14 GPS 3 36028477 481359546 899 185000 0 21 0 17694960 31 0
8.324 14 GPS_SOL 648 648 648 7
8.424 14 WP_MOVED 20 360289. 4813620. 300. 31
8.456 14 NAVIGATION 2 2 0. 0. 0. 0. 0 11 11 1 0 0
8.474 14 GPS 3 36028477 481359546 899 185000 0 17 0 17695239 31 0
8.523 14 ENERGY 0 12.5 0. 0. 0. 0.
8.523 14 ESTIMATOR 185.12677 0.17
8.621 14 WIND_INFO 14 5 0. 0. 0. 0.
8.624 14 ATTITUDE 0.0023 0. -0.000365
8.706 14 NAVIGATION 2 2 0. 0. 0. 0. 0 11 11 1 0 0
8.725 14 DESIRED 0. 0.00024 0. 0. 0. 235. 0. 13.
8.725 14 GPS 3 36028477 481359546 899 185000 0 15 0 17695480 31 0
8.725 14 SVINFO 1 8 0 1 48 32 62
8.924 14 IR_SENSORS 0 0 23 -16 264
8.924 14 WP_MOVED 21 360289. 4813625. 400. 31
8.957 14 NAVIGATION 2 2 0. 0. 0. 0. 0 11 11 1 0 0
8.973 14 GPS 3 36028477 481359546 899 185000 0 16 0 17695720 31 0
9.024 14 NAVIGATION 2 2 0. 0. 0. 0. 0 11 11 1 0 0
9.024 14 ESTIMATOR 185.121323 0.16
9.124 14 CALIBRATION 0. 0
9.124 14 AIRSPEED 0. 0. 0. 0.
9.124 14 ATTITUDE 0.0023 0. -0.000365
9.207 14 NAVIGATION 2 2 0. 0. 0. 0. 0 12 12 1 0 0
9.224 14 GPS 3 36028477 481359546 899 185000 0 -2 0 17695960 31 0
9.226 14 SVINFO 3 10 0 3 49 11 162
9.392 14 SETTING 9 14 1.
9.392 14 DL_VALUE 9 1.
9.405 14 FBW_STATUS 2 0 1 12.5 0.
9.422 14 AUTOPILOT_VERSION 51500 v5.15_devel-179-g9a29798-dirty
9.423 14 DL_VALUE 14 0.
9.423 14 WP_MOVED 22 360289. 4813645. 250. 31
9.457 14 NAVIGATION 2 2 0. 0. 0. 0. 0 12 12 1 0 0
9.472 14 GPS 3 36028477 481359546 899 185000 0 4 0 17696239 31 0
9.523 14 ESTIMATOR 185.085342 0.04
9.623 14 ENERGY 0 12.5 0. 0. 0. 0.
9.624 14 ATTITUDE 0.0023 0. -0.000365
9.707 14 NAVIGATION 2 2 0. 0. 0. 0. 0 12 12 1 0 0
9.725 14 GPS 3 36028477 481359546 899 185000 0 0 0 17696480 31 0
9.772 14 DESIRED 0. 0.00024 0. 0. 0. 235. 0. 13.
9.924 14 WP_MOVED 0 360326. 4813637. 260. 31
9.956 14 NAVIGATION 2 2 0. 0. 0. 0. 0 12 12 1 0 0
9.974 14 GPS 3 36028477 481359546 899 185000 0 9 0 17696720 31 0
10.023 14 NAVIGATION 2 2 0. 0. 0. 0. 0 12 12 1 0 0
10.024 14 ESTIMATOR 185.052643 0.09
10.112 14 BLOCK 3 14
10.112 14 NAVIGATION 3 0 0. 0. 0. 0. 0 0 0 1 0 0
10.123 14 IR_SENSORS 0 0 23 -16 264
10.123 14 AIRSPEED 0. 0. 0. 0.
10.123 14 ATTITUDE 0.0023 0. -0.000365
10.207 14 NAVIGATION 3 2 0. 0. 198.624115 0. 0 1 0 0 0 0
10.223 14 FBW_STATUS 2 0 1 12.5 0.
10.223 14 GPS 3 36028477 481359546 899 185000 0 4 0 17696960 31 0
10.324 14 GPS_SOL 659 659 659 7
10.423 14 WP_MOVED 1 360284. 4813595. 260. 31
10.457 14 NAVIGATION 3 2 0. 0. 198.624115 0. 0 1 0 0 0 0
10.473 14 GPS 3 36028477 481359852 3599 184996 1272 -4 0 17697239 31 0
10.524 14 ESTIMATOR 185.047882 -0.04
10.624 14 ATTITUDE 0.0023 6.283175 0.014652
10.706 14 NAVIGATION 3 2 0. 3. 196.180374 3. 0 1 0 0 0 0
10.723 14 ENERGY 26 12.5 0.308143 3.851789 0.000116 0.001456
10.723 14 GPS 3 36028477 481360151 3599 184983 1245 -7 0 17697480 31 0
10.724 14 SVINFO 2 9 0 2 49 0 113
10.823 14 DESIRED -0.287531 0.261978 0. -114.5 162.300003 235. 0. 13.
10.924 14 DL_VALUE 15 0.
10.924 14 WP_MOVED 2 360333.5 4813695. 260. 31
10.956 14 NAVIGATION 3 2 0. 6. 193.752274 6. 0 1 0 0 0 0
10.973 14 GPS 3 36028477 481360449 3599 184982 1242 21 0 17697720 31 0
11.023 14 NAVIGATION 3 2 0. 9. 193.752274 6. 0 1 0 0 0 0
11.024 14 ESTIMATOR 185.000046 0.21
11.124 14 AIRSPEED 0. 0. 0. 0.
11.124 14 ATTITUDE -0.055839 6.28224 0.069138
11.207 14 TAKEOFF 23
11.207 14 NAVIGATION 3 2 0. 9. 191.340378 9. 1 2 1 0 0 0
11.223 14 CALIBRATION 0. 0
11.223 14 GPS 3 36028474 481360751 3595 185031 1259 30 0 17697960 31 0
11.324 14 IR_SENSORS 0 0 49 -46 257
11.408 14 FBW_STATUS 2 0 1 12.5 0.939077
11.424 14 WP_MOVED 3 360294.09375 4813785. 260. 31
11.457 14 NAVIGATION 3 2 -0.03125 12. 188.926407 12.000041 1 2 1 0 0 0
11.473 14 GPS 3 36028464 481361113 3583 185200 1295 88 0 17698239 31 0
11.523 14 ESTIMATOR 185.142044 0.88
11.624 14 ATTITUDE -0.186828 6.253635 0.143602
11.716 14 NAVIGATION 3 2 -0.125 15.5 186.096436 15.500504 1 2 1 0 0 0
11.724 14 GPS 3 36028445 481361433 3566 185476 1334 123 0 17698480 31 0
11.824 14 ENERGY 81 12.5 1.38167 17.270874 0.001612 0.020152
11.874 14 DESIRED -0.301289 0.287361 0. -114.5 162.300003 235. 0. 13.
11.923 14 WP_MOVED 4 360416.3125 4813734. 260. 31
11.956 14 NAVIGATION 3 2 -0.3125 19. 183.231201 19.002569 1 2 1 0 0 0
11.974 14 GPS 3 36028413 481361762 3544 185899 1378 199 0 17698720 31 0
11.975 14 SVINFO 0 7 0 0 48 69 14
12.023 14 NAVIGATION 3 2 -0.625 22. 183.231201 19.002569 1 2 1 0 0 0
12.024 14 ESTIMATOR 185.746735 1.99
12.122 14 AIRSPEED 0. 0. 0. 0.
12.123 14 ATTITUDE -0.27755 6.186638 0.223192
12.228 14 NAVIGATION 3 2 -0.625 22. 180.697556 22.008877 2 3 2 0 0 0
12.228 14 FBW_STATUS 2 0 1 12.5 1.627817
12.228 14 GPS 3 36028366 481362100 3519 186484 1420 256 0 17698960 31 0
12.306 14 COMMANDS 8524,-132,521,0
12.324 14 GPS_SOL 668 668 668 7
12.424 14 DL_VALUE 16 80.
12.424 14 WP_MOVED 5 360421. 4813583.5 260. 31
12.456 14 NAVIGATION 3 2 -1.0625 25.5 177.714111 25.522125 2 3 2 0 0 0
12.473 14 GPS 3 36028288 481362499 3487 187374 1453 317 0 17699239 31 0
12.523 14 COMMANDS 8524,-9,271,0
12.523 14 IR_SENSORS 0 0 90 -94 233
12.523 14 ESTIMATOR 187.055649 3.17
12.624 14 STATE_FILTER_STATUS 2 3 418
12.624 14 ATTITUDE -0.324317 6.087398 0.285074
12.707 14 NAVIGATION 3 2 -1.875 29.5 174.12706 29.559526 2 3 2 0 0 0
12.724 14 GPS 3 36028203 481362840 3459 188296 1466 385 0 17699480 31 0
12.823 14 PPRZ_MODE 2 1 2 0 0 6
12.924 14 DATALINK_REPORT 3 4 635 520 0 0
12.924 14 ALIVE 179,209,69,119,115,11,176,21,181,244,80,210,55,176,198,136
12.925 14 ENERGY 88 12.5 1.627817 20.347708 0.00456 0.056995
12.925 14 DESIRED -0.31147 0.296443 0. -114.5 162.300003 235. 0. 13.
12.925 14 WP_MOVED 6 360164.8125 4813664.5 260. 31
12.957 14 NAVIGATION 3 2 -2.71875 33. 170.919693 33.111805 2 3 2 0 0 0
12.973 14 GPS 3 36028099 481363178 3430 189337 1470 419 0 17699720 31 0
13.024 14 NAVIGATION 3 2 -3.75 36. 170.919693 33.111805 2 3 2 0 0 0
13.024 14 ESTIMATOR 189.03125 4.19
13.124 14 AIRSPEED 0. 0. 0. 0.
13.124 14 ATTITUDE -0.330408 5.986626 0.328118
13.211 14 NAVIGATION 3 2 -3.75 36. 167.979919 36.194786 3 4 3 0 0 0
13.222 14 GPS 3 36027980 481363509 3401 190470 1468 470 0 17699960 31 0
13.324 14 CALIBRATION 0. 0
13.407 14 FBW_STATUS 2 0 1 12.5 1.627817
13.424 14 WP_MOVED 7 360558.40625 4813804.5 260. 31
13.457 14 NAVIGATION 3 2 -4.9375 39.5 164.571503 39.807396 3 4 3 0 0 0
13.474 14 GPS 3 36027820 481363886 3368 191870 1459 493 0 17700239 31 0
13.524 14 ESTIMATOR 191.486679 4.93
13.624 14 ATTITUDE -0.298795 5.879048 0.337394
13.706 14 NAVIGATION 3 2 -6.5625 43. 160.881927 43.49789 3 4 3 0 0 0
13.724 14 IR_SENSORS 0 0 104 -85 231
13.725 14 GPS 3 36027669 481364199 3341 193111 1451 500 0 17700480 31 0
13.923 14 DL_VALUE 17 0.
13.924 14 WP_MOVED 8 360461.40625 4813640. 215. 31
13.957 14 NAVIGATION 3 2 -8.0625 46.5 157.285034 47.19379 3 4 3 0 0 0
13.973 14 DESIRED -0.188456 0.289306 0. -114.5 162.300003 235. 0. 13.
13.974 14 GPS 3 36027505 481364504 3317 194367 1442 518 0 17700720 31 0
13.974 14 SVINFO 1 8 0 1 49 23 65
14.023 14 ENERGY 88 12.5 1.627817 20.347708 0.007544 0.094299
14.024 14 NAVIGATION 3 2 -9.71875 49.5 157.285034 47.19379 3 4 3 0 0 0
14.025 14 ESTIMATOR 194.146133 5.18
14.123 14 AIRSPEED 0. 0. 0. 0.
14.123 14 ATTITUDE -0.243456 5.789437 0.327384
14.211 14 NAVIGATION 3 2 -9.71875 49.5 153.957626 50.445061 4 5 4 0 0 0
14.223 14 FBW_STATUS 2 0 1 12.5 1.627817
14.225 14 GPS 3 36027330 481364801 3294 195623 1434 526 0 17700960 31 0
14.324 14 NAVIGATION_REF 360284 4813595 31 185.
14.324 14 GPS_SOL 676 676 676 7
14.423 14 WP_MOVED 9 360312.8125 4813652. 185. 31
14.456 14 NAVIGATION 3 2 -11.46875 52.5 150.570511 53.738091 4 5 4 0 0 0
14.473 14 GPS 3 36027114 481365137 3271 197073 1426 495 0 17701239 31 0
14.524 14 ESTIMATOR 196.872208 4.95
14.623 14 ATTITUDE -0.183131 5.70967 0.312565
14.719 14 NAVIGATION 3 2 -13.625 56. 146.545074 57.633675 4 5 4 0 0 0
14.729 14 GPS 3 36026920 481365418 3254 198296 1422 487 0 17701480 31 0
14.924 14 IR_SENSORS 0 0 98 -52 241
14.925 14 WP_MOVED 10 360452.8125 4813581. 260. 31
14.956 14 NAVIGATION 3 2 -15.5625 58.5 143.3983 60.53463 4 5 4 0 0 0
14.974 14 GPS 3 36026720 481365693 3239 199495 1419 466 0 17701720 31 0
15.023 14 DESIRED -0.099768 0.27689 0. -114.5 162.300003 235. 0. 13.
15.024 14 NAVIGATION 3 2 -17.5625 61.5 143.3983 60.53463 4 5 4 0 0 0
15.026 14 ESTIMATOR 199.405838 4.66
15.123 14 ENERGY 88 12.5 1.627817 20.347708 0.010528 0.131603
15.124 14 AIRSPEED 0. 0. 0. 0.
15.124 14 ATTITUDE -0.132188 5.654761 0.29253
15.224 14 NAVIGATION 3 2 -17.5625 61.5 139.848206 63.958511 5 6 5 0 0 0
15.224 14 GPS 3 36026514 481365964 3227 200671 1418 456 0 17701960 31 0
15.406 14 FBW_STATUS 2 0 1 12.5 1.627817
15.423 14 CALIBRATION 0. 0
15.424 14 DL_VALUE 18 1.
15.424 14 WP_MOVED 11 360169.5 4813757.5 260. 31
15.456 14 NAVIGATION 3 2 -19.625 64. 136.616821 66.941322 5 6 5 0 0 0
15.472 14 GPS 3 36026267 481366276 3215 202014 1418 481 0 17702239 31 0
15.473 14 SVINFO 0 7 0 0 49 64 16
15.523 14 ESTIMATOR 201.836487 4.81
15.624 14 ATTITUDE -0.095027 5.611576 0.279087
15.724 14 NAVIGATION 3 2 -22.0625 67. 132.765884 70.539024 5 6 5 0 0 0
15.725 14 GPS 3 36026051 481366539 3206 203143 1420 471 0 17702480 31 0
15.924 14 WP_MOVED 12 360287.59375 4813581. 260. 31
15.957 14 NAVIGATION 3 2 -24.21875 70. 129.112335 74.071236 5 6 5 0 0 0
15.974 14 GPS 3 36025831 481366801 3199 204255 1422 463 0 17702720 31 0
16.024 14 NAVIGATION 3 2 -26.4375 72.5 129.112335 74.071236 5 6 5 0 0 0
16.024 14 ESTIMATOR 204.223999 4.63
16.074 14 DESIRED -0.055329 0.268675 0. -114.5 162.300003 235. 0. 13.
16.123 14 IR_SENSORS 0 0 92 -32 247
16.123 14 AIRSPEED 0. 0. 0. 0.
16.124 14 ATTITUDE -0.066005 5.583621 0.269284
16.224 14 NAVIGATION 3 2 -26.4375 72.5 125.773788 77.169884 6 7 6 0 0 0
16.225 14 FBW_STATUS 2 0 1 12.5 1.627817
16.225 14 ENERGY 88 12.5 1.627817 20.347708 0.013513 0.168907
16.226 14 GPS 3 36025608 481367060 3193 205355 1425 468 0 17702960 31 0
16.323 14 GPS_SOL 683 683 683 7
16.424 14 WP_MOVED 13 360311.5 4813547. 260. 31
16.458 14 NAVIGATION 3 2 -28.65625 75. 122.435448 80.288109 6 7 6 0 0 0
16.474 14 GPS 3 36025344 481367361 3186 206625 1429 471 0 17703239 31 0
16.523 14 ESTIMATOR 206.565262 4.71
16.624 14 ATTITUDE -0.053575 5.562153 0.260857
16.727 14 NAVIGATION 3 2 -31.3125 78. 118.434158 84.050415 6 7 6 0 0 0
16.727 14 GPS 3 36025115 481367617 3182 207708 1432 467 0 17703480 31 0
16.924 14 DL_VALUE 19 0.
16.924 14 WP_MOVED 14 360300.6875 4813575.5 260. 31
16.957 14 NAVIGATION 3 2 -33.59375 80.5 115.052437 87.228378 6 7 6 0 0 0
16.973 14 GPS 3 36024884 481367872 3177 208789 1435 471 0 17703720 31 0
17.024 14 NAVIGATION 3 2 -35.90625 83. 115.052437 87.228378 6 7 6 0 0 0
17.024 14 ESTIMATOR 208.872406 4.71
17.124 14 DESIRED -0.032335 0.266135 0. -114.5 162.300003 235. 0. 13.
17.124 14 AIRSPEED 0. 0. 0. 0.
17.124 14 ATTITUDE -0.041625 5.546596 0.260857
17.235 14 NAVIGATION 3 2 -35.90625 83. 111.648865 90.433723 7 8 7 0 0 0
17.236 14 GPS 3 36024650 481368126 3174 209868 1437 480 0 17703960 31 0
17.306 14 COMMANDS 8524,64,73,0
17.324 14 IR_SENSORS 0 0 90 -25 249
17.324 14 ENERGY 88 12.5 1.627817 20.347708 0.016497 0.206212
17.406 14 FBW_STATUS 2 0 1 12.5 1.627817
17.424 14 WP_MOVED 15 360297.6875 4813554.5 260. 31
17.457 14 NAVIGATION 4 0 -38.28125 86. 0. 94.1353 7 0 0 0 0 0
17.473 14 GPS 3 36024375 481368422 3170 211131 1440 468 0 17704239 31 0
17.523 14 COMMANDS 8524,35,68,0
17.523 14 CALIBRATION 0. 0
17.523 14 ESTIMATOR 211.18457 4.68
17.623 14 STATE_FILTER_STATUS 2 3 363
17.623 14 ATTITUDE -0.033257 5.533544 0.259568
17.735 14 NAVIGATION 4 0 -41. 88.5 0. 97.535889 7 0 0 0 0 0
17.736 14 GPS 3 36024138 481368674 3167 212216 1442 455 0 17704480 31 0
17.823 14 PPRZ_MODE 2 3 2 2 0 6
17.924 14 ALIVE 179,209,69,119,115,11,176,21,181,244,80,210,55,176,198,136
17.925 14 WP_MOVED 16 361184. 4813643. 260. 31
17.956 14 NAVIGATION 4 0 -43.375 91. 0. 100.808685 7 0 0 0 0 0
17.974 14 GPS 3 36023900 481368925 3165 213305 1443 457 0 17704720 31 0
18.024 14 DATALINK_REPORT 8 4 755 528 0 0
18.024 14 NAVIGATION 4 0 -45.75 94. 0. 100.808685 7 0 0 0 0 0
18.024 14 ESTIMATOR 213.445312 4.57
18.123 14 AIRSPEED 0. 0. 0. 0.
18.124 14 ATTITUDE 0.058816 5.525008 0.263116
18.173 14 DESIRED 0.551036 0.306963 0. -12.31517 150.882721 260. 1.430432 13.
18.228 14 NAVIGATION 4 0 -45.75 94. 0. 104.54216 8 1 1 0 0 0
18.229 14 FBW_STATUS 2 0 1 12.5 1.627817
18.229 14 GPS 3 36023663 481369178 3168 214401 1443 456 0 17704960 31 0
18.273 14 CIRCLE 49.5 100.099998 80.
18.322 14 GPS_SOL 689 689 689 7
18.424 14 DL_VALUE 20 0.
18.424 14 ENERGY 88 12.5 1.627817 20.347708 0.019481 0.243516
18.425 14 WP_MOVED 17 361184. 4813643. 260. 31
18.457 14 NAVIGATION 4 0 -48.125 96.5 0. 107.834435 8 1 1 0 0 0
18.473 14 GPS 3 36023391 481369477 3178 215693 1444 452 0 17705239 31 0
18.524 14 IR_SENSORS 0 0 93 24 247
18.524 14 ESTIMATOR 215.662155 4.52
18.624 14 WIND_INFO 14 5 -1. 2.1 0. 12.1
18.624 14 ATTITUDE 0.183697 5.546896 0.276376
18.741 14 NAVIGATION 4 0 -50.84375 99. 0. 111.292801 8 1 1 0 0 0
18.742 14 GPS 3 36023165 481369740 3192 216814 1443 469 0 17705480 31 0
18.924 14 WP_MOVED 18 360289. 4813605. 220. 31
18.956 14 NAVIGATION 4 0 -53.125 102. 0. 115.005501 8 1 1 0 0 0
18.974 14 GPS 3 36022949 481370010 3213 217949 1442 493 0 17705720 31 0
19.023 14 NAVIGATION 4 0 -55.28125 104.5 0. 115.005501 8 1 1 0 0 0
19.023 14 ESTIMATOR 217.964752 4.93
19.124 14 AIRSPEED 12.1 0. 0. 0.
19.124 14 ATTITUDE 0.311728 5.565021 0.300403
19.206 14 NAVIGATION 4 0 -55.28125 104.5 0. 118.22126 9 2 2 0 0 0
19.236 14 DESIRED 0.57259 0.335939 0. -4.645386 158.992081 260. 1.261057 13.
19.236 14 GPS 3 36022746 481370290 3240 219097 1440 497 0 17705960 31 0
19.323 14 CIRCLE 49.5 100.099998 80.
19.408 14 FBW_STATUS 2 0 1 12.5 1.627817
19.424 14 WP_MOVED 19 360289. 4813610. 500. 31
19.457 14 NAVIGATION 4 0 -57.3125 107.5 0. 121.823532 9 2 2 0 0 0
19.473 14 GPS 3 36022530 481370630 3278 220450 1437 492 0 17706239 31 0
19.523 14 ENERGY 88 12.5 1.627817 20.347708 0.022466 0.280819
19.524 14 ESTIMATOR 220.423172 4.92
19.624 14 CALIBRATION 0. 1
19.624 14 ATTITUDE 0.45234 5.700569 0.335406
19.706 14 NAVIGATION 4 0 -59.46875 110.5 0. 125.486183 9 2 2 0 0 0
19.728 14 IR_SENSORS 0 0 104 101 226
19.728 14 GPS 3 36022368 481370934 3319 221615 1435 492 0 17706480 31 0
19.922 14 DL_VALUE 21 0.
19.923 14 WP_MOVED 20 360289. 4813620. 300. 31
19.957 14 NAVIGATION 4 0 -61.0625 114. 0. 129.32373 9 2 2 0 0 0
19.973 14 GPS 3 36022231 481371249 3365 222781 1432 492 0 17706720 31 0
20.025 14 NAVIGATION 4 0 -62.4375 117. 0. 129.32373 9 2 2 0 0 0
20.025 14 ESTIMATOR 222.849564 4.92
20.123 14 AIRSPEED 12.1 0. 0. 0.
20.123 14 ATTITUDE 0.551836 5.881417 0.365312
20.206 14 NAVIGATION 4 0 -62.4375 117. 0. 132.617645 10 3 3 0 0 0
20.237 14 FBW_STATUS 2 0 1 12.5 1.627817
20.238 14 GPS 3 36022109 481371631 3422 224138 1430 496 0 17707000 31 0
20.273 14 DESIRED 0.559822 0.359164 0. 2.01022 164.479507 260. 1.114513 13.
20.324 14 GPS_SOL 693 693 693 7
20.373 14 CIRCLE 49.5 100.099998 80.
20.424 14 WP_MOVED 21 360289. 4813625. 400. 31
20.456 14 NAVIGATION 4 0 -63.65625 120.5 0. 136.280472 10 3 3 0 0 0
20.474 14 GPS 3 36022039 481371966 3481 225298 1429 499 0 17707239 31 0
20.524 14 AUTOPILOT_VERSION 51500 v5.15_devel-179-g9a29798-dirty
20.524 14 ESTIMATOR 225.325119 4.99
20.624 14 ENERGY 88 12.5 1.627817 20.347708 0.02545 0.318123
20.624 14 ATTITUDE 0.578967 6.122499 0.37824
20.706 14 NAVIGATION 4 0 -64.34375 124. 0. 139.700104 10 3 3 0 0 0
20.747 14 GPS 3 36022002 481372307 3538 226456 1428 502 0 17707480 31 0
20.923 14 IR_SENSORS 0 0 108 121 216
20.923 14 WP_MOVED 22 360289. 4813645. 250. 31
20.956 14 NAVIGATION 4 0 -64.75 127.5 0. 142.999344 10 3 3 0 0 0
20.973 14 GPS 3 36021999 481372650 3595 227614 1427 492 0 17707720 31 0
21.024 14 NAVIGATION 4 0 -64.75 131. 0. 142.999344 10 3 3 0 0 0
21.024 14 ESTIMATOR 227.750397 4.92
21.124 14 AIRSPEED 12.1 0. 0. 0.
21.124 14 ATTITUDE 0.560886 0.072112 0.374536
21.206 14 NAVIGATION 4 0 -64.75 131. 0. 146.128586 10 4 4 0 0 0
21.233 14 GPS 3 36022029 481372991 50 228773 1426 471 0 17707960 31 0
21.322 14 DESIRED 0.51734 0.35711 0. 9.662281 169.475464 260. 0.967488 13.
21.407 14 FBW_STATUS 2 0 1 12.5 1.627817
21.423 14 DL_VALUE 22 0.
21.424 14 CIRCLE 49.5 100.099998 80.
21.424 14 WP_MOVED 0 360326. 4813637. 260. 31
21.457 14 NAVIGATION 4 0 -64.46875 134.5 0. 149.152496 11 4 4 0 0 0
21.475 14 GPS 3 36022105 481373383 113 230128 1426 476 0 17708239 31 0
21.524 14 ESTIMATOR 230.11055 4.76
21.624 14 ATTITUDE 0.528288 0.30996 0.363631
21.706 14 NAVIGATION 4 0 -63.71875 138.5 0. 152.454346 11 4 4 0 0 0
21.736 14 CALIBRATION 0. 1
21.737 14 ENERGY 88 12.5 1.627817 20.347708 0.028434 0.355426
21.737 14 GPS 3 36022202 481373711 165 231291 1425 491 0 17708480 31 0
21.923 14 WP_MOVED 1 360284. 4813595. 260. 31
21.957 14 NAVIGATION 4 0 -62.75 141.5 0. 154.789581 11 4 4 0 0 0
21.973 14 GPS 3 36022327 481374029 214 232455 1424 513 0 17708720 31 0
22.023 14 NAVIGATION 4 0 -61.46875 144.5 0. 154.789581 11 4 4 0 0 0
22.024 14 ESTIMATOR 232.507401 5.13
22.123 14 IR_SENSORS 0 0 106 101 225
22.124 14 AIRSPEED 12.1 0. 0. 0.
22.125 14 ATTITUDE 0.484761 0.50843 0.353004
22.207 14 NAVIGATION 4 0 -61.46875 144.5 0. 157.030746 12 5 5 0 0 0
22.247 14 FBW_STATUS 2 0 1 12.5 1.627817
22.248 14 GPS 3 36022478 481374336 262 233622 1424 516 0 17708960 31 0
22.307 14 COMMANDS 8524,-239,22,0
22.323 14 GPS_SOL 697 697 697 7
22.374 14 DESIRED 0.443808 0.349165 0. 17.993603 173.634674 260. 0.824778 13.
22.424 14 WP_MOVED 2 360333.5 4813695. 260. 31
22.457 14 NAVIGATION 4 0 -59.9375 148. 0. 159.676254 12 5 5 0 0 0
22.474 14 CIRCLE 49.5 100.099998 80.
22.475 14 GPS 3 36022684 481374677 315 234985 1423 508 0 17709239 31 0
22.524 14 COMMANDS 8524,-282,26,0
22.524 14 ESTIMATOR 235.023392 5.08
22.624 14 STATE_FILTER_STATUS 2 3 427
22.624 14 ATTITUDE 0.459186 0.699234 0.345979
22.706 14 NAVIGATION 4 0 -57.90625 151.5 0. 162.189346 12 5 5 0 0 0
22.757 14 GPS 3 36022884 481374954 358 236154 1422 511 0 17709480 31 0
22.824 14 PPRZ_MODE 2 3 2 2 0 6
22.825 14 ENERGY 88 12.5 1.627817 20.347708 0.031419 0.392729
22.924 14 ALIVE 179,209,69,119,115,11,176,21,181,244,80,210,55,176,198,136
22.924 14 DL_VALUE 23 0.
22.924 14 WP_MOVED 3 360294.09375 4813785. 260. 31
22.956 14 NAVIGATION 4 0 -55.90625 154. 0. 163.833786 12 5 5 0 0 0
22.974 14 GPS 3 36023104 481375215 400 237325 1422 511 0 17709720 31 0
23.024 14 NAVIGATION 4 0 -53.71875 156.5 0. 163.833786 12 5 5 0 0 0
23.025 14 ESTIMATOR 237.481033 5.11
23.123 14 DATALINK_REPORT 4 5 877 535 0 0
23.124 14 AIRSPEED 12.1 0. 0. 0.
23.124 14 ATTITUDE 0.419228 0.858097 0.339361
23.206 14 NAVIGATION 4 0 -53.71875 156.5 0. 165.462845 13 6 6 0 0 0
23.230 14 GPS 3 36023342 481375460 441 238499 1421 509 0 17709960 31 0
23.323 14 NAVIGATION_REF 360284 4813595 31 185.
23.324 14 IR_SENSORS 0 0 105 82 232
23.407 14 FBW_STATUS 2 0 1 12.5 1.627817
23.424 14 DESIRED 0.354309 0.341135 0. 26.983334 176.865875 260. 0.675569 13.
23.424 14 WP_MOVED 4 360416.3125 4813734. 260. 31
23.457 14 NAVIGATION 4 0 -51.3125 159. 0. 167.074753 13 6 6 0 0 0
23.473 14 GPS 3 36023639 481375724 485 239874 1420 511 0 17710239 31 0
23.524 14 CIRCLE 49.5 100.099998 80.
23.524 14 ESTIMATOR 239.941055 5.11
23.623 14 ATTITUDE 0.378131 1.011161 0.336123
23.707 14 NAVIGATION 4 0 -48.34375 161.5 0. 168.580444 13 6 6 0 0 0
23.746 14 GPS 3 36023908 481375933 521 241059 1419 501 0 17710480 31 0
23.824 14 CALIBRATION 0. 1
23.924 14 ENERGY 88 12.5 1.627817 20.347708 0.034403 0.430032
23.924 14 WP_MOVED 5 360421. 4813583.5 260. 31
23.957 14 NAVIGATION 4 0 -45.65625 164. 0. 170.236572 13 6 6 0 0 0
23.974 14 GPS 3 36024188 481376126 555 242248 1418 508 0 17710720 31 0
23.974 14 SVINFO 6 13 0 6 48 61 321
24.024 14 NAVIGATION 4 0 -42.875 166. 0. 170.236572 13 6 6 0 0 0
24.025 14 ESTIMATOR 242.383209 5.08
24.124 14 AIRSPEED 12.1 0. 0. 0.
24.124 14 ATTITUDE 0.339452 1.134296 0.331351
24.206 14 NAVIGATION 4 0 -42.875 166. 0. 171.447556 14 7 7 0 0 0
24.240 14 FBW_STATUS 2 0 1 12.5 1.451367
24.240 14 GPS 3 36024479 481376302 587 243443 1414 506 0 17710960 31 0
24.323 14 GPS_SOL 699 699 699 7
24.424 14 DL_VALUE 24 0.
24.424 14 WP_MOVED 6 360164.8125 4813664.5 260. 31
24.457 14 NAVIGATION 4 0 -39.9375 167.5 0. 172.195389 14 7 7 0 0 0
24.473 14 DESIRED 0.236772 0.232325 0. 38.368431 179.321762 260. 0.492025 13.
24.473 14 GPS 3 36024825 481376486 622 244830 1397 487 0 17711239 31 0
24.524 14 IR_SENSORS 0 0 104 57 238
24.524 14 ESTIMATOR 244.855347 4.87
24.574 14 CIRCLE 49.5 100.099998 80.
24.624 14 ATTITUDE 0.292989 1.252554 0.319643
24.706 14 NAVIGATION 4 0 -36.5 169.5 0. 173.385406 14 7 7 0 0 0
24.741 14 GPS 3 36025124 481376625 650 245992 1374 465 0 17711480 31 0
24.924 14 WP_MOVED 7 360558.40625 4813804.5 260. 31
24.957 14 NAVIGATION 4 0 -33.5 171. 0. 174.250534 14 7 7 0 0 0
24.975 14 GPS 3 36025422 481376748 677 247103 1344 461 0 17711720 31 0
25.023 14 ENERGY 53 12.5 0.868009 10.850109 0.036686 0.458566
25.024 14 NAVIGATION 4 0 -30.5 172. 0. 174.250534 14 7 7 0 0 0
25.025 14 ESTIMATOR 247.185837 4.61
25.124 14 AIRSPEED 12.1 0. 0. 0.
25.124 14 ATTITUDE 0.241242 1.351141 0.291118
25.207 14 NAVIGATION 4 0 -30.5 172. 0. 174.683289 15 8 8 0 0 0
25.249 14 GPS 3 36025717 481376854 701 248137 1306 438 0 17711960 31 0
25.408 14 FBW_STATUS 2 0 1 12.5 0.538812
25.424 14 WP_MOVED 8 360461.40625 4813640. 215. 31
25.456 14 NAVIGATION 4 0 -27.59375 173. 0. 175.186798 15 8 8 0 0 0
25.474 14 GPS 3 36026054 481376959 730 249214 1251 378 0 17712239 31 0
25.474 14 SVINFO 5 12 1 5 48 88 271
25.523 14 DESIRED 0.132101 0.0867 0. 47.264122 180.068756 260. 0.351403 13.
25.524 14 ESTIMATOR 249.33847 3.78
25.624 14 CIRCLE 49.5 100.099998 80.
25.624 14 ATTITUDE 0.190645 1.452293 0.248872
25.707 14 NAVIGATION 4 0 -24.1875 174. 0. 175.673096 15 8 8 0 0 0
25.749 14 IR_SENSORS 0 0 84 29 250
25.749 14 GPS 3 36026333 481377034 750 249998 1205 331 0 17712480 31 0
25.922 14 CALIBRATION 150. 2
25.923 14 DL_VALUE 25 0.
25.923 14 WP_MOVED 9 360312.8125 4813652. 185. 31
25.957 14 NAVIGATION 4 0 -21.4375 174.5 0. 175.811874 15 8 8 0 0 0
25.973 14 GPS 3 36026604 481377096 769 250639 1156 259 0 17712720 31 0
26.023 14 NAVIGATION 4 0 -18.71875 175.5 0. 175.811874 15 8 8 0 0 0
26.024 14 ESTIMATOR 250.935135 2.59
26.124 14 ENERGY 16 12.5 0.200264 2.503294 0.037556 0.469443
26.124 14 AIRSPEED 12.1 0. 0. 0.
26.125 14 ATTITUDE 0.14141 1.529872 0.192592
26.207 14 NAVIGATION 4 0 -18.71875 175.5 0. 176.495438 16 9 9 0 0 0
26.237 14 FBW_STATUS 2 0 1 12.5 0.200264
26.237 14 GPS 3 36026865 481377148 787 251128 1110 205 0 17712960 31 0
26.323 14 GPS_SOL 699 699 699 7
26.424 14 WP_MOVED 10 360452.8125 4813581. 260. 31
26.456 14 NAVIGATION 4 0 -16.125 176. 0. 176.737137 16 9 9 0 0 0
26.474 14 GPS 3 36027162 481377197 807 251508 1068 124 0 17713239 31 0
26.524 14 ESTIMATOR 251.857422 1.24
26.573 14 DESIRED 0.054041 0.023382 0. 55.292927 179.889984 260. 0.256026 13.
26.624 14 ATTITUDE 0.097567 1.603974 0.136711
26.674 14 CIRCLE 49.5 100.099998 80.
26.706 14 NAVIGATION 4 0 -13.15625 176.5 0. 176.989655 16 9 9 0 0 0
26.745 14 GPS 3 36027412 481377233 819 251689 1054 74 0 17713480 31 0
26.923 14 IR_SENSORS 0 0 51 2 260
26.924 14 WP_MOVED 11 360169.5 4813757.5 260. 31
26.956 14 NAVIGATION 4 0 -10.625 177. 0. 177.318619 16 9 9 0 0 0
26.973 14 GPS 3 36027663 481377264 830 251760 1052 20 0 17713719 31 0
27.024 14 NAVIGATION 4 0 -8.125 177.5 0. 177.318619 16 9 9 0 0 0
27.024 14 ESTIMATOR 252.108826 0.2
27.124 14 AIRSPEED 12.1 0. 0. 0.
27.124 14 ATTITUDE 0.062832 1.642687 0.090901
27.206 14 NAVIGATION 4 0 -8.125 177.5 0. 177.685867 17 10 10 0 0 0
27.251 14 ENERGY 18 12.5 0.22029 2.75362 0.037941 0.474262
27.252 14 GPS 3 36027916 481377291 838 251745 1059 -26 0 17713960 31 0
27.307 14 COMMANDS 1819,-136,-698,0
27.407 14 FBW_STATUS 2 0 1 12.5 0.232352
27.423 14 DL_VALUE 26 160.
27.424 14 WP_MOVED 12 360287.59375 4813581. 260. 31
27.456 14 NAVIGATION 4 0 -5.59375 177.5 0. 177.58812 17 10 10 0 0 0
27.474 14 GPS 3 36028216 481377319 847 251650 1077 -32 0 17714239 31 0
27.524 14 COMMANDS 1884,-106,-521,0
27.524 14 ESTIMATOR 251.900757 -0.32
27.624 14 STATE_FILTER_STATUS 2 3 306
27.624 14 DESIRED 0.029564 0.01609 0. 62.781654 178.989777 260. 0.238425 13.
27.624 14 ATTITUDE 0.040022 1.665061 0.052501
27.706 14 NAVIGATION 4 0 -2.59375 177.5 0. 177.518951 17 10 10 0 0 0
27.723 14 CIRCLE 49.5 100.099998 80.
27.753 14 GPS 3 36028477 481377341 851 251523 1094 -44 0 17714480 31 0
27.824 14 PPRZ_MODE 2 3 2 2 0 6
27.924 14 ALIVE 179,209,69,119,115,11,176,21,181,244,80,210,55,176,198,136
27.925 14 WP_MOVED 13 360311.5 4813547. 260. 31
27.956 14 NAVIGATION 4 0 0. 178. 0. 178. 17 10 10 0 0 0
27.973 14 GPS 3 36028744 481377362 855 251370 1114 -70 0 17714719 31 0
28.024 14 CALIBRATION 118.609558 0
28.024 14 NAVIGATION 4 0 2.6875 178.5 0. 178. 17 10 10 0 0 0
28.025 14 ESTIMATOR 251.566345 -0.7
28.124 14 IR_SENSORS 0 0 29 -9 264
28.125 14 AIRSPEED 12.1 0. 0. 0.
28.125 14 ATTITUDE 0.028754 1.673028 0.025885
28.208 14 NAVIGATION 4 0 2.6875 178.5 0. 178.520233 18 11 11 0 0 0
28.223 14 DATALINK_REPORT 10 5 1001 535 0 0
28.223 14 FBW_STATUS 2 0 1 12.5 0.286569
28.223 14 GPS 3 36029016 481377381 859 251202 1134 -87 0 17714960 31 0
28.323 14 GPS_SOL 699 699 699 7
28.323 14 ENERGY 23 12.5 0.297478 3.718477 0.038408 0.480093
28.424 14 WP_MOVED 14 360300.6875 4813575.5 260. 31
28.456 14 NAVIGATION 4 0 5.40625 178.5 0. 178.581848 18 11 11 0 0 0
28.474 14 GPS 3 36029339 481377402 863 251000 1161 -86 0 17715239 31 0
28.524 14 ESTIMATOR 251.093033 -0.86
28.623 14 ATTITUDE 0.028754 1.677797 0.007149
28.624 14 WIND_INFO 14 5 -0.1 2.7 0. 12.
28.674 14 DESIRED 0.036781 0.015981 0. 71.075073 177.135803 260. 0.259719 13.
28.707 14 NAVIGATION 4 0 8.65625 178.5 0. 178.709763 18 11 11 0 0 0
28.723 14 GPS 3 36029622 481377419 865 250829 1180 -81 0 17715480 31 0
28.724 14 SVINFO 4 11 1 4 48 81 223
28.774 14 CIRCLE 49.5 100.099998 80.
28.924 14 DL_VALUE 27 0.
28.925 14 WP_MOVED 15 360297.6875 4813554.5 260. 31
28.957 14 NAVIGATION 4 0 11.5 178.5 0. 178.870071 18 11 11 0 0 0
28.973 14 GPS 3 36029910 481377435 868 250667 1200 -64 0 17715719 31 0
29.024 14 NAVIGATION 4 0 14.375 179. 0. 178.870071 18 11 11 0 0 0
29.024 14 ESTIMATOR 250.663986 -0.64
29.123 14 AIRSPEED 12. 0. 0. 0.
29.123 14 ATTITUDE 0.032538 1.738506 -0.004125
29.206 14 NAVIGATION 4 0 14.375 179. 0. 179.576279 19 12 12 0 0 0
29.223 14 GPS 3 36030202 481377449 871 250518 1218 -63 0 17715960 31 0
29.224 14 SVINFO 6 13 1 6 47 52 324
29.322 14 IR_SENSORS 0 0 22 -7 264
29.407 14 FBW_STATUS 2 0 1 12.5 0.39675
29.424 14 ENERGY 29 12.5 0.39675 4.95937 0.03905 0.488112
29.424 14 WP_MOVED 16 361184. 4813643. 260. 31
29.457 14 NAVIGATION 4 0 17.25 179. 0. 179.829254 19 12 12 0 0 0
29.473 14 GPS 3 36030548 481377463 876 250365 1239 -43 0 17716239 31 0
29.524 14 ESTIMATOR 250.353928 -0.43
29.624 14 ATTITUDE 0.040108 1.744757 -0.004125
29.707 14 NAVIGATION 4 0 20.71875 179. 0. 180.195084 19 12 12 0 0 0
29.723 14 DESIRED 0.067893 0.019041 0. 83.257538 172.628815 260. 0.289382 13.
29.724 14 GPS 3 36030848 481377474 880 250254 1252 -46 0 17716480 31 0
29.823 14 CIRCLE 49.5 100.099998 80.
29.923 14 WP_MOVED 17 361184. 4813643. 260. 31
29.957 14 NAVIGATION 4 0 23.71875 179. 0. 180.564606 19 12 12 0 0 0
29.973 14 GPS 3 36031151 481377482 885 250164 1264 -46 0 17716719 31 0
30.024 14 NAVIGATION 4 0 26.78125 179. 0. 180.564606 19 12 12 0 0 0
30.025 14 ESTIMATOR 250.141251 -0.46
30.124 14 CALIBRATION 1.731703 0
30.124 14 AIRSPEED 12. 0. 0. 0.
30.124 14 ATTITUDE 0.055256 1.754924 -0.000365
30.206 14 NAVIGATION 4 0 26.78125 179. 0. 180.992355 20 13 13 0 0 0
30.224 14 FBW_STATUS 2 0 1 12.5 0.45185
30.224 14 GPS 3 36031458 481377487 890 250095 1275 -39 0 17716960 31 0
30.323 14 GPS_SOL 697 697 697 7
30.424 14 DL_VALUE 28 0.32
30.424 14 WP_MOVED 18 360289. 4813605. 220. 31
30.456 14 NAVIGATION 4 0 29.8125 179. 0. 181.465652 20 13 13 0 0 0
30.473 14 GPS 3 36031818 481377488 898 250042 1287 -20 0 17717239 31 0
30.524 14 IR_SENSORS 0 0 24 1 264
30.525 14 ENERGY 34 12.5 0.466662 5.833271 0.039844 0.498049
30.525 14 ESTIMATOR 249.970993 -0.2
30.624 14 ATTITUDE 0.070407 1.773481 0.003393
30.706 14 NAVIGATION 4 0 33.40625 179. 0. 182.090576 20 13 13 0 0 0
30.724 14 GPS 3 36032128 481377486 905 250019 1294 -11 0 17717480 31 0
30.725 14 SVINFO 5 12 1 5 47 85 274
30.733 14 BLOCK 15 14
30.735 14 NAVIGATION 15 0 36.53125 179. 0. 182.090576 20 0 0 0 0 0
30.774 14 DESIRED 0.103549 0.023993 0. 93.621384 166.833069 260. 0.30087 13.
30.924 14 WP_MOVED 19 360289. 4813610. 500. 31
30.957 14 NAVIGATION 15 1 36.53125 179. 358724.46875 182.689713 20 0 0 0 0 0
30.973 14 GPS 3 36032440 481377478 913 250017 1300 9 0 17717719 31 0
31.024 14 NAVIGATION 15 1 39.65625 179. 358724.46875 182.689713 20 0 0 0 0 0
31.024 14 ESTIMATOR 249.943954 0.09
31.124 14 AIRSPEED 12. 0. 0. 0.
31.124 14 ATTITUDE 0.108255 1.796466 0.010902
31.207 14 NAVIGATION 15 1 39.65625 179. 358727.59375 183.340164 21 1 1 0 0 0
31.222 14 GPS 3 36032752 481377465 923 250032 1301 3 0 17717960 31 0
31.407 14 FBW_STATUS 2 0 1 12.5 0.1515
31.423 14 WP_MOVED 20 360289. 4813620. 300. 31
31.456 14 NAVIGATION 15 1 42.78125 179. 358730.71875 184.041397 21 1 1 0 0 0
31.473 14 GPS 3 36033110 481377440 942 250039 1277 15 0 17718239 31 0
31.524 14 ESTIMATOR 250.003204 0.15
31.624 14 AUTOPILOT_VERSION 51500 v5.15_devel-179-g9a29798-dirty
31.625 14 ENERGY 8 12.5 0.091552 1.144399 0.040472 0.505896
31.625 14 ATTITUDE 0.229844 1.848251 -0.022224
31.707 14 NAVIGATION 15 1 46.375 179. 358734.3125 184.909821 21 1 1 0 0 0
31.723 14 IR_SENSORS 0 0 14 52 260
31.724 14 GPS 3 36033408 481377407 964 249987 1247 0 0 17718480 31 0
31.824 14 DESIRED 0.472498 -0.22089 0. -358684. -1500. 200. -1.500096 13.
31.923 14 DL_VALUE 29 0.
31.924 14 WP_MOVED 21 360289. 4813625. 400. 31
31.957 14 NAVIGATION 15 1 49.34375 178.5 358737.28125 185.194641 21 1 1 0 0 0
31.975 14 GPS 3 36033697 481377359 994 249847 1220 -52 0 17718719 31 0
31.975 14 SVINFO 3 10 1 3 48 48 175
32.024 14 NAVIGATION 15 1 52.21875 178. 358737.28125 185.194641 21 1 1 0 0 0
32.025 14 ESTIMATOR 249.980667 -0.52
32.124 14 AIRSPEED 12. 0. 0. 0.
32.124 14 ATTITUDE 0.357176 1.940635 -0.083329
32.207 14 NAVIGATION 15 1 52.21875 178. 358740.15625 185.50148 22 2 2 0 0 0
32.224 14 CALIBRATION -25.190323 1
32.224 14 FBW_STATUS 2 0 1 12.5 0.091552
32.224 14 GPS 3 36033978 481377293 1032 249602 1204 -102 0 17718960 31 0
32.306 14 COMMANDS 852,353,-1322,0
32.323 14 NAVIGATION_REF 360284 4813595 31 185.
32.323 14 GPS_SOL 694 694 694 7
32.424 14 WP_MOVED 22 360289. 4813645. 250. 31
32.457 14 NAVIGATION 15 1 55. 177.5 358742.9375 185.825867 22 2 2 0 0 0
32.473 14 GPS 3 36034297 481377188 1089 249177 1198 -159 0 17719239 31 0
32.524 14 COMMANDS 852,34,-990,0
32.524 14 ESTIMATOR 249.440613 -1.59
32.624 14 STATE_FILTER_STATUS 2 3 355
32.625 14 ATTITUDE 0.433528 2.094447 -0.135811
32.706 14 NAVIGATION 15 1 58.21875 176.5 358746.125 185.853897 22 2 2 0 0 0
32.724 14 ENERGY 8 12.5 0.091552 1.144399 0.04064 0.507993
32.725 14 GPS 3 36034561 481377072 1136 248701 1202 -222 0 17719480 31 0
32.726 14 SVINFO 6 13 1 6 46 46 326
32.824 14 PPRZ_MODE 2 3 2 0 0 6
32.873 14 DESIRED 0.422341 -0.202724 0. -358684. -1500. 200. -1.483218 13.
32.924 14 ALIVE 179,209,69,119,115,11,176,21,181,244,80,210,55,176,198,136
32.924 14 IR_SENSORS 0 0 -20 101 245
32.925 14 WP_MOVED 0 360326. 4813637. 260. 31
32.956 14 NAVIGATION 15 1 60.84375 175.5 358748.75 185.747711 22 2 2 0 0 0
32.974 14 GPS 3 36034816 481376930 1190 248132 1213 -257 0 17719719 31 0
33.024 14 NAVIGATION 15 1 63.40625 174. 358748.75 185.747711 22 2 2 0 0 0
33.024 14 ESTIMATOR 248.331314 -2.57
33.124 14 AIRSPEED 12. 0. 0. 0.
33.124 14 ATTITUDE 0.455293 2.247238 -0.189369
33.207 14 NAVIGATION 15 1 63.40625 174. 358751.3125 185.192749 23 3 3 0 0 0
33.223 14 GPS 3 36035059 481376764 1244 247485 1228 -305 0 17719960 31 0
33.324 14 DATALINK_REPORT 3 7 1125 543 0 0
33.406 14 FBW_STATUS 2 0 1 12.5 0.091552
33.424 14 DL_VALUE 30 0.01
33.424 14 WP_MOVED 1 360284. 4813595. 260. 31
33.457 14 NAVIGATION 15 1 65.84375 172. 358753.71875 184.172195 23 3 3 0 0 0
33.473 14 GPS 3 36035326 481376538 1310 246653 1251 -336 0 17720239 31 0
33.474 14 SVINFO 2 9 0 2 48 10 126
33.524 14 ESTIMATOR 246.8172 -3.36
33.624 14 ATTITUDE 0.443338 2.424274 -0.217143
33.707 14 NAVIGATION 15 1 68.53125 170. 358756.40625 183.293564 23 3 3 0 0 0
33.723 14 GPS 3 36035538 481376319 1357 245890 1269 -356 0 17720480 31 0
33.822 14 ENERGY 8 12.5 0.091552 1.144399 0.040808 0.51009
33.923 14 DESIRED 0.455819 -0.204554 0. -358684. -1500. 200. -1.404516 13.
33.924 14 WP_MOVED 2 360333.5 4813695. 260. 31
33.957 14 NAVIGATION 15 1 70.625 167.5 358758.5 181.780472 23 3 3 0 0 0
33.973 14 GPS 3 36035734 481376080 1407 245097 1288 -382 0 17720719 31 0
33.974 14 SVINFO 4 11 1 4 47 86 226
34.023 14 NAVIGATION 15 1 72.625 165. 358758.5 181.780472 23 3 3 0 0 0
34.024 14 ESTIMATOR 245.073105 -3.82
34.123 14 IR_SENSORS 0 0 -36 97 245
34.124 14 AIRSPEED 12. 0. 0. 0.
34.124 14 ATTITUDE 0.439815 2.564228 -0.233161
34.207 14 NAVIGATION 15 1 72.625 165. 358760.46875 180.275879 24 4 4 0 0 0
34.223 14 FBW_STATUS 2 0 1 12.5 0.091552
34.223 14 GPS 3 36035911 481375822 1455 244285 1305 -395 0 17720960 31 0
34.224 14 SVINFO 5 12 0 5 46 82 276
34.323 14 CALIBRATION -25.190323 1
34.324 14 GPS_SOL 690 690 690 7
34.424 14 WP_MOVED 3 360294.09375 4813785. 260. 31
34.457 14 NAVIGATION 15 1 74.375 162.5 358762.21875 178.711746 24 4 4 0 0 0
34.474 14 GPS 3 36036092 481375498 1516 243323 1325 -383 0 17721239 31 0
34.523 14 ESTIMATOR 243.21196 -3.83
34.623 14 ATTITUDE 0.456746 2.722364 -0.238369
34.707 14 NAVIGATION 15 1 76.15625 159.5 358764. 176.748474 24 4 4 0 0 0
34.723 14 GPS 3 36036222 481375205 1561 242496 1338 -394 0 17721480 31 0
34.924 14 DL_VALUE 31 0.1
34.924 14 ENERGY 8 12.5 0.091552 1.144399 0.040976 0.512186
34.925 14 WP_MOVED 4 360416.3125 4813734. 260. 31
34.957 14 NAVIGATION 15 1 77.5 156.5 358765.3125 174.638199 24 4 4 0 0 0
34.974 14 DESIRED 0.511202 -0.200292 0. -358684. -1500. 200. -1.269497 13.
34.974 14 GPS 3 36036327 481374898 1611 241672 1349 -383 0 17721719 31 0
35.024 14 NAVIGATION 15 1 78.53125 153.5 358765.3125 174.638199 24 4 4 0 0 0
35.026 14 ESTIMATOR 241.419067 -3.83
35.123 14 AIRSPEED 12. 0. 0. 0.
35.123 14 ATTITUDE 0.485686 2.860625 -0.232079
35.207 14 NAVIGATION 15 1 78.53125 153.5 358766.34375 172.42218 25 5 5 0 0 0
35.223 14 GPS 3 36036404 481374581 1662 240856 1359 -378 0 17721960 31 0
35.324 14 IR_SENSORS 0 0 -34 110 239
35.408 14 FBW_STATUS 2 0 1 12.5 0.091552
35.422 14 WP_MOVED 5 360421. 4813583.5 260. 31
35.457 14 NAVIGATION 15 1 79.28125 150.5 358767.09375 170.105164 25 5 5 0 0 0
35.474 14 GPS 3 36036457 481374202 1728 239920 1368 -364 0 17722239 31 0
35.474 14 SVINFO 3 10 1 3 47 54 177
35.524 14 ESTIMATOR 239.695602 -3.64
35.624 14 ATTITUDE 0.506109 3.03143 -0.225043
35.707 14 NAVIGATION 15 1 79.8125 146.5 358767.59375 166.830109 25 5 5 0 0 0
35.724 14 GPS 3 36036470 481373873 1777 239135 1373 -351 0 17722480 31 0
35.924 14 WP_MOVED 6 360164.8125 4813664.5 260. 31
35.956 14 NAVIGATION 15 1 79.96875 143.5 358767.71875 164.277969 25 5 5 0 0 0
35.974 14 GPS 3 36036451 481373543 1832 238369 1376 -353 0 17722719 31 0
36.024 14 ENERGY 8 12.5 0.091552 1.144399 0.041144 0.514283
36.024 14 DESIRED 0.533331 -0.195687 0. -358684. -1500. 200. -1.166262 13.
36.024 14 NAVIGATION 15 1 79.78125 140. 358767.71875 164.277969 25 5 5 0 0 0
36.025 14 ESTIMATOR 238.093292 -3.53
36.123 14 AIRSPEED 12. 0. 0. 0.
36.124 14 ATTITUDE 0.523084 3.183461 -0.209535
36.206 14 NAVIGATION 15 1 79.78125 140. 358767.53125 161.136734 26 6 6 0 0 0
36.224 14 FBW_STATUS 2 0 1 12.5 0.091552
36.224 14 GPS 3 36036400 481373216 1888 237622 1378 -341 0 17722960 31 0
36.225 14 SVINFO 6 13 1 6 45 40 328
36.323 14 GPS_SOL 685 685 685 7
36.424 14 CALIBRATION -25.190323 1
36.424 14 DL_VALUE 32 0.
36.424 14 WP_MOVED 7 360558.40625 4813804.5 260. 31
36.456 14 NAVIGATION 15 1 79.25 136.5 358766.96875 157.837936 26 6 6 0 0 0
36.474 14 GPS 3 36036300 481372843 1959 236773 1379 -299 0 17723239 31 0
36.524 14 IR_SENSORS 0 0 -27 120 236
36.524 14 ESTIMATOR 236.543411 -2.99
36.624 14 ATTITUDE 0.534954 3.368918 -0.201658
36.706 14 NAVIGATION 15 1 78.25 133. 358765.96875 154.311569 26 6 6 0 0 0
36.723 14 GPS 3 36036180 481372534 2012 236064 1378 -300 0 17723480 31 0
36.725 14 SVINFO 1 8 1 1 48 0 78
36.924 14 WP_MOVED 8 1600. 4812095. 200. 31
36.956 14 NAVIGATION 15 1 77.0625 130. 358764.75 151.124542 26 6 6 0 0 0
36.974 14 GPS 3 36036030 481372240 2070 235369 1376 -291 0 17723719 31 0
37.024 14 NAVIGATION 15 1 75.5625 126.5 358764.75 151.124542 26 6 6 0 0 0
37.025 14 ESTIMATOR 235.180161 -2.91
37.074 14 DESIRED 0.505753 -0.194276 0. -358684. -1500. 200. -1.075945 13.
37.124 14 ENERGY 8 12.5 0.091552 1.144399 0.041312 0.51638
37.124 14 AIRSPEED 12. 0. 0. 0.
37.124 14 ATTITUDE 0.534954 3.532062 -0.193251
37.207 14 NAVIGATION 15 1 75.5625 126.5 358763.25 147.349731 27 7 7 0 0 0
37.225 14 GPS 3 36035851 481371963 2128 234687 1374 -275 0 17723960 31 0
37.307 14 COMMANDS 852,-335,-74,0
37.407 14 FBW_STATUS 2 0 1 12.5 0.091552
37.424 14 WP_MOVED 9 360312.8125 4813652. 185. 31
37.456 14 NAVIGATION 15 1 73.78125 124. 358761.4375 144.290237 27 7 7 0 0 0
37.475 14 GPS 3 36035609 481371665 2200 233906 1370 -269 0 17724239 31 0
37.476 14 SVINFO 4 11 0 4 46 88 228
37.524 14 COMMANDS 852,-458,-89,0
37.524 14 ESTIMATOR 233.84613 -2.69
37.624 14 STATE_FILTER_STATUS 2 3 377
37.624 14 ATTITUDE 0.512944 3.7254 -0.187767
37.707 14 NAVIGATION 15 1 71.34375 121.5 358759. 140.897766 27 7 7 0 0 0
37.723 14 IR_SENSORS 0 0 -24 113 239
37.724 14 GPS 3 36035376 481371434 2251 233248 1367 -270 0 17724480 31 0
37.725 14 SVINFO 5 12 1 5 45 78 278
37.823 14 PPRZ_MODE 2 3 2 0 0 6
37.928 14 ALIVE 179,209,69,119,115,11,176,21,181,244,80,210,55,176,198,136
37.929 14 DL_VALUE 33 0.15
37.929 14 WP_MOVED 10 360452.8125 4813581. 260. 31
37.959 14 NAVIGATION 15 1 69. 118.5 358756.65625 137.124939 27 7 7 0 0 0
37.972 14 GPS 3 36035124 481371225 2305 232600 1364 -278 0 17724719 31 0
37.973 14 SVINFO 6 13 1 6 44 37 329
38.023 14 NAVIGATION 15 1 66.5 117. 358756.65625 137.124939 27 7 7 0 0 0
38.023 14 ESTIMATOR 232.538925 -2.78
38.124 14 DESIRED 0.390295 -0.201847 0. -358684. -1500. 200. -0.995783 13.
38.125 14 AIRSPEED 12. 0. 0. 0.
38.125 14 ATTITUDE 0.46227 3.883734 -0.185312
38.206 14 NAVIGATION 15 1 66.5 117. 358754.15625 134.578049 28 8 8 0 0 0
38.225 14 FBW_STATUS 2 0 1 12.5 0.091552
38.226 14 ENERGY 8 12.5 0.091552 1.144399 0.04148 0.518477
38.227 14 GPS 3 36034854 481371041 2356 231962 1360 -280 0 17724960 31 0
38.228 14 SVINFO 0 7 0 0 48 24 29
38.322 14 GPS_SOL 678 678 678 7
38.424 14 DATALINK_REPORT 8 7 1250 530 0 0
38.424 14 WP_MOVED 11 360169.5 4813757.5 260. 31
38.456 14 NAVIGATION 15 1 63.8125 115. 358751.4375 131.518188 28 8 8 0 0 0
38.475 14 GPS 3 36034523 481370855 2415 231228 1356 -274 0 17725239 31 0
38.524 14 CALIBRATION -25.190323 1
38.525 14 ESTIMATOR 231.18811 -2.74
38.622 14 ATTITUDE 0.402545 4.052781 -0.187333
38.626 14 WIND_INFO 14 5 -0.7 0.5 0. 13.7
38.706 14 NAVIGATION 15 1 60.5 113. 358748.125 128.176636 28 8 8 0 0 0
38.723 14 GPS 3 36034227 481370721 2454 230605 1353 -279 0 17725480 31 0
38.725 14 SVINFO 2 9 1 2 47 17 129
38.925 14 IR_SENSORS 0 0 -26 71 254
38.925 14 WP_MOVED 12 360287.59375 4813581. 260. 31
38.957 14 NAVIGATION 15 1 57.53125 111.5 358745.15625 125.467506 28 8 8 0 0 0
38.973 14 GPS 3 36033924 481370606 2493 229987 1349 -286 0 17725719 31 0
38.974 14 SVINFO 3 10 0 3 46 60 179
39.025 14 NAVIGATION 15 1 54.5 110.5 358745.15625 125.467506 28 8 8 0 0 0
39.026 14 ESTIMATOR 229.871704 -2.86
39.125 14 AIRSPEED 13.7 0. 0. 0.
39.125 14 ATTITUDE 0.299554 4.297124 -0.191941
39.174 14 DESIRED 0.231316 -0.219564 0. -358684. -1500. 200. -0.915879 13.
39.207 14 NAVIGATION 15 1 54.5 110.5 358742.125 123.209175 29 9 9 0 0 0
39.224 14 GPS 3 36033616 481370510 2526 229371 1346 -275 0 17725960 31 0
39.323 14 ENERGY 8 12.5 0.091552 1.144399 0.041648 0.520573
39.406 14 FBW_STATUS 2 0 1 12.5 0.091552
39.424 14 DL_VALUE 34 0.05
39.425 14 WP_MOVED 13 360311.5 4813547. 260. 31
39.456 14 NAVIGATION 15 1 51.40625 109.5 358739.03125 120.966331 29 9 9 0 0 0
39.474 14 GPS 3 36033251 481370418 2562 228651 1343 -273 0 17726239 31 0
39.524 14 ESTIMATOR 228.55687 -2.73
39.624 14 ATTITUDE 0.230474 4.421557 -0.198346
39.706 14 NAVIGATION 15 1 47.78125 109. 358735.375 119.012802 29 9 9 0 0 0
39.723 14 GPS 3 36032935 481370354 2584 228026 1341 -280 0 17726480 31 0
39.923 14 WP_MOVED 14 360300.6875 4813575.5 260. 31
39.957 14 NAVIGATION 15 1 44.625 108. 358732.25 116.856285 29 9 9 0 0 0
39.974 14 GPS 3 36032618 481370301 2606 227391 1340 -289 0 17726719 31 0
40.023 14 NAVIGATION 15 1 41.40625 107.5 358732.25 116.856285 29 9 9 0 0 0
40.024 14 ESTIMATOR 227.259018 -2.89
40.124 14 IR_SENSORS 0 0 -33 27 262
40.125 14 AIRSPEED 13.7 0. 0. 0.
40.125 14 ATTITUDE 0.165523 4.501498 -0.212561
40.208 14 NAVIGATION 15 1 41.40625 107.5 358729. 115.198647 30 10 10 0 0 0
40.224 14 FBW_STATUS 2 0 1 12.5 0.091552
40.225 14 DESIRED 0.088889 -0.233545 0. -358684. -1500. 200. -0.817771 13.
40.225 14 GPS 3 36032299 481370259 2624 226743 1339 -281 0 17726960 31 0
40.228 14 SVINFO 1 8 1 1 47 0 80
40.324 14 GPS_SOL 670 670 670 7
40.424 14 ENERGY 8 12.5 0.091552 1.144399 0.041816 0.52267
40.424 14 WP_MOVED 15 360297.6875 4813554.5 260. 31
40.457 14 NAVIGATION 15 1 38.25 107. 358725.84375 113.631256 30 10 10 0 0 0
40.473 14 GPS 3 36031926 481370221 2644 225970 1340 -291 0 17727239 31 0
40.524 14 ESTIMATOR 225.908432 -2.91
40.624 14 CALIBRATION -25.190323 1
40.625 14 ATTITUDE 0.112221 4.570416 -0.219569
40.706 14 NAVIGATION 15 1 34.53125 106.5 358722.125 111.958282 30 10 10 0 0 0
40.724 14 GPS 3 36031605 481370196 2655 225291 1342 -270 0 17727480 31 0
40.923 14 DL_VALUE 35 0.
40.923 14 WP_MOVED 16 361184. 4813643. 260. 31
40.956 14 NAVIGATION 15 1 31.28125 106.5 358718.875 110.998947 30 10 10 0 0 0
40.973 14 GPS 3 36031283 481370177 2665 224598 1344 -281 0 17727719 31 0
40.973 14 SVINFO 4 11 1 4 45 89 230
41.024 14 NAVIGATION 15 1 28.09375 106.5 358718.875 110.998947 30 10 10 0 0 0
41.024 14 ESTIMATOR 224.550644 -2.81
41.123 14 AIRSPEED 13.7 0. 0. 0.
41.124 14 ATTITUDE 0.070436 4.609727 -0.23076
41.207 14 NAVIGATION 15 1 28.09375 106.5 358715.6875 110.143127 31 11 11 0 0 0
41.224 14 GPS 3 36030960 481370162 2673 223890 1347 -283 0 17727960 31 0
41.225 14 SVINFO 5 12 1 5 44 73 280
41.283 14 DESIRED 0.03159 -0.243455 0. -358684. -1500. 200. -0.736519 13.
41.325 14 NAVIGATION_REF 360284 4813595 31 185.
41.326 14 IR_SENSORS 0 0 -39 0 263
41.407 14 FBW_STATUS 2 0 1 12.5 0.091552
41.424 14 WP_MOVED 17 361184. 4813643. 260. 31
41.456 14 NAVIGATION 15 1 24.84375 106.5 358712.4375 109.359322 31 11 11 0 0 0
41.473 14 GPS 3 36030582 481370149 2681 223047 1351 -274 0 17728239 31 0
41.474 14 SVINFO 6 13 0 6 43 31 331
41.524 14 ENERGY 8 12.5 0.091552 1.144399 0.041984 0.524767
41.524 14 ESTIMATOR 223.124603 -2.74
41.624 14 ATTITUDE 0.04375 4.639155 -0.238768
41.706 14 NAVIGATION 15 1 21.09375 106. 358708.6875 108.07843 31 11 11 0 0 0
41.723 14 GPS 3 36030257 481370141 2685 222311 1354 -300 0 17728480 31 0
41.924 14 WP_MOVED 18 360289. 4813605. 220. 31
41.957 14 NAVIGATION 15 1 17.8125 106. 358705.40625 107.486206 31 11 11 0 0 0
41.973 14 GPS 3 36029931 481370135 2689 221564 1358 -289 0 17728719 31 0
42.024 14 NAVIGATION 15 1 14.5625 106. 358705.40625 107.486206 31 11 11 0 0 0
42.024 14 ESTIMATOR 221.632812 -2.89
42.124 14 AIRSPEED 13.7 0. 0. 0.
42.124 14 ATTITUDE 0.024682 4.654073 -0.246219
42.206 14 NAVIGATION 15 1 14.5625 106. 358702.15625 106.995636 32 12 12 0 0 0
42.223 14 FBW_STATUS 2 0 1 12.5 0.091552
42.223 14 GPS 3 36029604 481370130 2692 220809 1362 -294 0 17728960 31 0
42.223 14 SVINFO 2 9 1 2 46 22 131
42.306 14 COMMANDS 852,-96,25,0
42.323 14 GPS_SOL 661 661 661 7
42.324 14 DESIRED 0.008056 -0.248223 0. -358684. -1500. 200. -0.648984 13.
42.424 14 DL_VALUE 36 0.
42.424 14 WP_MOVED 19 360289. 4813610. 500. 31
42.456 14 NAVIGATION 15 1 11.28125 106. 358698.875 106.598625 32 12 12 0 0 0
42.473 14 GPS 3 36029221 481370126 2694 219920 1367 -272 0 17729239 31 0
42.474 14 SVINFO 3 10 1 3 45 66 181
42.524 14 COMMANDS 852,-61,15,0
42.525 14 IR_SENSORS 0 0 -43 -14 262
42.525 14 ESTIMATOR 220.090393 -2.72
42.624 14 STATE_FILTER_STATUS 2 3 319
42.625 14 ENERGY 8 12.5 0.091552 1.144399 0.042152 0.526864
42.625 14 ATTITUDE 0.009448 4.663372 -0.249938
42.707 14 NAVIGATION 15 1 7.4375 105.5 358695.03125 105.761841 32 12 12 0 0 0
42.724 14 AUTOPILOT_VERSION 51500 v5.15_devel-179-g9a29798-dirty
42.725 14 CALIBRATION -25.190323 1
42.725 14 GPS 3 36028892 481370123 2695 219151 1371 -271 0 17729480 31 0
42.725 14 SVINFO 4 11 1 4 44 89 231
42.824 14 PPRZ_MODE 2 3 2 0 0 6
42.924 14 ALIVE 179,209,69,119,115,11,176,21,181,244,80,210,55,176,198,136
42.924 14 WP_MOVED 20 360289. 4813620. 300. 31
42.957 14 NAVIGATION 15 1 4.15625 105.5 358691.75 105.581841 32 12 12 0 0 0
42.974 14 GPS 3 36028562 481370121 2695 218380 1374 -274 0 17729719 31 0
43.024 14 NAVIGATION 15 1 0.84375 105.5 358691.75 105.581841 32 12 12 0 0 0
43.024 14 ESTIMATOR 218.592712 -2.74
43.124 14 AIRSPEED 13.7 0. 0. 0.
43.124 14 ATTITUDE 0.001606 4.665945 -0.254278
43.207 14 NAVIGATION 15 1 0.84375 105.5 358688.4375 105.503372 33 13 13 0 0 0
43.224 14 GPS 3 36028231 481370118 2695 217606 1378 -278 0 17729960 31 0
43.225 14 SVINFO 6 13 1 6 42 28 332
43.373 14 DESIRED 0.00166 -0.218575 0. -358684. -1500. 200. -0.557781 13.
43.406 14 FBW_STATUS 2 0 1 12.5 0.121607
43.424 14 WP_MOVED 21 360289. 4813625. 400. 31
43.456 14 NAVIGATION 15 1 -2.4375 105.5 358685.15625 105.528152 33 13 13 0 0 0
43.475 14 GPS 3 36027843 481370115 2695 216705 1385 -305 0 17730239 31 0
43.475 14 SVINFO 0 7 0 0 47 16 32
43.524 14 DATALINK_REPORT 5 8 1378 548 0 0
43.524 14 ESTIMATOR 217.024673 -3.05
43.624 14 ATTITUDE 0.001606 4.666603 -0.250551
43.707 14 NAVIGATION 15 1 -6.3125 105.5 358681.28125 105.688683 33 13 13 0 0 0
43.724 14 IR_SENSORS 0 0 -42 -16 262
43.725 14 ENERGY 14 12.5 0.142339 1.779237 0.042356 0.529423
43.725 14 GPS 3 36027509 481370113 2695 215939 1391 -321 0 17730480 31 0
43.924 14 DL_VALUE 37 0.
43.925 14 WP_MOVED 22 360289. 4813645. 250. 31
43.957 14 NAVIGATION 15 1 -9.65625 105.5 358677.9375 105.940987 33 13 13 0 0 0
43.973 14 GPS 3 36027174 481370110 2695 215187 1398 -312 0 17730719 31 0
44.024 14 NAVIGATION 15 1 -13. 105.5 358677.9375 105.940987 33 13 13 0 0 0
44.024 14 ESTIMATOR 215.327942 -3.12
44.123 14 AIRSPEED 13.7 0. 0. 0.
44.124 14 ATTITUDE -0.001963 4.666761 -0.235036
44.207 14 NAVIGATION 15 1 -13. 105.5 358674.59375 106.297928 34 14 14 0 0 0
44.223 14 FBW_STATUS 2 0 1 12.5 0.20101
44.224 14 GPS 3 36026836 481370108 2695 214457 1407 -295 0 17730960 31 0
44.324 14 GPS_SOL 651 651 651 7
44.424 14 DESIRED 0.001642 -0.143749 0. -358684. -1500. 200. -0.459838 13.
44.425 14 WP_MOVED 0 360326. 4813637. 260. 31
44.457 14 NAVIGATION 15 1 -16.375 105.5 358671.21875 106.763245 34 14 14 0 0 0
44.474 14 GPS 3 36026439 481370105 2695 213648 1418 -267 0 17731239 31 0
44.527 14 ESTIMATOR 213.751373 -2.67
44.622 14 ATTITUDE 0.00207 4.666949 -0.212089
44.706 14 NAVIGATION 15 1 -20.34375 105.5 358667.25 107.443558 34 14 14 0 0 0
44.723 14 GPS 3 36026096 481370102 2695 213002 1427 -252 0 17731480 31 0
44.724 14 SVINFO 5 12 1 5 43 68 282
44.822 14 CALIBRATION -113.617638 2
44.822 14 ENERGY 25 12.5 0.318393 3.979909 0.042766 0.534537
44.925 14 IR_SENSORS 0 0 -27 -16 264
44.926 14 WP_MOVED 1 360284. 4813595. 260. 31
44.959 14 NAVIGATION 15 1 -23.78125 105.5 358663.8125 108.14711 34 14 14 0 0 0
44.977 14 GPS 3 36025752 481370099 2695 212410 1436 -218 0 17731719 31 0
45.023 14 NAVIGATION 15 1 -27.21875 105.5 358663.8125 108.14711 34 14 14 0 0 0
45.023 14 ESTIMATOR 212.427002 -2.18
45.124 14 AIRSPEED 13.7 0. 0. 0.
45.124 14 ATTITUDE 0.0023 4.667462 -0.174168
45.206 14 NAVIGATION 15 1 -27.21875 105.5 358660.375 108.954628 35 15 15 0 0 0
45.224 14 GPS 3 36025405 481370096 2695 211883 1445 -185 0 17731960 31 0
45.407 14 FBW_STATUS 2 0 1 12.5 0.417705
45.424 14 DL_VALUE 38 0.
45.424 14 WP_MOVED 2 360333.5 4813695. 260. 31
45.457 14 NAVIGATION 15 1 -30.71875 105.5 358656.875 109.881264 35 15 15 0 0 0
45.473 14 DESIRED 0.002054 -0.061262 0. -358684. -1500. 200. -0.356468 13.
45.474 14 GPS 3 36024998 481370093 2695 211359 1454 -162 0 17732239 31 0
45.475 14 SVINFO 1 8 1 1 46 0 83
45.524 14 ESTIMATOR 211.40416 -1.62
45.624 14 ATTITUDE 0.002528 4.668119 -0.136284
45.707 14 NAVIGATION 15 1 -34.75 105.5 358652.84375 111.075706 35 15 15 0 0 0
45.724 14 GPS 3 36024648 481370090 2695 210993 1458 -136 0 17732480 31 0
45.725 14 SVINFO 2 9 1 2 45 28 133
45.923 14 ENERGY 33 12.5 0.467901 5.848758 0.043509 0.543829
45.924 14 WP_MOVED 3 360294.09375 4813785. 260. 31
45.957 14 NAVIGATION 15 1 -38.28125 105.5 358649.3125 112.230583 35 15 15 0 0 0
45.975 14 GPS 3 36024297 481370088 2695 210707 1460 -105 0 17732719 31 0
45.975 14 SVINFO 3 10 1 3 44 71 183
46.024 14 NAVIGATION 15 1 -41.78125 105.5 358649.3125 112.230583 35 15 15 0 0 0
46.024 14 ESTIMATOR 210.670303 -1.05
46.123 14 IR_SENSORS 0 0 0 -16 265
46.123 14 AIRSPEED 13.7 0. 0. 0.
46.123 14 ATTITUDE 0.002528 4.668414 -0.087266
46.206 14 NAVIGATION 15 1 -41.78125 105.5 358645.8125 113.472122 36 16 16 0 0 0
46.225 14 FBW_STATUS 2 0 1 12.5 0.486753
46.225 14 GPS 3 36023947 481370085 2695 210497 1458 -75 0 17732960 31 0
46.226 14 SVINFO 4 11 1 4 43 89 233
46.324 14 GPS_SOL 640 640 640 7
46.424 14 WP_MOVED 4 360416.3125 4813734. 260. 31
46.456 14 NAVIGATION 15 1 -45.28125 105.5 358642.3125 114.806976 36 16 16 0 0 0
46.474 14 GPS 3 36023540 481370082 2695 210342 1452 -42 0 17733239 31 0
46.475 14 SVINFO 5 12 1 5 42 65 283
46.523 14 DESIRED 0.002046 -0.025477 0. -358684. -1500. 200. -0.312922 13.
46.524 14 ESTIMATOR 210.2686 -0.42
46.622 14 ATTITUDE 0.002528 4.668149 -0.057087
46.707 14 NAVIGATION 15 1 -49.34375 105.5 358638.25 116.469116 36 16 16 0 0 0
46.726 14 GPS 3 36023194 481370079 2695 210279 1444 -15 0 17733480 31 0
46.727 14 SVINFO 6 13 1 6 41 22 334
46.924 14 CALIBRATION -147.84668 2
46.925 14 DL_VALUE 39 0.
46.925 14 WP_MOVED 5 360421. 4813583.5 260. 31
46.956 14 NAVIGATION 15 1 -52.84375 105.5 358634.75 117.994545 36 16 16 0 0 0
46.975 14 GPS 3 36022849 481370077 2695 210270 1434 28 0 17733719 31 0
46.976 14 SVINFO 0 7 0 0 46 12 34
47.023 14 ENERGY 36 12.5 0.509198 6.36498 0.044427 0.555309
47.024 14 NAVIGATION 15 1 -56.28125 105.5 358634.75 117.994545 36 16 16 0 0 0
47.025 14 ESTIMATOR 210.185104 0.28
47.125 14 AIRSPEED 13.7 0. 0. 0.
47.125 14 ATTITUDE 0.0023 4.667395 -0.022961
47.207 14 NAVIGATION 15 1 -56.28125 105.5 358631.3125 119.573532 37 17 17 0 0 0
47.225 14 GPS 3 36022508 481370074 2695 210306 1422 30 0 17733960 31 0
47.226 14 SVINFO 1 8 0 1 45 1 84
47.307 14 COMMANDS 3401,-1,-47,0
47.324 14 IR_SENSORS 0 0 19 -16 264
47.406 14 FBW_STATUS 2 0 1 12.5 0.488361
47.424 14 WP_MOVED 6 360164.8125 4813664.5 260. 31
47.460 14 NAVIGATION 15 1 -59.65625 105.5 358627.9375 121.198669 37 17 17 0 0 0
47.476 14 GPS 3 36022114 481370071 2695 210390 1404 40 0 17734239 31 0
47.525 14 COMMANDS 3301,-1,-162,0
47.525 14 ESTIMATOR 210.355209 0.4
47.573 14 DESIRED 0.002067 -0.021454 0. -358684. -1500. 200. -0.308045 13.
47.641 14 STATE_FILTER_STATUS 2 3 302
47.642 14 ATTITUDE 0.0023 4.666277 -0.004125
47.707 14 NAVIGATION 15 1 -63.625 105.5 358623.96875 123.200615 37 17 17 0 0 0
47.724 14 GPS 3 36021780 481370068 2695 210485 1390 34 0 17734480 31 0
47.824 14 PPRZ_MODE 2 3 2 0 0 6
47.923 14 ALIVE 179,209,69,119,115,11,176,21,181,244,80,210,55,176,198,136
47.923 14 WP_MOVED 7 360558.40625 4813804.5 260. 31
47.957 14 NAVIGATION 15 1 -66.9375 105.5 358620.65625 124.943504 37 17 17 0 0 0
47.973 14 GPS 3 36021451 481370065 2695 210588 1373 53 0 17734719 31 0
48.024 14 NAVIGATION 15 1 -70.21875 105.5 358620.65625 124.943504 37 17 17 0 0 0
48.025 14 ESTIMATOR 210.558167 0.53
48.124 14 ENERGY 31 12.5 0.429833 5.372909 0.045295 0.566154
48.124 14 AIRSPEED 13.7 0. 0. 0.
48.124 14 ATTITUDE 0.0023 4.665049 0.003393
48.207 14 NAVIGATION 15 1 -70.21875 105.5 358617.375 126.731697 38 18 18 0 0 0
48.227 14 FBW_STATUS 2 0 1 12.5 0.421855
48.227 14 GPS 3 36021125 481370062 2695 210691 1357 46 0 17734960 31 0
48.324 14 GPS_SOL 629 629 629 7
48.424 14 DL_VALUE 40 0.
48.425 14 WP_MOVED 8 1600. 4812095. 200. 31
48.456 14 NAVIGATION 15 1 -73.5 105. 358614.09375 128.168839 38 18 18 0 0 0
48.473 14 GPS 3 36020750 481370059 2695 210797 1337 28 0 17735239 31 0
48.473 14 SVINFO 6 13 1 6 40 19 335
48.524 14 IR_SENSORS 0 0 24 -16 264
48.524 14 ESTIMATOR 210.803497 0.28
48.623 14 DATALINK_REPORT 10 8 1503 525 0 0
48.624 14 DESIRED 0.002097 -0.031958 0. -358684. -1500. 200. -0.320722 13.
48.624 14 ATTITUDE 0.0023 4.663768 -0.000365
48.627 14 WIND_INFO 14 5 -0.7 0.5 0. 13.6
48.707 14 NAVIGATION 15 1 -77.21875 105. 358610.375 130.337006 38 18 18 0 0 0
48.724 14 GPS 3 36020432 481370056 2694 210869 1324 30 0 17735480 31 0
48.924 14 WP_MOVED 9 360312.8125 4813652. 185. 31
48.957 14 NAVIGATION 15 1 -80.4375 105. 358607.15625 132.269394 38 18 18 0 0 0
48.974 14 GPS 3 36020117 481370053 2694 210918 1311 -4 0 17735719 31 0
49.024 14 CALIBRATION -69.456078 2
49.024 14 NAVIGATION 15 1 -83.59375 105. 358607.15625 132.269394 38 18 18 0 0 0
49.025 14 ESTIMATOR 210.939789 -0.04
49.123 14 AIRSPEED 13.6 0. 0. 0.
49.124 14 ATTITUDE 0.0023 4.662744 -0.007888
49.207 14 NAVIGATION 15 1 -83.59375 105. 358604. 134.212204 39 19 19 0 0 0
49.223 14 ENERGY 27 12.5 0.368442 4.605526 0.046014 0.57514
49.223 14 GPS 3 36019805 481370050 2694 210942 1300 -21 0 17735960 31 0
49.224 14 SVINFO 2 9 0 2 44 34 135
49.407 14 FBW_STATUS 2 0 1 12.5 0.365921
49.424 14 WP_MOVED 10 360452.8125 4813581. 260. 31
49.456 14 NAVIGATION 15 1 -86.71875 105. 358600.875 136.180542 39 19 19 0 0 0
49.474 14 GPS 3 36019443 481370047 2694 210937 1291 -19 0 17736239 31 0
49.475 14 SVINFO 3 10 0 3 43 76 185
49.524 14 ESTIMATOR 210.894974 -0.19
49.624 14 ATTITUDE 0.0023 4.661769 -0.015421
49.673 14 DESIRED 0.002113 -0.037953 0. -358684. -1500. 200. -0.327988 13.
49.708 14 NAVIGATION 15 1 -90.3125 105. 358597.28125 138.49675 39 19 19 0 0 0
49.727 14 IR_SENSORS 0 0 18 -16 264
49.727 14 GPS 3 36019135 481370044 2694 210905 1287 -30 0 17736480 31 0
49.728 14 SVINFO 4 11 0 4 42 88 235
49.924 14 DL_VALUE 41 0.
49.924 14 WP_MOVED 11 360169.5 4813757.5 260. 31
49.956 14 NAVIGATION 15 1 -93.375 105. 358594.21875 140.512955 39 19 19 0 0 0
49.975 14 GPS 3 36018826 481370041 2694 210850 1284 -46 0 17736719 31 0
49.976 14 SVINFO 5 12 1 5 41 60 285
50.024 14 NAVIGATION 15 1 -96.5 105. 358594.21875 140.512955 39 19 19 0 0 0
50.024 14 ESTIMATOR 210.803391 -0.46
50.124 14 AIRSPEED 13.6 0. 0. 0.
50.124 14 ATTITUDE 0.0023 4.661178 -0.026734
50.206 14 NAVIGATION 15 1 -96.5 105. 358591.09375 142.608734 40 20 20 0 0 0
50.224 14 FBW_STATUS 2 0 1 12.5 0.370798
50.224 14 GPS 3 36018518 481370038 2694 210775 1284 -69 0 17736960 31 0
50.324 14 NAVIGATION_REF 360284 4813595 31 185.
50.325 14 GPS_SOL 616 616 616 7
50.325 14 ENERGY 28 12.5 0.378223 4.727793 0.046687 0.583555
50.424 14 WP_MOVED 12 360287.59375 4813581. 260. 31
50.456 14 NAVIGATION 15 1 -99.5625 105. 358588.03125 144.698624 40 20 20 0 0 0
50.476 14 GPS 3 36018158 481370035 2694 210666 1286 -64 0 17737239 31 0
50.477 14 SVINFO 0 7 0 0 45 8 36
50.525 14 ESTIMATOR 210.570999 -0.64
50.624 14 ATTITUDE 0.002528 4.660848 -0.034485
50.707 14 NAVIGATION 15 1 -103.15625 105. 358584.4375 147.194473 40 20 20 0 0 0
50.724 14 DESIRED 0.002518 -0.028963 0. -358684. -1500. 200. -0.31713 13.
50.725 14 GPS 3 36017848 481370032 2694 210560 1290 -65 0 17737480 31 0
50.726 14 SVINFO 1 8 1 1 44 3 86
50.924 14 IR_SENSORS 0 0 13 -16 265
50.924 14 WP_MOVED 13 360311.5 4813547. 260. 31
50.956 14 NAVIGATION 15 1 -106.28125 105. 358581.3125 149.401154 40 20 20 0 0 0
50.973 14 GPS 3 36017537 481370029 2694 210447 1295 -61 0 17737719 31 0
50.974 14 SVINFO 2 9 1 2 43 37 136
51.024 14 NAVIGATION 15 1 -109.375 104.5 358581.3125 149.401154 40 20 20 0 0 0
51.024 14 ESTIMATOR 210.327972 -0.61
51.124 14 CALIBRATION -82.182228 2
51.124 14 AIRSPEED 13.6 0. 0. 0.
51.124 14 ATTITUDE 0.002528 4.660858 -0.038249
51.206 14 NAVIGATION 15 1 -109.375 104.5 358578.21875 151.271744 41 21 21 0 0 0
51.224 14 GPS 3 36017225 481370025 2694 210332 1301 -60 0 17737960 31 0
51.224 14 SVINFO 3 10 1 3 42 78 186
51.407 14 FBW_STATUS 2 0 1 12.5 0.424973
51.424 14 DL_VALUE 42 0.6
51.424 14 ENERGY 31 12.5 0.424973 5.31216 0.047423 0.592758
51.425 14 WP_MOVED 14 360300.6875 4813575.5 260. 31
51.457 14 NAVIGATION 15 1 -112.5 104.5 358575.09375 153.546417 41 21 21 0 0 0
51.473 14 GPS 3 36016859 481370021 2693 210198 1309 -62 0 17738239 31 0
51.474 14 SVINFO 4 11 0 4 41 88 236
51.524 14 ESTIMATOR 210.099701 -0.62
51.624 14 ATTITUDE 0.002528 4.660976 -0.038249
51.707 14 NAVIGATION 15 1 -116.15625 104.5 358571.4375 156.245071 41 21 21 0 0 0
51.724 14 GPS 3 36016543 481370018 2693 210090 1314 -60 0 17738480 31 0
51.726 14 SVINFO 5 12 1 5 40 57 286
51.774 14 DESIRED 0.002932 -0.017228 0. -358684. -1500. 200. -0.302991 13.
51.924 14 WP_MOVED 15 360297.6875 4813554.5 260. 31
51.960 14 NAVIGATION 15 1 -119.3125 104.5 358568.28125 158.60556 41 21 21 0 0 0
51.976 14 GPS 3 36016226 481370015 2693 209991 1320 -75 0 17738719 31 0
51.977 14 SVINFO 6 13 1 6 39 14 337
52.024 14 NAVIGATION 15 1 -122.5 104.5 358568.28125 158.60556 41 21 21 0 0 0
52.025 14 ESTIMATOR 209.872894 -0.75
52.123 14 IR_SENSORS 0 0 14 -16 265
52.123 14 AIRSPEED 13.6 0. 0. 0.
52.123 14 ATTITUDE 0.002528 4.661111 -0.034485
52.208 14 NAVIGATION 15 1 -122.5 104.5 358565.09375 161.017075 42 22 22 0 0 0
52.226 14 FBW_STATUS 2 0 1 12.5 0.467547
52.227 14 GPS 3 36015908 481370011 2693 209903 1326 -82 0 17738960 31 0
52.315 14 COMMANDS 3296,6,239,0
52.325 14 GPS_SOL 603 603 603 7
52.424 14 WP_MOVED 16 361184. 4813643. 260. 31
52.456 14 NAVIGATION 15 1 -125.65625 104.5 358561.9375 163.431152 42 22 22 0 0 0
52.473 14 GPS 3 36015535 481370007 2693 209817 1333 -91 0 17739239 31 0
52.524 14 COMMANDS 3369,6,196,0
52.524 14 ENERGY 35 12.5 0.485324 6.066555 0.048256 0.603173
52.524 14 ESTIMATOR 209.608459 -0.91
52.624 14 STATE_FILTER_STATUS 2 3 296
52.624 14 ATTITUDE 0.0023 4.66143 -0.026734
52.707 14 NAVIGATION 15 1 -129.375 104.5 358558.21875 166.307373 42 22 22 0 0 0
52.724 14 GPS 3 36015214 481370004 2693 209760 1337 -78 0 17739480 31 0
52.824 14 PPRZ_MODE 2 3 2 0 0 6
52.824 14 DESIRED 0.003359 -0.014173 0. -358684. -1500. 200. -0.288254 13.
52.925 14 ALIVE 179,209,69,119,115,11,176,21,181,244,80,210,55,176,198,136
52.926 14 DL_VALUE 43 12000.
52.927 14 WP_MOVED 17 361184. 4813643. 260. 31
52.957 14 NAVIGATION 15 1 -132.59375 104.5 358555. 168.823441 42 22 22 0 0 0
52.975 14 GPS 3 36014892 481370000 2693 209719 1341 -57 0 17739719 31 0
53.026 14 NAVIGATION 15 1 -135.84375 104.5 358555. 168.823441 42 22 22 0 0 0
53.027 14 ESTIMATOR 209.395309 -0.57
53.123 14 AIRSPEED 13.6 0. 0. 0.
53.124 14 ATTITUDE 0.0023 4.661891 -0.022961
53.207 14 NAVIGATION 15 1 -135.84375 104.5 358551.75 171.387787 43 23 23 0 0 0
53.224 14 CALIBRATION -132.555603 0
53.224 14 GPS 3 36014569 481369997 2694 209695 1345 -52 0 17739960 31 0
53.324 14 IR_SENSORS 0 0 18 -16 264
53.406 14 FBW_STATUS 2 0 1 12.5 0.516611
53.425 14 WP_MOVED 18 360289. 4813605. 220. 31
53.459 14 NAVIGATION 15 1 -139.0625 104.5 358548.53125 173.950073 43 23 23 0 0 0
53.475 14 GPS 3 36014192 481369993 2694 209684 1348 -40 0 17740239 31 0
53.477 14 SVINFO 5 12 1 5 39 54 287
53.524 14 ESTIMATOR 209.351456 -0.4
53.626 14 ENERGY 36 12.5 0.518241 6.478012 0.049186 0.614789
53.627 14 ATTITUDE 0.006075 4.662998 -0.015421
53.706 14 NAVIGATION 15 1 -142.84375 104.5 358544.75 176.987534 43 23 23 0 0 0
53.725 14 DATALINK_REPORT 5 9 1631 541 0 0
53.725 14 GPS 3 36013868 481369990 2694 209689 1349 -25 0 17740480 31 0
53.727 14 SVINFO 6 13 1 6 38 12 338
53.824 14 AUTOPILOT_VERSION 51500 v5.15_devel-179-g9a29798-dirty
53.873 14 DESIRED 0.002946 -0.013394 0. -358684. -1500. 200. -0.280544 13.
53.924 14 WP_MOVED 19 360289. 4813610. 500. 31
53.960 14 NAVIGATION 15 1 -146.0625 104.5 358541.53125 179.595383 43 23 23 0 0 0
53.978 14 GPS 3 36013544 481369987 2694 209705 1349 -6 0 17740719 31 0
53.979 14 SVINFO 0 7 0 0 44 4 38
54.024 14 NAVIGATION 15 1 -149.3125 104.5 358541.53125 179.595383 43 23 23 0 0 0
54.024 14 ESTIMATOR 209.405106 -0.06
54.126 14 AIRSPEED 13.6 0. 0. 0.
54.126 14 ATTITUDE 0.0023 4.663889 -0.011653
54.207 14 NAVIGATION 15 1 -149.3125 104.5 358538.28125 182.248383 44 24 24 0 0 0
54.226 14 FBW_STATUS 2 0 1 12.5 0.508837
54.228 14 GPS 3 36013220 481369985 2695 209728 1349 2 0 17740960 31 0
54.229 14 SVINFO 1 8 0 1 43 6 88
54.327 14 GPS_SOL 589 589 589 7
54.424 14 DL_VALUE 44 1.5
54.425 14 WP_MOVED 20 360289. 4813620. 300. 31
54.457 14 NAVIGATION 15 1 -152.5625 104.5 358535.03125 184.920425 44 24 24 0 0 0
54.476 14 GPS 3 36012843 481369981 2695 209762 1346 -8 0 17741239 31 0
54.477 14 SVINFO 2 9 1 2 42 43 138
54.524 14 IR_SENSORS 0 0 20 -16 264
54.524 14 ESTIMATOR 209.553894 -0.08
54.624 14 ATTITUDE 0.0023 4.66421 -0.011653
54.706 14 NAVIGATION 15 1 -156.3125 104.5 358531.28125 188.026184 44 24 24 0 0 0
54.724 14 ENERGY 35 12.5 0.497139 6.214237 0.050119 0.626456
54.724 14 GPS 3 36012520 481369979 2695 209794 1344 -4 0 17741480 31 0
54.725 14 SVINFO 3 10 1 3 41 82 188
54.924 14 DESIRED 0.002101 -0.014091 0. -358684. -1500. 200. -0.286617 13.
54.924 14 WP_MOVED 21 360289. 4813625. 400. 31
54.957 14 NAVIGATION 15 1 -159.5625 104.5 358528.03125 190.736572 44 24 24 0 0 0
54.974 14 GPS 3 36012198 481369976 2694 209826 1342 -21 0 17741720 31 0
54.974 14 SVINFO 4 11 1 4 40 85 238
55.024 14 NAVIGATION 15 1 -162.75 104.5 358528.03125 190.736572 44 24 24 0 0 0
55.024 14 ESTIMATOR 209.651199 -0.21
55.124 14 AIRSPEED 13.6 0. 0. 0.
55.125 14 ATTITUDE 0.0023 4.66377 -0.007888
55.207 14 NAVIGATION 15 1 -162.75 104.5 358524.84375 193.410995 45 25 25 0 0 0
55.223 14 GPS 3 36011877 481369973 2694 209857 1339 -1 0 17741960 31 0
55.332 14 CALIBRATION -118.961624 0
55.407 14 FBW_STATUS 2 0 1 12.5 0.482292
55.423 14 WP_MOVED 22 360289. 4813645. 250. 31
55.456 14 NAVIGATION 15 1 -166. 104.5 358521.59375 196.153641 45 25 25 0 0 0
55.473 14 GPS 3 36011502 481369969 2694 209890 1336 2 0 17742239 31 0
55.523 14 ESTIMATOR 209.721008 0.02
55.624 14 ATTITUDE 0.0023 4.663486 -0.011653
55.706 14 NAVIGATION 15 1 -169.71875 104.5 358517.875 199.310562 45 25 25 0 0 0
55.724 14 IR_SENSORS 0 0 20 -15 264
55.725 14 GPS 3 36011182 481369967 2695 209915 1334 3 0 17742480 31 0
55.726 14 SVINFO 0 7 0 0 43 3 39
55.823 14 ENERGY 34 12.5 0.470204 5.877547 0.051008 0.637569
55.924 14 DL_VALUE 45 1250.
55.924 14 WP_MOVED 0 360326. 4813637. 260. 31
55.957 14 NAVIGATION 15 1 -172.90625 104. 358514.6875 201.77356 45 25 25 0 0 0
55.974 14 DESIRED 0.002106 -0.014029 0. -358684. -1500. 200. -0.293237 13.
55.975 14 GPS 3 36010862 481369964 2695 209936 1331 -7 0 17742720 31 0
55.976 14 SVINFO 1 8 1 1 42 8 89
56.024 14 NAVIGATION 15 1 -176.125 104. 358514.6875 201.77356 45 25 25 0 0 0
56.024 14 ESTIMATOR 209.82164 -0.07
56.124 14 AIRSPEED 13.6 0. 0. 0.
56.124 14 ATTITUDE 0.006075 4.664145 -0.011653
56.206 14 NAVIGATION 15 1 -176.125 104. 358511.46875 204.538544 46 26 26 0 0 0
56.223 14 FBW_STATUS 2 0 1 12.5 0.461183
56.224 14 GPS 3 36010544 481369962 2695 209952 1328 -18 0 17742960 31 0
56.225 14 SVINFO 2 9 0 2 41 47 139
56.323 14 GPS_SOL 574 574 574 7
56.424 14 WP_MOVED 1 360284. 4813595. 260. 31
56.457 14 NAVIGATION 15 1 -179.3125 104. 358508.28125 207.289581 46 26 26 0 0 0
56.473 14 GPS 3 36010172 481369959 2695 209965 1325 -21 0 17743239 31 0
56.474 14 SVINFO 3 10 1 3 40 84 189
56.523 14 ESTIMATOR 209.840271 -0.21
56.624 14 ATTITUDE 0.0023 4.665097 -0.011653
56.707 14 NAVIGATION 15 1 -183.03125 104. 358504.5625 210.514694 46 26 26 0 0 0
56.724 14 GPS 3 36009854 481369957 2696 209972 1324 -24 0 17743480 31 0
56.724 14 SVINFO 4 11 1 4 39 84 239
56.923 14 IR_SENSORS 0 0 20 -16 264
56.924 14 ENERGY 33 12.5 0.457656 5.720705 0.051854 0.648147
56.924 14 WP_MOVED 2 360333.5 4813695. 260. 31
56.957 14 NAVIGATION 15 1 -186.1875 104. 358501.40625 213.264587 46 26 26 0 0 0
56.974 14 GPS 3 36009537 481369955 2696 209974 1322 -32 0 17743720 31 0
56.975 14 SVINFO 5 12 1 5 38 47 289
57.024 14 DESIRED 0.001278 -0.014513 0. -358684. -1500. 200. -0.295053 13.
57.024 14 NAVIGATION 15 1 -189.375 104. 358501.40625 213.264587 46 26 26 0 0 0
57.024 14 ESTIMATOR 209.826218 -0.32
57.124 14 AIRSPEED 13.6 0. 0. 0.
57.124 14 ATTITUDE -0.001473 4.665194 -0.011653
57.207 14 NAVIGATION 15 1 -189.375 104. 358498.21875 216.052979 47 27 27 0 0 0
57.223 14 GPS 3 36009220 481369952 2695 209972 1322 -28 0 17743960 31 0
57.224 14 SVINFO 6 13 0 6 37 8 340
57.325 14 COMMANDS 3207,20,10,0
57.408 14 FBW_STATUS 2 0 1 12.5 0.458185
57.424 14 CALIBRATION -100.523018 0
57.425 14 DL_VALUE 46 0.
57.425 14 WP_MOVED 3 360294.09375 4813785. 260. 31
57.456 14 NAVIGATION 15 1 -192.5625 104. 358495.03125 218.852264 47 27 27 0 0 0
57.475 14 GPS 3 36008850 481369950 2695 209966 1321 -15 0 17744239 31 0
57.524 14 COMMANDS 3193,20,10,0
57.524 14 ESTIMATOR 209.793793 -0.15
57.624 14 STATE_FILTER_STATUS 2 3 299
57.625 14 ATTITUDE 0.0023 4.664709 -0.015421
57.706 14 NAVIGATION 15 1 -196.28125 104. 358491.3125 222.131332 47 27 27 0 0 0
57.724 14 GPS 3 36008533 481369947 2695 209958 1321 -19 0 17744480 31 0
57.825 14 PPRZ_MODE 2 3 2 0 0 6
57.924 14 ALIVE 179,209,69,119,115,11,176,21,181,244,80,210,55,176,198,136
57.924 14 WP_MOVED 4 360416.3125 4813734. 260. 31
57.957 14 NAVIGATION 15 1 -199.4375 104. 358488.15625 224.92514 47 27 27 0 0 0
57.978 14 GPS 3 36008216 481369945 2695 209948 1320 -16 0 17744720 31 0
58.024 14 ENERGY 32 12.5 0.450796 5.634954 0.05269 0.6586
58.024 14 NAVIGATION 15 1 -202.59375 104. 358488.15625 224.92514 47 27 27 0 0 0
58.024 14 ESTIMATOR 209.808777 -0.16
58.075 14 DESIRED 0.001281 -0.014473 0. -358684. -1500. 200. -0.294244 13.
58.123 14 IR_SENSORS 0 0 19 -16 264
58.124 14 AIRSPEED 13.6 0. 0. 0.
58.124 14 ATTITUDE 0.0023 4.664597 -0.015421
58.207 14 NAVIGATION 15 1 -202.59375 104. 358485. 227.728409 48 28 28 0 0 0
58.224 14 FBW_STATUS 2 0 1 12.5 0.448164
58.224 14 GPS 3 36007899 481369943 2695 209936 1320 -1 0 17744960 31 0
58.329 14 GPS_SOL 559 559 559 7
58.424 14 WP_MOVED 5 360421. 4813583.5 260. 31
58.456 14 NAVIGATION 15 1 -205.75 104. 358481.84375 230.540802 48 28 28 0 0 0
58.473 14 GPS 3 36007529 481369940 2696 209921 1319 0 0 17745240 31 0
58.474 14 SVINFO 4 11 1 4 38 82 240
58.523 14 ESTIMATOR 209.837967 0.
58.624 14 ATTITUDE 0.0023 4.665054 -0.015421
58.628 14 WIND_INFO 14 5 -0.6 0.5 0. 13.6
58.706 14 NAVIGATION 15 1 -209.46875 104. 358478.125 233.865677 48 28 28 0 0 0
58.724 14 GPS 3 36007213 481369938 2696 209906 1317 -2 0 17745480 31 0
58.724 14 SVINFO 5 12 1 5 37 44 290
58.827 14 DATALINK_REPORT 0 10 1760 546 0 0
58.923 14 DL_VALUE 47 7500.
58.924 14 WP_MOVED 6 360164.8125 4813664.5 260. 31
58.957 14 NAVIGATION 15 1 -212.625 104. 358474.96875 236.696838 48 28 28 0 0 0
58.974 14 GPS 3 36006897 481369936 2696 209890 1316 11 0 17745720 31 0
58.975 14 SVINFO 6 13 0 6 36 6 341
59.024 14 NAVIGATION 15 1 -215.78125 103.5 358474.96875 236.696838 48 28 28 0 0 0
59.024 14 ESTIMATOR 209.860611 0.11
59.125 14 ENERGY 31 12.5 0.420471 5.255884 0.053492 0.66862
59.125 14 DESIRED 0.000872 -0.014544 0. -358684. -1500. 200. -0.295664 13.
59.125 14 AIRSPEED 13.6 0. 0. 0.
59.126 14 ATTITUDE 0.0023 4.665725 -0.015421
59.206 14 NAVIGATION 15 1 -215.78125 103.5 358471.8125 239.319443 49 29 29 0 0 0
59.223 14 GPS 3 36006582 481369934 2696 209872 1314 5 0 17745960 31 0
59.224 14 SVINFO 0 7 0 0 42 1 41
59.331 14 NAVIGATION_REF 360284 4813595 31 185.
59.332 14 IR_SENSORS 0 0 19 -16 264
59.407 14 FBW_STATUS 2 0 1 12.5 0.411498
59.424 14 WP_MOVED 7 360558.40625 4813804.5 260. 31
59.457 14 NAVIGATION 15 1 -218.90625 103.5 358468.6875 242.140854 49 29 29 0 0 0
59.473 14 GPS 3 36006214 481369931 2696 209848 1310 -11 0 17746240 31 0
59.474 14 SVINFO 1 8 0 1 41 12 91
59.523 14 CALIBRATION -69.894363 0
59.523 14 ESTIMATOR 209.884018 -0.11
59.624 14 ATTITUDE -0.001473 4.665631 -0.015421
59.706 14 NAVIGATION 15 1 -222.59375 103.5 358465. 245.479584 49 29 29 0 0 0
59.726 14 GPS 3 36005900 481369929 2696 209824 1308 -14 0 17746480 31 0
59.727 14 SVINFO 2 9 1 2 40 53 141
59.923 14 WP_MOVED 8 1600. 4812095. 200. 31
59.956 14 NAVIGATION 15 1 -225.75 103.5 358461.84375 248.345154 49 29 29 0 0 0
59.974 14 GPS 3 36005587 481369927 2696 209798 1306 -20 0 17746720 31 0
59.975 14 SVINFO 3 10 1 3 39 86 191
60.024 14 NAVIGATION 15 1 -228.875 103.5 358461.84375 248.345154 49 29 29 0 0 0
60.025 14 ESTIMATOR 209.809265 -0.2
60.124 14 AIRSPEED 13.6 0. 0. 0.
60.124 14 ATTITUDE 0.0023 4.665217 -0.015421
60.174 14 DESIRED 0.000883 -0.014533 0. -358684. -1500. 200. -0.295445 13.
60.206 14 NAVIGATION 15 1 -228.875 103.5 358458.71875 251.189209 50 30 30 0 0 0
60.224 14 FBW_STATUS 2 0 1 12.5 0.403081
60.224 14 ENERGY 30 12.5 0.403252 5.04065 0.054242 0.677996
60.225 14 GPS 3 36005274 481369925 2696 209769 1304 -12 0 17746960 31 0
60.332 14 GPS_SOL 543 543 543 7
60.423 14 DL_VALUE 48 1500.
60.423 14 WP_MOVED 9 360312.8125 4813652. 185. 31
60.457 14 NAVIGATION 15 1 -232.03125 103.5 358455.5625 254.06839 50 30 30 0 0 0
60.474 14 GPS 3 36004909 481369923 2696 209733 1302 -14 0 17747240 31 0
60.523 14 IR_SENSORS 0 0 19 -16 264
60.524 14 ESTIMATOR 209.732086 -0.14
60.627 14 ATTITUDE 0.0023 4.66526 -0.015421
60.707 14 NAVIGATION 15 1 -235.65625 103.5 358451.9375 257.383209 50 30 30 0 0 0
60.723 14 GPS 3 36004597 481369921 2696 209699 1300 -19 0 17747480 31 0
60.923 14 WP_MOVED 10 360452.8125 4813581. 260. 31
60.957 14 NAVIGATION 15 1 -238.78125 103.5 358448.8125 260.247437 50 30 30 0 0 0
60.974 14 GPS 3 36004285 481369919 2696 209664 1299 -17 0 17747720 31 0
60.975 14 SVINFO 0 7 0 0 41 0 42
61.023 14 NAVIGATION 15 1 -241.90625 103.5 358448.8125 260.247437 50 30 30 0 0 0
61.023 14 ESTIMATOR 209.653656 -0.17
61.124 14 AIRSPEED 13.6 0. 0. 0.
61.125 14 ATTITUDE 0.0023 4.665281 -0.011653
61.207 14 NAVIGATION 15 1 -241.90625 103.5 358445.6875 263.117615 51 31 31 0 0 0
61.224 14 DESIRED 0.000893 -0.014241 0. -358684. -1500. 200. -0.28961 13.
61.224 14 GPS 3 36003974 481369917 2696 209626 1297 -13 0 17747960 31 0
61.224 14 SVINFO 1 8 1 1 40 14 92
61.342 14 ENERGY 29 12.5 0.39027 4.87837 0.054969 0.687075
61.407 14 FBW_STATUS 2 0 1 12.5 0.388909
61.424 14 WP_MOVED 11 360169.5 4813757.5 260. 31
61.457 14 NAVIGATION 15 1 -245. 103.5 358442.59375 265.964752 51 31 31 0 0 0
61.474 14 GPS 3 36003611 481369914 2696 209580 1295 -30 0 17748240 31 0
61.475 14 SVINFO 2 9 1 2 39 56 142
61.523 14 ESTIMATOR 209.581833 -0.3
61.624 14 CALIBRATION -53.702412 0
61.625 14 ATTITUDE 0.0023 4.66484 -0.015421
61.707 14 NAVIGATION 15 1 -248.625 103.5 358438.96875 269.307709 51 31 31 0 0 0
61.725 14 IR_SENSORS 0 0 19 -16 264
61.725 14 GPS 3 36003300 481369912 2696 209539 1294 -37 0 17748480 31 0
61.726 14 SVINFO 3 10 1 3 38 87 192
61.924 14 DL_VALUE 49 1.
61.924 14 WP_MOVED 12 360287.59375 4813581. 260. 31
61.957 14 NAVIGATION 15 1 -251.75 103.5 358435.84375 272.195343 51 31 31 0 0 0
61.972 14 GPS 3 36002989 481369910 2696 209495 1294 -40 0 17748720 31 0
61.973 14 SVINFO 4 11 1 4 37 79 242
62.024 14 NAVIGATION 15 1 -254.875 103.5 358435.84375 272.195343 51 31 31 0 0 0
62.025 14 ESTIMATOR 209.441208 -0.4
62.124 14 AIRSPEED 13.6 0. 0. 0.
62.124 14 ATTITUDE 0.0023 4.664842 -0.011653
62.207 14 NAVIGATION 15 1 -254.875 103.5 358432.71875 275.088196 52 32 32 0 0 0
62.223 14 FBW_STATUS 2 0 1 12.5 0.397091
62.223 14 GPS 3 36002679 481369908 2696 209451 1294 -40 0 17748960 31 0
62.223 14 SVINFO 5 12 0 5 36 38 292
62.273 14 DESIRED 0.000899 -0.013922 0. -358684. -1500. 200. -0.283236 13.
62.306 14 COMMANDS 2863,-10,17,0
62.335 14 GPS_SOL 528 528 528 7
62.423 14 ENERGY 29 12.5 0.399485 4.993559 0.05569 0.696091
62.424 14 WP_MOVED 13 360311.5 4813547. 260. 31
62.457 14 NAVIGATION 15 1 -257.9375 103.5 358429.65625 277.92804 52 32 32 0 0 0
62.473 14 GPS 3 36002316 481369905 2696 209399 1294 -53 0 17749240 31 0
62.474 14 SVINFO 6 13 1 6 35 3 343
62.524 14 COMMANDS 2893,-10,-25,0
62.524 14 ESTIMATOR 209.302734 -0.53
62.624 14 STATE_FILTER_STATUS 2 3 299
62.625 14 ATTITUDE 0.0023 4.664973 -0.015421
62.706 14 NAVIGATION 15 1 -261.59375 103.5 358426. 281.324615 52 32 32 0 0 0
62.724 14 GPS 3 36002005 481369903 2696 209354 1295 -36 0 17749480 31 0
62.836 14 PPRZ_MODE 2 3 2 0 0 6
62.923 14 ALIVE 179,209,69,119,115,11,176,21,181,244,80,210,55,176,198,136
62.923 14 IR_SENSORS 0 0 20 -16 264
62.923 14 WP_MOVED 14 360300.6875 4813575.5 260. 31
62.956 14 NAVIGATION 15 1 -264.71875 103.5 358422.875 284.232758 52 32 32 0 0 0
62.975 14 GPS 3 36001694 481369901 2696 209309 1296 -40 0 17749720 31 0
63.022 14 NAVIGATION 15 1 -267.78125 103.5 358422.875 284.232758 52 32 32 0 0 0
63.023 14 ESTIMATOR 209.174118 -0.4
63.124 14 AIRSPEED 13.6 0. 0. 0.
63.124 14 ATTITUDE -0.001473 4.664797 -0.015421
63.206 14 NAVIGATION 15 1 -267.78125 103.5 358419.8125 287.087189 53 33 33 0 0 0
63.224 14 GPS 3 36001383 481369899 2695 209266 1297 -56 0 17749960 31 0
63.346 14 DESIRED 0.000896 -0.013608 0. -358684. -1500. 200. -0.275224 13.
63.406 14 FBW_STATUS 2 0 1 12.5 0.418915
63.423 14 DL_VALUE 50 0.3
63.423 14 WP_MOVED 15 360297.6875 4813554.5 260. 31
63.457 14 NAVIGATION 15 1 -270.90625 103.5 358416.6875 290.004211 53 33 33 0 0 0
63.473 14 GPS 3 36001020 481369896 2695 209217 1298 -44 0 17750240 31 0
63.474 14 SVINFO 3 10 1 3 37 88 193
63.524 14 ENERGY 31 12.5 0.419952 5.249399 0.056442 0.705485
63.525 14 ESTIMATOR 209.043442 -0.44
63.624 14 ATTITUDE -0.001473 4.664257 -0.011653
63.706 14 NAVIGATION 15 1 -274.5625 103.5 358413.03125 293.422577 53 33 33 0 0 0
63.723 14 CALIBRATION -72.32959 0
63.723 14 GPS 3 36000707 481369894 2695 209177 1300 -34 0 17750480 31 0
63.724 14 SVINFO 4 11 0 4 36 77 243
63.923 14 DATALINK_REPORT 5 10 1889 539 0 0
63.924 14 WP_MOVED 16 361184. 4813643. 260. 31
63.958 14 NAVIGATION 15 1 -277.65625 103.5 358409.9375 296.319489 53 33 33 0 0 0
63.976 14 GPS 3 36000395 481369892 2695 209138 1301 -30 0 17750720 31 0
63.977 14 SVINFO 5 12 0 5 35 35 293
64.022 14 NAVIGATION 15 1 -280.78125 103.5 358409.9375 296.319489 53 33 33 0 0 0
64.022 14 ESTIMATOR 208.96936 -0.3
64.124 14 IR_SENSORS 0 0 19 -17 264
64.124 14 AIRSPEED 13.6 0. 0. 0.
64.124 14 ATTITUDE -0.001473 4.663877 -0.015421
64.206 14 NAVIGATION 15 1 -280.78125 103.5 358406.8125 299.249664 54 34 34 0 0 0
64.223 14 FBW_STATUS 2 0 1 12.5 0.424279
64.224 14 GPS 3 36000082 481369889 2695 209102 1303 -16 0 17750960 31 0
64.224 14 SVINFO 6 13 1 6 34 2 344
64.341 14 GPS_SOL 512 512 512 7
64.373 14 DESIRED 0.001706 -0.013301 0. -358684. -1500. 200. -0.269081 13.
64.423 14 WP_MOVED 17 361184. 4813643. 260. 31
64.456 14 NAVIGATION 15 1 -283.9375 103.5 358403.65625 302.213074 54 34 34 0 0 0
64.473 14 GPS 3 35999717 481369886 2695 209062 1304 -15 0 17751240 31 0
64.474 14 SVINFO 0 7 0 0 40 0 44
64.524 14 ESTIMATOR 208.947372 -0.15
64.624 14 ENERGY 31 12.5 0.418915 5.236435 0.057216 0.715161
64.625 14 ATTITUDE -0.001473 4.663225 -0.011653
64.706 14 NAVIGATION 15 1 -287.59375 103.5 358400. 305.650818 54 34 34 0 0 0
64.723 14 GPS 3 35999404 481369883 2694 209029 1304 -11 0 17751480 31 0
64.724 14 SVINFO 1 8 1 1 39 19 94
64.923 14 AUTOPILOT_VERSION 51500 v5.15_devel-179-g9a29798-dirty
64.923 14 DL_VALUE 51 1.
64.924 14 WP_MOVED 18 360289. 4813605. 220. 31
64.956 14 NAVIGATION 15 1 -290.71875 103.5 358396.875 308.592987 54 34 34 0 0 0
64.974 14 GPS 3 35999091 481369880 2694 208997 1304 -5 0 17751720 31 0
64.975 14 SVINFO 2 9 1 2 38 62 144
65.024 14 NAVIGATION 15 1 -293.84375 103.5 358396.875 308.592987 54 34 34 0 0 0
65.027 14 ESTIMATOR 208.93457 -0.05
65.124 14 AIRSPEED 13.6 0. 0. 0.
65.124 14 ATTITUDE 0.0023 4.662808 -0.015421
65.207 14 NAVIGATION 15 1 -293.84375 103.5 358393.75 311.538757 55 35 35 0 0 0
65.224 14 GPS 3 35998778 481369877 2694 208965 1303 -6 0 17751960 31 0
65.353 14 IR_SENSORS 0 0 19 -16 264
65.406 14 FBW_STATUS 2 0 1 12.5 0.404967
65.423 14 DESIRED 0.002113 -0.013162 0. -358684. -1500. 200. -0.268037 13.
65.423 14 WP_MOVED 19 360289. 4813610. 500. 31
65.456 14 NAVIGATION 15 1 -297. 103.5 358390.59375 314.517487 55 35 35 0 0 0
65.473 14 GPS 3 35998414 481369874 2694 208926 1302 -10 0 17752240 31 0
65.523 14 ESTIMATOR 208.920135 -0.1
65.624 14 ATTITUDE 0.0023 4.662313 -0.011653
65.707 14 NAVIGATION 15 1 -300.59375 103.5 358387. 317.913269 55 35 35 0 0 0
65.724 14 ENERGY 29 12.5 0.400854 5.010674 0.057966 0.724546
65.724 14 GPS 3 35998101 481369871 2694 208893 1301 -9 0 17752480 31 0
65.848 14 CALIBRATION -57.550919 0
65.923 14 WP_MOVED 20 360289. 4813620. 300. 31
65.956 14 NAVIGATION 15 1 -303.75 103. 358383.84375 320.738312 55 35 35 0 0 0
65.974 14 GPS 3 35997789 481369868 2694 208858 1300 -12 0 17752720 31 0
66.024 14 NAVIGATION 15 1 -306.875 103. 358383.84375 320.738312 55 35 35 0 0 0
66.025 14 ESTIMATOR 208.868469 -0.12
66.124 14 AIRSPEED 13.6 0. 0. 0.
66.124 14 ATTITUDE 0.0023 4.662329 -0.015421
66.207 14 NAVIGATION 15 1 -306.875 103. 358380.71875 323.699341 56 36 36 0 0 0
66.223 14 FBW_STATUS 2 0 1 12.5 0.394018
66.224 14 GPS 3 35997477 481369865 2694 208821 1298 -11 0 17752960 31 0
66.224 14 SVINFO 0 7 0 0 39 0 45
66.346 14 GPS_SOL 496 496 496 7
66.422 14 DL_VALUE 52 0.1
66.422 14 WP_MOVED 21 360289. 4813625. 400. 31
66.456 14 NAVIGATION 15 1 -310. 103. 358377.59375 326.663422 56 36 36 0 0 0
66.474 14 DESIRED 0.002115 -0.013011 0. -358684. -1500. 200. -0.26502 13.
66.475 14 GPS 3 35997114 481369862 2695 208777 1297 -17 0 17753240 31 0
66.475 14 SVINFO 1 8 1 1 38 21 95
66.524 14 IR_SENSORS 0 0 20 -16 264
66.524 14 ESTIMATOR 208.798904 -0.17
66.624 14 ATTITUDE 0.0023 4.663123 -0.011653
66.706 14 NAVIGATION 15 1 -313.625 103. 358373.96875 330.105499 56 36 36 0 0 0
66.723 14 GPS 3 35996803 481369860 2695 208736 1295 -29 0 17753480 31 0
66.724 14 SVINFO 2 9 1 2 37 65 145
66.857 14 ENERGY 29 12.5 0.391632 4.8954 0.058689 0.733575
66.923 14 WP_MOVED 22 360289. 4813645. 250. 31
66.956 14 NAVIGATION 15 1 -316.71875 103. 358370.875 333.046204 56 36 36 0 0 0
66.976 14 GPS 3 35996492 481369857 2695 208695 1294 -40 0 17753720 31 0
66.977 14 SVINFO 3 10 1 3 36 89 195
67.023 14 NAVIGATION 15 1 -319.84375 103. 358370.875 333.046204 56 36 36 0 0 0
67.024 14 ESTIMATOR 208.682861 -0.4
67.123 14 AIRSPEED 13.6 0. 0. 0.
67.124 14 ATTITUDE 0.0023 4.663245 -0.015421
67.207 14 NAVIGATION 15 1 -319.84375 103. 358367.75 336.019379 57 37 37 0 0 0
67.223 14 GPS 3 35996182 481369855 2695 208652 1294 -39 0 17753960 31 0
67.224 14 SVINFO 4 11 1 4 35 72 245
67.307 14 COMMANDS 2861,23,30,0
67.406 14 FBW_STATUS 2 0 1 12.5 0.399143
67.423 14 WP_MOVED 0 360326. 4813637. 260. 31
67.456 14 NAVIGATION 15 1 -322.90625 103. 358364.6875 338.93576 57 37 37 0 0 0
67.473 14 GPS 3 35995819 481369851 2695 208600 1294 -44 0 17754240 31 0
67.474 14 SVINFO 5 12 1 5 34 29 295
67.524 14 COMMANDS 2883,-4,33,0
67.524 14 DESIRED 0.00171 -0.012661 0. -358684. -1500. 200. -0.258019 13.
67.525 14 ESTIMATOR 208.528015 -0.44
67.624 14 STATE_FILTER_STATUS 2 3 300
67.624 14 ATTITUDE 0.0023 4.662935 -0.011653
67.706 14 NAVIGATION 15 1 -326.5625 103. 358361.03125 342.420898 57 37 37 0 0 0
67.723 14 IR_SENSORS 0 0 20 -16 264
67.724 14 GPS 3 35995509 481369849 2695 208555 1294 -50 0 17754480 31 0
67.724 14 SVINFO 6 13 1 6 33 0 346
67.847 14 PPRZ_MODE 2 3 2 0 0 6
67.924 14 ALIVE 179,209,69,119,115,11,176,21,181,244,80,210,55,176,198,136
67.924 14 CALIBRATION -60.802063 0
67.924 14 DL_VALUE 53 -0.062832
67.924 14 ENERGY 30 12.5 0.410293 5.128664 0.059421 0.742728
67.924 14 WP_MOVED 1 360284. 4813595. 260. 31
67.956 14 NAVIGATION 15 1 -329.65625 103. 358357.9375 345.37262 57 37 37 0 0 0
67.973 14 GPS 3 35995198 481369846 2695 208511 1295 -55 0 17754720 31 0
68.024 14 NAVIGATION 15 1 -332.75 103. 358357.9375 345.37262 57 37 37 0 0 0
68.024 14 ESTIMATOR 208.375183 -0.55
68.123 14 AIRSPEED 13.6 0. 0. 0.
68.124 14 ATTITUDE 0.0023 4.663163 -0.011653
68.206 14 NAVIGATION 15 1 -332.75 103. 358354.84375 348.326813 58 38 38 0 0 0
68.224 14 FBW_STATUS 2 0 1 12.5 0.419433
68.224 14 GPS 3 35994886 481369844 2695 208468 1297 -51 0 17754960 31 0
68.353 14 NAVIGATION_REF 360284 4813595 31 185.
68.355 14 GPS_SOL 480 480 480 7
68.423 14 WP_MOVED 2 360333.5 4813695. 260. 31
68.456 14 NAVIGATION 15 1 -335.875 103. 358351.71875 351.313263 58 38 38 0 0 0
68.474 14 GPS 3 35994522 481369841 2695 208420 1299 -54 0 17755240 31 0
68.475 14 SVINFO 2 9 1 2 36 68 146
68.524 14 ESTIMATOR 208.23378 -0.54
68.574 14 DESIRED 0.001708 -0.012206 0. -358684. -1500. 200. -0.248906 13.
68.624 14 ATTITUDE 0.0023 4.664133 -0.011653
68.629 14 WIND_INFO 14 5 -0.6 0.5 0. 13.6
68.706 14 NAVIGATION 15 1 -339.5625 103. 358348.03125 354.840363 58 38 38 0 0 0
68.724 14 GPS 3 35994210 481369839 2695 208381 1301 -55 0 17755480 31 0
68.725 14 SVINFO 3 10 0 3 35 89 196
68.923 14 IR_SENSORS 0 0 20 -16 264
68.924 14 WP_MOVED 3 360294.09375 4813785. 260. 31
68.956 14 NAVIGATION 15 1 -342.65625 102.5 358344.90625 357.658447 58 38 38 0 0 0
68.973 14 GPS 3 35993897 481369836 2696 208345 1303 -30 0 17755720 31 0
68.974 14 SVINFO 4 11 1 4 34 69 246
69.023 14 DATALINK_REPORT 0 11 2022 561 0 0
69.025 14 ENERGY 32 12.5 0.437145 5.464315 0.060202 0.752485
69.025 14 NAVIGATION 15 1 -345.78125 102.5 358344.90625 357.658447 58 38 38 0 0 0
69.026 14 ESTIMATOR 208.113785 -0.3
69.123 14 AIRSPEED 13.6 0. 0. 0.
69.124 14 ATTITUDE 0.0023 4.66511 -0.011653
69.206 14 NAVIGATION 15 1 -345.78125 102.5 358341.8125 360.653473 59 39 39 0 0 0
69.223 14 GPS 3 35993584 481369835 2696 208311 1306 -31 0 17755960 31 0
69.408 14 FBW_STATUS 2 0 1 12.5 0.439938
69.423 14 DL_VALUE 54 0.087266
69.424 14 WP_MOVED 4 360416.3125 4813734. 260. 31
69.457 14 NAVIGATION 15 1 -348.90625 102.5 358338.65625 363.650665 59 39 39 0 0 0
69.474 14 GPS 3 35993217 481369832 2696 208275 1308 -18 0 17756240 31 0
69.523 14 ESTIMATOR 208.093872 -0.18
69.623 14 DESIRED 0.000886 -0.011924 0. -358684. -1500. 200. -0.243262 13.
69.624 14 ATTITUDE 0.0023 4.666203 -0.011653
69.707 14 NAVIGATION 15 1 -352.59375 102.5 358335. 367.190125 59 39 39 0 0 0
69.724 14 GPS 3 35992903 481369831 2696 208248 1309 -24 0 17756480 31 0
69.725 14 SVINFO 0 7 0 0 38 0 47
69.923 14 WP_MOVED 5 360421. 4813583.5 260. 31
69.957 14 NAVIGATION 15 1 -355.71875 102.5 358331.84375 370.191956 59 39 39 0 0 0
69.973 14 GPS 3 35992589 481369829 2696 208222 1310 -36 0 17756720 31 0
69.974 14 SVINFO 1 8 1 1 37 27 97
70.025 14 CALIBRATION -79.740173 0
70.025 14 NAVIGATION 15 1 -358.875 102.5 358331.84375 370.191956 59 39 39 0 0 0
70.026 14 ESTIMATOR 208.086792 -0.36
70.124 14 IR_SENSORS 0 0 20 -16 264
70.125 14 ENERGY 32 12.5 0.440986 5.512327 0.061006 0.762538
70.126 14 AIRSPEED 13.6 0. 0. 0.
70.127 14 ATTITUDE 0.0023 4.66659 -0.011653
70.207 14 NAVIGATION 15 1 -358.875 102.5 358328.6875 373.22583 60 40 40 0 0 0
70.225 14 FBW_STATUS 2 0 1 12.5 0.44221
70.225 14 GPS 3 35992274 481369827 2696 208198 1311 -30 0 17756960 31 0
70.324 14 GPS_SOL 464 464 464 7
70.423 14 WP_MOVED 6 360164.8125 4813664.5 260. 31
70.456 14 NAVIGATION 15 1 -362.03125 102.5 358325.53125 376.261719 60 40 40 0 0 0
70.473 14 GPS 3 35991907 481369825 2696 208171 1312 -43 0 17757240 31 0
70.524 14 ESTIMATOR 208.024246 -0.43
70.624 14 ATTITUDE 0.0023 4.666287 -0.011653
70.674 14 DESIRED 0.000469 -0.011833 0. -358684. -1500. 200. -0.241455 13.
70.706 14 NAVIGATION 15 1 -365.65625 102.5 358321.9375 379.750916 60 40 40 0 0 0
70.724 14 GPS 3 35991592 481369823 2696 208150 1312 -23 0 17757480 31 0
70.923 14 DL_VALUE 55 1.
70.923 14 WP_MOVED 7 360558.40625 4813804.5 260. 31
70.957 14 NAVIGATION 15 1 -368.84375 102.5 358318.71875 382.821075 60 40 40 0 0 0
70.973 14 GPS 3 35991276 481369821 2696 208130 1313 -32 0 17757720 31 0
70.975 14 SVINFO 5 12 1 5 33 23 297
71.024 14 NAVIGATION 15 1 -372. 102.5 358318.71875 382.821075 60 40 40 0 0 0
71.025 14 ESTIMATOR 207.973358 -0.32
71.124 14 AIRSPEED 13.6 0. 0. 0.
71.124 14 ATTITUDE 0.0023 4.666125 -0.011653
71.206 14 NAVIGATION 15 1 -372. 102.5 358315.59375 385.863007 61 41 41 0 0 0
71.224 14 ENERGY 32 12.5 0.449743 5.621787 0.061823 0.772753
71.225 14 GPS 3 35990961 481369819 2696 208110 1314 -30 0 17757960 31 0
71.226 14 SVINFO 6 13 1 6 32 0 348
71.322 14 IR_SENSORS 0 0 20 -16 264
71.406 14 FBW_STATUS 2 0 1 12.5 0.450621
71.424 14 WP_MOVED 8 1600. 4812095. 200. 31
71.458 14 NAVIGATION 15 1 -375.15625 102.5 358312.4375 388.906769 61 41 41 0 0 0
71.474 14 GPS 3 35990593 481369817 2696 208089 1315 -5 0 17758240 31 0
71.475 14 SVINFO 0 7 0 0 37 1 48
71.537 14 ESTIMATOR 207.92926 -0.05
71.623 14 ATTITUDE -0.001473 4.666015 -0.011653
71.706 14 NAVIGATION 15 1 -378.84375 102.5 358308.71875 392.465088 61 41 41 0 0 0
71.724 14 DESIRED 0.000875 -0.011654 0. -358684. -1500. 200. -0.237878 13.
71.725 14 GPS 3 35990277 481369815 2696 208072 1315 -14 0 17758480 31 0
71.725 14 SVINFO 1 8 1 1 36 30 98
71.925 14 WP_MOVED 9 360312.8125 4813652. 185. 31
71.955 14 NAVIGATION 15 1 -382. 102.5 358305.5625 395.512634 61 41 41 0 0 0
71.974 14 GPS 3 35989961 481369813 2696 208055 1315 -7 0 17758720 31 0
71.975 14 SVINFO 2 9 0 2 35 73 148
72.024 14 NAVIGATION 15 1 -385.15625 102.5 358305.5625 395.512634 61 41 41 0 0 0
72.024 14 ESTIMATOR 207.955917 -0.07
72.124 14 CALIBRATION -80.609863 0
72.124 14 AIRSPEED 13.6 0. 0. 0.
72.124 14 ATTITUDE -0.001473 4.66566 -0.015421
72.207 14 NAVIGATION 15 1 -385.15625 102.5 358302.40625 398.56192 62 42 42 0 0 0
72.228 14 FBW_STATUS 2 0 1 12.5 0.438017
72.229 14 GPS 3 35989645 481369811 2696 208039 1315 -4 0 17758960 31 0
72.229 14 SVINFO 3 10 1 3 34 89 198
72.306 14 COMMANDS 3078,17,-1,0
72.323 14 GPS_SOL 448 448 448 7
72.323 14 ENERGY 32 12.5 0.435925 5.449057 0.062638 0.782935
72.423 14 DL_VALUE 56 1.
72.423 14 WP_MOVED 10 360452.8125 4813581. 260. 31
72.456 14 NAVIGATION 15 1 -388.3125 102.5 358299.28125 401.612793 62 42 42 0 0 0
72.472 14 GPS 3 35989277 481369808 2695 208019 1314 -14 0 17759240 31 0
72.473 14 SVINFO 4 11 1 4 33 64 248
72.526 14 COMMANDS 3067,17,-1,0
72.527 14 IR_SENSORS 0 0 20 -17 264
72.527 14 ESTIMATOR 207.970901 -0.14
72.624 14 STATE_FILTER_STATUS 2 3 301
72.624 14 ATTITUDE -0.001473 4.665018 -0.011653
72.707 14 NAVIGATION 15 1 -392. 102.5 358295.5625 405.179291 62 42 42 0 0 0
72.724 14 GPS 3 35988962 481369806 2695 208002 1313 -19 0 17759480 31 0
72.724 14 SVINFO 5 12 1 5 32 20 298
72.772 14 DESIRED 0.001288 -0.011717 0. -358684. -1500. 200. -0.239127 13.
72.824 14 PPRZ_MODE 2 3 2 0 0 6
72.924 14 ALIVE 179,209,69,119,115,11,176,21,181,244,80,210,55,176,198,136
72.924 14 WP_MOVED 11 360169.5 4813757.5 260. 31
72.957 14 NAVIGATION 15 1 -395.15625 102.5 358292.40625 408.233643 62 42 42 0 0 0
72.973 14 GPS 3 35988647 481369803 2695 207983 1312 -49 0 17759720 31 0
73.024 14 NAVIGATION 15 1 -398.28125 102.5 358292.40625 408.233643 62 42 42 0 0 0
73.024 14 ESTIMATOR 207.925323 -0.49
